55 0.486328 0.347775 0.555469 0.69555 0.909668
42 0.785156 0.629977 0.265625 0.729508 0.878418
60 0.533203 0.497658 0.933594 0.98829 0.370117
44 0.785156 0.628806 0.267188 0.728337 0.0953369
60 0.559375 0.620755 0.870313 0.73507 0.0567627
60 0.171191 0.496487 0.338477 0.987119 0.0145035
43 0.879102 0.221751 0.241797 0.202869 0.0139542
28 0.487109 0.348068 0.558594 0.694965 0.0120544
43 0.785156 0.635831 0.267188 0.716628 0.0118256
48 0.4875 0.347775 0.554688 0.69555 0.0107346
60 0.838867 0.162178 0.319141 0.320843 0.00658798
53 0.487891 0.348946 0.553906 0.697892 0.00600433
42 0.873633 0.350776 0.252734 0.464725 0.00598145
42 0.878125 0.22219 0.24375 0.204918 0.00593567
60 0.566406 0.174766 0.865625 0.349532 0.00530243
38 0.785937 0.634514 0.265625 0.726288 0.00473785
60 0.795313 0.521663 0.407813 0.948478 0.00424957
60 0.681641 0.507611 0.633594 0.964871 0.00363541
44 0.878906 0.22186 0.242188 0.20382 0.0036068
45 0.785156 0.631148 0.26875 0.725995 0.00309944
42 0.808594 0.484704 0.214062 0.442769 0.00298119
79 0.785156 0.635831 0.267188 0.716628 0.00290108
60 0.179492 0.314988 0.355859 0.622951 0.00282288
43 0.873633 0.350776 0.252734 0.464725 0.00279045
40 0.785937 0.634514 0.265625 0.726288 0.00277901
60 0.045166 0.730094 0.084668 0.528103 0.00276756
53 0.49375 0.11695 0.35 0.231557 0.00235939
55 0.452344 0.496487 0.89375 0.981265 0.00218201
76 0.785156 0.635831 0.267188 0.716628 0.00209999
73 0.487109 0.348068 0.558594 0.694965 0.00203514
15 0.487109 0.348068 0.558594 0.694965 0.00201988
75 0.785937 0.634514 0.265625 0.726288 0.00194168
60 0.445312 0.392272 0.8875 0.784543 0.00172043
55 0.494629 0.443501 0.307617 0.45726 0.00167465
60 0.590723 0.713115 0.75918 0.543325 0.00162888
60 0.0466309 0.813817 0.0901367 0.355972 0.00162315
14 0.785937 0.634514 0.265625 0.726288 0.00148392
39 0.785937 0.634514 0.265625 0.726288 0.00141048
55 0.548828 0.364754 0.432031 0.442623 0.00138855
60 0.813867 0.62822 0.369141 0.724824 0.00137806
60 0.399219 0.56089 0.7875 0.847775 0.00128937
0 0.453125 0.491218 0.903125 0.97541 0.00120163
26 0.487109 0.348068 0.558594 0.694965 0.00118351
59 0.542188 0.497658 0.915625 0.98829 0.0011425
8 0.785937 0.6351 0.265625 0.729801 0.0011158
55 0.486328 0.348361 0.55625 0.696721 0.946289
42 0.785156 0.628806 0.265625 0.733021 0.885742
60 0.532031 0.498829 0.935938 0.989461 0.408203
44 0.785742 0.627635 0.266016 0.733021 0.0966797
60 0.557813 0.620609 0.875 0.735363 0.0577087
43 0.878906 0.221604 0.242188 0.202576 0.0176392
60 0.172949 0.495902 0.341602 0.985948 0.0173035
43 0.785156 0.635831 0.265625 0.717799 0.0151291
48 0.487402 0.348361 0.554883 0.696721 0.00905609
42 0.87832 0.221897 0.243359 0.203747 0.00717545
60 0.82832 0.163056 0.340234 0.32377 0.00638962
42 0.874023 0.349824 0.251953 0.461944 0.00619125
53 0.488281 0.349532 0.553125 0.699063 0.00551224
60 0.558594 0.175644 0.88125 0.351288 0.00518036
44 0.878906 0.221751 0.242188 0.203454 0.00498199
28 0.487109 0.348946 0.558594 0.697892 0.00482941
38 0.785937 0.6351 0.265625 0.729801 0.00446701
45 0.785156 0.630123 0.26875 0.730386 0.0041008
60 0.748438 0.585626 0.496875 0.805328 0.00365067
60 0.180078 0.317916 0.357031 0.628806 0.00359344
43 0.874023 0.349824 0.251953 0.461944 0.00323486
40 0.785937 0.6351 0.265625 0.729801 0.00321007
60 0.399902 0.556792 0.787695 0.857143 0.00296974
42 0.809375 0.482948 0.2125 0.44394 0.00294685
79 0.785156 0.635831 0.265625 0.717799 0.00282288
60 0.0451172 0.729362 0.0839844 0.529567 0.00257111
76 0.785156 0.635831 0.265625 0.717799 0.0024929
60 0.683984 0.507611 0.628906 0.966042 0.00217438
60 0.45 0.403689 0.9 0.807377 0.00199509
55 0.492969 0.444306 0.298438 0.45565 0.00198746
73 0.487109 0.348946 0.558594 0.697892 0.00192642
55 0.451562 0.494731 0.892188 0.984777 0.00186729
14 0.785937 0.6351 0.265625 0.729801 0.0018177
75 0.785937 0.6351 0.265625 0.729801 0.00171375
53 0.492188 0.117389 0.341406 0.232143 0.0016613
60 0.0466797 0.813817 0.0898438 0.357143 0.00151253
45 0.166895 0.594262 0.324023 0.78103 0.00137806
60 0.590723 0.710919 0.762305 0.550059 0.00136185
15 0.487109 0.348946 0.558594 0.697892 0.00130939
55 0.550781 0.362119 0.424219 0.438525 0.00128937
55 0.496875 0.226288 0.53125 0.44555 0.00128937
39 0.785937 0.6351 0.265625 0.729801 0.00127411
8 0.785742 0.634075 0.266016 0.73185 0.00125504
42 0.798438 0.548522 0.2375 0.556352 0.00117397
14 0.348828 0.111534 0.0703125 0.0582553 0.00105667
63 0.487109 0.348946 0.558594 0.697892 0.00105286
42 0.845313 0.404054 0.146875 0.356996 0.00102043
55 0.486719 0.348361 0.55625 0.696721 0.954102
42 0.785156 0.628659 0.265625 0.735656 0.898926
60 0.530469 0.499415 0.939063 0.989461 0.410156
44 0.785156 0.626317 0.267188 0.735656 0.0856934
60 0.551562 0.622804 0.889063 0.733314 0.0512695
43 0.78418 0.635831 0.266016 0.71897 0.0174408
43 0.878906 0.221604 0.242188 0.201991 0.0162811
60 0.172656 0.495316 0.340625 0.985948 0.0157166
48 0.487402 0.348361 0.554883 0.696721 0.00796509
42 0.87832 0.222043 0.243359 0.203454 0.00669098
60 0.800781 0.163495 0.396875 0.324649 0.00557709
42 0.874023 0.349751 0.251953 0.460919 0.00551224
44 0.878906 0.221897 0.242188 0.202576 0.00540543
53 0.487109 0.349824 0.555469 0.699649 0.00502014
60 0.25332 0.498536 0.503516 0.987705 0.0049057
60 0.555469 0.176522 0.8875 0.353044 0.00479126
45 0.785742 0.629977 0.269141 0.733021 0.00382423
60 0.181445 0.313817 0.359375 0.620609 0.00379562
60 0.721875 0.584895 0.55 0.807962 0.00379562
43 0.874023 0.349751 0.251953 0.460919 0.00329781
38 0.785742 0.63466 0.266016 0.730679 0.00323486
28 0.487109 0.348946 0.558594 0.697892 0.00305176
79 0.78418 0.635831 0.266016 0.71897 0.00286674
76 0.78418 0.635831 0.266016 0.71897 0.00268364
42 0.808594 0.482509 0.214062 0.44716 0.00263214
40 0.785742 0.63466 0.266016 0.730679 0.00256157
60 0.788867 0.521663 0.419141 0.947307 0.00253105
60 0.045166 0.730679 0.0838867 0.528103 0.00237846
14 0.785742 0.63466 0.266016 0.730679 0.00201035
60 0.40459 0.560304 0.79707 0.850117 0.00199509
55 0.492871 0.444965 0.295508 0.451991 0.00194931
73 0.487109 0.348946 0.558594 0.697892 0.0016613
75 0.785742 0.63466 0.266016 0.730679 0.00144958
60 0.0468262 0.813817 0.0899414 0.357143 0.00135612
8 0.786133 0.633489 0.268359 0.733021 0.00133514
55 0.497266 0.22541 0.532031 0.443794 0.00131512
63 0.487109 0.348946 0.558594 0.697892 0.00126457
55 0.550684 0.359485 0.425195 0.433255 0.0012598
14 0.348828 0.111388 0.0703125 0.058548 0.00122547
55 0.451562 0.496194 0.890625 0.98185 0.0012064
15 0.487109 0.348946 0.558594 0.697892 0.00119686
53 0.492578 0.117608 0.346094 0.232582 0.00116539
39 0.785742 0.63466 0.266016 0.730679 0.00113392
60 0.45 0.407787 0.9 0.815574 0.00112057
42 0.797656 0.555913 0.2375 0.573185 0.00109482
45 0.169629 0.592506 0.329492 0.784543 0.00108624
0 0.451562 0.491218 0.9 0.97541 0.00105286
55 0.486719 0.348946 0.55625 0.697892 0.960938
42 0.785156 0.628806 0.265625 0.737705 0.918945
60 0.529297 0.500585 0.941406 0.989461 0.38501
44 0.785156 0.626464 0.265625 0.737705 0.0692749
60 0.553125 0.625878 0.8875 0.728337 0.0500488
43 0.78418 0.636417 0.266016 0.72014 0.0172424
43 0.879297 0.221348 0.241406 0.201332 0.0160217
60 0.172949 0.495609 0.341211 0.985363 0.0109024
42 0.878516 0.221897 0.242969 0.202576 0.00664139
44 0.878906 0.221604 0.242188 0.201991 0.00600433
48 0.487109 0.348946 0.555469 0.697892 0.00582123
42 0.874219 0.349605 0.251563 0.460041 0.00540543
60 0.811133 0.163934 0.377734 0.325527 0.00498199
60 0.555078 0.177108 0.888281 0.354215 0.00434875
60 0.707812 0.588407 0.578125 0.802108 0.00413513
53 0.487109 0.350117 0.555469 0.700234 0.00403976
60 0.264453 0.498244 0.525781 0.98829 0.00395966
45 0.785742 0.629391 0.269141 0.735363 0.00363541
60 0.182764 0.310597 0.361816 0.61534 0.00352478
43 0.874219 0.349605 0.251563 0.460041 0.00348282
40 0.785156 0.634075 0.265625 0.73185 0.00274658
79 0.78418 0.636417 0.266016 0.72014 0.00251198
42 0.807813 0.48185 0.215625 0.447307 0.00236893
38 0.785156 0.634075 0.265625 0.73185 0.00232315
14 0.785156 0.634075 0.265625 0.73185 0.00203514
76 0.78418 0.636417 0.266016 0.72014 0.00194931
60 0.79043 0.523419 0.416016 0.944965 0.00188255
60 0.0452148 0.727166 0.0841797 0.535129 0.00181007
55 0.494531 0.446794 0.292188 0.44716 0.00176811
28 0.487109 0.348946 0.558594 0.697892 0.00172043
60 0.611621 0.412763 0.776758 0.762295 0.00162315
75 0.785156 0.634075 0.265625 0.73185 0.00161076
8 0.786133 0.632904 0.268359 0.734192 0.00150108
63 0.487109 0.348946 0.558594 0.697892 0.00143242
73 0.487109 0.348946 0.558594 0.697892 0.00135612
55 0.489453 0.225263 0.552344 0.446429 0.00135136
55 0.453516 0.498536 0.894531 0.977166 0.00134563
39 0.785156 0.634075 0.265625 0.73185 0.00128937
45 0.43125 0.500585 0.85 0.973068 0.00127411
14 0.349023 0.111168 0.0707031 0.0586944 0.00119209
0 0.451562 0.490925 0.9 0.975995 0.00113392
15 0.487109 0.348946 0.558594 0.697892 0.00110722
60 0.0468872 0.813817 0.09021 0.357143 0.00109863
55 0.551562 0.355313 0.423438 0.422863 0.00105667
55 0.48584 0.349532 0.556445 0.699063 0.961426
42 0.784375 0.624707 0.265625 0.74356 0.933594
60 0.526953 0.501756 0.946094 0.990632 0.376709
44 0.784375 0.624707 0.265625 0.74356 0.0538025
60 0.552734 0.627049 0.891406 0.725995 0.0477905
43 0.78418 0.636417 0.266016 0.72014 0.0181885
43 0.879297 0.221055 0.241406 0.200161 0.0162811
60 0.173438 0.496487 0.342187 0.987119 0.00948334
60 0.596484 0.697307 0.783594 0.577283 0.00905609
42 0.876563 0.222336 0.245312 0.1976 0.00712204
44 0.878906 0.221275 0.242188 0.200893 0.0068779
60 0.791406 0.164227 0.415625 0.324941 0.00486755
42 0.874219 0.348068 0.251563 0.454918 0.00481033
60 0.550781 0.177693 0.898438 0.355386 0.0046463
60 0.262305 0.498244 0.521484 0.987119 0.00418091
60 0.707422 0.586505 0.580469 0.805913 0.00388527
60 0.605566 0.438525 0.788867 0.811475 0.00387001
48 0.488672 0.350703 0.552344 0.701405 0.00355148
60 0.184326 0.312061 0.364941 0.618267 0.00344276
45 0.785156 0.627049 0.26875 0.741218 0.00341606
60 0.852344 0.165691 0.29375 0.318501 0.00337601
43 0.874219 0.348068 0.251563 0.454918 0.00331116
40 0.785156 0.633197 0.265625 0.733607 0.00258064
53 0.487891 0.350703 0.554688 0.701405 0.00253105
14 0.785156 0.627049 0.26875 0.741218 0.00223351
42 0.807813 0.479215 0.215625 0.449063 0.00197983
45 0.436719 0.504391 0.860938 0.966628 0.00192642
79 0.78418 0.636417 0.266016 0.72014 0.00188923
75 0.785156 0.627049 0.26875 0.741218 0.00173378
39 0.785156 0.633197 0.265625 0.733607 0.00150108
55 0.460938 0.500585 0.909375 0.973068 0.00148392
55 0.495996 0.449063 0.28457 0.443794 0.00146675
8 0.784375 0.632026 0.26875 0.735948 0.00146675
55 0.489746 0.224239 0.551758 0.443794 0.0014267
60 0.0450317 0.721311 0.0841553 0.546838 0.00142097
38 0.784375 0.632026 0.26875 0.735948 0.00139427
76 0.78418 0.636417 0.266016 0.72014 0.00130463
63 0.486719 0.348653 0.559375 0.696136 0.00126934
55 0.605566 0.438525 0.788867 0.811475 0.00121117
0 0.452344 0.491218 0.901563 0.97541 0.00115108
60 0.789844 0.522834 0.41875 0.95082 0.00110722
14 0.348828 0.110802 0.0710938 0.0594262 0.00101662
55 0.485547 0.348946 0.557031 0.697892 0.959961
42 0.784375 0.62661 0.265625 0.739754 0.94043
60 0.525 0.502927 0.95 0.989461 0.376709
44 0.784375 0.62661 0.265625 0.739754 0.0481262
60 0.551562 0.629391 0.895312 0.72014 0.0444336
43 0.784375 0.636417 0.265625 0.72014 0.0189056
43 0.879297 0.221165 0.241406 0.19877 0.0115967
60 0.182227 0.483021 0.360156 0.956674 0.00793457
44 0.878906 0.221165 0.242188 0.199356 0.00703812
42 0.876563 0.222336 0.246875 0.195843 0.00559998
60 0.796875 0.164227 0.404687 0.324356 0.0046463
42 0.873633 0.347482 0.252734 0.451991 0.00436401
60 0.547656 0.178279 0.904688 0.356557 0.00428009
45 0.439063 0.514344 0.865625 0.946721 0.00403976
48 0.488281 0.350703 0.551562 0.701405 0.00400543
60 0.183008 0.311183 0.3625 0.614169 0.00363541
45 0.784375 0.630562 0.26875 0.736534 0.00362206
60 0.705859 0.58548 0.582031 0.807962 0.00355148
60 0.603906 0.694379 0.770312 0.583138 0.00307465
55 0.486328 0.229215 0.560156 0.453747 0.00299263
43 0.873633 0.347482 0.252734 0.451991 0.00269318
53 0.487598 0.350703 0.554492 0.699063 0.0024929
40 0.78418 0.634953 0.266016 0.730094 0.00248146
14 0.784375 0.630562 0.26875 0.736534 0.0024147
55 0.466797 0.50644 0.921094 0.961358 0.0020504
42 0.807031 0.480386 0.215625 0.442037 0.00184631
55 0.591797 0.471897 0.816406 0.875878 0.00183105
75 0.784375 0.630562 0.26875 0.736534 0.00178242
55 0.510938 0.466554 0.304688 0.428718 0.00168705
60 0.397656 0.284251 0.792188 0.564403 0.00162888
39 0.78418 0.634953 0.266016 0.730094 0.00158501
79 0.784375 0.636417 0.265625 0.72014 0.00136662
8 0.783008 0.633489 0.268359 0.733021 0.00131512
60 0.0449097 0.715457 0.0836182 0.558548 0.00127411
63 0.486035 0.348361 0.55918 0.694379 0.00109005
0 0.453906 0.492389 0.904688 0.977752 0.00107288
53 0.78418 0.634953 0.266016 0.730094 0.00104046
55 0.485059 0.349532 0.556445 0.69555 0.954102
42 0.784375 0.631001 0.265625 0.730972 0.942383
60 0.523828 0.503806 0.952344 0.986534 0.347656
44 0.784375 0.631001 0.265625 0.730972 0.0428772
60 0.553125 0.632318 0.890625 0.713115 0.0393372
43 0.78418 0.637002 0.266016 0.717799 0.021286
43 0.879297 0.221311 0.241406 0.197892 0.0112457
44 0.87832 0.221019 0.243359 0.197892 0.00837708
60 0.212109 0.498536 0.421094 0.986534 0.0068779
45 0.43125 0.523126 0.85 0.927986 0.00619125
60 0.598828 0.705503 0.783594 0.559719 0.00588989
42 0.878516 0.221751 0.242969 0.198185 0.00538635
60 0.798438 0.16452 0.403125 0.323185 0.0049057
60 0.545703 0.176815 0.908594 0.352459 0.00457382
42 0.874219 0.344262 0.251563 0.444379 0.0042305
60 0.182471 0.309133 0.361621 0.608899 0.00403976
48 0.487402 0.350117 0.551758 0.700234 0.00365067
55 0.485938 0.22219 0.560938 0.437354 0.00327301
60 0.722656 0.583284 0.55 0.812354 0.00300407
60 0.389062 0.27459 0.775 0.543325 0.00296974
45 0.783594 0.63466 0.26875 0.728337 0.00292397
55 0.465234 0.510246 0.917969 0.953747 0.00264168
43 0.874219 0.344262 0.251563 0.444379 0.00246239
14 0.783594 0.63466 0.26875 0.728337 0.00232315
55 0.5875 0.473361 0.825 0.874122 0.00216484
53 0.486816 0.350995 0.554492 0.697307 0.00209999
40 0.78418 0.636417 0.266016 0.727166 0.0020752
39 0.78418 0.636417 0.266016 0.727166 0.00176811
55 0.513281 0.466335 0.309375 0.427986 0.00169373
42 0.805469 0.482143 0.217188 0.433841 0.00168133
75 0.783594 0.63466 0.26875 0.728337 0.00167465
0 0.453906 0.49356 0.904688 0.978923 0.00132465
53 0.78418 0.636417 0.266016 0.727166 0.00119209
79 0.78418 0.637002 0.266016 0.717799 0.0011692
60 0.0448242 0.712529 0.0833984 0.563232 0.00112438
8 0.782813 0.635539 0.26875 0.728923 0.00112438
63 0.485547 0.347482 0.560156 0.691452 0.00106525
55 0.486719 0.349532 0.555469 0.690866 0.946777
42 0.782617 0.634075 0.266016 0.727166 0.936523
60 0.523047 0.503513 0.953906 0.985948 0.329346
44 0.783594 0.632318 0.265625 0.725995 0.0389099
60 0.548828 0.632465 0.899219 0.711651 0.0339661
43 0.782813 0.637002 0.265625 0.716628 0.026062
44 0.878906 0.221275 0.242188 0.197965 0.00815582
43 0.878906 0.221897 0.242188 0.198478 0.00809479
45 0.426953 0.522834 0.841406 0.9274 0.00723267
60 0.214062 0.498536 0.425 0.985363 0.00612259
42 0.876367 0.222043 0.247266 0.194672 0.00446701
60 0.545313 0.177986 0.909375 0.353044 0.00431442
60 0.597266 0.711797 0.789844 0.54596 0.0042305
60 0.75625 0.16452 0.485938 0.322014 0.00405502
60 0.840625 0.162471 0.315625 0.317916 0.00385475
42 0.873438 0.34514 0.253125 0.44555 0.00366402
55 0.464453 0.510539 0.914844 0.95082 0.00365067
60 0.183398 0.308255 0.362891 0.605972 0.00356483
55 0.485547 0.218091 0.560156 0.426815 0.00332451
60 0.385156 0.272834 0.767188 0.538056 0.00300407
48 0.485547 0.346897 0.560156 0.687939 0.00234222
45 0.782813 0.635831 0.26875 0.723653 0.00219917
60 0.720703 0.578454 0.553906 0.818501 0.00211525
14 0.782813 0.635831 0.26875 0.723653 0.0020504
43 0.873438 0.34514 0.253125 0.44555 0.00193405
39 0.783594 0.637588 0.267188 0.724824 0.00178242
55 0.515234 0.46692 0.313281 0.427986 0.0017004
40 0.783594 0.637588 0.267188 0.724824 0.00160408
42 0.803906 0.483094 0.220313 0.431938 0.00143242
75 0.783594 0.637588 0.267188 0.724824 0.00139427
53 0.4875 0.351288 0.554688 0.694379 0.00134563
63 0.485547 0.346897 0.560156 0.687939 0.0011692
15 0.487402 0.351874 0.556445 0.694379 0.00116062
79 0.782813 0.637002 0.265625 0.716628 0.00112057
55 0.783594 0.637588 0.267188 0.724824 0.0011158
0 0.453125 0.493852 0.903125 0.978337 0.00101662
55 0.486328 0.349239 0.553906 0.690281 0.946289
42 0.782813 0.637149 0.265625 0.718677 0.936035
60 0.523047 0.501756 0.953906 0.987119 0.320801
60 0.542578 0.633489 0.914844 0.709602 0.0305023
44 0.782813 0.634514 0.265625 0.721604 0.0302124
43 0.783008 0.637002 0.265234 0.716628 0.0279083
45 0.430469 0.51815 0.848437 0.936768 0.00871277
44 0.878906 0.221641 0.242188 0.198405 0.00544739
55 0.466406 0.508782 0.917188 0.954333 0.0051384
60 0.218359 0.499415 0.433594 0.985948 0.00436401
43 0.878906 0.222922 0.242188 0.199356 0.00383949
60 0.595215 0.717213 0.795508 0.535129 0.00314713
60 0.83457 0.162471 0.327734 0.316745 0.00309944
60 0.544922 0.181499 0.910156 0.359485 0.0030632
60 0.674609 0.164374 0.649219 0.321136 0.00296974
60 0.183984 0.307377 0.364063 0.603044 0.00255013
55 0.485547 0.215164 0.558594 0.419789 0.00254059
42 0.878906 0.221641 0.242188 0.198405 0.00247192
60 0.383203 0.274297 0.7625 0.540398 0.00234222
42 0.872656 0.348653 0.254688 0.453747 0.00226974
15 0.487402 0.352459 0.556445 0.693208 0.00201988
39 0.782617 0.638905 0.266016 0.72219 0.00181007
48 0.487891 0.347775 0.553906 0.692037 0.00167465
14 0.783008 0.637588 0.268359 0.72014 0.0016613
55 0.519531 0.46692 0.31875 0.427986 0.00160408
45 0.782617 0.638905 0.266016 0.72219 0.00152493
60 0.710156 0.575234 0.573438 0.826112 0.00134563
55 0.782617 0.638905 0.266016 0.72219 0.00133514
79 0.783008 0.637002 0.265234 0.716628 0.00119686
0 0.445312 0.498536 0.889063 0.985363 0.00113392
42 0.801562 0.48507 0.223438 0.429157 0.0011034
43 0.872656 0.348653 0.254688 0.453747 0.00109482
63 0.485547 0.35041 0.558594 0.690281 0.00109005
53 0.487598 0.351288 0.554492 0.693208 0.00107288
75 0.782617 0.638905 0.266016 0.72219 0.00104427
55 0.486328 0.349239 0.552344 0.690281 0.947754
42 0.782813 0.637149 0.264062 0.718677 0.936523
60 0.523438 0.500585 0.953125 0.989461 0.326904
44 0.782813 0.634075 0.264062 0.722482 0.0325928
43 0.782813 0.634075 0.264062 0.722482 0.0321045
60 0.541797 0.625878 0.916406 0.716628 0.0281067
45 0.435547 0.51171 0.857031 0.948478 0.00878143
55 0.469531 0.507026 0.923438 0.957845 0.00534439
60 0.215625 0.498829 0.428125 0.984777 0.00516129
44 0.878906 0.221751 0.242188 0.199941 0.00457382
60 0.825781 0.162617 0.345313 0.317037 0.00317192
43 0.878906 0.223397 0.242188 0.201332 0.0030632
60 0.544531 0.18267 0.910937 0.361827 0.0030632
60 0.18418 0.306792 0.364453 0.601874 0.00284576
60 0.384375 0.275029 0.764844 0.542447 0.00275803
15 0.487891 0.352459 0.555469 0.693208 0.00274658
60 0.592188 0.717945 0.801562 0.533665 0.00261116
55 0.485938 0.2137 0.557813 0.416276 0.00211525
42 0.878906 0.223397 0.242188 0.201332 0.00202751
39 0.782031 0.639198 0.265625 0.721604 0.00186062
42 0.871875 0.348434 0.25625 0.455357 0.00172043
14 0.783008 0.637002 0.268359 0.72014 0.00151253
48 0.4875 0.34719 0.552344 0.692037 0.00150108
45 0.782031 0.639198 0.265625 0.721604 0.00140476
55 0.520703 0.467506 0.321875 0.427986 0.00138855
79 0.782031 0.637002 0.264062 0.716628 0.00136185
55 0.613184 0.463993 0.773633 0.90808 0.00132465
0 0.445703 0.497951 0.889844 0.985363 0.00131512
55 0.782031 0.639198 0.265625 0.721604 0.00124931
76 0.782031 0.637002 0.264062 0.716628 0.0011692
63 0.485938 0.35041 0.557813 0.690281 0.0011034
42 0.800781 0.485948 0.225 0.430913 0.00106907
60 0.697656 0.57582 0.598437 0.824941 0.00105667
55 0.485254 0.348361 0.549805 0.689696 0.952148
42 0.782813 0.638173 0.265625 0.715457 0.937012
60 0.526953 0.5 0.946094 0.98829 0.346924
43 0.782813 0.635246 0.265625 0.71897 0.0393372
44 0.782813 0.635246 0.265625 0.71897 0.0340881
60 0.541406 0.631148 0.917188 0.704918 0.0313721
60 0.200391 0.499415 0.397656 0.985948 0.0105286
60 0.182861 0.306206 0.362402 0.600703 0.00605011
45 0.425781 0.512295 0.835938 0.949649 0.0053215
60 0.369531 0.275468 0.735938 0.54274 0.00457382
60 0.822656 0.161885 0.351562 0.315574 0.00374985
44 0.878906 0.221348 0.242188 0.200746 0.00359344
15 0.487598 0.351874 0.554492 0.692037 0.00351143
55 0.461328 0.507318 0.907031 0.958431 0.00348282
0 0.452344 0.492974 0.901563 0.97541 0.00305176
60 0.590723 0.711358 0.79668 0.544496 0.00286674
60 0.628906 0.16452 0.740625 0.323185 0.00254059
55 0.485938 0.215457 0.557813 0.420375 0.00230598
43 0.878906 0.223653 0.242188 0.201991 0.0020504
53 0.489063 0.348946 0.548438 0.697892 0.0016489
39 0.782031 0.63993 0.265625 0.717799 0.0015974
48 0.487109 0.346311 0.55 0.691452 0.00158501
42 0.878906 0.221348 0.242188 0.200746 0.00151253
79 0.783008 0.638173 0.265234 0.714286 0.0014782
55 0.519434 0.468091 0.314258 0.424473 0.00146675
63 0.486719 0.348361 0.557813 0.687354 0.00138283
60 0.727344 0.587237 0.540625 0.802108 0.00138283
76 0.783008 0.638173 0.265234 0.714286 0.00134563
14 0.782031 0.63993 0.265625 0.717799 0.00133514
42 0.872266 0.349312 0.255469 0.458285 0.00133038
55 0.782031 0.63993 0.265625 0.717799 0.00114727
60 0.636328 0.451991 0.724219 0.884075 0.0011158
45 0.782813 0.638173 0.26875 0.716628 0.0011034
42 0.800781 0.48829 0.225 0.426229 0.00108147
55 0.485938 0.347775 0.55 0.688525 0.941895
42 0.782813 0.638173 0.265625 0.714286 0.931641
60 0.529297 0.5 0.941406 0.989461 0.351318
43 0.782813 0.635831 0.265625 0.716628 0.0402527
44 0.782813 0.635831 0.265625 0.716628 0.0346069
60 0.546094 0.631733 0.907813 0.701405 0.0310211
60 0.194971 0.5 0.387402 0.985948 0.0143356
60 0.181689 0.303937 0.360059 0.595872 0.00901794
60 0.354297 0.274737 0.705469 0.540691 0.00595856
15 0.487402 0.351581 0.55332 0.691452 0.0055542
0 0.451562 0.49356 0.9 0.97541 0.0046463
45 0.416406 0.51171 0.817187 0.95082 0.00415039
60 0.81543 0.161446 0.366016 0.31411 0.00391388
60 0.592188 0.707406 0.7875 0.5524 0.00300407
55 0.45625 0.50644 0.898438 0.960187 0.00256157
44 0.878906 0.221458 0.242188 0.201698 0.00233269
60 0.630469 0.166862 0.7375 0.327869 0.00219917
53 0.488672 0.348361 0.549219 0.696721 0.00191212
63 0.486816 0.349239 0.557617 0.68911 0.00188255
60 0.453125 0.398712 0.903125 0.797424 0.00173378
60 0.753906 0.59719 0.489063 0.782201 0.0016613
55 0.485938 0.215457 0.557813 0.420375 0.00157356
79 0.783008 0.638759 0.265234 0.713115 0.00154877
39 0.782031 0.63993 0.265625 0.715457 0.00148964
48 0.4875 0.346019 0.55 0.692037 0.00142097
14 0.782031 0.63993 0.265625 0.715457 0.0012598
43 0.878516 0.22541 0.242969 0.206089 0.00123978
55 0.518848 0.471238 0.312305 0.41935 0.00123501
76 0.783008 0.638759 0.265234 0.713115 0.00121593
42 0.800781 0.489754 0.225 0.423302 0.00105286
0 0.183984 0.482728 0.364063 0.953747 0.00104809
55 0.782031 0.63993 0.265625 0.715457 0.00100803
55 0.486719 0.347775 0.550781 0.688525 0.92627
42 0.782813 0.638759 0.265625 0.713115 0.92041
60 0.530078 0.499707 0.939844 0.991218 0.332031
43 0.782813 0.635978 0.265625 0.716335 0.0486755
44 0.782617 0.63832 0.269141 0.713993 0.0399475
60 0.541797 0.631148 0.916406 0.702576 0.0291443
60 0.191406 0.500293 0.380469 0.986534 0.0181885
60 0.180029 0.302108 0.357129 0.591335 0.0115509
15 0.486621 0.351288 0.55332 0.690866 0.00901794
60 0.340039 0.27298 0.676953 0.536592 0.00698471
0 0.452734 0.494145 0.902344 0.976581 0.00602722
60 0.454688 0.404859 0.90625 0.809719 0.00508118
60 0.806445 0.1613 0.383984 0.313817 0.00407028
45 0.413281 0.508197 0.810938 0.957845 0.00305176
60 0.589941 0.706089 0.785742 0.555035 0.00291252
63 0.486328 0.349532 0.557031 0.689696 0.00239754
60 0.633203 0.168911 0.732031 0.332553 0.00213242
53 0.488281 0.348068 0.549219 0.696136 0.00208282
79 0.782813 0.638759 0.265625 0.711944 0.00191879
44 0.878906 0.221311 0.242188 0.202576 0.0018177
60 0.771875 0.607582 0.453125 0.761417 0.0018177
55 0.45625 0.504684 0.896875 0.964871 0.00169373
39 0.782031 0.639491 0.265625 0.713993 0.00138855
76 0.782813 0.638759 0.265625 0.711944 0.00130463
48 0.488281 0.345726 0.55 0.691452 0.00124931
14 0.782031 0.639491 0.265625 0.713993 0.00123501
0 0.183008 0.480679 0.3625 0.948478 0.0012207
0 0.180029 0.302108 0.357129 0.591335 0.00106525
42 0.782813 0.638173 0.265625 0.711944 0.915527
55 0.488281 0.347775 0.553125 0.688525 0.901367
60 0.530469 0.499415 0.939063 0.992974 0.31665
43 0.782813 0.635831 0.265625 0.715457 0.0453491
44 0.783594 0.638173 0.26875 0.714286 0.0406799
60 0.542188 0.633489 0.914062 0.697892 0.0266113
60 0.189258 0.499707 0.376172 0.985363 0.0187988
15 0.486816 0.351288 0.554492 0.690866 0.0143356
60 0.179102 0.300937 0.355469 0.588993 0.0119171
60 0.454688 0.409251 0.90625 0.818501 0.0106964
60 0.322266 0.271224 0.642188 0.53308 0.00723267
0 0.453125 0.494145 0.903125 0.976581 0.00720596
60 0.807617 0.160714 0.381641 0.312646 0.00436401
63 0.486719 0.350703 0.557031 0.692037 0.00318527
60 0.590723 0.704918 0.779492 0.557377 0.00288963
45 0.414844 0.507026 0.814063 0.960187 0.00261116
79 0.782813 0.635831 0.265625 0.715457 0.00258064
60 0.643652 0.170228 0.711133 0.334602 0.00212479
60 0.786719 0.617681 0.423438 0.741218 0.00187492
53 0.487891 0.348068 0.550781 0.696136 0.00186729
44 0.87832 0.221458 0.243359 0.203454 0.00146675
39 0.782031 0.639344 0.265625 0.713115 0.00142097
0 0.189258 0.499707 0.376172 0.985363 0.00134563
55 0.457422 0.504098 0.900781 0.966042 0.00129414
14 0.782031 0.639344 0.265625 0.713115 0.00127411
48 0.489453 0.345433 0.552344 0.690866 0.00124931
76 0.782813 0.639344 0.265625 0.709602 0.00117874
0 0.179102 0.300937 0.355469 0.588993 0.00108624
39 0.486719 0.350703 0.557031 0.692037 0.00102806
14 0.349219 0.11168 0.0703125 0.0570843 0.00101662
42 0.782813 0.63832 0.265625 0.711651 0.920898
55 0.489453 0.34719 0.55625 0.688525 0.876465
60 0.530469 0.499707 0.939063 0.99356 0.296631
44 0.783594 0.638173 0.270313 0.713115 0.0451965
43 0.782617 0.635685 0.266016 0.714578 0.0422363
60 0.537109 0.631148 0.922656 0.702576 0.0230255
60 0.455859 0.408372 0.908594 0.816745 0.0189362
60 0.188721 0.499415 0.375684 0.984777 0.0179901
15 0.48584 0.348946 0.55332 0.690866 0.0168457
60 0.178711 0.300864 0.355078 0.587968 0.0112
60 0.306836 0.269028 0.611328 0.528103 0.00723267
0 0.454688 0.495023 0.90625 0.978337 0.00626373
60 0.800195 0.159543 0.396484 0.31089 0.00446701
79 0.782617 0.635685 0.266016 0.714578 0.00336266
63 0.486719 0.350703 0.557031 0.692037 0.00277901
60 0.589746 0.704918 0.773633 0.557377 0.00263214
53 0.487109 0.347775 0.552344 0.69555 0.00221634
45 0.416406 0.50644 0.817187 0.962529 0.00214958
60 0.641504 0.170082 0.71543 0.334895 0.00195694
60 0.796094 0.623536 0.404687 0.730679 0.00194168
44 0.878125 0.221458 0.24375 0.204625 0.0016613
39 0.782617 0.639344 0.266016 0.711944 0.00153637
48 0.490723 0.345433 0.554492 0.690866 0.00130463
14 0.349023 0.112266 0.0699219 0.0556206 0.00126457
0 0.188721 0.499415 0.375684 0.984777 0.00126457
14 0.782617 0.639344 0.266016 0.711944 0.00122547
55 0.457422 0.504098 0.902344 0.967213 0.00107288
59 0.538281 0.498244 0.923438 0.991803 0.00106525
0 0.178711 0.300864 0.355078 0.587968 0.00101662
39 0.486719 0.350703 0.557031 0.692037 0.00101662
76 0.782813 0.63993 0.265625 0.708431 0.00100803
42 0.782813 0.638759 0.265625 0.710773 0.933594
55 0.490625 0.34719 0.557813 0.687354 0.85791
60 0.530469 0.5 0.939063 0.994145 0.284668
44 0.782617 0.635831 0.266016 0.714286 0.0408325
43 0.782617 0.635831 0.266016 0.714286 0.0337219
60 0.45625 0.407201 0.909375 0.814403 0.0261993
60 0.539062 0.635831 0.91875 0.693208 0.0217743
15 0.486328 0.348946 0.553125 0.690866 0.0206451
60 0.188672 0.499415 0.375781 0.983607 0.0160217
60 0.178564 0.300059 0.355371 0.587237 0.0107346
60 0.290625 0.268589 0.578906 0.527225 0.0069046
0 0.455078 0.495023 0.907031 0.978337 0.0068779
60 0.79668 0.159104 0.403516 0.309426 0.00426483
79 0.782617 0.635831 0.266016 0.714286 0.00366402
63 0.486719 0.350117 0.557031 0.690866 0.0027256
60 0.592188 0.704918 0.76875 0.557377 0.00255013
53 0.487109 0.347482 0.552344 0.694965 0.00223351
60 0.803125 0.628806 0.392188 0.721311 0.00219917
45 0.412109 0.506733 0.810156 0.963115 0.00218201
60 0.641797 0.172424 0.714844 0.338993 0.00173378
39 0.782617 0.639344 0.266016 0.711944 0.00162888
44 0.878125 0.221311 0.24375 0.204918 0.00149536
14 0.349219 0.112705 0.0695313 0.0547424 0.00141048
48 0.491406 0.34514 0.55625 0.690281 0.00140476
14 0.782617 0.639344 0.266016 0.711944 0.00124931
59 0.539453 0.498244 0.921094 0.990632 0.00123978
0 0.188672 0.499415 0.375781 0.983607 0.00119209
55 0.453516 0.504684 0.894531 0.967213 0.00106525
39 0.486719 0.350117 0.557031 0.690866 0.00104427
42 0.782813 0.638027 0.265625 0.709895 0.942383
55 0.491406 0.34719 0.559375 0.687354 0.861328
60 0.530078 0.499415 0.939844 0.992974 0.280518
44 0.782617 0.635978 0.266016 0.713993 0.035675
60 0.458594 0.40603 0.914062 0.812061 0.0353394
43 0.782617 0.635978 0.266016 0.713993 0.0290833
60 0.546875 0.636856 0.903125 0.691159 0.0223694
15 0.486621 0.348946 0.55332 0.689696 0.0195618
60 0.188672 0.497073 0.375781 0.980094 0.0151901
60 0.179102 0.294789 0.355859 0.576698 0.0110703
0 0.455859 0.494438 0.908594 0.977166 0.00775528
60 0.28457 0.267711 0.566797 0.525468 0.00695801
60 0.795313 0.158665 0.40625 0.307963 0.00407028
79 0.782617 0.635978 0.266016 0.713993 0.00362206
60 0.596484 0.703747 0.764844 0.559719 0.00274658
63 0.486816 0.348946 0.557617 0.688525 0.00253105
60 0.805469 0.631733 0.3875 0.715457 0.00243378
45 0.408594 0.507611 0.803125 0.961358 0.00217438
53 0.487109 0.34719 0.552344 0.694379 0.00188255
39 0.782813 0.639198 0.265625 0.709895 0.0017271
14 0.349219 0.112778 0.0695313 0.054596 0.00154877
60 0.639844 0.173595 0.71875 0.341335 0.0015192
48 0.492188 0.34514 0.557031 0.690281 0.00138855
44 0.878125 0.221348 0.24375 0.204845 0.00128937
59 0.540625 0.497658 0.91875 0.989461 0.00125504
14 0.782813 0.639198 0.265625 0.709895 0.00125504
0 0.188672 0.497073 0.375781 0.980094 0.00124454
39 0.486816 0.348946 0.557617 0.688525 0.00110722
55 0.449219 0.505269 0.885938 0.964871 0.00109005
0 0.179102 0.294789 0.355859 0.576698 0.00106525
42 0.782813 0.639491 0.265625 0.709309 0.951172
55 0.491406 0.346897 0.559375 0.686768 0.868652
60 0.530078 0.499415 0.939844 0.991803 0.2854
60 0.457422 0.400468 0.911719 0.800937 0.0429688
44 0.782617 0.637002 0.266016 0.711944 0.0346069
43 0.782617 0.637002 0.266016 0.711944 0.0309143
60 0.551172 0.641101 0.894531 0.68267 0.0237732
15 0.486621 0.348653 0.55332 0.68911 0.0170441
60 0.188281 0.494145 0.375 0.974239 0.0157776
60 0.179102 0.289739 0.355859 0.566891 0.0119171
0 0.455469 0.49356 0.907813 0.976581 0.00821686
60 0.278711 0.266979 0.555078 0.524005 0.00763702
60 0.799805 0.15808 0.397266 0.307377 0.00411606
79 0.782617 0.637002 0.266016 0.711944 0.00349617
60 0.598437 0.704333 0.765625 0.558548 0.0029583
60 0.80625 0.634807 0.384375 0.709309 0.00281143
53 0.487109 0.34719 0.552344 0.694379 0.00220871
63 0.486816 0.348361 0.557617 0.687354 0.00218201
45 0.406641 0.508197 0.799219 0.960187 0.00213242
14 0.349023 0.11329 0.0691406 0.0538642 0.00168705
39 0.782813 0.639344 0.265625 0.709602 0.0016489
60 0.691016 0.169204 0.614844 0.334309 0.0014782
48 0.492188 0.34514 0.557813 0.690281 0.00139904
14 0.782813 0.639344 0.265625 0.709602 0.00134087
0 0.188281 0.494145 0.375 0.974239 0.00133038
44 0.878125 0.221458 0.24375 0.205211 0.0012846
59 0.541406 0.497365 0.917188 0.988876 0.00124931
0 0.179102 0.289739 0.355859 0.566891 0.00119686
55 0.44375 0.50644 0.875 0.9637 0.00102043
39 0.486816 0.348361 0.557617 0.687354 0.00100803
42 0.782813 0.638759 0.265625 0.706089 0.959961
55 0.491016 0.346604 0.559375 0.686183 0.88623
60 0.529688 0.499415 0.940625 0.990632 0.29248
60 0.458594 0.396955 0.914062 0.793911 0.0559387
44 0.782813 0.637588 0.267188 0.710773 0.0296478
43 0.782813 0.637588 0.267188 0.710773 0.0255585
60 0.555469 0.641686 0.885938 0.681499 0.0233307
60 0.188086 0.490925 0.374609 0.967799 0.016922
15 0.486719 0.348653 0.553125 0.68911 0.0144501
60 0.178955 0.287763 0.356152 0.562061 0.0130234
0 0.455859 0.49356 0.908594 0.976581 0.00891876
60 0.280273 0.267564 0.558203 0.525176 0.00812531
60 0.79707 0.158226 0.402734 0.307084 0.0042305
60 0.807617 0.636856 0.381641 0.705211 0.00313568
79 0.782813 0.637588 0.267188 0.710773 0.00284576
53 0.487109 0.34719 0.552344 0.694379 0.00227928
63 0.486816 0.347775 0.557617 0.686183 0.00195694
45 0.402344 0.507904 0.790625 0.960773 0.00186729
14 0.349023 0.113437 0.0691406 0.0532787 0.00186062
39 0.782617 0.639198 0.266016 0.707553 0.00163555
60 0.682715 0.169204 0.631445 0.333724 0.00155449
0 0.188086 0.490925 0.374609 0.967799 0.00148392
48 0.49209 0.34514 0.556445 0.690281 0.0014267
0 0.178955 0.287763 0.356152 0.562061 0.00138283
44 0.878125 0.221568 0.24375 0.205577 0.00130939
14 0.782617 0.639198 0.266016 0.707553 0.00129986
55 0.517578 0.477752 0.310156 0.406323 0.00107288
59 0.541406 0.49678 0.917188 0.987705 0.00105667
42 0.782813 0.639198 0.264062 0.705211 0.967773
55 0.491016 0.346604 0.559375 0.686183 0.898926
60 0.529688 0.498829 0.940625 0.990632 0.301514
60 0.454688 0.390222 0.90625 0.780445 0.0570679
44 0.782813 0.638173 0.267188 0.709602 0.0259552
60 0.55625 0.646955 0.884375 0.67096 0.0244751
43 0.782813 0.638173 0.267188 0.709602 0.0231476
60 0.187891 0.488583 0.373828 0.963115 0.0173035
60 0.178857 0.285202 0.355566 0.557231 0.0137405
15 0.486719 0.348653 0.553125 0.68911 0.0117798
0 0.455469 0.493267 0.907813 0.975995 0.00854492
60 0.27832 0.267272 0.554297 0.52459 0.008255
60 0.792969 0.15808 0.410938 0.306792 0.00436401
60 0.807813 0.639198 0.38125 0.700527 0.00341606
53 0.487109 0.346897 0.552344 0.693794 0.00239754
79 0.782813 0.638173 0.267188 0.709602 0.00237846
14 0.349219 0.11373 0.06875 0.0526932 0.00213242
63 0.486719 0.347482 0.557031 0.685597 0.0017004
39 0.782617 0.639491 0.266016 0.706967 0.00163555
45 0.398438 0.508197 0.782813 0.960187 0.00163555
60 0.676953 0.168911 0.642969 0.333138 0.00162888
0 0.187891 0.488583 0.373828 0.963115 0.00145531
0 0.178857 0.285202 0.355566 0.557231 0.0014267
14 0.782617 0.639491 0.266016 0.706967 0.00133514
48 0.492188 0.34514 0.55625 0.690281 0.00132465
44 0.878125 0.221604 0.24375 0.206089 0.00127411
55 0.517285 0.476874 0.307617 0.40808 0.00119686
42 0.782813 0.639198 0.264062 0.705211 0.967773
55 0.491016 0.346604 0.559375 0.686183 0.899902
60 0.529688 0.498829 0.940625 0.990632 0.301514
60 0.454297 0.390222 0.905469 0.780445 0.0569763
44 0.782813 0.638173 0.267188 0.709602 0.0261536
60 0.556641 0.647687 0.883594 0.669496 0.0245209
43 0.782813 0.638173 0.267188 0.709602 0.0227966
60 0.187695 0.488876 0.373828 0.9637 0.0172424
60 0.178857 0.284836 0.355566 0.556206 0.0136337
15 0.486621 0.348653 0.55332 0.68911 0.0116425
0 0.455469 0.493267 0.907813 0.975995 0.00861359
60 0.277344 0.266979 0.552344 0.524005 0.008255
60 0.792969 0.157933 0.410938 0.306499 0.00438309
60 0.807617 0.638759 0.381641 0.700234 0.00348282
79 0.782813 0.638173 0.267188 0.709602 0.0024147
53 0.487109 0.346897 0.552344 0.693794 0.00235939
14 0.349219 0.11373 0.06875 0.0529859 0.00211525
63 0.486719 0.347482 0.557031 0.685597 0.00171375
45 0.398047 0.508197 0.782031 0.960187 0.00165462
60 0.676953 0.168911 0.642969 0.333138 0.00164223
39 0.782617 0.639344 0.266016 0.70726 0.00163555
0 0.187695 0.488876 0.373828 0.9637 0.00145531
0 0.178857 0.284836 0.355566 0.556206 0.00142097
14 0.782617 0.639344 0.266016 0.70726 0.00135612
44 0.878125 0.221458 0.24375 0.205796 0.00131512
48 0.49209 0.34514 0.556445 0.690281 0.00128937
55 0.517578 0.477093 0.307813 0.40764 0.00119686
