0 0.365234 0.499679 0.25 0.652314 0.902832
38 0.530469 0.492931 0.123438 0.152956 0.875977
32 0.571875 0.512853 0.025 0.0321337 0.162354
38 0.539844 0.507069 0.10625 0.125964 0.0705566
32 0.573438 0.523136 0.0328125 0.062982 0.0161591
32 0.403125 0.255463 0.01875 0.0520566 0.0139542
35 0.402734 0.253213 0.0195312 0.0559126 0.00346947
32 0.539844 0.507069 0.10625 0.125964 0.00325966
32 0.439063 0.422879 0.0257812 0.033419 0.00209999
38 0.530859 0.544023 0.129688 0.255141 0.00154305
35 0.4 0.250964 0.0257812 0.0623393 0.00144386
32 0.56875 0.527314 0.046875 0.0829049 0.00137806
29 0.529688 0.491645 0.123438 0.151028 0.0012064
32 0.477344 0.432841 0.034375 0.0417738 0.00105667
0 0.365039 0.499357 0.249609 0.654242 0.906738
38 0.529688 0.492609 0.124219 0.153599 0.887207
32 0.571875 0.512853 0.025 0.0321337 0.133911
38 0.539844 0.506748 0.10625 0.125964 0.0809326
32 0.403125 0.255222 0.01875 0.0525386 0.0157776
32 0.573438 0.523779 0.0328125 0.062982 0.0132751
35 0.402734 0.252892 0.0195312 0.0565553 0.00407028
32 0.539844 0.506748 0.10625 0.125964 0.00277901
32 0.439453 0.422879 0.0265625 0.0327763 0.00229645
35 0.4 0.250643 0.0257812 0.0623393 0.00172043
38 0.530078 0.54338 0.130469 0.255141 0.00168705
32 0.564844 0.522494 0.0546875 0.0912596 0.00124454
29 0.528906 0.491003 0.125 0.151671 0.00118351
32 0.476562 0.432841 0.034375 0.0424165 0.00104046
38 0.485938 0.437018 0.0398437 0.0437018 0.00101185
0 0.365039 0.499277 0.249609 0.654402 0.905762
38 0.529688 0.492609 0.125 0.153599 0.888184
32 0.571875 0.512853 0.025 0.0321337 0.119995
38 0.539844 0.506748 0.10625 0.125964 0.092041
32 0.403125 0.255141 0.01875 0.0526992 0.0162201
32 0.573438 0.524422 0.0328125 0.0642674 0.011467
35 0.402734 0.252892 0.0195312 0.0559126 0.00411606
32 0.539844 0.506748 0.10625 0.125964 0.00258064
32 0.439453 0.422879 0.0265625 0.033419 0.00222588
38 0.529688 0.541452 0.13125 0.251285 0.00188255
35 0.4 0.250643 0.0257812 0.0623393 0.0018034
32 0.564063 0.523136 0.0554687 0.0899743 0.00123978
29 0.528906 0.491003 0.126563 0.152314 0.0012207
38 0.485547 0.436697 0.040625 0.0443445 0.00105286
38 0.476172 0.432519 0.0351562 0.0424165 0.00101185
0 0.365039 0.499438 0.249609 0.655366 0.905762
38 0.529688 0.492288 0.125 0.152956 0.884766
32 0.571875 0.512211 0.025 0.0321337 0.131226
38 0.539844 0.506427 0.10625 0.125964 0.0933228
32 0.403125 0.255222 0.01875 0.0525386 0.0167236
32 0.573438 0.5241 0.0328125 0.0636247 0.0117798
35 0.403125 0.252731 0.01875 0.0562339 0.00413513
32 0.539844 0.506427 0.10625 0.125964 0.00264168
32 0.439063 0.422879 0.0265625 0.0321337 0.00231361
35 0.4 0.250803 0.025 0.0613753 0.00194931
38 0.529688 0.539846 0.13125 0.249357 0.00174809
32 0.564063 0.523458 0.0554687 0.0893316 0.00162888
29 0.528906 0.491003 0.126563 0.152314 0.00138283
38 0.508594 0.458548 0.0859375 0.0822622 0.00107288
38 0.485938 0.436697 0.040625 0.0437018 0.00102806
0 0.365625 0.499438 0.250781 0.655366 0.908203
38 0.529688 0.492609 0.125 0.152314 0.879883
32 0.571875 0.512211 0.025 0.0321337 0.12085
38 0.539844 0.506748 0.10625 0.125321 0.0900879
32 0.403125 0.25482 0.01875 0.0526992 0.0151291
32 0.573438 0.524743 0.0335938 0.06491 0.0105286
35 0.403125 0.252571 0.01875 0.0565553 0.0036068
32 0.539844 0.506748 0.10625 0.125321 0.00277901
32 0.439063 0.422879 0.0265625 0.0321337 0.00219917
32 0.564063 0.523779 0.05625 0.0886889 0.00183868
35 0.4 0.250643 0.025 0.0616967 0.00174809
29 0.528906 0.491003 0.126563 0.151671 0.00156689
38 0.530078 0.538239 0.130469 0.246144 0.00144958
38 0.509766 0.456941 0.0875 0.0784062 0.00106049
0 0.365625 0.500964 0.251563 0.654884 0.90918
38 0.529688 0.492288 0.125 0.151671 0.872559
32 0.571875 0.512211 0.025 0.031491 0.132935
38 0.539844 0.506748 0.10625 0.124679 0.0715942
32 0.403125 0.254418 0.01875 0.0528599 0.0143356
32 0.573438 0.524422 0.0335938 0.0642674 0.00993347
35 0.403125 0.252571 0.01875 0.0559126 0.00388527
32 0.539844 0.506748 0.10625 0.124679 0.00322342
32 0.563672 0.523779 0.05625 0.0886889 0.00227928
32 0.439063 0.422879 0.025 0.0327763 0.00224304
29 0.529297 0.491003 0.125781 0.150386 0.00186729
35 0.4 0.250643 0.025 0.061054 0.00186062
38 0.510156 0.455656 0.0875 0.0771208 0.00103664
0 0.365625 0.500964 0.250781 0.653599 0.911621
38 0.529688 0.492288 0.125 0.151671 0.845703
32 0.571484 0.512211 0.0242188 0.0308483 0.134766
38 0.539844 0.506427 0.10625 0.124679 0.0499573
32 0.403125 0.254499 0.01875 0.0526992 0.0127716
32 0.573438 0.524422 0.0335938 0.0642674 0.00894928
32 0.539844 0.506427 0.10625 0.124679 0.00327301
35 0.403125 0.252571 0.0195312 0.0552699 0.00305176
32 0.564063 0.523779 0.05625 0.0880463 0.00261116
29 0.528906 0.490681 0.125781 0.150386 0.00189686
32 0.438672 0.422879 0.025 0.0327763 0.00186062
35 0.4 0.250643 0.025 0.0604113 0.00147247
38 0.5125 0.455656 0.0921875 0.0771208 0.00106525
0 0.366016 0.501366 0.250781 0.652796 0.911621
38 0.529297 0.491967 0.124219 0.151028 0.829102
32 0.571484 0.512211 0.0234375 0.0308483 0.147095
38 0.539844 0.506427 0.10625 0.124679 0.035675
32 0.403125 0.254579 0.01875 0.0525386 0.0104523
32 0.573438 0.523136 0.0328125 0.0616967 0.008255
32 0.565625 0.524422 0.0523438 0.0867609 0.00288963
32 0.539844 0.506427 0.10625 0.124679 0.00277901
35 0.403125 0.252571 0.0203125 0.0552699 0.00208282
29 0.528906 0.49036 0.125781 0.150386 0.00173378
32 0.438672 0.422879 0.025 0.0327763 0.00148964
38 0.513281 0.455656 0.0953125 0.0764781 0.00103664
0 0.365625 0.501607 0.25 0.652314 0.907227
38 0.528906 0.491967 0.123438 0.150386 0.822266
32 0.571484 0.512211 0.0234375 0.0308483 0.138428
38 0.539453 0.506427 0.107031 0.124679 0.0343628
32 0.403125 0.255061 0.01875 0.0515746 0.00974274
32 0.573438 0.523136 0.0328125 0.0604113 0.00769424
32 0.567187 0.525064 0.0484375 0.0861183 0.00246239
32 0.539453 0.506427 0.107031 0.124679 0.00215721
35 0.403125 0.252892 0.0203125 0.0546273 0.00158501
29 0.528906 0.490681 0.125 0.149743 0.00154877
32 0.438281 0.422879 0.025 0.033419 0.00122547
0 0.365625 0.501607 0.25 0.652314 0.905762
38 0.528906 0.491645 0.123438 0.150386 0.822266
32 0.571094 0.512211 0.0234375 0.0308483 0.132935
38 0.539453 0.506748 0.107031 0.124679 0.0290833
32 0.403125 0.25482 0.01875 0.0520566 0.0091629
32 0.573438 0.523779 0.0328125 0.0604113 0.00695801
32 0.567969 0.525064 0.046875 0.0848329 0.00216484
32 0.539453 0.506748 0.107031 0.124679 0.00194931
29 0.528906 0.49036 0.125 0.150386 0.00154305
35 0.403125 0.252892 0.0203125 0.0552699 0.00130939
32 0.438281 0.423201 0.025 0.033419 0.00115585
0 0.36582 0.501285 0.249609 0.652956 0.916016
38 0.529297 0.491645 0.122656 0.151671 0.831055
32 0.571094 0.512211 0.021875 0.0308483 0.171021
38 0.539453 0.506748 0.107031 0.124036 0.0235138
32 0.403125 0.255141 0.01875 0.0520566 0.0100937
32 0.573438 0.522494 0.0328125 0.0578406 0.00834656
32 0.539453 0.506748 0.107031 0.124036 0.00225258
32 0.569531 0.525386 0.04375 0.0848329 0.00210762
35 0.403125 0.253213 0.0195312 0.0552699 0.00186062
29 0.528906 0.490681 0.123438 0.150386 0.0018177
32 0.438281 0.422879 0.0234375 0.033419 0.00150681
38 0.332422 0.419666 0.034375 0.0816195 0.00100422
0 0.365625 0.501366 0.249219 0.654081 0.913574
38 0.529688 0.491967 0.121875 0.151671 0.822266
32 0.571094 0.512211 0.0226563 0.0308483 0.174438
38 0.539062 0.506748 0.10625 0.124036 0.0196381
32 0.403125 0.255463 0.01875 0.0520566 0.0101318
32 0.573438 0.521851 0.0320312 0.0571979 0.00861359
32 0.539062 0.506748 0.10625 0.124036 0.00231361
35 0.403125 0.253213 0.0195312 0.0559126 0.00192642
32 0.569531 0.525386 0.0429688 0.0848329 0.00176811
29 0.529297 0.491003 0.122656 0.150386 0.00164223
32 0.437891 0.422879 0.0234375 0.0347044 0.00160408
38 0.332422 0.419987 0.0339844 0.0829049 0.00119209
0 0.365625 0.500723 0.248438 0.654081 0.904785
38 0.529297 0.491967 0.121875 0.152314 0.801758
32 0.571094 0.512211 0.0226563 0.0308483 0.167725
38 0.539062 0.506748 0.107031 0.124036 0.0153046
32 0.403125 0.255463 0.01875 0.0520566 0.00926971
32 0.573438 0.521208 0.0320312 0.0559126 0.00837708
32 0.539062 0.506748 0.107031 0.124036 0.00205803
35 0.403125 0.253535 0.0195312 0.0559126 0.00178242
32 0.437891 0.422879 0.0234375 0.0347044 0.00162888
32 0.569531 0.525064 0.0429688 0.0848329 0.0014782
29 0.528906 0.491003 0.121875 0.150386 0.0014267
32 0.478125 0.432519 0.03125 0.0411311 0.00132465
38 0.332422 0.420308 0.0335938 0.0835476 0.00116539
0 0.36543 0.500723 0.248047 0.654081 0.895508
38 0.528906 0.491967 0.121875 0.152956 0.786621
32 0.571094 0.512211 0.0226563 0.0308483 0.171021
38 0.539062 0.507069 0.107813 0.123393 0.0122375
32 0.573438 0.520887 0.0320312 0.0546273 0.00867462
32 0.403125 0.255784 0.01875 0.0520566 0.00861359
32 0.539062 0.507069 0.107813 0.123393 0.0018177
32 0.569141 0.525064 0.04375 0.0848329 0.00149536
32 0.437891 0.422879 0.0234375 0.0347044 0.0014782
35 0.403125 0.253535 0.0195312 0.0565553 0.00135136
32 0.478125 0.432519 0.03125 0.0424165 0.0012598
29 0.528906 0.491003 0.121875 0.151671 0.00124931
38 0.332422 0.419987 0.0335938 0.0835476 0.00102806
0 0.364844 0.499277 0.247656 0.654402 0.892578
38 0.528906 0.491645 0.121875 0.152956 0.78125
32 0.571094 0.512211 0.0226563 0.0308483 0.201782
38 0.538672 0.506748 0.107031 0.123393 0.0139542
32 0.573047 0.520566 0.0320312 0.0539846 0.0104904
32 0.403125 0.256105 0.01875 0.0514139 0.00874329
32 0.569531 0.525064 0.0421875 0.0835476 0.00182438
32 0.538672 0.506748 0.107031 0.123393 0.0018034
32 0.438281 0.422879 0.0234375 0.0347044 0.00171375
35 0.403125 0.253695 0.0203125 0.0562339 0.00161648
32 0.478125 0.432519 0.03125 0.0424165 0.00147247
60 0.491406 1 0.934375 0 0.00137234
38 0.332422 0.420308 0.0335938 0.0848329 0.00126457
29 0.528125 0.490681 0.123438 0.152314 0.00117874
0 0.365039 0.499357 0.247266 0.654242 0.891602
38 0.528906 0.491967 0.121875 0.152956 0.792969
32 0.571094 0.512532 0.0226563 0.031491 0.216064
38 0.538281 0.506748 0.107813 0.123393 0.0193481
32 0.573047 0.520566 0.0320312 0.0539846 0.0119171
32 0.403125 0.255704 0.01875 0.0515746 0.00847626
32 0.569531 0.525386 0.0421875 0.0829049 0.00209999
32 0.538281 0.506748 0.107813 0.123393 0.00183105
32 0.438281 0.422879 0.0234375 0.0347044 0.00174141
35 0.403125 0.253856 0.0203125 0.0565553 0.00156689
32 0.478125 0.432519 0.03125 0.0424165 0.00156689
60 0.489063 1 0.923438 0 0.00138283
38 0.332422 0.420308 0.0335938 0.0848329 0.00137806
29 0.528516 0.491003 0.122656 0.151671 0.00116062
0 0.365234 0.499438 0.247656 0.654081 0.894531
38 0.528906 0.491967 0.121875 0.152314 0.813965
32 0.571094 0.512211 0.0226563 0.0308483 0.236572
38 0.538281 0.507069 0.107813 0.123393 0.0235138
32 0.573047 0.519923 0.0320312 0.0526992 0.0121918
32 0.403125 0.256105 0.01875 0.0514139 0.00841522
32 0.56875 0.525386 0.04375 0.0829049 0.00227928
32 0.538281 0.507069 0.107813 0.123393 0.00194168
32 0.438281 0.422879 0.0234375 0.0347044 0.00162315
32 0.478906 0.432519 0.03125 0.0424165 0.00143242
38 0.332422 0.420308 0.0335938 0.0848329 0.00134563
35 0.403125 0.253535 0.0203125 0.0565553 0.00127888
29 0.528906 0.491003 0.121875 0.151671 0.00116539
60 0.486328 1 0.908594 0 0.00102425
0 0.365234 0.501205 0.249219 0.654402 0.898926
38 0.529297 0.492288 0.121094 0.151671 0.82666
32 0.571094 0.512211 0.0226563 0.0308483 0.264404
38 0.538281 0.506748 0.107813 0.123393 0.0271759
32 0.573047 0.519602 0.0320312 0.0520566 0.0134277
32 0.403125 0.256507 0.01875 0.0512532 0.00847626
32 0.569141 0.525707 0.0429688 0.0822622 0.00276756
32 0.538281 0.506748 0.107813 0.123393 0.0020752
32 0.438281 0.422879 0.0234375 0.0347044 0.00165462
38 0.332422 0.42063 0.0339844 0.0848329 0.00146103
32 0.478906 0.432519 0.03125 0.0424165 0.00140476
35 0.403125 0.253856 0.0203125 0.0559126 0.00121117
29 0.528906 0.490681 0.121875 0.151028 0.00119686
0 0.365234 0.501366 0.249219 0.655366 0.904785
38 0.529297 0.492288 0.121094 0.151671 0.838867
32 0.571094 0.512211 0.0226563 0.0308483 0.287842
38 0.538281 0.506748 0.107813 0.123393 0.0309143
32 0.573047 0.51928 0.0320312 0.0514139 0.0145035
32 0.403125 0.256507 0.01875 0.0512532 0.00847626
32 0.569141 0.525707 0.0429688 0.0822622 0.00311089
32 0.538281 0.506748 0.107813 0.123393 0.00225258
32 0.437891 0.422879 0.0226563 0.0347044 0.0017004
32 0.479297 0.432519 0.03125 0.0424165 0.00158501
38 0.332422 0.420951 0.0339844 0.0848329 0.00154877
35 0.403125 0.253856 0.0203125 0.0559126 0.00128937
29 0.528906 0.491003 0.121094 0.150386 0.00120163
40 0.528125 0.492931 0.125 0.154242 0.00109005
0 0.365234 0.501607 0.249219 0.654884 0.90918
38 0.529688 0.492288 0.120313 0.151671 0.844727
32 0.570703 0.512211 0.0226563 0.0308483 0.299072
38 0.538281 0.507069 0.107813 0.123393 0.0343628
32 0.573047 0.51928 0.0320312 0.0507712 0.0147858
32 0.403125 0.256427 0.01875 0.0507712 0.00912476
32 0.56875 0.525386 0.04375 0.0822622 0.00312424
32 0.538281 0.507069 0.107813 0.123393 0.00245285
32 0.437891 0.422879 0.0226563 0.0347044 0.0018034
32 0.479688 0.432519 0.03125 0.0424165 0.00170708
38 0.332422 0.420951 0.0339844 0.0861183 0.00156116
35 0.403125 0.253856 0.0203125 0.0559126 0.00154877
29 0.528906 0.491003 0.121094 0.150386 0.0012207
40 0.528125 0.492609 0.125 0.153599 0.00107288
0 0.365234 0.501607 0.249219 0.654884 0.90918
38 0.529297 0.492288 0.121094 0.151671 0.844727
32 0.570703 0.512211 0.0226563 0.0308483 0.295898
38 0.538281 0.507069 0.107813 0.123393 0.0343628
32 0.573047 0.51928 0.0320312 0.0501285 0.0145569
32 0.403125 0.256427 0.01875 0.0507712 0.00908661
32 0.56875 0.525064 0.04375 0.0822622 0.00309944
32 0.538281 0.507069 0.107813 0.123393 0.00245285
32 0.437891 0.422879 0.0226563 0.0347044 0.00178242
32 0.479688 0.432519 0.03125 0.0424165 0.00171375
35 0.403125 0.253856 0.0203125 0.0559126 0.00160408
38 0.332422 0.420951 0.0339844 0.0861183 0.00154305
29 0.528906 0.491003 0.121094 0.150386 0.00123501
40 0.528125 0.492609 0.125 0.153599 0.00110722
