3 0.473894 0.498437 0.921239 0.945312 0.877441
3 0.202434 0.24043 0.40177 0.445703 0.146118
3 0.209071 0.1625 0.416372 0.316016 0.085083
3 0.146903 0.164062 0.292035 0.313672 0.0797729
3 0.184071 0.315625 0.364602 0.603125 0.0639648
3 0.0642146 0.0327637 0.126881 0.0655273 0.0552063
3 0.0949115 0.163477 0.189823 0.312109 0.0413208
3 0.0658186 0.158398 0.131637 0.30625 0.0386047
3 0.161173 0.485938 0.319248 0.923438 0.0290833
3 0.373009 0.314844 0.737168 0.6 0.0193481
0 0.167257 0.019043 0.0628319 0.0370117 0.0189056
3 0.269027 0.145703 0.3 0.289844 0.0179138
3 0.176576 0.143555 0.224723 0.233203 0.0176392
3 0.153208 0.228516 0.305973 0.4125 0.0167236
3 0.285177 0.111914 0.266814 0.223828 0.0161591
3 0.669469 0.336328 0.609735 0.6125 0.0153046
0 0.247566 0.022168 0.225221 0.0443359 0.0152512
24 0.299945 0.053125 0.238164 0.104688 0.0150146
3 0.530199 0.287891 0.859956 0.528125 0.00894928
3 0.100636 0.0341919 0.198285 0.0665772 0.00881195
3 0.294027 0.0524414 0.24646 0.103906 0.00831604
0 0.287168 0.053418 0.258407 0.105469 0.00703812
0 0.0654729 0.0119141 0.11286 0.0238281 0.00664139
3 0.216427 0.137793 0.329093 0.237695 0.00658798
3 0.0629425 0.0185303 0.115929 0.0370605 0.00634003
1 0.475221 0.490234 0.918584 0.944531 0.00621796
3 0.297345 0.224805 0.585841 0.424609 0.0049057
1 0.0607301 0.178516 0.120796 0.258984 0.00469971
1 0.680089 0.282813 0.592035 0.501563 0.00469971
3 0.231361 0.369141 0.441704 0.655469 0.00457382
0 0.150332 0.0191406 0.0988938 0.0378906 0.00453949
3 0.191814 0.0384888 0.383628 0.0761475 0.00436401
0 0.0735619 0.017041 0.129425 0.034082 0.00403976
24 0.321681 0.105762 0.20177 0.20957 0.00379562
3 0.504867 0.0941406 0.845133 0.187891 0.0037365
0 0.187279 0.0267578 0.374558 0.053125 0.00359344
0 0.0953816 0.0187012 0.09375 0.0374023 0.00338936
3 0.0615597 0.106348 0.123119 0.206836 0.00333786
3 0.499004 0.219141 0.791372 0.409375 0.00321007
26 0.299945 0.053125 0.238164 0.104688 0.00312424
0 0.192035 0.0376953 0.361062 0.0753906 0.003088
3 0.186062 0.320117 0.317699 0.219922 0.0030632
3 0.337832 0.116797 0.357965 0.229687 0.00298119
3 0.50708 0.131738 0.79823 0.258398 0.00291252
3 0.0588496 0.0432129 0.117699 0.0483398 0.00288963
58 0.937168 0.34707 0.125664 0.294141 0.00282288
3 0.331637 0.0520996 0.159735 0.104199 0.00277901
0 0.268363 0.0249756 0.172566 0.0486816 0.00255013
0 0.0995852 0.0328613 0.196405 0.0657227 0.00254059
3 0.125885 0.121289 0.25177 0.237891 0.00247192
74 0.649558 0.432715 0.10531 0.15957 0.00226021
2 0.0615597 0.0339844 0.122013 0.0679687 0.00224304
3 0.0527793 0.226172 0.101963 0.154688 0.00221634
3 0.252655 0.0319458 0.237611 0.062085 0.00220871
1 0.0615597 0.0339844 0.122013 0.0679687 0.0020752
1 0.424668 0.237695 0.442699 0.329297 0.0020752
2 0.518695 0.0779541 0.688274 0.153857 0.0019722
3 0.425221 0.195361 0.545133 0.381152 0.00189686
3 0.130752 0.208008 0.250442 0.331641 0.00186729
3 0.155531 0.475391 0.265044 0.247656 0.00185299
3 0.13208 0.0349365 0.264159 0.069873 0.00185299
3 0.205088 0.0209229 0.140708 0.0388184 0.0018034
0 0.205088 0.0209229 0.140708 0.0388184 0.00172043
0 0.252655 0.0319458 0.237611 0.062085 0.00172043
3 0.0566925 0.232813 0.113385 0.372656 0.00163555
3 0.315265 0.0991211 0.212832 0.19707 0.00156689
3 0.237611 0.0936523 0.337168 0.186523 0.00154877
32 0.252655 0.714453 0.0513274 0.0429688 0.00150681
3 0.0628872 0.0123413 0.109181 0.0246826 0.0014782
1 0.530199 0.287891 0.859956 0.528125 0.00146675
3 0.261726 0.075293 0.30708 0.150195 0.00145531
3 0.0634956 0.0277466 0.114602 0.033374 0.00143814
2 0.0605227 0.0114624 0.107716 0.0229248 0.00142097
3 0.267035 0.0252075 0.184071 0.0466553 0.00137234
1 0.0566925 0.232813 0.113385 0.372656 0.00137234
0 0.122124 0.0182129 0.0391593 0.0360352 0.00134563
1 0.207743 0.517188 0.324336 0.235938 0.00130939
24 0.34115 0.0682617 0.161947 0.0730469 0.00128937
2 0.0600664 0.175439 0.120133 0.259277 0.00128937
3 0.20177 0.494531 0.332743 0.23125 0.00115585
3 0.113274 0.329297 0.226549 0.21875 0.00115108
3 0.121903 0.186328 0.242478 0.240234 0.0011425
58 0.938053 0.397266 0.123894 0.197656 0.00113773
24 0.331637 0.0520996 0.159735 0.104199 0.00113392
39 0.747345 0.280078 0.0513274 0.0679687 0.00109863
39 0.253319 0.715625 0.0495575 0.0390625 0.00108624
26 0.321681 0.105762 0.20177 0.20957 0.00108147
1 0.550442 0.241992 0.364602 0.231641 0.00108147
3 0.138717 0.0542969 0.277434 0.105859 0.00107288
28 0.299945 0.053125 0.238164 0.104688 0.00106525
1 0.0527793 0.226172 0.101963 0.154688 0.00106049
8 0.573341 0.0376953 0.449779 0.0734375 0.00104809
3 0.120133 0.261328 0.238496 0.278906 0.00103664
3 0.185398 0.10127 0.226991 0.174414 0.00103188
1 0.205088 0.0209229 0.140708 0.0388184 0.00102043
1 0.454867 0.266211 0.479646 0.237109 0.00101662
3 0.475221 0.498437 0.922124 0.946875 0.887207
3 0.206195 0.233594 0.40885 0.434375 0.191284
3 0.149558 0.162305 0.297345 0.311328 0.113953
3 0.212777 0.329688 0.41781 0.628906 0.0823975
3 0.211504 0.160254 0.415929 0.312305 0.0723877
3 0.0646018 0.0329102 0.127434 0.0658203 0.0665894
3 0.0764381 0.160938 0.152876 0.308594 0.0663452
3 0.165044 0.483203 0.326549 0.924219 0.0374756
3 0.0602876 0.173047 0.120575 0.260156 0.0360718
3 0.176881 0.143164 0.225 0.233984 0.0309143
0 0.167367 0.0190674 0.0626106 0.0370605 0.0269623
3 0.287611 0.111816 0.261947 0.223633 0.0249939
3 0.339823 0.315234 0.669027 0.599219 0.0225372
3 0.673451 0.309375 0.60354 0.560938 0.0218658
0 0.247843 0.021875 0.225553 0.04375 0.0159607
24 0.300055 0.0532715 0.237942 0.105371 0.011467
3 0.295188 0.0526855 0.244137 0.10459 0.0112457
3 0.539934 0.279297 0.836947 0.511719 0.0109482
3 0.100774 0.0341309 0.198451 0.0670898 0.0106964
3 0.209071 0.137695 0.311062 0.2375 0.0104065
0 0.289159 0.0535156 0.25354 0.105859 0.00981903
3 0.0629425 0.0185547 0.115708 0.0371094 0.00901794
0 0.065542 0.011377 0.112279 0.0227539 0.00878143
0 0.150221 0.0191162 0.0986726 0.0377441 0.00674438
1 0.454093 0.510938 0.863496 0.926562 0.00643921
0 0.0744469 0.0168945 0.128097 0.0337891 0.0055542
1 0.0607854 0.177734 0.121128 0.259375 0.0053215
0 0.0982301 0.0186523 0.0876106 0.0373047 0.00516129
3 0.191372 0.0385742 0.382743 0.0765625 0.00500107
3 0.0589602 0.0424805 0.11792 0.0498047 0.00460815
1 0.680973 0.282617 0.590266 0.501953 0.00453949
3 0.0617257 0.106836 0.123451 0.208984 0.00434875
0 0.158407 0.0258789 0.314602 0.0513672 0.00378036
3 0.504314 0.0936523 0.825 0.187305 0.00378036
3 0.186504 0.319531 0.318142 0.220313 0.00372124
0 0.194469 0.0379395 0.356637 0.0758789 0.00367928
3 0.330973 0.0520996 0.161062 0.104199 0.00365067
0 0.268971 0.0249512 0.170907 0.0487305 0.00356483
3 0.463274 0.219922 0.738938 0.409375 0.00353813
0 0.100028 0.0328857 0.196847 0.0657715 0.00346947
24 0.321239 0.105176 0.20177 0.20918 0.00331116
3 0.497788 0.128906 0.765487 0.253125 0.00316048
3 0.141814 0.157129 0.240708 0.263477 0.00307465
2 0.0617257 0.0339844 0.122124 0.0679687 0.00300407
3 0.126991 0.119238 0.253982 0.234961 0.0029583
3 0.154093 0.474316 0.261283 0.249805 0.00292397
3 0.252212 0.0332031 0.238053 0.0648438 0.00286674
3 0.321239 0.105176 0.20177 0.20918 0.00286674
3 0.0521018 0.226367 0.100664 0.155078 0.00265312
74 0.650442 0.431348 0.107965 0.17793 0.00257111
3 0.204646 0.020874 0.139823 0.0385254 0.00253105
26 0.300055 0.0532715 0.237942 0.105371 0.00246239
58 0.937168 0.34707 0.125664 0.294141 0.00239754
1 0.0617257 0.0339844 0.122124 0.0679687 0.00234985
0 0.252212 0.0332031 0.238053 0.0648438 0.00234222
3 0.0630531 0.0119141 0.108407 0.0238281 0.00227928
0 0.204646 0.020874 0.139823 0.0385254 0.00227928
3 0.381858 0.194531 0.458407 0.379688 0.00225258
32 0.252655 0.714844 0.0522124 0.0421875 0.00222588
3 0.0566372 0.230469 0.113274 0.367969 0.00218201
1 0.208407 0.5125 0.317699 0.226562 0.00218201
1 0.425664 0.235986 0.442478 0.32959 0.00209999
3 0.201825 0.495703 0.329093 0.227344 0.00208282
0 0.121903 0.0182129 0.0389381 0.0359375 0.00199509
3 0.267312 0.0249512 0.18396 0.0463867 0.00193405
3 0.0638274 0.027832 0.113938 0.0338867 0.00193405
3 0.149779 0.222656 0.272124 0.371875 0.00192642
2 0.0603429 0.011084 0.106748 0.022168 0.0017271
3 0.233407 0.0919678 0.327876 0.182471 0.0017004
39 0.25354 0.715625 0.05 0.0390625 0.00163555
3 0.260232 0.0746094 0.303429 0.148828 0.00161648
3 0.112611 0.329297 0.225221 0.21875 0.00148392
1 0.217035 0.576563 0.300885 0.339063 0.00146103
1 0.0566372 0.230469 0.113274 0.367969 0.00143814
3 0.137721 0.0542969 0.275442 0.106836 0.0014267
2 0.517257 0.0773682 0.678761 0.153076 0.00138855
24 0.34115 0.0680664 0.161947 0.0732422 0.00132465
3 0.184983 0.0999023 0.226051 0.170898 0.00131512
1 0.204646 0.020874 0.139823 0.0385254 0.00129986
1 0.0521018 0.226367 0.100664 0.155078 0.0012846
2 0.0601217 0.174414 0.120243 0.260547 0.00127888
3 0.121792 0.187109 0.241372 0.237109 0.00127411
0 0.0617257 0.0335449 0.119912 0.0670898 0.00124931
2 0.0629425 0.0185547 0.115708 0.0371094 0.00124454
1 0.54646 0.240039 0.353097 0.233984 0.00123978
3 0.262334 0.0391724 0.170907 0.0648193 0.00119209
1 0.330973 0.0520996 0.161062 0.104199 0.00118828
3 0.146239 0.019458 0.107965 0.0384277 0.00118351
1 0.539934 0.279297 0.836947 0.511719 0.00117874
0 0.0638274 0.027832 0.113938 0.0338867 0.00116539
41 0.167257 0.0194336 0.0628319 0.0373047 0.00114727
1 0.381914 0.260547 0.404314 0.276563 0.00112438
3 0.120022 0.261914 0.236504 0.271484 0.00110722
26 0.345133 0.069043 0.147788 0.0720703 0.0011034
24 0.330973 0.0520996 0.161062 0.104199 0.00108147
3 0.336283 0.0688965 0.143363 0.0700195 0.00107765
3 0.125442 0.313086 0.198673 0.155078 0.00106525
3 0.215708 0.530469 0.306637 0.251563 0.00105667
1 0.453982 0.264648 0.474336 0.233984 0.00104809
58 0.938053 0.398438 0.123894 0.195312 0.00104046
3 0.228761 0.521094 0.441593 0.864062 0.00101662
2 0.267312 0.0249512 0.18396 0.0463867 0.00100803
3 0.475221 0.5 0.923894 0.946875 0.888184
3 0.207743 0.233203 0.411947 0.434375 0.191895
3 0.208186 0.166895 0.414159 0.324023 0.125977
3 0.213496 0.328906 0.419912 0.625 0.0758667
3 0.061781 0.0339355 0.122456 0.0678711 0.0690308
3 0.0774336 0.159961 0.154646 0.307422 0.0673218
3 0.0605089 0.172461 0.121018 0.259375 0.0360718
3 0.152544 0.217773 0.304204 0.426172 0.0332031
0 0.167367 0.019043 0.0626106 0.0370117 0.03302
3 0.17677 0.142969 0.225221 0.234375 0.0297546
3 0.166482 0.483984 0.329867 0.917969 0.028656
3 0.284735 0.0951172 0.272124 0.188672 0.0265503
3 0.275442 0.144629 0.288053 0.288086 0.0247955
3 0.344912 0.316211 0.679204 0.600391 0.02211
3 0.673451 0.288281 0.60354 0.51875 0.0215302
0 0.244912 0.0226074 0.219912 0.0438477 0.0181274
3 0.127876 0.161426 0.255752 0.289258 0.0153656
0 0.289159 0.0535156 0.25354 0.106055 0.0114212
3 0.219027 0.137402 0.335398 0.237305 0.0113754
3 0.100913 0.0340332 0.198617 0.0671875 0.0109863
3 0.0630531 0.0185059 0.115708 0.0370117 0.0108566
3 0.295133 0.052832 0.244248 0.104883 0.0108185
0 0.0657218 0.0110962 0.112362 0.0221924 0.0107346
3 0.529204 0.275391 0.856637 0.503906 0.0107346
24 0.300221 0.0533203 0.238496 0.105469 0.0104904
0 0.150442 0.0189941 0.0986726 0.0375977 0.00871277
3 0.0623341 0.0293823 0.118252 0.0492432 0.00821686
0 0.0747788 0.0167969 0.128319 0.0335938 0.00709534
0 0.0987832 0.0185547 0.0865044 0.0371094 0.00698471
1 0.452102 0.510938 0.865708 0.928125 0.00695801
1 0.680973 0.280859 0.592035 0.499219 0.00502014
3 0.192367 0.0382813 0.384735 0.0759766 0.00496292
1 0.0607854 0.177344 0.12135 0.258594 0.00462723
0 0.10047 0.0326172 0.19729 0.0652344 0.00445175
0 0.132522 0.0251465 0.261947 0.0499023 0.00429916
3 0.0618363 0.104688 0.123673 0.204688 0.00421524
0 0.195354 0.0375488 0.35708 0.0750977 0.00419998
3 0.504425 0.093042 0.824779 0.185791 0.00362206
3 0.455863 0.219141 0.737832 0.408594 0.0036068
3 0.330531 0.0520508 0.161947 0.104102 0.00359344
2 0.061781 0.0339355 0.122456 0.0678711 0.00345612
3 0.18927 0.318555 0.325 0.219922 0.00341606
3 0.496903 0.127246 0.761947 0.250195 0.00324821
24 0.320796 0.104883 0.202655 0.208984 0.00313568
3 0.204646 0.0207764 0.139381 0.0383301 0.00296974
3 0.251549 0.0332031 0.237611 0.0650391 0.00296974
3 0.320796 0.104883 0.202655 0.208984 0.00293541
0 0.251549 0.0332031 0.237611 0.0650391 0.00292397
32 0.252876 0.714844 0.0517699 0.0421875 0.00288963
3 0.152655 0.474219 0.258407 0.25 0.00288963
3 0.0631775 0.0116211 0.108379 0.0232422 0.0028553
3 0.129535 0.115625 0.259071 0.228125 0.0028553
0 0.204646 0.0207764 0.139381 0.0383301 0.00284576
0 0.067146 0.0210449 0.123894 0.0361328 0.00281143
0 0.121903 0.0181152 0.0389381 0.0358398 0.00263214
74 0.650442 0.431152 0.107965 0.17832 0.00257111
3 0.0518944 0.226514 0.100415 0.154785 0.00251198
3 0.372124 0.192969 0.445133 0.376563 0.00248146
0 0.274558 0.024707 0.161504 0.0484375 0.00236893
1 0.061781 0.0339355 0.122456 0.0678711 0.00235939
3 0.267699 0.024707 0.184071 0.0460938 0.00234985
3 0.201715 0.496875 0.327544 0.225 0.00231361
26 0.300221 0.0533203 0.238496 0.105469 0.00226974
3 0.0638274 0.0275879 0.113938 0.0334961 0.00226021
1 0.207965 0.510938 0.315929 0.221875 0.00226021
58 0.938053 0.348438 0.123894 0.291406 0.00216484
39 0.25354 0.715625 0.0495575 0.0390625 0.00201035
3 0.0567478 0.229297 0.113496 0.364844 0.00201035
3 0.659292 0.397754 0.619469 0.74043 0.00201035
1 0.425664 0.236719 0.446018 0.322656 0.00191879
2 0.060495 0.010791 0.106444 0.021582 0.00191212
3 0.234513 0.0916016 0.330973 0.181641 0.0016613
0 0.0617257 0.0334717 0.120133 0.0669434 0.00160408
3 0.259735 0.0734375 0.302655 0.146484 0.00159168
2 0.0630531 0.0185059 0.115708 0.0370117 0.00152493
3 0.138053 0.0542969 0.276106 0.106641 0.00152493
1 0.204646 0.0207764 0.139381 0.0383301 0.00148964
0 0.0638274 0.0275879 0.113938 0.0334961 0.00143814
1 0.217699 0.575 0.299115 0.3375 0.00143814
14 0.789381 0.748438 0.0371681 0.0195312 0.00143242
24 0.340929 0.0681152 0.162389 0.0731445 0.00142097
3 0.1125 0.329102 0.225 0.219141 0.00140476
3 0.155725 0.166797 0.220409 0.256641 0.00137806
3 0.14635 0.0193848 0.107743 0.0383789 0.00137234
2 0.474336 0.0800781 0.80531 0.160156 0.00136662
3 0.263772 0.0390137 0.174226 0.0644531 0.00135136
3 0.0526687 0.0438965 0.10484 0.0480469 0.00134087
1 0.529204 0.275391 0.856637 0.503906 0.00129986
2 0.600442 0.0773438 0.563717 0.148438 0.0012598
26 0.345133 0.0689941 0.147788 0.0717773 0.00124454
1 0.0567478 0.229297 0.113496 0.364844 0.00123978
41 0.167257 0.0193848 0.0628319 0.037207 0.00123501
3 0.185951 0.0975586 0.228097 0.166211 0.00123024
1 0.0518944 0.226514 0.100415 0.154785 0.0012064
2 0.267699 0.024707 0.184071 0.0460938 0.00118828
0 0.232301 0.032019 0.104867 0.0551025 0.00118351
1 0.330531 0.0520508 0.161947 0.104102 0.00117874
2 0.0602323 0.173828 0.120465 0.260547 0.0011692
28 0.061781 0.0339355 0.122456 0.0678711 0.00112915
3 0.335841 0.0686523 0.144248 0.0701172 0.00112915
1 0.54469 0.240039 0.354867 0.233203 0.00109482
0 0.253097 0.0282104 0.144248 0.0515869 0.00109005
0 0.229591 0.0229004 0.0992257 0.0398437 0.00108624
1 0.380973 0.262549 0.40354 0.269434 0.00106907
1 0.267699 0.024707 0.184071 0.0460938 0.00106049
0 0.300664 0.0246582 0.109735 0.0479492 0.00106049
24 0.330531 0.0520508 0.161947 0.104102 0.00104046
58 0.937168 0.4 0.122124 0.191406 0.00102425
3 0.476106 0.502344 0.925664 0.945312 0.888672
3 0.213053 0.228125 0.420796 0.4375 0.204346
3 0.208628 0.164258 0.415487 0.319922 0.165039
3 0.0618363 0.0337891 0.122788 0.0675781 0.081543
3 0.0774613 0.159277 0.154812 0.307227 0.0734253
3 0.215044 0.330078 0.423009 0.622656 0.0673218
0 0.167478 0.0189941 0.0623894 0.0369141 0.0413208
3 0.0605642 0.171484 0.121128 0.258594 0.0327148
3 0.153872 0.217188 0.306858 0.425781 0.0327148
3 0.284735 0.0945313 0.272124 0.1875 0.0306702
3 0.355089 0.316211 0.699558 0.595703 0.0270691
3 0.177323 0.142676 0.225442 0.234961 0.0264587
3 0.277046 0.146387 0.284845 0.291602 0.0247955
0 0.244912 0.0225098 0.219912 0.0436523 0.0231476
3 0.673009 0.280469 0.604425 0.503125 0.0230713
3 0.167699 0.485547 0.332301 0.911719 0.0207977
0 0.290266 0.0535156 0.252212 0.106055 0.016983
3 0.126659 0.161719 0.253319 0.2875 0.0145035
0 0.0657218 0.0106934 0.112362 0.0213867 0.0138474
3 0.0629425 0.018335 0.115929 0.0366699 0.0134811
3 0.528319 0.274805 0.861947 0.503516 0.0119171
0 0.150442 0.0188965 0.0986726 0.0374023 0.0117798
3 0.295354 0.0529297 0.243805 0.105078 0.0115509
24 0.300442 0.053418 0.238053 0.105664 0.0114212
3 0.222788 0.136914 0.345575 0.237109 0.0114212
3 0.101438 0.0339355 0.199336 0.0671875 0.0111618
3 0.0622788 0.0286133 0.118363 0.0475586 0.00971222
0 0.101521 0.0184326 0.0805863 0.0368652 0.00955963
0 0.075 0.0163574 0.127876 0.0327148 0.00945282
0 0.100996 0.0322998 0.198009 0.0645996 0.00602722
1 0.45531 0.510156 0.875221 0.929688 0.00530243
0 0.20177 0.0368164 0.342478 0.0736328 0.00527954
0 0.106858 0.0240723 0.20885 0.0473633 0.00502014
3 0.191593 0.0380859 0.383186 0.0755859 0.0046463
0 0.250664 0.0333984 0.236726 0.0654297 0.00457382
1 0.680531 0.279297 0.59292 0.497656 0.00424957
3 0.50531 0.092749 0.817699 0.184814 0.00413513
3 0.452102 0.219336 0.752434 0.408984 0.00413513
2 0.0618363 0.0337891 0.122788 0.0675781 0.00399017
3 0.0618363 0.102148 0.123673 0.200391 0.00395966
1 0.060896 0.177295 0.121571 0.257129 0.00376511
0 0.204646 0.0206787 0.139381 0.0380371 0.00374985
32 0.252876 0.714844 0.0513274 0.0421875 0.00362206
3 0.0631637 0.0112793 0.108407 0.0225586 0.00358009
0 0.067146 0.0209961 0.123894 0.0358398 0.00356483
0 0.121903 0.0181152 0.0389381 0.0357422 0.00352478
3 0.33031 0.0519531 0.162832 0.103906 0.00349617
3 0.19292 0.317188 0.332301 0.21875 0.00335121
24 0.321239 0.104297 0.20177 0.208203 0.00331116
3 0.152212 0.473535 0.25708 0.251367 0.00324821
3 0.321239 0.104297 0.20177 0.208203 0.00312424
3 0.204646 0.0206787 0.139381 0.0380371 0.00311089
3 0.250664 0.0333984 0.236726 0.0654297 0.00299263
3 0.366814 0.190625 0.446903 0.371875 0.00293541
3 0.202212 0.498437 0.325664 0.221094 0.00286674
0 0.275664 0.0245605 0.158407 0.0481445 0.00277901
3 0.130973 0.111035 0.261947 0.219336 0.0027256
3 0.0636615 0.0272949 0.11427 0.0331055 0.00260162
3 0.268086 0.0243164 0.184181 0.0453125 0.00259018
74 0.650885 0.431348 0.10885 0.179492 0.00247192
3 0.0515487 0.226562 0.0997788 0.153906 0.00240517
26 0.300442 0.053418 0.238053 0.105664 0.00240517
1 0.0618363 0.0337891 0.122788 0.0675781 0.00236893
39 0.25354 0.715625 0.049115 0.0382813 0.00230598
2 0.0605642 0.0105225 0.106305 0.0210449 0.00228691
1 0.20885 0.509375 0.312832 0.217188 0.00221634
0 0.0616704 0.0333008 0.120243 0.0666016 0.00219917
2 0.0629425 0.018335 0.115929 0.0366699 0.00199509
0 0.0636615 0.0272949 0.11427 0.0331055 0.00185299
24 0.340708 0.0679687 0.162832 0.0730469 0.00174809
3 0.0566372 0.22832 0.113274 0.362109 0.00173378
58 0.938053 0.350195 0.123894 0.287109 0.00167465
0 0.232301 0.0315552 0.10531 0.0542725 0.00165462
3 0.235177 0.0888672 0.331858 0.175781 0.00163555
1 0.426659 0.23833 0.449336 0.309277 0.00161076
3 0.138274 0.0541992 0.276549 0.106641 0.00158501
1 0.204646 0.0206787 0.139381 0.0380371 0.00157928
3 0.0529867 0.0437378 0.105531 0.047876 0.00155449
26 0.344912 0.0689453 0.14823 0.0714844 0.00154305
3 0.258628 0.0712891 0.303982 0.141797 0.00153065
0 0.228097 0.0225342 0.0960177 0.038916 0.00149536
0 0.253153 0.0276367 0.144137 0.0504883 0.00148392
3 0.146903 0.0192627 0.106195 0.0381348 0.00145531
41 0.167257 0.0192871 0.0628319 0.0371094 0.00142097
3 0.263938 0.0387817 0.174779 0.0636475 0.00141621
28 0.0618363 0.0337891 0.122788 0.0675781 0.00138855
58 0.617699 0.0973633 0.0876106 0.0568359 0.00138855
0 0.300442 0.0245605 0.109735 0.0478516 0.00138283
3 0.657965 0.394531 0.622124 0.728125 0.00138283
2 0.268086 0.0243164 0.184181 0.0453125 0.00135136
2 0.470796 0.0793701 0.793805 0.158057 0.00135136
14 0.789381 0.748438 0.0371681 0.01875 0.00134563
0 0.258628 0.0712891 0.303982 0.141797 0.00130939
3 0.1125 0.328906 0.225 0.21875 0.00130463
3 0.152987 0.167383 0.212611 0.250391 0.00123501
2 0.602212 0.0762451 0.558407 0.145947 0.00122547
3 0.335841 0.0683594 0.14469 0.0703125 0.00121593
1 0.212445 0.566016 0.302544 0.322656 0.00120163
1 0.0515487 0.226562 0.0997788 0.153906 0.00119686
1 0.33031 0.0519531 0.162832 0.103906 0.0011692
3 0.186615 0.0931885 0.228982 0.157373 0.0011692
3 0.160509 0.319922 0.31969 0.585156 0.00116062
1 0.268086 0.0243164 0.184181 0.0453125 0.00115585
58 0.613274 0.10293 0.0778761 0.0447266 0.00114727
1 0.528319 0.274805 0.861947 0.503516 0.00113392
2 0.0602876 0.172949 0.120575 0.261133 0.00112915
24 0.33031 0.0519531 0.162832 0.103906 0.00112438
26 0.377212 0.0688477 0.0827434 0.0710938 0.00110722
0 0.263938 0.0387817 0.174779 0.0636475 0.00105667
3 0.171681 0.0200684 0.0699115 0.0379883 0.00103664
1 0.0566372 0.22832 0.113274 0.362109 0.00103664
1 0.222788 0.136914 0.345575 0.237109 0.00103188
3 0.303982 0.0256836 0.10885 0.0513672 0.00102806
3 0.475664 0.504687 0.930089 0.95 0.911133
3 0.211504 0.225391 0.420354 0.436719 0.209473
3 0.199558 0.165625 0.396903 0.324609 0.153076
3 0.0619469 0.0336914 0.123009 0.0673828 0.0753174
3 0.0726217 0.161719 0.145022 0.313281 0.0572815
0 0.167367 0.0189209 0.0626106 0.0368652 0.0428162
3 0.218805 0.330469 0.431416 0.626563 0.035675
0 0.24469 0.0223145 0.220354 0.0428711 0.0232391
3 0.0606195 0.169727 0.121239 0.260156 0.021698
3 0.380973 0.316016 0.753097 0.600781 0.0209656
3 0.669912 0.282031 0.610619 0.507812 0.0198669
3 0.283628 0.129199 0.279646 0.25293 0.0197906
3 0.28385 0.0883789 0.273894 0.174805 0.0192719
0 0.291593 0.0531738 0.250442 0.105371 0.0157776
3 0.177655 0.141699 0.226991 0.237695 0.0154877
0 0.066026 0.010376 0.112417 0.020752 0.0141754
0 0.150442 0.0187744 0.099115 0.0372559 0.0137405
3 0.0629978 0.0182373 0.11604 0.0364746 0.0127258
3 0.126549 0.161133 0.253097 0.289453 0.0106964
0 0.102904 0.0183105 0.0782633 0.0366211 0.0105667
0 0.0752765 0.0161865 0.127765 0.032373 0.0102463
24 0.300387 0.0533203 0.238164 0.105469 0.01017
3 0.101079 0.0338379 0.197843 0.0670898 0.0100555
3 0.296239 0.0527832 0.24292 0.10459 0.00967407
3 0.522013 0.275391 0.879867 0.507031 0.00926971
3 0.0622788 0.0275879 0.118363 0.0457031 0.00919342
3 0.165708 0.492969 0.328761 0.914062 0.00878143
3 0.225442 0.135742 0.356195 0.239453 0.00834656
0 0.101659 0.0320312 0.198451 0.0640625 0.00766754
3 0.152212 0.229297 0.303982 0.40625 0.00570679
0 0.193805 0.0370117 0.362389 0.0740234 0.00561905
0 0.250498 0.032959 0.237058 0.0645508 0.00484848
3 0.316814 0.10791 0.313274 0.211523 0.00471878
0 0.0678097 0.0208496 0.125221 0.0358398 0.00421524
3 0.191261 0.0373535 0.382522 0.0740234 0.00413513
0 0.20531 0.0205811 0.14115 0.0376465 0.0039444
0 0.121903 0.0180664 0.0393805 0.0356445 0.00392914
3 0.503982 0.0907227 0.816814 0.180273 0.00385475
32 0.252655 0.714844 0.0513274 0.0421875 0.00380898
2 0.0619469 0.0336914 0.123009 0.0673828 0.00372124
3 0.473562 0.218359 0.810398 0.407031 0.00340271
3 0.0632743 0.0109131 0.108186 0.0218262 0.00336266
0 0.271681 0.0244141 0.167699 0.0475586 0.00312424
3 0.0621681 0.101147 0.124336 0.198486 0.003088
3 0.33031 0.0518066 0.162832 0.103613 0.00296974
1 0.468252 0.509766 0.904204 0.935156 0.00288963
24 0.310841 0.0979492 0.221681 0.195508 0.00287819
0 0.0618363 0.0332031 0.120354 0.0664062 0.00274658
3 0.20531 0.0205811 0.14115 0.0376465 0.00260162
3 0.250498 0.032959 0.237058 0.0645508 0.00252151
3 0.0637168 0.0269043 0.114159 0.0325195 0.00244331
3 0.268086 0.0239502 0.184181 0.0443848 0.00236893
1 0.0606195 0.176221 0.121239 0.259277 0.00234222
39 0.253319 0.715625 0.049115 0.0382813 0.00226021
2 0.0632743 0.0109131 0.108186 0.0218262 0.00225258
0 0.0637168 0.0269043 0.114159 0.0325195 0.00220871
26 0.300387 0.0533203 0.238164 0.105469 0.00214005
3 0.322124 0.103125 0.2 0.205859 0.00211525
1 0.0619469 0.0336914 0.123009 0.0673828 0.00209999
3 0.358794 0.185156 0.443473 0.360938 0.00204277
0 0.0622788 0.0275879 0.118363 0.0457031 0.00203514
3 0.130973 0.107715 0.261947 0.212695 0.00203514
3 0.152212 0.473438 0.25708 0.250781 0.00201035
2 0.0629978 0.0182373 0.11604 0.0364746 0.00200272
58 0.617257 0.0957031 0.0858407 0.0603516 0.00196457
74 0.649558 0.433496 0.104425 0.158008 0.00195694
3 0.208186 0.316211 0.363717 0.219141 0.00195694
0 0.232301 0.0310059 0.10531 0.0530273 0.00190449
24 0.340708 0.0678711 0.162832 0.0730469 0.00176144
3 0.0517146 0.226514 0.100111 0.154004 0.00173378
0 0.228982 0.0222412 0.0973451 0.0381348 0.00168133
1 0.679204 0.283789 0.595575 0.508984 0.00168133
3 0.200442 0.496094 0.325664 0.226562 0.00161076
0 0.300442 0.0244629 0.109735 0.0476562 0.0015974
58 0.612832 0.102734 0.0778761 0.0453125 0.00158501
26 0.345133 0.0689453 0.147788 0.0714844 0.00156116
3 0.053208 0.0435425 0.105973 0.0476807 0.00152493
0 0.256858 0.0694336 0.305752 0.137695 0.00152493
3 0.0564159 0.229297 0.112832 0.372656 0.00142097
3 0.138717 0.0534668 0.276991 0.105176 0.00141621
3 0.147235 0.0191895 0.106416 0.0379883 0.00138283
1 0.20531 0.0205811 0.14115 0.0376465 0.00136662
28 0.0619469 0.0336914 0.123009 0.0673828 0.00135136
24 0.34292 0.0536133 0.166372 0.101758 0.00129986
1 0.55354 0.273828 0.818584 0.497656 0.00125504
3 0.256858 0.0694336 0.305752 0.137695 0.00124454
2 0.268086 0.0239502 0.184181 0.0443848 0.00121117
0 0.263938 0.0381348 0.175664 0.0637695 0.0012064
41 0.167257 0.0192139 0.0628319 0.0369629 0.00118828
3 0.263938 0.0381348 0.175664 0.0637695 0.0011692
0 0.212887 0.176172 0.421128 0.345313 0.0011692
26 0.377434 0.0687988 0.0823009 0.0709961 0.00110722
1 0.268086 0.0239502 0.184181 0.0443848 0.00106049
3 0.336283 0.0668945 0.144248 0.0730469 0.00104809
58 0.628761 0.0878906 0.0982301 0.0685547 0.00104809
0 0.325664 0.0505859 0.148673 0.101172 0.00102425
2 0.468031 0.0777344 0.778982 0.153906 0.00100422
3 0.477876 0.510938 0.936283 0.945312 0.935547
3 0.210619 0.191797 0.419469 0.378906 0.193726
3 0.064823 0.0328979 0.128097 0.0652588 0.064209
0 0.167478 0.0187988 0.0623894 0.0368164 0.0447693
3 0.0699115 0.158984 0.139602 0.310937 0.0367737
0 0.24469 0.0219727 0.220354 0.0421875 0.0213623
3 0.393805 0.237109 0.781416 0.446875 0.0192719
3 0.419912 0.313281 0.833628 0.600781 0.0190582
3 0.660619 0.283594 0.629204 0.5125 0.016922
3 0.262168 0.308789 0.519027 0.589453 0.0146713
3 0.281416 0.0756104 0.277876 0.14917 0.0145035
0 0.0662472 0.010083 0.112638 0.020166 0.0142822
0 0.150664 0.0186523 0.099115 0.0371094 0.0136871
3 0.266814 0.153516 0.306195 0.305078 0.0133743
0 0.291814 0.0529297 0.25 0.104688 0.0124817
3 0.0631084 0.0180176 0.11604 0.0360352 0.0115051
0 0.10177 0.0181641 0.0800885 0.0363281 0.0113754
0 0.0755531 0.0158691 0.127434 0.0317383 0.0108185
3 0.280973 0.110937 0.276991 0.221875 0.00959778
3 0.100996 0.0336426 0.197124 0.0668945 0.00908661
0 0.102019 0.0318359 0.198617 0.0636719 0.00871277
3 0.298673 0.0526855 0.239823 0.104395 0.00806427
3 0.0623894 0.0263794 0.118363 0.0443115 0.00775528
3 0.178982 0.14043 0.230089 0.240234 0.00772476
3 0.520796 0.276172 0.885841 0.510156 0.00737381
3 0.126991 0.160449 0.253982 0.291602 0.00706482
24 0.300221 0.0531738 0.238496 0.104785 0.00703812
0 0.19115 0.0369385 0.369027 0.073877 0.00547028
3 0.226106 0.13418 0.365487 0.242188 0.00516129
0 0.0688053 0.020459 0.127434 0.0361328 0.00473785
3 0.503097 0.087793 0.804425 0.173828 0.00416565
0 0.121903 0.0178955 0.0391593 0.035498 0.00415039
0 0.25094 0.0325317 0.237942 0.0636475 0.00413513
3 0.191372 0.0369019 0.382743 0.0730713 0.00388527
0 0.270133 0.0244141 0.169469 0.0476562 0.00369263
32 0.252655 0.714063 0.0513274 0.0421875 0.00358009
0 0.205697 0.020459 0.141704 0.0374023 0.00355148
2 0.0622234 0.0336426 0.123341 0.0672852 0.00329781
0 0.0716814 0.0312988 0.140044 0.0625977 0.00325966
3 0.063385 0.0106323 0.108407 0.0212646 0.00319672
58 0.616372 0.0943115 0.0840708 0.0633301 0.00279999
3 0.178097 0.342187 0.352655 0.56875 0.00268364
3 0.165044 0.500391 0.326991 0.905469 0.00263214
3 0.309735 0.0967773 0.223894 0.192773 0.0026207
0 0.0637168 0.026416 0.114381 0.0324219 0.00255013
3 0.0623894 0.100488 0.124779 0.197461 0.00255013
3 0.145575 0.230908 0.290708 0.396777 0.00254059
3 0.205697 0.020459 0.141704 0.0374023 0.00246239
2 0.063385 0.0106323 0.108407 0.0212646 0.00239754
3 0.330531 0.0518066 0.161947 0.103418 0.00239754
3 0.268197 0.0237061 0.184845 0.0437988 0.00231361
3 0.25094 0.0325317 0.237942 0.0636475 0.00224304
58 0.613274 0.102539 0.0778761 0.0462891 0.00222588
2 0.0631084 0.0180176 0.11604 0.0360352 0.00203514
3 0.0585177 0.192188 0.117035 0.290625 0.00194931
24 0.309735 0.0967773 0.223894 0.192773 0.00191212
3 0.526991 0.185352 0.786726 0.361719 0.00190449
0 0.232301 0.0303711 0.105752 0.0519531 0.00184631
39 0.253097 0.715234 0.0486726 0.0382813 0.00182438
1 0.474779 0.509375 0.919469 0.9375 0.0017004
0 0.212611 0.18457 0.420796 0.3625 0.00168133
3 0.361062 0.18125 0.482301 0.352734 0.00167465
0 0.230089 0.0219482 0.0995575 0.0375488 0.00162888
1 0.0622234 0.0336426 0.123341 0.0672852 0.00161076
0 0.300221 0.024292 0.110619 0.0474121 0.00160408
26 0.300221 0.0531738 0.238496 0.104785 0.00158501
3 0.129646 0.105566 0.259292 0.208398 0.00155449
0 0.256195 0.0690918 0.30531 0.136816 0.00146675
58 0.628319 0.0880859 0.0973451 0.0685547 0.00144958
74 0.649558 0.433594 0.104425 0.157813 0.00140476
24 0.34115 0.067627 0.162832 0.0731445 0.0012846
1 0.205697 0.020459 0.141704 0.0374023 0.00127411
0 0.263496 0.0374512 0.175221 0.0643555 0.00127411
3 0.138827 0.0526855 0.276327 0.103613 0.00126457
3 0.0519358 0.226562 0.100553 0.154688 0.0012598
3 0.147456 0.0190918 0.106416 0.0379883 0.0012064
2 0.268197 0.0237061 0.184845 0.0437988 0.00115585
1 0.0603429 0.175586 0.120465 0.2625 0.00115585
3 0.0538717 0.0432495 0.107301 0.0480713 0.00113773
3 0.24021 0.31582 0.429314 0.221484 0.00113392
26 0.345133 0.0688965 0.147788 0.0713867 0.00104809
3 0.151217 0.474121 0.254204 0.248633 0.00104046
0 0.325664 0.0504883 0.148673 0.100977 0.00102806
3 0.236504 0.0871094 0.335398 0.171875 0.00101185
3 0.198673 0.49375 0.324779 0.230469 0.00101185
1 0.268197 0.0237061 0.184845 0.0437988 0.00100422
3 0.478761 0.511719 0.938053 0.945312 0.94043
3 0.211007 0.200732 0.420465 0.396191 0.205566
3 0.0652655 0.0327148 0.128761 0.0648438 0.0585632
0 0.167478 0.0187988 0.0628319 0.0366211 0.0419312
3 0.0980365 0.159766 0.195962 0.312891 0.0302124
3 0.402434 0.235547 0.799558 0.44375 0.0263519
0 0.24469 0.0218994 0.220354 0.041748 0.0237732
3 0.431084 0.3125 0.856416 0.597656 0.0227203
3 0.656637 0.283984 0.635398 0.510156 0.0158386
3 0.280531 0.0740723 0.278761 0.145801 0.0152512
3 0.264546 0.151953 0.309845 0.301953 0.0149536
0 0.0666482 0.0101074 0.113606 0.0202148 0.0147324
0 0.291206 0.0528809 0.251217 0.10459 0.0146179
3 0.271903 0.307422 0.539381 0.585156 0.0134811
0 0.150774 0.0185547 0.0993363 0.0370117 0.0130234
0 0.0755531 0.0158203 0.127876 0.0316406 0.0113297
0 0.0997511 0.0180176 0.0841261 0.0360352 0.0112
0 0.102434 0.0317871 0.198673 0.0635742 0.0104904
3 0.0632743 0.0178467 0.116372 0.0356934 0.0100937
3 0.298009 0.101367 0.24469 0.201172 0.00844574
3 0.101327 0.0334961 0.197345 0.0666016 0.00803375
3 0.0608407 0.165234 0.121681 0.26875 0.00775528
3 0.527544 0.277344 0.870575 0.509375 0.00723267
3 0.29823 0.0526367 0.240708 0.103906 0.00717545
24 0.3 0.0530273 0.238938 0.104492 0.0069313
3 0.0623894 0.0261719 0.118584 0.0439453 0.0064621
0 0.190487 0.0365723 0.368584 0.0730469 0.00616837
3 0.503097 0.0873047 0.809735 0.172266 0.0051384
0 0.0691925 0.0203125 0.12865 0.0359375 0.00494385
0 0.250885 0.0324707 0.238053 0.0633789 0.0049057
3 0.18031 0.140039 0.233186 0.240625 0.0049057
3 0.131969 0.164355 0.263938 0.283008 0.00443268
3 0.326549 0.107813 0.370796 0.210156 0.00411606
0 0.0663164 0.0317627 0.130199 0.0635254 0.00402451
0 0.121903 0.0178223 0.0391593 0.0352539 0.00385475
3 0.225166 0.133594 0.369137 0.242188 0.00379562
3 0.207522 0.0394531 0.40885 0.0789063 0.00379562
0 0.206195 0.0203857 0.142478 0.0372559 0.00346947
58 0.616372 0.0942383 0.0840708 0.0636719 0.00314713
0 0.269911 0.0242676 0.169912 0.0473633 0.00311089
3 0.222124 0.375391 0.437168 0.658594 0.00304031
2 0.0622234 0.0335449 0.123341 0.0670898 0.00302696
3 0.0635509 0.010498 0.10896 0.0209961 0.00286674
0 0.0634956 0.0263184 0.114823 0.0321289 0.0026207
32 0.252655 0.714063 0.0513274 0.0421875 0.00259018
58 0.613274 0.102539 0.0778761 0.0464844 0.00253105
3 0.526991 0.186523 0.800885 0.363672 0.00253105
2 0.0635509 0.010498 0.10896 0.0209961 0.00243378
1 0.477434 0.509375 0.924779 0.9375 0.00239754
0 0.212445 0.193555 0.421128 0.380078 0.00216484
3 0.206195 0.0203857 0.142478 0.0372559 0.00209999
3 0.329867 0.0518555 0.162389 0.10332 0.00206757
3 0.268142 0.0235352 0.184071 0.043457 0.00203514
3 0.364159 0.181836 0.517699 0.353516 0.00201988
3 0.250885 0.0324707 0.238053 0.0633789 0.00197983
0 0.256195 0.0684082 0.305752 0.135059 0.0019722
2 0.0632743 0.0178467 0.116372 0.0356934 0.00196457
3 0.16792 0.503906 0.333186 0.904688 0.00194168
3 0.0626106 0.0985352 0.124558 0.193555 0.00192642
0 0.232743 0.0302246 0.10708 0.0517578 0.00189686
24 0.30885 0.0958008 0.225664 0.19043 0.00186062
3 0.139712 0.0339111 0.279425 0.0678223 0.0017271
3 0.153097 0.232471 0.305752 0.391309 0.0017271
26 0.3 0.0530273 0.238938 0.104492 0.00164223
0 0.231029 0.0218262 0.101659 0.037207 0.00162888
0 0.3 0.0242188 0.110619 0.0472656 0.00158501
58 0.628319 0.0881104 0.0973451 0.0683106 0.00158501
1 0.0622234 0.0335449 0.123341 0.0670898 0.00147247
0 0.262832 0.0374146 0.173451 0.0638428 0.00131512
3 0.130199 0.10166 0.259956 0.200586 0.00131512
3 0.139381 0.0521973 0.277434 0.102441 0.00122547
0 0.315487 0.226367 0.627434 0.425391 0.00121593
1 0.206195 0.0203857 0.142478 0.0372559 0.00119686
39 0.253097 0.715234 0.0482301 0.0375 0.00119686
74 0.649558 0.433594 0.104425 0.157813 0.00113773
2 0.468142 0.0265137 0.20708 0.0510742 0.00113392
2 0.264104 0.0245361 0.20365 0.0481934 0.00112057
2 0.484181 0.0156738 0.17323 0.0305664 0.00107765
24 0.340708 0.0675293 0.162832 0.0731445 0.00107288
0 0.325442 0.0506836 0.149115 0.100977 0.00104809
2 0.488938 0.0114746 0.151327 0.0229492 0.00103664
3 0.480089 0.517969 0.940708 0.929688 0.939941
3 0.215265 0.228125 0.427876 0.447656 0.210083
3 0.0655973 0.032666 0.129425 0.0645508 0.0545959
3 0.209071 0.155176 0.415487 0.307227 0.0427246
0 0.167367 0.0187988 0.0626106 0.0365234 0.0394287
3 0.408407 0.234766 0.811504 0.442969 0.0284424
0 0.244746 0.0218262 0.221128 0.0413086 0.0271149
3 0.437168 0.311523 0.869027 0.596484 0.0214539
3 0.157743 0.171484 0.314602 0.333594 0.0195618
0 0.288496 0.0530273 0.257522 0.104492 0.0179901
3 0.279701 0.0769531 0.281305 0.151172 0.016922
3 0.270796 0.152734 0.297345 0.302734 0.0162811
3 0.129425 0.144238 0.25885 0.285352 0.0152512
0 0.0665929 0.00992432 0.113496 0.0198486 0.0139542
3 0.644248 0.284766 0.660177 0.510156 0.0136871
0 0.150885 0.0186035 0.1 0.0369141 0.0117798
3 0.278761 0.30625 0.553097 0.582812 0.0115509
0 0.101576 0.0178467 0.0804757 0.0356934 0.0111618
0 0.0755531 0.0154785 0.127876 0.030957 0.0110703
0 0.102683 0.0317871 0.198617 0.0633789 0.0109024
0 0.117257 0.0254883 0.229646 0.049707 0.00901794
3 0.298009 0.100879 0.24469 0.199805 0.00901794
3 0.0632743 0.0178467 0.116593 0.0356934 0.00878143
3 0.101991 0.0334961 0.19823 0.0664062 0.00772476
3 0.297566 0.0526367 0.24115 0.103906 0.00717545
0 0.190487 0.0359863 0.368142 0.0712891 0.00666809
24 0.3 0.053125 0.239823 0.104297 0.00658798
0 0.25177 0.0325684 0.239823 0.0631836 0.00612259
3 0.0608407 0.16543 0.121681 0.267578 0.00572968
3 0.50365 0.0875 0.819248 0.17207 0.00542831
3 0.0622788 0.0255981 0.118805 0.0429443 0.00524139
0 0.0699115 0.0202881 0.130752 0.035791 0.00510025
0 0.0665929 0.0312012 0.130531 0.0623047 0.00479126
3 0.195133 0.0365234 0.390265 0.0720703 0.00429916
3 0.324834 0.110742 0.368031 0.214844 0.00402451
0 0.121903 0.0177246 0.0389381 0.0350586 0.00382423
0 0.206637 0.0204102 0.143363 0.0373047 0.00367928
3 0.183628 0.139746 0.240708 0.24043 0.00349617
3 0.236781 0.112109 0.367146 0.223438 0.00290108
2 0.0622788 0.0335693 0.123451 0.0671387 0.00288963
0 0.26969 0.0241699 0.170354 0.0470703 0.00276756
2 0.0635094 0.010376 0.109264 0.020752 0.00273705
0 0.257909 0.0687988 0.30542 0.135645 0.0027256
3 0.526991 0.19043 0.807965 0.370703 0.00270462
58 0.615929 0.0950928 0.0831858 0.0617676 0.0026722
0 0.212445 0.203711 0.421128 0.399609 0.0026722
0 0.063385 0.0260742 0.115044 0.0318359 0.00258064
1 0.479646 0.508984 0.932743 0.941406 0.00253105
3 0.0635094 0.010376 0.109264 0.020752 0.0024929
58 0.613274 0.102734 0.0778761 0.0460938 0.00236893
3 0.211726 0.355469 0.419027 0.610156 0.00231361
32 0.252655 0.714063 0.0504425 0.040625 0.00228691
2 0.0632743 0.0178467 0.116593 0.0356934 0.00214958
0 0.232688 0.0300781 0.10719 0.0515625 0.00214005
24 0.307743 0.0956055 0.227876 0.189648 0.00200272
3 0.374779 0.186914 0.531858 0.3625 0.0019722
3 0.25177 0.0325684 0.239823 0.0631836 0.00195694
3 0.206637 0.0204102 0.143363 0.0373047 0.0018177
0 0.23208 0.0217529 0.103982 0.0369629 0.00174809
3 0.329204 0.0520508 0.162832 0.10332 0.00173378
0 0.299779 0.0242676 0.111504 0.0472656 0.0017271
3 0.268142 0.0234375 0.184513 0.0431641 0.00168705
3 0.0626106 0.0974609 0.124558 0.191016 0.00162888
26 0.3 0.053125 0.239823 0.104297 0.00156689
3 0.168142 0.507812 0.334071 0.90625 0.00156116
0 0.310177 0.226953 0.616814 0.425781 0.00153637
0 0.26333 0.0373535 0.175111 0.0638672 0.00142097
0 0.270796 0.152734 0.297345 0.302734 0.00138855
1 0.0622788 0.0335693 0.123451 0.0671387 0.00135612
58 0.628761 0.0881836 0.0973451 0.0681641 0.00131512
0 0.221903 0.0209229 0.0800885 0.0333496 0.00130463
3 0.140597 0.0519531 0.278982 0.101562 0.0012846
3 0.131305 0.0998047 0.262168 0.196484 0.00124454
0 0.325221 0.0509277 0.149558 0.10127 0.00122547
1 0.206637 0.0204102 0.143363 0.0373047 0.00119686
16 0.480089 0.517969 0.940708 0.929688 0.00113392
2 0.468142 0.0277466 0.20885 0.0532959 0.00112438
2 0.488496 0.0114136 0.152212 0.0228271 0.00112057
2 0.268142 0.0234375 0.184513 0.0431641 0.00109482
39 0.252876 0.715234 0.0473451 0.0375 0.00107288
2 0.484181 0.0168457 0.175 0.0325195 0.00104809
8 0.552212 0.065625 0.411504 0.126563 0.00103664
0 0.235896 0.0401245 0.108739 0.0429932 0.00102806
24 0.340265 0.0674316 0.163717 0.0733398 0.00101662
2 0.807965 0.072168 0.330973 0.0708984 0.00101662
3 0.477876 0.509375 0.945133 0.954688 0.939941
3 0.211726 0.211133 0.422566 0.416797 0.185303
3 0.0655973 0.0325684 0.129425 0.0641602 0.0510864
3 0.208905 0.149805 0.415819 0.296094 0.0420837
0 0.167478 0.0188477 0.0628319 0.0365234 0.0332642
3 0.417257 0.233203 0.828319 0.442969 0.0263519
0 0.244912 0.0217041 0.221681 0.0407715 0.0256653
3 0.0896018 0.0291016 0.175442 0.0582031 0.0164642
3 0.278097 0.0779297 0.285398 0.15293 0.0161591
3 0.44292 0.309375 0.880531 0.596094 0.0144501
0 0.286339 0.0530762 0.261836 0.104395 0.0135345
0 0.0665929 0.00998535 0.113938 0.0199707 0.0121002
0 0.102904 0.03125 0.198617 0.0623047 0.0115051
3 0.620243 0.2875 0.709956 0.517188 0.0112
0 0.150885 0.0187012 0.100885 0.0370117 0.0104065
3 0.275664 0.130273 0.3 0.253125 0.00997162
0 0.0754978 0.0155273 0.12865 0.0310547 0.00993347
0 0.100415 0.0177979 0.0827987 0.0355957 0.00978088
0 0.131416 0.0254395 0.257965 0.0495117 0.00963593
3 0.297566 0.100806 0.24469 0.199561 0.00809479
3 0.281858 0.297266 0.560177 0.569531 0.00766754
3 0.063219 0.0179932 0.117146 0.0359863 0.00740433
3 0.504425 0.0859375 0.835398 0.168359 0.00698471
0 0.19115 0.0358521 0.372566 0.070874 0.0064888
3 0.296958 0.0527344 0.242367 0.103711 0.00547028
0 0.252655 0.0320312 0.240708 0.0618164 0.00536346
24 0.299558 0.0531738 0.240708 0.104199 0.00481033
3 0.197345 0.0362183 0.39469 0.0713135 0.00457382
0 0.0664823 0.0304199 0.13031 0.0604492 0.00436401
3 0.0622788 0.0253418 0.119248 0.0432617 0.00403976
3 0.331029 0.113477 0.38573 0.219531 0.00382423
3 0.0606195 0.164844 0.121239 0.271484 0.00351143
58 0.615929 0.0939453 0.0831858 0.0642578 0.00346947
0 0.207135 0.020459 0.145022 0.0375 0.00332451
0 0.121903 0.0176514 0.0391593 0.0348145 0.00328636
3 0.127655 0.160645 0.25531 0.291602 0.00311089
0 0.212611 0.209961 0.420796 0.412109 0.0030632
58 0.612832 0.102539 0.0769911 0.046875 0.00304031
0 0.260398 0.069043 0.297788 0.135937 0.00282288
2 0.0633296 0.0104492 0.109845 0.0208984 0.0027256
3 0.531416 0.189648 0.802655 0.36875 0.00257111
3 0.235619 0.112012 0.367699 0.223242 0.0024929
2 0.0622788 0.0336914 0.123673 0.0673828 0.00245285
0 0.0628872 0.0259766 0.11604 0.0324219 0.00225258
3 0.0633296 0.0104492 0.109845 0.0208984 0.00222588
0 0.26969 0.024707 0.182743 0.0479492 0.00216484
2 0.063219 0.0179932 0.117146 0.0359863 0.00197983
32 0.252434 0.714844 0.05 0.040625 0.00196457
0 0.316593 0.226367 0.628761 0.426953 0.00191212
0 0.232301 0.0298828 0.107965 0.0513672 0.00188923
3 0.190929 0.140332 0.256195 0.244336 0.00183105
24 0.306195 0.0957031 0.230973 0.189844 0.00181007
58 0.628761 0.0883057 0.0964602 0.0679199 0.00175476
3 0.252655 0.0320312 0.240708 0.0618164 0.00165462
3 0.385177 0.186328 0.526991 0.361328 0.00163555
0 0.270133 0.150488 0.299558 0.298242 0.00162888
3 0.207135 0.020459 0.145022 0.0375 0.00157356
0 0.236781 0.021875 0.114049 0.0373047 0.00154877
8 0.559292 0.0649414 0.428319 0.124414 0.00151253
16 0.479646 0.517969 0.945133 0.929688 0.00151253
0 0.264989 0.0367676 0.180642 0.0655273 0.00150108
1 0.479646 0.509375 0.938053 0.940625 0.00148964
0 0.299558 0.0244141 0.112389 0.0473633 0.00146675
2 0.461504 0.0746094 0.784071 0.145313 0.00143242
3 0.26792 0.0234863 0.186283 0.043457 0.00139427
3 0.0625 0.0980469 0.124336 0.192188 0.00135612
2 0.473009 0.0353027 0.251327 0.0670898 0.00131989
4 0.480531 0.512891 0.950442 0.946094 0.00125504
8 0.552102 0.0369629 0.400221 0.0708008 0.00124454
2 0.578761 0.0734863 0.60177 0.13916 0.00124454
1 0.207135 0.020459 0.145022 0.0375 0.00123978
1 0.0622788 0.0336914 0.123673 0.0673828 0.00123501
3 0.213274 0.383984 0.423009 0.672656 0.00123501
3 0.578761 0.0734863 0.60177 0.13916 0.00122547
0 0.324336 0.0511719 0.149115 0.101367 0.0012207
2 0.488385 0.0114258 0.152434 0.0228516 0.0012064
3 0.14115 0.0500977 0.279646 0.0978516 0.00119209
26 0.299558 0.0531738 0.240708 0.104199 0.00119209
41 0.675221 0.11582 0.0283186 0.0234375 0.00113773
0 0.221737 0.0210449 0.0804204 0.0334961 0.00113392
2 0.483186 0.0199219 0.177876 0.0380859 0.00112915
3 0.328319 0.0522949 0.163717 0.103613 0.00111198
3 0.131637 0.0999023 0.262389 0.19707 0.00108147
0 0.235398 0.0394653 0.109735 0.0448975 0.00104809
2 0.501327 0.0994385 0.873451 0.190186 0.00104427
3 0.577876 0.104395 0.745133 0.193555 0.00102043
2 0.80885 0.0708008 0.327434 0.0673828 0.00101185
1 0.0633296 0.0104492 0.109845 0.0208984 0.00100422
3 0.477876 0.508594 0.945133 0.954688 0.941895
3 0.21156 0.213086 0.422898 0.420703 0.191895
3 0.065708 0.0325317 0.129646 0.0642334 0.0472412
3 0.20885 0.148633 0.415929 0.294141 0.0428772
0 0.167478 0.0188965 0.0632743 0.0367188 0.0264587
3 0.418584 0.232227 0.830973 0.443359 0.0255585
0 0.246515 0.0231201 0.217588 0.0422363 0.0222931
3 0.0954646 0.0285156 0.187168 0.0570313 0.0155411
3 0.275277 0.0783203 0.291925 0.153906 0.0145035
0 0.103125 0.0308594 0.198617 0.0615234 0.0109482
3 0.3349 0.0868164 0.408075 0.169922 0.0104065
0 0.0665929 0.010083 0.114159 0.020166 0.0103302
0 0.150885 0.0187988 0.101327 0.0373047 0.00985718
0 0.169137 0.0258789 0.33385 0.0506836 0.00948334
3 0.611394 0.2875 0.727655 0.51875 0.00945282
3 0.50177 0.0839844 0.830088 0.164844 0.00912476
0 0.0988661 0.0178711 0.085896 0.0357422 0.00905609
0 0.0754978 0.0156982 0.128872 0.0313965 0.00894928
0 0.282301 0.0530273 0.269027 0.104492 0.00867462
3 0.272345 0.133398 0.310177 0.258984 0.00821686
3 0.297124 0.100977 0.245575 0.2 0.00682449
3 0.285398 0.286328 0.567257 0.552344 0.00641251
3 0.063219 0.0180908 0.117367 0.0361816 0.00624084
0 0.191814 0.0358521 0.376106 0.0706787 0.00605011
3 0.198783 0.0361328 0.397566 0.0710938 0.00492477
3 0.519912 0.114355 0.784956 0.220508 0.00438309
3 0.295796 0.0527344 0.24469 0.103906 0.00436401
0 0.254204 0.0311401 0.24292 0.0601807 0.00419998
0 0.0664823 0.0297363 0.13031 0.0592773 0.00366402
58 0.615929 0.0929688 0.0831858 0.0666016 0.00342941
3 0.0622788 0.0251953 0.11969 0.0436523 0.00333786
24 0.298728 0.0532227 0.242367 0.104297 0.00332451
0 0.212832 0.212891 0.421239 0.41875 0.00325966
0 0.121903 0.0177002 0.0391593 0.0349121 0.003088
3 0.216372 0.326172 0.430973 0.625781 0.0029583
0 0.207522 0.0204834 0.14646 0.0378418 0.00288963
58 0.612832 0.102148 0.0769911 0.0478516 0.00277901
3 0.0606195 0.163965 0.121239 0.276758 0.00266266
3 0.531969 0.189063 0.790929 0.367969 0.00261116
3 0.476549 0.290234 0.942478 0.563281 0.00250244
0 0.262389 0.0693848 0.29469 0.136621 0.00245285
2 0.063219 0.0105957 0.109845 0.0211914 0.0024147
3 0.128097 0.159863 0.256195 0.294336 0.00232315
16 0.483186 0.519531 0.950442 0.920313 0.00220871
3 0.2349 0.112207 0.369137 0.224023 0.00219154
0 0.315929 0.226172 0.626549 0.428906 0.00218201
0 0.0626106 0.0259277 0.116814 0.0331055 0.00211525
2 0.0622234 0.0338379 0.123783 0.0676758 0.00202751
4 0.483186 0.519531 0.950442 0.920313 0.00189686
3 0.063219 0.0105957 0.109845 0.0211914 0.00188923
32 0.252434 0.714844 0.0495575 0.040625 0.00178242
3 0.565376 0.0741699 0.62854 0.141504 0.00174141
2 0.063219 0.0180908 0.117367 0.0361816 0.00170708
58 0.628761 0.0883057 0.0964602 0.0683106 0.00167465
2 0.449558 0.0746094 0.773451 0.145703 0.00167465
8 0.562721 0.0639648 0.437389 0.122461 0.00162888
3 0.254204 0.0311401 0.24292 0.0601807 0.00156116
0 0.231858 0.029541 0.107965 0.0514648 0.00154877
3 0.371239 0.186328 0.487611 0.361328 0.00154877
0 0.259292 0.0265625 0.160619 0.0489258 0.00153637
3 0.207522 0.0204834 0.14646 0.0378418 0.0015192
0 0.263717 0.15332 0.313274 0.303906 0.0014782
2 0.565376 0.0741699 0.62854 0.141504 0.0014782
0 0.265929 0.0362793 0.184513 0.0672852 0.0014267
8 0.55354 0.0369629 0.404425 0.0710938 0.00138855
24 0.304812 0.095874 0.232854 0.190283 0.00137806
1 0.207522 0.0204834 0.14646 0.0378418 0.00136185
2 0.474336 0.035437 0.253982 0.0674072 0.00131989
1 0.483186 0.519531 0.950442 0.920313 0.0012846
3 0.0626106 0.0995117 0.124336 0.195508 0.00127411
0 0.239878 0.0219727 0.122013 0.037793 0.0012598
3 0.267257 0.023584 0.188496 0.044043 0.00123978
0 0.299115 0.0244873 0.112389 0.0476074 0.00119686
2 0.488496 0.0114502 0.152212 0.0229004 0.00118351
1 0.0622234 0.0338379 0.123783 0.0676758 0.00118351
2 0.484071 0.0193359 0.176991 0.0369141 0.00116062
0 0.323894 0.0514648 0.148673 0.101758 0.00113392
2 0.499226 0.1 0.875885 0.191406 0.00113392
3 0.142699 0.0489746 0.281858 0.0956055 0.00110722
3 0.1974 0.141016 0.270686 0.249219 0.00110722
41 0.675221 0.11582 0.0283186 0.0234375 0.00106907
1 0.063219 0.0105957 0.109845 0.0211914 0.00105667
1 0.0630531 0.01521 0.118584 0.0304199 0.00101662
0 0.234956 0.0381836 0.110177 0.0477539 0.00100422
3 0.476991 0.508594 0.943363 0.954688 0.946777
3 0.211062 0.213086 0.422124 0.420703 0.151489
3 0.065708 0.0324219 0.129646 0.0642578 0.0492249
0 0.167589 0.0189209 0.0634956 0.0366699 0.0294189
3 0.419027 0.230469 0.833628 0.44375 0.0229797
0 0.246018 0.0216064 0.224779 0.0405762 0.0219421
3 0.0961283 0.0272949 0.188274 0.0545898 0.0155411
0 0.103512 0.0292969 0.19917 0.0585938 0.0154877
3 0.195686 0.151074 0.391372 0.300195 0.0148392
0 0.0662611 0.00986328 0.113053 0.0197266 0.0109024
0 0.151106 0.0187988 0.101327 0.0374023 0.0109024
3 0.273009 0.0801758 0.29823 0.157227 0.00945282
3 0.330973 0.0875977 0.422124 0.171289 0.00937653
3 0.484956 0.0829102 0.815929 0.162305 0.00919342
0 0.0987002 0.0178467 0.0862279 0.0356934 0.00912476
0 0.0755531 0.0149414 0.128097 0.0298828 0.00891876
3 0.632301 0.294727 0.685841 0.535547 0.00888062
58 0.616372 0.0921875 0.0840708 0.0683594 0.00614548
3 0.0631637 0.0177979 0.116814 0.0355957 0.00605011
0 0.192478 0.035437 0.379646 0.069751 0.00538635
0 0.0665929 0.0287109 0.13031 0.0574219 0.00500107
58 0.613274 0.100977 0.0778761 0.0511719 0.00479126
0 0.280088 0.0530273 0.273451 0.104492 0.00448608
3 0.26969 0.131445 0.319027 0.254688 0.00438309
3 0.504535 0.117188 0.76792 0.225391 0.00413513
0 0.213274 0.214844 0.421239 0.421875 0.00413513
3 0.284956 0.272266 0.566372 0.529688 0.00359344
3 0.195243 0.0356567 0.390487 0.0702881 0.00342941
16 0.481858 0.520312 0.947788 0.917188 0.00335121
2 0.0631637 0.0105469 0.109292 0.0210938 0.00329781
58 0.628319 0.0884522 0.0973451 0.0684082 0.00328636
3 0.296681 0.101562 0.245575 0.200781 0.00328636
0 0.064823 0.0185547 0.117478 0.0371094 0.00317192
0 0.121903 0.0177002 0.0391593 0.0350098 0.00314713
3 0.0620575 0.0247803 0.119912 0.0439941 0.00301552
24 0.29823 0.0530273 0.243363 0.104102 0.00300407
0 0.254646 0.0294922 0.24469 0.0568359 0.00291252
0 0.329646 0.225 0.653982 0.429688 0.00274658
0 0.205808 0.0205078 0.143252 0.0380859 0.00268364
8 0.548783 0.0369629 0.394469 0.0712891 0.00253105
8 0.55708 0.0587891 0.425664 0.112305 0.00243378
2 0.0620575 0.0339844 0.123673 0.0679687 0.00232315
3 0.290266 0.0527344 0.252212 0.103516 0.00230598
3 0.497345 0.189648 0.865487 0.369531 0.00230598
0 0.0623341 0.0256836 0.117146 0.0335938 0.00229645
2 0.0631637 0.0177979 0.116814 0.0355957 0.00208282
3 0.0631637 0.0105469 0.109292 0.0210938 0.00205803
3 0.585066 0.0711914 0.56792 0.136328 0.00205803
2 0.432301 0.0730957 0.744248 0.14248 0.0020504
3 0.475221 0.293359 0.943363 0.572656 0.0020504
0 0.262389 0.0708984 0.29115 0.139648 0.00191212
3 0.21615 0.330859 0.431416 0.640625 0.00191212
2 0.473009 0.029541 0.200885 0.056543 0.00181007
2 0.478761 0.0355347 0.261062 0.0677979 0.00174141
2 0.486283 0.0172363 0.171681 0.0331055 0.00162315
2 0.48927 0.0114624 0.150664 0.0229248 0.00154877
58 0.607965 0.0987305 0.0654867 0.03125 0.00154877
4 0.481858 0.520312 0.947788 0.917188 0.00152493
2 0.585066 0.0711914 0.56792 0.136328 0.00148964
3 0.0605642 0.162598 0.120907 0.286914 0.00148392
3 0.604425 0.105103 0.695575 0.197607 0.00147247
3 0.127876 0.158398 0.255752 0.299609 0.0014267
0 0.269524 0.0248047 0.18219 0.0479492 0.00136185
41 0.675221 0.11582 0.0300885 0.0240234 0.00134087
3 0.205808 0.0205078 0.143252 0.0380859 0.00133038
0 0.248673 0.156543 0.343363 0.310352 0.00129414
8 0.495686 0.0671875 0.298894 0.130078 0.0012846
1 0.205808 0.0205078 0.143252 0.0380859 0.00127411
3 0.373451 0.185352 0.488496 0.359375 0.00126457
3 0.0627212 0.106445 0.124336 0.209766 0.00124931
1 0.0631637 0.0105469 0.109292 0.0210938 0.00123024
24 0.308186 0.0961914 0.226106 0.19082 0.00122547
2 0.497345 0.0982178 0.870796 0.187939 0.0012064
0 0.264657 0.035791 0.183075 0.0679687 0.00116539
32 0.252434 0.714844 0.049115 0.040625 0.00116062
3 0.254646 0.0294922 0.24469 0.0568359 0.0011425
58 0.634513 0.0998047 0.0353982 0.0359375 0.00111198
2 0.482301 0.0665039 0.271681 0.128711 0.00110722
3 0.266814 0.0236816 0.190708 0.0442383 0.0011034
0 0.230752 0.0289063 0.106637 0.0503906 0.0011034
58 0.606195 0.0868164 0.0495575 0.0429688 0.00108624
1 0.0630531 0.0147949 0.11792 0.0295898 0.00102806
0 0.237223 0.021875 0.118473 0.0376953 0.00100803
1 0.0620575 0.0339844 0.123673 0.0679687 0.00100803
3 0.477876 0.505859 0.941593 0.960156 0.947266
3 0.211062 0.214453 0.422124 0.423438 0.110107
3 0.0655973 0.0324097 0.129425 0.0640869 0.0440063
0 0.167699 0.019043 0.0637168 0.0366211 0.0250397
0 0.10354 0.0285645 0.199558 0.0570313 0.0186157
3 0.424889 0.228516 0.845796 0.442188 0.0184021
0 0.24646 0.0230225 0.220354 0.042041 0.0159607
3 0.192478 0.144922 0.384956 0.287891 0.0153656
3 0.0983407 0.0266357 0.192257 0.0532715 0.0130234
0 0.0662472 0.00981445 0.11286 0.0196289 0.0102081
0 0.151217 0.0188477 0.101549 0.0374023 0.00930023
3 0.463274 0.0823242 0.786726 0.160938 0.00831604
0 0.0753872 0.0147461 0.128208 0.0294922 0.00815582
0 0.0959071 0.0178955 0.0915929 0.035791 0.00796509
3 0.321681 0.0882568 0.427434 0.172314 0.00784302
3 0.638938 0.315625 0.670796 0.578125 0.00751877
58 0.616814 0.0917969 0.0840708 0.0691406 0.00695801
3 0.266593 0.0814209 0.312832 0.159424 0.00664139
3 0.137832 0.198633 0.275664 0.390234 0.00631332
0 0.0665376 0.0279785 0.129757 0.055957 0.00564194
0 0.212002 0.213477 0.423783 0.420703 0.00564194
3 0.0632743 0.0147217 0.117257 0.0294434 0.00526047
0 0.193142 0.0357422 0.383628 0.0701172 0.00469971
58 0.612389 0.0967773 0.0761062 0.0525391 0.00443268
16 0.483186 0.519922 0.948673 0.921094 0.00429916
3 0.544358 0.275977 0.833407 0.510547 0.00385475
3 0.483186 0.119531 0.740708 0.229687 0.00362206
58 0.629204 0.0879883 0.0955752 0.0691406 0.00359344
2 0.063385 0.0105591 0.108628 0.0211182 0.00348282
8 0.547898 0.0370117 0.394469 0.0714844 0.00311089
2 0.0628872 0.0310425 0.125774 0.0609619 0.00304031
58 0.613274 0.105859 0.0761062 0.0441406 0.00286674
3 0.260619 0.132422 0.341593 0.25625 0.00286674
0 0.339823 0.223633 0.675221 0.429297 0.00277901
0 0.0649336 0.018457 0.117478 0.0369141 0.00274658
3 0.335619 0.120703 0.447345 0.232813 0.00270462
0 0.122013 0.017749 0.0391593 0.0352051 0.00269318
8 0.554757 0.0563477 0.42146 0.108008 0.00268364
0 0.29823 0.0527344 0.243363 0.102734 0.0026207
3 0.0619469 0.0243164 0.120133 0.0436523 0.00250244
3 0.207909 0.0358154 0.4125 0.0716309 0.00242424
24 0.297566 0.0530273 0.243805 0.103711 0.00229645
0 0.20531 0.0205078 0.142035 0.0381836 0.00222588
3 0.0894912 0.0355469 0.176991 0.0703125 0.00218201
2 0.477765 0.0259766 0.189602 0.0494141 0.00214005
2 0.0632743 0.0177246 0.116372 0.0354492 0.00213242
3 0.592035 0.070752 0.538053 0.13584 0.00209999
2 0.424779 0.0726563 0.729204 0.141602 0.00206757
0 0.0622234 0.0255737 0.117146 0.0336182 0.00202751
3 0.514159 0.185352 0.776991 0.359766 0.00202751
3 0.282965 0.251758 0.563274 0.491016 0.00188255
2 0.487168 0.0148437 0.168142 0.028418 0.00187492
3 0.063385 0.0105591 0.108628 0.0211182 0.00185299
2 0.480642 0.0355957 0.265265 0.0680664 0.00178242
0 0.256858 0.0288208 0.249115 0.0554443 0.00176811
58 0.608407 0.0984375 0.0663717 0.0320312 0.0017004
3 0.296239 0.101562 0.24646 0.201172 0.00168133
2 0.489381 0.0114746 0.150442 0.0229492 0.00155449
3 0.623894 0.104492 0.653097 0.197266 0.00145531
3 0.29823 0.0527344 0.243363 0.102734 0.00142097
2 0.592035 0.070752 0.538053 0.13584 0.00141048
58 0.605752 0.0880615 0.0522124 0.0469238 0.00136662
41 0.675221 0.116016 0.0300885 0.0242188 0.00135612
8 0.498341 0.0668945 0.304204 0.129688 0.00130463
58 0.634513 0.099707 0.0371681 0.0375 0.00129986
0 0.262777 0.0710938 0.292146 0.139844 0.0012846
1 0.063385 0.0105591 0.108628 0.0211182 0.00123978
1 0.20531 0.0205078 0.142035 0.0381836 0.00114727
3 0.0636615 0.0501953 0.127102 0.0990234 0.00113392
2 0.49646 0.0973633 0.860177 0.186523 0.00113392
3 0.371239 0.183008 0.49823 0.355078 0.0011158
4 0.483186 0.519922 0.948673 0.921094 0.0011158
3 0.0626659 0.107324 0.124226 0.211133 0.00111198
0 0.221626 0.15625 0.397456 0.309766 0.00110722
3 0.20531 0.0205078 0.142035 0.0381836 0.00107765
3 0.216593 0.342969 0.432301 0.66875 0.00104809
2 0.483628 0.0666992 0.273451 0.129297 0.00102425
3 0.477876 0.503516 0.945133 0.964844 0.944824
3 0.20885 0.192969 0.417699 0.378125 0.0823975
3 0.065708 0.0323364 0.129204 0.0640381 0.0344849
0 0.10354 0.027832 0.2 0.0554687 0.0200958
0 0.16781 0.0190918 0.0639381 0.0366211 0.0188751
3 0.288717 0.223047 0.573009 0.433594 0.0156708
3 0.432301 0.227344 0.861947 0.441406 0.0149002
3 0.186836 0.141016 0.373673 0.280078 0.0146179
3 0.0957965 0.0328125 0.188053 0.0654297 0.0130234
0 0.247124 0.0230957 0.222566 0.0422852 0.0111618
0 0.0662058 0.00986328 0.112721 0.0197266 0.00871277
3 0.441593 0.0825195 0.750443 0.160938 0.00812531
0 0.212168 0.214844 0.424336 0.423438 0.00748825
0 0.151438 0.0188721 0.101991 0.0374512 0.00706482
58 0.618142 0.0913818 0.0867257 0.0703613 0.00695801
0 0.0751659 0.0147217 0.128429 0.0294434 0.0068512
3 0.320133 0.0906006 0.44823 0.176611 0.0064621
0 0.092146 0.0179687 0.0993363 0.0359375 0.00629044
3 0.632854 0.343555 0.681195 0.635547 0.00600433
0 0.066427 0.0268311 0.129093 0.0536621 0.00503922
16 0.484956 0.519531 0.952212 0.926562 0.00482941
3 0.257024 0.0862305 0.335509 0.16875 0.00479126
3 0.107992 0.204102 0.215874 0.401172 0.00471878
3 0.063385 0.0146484 0.116593 0.0292969 0.00452042
0 0.193861 0.036084 0.386615 0.0706055 0.00395966
3 0.459734 0.121191 0.704425 0.232617 0.00346947
8 0.546792 0.0370605 0.393142 0.0717773 0.00345612
2 0.0628319 0.0308594 0.125664 0.0605469 0.00337601
2 0.0634956 0.0105957 0.108407 0.0211914 0.00313568
0 0.356858 0.222852 0.709292 0.429297 0.00283432
8 0.552102 0.0545898 0.41792 0.104883 0.00270462
58 0.611947 0.102539 0.0752212 0.0453125 0.00257111
3 0.546128 0.276172 0.829867 0.511719 0.00257111
3 0.590155 0.070459 0.517035 0.135645 0.00247192
3 0.336283 0.123438 0.467257 0.2375 0.00230598
2 0.481858 0.0222412 0.181416 0.042041 0.00226974
0 0.0649889 0.0183838 0.117588 0.0367676 0.00225258
0 0.295796 0.0375488 0.24823 0.0745117 0.00214005
0 0.122124 0.0177734 0.0391593 0.0353516 0.00209999
3 0.502212 0.185156 0.772566 0.359375 0.00208282
3 0.0618916 0.0238281 0.120465 0.0433594 0.00206757
3 0.251715 0.138672 0.370907 0.267969 0.00201988
0 0.297788 0.0527344 0.244248 0.102734 0.00201035
2 0.487611 0.0135254 0.166372 0.0259766 0.00195694
2 0.483186 0.0687988 0.673451 0.133496 0.00194168
2 0.063385 0.0175781 0.11615 0.0351562 0.00191212
3 0.207965 0.0351074 0.412832 0.0702148 0.00188923
0 0.0621681 0.025293 0.117478 0.0337891 0.00174141
0 0.20531 0.0205078 0.142478 0.0384766 0.00170708
2 0.481858 0.0357422 0.268142 0.0685547 0.0016613
24 0.296903 0.0529297 0.245133 0.103711 0.00163555
3 0.0634956 0.0105957 0.108407 0.0211914 0.00158501
58 0.610177 0.0980469 0.0699115 0.0339844 0.00158501
3 0.627876 0.104199 0.627434 0.197461 0.00150108
58 0.634071 0.0988281 0.0442478 0.0429688 0.00149536
58 0.606195 0.0890625 0.0548673 0.0515625 0.0014267
2 0.590155 0.070459 0.517035 0.135645 0.00142097
1 0.0634956 0.0105957 0.108407 0.0211914 0.0012598
8 0.499889 0.0664062 0.308186 0.129102 0.00117397
41 0.675664 0.116016 0.0300885 0.0246094 0.00115108
3 0.378319 0.183545 0.529204 0.356348 0.00109005
58 0.630973 0.0833008 0.0884956 0.0591797 0.00107288
0 0.258407 0.0286011 0.252655 0.0547119 0.00105667
1 0.063385 0.0146484 0.116593 0.0292969 0.00102043
2 0.486726 0.00917969 0.155752 0.0177734 0.00100422
3 0.479204 0.502344 0.947788 0.96875 0.938965
3 0.20885 0.196045 0.417699 0.384473 0.0747681
3 0.0655973 0.0324341 0.129204 0.0642334 0.0272675
0 0.103512 0.0282104 0.200498 0.0560791 0.0208893
3 0.186726 0.139941 0.373451 0.27793 0.0144501
0 0.16427 0.0189941 0.0714602 0.0364258 0.014061
3 0.436283 0.226758 0.869027 0.440234 0.0136337
3 0.289602 0.222656 0.574779 0.432813 0.0130234
0 0.192035 0.0220703 0.347788 0.0425781 0.0110703
3 0.0987832 0.0330078 0.194469 0.0658203 0.00974274
0 0.247843 0.0233398 0.225553 0.0426758 0.0091629
3 0.427434 0.0835937 0.728319 0.162891 0.00912476
0 0.212445 0.215234 0.424668 0.424219 0.0077858
0 0.0662749 0.00996094 0.113247 0.0199219 0.00740433
3 0.315929 0.0917969 0.461062 0.178906 0.00677109
58 0.618584 0.0912109 0.0876106 0.0708984 0.00591278
0 0.0748894 0.0148926 0.128982 0.0297852 0.00572968
3 0.617589 0.393359 0.709956 0.735938 0.00518036
0 0.151549 0.0189209 0.102212 0.0375488 0.00508118
0 0.0891593 0.0180176 0.10531 0.0360352 0.00502014
3 0.24823 0.0892334 0.355752 0.174658 0.00502014
0 0.0663717 0.026123 0.128761 0.0522461 0.00486755
3 0.063385 0.0175049 0.11615 0.0350098 0.00426483
3 0.0924779 0.207422 0.184513 0.407813 0.00419998
3 0.440708 0.120117 0.677876 0.230469 0.00395966
16 0.487611 0.519531 0.955752 0.929688 0.00382423
0 0.194635 0.0364746 0.387721 0.0711914 0.00380898
2 0.0627766 0.0307495 0.125553 0.060376 0.00341606
3 0.5875 0.0701172 0.513496 0.135156 0.00327301
8 0.546018 0.0371582 0.39292 0.072168 0.00309944
0 0.368584 0.222461 0.732743 0.428516 0.00279999
2 0.0634956 0.0106201 0.108407 0.0212402 0.00263214
3 0.334956 0.122949 0.478761 0.236523 0.00255013
2 0.484071 0.0192871 0.175221 0.0363281 0.00253105
8 0.550553 0.0539551 0.417478 0.104004 0.00237846
2 0.4875 0.012915 0.164823 0.0250488 0.00217438
0 0.294912 0.0352051 0.250885 0.0701172 0.00211525
2 0.474226 0.0697754 0.683407 0.135449 0.00208282
58 0.612389 0.102148 0.0761062 0.0464844 0.00199509
0 0.0650442 0.0183105 0.117699 0.0366211 0.00192642
3 0.0618363 0.0234375 0.120575 0.0430664 0.00188923
3 0.623894 0.103613 0.617699 0.196289 0.00183105
3 0.207743 0.0340576 0.413274 0.0681152 0.00181007
0 0.297345 0.052832 0.245133 0.102734 0.00176811
2 0.482301 0.0358887 0.269027 0.0689453 0.0017004
2 0.063385 0.0175049 0.11615 0.0350098 0.0016613
0 0.122124 0.017749 0.0393805 0.0354004 0.00159168
2 0.5875 0.0701172 0.513496 0.135156 0.00157356
0 0.0619469 0.0251465 0.117699 0.0338867 0.00148964
24 0.296405 0.0529785 0.247013 0.103809 0.0014782
0 0.206195 0.0204834 0.14469 0.038623 0.00146103
3 0.0634956 0.0106201 0.108407 0.0212402 0.00143814
1 0.0634956 0.0106201 0.108407 0.0212402 0.00136185
3 0.382743 0.183203 0.553982 0.355469 0.00133514
58 0.634513 0.0984375 0.0460177 0.0449219 0.00131989
3 0.447345 0.313086 0.89292 0.617578 0.00131512
58 0.605752 0.0892334 0.0548673 0.052002 0.0012207
3 0.535398 0.28125 0.853097 0.521875 0.00121593
14 0.790266 0.75 0.0353982 0.0171875 0.00115108
1 0.0634956 0.0146729 0.116372 0.0293457 0.00112915
1 0.206195 0.0204834 0.14469 0.038623 0.00101185
3 0.480973 0.500781 0.953097 0.970313 0.932129
3 0.20885 0.195703 0.417699 0.384375 0.0705566
3 0.0654867 0.0324219 0.128761 0.0642578 0.0229797
0 0.103125 0.0286133 0.20083 0.0568359 0.0217438
0 0.16792 0.019165 0.0641593 0.0365723 0.0136871
3 0.184624 0.136816 0.369248 0.27207 0.0136871
3 0.437942 0.226172 0.872788 0.439063 0.012825
3 0.295575 0.222461 0.585841 0.431641 0.0114212
3 0.414602 0.0849609 0.69646 0.165625 0.0107803
0 0.188717 0.0225098 0.354867 0.0433594 0.0107346
0 0.212777 0.215625 0.424889 0.425 0.00891876
3 0.320354 0.0942383 0.481416 0.183789 0.00793457
3 0.0993363 0.0330933 0.195575 0.06604 0.00772476
0 0.24917 0.023584 0.229093 0.0431641 0.00746155
0 0.0662611 0.0100586 0.113496 0.0201172 0.00701141
3 0.473009 0.0693848 0.666372 0.135059 0.0064621
58 0.619469 0.0909912 0.0893805 0.0711426 0.00591278
3 0.242423 0.0908203 0.370022 0.177734 0.00564194
3 0.426106 0.117383 0.643363 0.225 0.00530243
0 0.0744469 0.0148926 0.129204 0.0297852 0.00526047
0 0.0660951 0.0258301 0.128429 0.0516602 0.00496292
0 0.15177 0.0189209 0.10177 0.0375488 0.00446701
0 0.0875 0.0180664 0.108628 0.0361328 0.00443268
3 0.0634956 0.0145508 0.11615 0.0291016 0.00443268
2 0.0626659 0.0307617 0.125332 0.0604492 0.00407028
3 0.60354 0.422656 0.738053 0.795313 0.00407028
3 0.583186 0.0686523 0.502655 0.132422 0.00397491
8 0.545575 0.0372559 0.393805 0.0725586 0.00367928
16 0.487611 0.503906 0.961062 0.9625 0.00351143
0 0.194469 0.0369019 0.388938 0.0720947 0.00332451
3 0.0847622 0.206836 0.169414 0.406641 0.00327301
0 0.381416 0.22207 0.759292 0.427734 0.00309944
2 0.484071 0.0187012 0.175221 0.0352539 0.00300407
2 0.061297 0.0102051 0.10661 0.0204102 0.00293541
2 0.487611 0.0127686 0.165487 0.0247559 0.0026722
8 0.549447 0.0508911 0.41615 0.0978272 0.00251198
0 0.294469 0.0361328 0.25177 0.0720703 0.0024147
2 0.473009 0.0693848 0.666372 0.135059 0.00228691
2 0.483628 0.036084 0.273451 0.0696289 0.00214005
3 0.619469 0.10127 0.60531 0.192383 0.00208282
3 0.0616704 0.0236328 0.120907 0.0425781 0.00189686
3 0.391372 0.184033 0.588938 0.356934 0.00188923
2 0.0632743 0.017334 0.11615 0.034668 0.00186729
58 0.612389 0.101758 0.0761062 0.0480469 0.00184631
2 0.583186 0.0686523 0.502655 0.132422 0.00183105
0 0.296903 0.052832 0.246018 0.10293 0.0017004
3 0.208186 0.0349609 0.414159 0.0699219 0.00163555
24 0.295962 0.0529297 0.247898 0.103906 0.00157928
1 0.0634403 0.0106934 0.108739 0.0213867 0.00143242
60 0.000732854 0.696094 0.00146571 0.604688 0.00143242
58 0.634071 0.0975586 0.0504425 0.0478516 0.00141621
3 0.0634403 0.0106934 0.108739 0.0213867 0.00136185
0 0.122345 0.0177734 0.0391593 0.0354492 0.00135612
14 0.790266 0.75 0.0353982 0.0171875 0.00135136
0 0.206692 0.020459 0.145907 0.0386719 0.00130939
0 0.0618363 0.0252808 0.11792 0.0336182 0.00130463
1 0.0634956 0.0145508 0.11615 0.0291016 0.00129414
2 0.486615 0.00922852 0.155973 0.0179687 0.00123501
58 0.606195 0.0882568 0.0548673 0.0508301 0.00121117
56 0.0634403 0.0106934 0.108739 0.0213867 0.00109863
2 0.520796 0.0139648 0.259292 0.0276367 0.00106525
8 0.502212 0.0647461 0.314159 0.125977 0.00106525
58 0.630973 0.0833008 0.0893805 0.0603516 0.00103188
2 0.485398 0.0668945 0.278761 0.130273 0.00102043
3 0.483186 0.500781 0.955752 0.970313 0.928223
3 0.20885 0.194385 0.417699 0.382324 0.0841675
3 0.0653761 0.0324097 0.128761 0.0644775 0.0213623
0 0.102987 0.0289917 0.201106 0.0576416 0.021286
3 0.298009 0.222266 0.591593 0.430469 0.0158386
3 0.438164 0.225781 0.874115 0.4375 0.0148392
3 0.181084 0.1375 0.362168 0.273438 0.0145035
0 0.16792 0.0191406 0.0641593 0.0366211 0.0129242
3 0.40531 0.0874023 0.683186 0.170508 0.0119629
0 0.186836 0.0230957 0.359513 0.0446289 0.0113297
3 0.317699 0.0958008 0.481416 0.187305 0.00901794
0 0.212334 0.216211 0.424004 0.426172 0.0078125
3 0.0993363 0.0331543 0.195575 0.0662109 0.00717545
0 0.24917 0.0236816 0.229093 0.043457 0.00714874
0 0.0662058 0.0101563 0.113606 0.0203125 0.0069046
3 0.471681 0.0711914 0.657522 0.138867 0.00653839
3 0.238551 0.0946289 0.374226 0.185742 0.00631332
58 0.619469 0.0911865 0.0884956 0.0711426 0.00616837
0 0.0660398 0.0256836 0.128097 0.0513672 0.00526047
0 0.074281 0.0148682 0.129314 0.0297363 0.0050621
2 0.0628319 0.0330566 0.125664 0.0661133 0.00468063
3 0.0634956 0.0145508 0.115929 0.0291016 0.00462723
3 0.590376 0.430469 0.762611 0.810938 0.00416565
3 0.080531 0.203125 0.161062 0.399219 0.00407028
0 0.0870575 0.0180664 0.109513 0.0361328 0.00402451
0 0.15177 0.0189453 0.10177 0.0375977 0.00397491
3 0.579646 0.0699219 0.499115 0.135156 0.00388527
8 0.545575 0.0372559 0.395575 0.0725586 0.00385475
16 0.489381 0.503125 0.961062 0.964063 0.00351143
0 0.381416 0.222266 0.759292 0.427344 0.00336266
0 0.194248 0.0373047 0.388496 0.0729492 0.00323486
2 0.482743 0.0191895 0.178761 0.0362305 0.00317192
2 0.0612279 0.0102539 0.106527 0.0205078 0.00309944
2 0.487168 0.012793 0.165487 0.0249023 0.00292397
0 0.293861 0.0374512 0.252102 0.074707 0.00281143
8 0.548673 0.0512207 0.415044 0.0985352 0.00261116
3 0.384513 0.185938 0.6 0.361328 0.00259018
2 0.484071 0.036145 0.274336 0.0697021 0.00235939
2 0.471681 0.0711914 0.657522 0.138867 0.00229645
3 0.615929 0.0992187 0.6 0.188672 0.00225258
3 0.061615 0.0236816 0.120796 0.0420898 0.00199509
2 0.0632743 0.017334 0.115929 0.034668 0.00197983
58 0.612389 0.101953 0.0761062 0.0480469 0.00190449
2 0.579646 0.0699219 0.499115 0.135156 0.00189686
0 0.296681 0.052832 0.24646 0.10293 0.00176811
3 0.207965 0.0354736 0.414159 0.0709473 0.00169373
60 0.000608407 0.7 0.00121681 0.6 0.00169373
24 0.295796 0.0529297 0.24823 0.103711 0.00166798
1 0.0634403 0.0107178 0.108739 0.0214355 0.00148964
14 0.790266 0.75 0.0353982 0.0171875 0.0014782
58 0.634513 0.0988281 0.0486726 0.0462891 0.00143242
2 0.486615 0.00927734 0.155973 0.0180664 0.00139904
1 0.0634956 0.0145508 0.115929 0.0291016 0.00138283
3 0.0634403 0.0107178 0.108739 0.0214355 0.00137234
56 0.0634403 0.0107178 0.108739 0.0214355 0.0012846
0 0.0618363 0.0253418 0.117699 0.0334961 0.0012598
0 0.20708 0.020459 0.146903 0.0387695 0.00124931
0 0.122345 0.0177734 0.0391593 0.0355469 0.0012064
58 0.606195 0.0877197 0.0548673 0.0495605 0.00120163
2 0.524779 0.0140137 0.270796 0.0276367 0.00116062
8 0.501881 0.0648926 0.314823 0.126465 0.00115108
2 0.484956 0.0670898 0.279646 0.130664 0.00109005
58 0.630973 0.0832031 0.0893805 0.0603516 0.00108147
58 0.938053 0.385547 0.122124 0.219531 0.00106525
58 0.678761 0.0842773 0.212389 0.10918 0.00102425
3 0.484071 0.501172 0.953982 0.969531 0.930176
3 0.20885 0.192188 0.417699 0.378125 0.0984497
3 0.0653208 0.0324707 0.12865 0.0646484 0.0214539
0 0.102987 0.0295898 0.201549 0.0587891 0.0212097
3 0.295133 0.221875 0.584956 0.429688 0.0210419
3 0.173119 0.139355 0.346239 0.277148 0.0171051
3 0.434956 0.225391 0.868142 0.435156 0.0156021
3 0.141372 0.184424 0.282743 0.364746 0.014389
3 0.399115 0.0887695 0.683186 0.173242 0.0134277
0 0.16792 0.0191406 0.0641593 0.0366211 0.0128708
0 0.186726 0.0231689 0.359735 0.044873 0.0121918
3 0.311504 0.0953125 0.467257 0.186328 0.0107346
0 0.248673 0.0237793 0.227434 0.0435547 0.00818634
3 0.0990874 0.0331543 0.195188 0.0663086 0.00766754
3 0.240763 0.0978516 0.364491 0.192188 0.00746155
3 0.474226 0.072168 0.642699 0.14043 0.00746155
0 0.0662611 0.0102295 0.113938 0.020459 0.00731659
0 0.211947 0.216406 0.423009 0.426563 0.0064621
3 0.0763274 0.198242 0.152212 0.389453 0.00636292
58 0.619469 0.0912109 0.0902655 0.0712891 0.00595856
0 0.0659292 0.0261719 0.128319 0.0523438 0.00591278
0 0.074115 0.0148926 0.129646 0.0297852 0.00530243
3 0.063385 0.0145508 0.11615 0.0291016 0.0050621
2 0.0627766 0.0331055 0.125553 0.0662109 0.00503922
3 0.576991 0.429297 0.789381 0.808594 0.00457382
3 0.577434 0.0703613 0.49292 0.13584 0.00446701
0 0.0868363 0.0180664 0.109956 0.0361328 0.00407028
0 0.15177 0.0189453 0.10177 0.0375977 0.00388527
8 0.545243 0.0371582 0.394469 0.0724609 0.00385475
16 0.489823 0.503125 0.958407 0.9625 0.00370789
0 0.370575 0.222266 0.738496 0.427344 0.00358009
2 0.482412 0.0194092 0.18031 0.0365723 0.00338936
0 0.293805 0.0381836 0.251327 0.0763672 0.00329781
2 0.487168 0.0127197 0.166372 0.0246582 0.00324821
0 0.193584 0.0375488 0.387168 0.0735352 0.00321007
2 0.0610758 0.0102783 0.106831 0.0205566 0.00314713
3 0.373009 0.187695 0.588496 0.364844 0.00302696
2 0.483186 0.0359863 0.273451 0.0695313 0.00265312
8 0.547677 0.0521484 0.412611 0.100391 0.0026207
3 0.613164 0.0978516 0.594912 0.185938 0.00259018
2 0.474226 0.072168 0.642699 0.14043 0.00235939
3 0.0615597 0.0237793 0.120907 0.0421875 0.00217438
2 0.577434 0.0703613 0.49292 0.13584 0.00206757
24 0.29552 0.0529297 0.247898 0.103711 0.0020504
2 0.0631637 0.0173096 0.11615 0.0346191 0.00200272
3 0.110509 0.215039 0.21969 0.422266 0.00191879
58 0.614159 0.105859 0.0778761 0.0453125 0.00184631
3 0.207743 0.0349854 0.413274 0.0699707 0.00183868
60 0.000677544 0.704297 0.00135509 0.591406 0.00177479
1 0.0633296 0.0107056 0.10896 0.0214111 0.00160408
14 0.790266 0.75 0.0353982 0.0171875 0.00153637
2 0.486726 0.00927734 0.156637 0.0180664 0.00152493
1 0.063385 0.0145508 0.11615 0.0291016 0.00148392
58 0.612389 0.0976562 0.0752212 0.0359375 0.00146675
3 0.0633296 0.0107056 0.10896 0.0214111 0.00145531
56 0.0633296 0.0107056 0.10896 0.0214111 0.00145531
0 0.278816 0.0529785 0.275111 0.104004 0.00141048
58 0.938053 0.384766 0.122124 0.221875 0.00137806
0 0.207467 0.020459 0.147013 0.0388672 0.00136662
2 0.51073 0.0137207 0.244027 0.0271484 0.00134563
58 0.634956 0.0996094 0.0451327 0.0429688 0.00130939
0 0.061781 0.0253784 0.11781 0.0334229 0.00130463
39 0.79115 0.75 0.0353982 0.0179687 0.0012846
8 0.500443 0.0655273 0.311504 0.127539 0.00123978
2 0.484956 0.0673828 0.279646 0.131055 0.00119209
0 0.122345 0.0177734 0.0393805 0.0355469 0.00117874
8 0.527434 0.0863281 0.352212 0.166016 0.00113392
58 0.681416 0.0848633 0.219469 0.108008 0.00112438
2 0.79115 0.75 0.0353982 0.0179687 0.00110722
3 0.0621681 0.103711 0.122788 0.203906 0.00108624
58 0.60531 0.0859619 0.0522124 0.044873 0.00107288
58 0.630973 0.0828125 0.0884956 0.059375 0.00106525
60 8.29646e-05 0.803516 0.000165929 0.392969 0.00105286
3 0.2151 0.395313 0.429978 0.78125 0.00104809
1 0.207467 0.020459 0.147013 0.0388672 0.00102425
26 0.767699 0.107813 0.213274 0.0714844 0.00101185
32 0.252434 0.715625 0.049115 0.0398437 0.00101185
0 0.0763274 0.198242 0.152212 0.389453 0.00100803
3 0.484071 0.501953 0.953982 0.967969 0.929199
3 0.209071 0.18833 0.418142 0.370215 0.115173
3 0.29469 0.22168 0.584071 0.428516 0.0313721
3 0.0654867 0.0324341 0.128982 0.064624 0.0220337
0 0.102904 0.0292969 0.201715 0.0582031 0.0199432
3 0.434624 0.224805 0.867035 0.433984 0.0195618
3 0.176659 0.141797 0.353319 0.282031 0.0189819
3 0.141925 0.178564 0.28385 0.353027 0.0177765
3 0.395575 0.0891602 0.670796 0.174023 0.0158386
3 0.311947 0.0955078 0.465487 0.186719 0.0136871
0 0.16792 0.0191406 0.0641593 0.0367188 0.0131683
0 0.186947 0.0231934 0.360619 0.0450195 0.0128708
3 0.242035 0.0979492 0.360177 0.192383 0.00959778
0 0.248728 0.0238281 0.227323 0.0436523 0.00857544
3 0.0984513 0.0331055 0.194248 0.0662109 0.00809479
3 0.0765487 0.191016 0.153097 0.375 0.00775528
3 0.484181 0.0713379 0.621018 0.138574 0.00772476
0 0.0663164 0.0102783 0.114049 0.0205566 0.00769424
58 0.618584 0.0914062 0.0884956 0.0708984 0.0069313
0 0.0661504 0.0255371 0.12854 0.0510742 0.00616837
0 0.074115 0.0149414 0.129646 0.0298828 0.00561905
3 0.063385 0.014502 0.11615 0.0290039 0.00557709
3 0.582743 0.423438 0.777876 0.796875 0.00553513
0 0.211726 0.215625 0.422566 0.425 0.00511932
2 0.0626659 0.0308105 0.125332 0.0605469 0.00494385
8 0.545133 0.0371948 0.393805 0.0724854 0.00471878
3 0.578872 0.0698242 0.490044 0.13457 0.00457382
0 0.0864768 0.0180664 0.110232 0.0361328 0.00416565
3 0.365929 0.188672 0.583186 0.367188 0.0039444
0 0.15177 0.0189453 0.10177 0.0375 0.00385475
0 0.369469 0.222656 0.735398 0.426563 0.0037365
0 0.294027 0.0390137 0.250885 0.077832 0.00365067
2 0.479646 0.0206787 0.185841 0.0391113 0.00351143
2 0.486836 0.0128418 0.16792 0.0249023 0.00349617
2 0.0610066 0.0103027 0.106748 0.0206055 0.00331116
0 0.193473 0.0375854 0.386947 0.0738525 0.00321007
2 0.484071 0.0361328 0.275221 0.0697266 0.00314713
16 0.490265 0.503906 0.957522 0.960938 0.00313568
8 0.548673 0.050293 0.412389 0.0958984 0.00312424
3 0.615929 0.0962891 0.59115 0.182422 0.00286674
2 0.484181 0.0713379 0.621018 0.138574 0.002388
3 0.061615 0.0236816 0.120796 0.0415039 0.00235939
58 0.614159 0.105859 0.0778761 0.0449219 0.00225258
39 0.79115 0.75 0.0353982 0.0179687 0.00216484
24 0.295631 0.0529785 0.248562 0.103809 0.00214005
2 0.0631637 0.0172363 0.11615 0.0344727 0.00213242
2 0.578872 0.0698242 0.490044 0.13457 0.00213242
58 0.938053 0.382812 0.122124 0.225781 0.0019722
3 0.207522 0.0356445 0.412832 0.0712891 0.00196457
14 0.790266 0.749609 0.0353982 0.0171875 0.00188923
3 0.214989 0.392285 0.429314 0.774805 0.00186062
58 0.612389 0.0977539 0.0761062 0.0359375 0.0018177
2 0.486726 0.00932617 0.156637 0.0182617 0.00178242
60 0.000746681 0.707812 0.00149336 0.584375 0.00172043
1 0.0633296 0.0106934 0.10896 0.0213867 0.00167465
8 0.501327 0.0644531 0.312389 0.125 0.00160408
1 0.063385 0.014502 0.11615 0.0290039 0.00157356
3 0.0633296 0.0106934 0.10896 0.0213867 0.00156689
56 0.0633296 0.0106934 0.10896 0.0213867 0.00154877
0 0.278319 0.0530273 0.276106 0.104102 0.00149536
8 0.529204 0.0878906 0.355752 0.168359 0.0014782
58 0.634956 0.0996094 0.0442478 0.0417969 0.00147247
0 0.207301 0.020459 0.146903 0.0388672 0.00144958
2 0.514934 0.0138672 0.256858 0.0274414 0.00141048
0 0.0617257 0.0253418 0.11792 0.0333008 0.00139904
2 0.484956 0.067334 0.280531 0.130762 0.00136662
58 0.682743 0.0877197 0.223009 0.101904 0.00135612
32 0.252655 0.715625 0.0495575 0.0390625 0.00132465
53 0.488053 0.497656 0.953097 0.948438 0.00132465
0 0.211117 0.15293 0.418473 0.303125 0.00128937
2 0.79115 0.75 0.0353982 0.0179687 0.00127411
58 0.630973 0.0823975 0.0884956 0.0578613 0.00124931
3 0.292976 0.105957 0.253872 0.209961 0.00124454
3 0.0620575 0.104297 0.122788 0.204688 0.00123501
58 0.60531 0.0849854 0.0504425 0.0413574 0.00121117
26 0.768142 0.107813 0.212389 0.0714844 0.00118828
0 0.122345 0.017749 0.0393805 0.035498 0.00115108
1 0.207301 0.020459 0.146903 0.0388672 0.00115108
3 0.296681 0.0527832 0.24646 0.103027 0.00113392
60 0.000138274 0.804883 0.000276549 0.390234 0.00106525
58 0.553982 0.065332 0.380531 0.127148 0.00101662
0 0.242035 0.0979492 0.360177 0.192383 0.00100803
0 0.324336 0.0516113 0.147788 0.10166 0.00100422
28 0.763717 0.106152 0.20885 0.0716797 0.00100422
1 0.546018 0.144141 0.19823 0.0576172 0.00100422
3 0.484956 0.502344 0.953982 0.964063 0.930176
3 0.20885 0.189648 0.417699 0.373047 0.117188
3 0.29292 0.221484 0.580531 0.428125 0.035675
3 0.0661504 0.0255859 0.128761 0.0511719 0.0237732
3 0.431416 0.224219 0.860177 0.432813 0.0202484
3 0.154867 0.141309 0.309735 0.281055 0.0189819
0 0.102876 0.0295898 0.20177 0.0587891 0.0179901
3 0.113938 0.177734 0.227876 0.351172 0.0178528
3 0.393363 0.0891357 0.660177 0.173682 0.0142822
0 0.16792 0.0190918 0.0641593 0.0367188 0.0141754
3 0.312389 0.0954346 0.461062 0.186475 0.0123367
0 0.187832 0.0229004 0.357522 0.0442383 0.0117798
3 0.0728982 0.19082 0.145796 0.374609 0.00878143
3 0.0952434 0.0330078 0.187832 0.0660156 0.0086441
58 0.618584 0.0914307 0.0884956 0.0710449 0.00793457
0 0.248673 0.023877 0.227434 0.04375 0.00790405
0 0.0663164 0.0103271 0.113827 0.0206543 0.00775528
3 0.483296 0.0705078 0.610398 0.136914 0.00748825
3 0.235454 0.119629 0.388385 0.231836 0.00621796
3 0.561504 0.425391 0.820354 0.800781 0.00621796
0 0.0661504 0.0255859 0.128761 0.0511719 0.00600433
0 0.074115 0.0148682 0.129425 0.0297363 0.00559998
3 0.0634956 0.014502 0.115929 0.0290039 0.00559998
58 0.614159 0.0990479 0.0778761 0.0569824 0.0051384
2 0.0626659 0.0308105 0.125332 0.0603516 0.00488663
0 0.267257 0.223242 0.529204 0.433203 0.00477219
8 0.544137 0.037207 0.391372 0.0725586 0.00475693
3 0.576106 0.0688965 0.484956 0.13252 0.00443268
0 0.0869746 0.0180908 0.109679 0.0361816 0.00407028
3 0.364159 0.191406 0.590266 0.372656 0.00397491
0 0.210619 0.179297 0.420354 0.350781 0.00395966
0 0.151991 0.0189209 0.10177 0.0374512 0.00374985
0 0.29375 0.0391602 0.250553 0.078125 0.00372124
2 0.481305 0.019751 0.182522 0.0371582 0.00363541
2 0.487168 0.0127197 0.167257 0.0246582 0.00363541
2 0.0609513 0.0102905 0.106416 0.0205811 0.00351143
39 0.79115 0.75 0.0353982 0.0179687 0.00312424
2 0.48396 0.0360474 0.274558 0.0697021 0.00305176
0 0.193142 0.0377441 0.386283 0.0741211 0.00293541
16 0.49115 0.504297 0.957522 0.958594 0.00287819
3 0.613274 0.0961914 0.59469 0.182227 0.00270462
3 0.214602 0.386328 0.429204 0.764063 0.00247192
58 0.938053 0.381348 0.122124 0.229492 0.00242424
8 0.521239 0.0541992 0.349558 0.104492 0.00237846
2 0.0631637 0.0172607 0.11615 0.0345215 0.00232315
2 0.483296 0.0705078 0.610398 0.136914 0.00214958
58 0.612389 0.0979492 0.0761062 0.0361328 0.00209999
14 0.790266 0.749609 0.0353982 0.0171875 0.00208282
2 0.576106 0.0688965 0.484956 0.13252 0.00195694
24 0.295575 0.0529785 0.247788 0.103809 0.00188923
2 0.486726 0.00932617 0.156637 0.0182617 0.00188255
3 0.207301 0.0359375 0.412832 0.071875 0.00183868
3 0.0612279 0.0373535 0.122456 0.0642578 0.00179577
58 0.634513 0.1 0.0451327 0.0417969 0.00168133
58 0.679646 0.0882813 0.214159 0.096875 0.0016613
56 0.0663164 0.0103271 0.113827 0.0206543 0.00161648
1 0.0634403 0.0107422 0.108739 0.0214844 0.00161076
32 0.252655 0.715625 0.049115 0.0390625 0.00158501
3 0.0634403 0.0107422 0.108739 0.0214844 0.00153637
1 0.0634956 0.014502 0.115929 0.0290039 0.00153065
60 0.000843473 0.710547 0.00168695 0.578906 0.00148964
58 0.630973 0.0826416 0.0884956 0.0581543 0.00147247
2 0.506084 0.013623 0.237389 0.0268555 0.00144958
0 0.0618363 0.0253784 0.117478 0.0332275 0.00140476
0 0.278319 0.0530273 0.276106 0.104102 0.00140476
3 0.0620575 0.10498 0.122788 0.206055 0.00140476
8 0.528761 0.0883789 0.353982 0.169531 0.00140476
0 0.206692 0.020459 0.145907 0.0388672 0.00137234
26 0.768142 0.107813 0.212389 0.0712891 0.00136662
58 0.60531 0.0845703 0.0513274 0.040625 0.00133038
2 0.484845 0.0673828 0.279867 0.130859 0.00131512
53 0.488938 0.498437 0.953097 0.946875 0.00131512
3 0.276106 0.10791 0.285841 0.213477 0.00130463
2 0.79115 0.75 0.0353982 0.0179687 0.00127888
41 0.79115 0.75 0.0353982 0.0179687 0.00123501
3 0.29646 0.0527832 0.246018 0.103027 0.00121593
1 0.545133 0.144531 0.19646 0.0568359 0.0011692
8 0.486615 0.0361816 0.281637 0.0705078 0.00113773
1 0.206692 0.020459 0.145907 0.0388672 0.00112915
41 0.676106 0.116309 0.0318584 0.0251953 0.0011158
58 0.55354 0.065918 0.376106 0.12832 0.0011158
0 0.472124 0.217383 0.924779 0.415234 0.00110722
58 0.625221 0.0668945 0.250442 0.131055 0.00109482
0 0.122345 0.0177734 0.0389381 0.0355469 0.00108147
28 0.763274 0.106152 0.207965 0.0716797 0.00108147
3 0.484956 0.502344 0.953982 0.964063 0.931641
3 0.208628 0.187891 0.417257 0.369922 0.118408
3 0.290487 0.22168 0.576549 0.428516 0.0379028
3 0.0654867 0.0324219 0.129204 0.0646484 0.0237732
3 0.430088 0.224219 0.857522 0.432031 0.0204926
0 0.102848 0.0292114 0.201825 0.0581787 0.0190887
3 0.123783 0.141211 0.247566 0.280859 0.0190582
3 0.0890487 0.173633 0.178097 0.342969 0.0179901
0 0.16792 0.0190918 0.0641593 0.0367188 0.016922
3 0.390929 0.0901611 0.662389 0.175928 0.0137939
3 0.309292 0.0957031 0.447788 0.187109 0.0123825
0 0.1974 0.0220703 0.335288 0.0423828 0.0112
0 0.248285 0.0238037 0.225553 0.0437012 0.00926971
0 0.0663164 0.0103027 0.113827 0.0206055 0.00878143
58 0.617699 0.0914062 0.0867257 0.0708984 0.00867462
3 0.0977876 0.0254395 0.192478 0.0508789 0.00769424
0 0.0662611 0.0252441 0.128982 0.0504883 0.00748825
3 0.485951 0.0701172 0.594469 0.136328 0.00698471
3 0.238938 0.116992 0.377876 0.226953 0.00641251
0 0.074115 0.0147705 0.129204 0.029541 0.00619125
3 0.063385 0.014502 0.115929 0.0290039 0.00598145
58 0.613717 0.0993164 0.0769911 0.05625 0.00577545
2 0.0626659 0.0307129 0.125332 0.0601563 0.00538635
8 0.544248 0.0371216 0.39115 0.0724365 0.00498199
0 0.263496 0.223438 0.522566 0.433594 0.00468063
0 0.0871958 0.0180664 0.108794 0.0361328 0.00429916
39 0.79115 0.75 0.0353982 0.01875 0.00429916
3 0.574779 0.0687012 0.480531 0.132129 0.0042305
0 0.151991 0.0188965 0.101327 0.0374023 0.00413513
0 0.293861 0.0402466 0.249447 0.0804443 0.0041008
2 0.0609652 0.0102783 0.106388 0.0205566 0.00391388
0 0.210619 0.178125 0.420354 0.348438 0.00387001
2 0.487168 0.0127197 0.167257 0.0245605 0.00382423
3 0.361504 0.191602 0.586726 0.373047 0.00382423
2 0.481858 0.0190918 0.181416 0.0359375 0.00380898
2 0.48396 0.0360352 0.274558 0.0695313 0.00314713
3 0.122235 0.213672 0.243142 0.419531 0.00302696
0 0.192257 0.037793 0.384513 0.0742188 0.00299263
2 0.0631637 0.017334 0.11615 0.034668 0.00271416
3 0.214989 0.38584 0.429314 0.761133 0.00265312
58 0.938053 0.38125 0.122124 0.229687 0.00259018
3 0.6125 0.0958984 0.590929 0.181641 0.00259018
8 0.519912 0.053125 0.346018 0.102148 0.00255013
16 0.49115 0.503906 0.957522 0.957812 0.00255013
3 0.061615 0.0235107 0.120575 0.0408691 0.00254059
58 0.612832 0.0980469 0.0769911 0.0361328 0.00234985
14 0.790266 0.749609 0.0353982 0.0171875 0.00234985
24 0.295962 0.0530273 0.247013 0.103906 0.00220871
2 0.486726 0.00932617 0.155752 0.0182617 0.00218201
2 0.485951 0.0701172 0.594469 0.136328 0.00217438
3 0.610619 0.464844 0.720354 0.859375 0.00203514
2 0.574779 0.0687012 0.480531 0.132129 0.00197983
3 0.207024 0.0376953 0.4125 0.0753906 0.00194168
58 0.679204 0.0892578 0.213274 0.09375 0.00181007
32 0.252655 0.715625 0.049115 0.0390625 0.00179577
58 0.634513 0.1 0.0433628 0.040625 0.00176144
56 0.0663164 0.0103027 0.113827 0.0206055 0.00174141
41 0.79115 0.75 0.0353982 0.01875 0.0015974
26 0.768142 0.107715 0.212389 0.0712891 0.00159168
58 0.630973 0.0821289 0.0884956 0.0564453 0.00158501
3 0.063385 0.0106934 0.10885 0.0213867 0.00157356
0 0.27854 0.0529297 0.275664 0.104297 0.00157356
8 0.529093 0.0890381 0.354204 0.170752 0.00156689
2 0.79115 0.75 0.0353982 0.01875 0.00156116
1 0.063385 0.0106934 0.10885 0.0213867 0.00154877
0 0.206195 0.0204346 0.144248 0.0388184 0.00154305
0 0.0619469 0.025293 0.117257 0.0329102 0.0015192
2 0.503097 0.0134277 0.230973 0.0264648 0.00150108
1 0.063385 0.014502 0.115929 0.0290039 0.00149536
53 0.488938 0.498437 0.953097 0.946875 0.00141048
58 0.60531 0.0835937 0.0495575 0.0371094 0.00138855
3 0.0620575 0.105566 0.122566 0.207227 0.00137806
3 0.277655 0.108008 0.282743 0.213672 0.00136662
60 0.000898783 0.712891 0.00179757 0.574219 0.00136185
1 0.544248 0.144824 0.19469 0.0560547 0.00135612
2 0.484845 0.0674805 0.279867 0.130859 0.00132465
41 0.676106 0.116406 0.0318584 0.0253906 0.00125504
8 0.485841 0.0361328 0.280531 0.0704102 0.0012207
28 0.762832 0.106055 0.20708 0.0716797 0.00120163
58 0.55354 0.0662109 0.373451 0.128906 0.0011692
3 0.296681 0.0527832 0.245575 0.103027 0.00116062
58 0.633628 0.0667969 0.233628 0.130859 0.00115108
1 0.206195 0.0204346 0.144248 0.0388184 0.00113773
0 0.122124 0.0177734 0.0389381 0.0355469 0.00113392
3 0.0944414 0.0357422 0.187223 0.0710938 0.00112438
58 0.621239 0.0937256 0.281416 0.112158 0.00109863
0 0.324336 0.0515137 0.146903 0.10166 0.00107765
25 0.557411 0.0378418 0.380752 0.0731445 0.00106525
0 0.471681 0.217383 0.925664 0.415234 0.00105286
26 0.295962 0.0530273 0.247013 0.103906 0.00104809
2 0.293861 0.0402466 0.249447 0.0804443 0.00102425
3 0.484956 0.502344 0.953982 0.964063 0.932617
3 0.20885 0.187695 0.417699 0.369531 0.118408
3 0.290929 0.22168 0.577434 0.428516 0.0377502
3 0.0654867 0.0324341 0.129204 0.064624 0.0237732
3 0.430088 0.224219 0.858407 0.432031 0.0205688
0 0.102876 0.0291138 0.20177 0.0579834 0.0196075
3 0.126991 0.141113 0.253982 0.280664 0.0188293
3 0.0915929 0.17373 0.183186 0.343555 0.0176392
0 0.16792 0.0190918 0.0641593 0.0367188 0.016983
3 0.389823 0.0901611 0.658407 0.175928 0.0140076
3 0.310122 0.0958984 0.449668 0.1875 0.0125732
0 0.196958 0.0220459 0.336173 0.0424316 0.0112915
0 0.24823 0.0238281 0.225664 0.04375 0.00941467
0 0.0663164 0.0103027 0.113827 0.0206055 0.00878143
58 0.618142 0.0914062 0.0876106 0.0708984 0.00854492
0 0.0662611 0.0252441 0.128982 0.0504883 0.00766754
3 0.0983407 0.0254395 0.193584 0.0508789 0.00760651
3 0.486283 0.069873 0.592035 0.135645 0.00709534
3 0.238883 0.116992 0.378872 0.226953 0.0064621
0 0.0741704 0.0147705 0.129093 0.029541 0.00626373
3 0.063385 0.014502 0.115708 0.0290039 0.00600433
58 0.613717 0.0993164 0.0769911 0.05625 0.00566483
2 0.0626659 0.0307129 0.125332 0.0602539 0.00547028
8 0.544358 0.0371216 0.390929 0.0724365 0.00502014
0 0.264381 0.223438 0.524336 0.433594 0.0046463
0 0.0871681 0.0180664 0.10885 0.0361328 0.00436401
39 0.79115 0.75 0.0353982 0.0179687 0.00431442
3 0.574779 0.0685059 0.480531 0.131738 0.00426483
0 0.151991 0.0188965 0.101327 0.0374023 0.00424957
0 0.294027 0.0397949 0.249115 0.0793945 0.00411606
2 0.487168 0.0126953 0.167257 0.0246094 0.00397491
2 0.0609652 0.0102783 0.106388 0.0205566 0.0039444
2 0.481858 0.019043 0.181416 0.0358398 0.0039444
0 0.210841 0.17793 0.420796 0.348438 0.00391388
3 0.361504 0.191211 0.585841 0.372266 0.00387001
2 0.48396 0.0360352 0.274558 0.0695313 0.00324821
0 0.192257 0.037793 0.384513 0.0743164 0.003088
3 0.124447 0.213672 0.247566 0.419531 0.00288963
2 0.0631637 0.0172852 0.11615 0.0345703 0.00271416
3 0.214823 0.3875 0.429646 0.763281 0.00265312
3 0.612832 0.0961182 0.592035 0.181982 0.0026207
58 0.938053 0.38125 0.122124 0.229687 0.00261116
8 0.519358 0.0525391 0.345354 0.100977 0.00259018
3 0.061615 0.0235352 0.120575 0.0410156 0.00256157
16 0.49115 0.503906 0.957522 0.957812 0.00255013
14 0.790266 0.749609 0.0353982 0.0171875 0.00236893
58 0.612389 0.0980469 0.0761062 0.0359375 0.00229645
24 0.295962 0.0530273 0.247013 0.103906 0.00224304
2 0.486726 0.00932617 0.155752 0.0183105 0.00223351
2 0.486283 0.069873 0.592035 0.135645 0.00218201
3 0.610509 0.465234 0.720575 0.860156 0.00200272
2 0.574779 0.0685059 0.480531 0.131738 0.00198746
3 0.207024 0.0374756 0.4125 0.0749512 0.00194168
58 0.679646 0.0892578 0.214159 0.0941406 0.00176811
32 0.252655 0.715625 0.049115 0.0390625 0.00176144
56 0.0663164 0.0103027 0.113827 0.0206055 0.00173378
58 0.634513 0.1 0.0424779 0.0402344 0.00172043
26 0.768142 0.107715 0.212389 0.0712891 0.0015974
3 0.0633296 0.0106812 0.108739 0.0213623 0.00159168
2 0.79115 0.75 0.0353982 0.0179687 0.00158501
0 0.278761 0.0529297 0.275221 0.104297 0.00158501
41 0.79115 0.75 0.0353982 0.0179687 0.00157928
58 0.630973 0.0819336 0.0884956 0.0560547 0.00156116
8 0.529093 0.0889648 0.354204 0.170313 0.00156116
1 0.0633296 0.0106812 0.108739 0.0213623 0.00155449
0 0.206195 0.020459 0.144248 0.0387695 0.00155449
0 0.0619469 0.025293 0.117257 0.0330078 0.00155449
2 0.503429 0.0133789 0.23208 0.0264648 0.00153637
1 0.063385 0.014502 0.115708 0.0290039 0.00148964
53 0.489381 0.498437 0.953982 0.946875 0.00139904
3 0.277821 0.108008 0.282412 0.213672 0.00137806
58 0.60531 0.0833008 0.0495575 0.0365234 0.00135612
1 0.544248 0.144629 0.19469 0.0566406 0.00135612
2 0.484845 0.0673828 0.279867 0.130859 0.00135136
3 0.0620575 0.105762 0.122788 0.207617 0.00135136
60 0.000898783 0.713281 0.00179757 0.573438 0.00135136
41 0.675664 0.116406 0.0318584 0.0253906 0.00123978
8 0.485951 0.0361816 0.281195 0.0704102 0.00123501
28 0.763274 0.106055 0.207965 0.0716797 0.0012064
3 0.296681 0.0527832 0.245575 0.103027 0.00117397
58 0.55354 0.0661133 0.373451 0.128516 0.00116062
0 0.122345 0.0177734 0.0389381 0.0355469 0.00115108
3 0.0953263 0.03573 0.188993 0.0711182 0.00113392
58 0.631416 0.0667969 0.238053 0.131055 0.00113392
1 0.206195 0.020459 0.144248 0.0387695 0.00112438
0 0.324336 0.0515137 0.146903 0.10166 0.00109005
58 0.620354 0.0935547 0.290266 0.112695 0.00108147
25 0.557522 0.0378418 0.379646 0.0731445 0.00107288
0 0.471681 0.217383 0.925664 0.415234 0.00106049
26 0.295962 0.0530273 0.247013 0.103906 0.00104809
2 0.294027 0.0397949 0.249115 0.0793945 0.00103664
