22 0.440867 0.747266 0.798595 0.497656 0.943359
22 0.412763 0.410938 0.647541 0.223438 0.934082
22 0.675059 0.196924 0.234192 0.0936523 0.912598
22 0.509368 0.463281 0.107728 0.115625 0.00894928
22 0.75 0.20083 0.087822 0.0842773 0.00363541
14 0.666276 0.514453 0.0456674 0.0195312 0.00294685
22 0.617096 0.197461 0.117096 0.0839844 0.00252151
0 0.532201 0.0100342 0.0222482 0.0160645 0.0017004
22 0.387588 0.357812 0.604215 0.115625 0.00139427
22 0.440867 0.747656 0.798595 0.498437 0.945312
22 0.412763 0.411035 0.647541 0.224805 0.940918
22 0.675059 0.196924 0.234192 0.0944336 0.912598
22 0.509368 0.462891 0.107728 0.116406 0.00748825
14 0.666276 0.514453 0.0444965 0.0195312 0.00372124
22 0.749415 0.200732 0.088993 0.0844727 0.00335121
22 0.617096 0.197461 0.117096 0.0839844 0.00276756
0 0.532201 0.0100098 0.0222482 0.0161133 0.002388
22 0.384953 0.357812 0.597775 0.116406 0.00151253
14 0.532201 0.0100098 0.0222482 0.0161133 0.0011158
22 0.63466 0.362891 0.202576 0.121094 0.00102043
22 0.441452 0.747266 0.800937 0.499219 0.941895
22 0.412763 0.410547 0.647541 0.225 0.94043
22 0.675059 0.19707 0.234192 0.0945313 0.908691
22 0.508782 0.462891 0.107728 0.116406 0.00577545
14 0.666276 0.514453 0.0444965 0.0195312 0.00405502
0 0.532201 0.00996094 0.0222482 0.0161133 0.0030632
22 0.749415 0.200586 0.088993 0.0847656 0.00274658
22 0.612412 0.198242 0.11007 0.0796875 0.002388
22 0.389491 0.357812 0.607436 0.116406 0.00130939
14 0.532201 0.00996094 0.0222482 0.0161133 0.00119686
32 0.667447 0.515625 0.0491803 0.0203125 0.00102043
22 0.442037 0.747656 0.802108 0.5 0.943848
22 0.413349 0.41084 0.647541 0.225195 0.941406
22 0.674473 0.19707 0.234192 0.09375 0.897461
22 0.508782 0.462891 0.107728 0.116406 0.00452042
14 0.666276 0.514063 0.0444965 0.01875 0.00443268
0 0.532201 0.00993652 0.0222482 0.0158691 0.00351143
22 0.748244 0.200391 0.088993 0.0847656 0.00217438
22 0.612412 0.198242 0.107728 0.0796875 0.00208282
32 0.667447 0.515625 0.0480094 0.0203125 0.00129986
14 0.532201 0.00993652 0.0222482 0.0158691 0.0012064
22 0.442623 0.747656 0.803279 0.5 0.94873
22 0.413349 0.410254 0.648712 0.224805 0.940918
22 0.674473 0.19707 0.234192 0.0933594 0.891602
14 0.666276 0.514063 0.0444965 0.01875 0.00460815
0 0.532201 0.00991211 0.0222482 0.015625 0.00331116
22 0.509368 0.457813 0.107728 0.128125 0.00279999
32 0.667447 0.515625 0.0468384 0.01875 0.00140476
22 0.748244 0.200195 0.0901639 0.0851563 0.00128937
22 0.612412 0.198242 0.108899 0.0796875 0.00128937
14 0.532201 0.00991211 0.0222482 0.015625 0.00114727
22 0.443794 0.746875 0.807962 0.50625 0.95459
22 0.413495 0.410059 0.650761 0.223633 0.940918
22 0.675059 0.196875 0.235363 0.0929688 0.885742
14 0.666276 0.514063 0.0444965 0.01875 0.00494385
0 0.532201 0.00983887 0.0222482 0.0155273 0.00345612
22 0.509368 0.457422 0.107728 0.128906 0.00229645
32 0.667447 0.515234 0.0468384 0.01875 0.00146675
22 0.748244 0.2 0.0913349 0.0851563 0.00102043
22 0.443208 0.746875 0.807962 0.504687 0.955078
22 0.413495 0.410156 0.650761 0.223438 0.939453
22 0.675059 0.196875 0.235363 0.0921875 0.870605
14 0.666276 0.514063 0.0444965 0.0179687 0.00439835
0 0.532201 0.00979004 0.0222482 0.0152832 0.00340271
22 0.509368 0.457422 0.107728 0.128906 0.00181007
32 0.667447 0.515234 0.0468384 0.01875 0.00142097
22 0.44394 0.747266 0.80767 0.502344 0.950684
22 0.413934 0.410059 0.649883 0.22207 0.935547
22 0.675059 0.196875 0.234192 0.0917969 0.861328
14 0.665691 0.514063 0.0433255 0.0179687 0.00356483
0 0.532201 0.00981445 0.0222482 0.0151367 0.003088
22 0.509368 0.457031 0.107728 0.129688 0.00140476
32 0.667447 0.514844 0.0468384 0.01875 0.0011692
22 0.444379 0.748047 0.807962 0.500781 0.943359
22 0.414374 0.410156 0.649005 0.221094 0.932617
22 0.674473 0.196875 0.234192 0.0917969 0.852051
14 0.665691 0.514063 0.0433255 0.0179687 0.00275803
0 0.532787 0.00983887 0.0234192 0.0150391 0.00230598
22 0.509368 0.456641 0.107728 0.130469 0.0011425
2 0.674473 0.19668 0.234192 0.0917969 0.00102425
22 0.444379 0.747656 0.807962 0.501563 0.94043
22 0.41452 0.410254 0.648712 0.22168 0.93457
22 0.674473 0.196924 0.234192 0.0920898 0.849121
14 0.665691 0.514063 0.0433255 0.0179687 0.00227928
0 0.532787 0.00981445 0.0234192 0.0151367 0.00192642
6 0.441452 0.747656 0.805621 0.498437 0.00115108
2 0.674473 0.196875 0.234192 0.0921875 0.00109482
22 0.444965 0.747656 0.807962 0.501563 0.95166
22 0.413934 0.410156 0.647541 0.221875 0.944824
22 0.674473 0.197217 0.234192 0.0922852 0.849121
0 0.532787 0.00976562 0.0234192 0.0152344 0.00206757
14 0.666276 0.514063 0.0444965 0.01875 0.00200272
6 0.442037 0.748438 0.805621 0.490625 0.00144386
2 0.674473 0.19707 0.234192 0.0925781 0.00133514
22 0.444965 0.747656 0.807962 0.501563 0.949707
22 0.413934 0.410156 0.647541 0.222656 0.944336
22 0.674473 0.197266 0.234192 0.0925781 0.830078
0 0.532787 0.0097168 0.0234192 0.015332 0.00183105
14 0.665691 0.514063 0.0444965 0.01875 0.00174141
2 0.674473 0.197266 0.234192 0.0929688 0.00156116
6 0.443208 0.747656 0.806792 0.492188 0.00151253
22 0.445111 0.747266 0.80767 0.500781 0.942383
22 0.413934 0.410156 0.647541 0.222656 0.94043
22 0.675059 0.197314 0.234192 0.0928711 0.804199
2 0.674473 0.197217 0.234192 0.0930664 0.0017004
0 0.532787 0.0097168 0.0234192 0.0153809 0.00156689
6 0.443794 0.746875 0.807962 0.49375 0.00138855
14 0.665691 0.514063 0.0444965 0.01875 0.00138283
22 0.425059 0.607031 0.751756 0.745313 0.00112438
22 0.413934 0.410254 0.64637 0.223242 0.932617
22 0.444818 0.746875 0.805913 0.501563 0.932129
22 0.674473 0.197461 0.234192 0.0929688 0.777344
2 0.674473 0.197705 0.234192 0.0936523 0.00183868
22 0.424912 0.607715 0.749707 0.742383 0.00144386
0 0.532787 0.0097168 0.0234192 0.0154297 0.00136185
14 0.666276 0.514063 0.0444965 0.01875 0.0011692
6 0.444379 0.745703 0.809133 0.496094 0.00108624
22 0.444965 0.747266 0.806792 0.500781 0.933594
22 0.413934 0.410547 0.64637 0.223438 0.932129
22 0.675644 0.198047 0.236534 0.0949219 0.764648
2 0.674473 0.197656 0.234192 0.09375 0.00203514
22 0.423888 0.606348 0.747073 0.743555 0.00167465
0 0.532787 0.0097168 0.0234192 0.0153809 0.0012064
14 0.666276 0.514063 0.0444965 0.01875 0.00101662
22 0.413349 0.41084 0.64637 0.223633 0.930664
22 0.444965 0.747266 0.807962 0.500781 0.930176
22 0.675644 0.198047 0.236534 0.0949219 0.767578
2 0.674473 0.197852 0.234192 0.09375 0.00234222
22 0.423302 0.60625 0.744731 0.7375 0.00188255
0 0.532787 0.0097168 0.0234192 0.0154297 0.00124454
14 0.666276 0.514453 0.0456674 0.01875 0.00104809
22 0.413203 0.41084 0.646663 0.223633 0.931641
22 0.444965 0.747266 0.807962 0.500781 0.931152
22 0.675644 0.197998 0.236534 0.0946289 0.782715
2 0.674473 0.197852 0.234192 0.09375 0.00259018
22 0.422717 0.605078 0.744731 0.733594 0.00200272
0 0.532787 0.0097168 0.0234192 0.0154297 0.00148392
14 0.666276 0.514063 0.0456674 0.01875 0.00113392
22 0.413349 0.41084 0.64637 0.223633 0.937988
22 0.444965 0.747656 0.807962 0.5 0.936523
22 0.675059 0.197656 0.233021 0.0925781 0.794434
2 0.675059 0.198096 0.233021 0.0936523 0.00269318
22 0.422131 0.603906 0.74356 0.728125 0.00201035
0 0.532787 0.00966797 0.0234192 0.0154297 0.0016613
14 0.666276 0.514063 0.0456674 0.01875 0.00123501
22 0.413349 0.410938 0.64637 0.223438 0.942383
22 0.44555 0.747656 0.809133 0.5 0.941895
22 0.675644 0.197656 0.234192 0.0925781 0.804199
2 0.675059 0.198047 0.233021 0.0933594 0.00277901
22 0.420521 0.603906 0.742096 0.721875 0.00181007
0 0.532787 0.00966797 0.0234192 0.0154297 0.00168705
14 0.666276 0.514453 0.0468384 0.01875 0.00140476
22 0.350044 0.358984 0.525907 0.121094 0.00114727
22 0.413349 0.410938 0.64637 0.223438 0.946777
22 0.44555 0.747656 0.807962 0.5 0.944824
22 0.675644 0.197656 0.234192 0.0925781 0.810547
2 0.675059 0.198047 0.233021 0.0933594 0.0029583
0 0.532787 0.00969238 0.0234192 0.0152832 0.00171375
22 0.41935 0.604688 0.739754 0.710938 0.00162315
14 0.666276 0.514063 0.0468384 0.01875 0.00149536
22 0.349019 0.358984 0.524444 0.121094 0.00124454
22 0.413349 0.41084 0.64637 0.223633 0.946289
22 0.445989 0.747656 0.808255 0.5 0.944824
22 0.675644 0.197656 0.234192 0.0925781 0.810547
2 0.675059 0.198047 0.233021 0.0933594 0.0029583
0 0.532787 0.00966797 0.0234192 0.0152832 0.00174141
22 0.41935 0.604688 0.739754 0.710938 0.00161648
14 0.666276 0.514453 0.0468384 0.01875 0.00148964
22 0.349019 0.358984 0.524444 0.120313 0.00126457
