62 0.684375 0.730208 0.21875 0.20625 0.182373
68 0.683594 0.730729 0.217188 0.201042 0.0514526
69 0.683984 0.73125 0.217969 0.195833 0.0306702
13 0.405469 0.451042 0.0742188 0.0239583 0.025177
28 0.684375 0.729167 0.21875 0.204167 0.0156708
72 0.684375 0.730208 0.21875 0.20625 0.0154877
13 0.684375 0.729167 0.21875 0.204167 0.0123367
8 0.404687 0.448698 0.0742188 0.0229167 0.0100937
14 0.567969 0.213411 0.015625 0.0171875 0.00888062
8 0.861719 0.180339 0.05625 0.0276042 0.00806427
14 0.83125 0.195573 0.00625 0.0229167 0.00731659
13 0.404687 0.454688 0.071875 0.01875 0.00669098
59 0.684375 0.729167 0.21875 0.204167 0.00638962
8 0.860938 0.186979 0.0625 0.0411458 0.00602722
63 0.680469 0.644792 0.178125 0.03125 0.00564194
73 0.609375 0.636458 0.0382813 0.01875 0.0037365
0 0.83125 0.195573 0.00625 0.0229167 0.00358009
13 0.679688 0.65 0.195312 0.0416667 0.00314713
60 0.679688 0.65 0.195312 0.0416667 0.00301552
29 0.313672 0.944271 0.05 0.01875 0.00264168
13 0.680469 0.644792 0.178125 0.03125 0.00256157
13 0.673828 0.657292 0.194531 0.0416667 0.00247192
73 0.746094 0.659375 0.071875 0.0375 0.00247192
8 0.684375 0.729167 0.21875 0.204167 0.0024147
14 0.100586 0.94375 0.0544922 0.0416667 0.00211525
73 0.679297 0.642708 0.177344 0.0291667 0.0020752
74 0.684375 0.73125 0.21875 0.20625 0.00189686
71 0.684375 0.730208 0.21875 0.20625 0.00185299
6 0.683594 0.730729 0.217188 0.201042 0.0018177
37 0.678906 0.644792 0.176563 0.0354167 0.0017271
14 0.567969 0.219792 0.0203125 0.03125 0.00168133
36 0.673828 0.657292 0.194531 0.0416667 0.00158501
73 0.729688 0.660417 0.0375 0.0354167 0.00157928
14 0.724219 0.663542 0.028125 0.0333333 0.00156116
13 0.403906 0.446875 0.0773438 0.0208333 0.00152493
14 0.725781 0.791146 0.0203125 0.0385417 0.00147247
73 0.64375 0.638021 0.110937 0.0177083 0.00146103
73 0.676172 0.638542 0.15625 0.0177083 0.00145531
73 0.607031 0.633854 0.040625 0.0229167 0.00135612
63 0.665625 0.652083 0.167187 0.0354167 0.00131512
7 0.683594 0.730729 0.217188 0.201042 0.00128937
14 0.859375 0.186198 0.0625 0.0348958 0.00117874
73 0.755078 0.658333 0.0445313 0.0270833 0.0011158
8 0.404687 0.454688 0.071875 0.01875 0.00111198
73 0.667969 0.653125 0.170313 0.0333333 0.00110722
25 0.861719 0.180729 0.05625 0.0286458 0.00109863
14 0.0984375 0.942708 0.0488281 0.025 0.00108147
36 0.729297 0.661458 0.0390625 0.0375 0.00104809
63 0.684375 0.730208 0.21875 0.20625 0.00103188
62 0.684375 0.730208 0.21875 0.208333 0.165039
68 0.684375 0.730208 0.21875 0.208333 0.044342
13 0.405469 0.450781 0.0742188 0.0239583 0.036499
69 0.684375 0.73125 0.21875 0.208333 0.0342407
72 0.684375 0.730208 0.21875 0.208333 0.0227966
28 0.683984 0.729167 0.217969 0.20625 0.0170441
8 0.404687 0.448698 0.0742188 0.0223958 0.0137405
13 0.683984 0.729167 0.217969 0.20625 0.0124817
8 0.861719 0.180339 0.05625 0.0276042 0.0106964
13 0.404687 0.454688 0.071875 0.0182292 0.0091629
59 0.684375 0.730208 0.21875 0.208333 0.00905609
14 0.567969 0.213542 0.015625 0.0171875 0.00854492
14 0.83125 0.195573 0.00625 0.0229167 0.00818634
63 0.678906 0.644792 0.173438 0.0354167 0.00638962
8 0.860938 0.186198 0.0625 0.0401042 0.00626373
29 0.313672 0.944271 0.05 0.01875 0.00568771
73 0.610156 0.636458 0.0359375 0.01875 0.00510025
0 0.83125 0.195573 0.00625 0.0229167 0.00468063
60 0.679688 0.648958 0.195312 0.0416667 0.00345612
73 0.746094 0.659896 0.0703125 0.0364583 0.00335121
13 0.679688 0.648958 0.195312 0.0416667 0.003088
13 0.679688 0.644271 0.176563 0.03125 0.00301552
73 0.678516 0.642708 0.174219 0.0291667 0.00286674
13 0.673438 0.656771 0.192188 0.0416667 0.00282288
8 0.683984 0.729167 0.217969 0.20625 0.00226974
73 0.673438 0.638542 0.147656 0.0177083 0.00226021
73 0.640625 0.638542 0.101562 0.0166667 0.00224304
73 0.728906 0.660417 0.0375 0.0354167 0.00217438
71 0.684375 0.730208 0.21875 0.208333 0.00209999
6 0.683594 0.730208 0.217188 0.202083 0.00209045
73 0.607031 0.633854 0.040625 0.0229167 0.00201988
37 0.678906 0.644792 0.173438 0.0354167 0.00198746
74 0.684375 0.73125 0.21875 0.208333 0.00192642
14 0.723828 0.664063 0.0273438 0.0322917 0.00191212
13 0.403809 0.446875 0.0767578 0.0197917 0.0018034
7 0.683594 0.730208 0.217188 0.202083 0.00179577
14 0.100586 0.94375 0.0541016 0.0395833 0.00175476
36 0.673438 0.656771 0.192188 0.0416667 0.00174141
73 0.755469 0.658333 0.0421875 0.0270833 0.0017004
8 0.404687 0.454688 0.071875 0.0182292 0.00165462
14 0.567969 0.219922 0.0203125 0.0309896 0.0015974
14 0.725781 0.791146 0.0203125 0.0385417 0.00159168
14 0.859375 0.185677 0.0625 0.0341146 0.00158501
36 0.728906 0.661458 0.0382813 0.0375 0.00157928
63 0.664062 0.652083 0.1625 0.0354167 0.00155449
73 0.664062 0.652083 0.1625 0.0354167 0.00138855
25 0.860938 0.181771 0.059375 0.028125 0.00138283
13 0.823438 0.600521 0.104688 0.0302083 0.00129986
14 0.728906 0.661458 0.0382813 0.0375 0.00123501
36 0.723828 0.664063 0.0273438 0.0322917 0.00123024
73 0.673438 0.656771 0.192188 0.0416667 0.00117874
13 0.666406 0.652604 0.167187 0.0322917 0.00116539
73 0.604297 0.6375 0.0460938 0.0208333 0.0011158
67 0.608594 0.6375 0.0328125 0.0166667 0.0011158
37 0.403809 0.446875 0.0767578 0.0197917 0.00108624
36 0.678906 0.644792 0.173438 0.0354167 0.00106525
60 0.681641 0.639583 0.197656 0.05625 0.00105286
5 0.683594 0.730208 0.217188 0.202083 0.00103188
36 0.746094 0.659896 0.0703125 0.0364583 0.00102806
37 0.822656 0.601042 0.107813 0.0270833 0.00102043
32 0.348438 0.757292 0.0265625 0.01875 0.00100803
62 0.684766 0.730208 0.219531 0.210417 0.143677
13 0.405469 0.450781 0.0742188 0.0239583 0.0401001
68 0.684766 0.730208 0.219531 0.210417 0.0360718
69 0.684375 0.73125 0.21875 0.210417 0.0343628
72 0.684375 0.73125 0.21875 0.210417 0.025177
8 0.40459 0.448438 0.0736328 0.021875 0.0177765
28 0.684375 0.729688 0.21875 0.207292 0.0164642
8 0.861719 0.180208 0.05625 0.0276042 0.0113754
13 0.684375 0.729688 0.21875 0.207292 0.0111618
59 0.684375 0.730729 0.220313 0.209375 0.0106506
13 0.404687 0.454688 0.071875 0.0182292 0.00985718
29 0.313672 0.944271 0.0496094 0.01875 0.00981903
14 0.83125 0.195313 0.00625 0.0226563 0.00815582
14 0.567969 0.213411 0.015625 0.0169271 0.00793457
63 0.678516 0.644792 0.172656 0.0354167 0.00793457
13 0.405859 0.446875 0.0773438 0.0229167 0.0064621
8 0.860938 0.185677 0.0625 0.0395833 0.00621796
73 0.610156 0.636458 0.0359375 0.01875 0.00614548
0 0.83125 0.195313 0.00625 0.0226563 0.00488663
73 0.746094 0.660417 0.0703125 0.0354167 0.00419998
73 0.678125 0.642708 0.173438 0.028125 0.00383949
60 0.679688 0.648958 0.19375 0.04375 0.00351143
13 0.679688 0.64375 0.175 0.03125 0.00328636
13 0.679688 0.648958 0.19375 0.04375 0.00309944
13 0.673438 0.656771 0.190625 0.0416667 0.00301552
73 0.672656 0.638542 0.145313 0.0177083 0.00293541
73 0.639844 0.638542 0.0984375 0.0166667 0.00291252
73 0.728906 0.660417 0.0367188 0.0354167 0.00268364
73 0.607031 0.633333 0.040625 0.0229167 0.00256157
73 0.755469 0.658333 0.0421875 0.0270833 0.0024147
8 0.684375 0.729688 0.21875 0.207292 0.00234222
14 0.723437 0.664583 0.0265625 0.03125 0.00228691
71 0.684766 0.730208 0.219531 0.210417 0.00225258
37 0.678516 0.644792 0.172656 0.0354167 0.00224304
8 0.404687 0.454688 0.071875 0.0182292 0.00219154
6 0.683594 0.730208 0.217188 0.202083 0.00211525
36 0.728906 0.661458 0.0375 0.0375 0.00209999
36 0.673438 0.656771 0.190625 0.0416667 0.00203514
74 0.684375 0.73125 0.21875 0.210417 0.00195694
63 0.664062 0.652083 0.1625 0.0354167 0.00194168
7 0.683594 0.730208 0.217188 0.202083 0.00191212
73 0.664062 0.652083 0.1625 0.0354167 0.00176811
14 0.725781 0.791146 0.0203125 0.0385417 0.00174141
37 0.403809 0.446615 0.0767578 0.0197917 0.00165462
25 0.860938 0.181771 0.059375 0.028125 0.0016489
13 0.823438 0.600521 0.104688 0.0302083 0.0016489
14 0.859375 0.185417 0.0625 0.0335938 0.00162315
14 0.100586 0.943229 0.0537109 0.0375 0.00161076
14 0.728906 0.661458 0.0375 0.0375 0.00157356
36 0.723437 0.664583 0.0265625 0.03125 0.00154877
14 0.567969 0.219792 0.0203125 0.0307292 0.00146103
73 0.603906 0.6375 0.0453125 0.0197917 0.00143242
37 0.822656 0.601042 0.10625 0.0270833 0.0014267
73 0.673438 0.656771 0.190625 0.0416667 0.00140476
13 0.666406 0.653125 0.165625 0.03125 0.00130939
36 0.678516 0.644792 0.172656 0.0354167 0.00128937
36 0.746094 0.660417 0.0703125 0.0354167 0.0012846
67 0.608203 0.6375 0.0328125 0.0166667 0.00126457
73 0.679688 0.648958 0.19375 0.04375 0.00125504
37 0.8625 0.179948 0.05625 0.0268229 0.00118351
58 0.728906 0.816667 0.0953125 0.0947917 0.00118351
45 0.608203 0.6375 0.0328125 0.0166667 0.00116062
0 0.370313 0.797917 0.0460938 0.0541667 0.00116062
36 0.666406 0.653125 0.165625 0.03125 0.00112915
32 0.348438 0.757292 0.0265625 0.01875 0.00110722
58 0.725 0.829688 0.1 0.0822917 0.00110722
45 0.607031 0.633333 0.040625 0.0229167 0.00109863
28 0.750781 0.663542 0.053125 0.03125 0.00109482
60 0.681641 0.639583 0.197656 0.0572917 0.00107288
5 0.683594 0.730208 0.217188 0.202083 0.00106525
29 0.608203 0.6375 0.0328125 0.0166667 0.00100422
62 0.684375 0.730729 0.220313 0.210417 0.149048
13 0.405469 0.451042 0.0734375 0.0239583 0.0446777
68 0.684375 0.730729 0.220313 0.210417 0.0433655
69 0.684375 0.732292 0.21875 0.210417 0.0344849
72 0.684375 0.731771 0.21875 0.211458 0.0321045
8 0.404687 0.448438 0.0734375 0.021875 0.0164032
28 0.684375 0.730729 0.21875 0.208333 0.0146713
29 0.313477 0.94375 0.0492188 0.01875 0.0134277
8 0.861719 0.180339 0.05625 0.0270833 0.0115967
13 0.404687 0.454688 0.071875 0.0182292 0.0106125
63 0.678125 0.64375 0.171875 0.0333333 0.00981903
59 0.684375 0.73125 0.220313 0.210417 0.00967407
73 0.610938 0.636458 0.034375 0.01875 0.00815582
14 0.83125 0.195052 0.00625 0.021875 0.00800323
14 0.567969 0.213281 0.015625 0.0166667 0.00757599
13 0.40625 0.446875 0.0773438 0.0223958 0.00725937
13 0.684375 0.730729 0.21875 0.208333 0.00717545
73 0.746094 0.659896 0.0703125 0.0354167 0.00629044
8 0.860938 0.185417 0.0625 0.0377604 0.00621796
73 0.677734 0.642708 0.172656 0.0270833 0.00548935
0 0.83125 0.195052 0.00625 0.021875 0.00518036
73 0.640234 0.638542 0.096875 0.0166667 0.00443268
73 0.672656 0.638542 0.14375 0.0177083 0.00426483
73 0.755469 0.658333 0.0421875 0.025 0.00416565
73 0.728906 0.660938 0.0367188 0.034375 0.00403976
73 0.607031 0.633333 0.040625 0.0229167 0.00365067
13 0.679688 0.64375 0.175 0.03125 0.00365067
60 0.679688 0.648958 0.192188 0.0427083 0.00346947
13 0.673047 0.65625 0.188281 0.0395833 0.00314713
13 0.68125 0.649479 0.19375 0.040625 0.00271416
36 0.728906 0.661458 0.0375 0.0375 0.00258064
71 0.684375 0.730729 0.220313 0.210417 0.00235939
14 0.722656 0.664583 0.025 0.03125 0.00234222
73 0.663281 0.652083 0.160938 0.0354167 0.00230598
63 0.663281 0.652083 0.160938 0.0354167 0.00224304
37 0.678125 0.64375 0.171875 0.0333333 0.00216484
25 0.860156 0.181771 0.059375 0.028125 0.00214005
13 0.823633 0.6 0.105859 0.0291667 0.00209999
36 0.673047 0.65625 0.188281 0.0395833 0.00209999
74 0.684375 0.732292 0.21875 0.210417 0.00205803
73 0.603906 0.6375 0.0453125 0.01875 0.00203514
8 0.404687 0.454688 0.071875 0.0182292 0.00200272
7 0.683594 0.730729 0.215625 0.202083 0.00198746
73 0.673047 0.65625 0.188281 0.0395833 0.00189686
37 0.403516 0.446354 0.0765625 0.0197917 0.00183105
6 0.683594 0.730729 0.215625 0.202083 0.00176144
36 0.722656 0.664583 0.025 0.03125 0.00174141
58 0.728906 0.816667 0.0953125 0.09375 0.00169373
73 0.679688 0.648958 0.192188 0.0427083 0.0016613
14 0.859375 0.185026 0.0625 0.0325521 0.00163555
14 0.725781 0.791146 0.0203125 0.0385417 0.00161076
14 0.728906 0.661458 0.0375 0.0375 0.0015974
67 0.608594 0.6375 0.0328125 0.0166667 0.00157356
58 0.725 0.830208 0.1 0.0833333 0.00156689
37 0.822656 0.601042 0.10625 0.0270833 0.00153637
36 0.746094 0.659896 0.0703125 0.0354167 0.00152493
8 0.684375 0.730729 0.21875 0.208333 0.00150108
14 0.100488 0.943229 0.0533203 0.0354167 0.00148392
28 0.751563 0.663542 0.0515625 0.0302083 0.00146675
36 0.678125 0.64375 0.171875 0.0333333 0.00145531
37 0.861719 0.179948 0.05625 0.0265625 0.00144958
13 0.665234 0.653125 0.164062 0.03125 0.00144386
14 0.567578 0.219792 0.0195312 0.0302083 0.00139427
45 0.608594 0.6375 0.0328125 0.0166667 0.00138283
45 0.607031 0.633333 0.040625 0.0229167 0.00134087
32 0.348438 0.757292 0.0265625 0.01875 0.00126457
26 0.746094 0.659896 0.0703125 0.0354167 0.00123024
36 0.665234 0.653125 0.164062 0.03125 0.0012064
73 0.661719 0.633333 0.128125 0.0270833 0.00119686
39 0.725781 0.791146 0.0203125 0.0385417 0.00119686
29 0.608594 0.6375 0.0328125 0.0166667 0.00118351
39 0.722656 0.664583 0.025 0.03125 0.00115108
0 0.370313 0.798438 0.0453125 0.053125 0.00114727
73 0.722656 0.664583 0.025 0.03125 0.00113392
28 0.663281 0.652083 0.160938 0.0354167 0.00110722
60 0.682031 0.639063 0.196875 0.05625 0.00106525
73 0.638281 0.632292 0.03125 0.0208333 0.00102806
29 0.861719 0.180339 0.05625 0.0270833 0.00102425
13 0.684766 0.655208 0.203906 0.05625 0.00102425
26 0.728906 0.660938 0.0367188 0.034375 0.00101185
8 0.18457 0.239063 0.0832031 0.0348958 0.00100422
62 0.684375 0.73125 0.21875 0.210417 0.187134
68 0.684375 0.73125 0.21875 0.210417 0.0441895
13 0.405469 0.450781 0.0734375 0.0234375 0.0394897
72 0.684375 0.732292 0.21875 0.2125 0.0372009
69 0.684375 0.732292 0.21875 0.210417 0.0324707
8 0.404687 0.448177 0.0734375 0.0213542 0.0147324
29 0.313281 0.94375 0.0492188 0.01875 0.012825
63 0.677344 0.64375 0.170313 0.0333333 0.0117798
28 0.684375 0.73125 0.21875 0.208333 0.0108566
73 0.610547 0.636458 0.034375 0.0177083 0.00930023
13 0.40459 0.454688 0.0720703 0.0177083 0.0088501
14 0.83125 0.194792 0.00625 0.0208333 0.0086441
59 0.684375 0.73125 0.220313 0.210417 0.00844574
8 0.860938 0.180469 0.05625 0.0260417 0.00796509
73 0.746094 0.659896 0.06875 0.034375 0.00754929
73 0.677344 0.642708 0.170313 0.0270833 0.00725937
14 0.567578 0.213281 0.015625 0.0161458 0.00677109
13 0.40625 0.446615 0.0773438 0.0213542 0.00677109
73 0.75625 0.657813 0.040625 0.025 0.00553513
13 0.684375 0.73125 0.21875 0.208333 0.00547028
73 0.728906 0.660417 0.0359375 0.0333333 0.00544739
73 0.671875 0.638542 0.14375 0.0177083 0.00524139
73 0.644141 0.638542 0.103906 0.0166667 0.00518036
13 0.678906 0.64375 0.173438 0.0291667 0.00455475
0 0.83125 0.194792 0.00625 0.0208333 0.00443268
73 0.607031 0.633854 0.040625 0.021875 0.00438309
8 0.860938 0.185547 0.0625 0.0356771 0.00428009
13 0.671875 0.65625 0.185156 0.0395833 0.00367928
60 0.678906 0.648958 0.189063 0.0427083 0.00340271
13 0.68125 0.648958 0.190625 0.0416667 0.0030632
73 0.6625 0.652083 0.157813 0.0354167 0.00287819
63 0.6625 0.652083 0.157813 0.0354167 0.00257111
36 0.728125 0.661979 0.0359375 0.0364583 0.00256157
73 0.603906 0.638021 0.0453125 0.01875 0.00251198
73 0.678906 0.648958 0.189063 0.0427083 0.00235939
73 0.671875 0.65625 0.185156 0.0395833 0.00234222
14 0.721875 0.664583 0.0234375 0.0302083 0.00224304
58 0.728906 0.816146 0.09375 0.09375 0.00220871
71 0.684375 0.73125 0.21875 0.210417 0.00219154
13 0.823633 0.600521 0.105859 0.0291667 0.00215721
73 0.745703 0.664583 0.0632813 0.0291667 0.00210762
36 0.671875 0.65625 0.185156 0.0395833 0.00209045
58 0.725781 0.830729 0.1 0.0822917 0.00201988
74 0.684375 0.732292 0.21875 0.210417 0.00191879
25 0.859375 0.182031 0.059375 0.0270833 0.00186729
13 0.664453 0.653125 0.1625 0.03125 0.00183868
7 0.683594 0.730208 0.215625 0.202083 0.00179577
37 0.677344 0.64375 0.170313 0.0333333 0.00177479
67 0.608594 0.6375 0.03125 0.0166667 0.00175476
45 0.608594 0.6375 0.03125 0.0166667 0.00171375
45 0.607031 0.633854 0.040625 0.021875 0.00168705
36 0.721875 0.664583 0.0234375 0.0302083 0.00168705
37 0.403516 0.446354 0.0765625 0.01875 0.00165462
8 0.40459 0.454688 0.0720703 0.0177083 0.00163555
14 0.859375 0.185417 0.0625 0.03125 0.00162315
36 0.677344 0.64375 0.170313 0.0333333 0.00159168
14 0.725781 0.790625 0.0195312 0.0375 0.00158501
73 0.661719 0.633333 0.128125 0.0260417 0.00153065
14 0.728125 0.661979 0.0359375 0.0364583 0.00152493
39 0.725781 0.790625 0.0195312 0.0375 0.00150108
36 0.746094 0.659896 0.06875 0.034375 0.00148964
73 0.721875 0.664583 0.0234375 0.0302083 0.00143242
28 0.751563 0.664063 0.0515625 0.0291667 0.00143242
26 0.746094 0.659896 0.06875 0.034375 0.0014267
14 0.100415 0.942708 0.0526855 0.0333333 0.00140476
6 0.683594 0.730208 0.215625 0.202083 0.00138855
39 0.721875 0.664583 0.0234375 0.0302083 0.00135612
29 0.608594 0.6375 0.03125 0.0166667 0.00130463
36 0.664453 0.653125 0.1625 0.03125 0.0012846
14 0.567969 0.219661 0.01875 0.0299479 0.00126934
26 0.728906 0.660417 0.0359375 0.0333333 0.00124454
73 0.639844 0.631771 0.028125 0.0197917 0.00123978
28 0.6625 0.652083 0.157813 0.0354167 0.00123501
73 0.763672 0.647917 0.0507812 0.025 0.00119686
37 0.822656 0.6 0.10625 0.025 0.00116539
26 0.608594 0.6375 0.03125 0.0166667 0.00116062
63 0.684375 0.732292 0.21875 0.2125 0.00115585
32 0.348438 0.757292 0.0265625 0.01875 0.00114727
37 0.861719 0.179948 0.05625 0.025 0.00113773
8 0.684375 0.73125 0.21875 0.208333 0.00112915
69 0.680078 0.648438 0.194531 0.04375 0.0011158
28 0.677344 0.64375 0.170313 0.0333333 0.00107765
26 0.75625 0.657813 0.040625 0.025 0.00107288
60 0.682031 0.639063 0.195312 0.05625 0.00105667
13 0.728906 0.660417 0.0359375 0.0333333 0.00104809
0 0.371289 0.799479 0.0410156 0.053125 0.00102043
62 0.684375 0.731771 0.21875 0.211458 0.218628
72 0.684375 0.732813 0.21875 0.213542 0.0507202
68 0.684375 0.732813 0.21875 0.211458 0.0441895
13 0.405469 0.450781 0.0734375 0.0234375 0.0380249
69 0.684375 0.732813 0.21875 0.211458 0.0321045
63 0.677344 0.64375 0.16875 0.03125 0.0138474
29 0.313477 0.944271 0.0488281 0.0177083 0.0133286
73 0.610938 0.636458 0.0328125 0.0166667 0.0113754
8 0.404687 0.448177 0.0734375 0.0208333 0.0110703
73 0.746094 0.659896 0.06875 0.0333333 0.0106125
73 0.75625 0.657813 0.040625 0.0239583 0.00971222
73 0.676953 0.642708 0.169531 0.0270833 0.00898743
13 0.405078 0.454948 0.0726563 0.0171875 0.00812531
73 0.728906 0.660417 0.0359375 0.0333333 0.00800323
14 0.83125 0.194271 0.00625 0.0208333 0.00787354
8 0.860938 0.180469 0.05625 0.025 0.0078125
13 0.406641 0.446354 0.078125 0.0208333 0.00734711
14 0.567578 0.213281 0.015625 0.0161458 0.00666809
73 0.673047 0.638542 0.14375 0.0166667 0.00664139
28 0.684375 0.73125 0.21875 0.210417 0.00656509
73 0.645312 0.638542 0.104688 0.0166667 0.00653839
13 0.678516 0.642708 0.172656 0.0291667 0.00600433
59 0.684766 0.732292 0.219531 0.210417 0.005867
73 0.607422 0.633333 0.0398437 0.0208333 0.00568771
13 0.671094 0.65625 0.179688 0.0375 0.00452042
0 0.83125 0.194271 0.00625 0.0208333 0.0042305
8 0.860938 0.184896 0.0625 0.0335938 0.0042305
73 0.678125 0.648958 0.184375 0.04375 0.0042305
13 0.683594 0.648958 0.18125 0.0333333 0.00421524
13 0.684375 0.73125 0.21875 0.210417 0.00395966
60 0.678125 0.648958 0.184375 0.04375 0.00378036
73 0.6625 0.652083 0.15625 0.0333333 0.00348282
73 0.671094 0.65625 0.179688 0.0375 0.00337601
73 0.603906 0.638021 0.04375 0.01875 0.00335121
73 0.747656 0.666667 0.0578125 0.0270833 0.00312424
58 0.726172 0.830208 0.0992187 0.0833333 0.00307465
58 0.728906 0.816146 0.09375 0.0947917 0.00301552
13 0.822656 0.6 0.10625 0.0291667 0.00283432
63 0.6625 0.652083 0.15625 0.0333333 0.00277901
36 0.728125 0.661458 0.0359375 0.0354167 0.00256157
25 0.859375 0.181901 0.059375 0.0268229 0.00255013
13 0.664062 0.653646 0.159375 0.0291667 0.00230598
45 0.608594 0.6375 0.03125 0.0166667 0.00213242
14 0.721875 0.665104 0.0234375 0.0291667 0.00210762
45 0.607422 0.633333 0.0398437 0.0208333 0.00209999
67 0.608594 0.6375 0.03125 0.0166667 0.00199509
73 0.764063 0.647917 0.05 0.025 0.00198746
73 0.721875 0.665104 0.0234375 0.0291667 0.00198746
36 0.671094 0.65625 0.179688 0.0375 0.00197983
39 0.725781 0.790625 0.0195312 0.0375 0.0019722
73 0.6625 0.633333 0.127344 0.025 0.00195694
14 0.725781 0.790625 0.0195312 0.0375 0.00178909
14 0.100293 0.942188 0.0523438 0.03125 0.00173378
13 0.680469 0.648958 0.196875 0.0458333 0.0017271
14 0.859375 0.184766 0.0609375 0.0304688 0.0017004
36 0.721875 0.665104 0.0234375 0.0291667 0.0016489
39 0.721875 0.665104 0.0234375 0.0291667 0.00159168
73 0.641406 0.631771 0.0234375 0.01875 0.00158501
74 0.684375 0.732813 0.21875 0.211458 0.00157356
26 0.746094 0.659896 0.06875 0.0333333 0.00154305
29 0.608594 0.6375 0.03125 0.0166667 0.00152493
36 0.677344 0.64375 0.16875 0.03125 0.00152493
63 0.684375 0.732813 0.21875 0.213542 0.00151253
71 0.684375 0.731771 0.21875 0.211458 0.00148964
13 0.728906 0.660417 0.0359375 0.0333333 0.00143814
26 0.728906 0.660417 0.0359375 0.0333333 0.00143242
26 0.608594 0.6375 0.03125 0.0166667 0.00141621
14 0.728125 0.661458 0.0359375 0.0354167 0.00139904
69 0.680469 0.648438 0.192188 0.04375 0.00139904
36 0.746094 0.659896 0.06875 0.0333333 0.00137806
28 0.752344 0.664583 0.05 0.028125 0.00137234
26 0.75625 0.657813 0.040625 0.0239583 0.00131512
37 0.677344 0.64375 0.16875 0.03125 0.00130939
7 0.683203 0.73125 0.214844 0.2 0.00130463
29 0.860938 0.180469 0.05625 0.025 0.00129986
14 0.567578 0.219531 0.0195312 0.0296875 0.00127411
37 0.403516 0.446094 0.0765625 0.01875 0.00126934
73 0.676562 0.661458 0.146875 0.040625 0.00124931
60 0.682031 0.639063 0.195312 0.05625 0.00124454
63 0.607422 0.633333 0.0398437 0.0208333 0.00123501
37 0.860938 0.179948 0.05625 0.0239583 0.00121117
36 0.664062 0.653646 0.159375 0.0291667 0.0011692
32 0.348633 0.757292 0.0265625 0.01875 0.00115108
58 0.731641 0.846875 0.0960938 0.0979167 0.00108624
8 0.405078 0.454948 0.0726563 0.0171875 0.00107288
26 0.607813 0.633333 0.0375 0.0208333 0.00107288
0 0.371289 0.799479 0.0410156 0.053125 0.00106049
13 0.699219 0.655208 0.157813 0.0395833 0.00103664
60 0.684766 0.729167 0.214844 0.197917 0.00102425
62 0.684375 0.732292 0.21875 0.210417 0.312256
68 0.684375 0.733333 0.21875 0.210417 0.0618896
72 0.684375 0.733333 0.21875 0.2125 0.0568542
13 0.405469 0.450781 0.0742188 0.0229167 0.032959
69 0.684375 0.733333 0.21875 0.210417 0.0313721
13 0.404297 0.447396 0.0726563 0.0177083 0.0234222
63 0.676953 0.643229 0.167187 0.03125 0.0152512
73 0.746875 0.659896 0.0671875 0.0322917 0.0141144
73 0.610938 0.636458 0.0328125 0.0166667 0.0140076
73 0.75625 0.658333 0.040625 0.0229167 0.0139542
29 0.313477 0.944271 0.0488281 0.0177083 0.0120544
73 0.676953 0.642708 0.167969 0.0270833 0.0109024
73 0.728516 0.660417 0.0359375 0.0333333 0.0108566
73 0.673438 0.639063 0.144531 0.0177083 0.00784302
73 0.649219 0.638542 0.110937 0.0166667 0.0078125
73 0.607813 0.633333 0.0390625 0.0208333 0.00734711
73 0.678125 0.648958 0.182812 0.0427083 0.00720596
8 0.404687 0.447917 0.0734375 0.0203125 0.00714874
13 0.678125 0.642708 0.171875 0.0270833 0.00695801
13 0.405078 0.454948 0.0726563 0.0166667 0.0068779
8 0.860938 0.180469 0.05625 0.0244792 0.00631332
14 0.83125 0.19401 0.00625 0.0203125 0.00621796
14 0.567969 0.213151 0.015625 0.0158854 0.00600433
13 0.670313 0.65625 0.178125 0.0375 0.00481033
73 0.603906 0.638542 0.04375 0.01875 0.00471878
13 0.683984 0.648958 0.180469 0.0333333 0.00466537
73 0.670313 0.65625 0.178125 0.0375 0.00453949
28 0.684375 0.732292 0.217188 0.210417 0.00443268
73 0.661719 0.652083 0.154688 0.0333333 0.00432968
73 0.75 0.667708 0.053125 0.025 0.00428009
60 0.678125 0.648958 0.182812 0.0427083 0.00407028
0 0.83125 0.19401 0.00625 0.0203125 0.00385475
58 0.726562 0.830208 0.0984375 0.0833333 0.0037365
59 0.684375 0.732292 0.21875 0.210417 0.0036068
8 0.860938 0.184635 0.0625 0.0328125 0.00348282
58 0.728906 0.816146 0.09375 0.0947917 0.00341606
13 0.822656 0.6 0.10625 0.0291667 0.00299263
63 0.661719 0.652083 0.154688 0.0333333 0.00283432
73 0.764063 0.647917 0.0484375 0.0239583 0.00271416
25 0.859375 0.181901 0.059375 0.0268229 0.0026722
67 0.608594 0.6375 0.03125 0.015625 0.00254059
73 0.721094 0.665625 0.021875 0.028125 0.00254059
73 0.664062 0.632813 0.128125 0.025 0.00243378
13 0.663672 0.654167 0.157813 0.0291667 0.00237846
13 0.684375 0.732292 0.217188 0.210417 0.00233269
36 0.727734 0.661458 0.0351562 0.0354167 0.00232315
39 0.725781 0.790625 0.01875 0.0375 0.00221634
63 0.684375 0.733333 0.21875 0.2125 0.00201988
39 0.721094 0.665625 0.021875 0.028125 0.00191212
13 0.685156 0.652083 0.2 0.0541667 0.00188923
45 0.607813 0.633333 0.0390625 0.0208333 0.00187492
36 0.670313 0.65625 0.178125 0.0375 0.00187492
73 0.642969 0.63125 0.0203125 0.01875 0.00185299
45 0.608594 0.6375 0.03125 0.015625 0.00185299
14 0.721094 0.665625 0.021875 0.028125 0.00174809
73 0.676953 0.6625 0.142969 0.0375 0.0015974
74 0.684375 0.732292 0.21875 0.210417 0.0015974
14 0.725781 0.790625 0.01875 0.0375 0.00158501
26 0.746875 0.659896 0.0671875 0.0322917 0.00154877
69 0.680469 0.648438 0.189063 0.04375 0.00154305
36 0.676953 0.643229 0.167187 0.03125 0.00150681
13 0.728516 0.660417 0.0359375 0.0333333 0.00148964
14 0.100171 0.942708 0.052002 0.0291667 0.0014782
29 0.608594 0.6375 0.03125 0.015625 0.00147247
26 0.75625 0.658333 0.040625 0.0229167 0.00145531
63 0.607422 0.633333 0.0375 0.0208333 0.00143814
36 0.721094 0.665625 0.021875 0.028125 0.00142097
26 0.728516 0.660417 0.0359375 0.0333333 0.00140476
14 0.859375 0.184505 0.0609375 0.0302083 0.00136662
26 0.608594 0.6375 0.03125 0.015625 0.00136662
60 0.682422 0.638542 0.194531 0.05625 0.00136662
60 0.685156 0.729167 0.214062 0.197917 0.00135136
36 0.746875 0.659896 0.0671875 0.0322917 0.00126457
32 0.348438 0.757292 0.0265625 0.01875 0.00124454
29 0.860938 0.180469 0.05625 0.0244792 0.00120163
73 0.746484 0.65 0.0742188 0.0291667 0.00120163
28 0.752344 0.664583 0.05 0.0270833 0.00119686
39 0.370117 0.8 0.0410156 0.0520833 0.0011692
28 0.680469 0.648438 0.189063 0.04375 0.00116539
14 0.567578 0.219271 0.0195312 0.0296875 0.00116062
58 0.731641 0.846875 0.0960938 0.0958333 0.00113392
63 0.678125 0.648958 0.182812 0.0427083 0.00112438
63 0.676172 0.632292 0.152344 0.025 0.00112057
71 0.684375 0.732292 0.21875 0.210417 0.00108147
26 0.607422 0.633333 0.0375 0.0208333 0.00105667
13 0.699609 0.654167 0.155469 0.0395833 0.00105286
14 0.727734 0.661458 0.0351562 0.0354167 0.00104809
36 0.663672 0.654167 0.157813 0.0291667 0.00103664
73 0.653906 0.66875 0.132812 0.025 0.00103188
58 0.685547 0.896875 0.186719 0.195833 0.00103188
73 0.621094 0.633333 0.06875 0.0229167 0.00102806
63 0.673438 0.639063 0.144531 0.0177083 0.00101185
62 0.684375 0.732292 0.21875 0.208333 0.357666
68 0.684375 0.733333 0.217188 0.208333 0.0637207
72 0.684766 0.733333 0.217969 0.210417 0.0632324
13 0.405469 0.450781 0.0742188 0.0229167 0.0322266
69 0.684375 0.733333 0.217188 0.208333 0.0302124
13 0.404297 0.447396 0.0726563 0.0177083 0.0238647
73 0.610938 0.636458 0.0328125 0.0166667 0.0132751
63 0.676953 0.642708 0.167187 0.03125 0.0120087
73 0.746875 0.659896 0.0671875 0.0322917 0.0118256
73 0.75625 0.657813 0.040625 0.0229167 0.0113754
29 0.313477 0.944271 0.0488281 0.0177083 0.0106125
73 0.728516 0.660938 0.0359375 0.0333333 0.00959778
73 0.678516 0.648958 0.182812 0.0427083 0.0091629
73 0.676953 0.642188 0.167969 0.0260417 0.00874329
13 0.678125 0.642708 0.171875 0.0270833 0.00748825
73 0.648438 0.638542 0.109375 0.0166667 0.0068512
73 0.673438 0.638542 0.14375 0.0166667 0.00674438
73 0.607813 0.633333 0.0390625 0.0208333 0.00661469
13 0.405078 0.454948 0.0726563 0.0166667 0.00658798
8 0.404785 0.447917 0.0732422 0.0203125 0.00619125
8 0.860938 0.180469 0.05625 0.0244792 0.0051384
13 0.670703 0.65625 0.177344 0.0375 0.00508118
14 0.567969 0.213021 0.015625 0.015625 0.00486755
13 0.684375 0.648958 0.179688 0.0322917 0.00481033
14 0.83125 0.19401 0.00625 0.0197917 0.00460815
73 0.603125 0.638542 0.04375 0.0177083 0.0042305
73 0.670703 0.65625 0.177344 0.0375 0.00397491
60 0.678516 0.648958 0.182812 0.0427083 0.0039444
0 0.83125 0.19401 0.00625 0.0197917 0.00359344
73 0.750391 0.667708 0.0523438 0.0239583 0.00359344
58 0.728906 0.815625 0.09375 0.09375 0.00338936
58 0.726562 0.829688 0.0984375 0.0833333 0.00331116
28 0.684375 0.732292 0.217188 0.208333 0.00323486
73 0.663672 0.654167 0.158594 0.028125 0.00309944
13 0.822656 0.6 0.10625 0.0291667 0.00307465
8 0.860938 0.184635 0.0625 0.0333333 0.0028553
59 0.684375 0.732292 0.21875 0.208333 0.00240517
25 0.859375 0.182031 0.059375 0.0265625 0.00239754
67 0.608594 0.6375 0.0304688 0.015625 0.002388
13 0.663672 0.654167 0.158594 0.028125 0.00234222
13 0.680859 0.648958 0.189844 0.04375 0.00234222
73 0.764063 0.647917 0.05 0.0239583 0.00228691
73 0.721094 0.666146 0.021875 0.0270833 0.00219917
63 0.661719 0.652604 0.154688 0.0322917 0.00212479
39 0.721094 0.666146 0.021875 0.0270833 0.00211525
63 0.684766 0.733333 0.217969 0.210417 0.00209999
73 0.664062 0.632813 0.126563 0.0239583 0.00206757
39 0.726172 0.790625 0.0195312 0.0375 0.00200272
36 0.727344 0.661979 0.034375 0.0354167 0.00190449
36 0.670703 0.65625 0.177344 0.0375 0.00173378
73 0.643359 0.63125 0.0195312 0.01875 0.00163555
69 0.680469 0.65 0.19375 0.04375 0.00162888
14 0.721094 0.666146 0.021875 0.0270833 0.00161076
45 0.607813 0.633333 0.0390625 0.0208333 0.00153637
13 0.728516 0.660938 0.0359375 0.0333333 0.00150108
74 0.684375 0.732292 0.21875 0.208333 0.00150108
13 0.684375 0.732292 0.217188 0.208333 0.00148964
45 0.608594 0.6375 0.0304688 0.015625 0.00146103
73 0.677344 0.6625 0.140625 0.0375 0.00143814
28 0.680859 0.648958 0.189844 0.04375 0.00142097
14 0.726172 0.790625 0.0195312 0.0375 0.00137806
26 0.746875 0.659896 0.0671875 0.0322917 0.00135612
60 0.682813 0.639063 0.195312 0.05625 0.00134087
63 0.607422 0.633333 0.0375 0.01875 0.00132465
26 0.75625 0.657813 0.040625 0.0229167 0.00129986
26 0.728516 0.660938 0.0359375 0.0333333 0.00129414
63 0.678516 0.648958 0.182812 0.0427083 0.0012846
60 0.685156 0.729688 0.214062 0.196875 0.00127888
36 0.676953 0.642708 0.167187 0.03125 0.00125504
26 0.608594 0.6375 0.0304688 0.015625 0.0012207
36 0.721094 0.666146 0.021875 0.0270833 0.00119686
29 0.608594 0.6375 0.0304688 0.015625 0.00119209
36 0.746875 0.659896 0.0671875 0.0322917 0.00107288
58 0.732031 0.847917 0.0953125 0.1 0.00104427
39 0.370117 0.800521 0.0410156 0.0510417 0.00103664
13 0.7 0.654167 0.15625 0.0395833 0.00103188
32 0.348828 0.757292 0.0265625 0.01875 0.00102806
14 0.859375 0.184375 0.059375 0.0302083 0.00102425
62 0.685156 0.733333 0.217188 0.210417 0.44165
68 0.684375 0.732292 0.217188 0.208333 0.0878906
72 0.685156 0.733333 0.217188 0.210417 0.0786133
13 0.405078 0.447396 0.075 0.0208333 0.0306702
69 0.684375 0.733333 0.217188 0.208333 0.0296478
13 0.404297 0.451042 0.0734375 0.021875 0.02034
63 0.677344 0.643229 0.167187 0.0322917 0.0146179
73 0.748047 0.660417 0.0648438 0.03125 0.0145035
73 0.756641 0.658333 0.0398437 0.0229167 0.014061
73 0.608594 0.6375 0.03125 0.0166667 0.0137939
73 0.677344 0.648958 0.178125 0.0427083 0.0134811
73 0.728516 0.660938 0.0359375 0.0333333 0.012146
29 0.313672 0.944792 0.0492188 0.0166667 0.0109482
73 0.677344 0.642708 0.170313 0.0270833 0.008255
73 0.607813 0.633333 0.0390625 0.0208333 0.00740433
13 0.678125 0.642708 0.170313 0.0291667 0.00734711
73 0.652344 0.638542 0.121094 0.0166667 0.00614548
73 0.674609 0.639063 0.15 0.0177083 0.00591278
13 0.405078 0.455208 0.0726563 0.0166667 0.00548935
73 0.603125 0.638542 0.04375 0.0177083 0.00486755
8 0.40459 0.447917 0.0736328 0.0203125 0.00466537
73 0.669922 0.657292 0.173438 0.0375 0.0046463
13 0.669922 0.657292 0.173438 0.0375 0.00439835
8 0.860938 0.180729 0.05625 0.0244792 0.00438309
73 0.751563 0.668229 0.05 0.0229167 0.00436401
14 0.567969 0.213021 0.015625 0.015625 0.00434875
58 0.729297 0.816146 0.0945313 0.09375 0.00429916
13 0.82168 0.600521 0.106641 0.028125 0.00428009
58 0.726172 0.830208 0.0992187 0.0833333 0.00411606
13 0.684375 0.648438 0.178125 0.0322917 0.00402451
60 0.677344 0.648958 0.178125 0.0427083 0.00376511
73 0.662109 0.652083 0.155469 0.0333333 0.00346947
14 0.83125 0.19375 0.00625 0.0197917 0.00337601
73 0.764844 0.647917 0.0484375 0.0229167 0.00291252
0 0.83125 0.19375 0.00625 0.0197917 0.00276756
67 0.608594 0.6375 0.03125 0.0166667 0.00254059
39 0.720313 0.666667 0.0203125 0.0260417 0.00245285
73 0.720313 0.666667 0.0203125 0.0260417 0.00239754
63 0.662109 0.652083 0.155469 0.0333333 0.00237846
29 0.313281 0.943229 0.0539063 0.021875 0.00236893
28 0.684375 0.733333 0.215625 0.208333 0.00226021
8 0.860938 0.184375 0.0625 0.0346354 0.00224304
63 0.685156 0.733333 0.217188 0.210417 0.00214958
39 0.726172 0.791146 0.0195312 0.0375 0.00213242
73 0.666406 0.632813 0.13125 0.025 0.00209999
63 0.677344 0.648958 0.178125 0.0427083 0.0020504
25 0.859375 0.182031 0.059375 0.0265625 0.00185299
13 0.680469 0.65 0.192188 0.04375 0.00183868
69 0.680469 0.648958 0.1875 0.04375 0.00172043
45 0.607813 0.633333 0.0390625 0.0208333 0.00168705
28 0.677344 0.648958 0.178125 0.0427083 0.0016613
73 0.644141 0.63125 0.01875 0.01875 0.00165462
63 0.607422 0.633333 0.0375 0.01875 0.00162315
73 0.676562 0.6625 0.1375 0.0375 0.00158501
74 0.684375 0.732292 0.217188 0.208333 0.00157356
13 0.662109 0.652083 0.155469 0.0333333 0.00154877
58 0.686719 0.897396 0.184375 0.194792 0.00153637
36 0.669922 0.657292 0.173438 0.0375 0.00150681
59 0.684375 0.733333 0.215625 0.208333 0.00150108
36 0.727344 0.6625 0.034375 0.0354167 0.00146103
62 0.680469 0.648958 0.1875 0.04375 0.00143242
2 0.185107 0.239063 0.0844727 0.0328125 0.00140476
45 0.608594 0.6375 0.03125 0.0166667 0.00137806
60 0.682813 0.639063 0.19375 0.05625 0.00125504
58 0.731641 0.847396 0.0960938 0.0979167 0.00124931
14 0.726172 0.791146 0.0195312 0.0375 0.00124454
26 0.756641 0.658333 0.0398437 0.0229167 0.00123501
58 0.703906 0.86875 0.153125 0.166667 0.00121117
14 0.720313 0.666667 0.0203125 0.0260417 0.0012064
26 0.748047 0.660417 0.0648438 0.03125 0.00118828
13 0.728516 0.660938 0.0359375 0.0333333 0.00115585
39 0.369922 0.801042 0.040625 0.05 0.00107765
26 0.608594 0.6375 0.03125 0.0166667 0.00107288
29 0.608594 0.6375 0.03125 0.0166667 0.00107288
26 0.728516 0.660938 0.0359375 0.0333333 0.00106525
36 0.677344 0.643229 0.167187 0.0322917 0.00103664
63 0.676562 0.632292 0.153125 0.025 0.00102806
14 0.0999023 0.942708 0.0515625 0.028125 0.00101662
73 0.746875 0.648958 0.0734375 0.0270833 0.00100803
62 0.685156 0.733333 0.217188 0.2125 0.478516
68 0.684375 0.732292 0.217188 0.208333 0.0872803
72 0.685156 0.733333 0.217188 0.2125 0.083313
13 0.405078 0.447656 0.075 0.0208333 0.0279083
69 0.684375 0.733333 0.217188 0.208333 0.0269623
63 0.677344 0.64375 0.16875 0.0333333 0.0153046
73 0.748047 0.660417 0.0648438 0.03125 0.0148392
73 0.676953 0.648958 0.178125 0.04375 0.0142822
73 0.608594 0.6375 0.03125 0.0166667 0.0139008
73 0.75625 0.658333 0.0390625 0.0229167 0.0138474
73 0.728516 0.660938 0.0359375 0.0333333 0.0127716
29 0.313867 0.944271 0.05 0.0177083 0.00989532
73 0.677344 0.642708 0.171094 0.028125 0.00751877
73 0.607813 0.633333 0.0390625 0.0208333 0.00746155
13 0.678125 0.642708 0.170313 0.0291667 0.00666809
73 0.653125 0.638542 0.123438 0.0177083 0.00564194
73 0.675 0.639063 0.152344 0.01875 0.00530243
13 0.822656 0.601042 0.107813 0.0291667 0.00500107
58 0.729297 0.816667 0.0945313 0.0947917 0.0049057
73 0.603516 0.638542 0.0445313 0.01875 0.00484848
13 0.405078 0.455208 0.0726563 0.0166667 0.00481033
73 0.669531 0.656771 0.172656 0.0385417 0.00457382
8 0.40459 0.448177 0.0736328 0.0208333 0.00439835
73 0.751563 0.667708 0.05 0.0229167 0.0042305
8 0.860938 0.18099 0.05625 0.025 0.00407028
13 0.669531 0.656771 0.172656 0.0385417 0.00374985
14 0.567969 0.213021 0.015625 0.015625 0.00352478
13 0.684375 0.648438 0.178125 0.0333333 0.00348282
60 0.676953 0.648958 0.178125 0.04375 0.00337601
73 0.764844 0.647917 0.0484375 0.0229167 0.00305176
58 0.728906 0.833854 0.096875 0.0989583 0.00300407
67 0.608594 0.6375 0.03125 0.0166667 0.00261116
39 0.720313 0.666667 0.0203125 0.0270833 0.00253105
63 0.6625 0.652083 0.15625 0.0354167 0.00250244
14 0.83125 0.19375 0.00625 0.0197917 0.00242424
73 0.720313 0.666667 0.0203125 0.0270833 0.00234222
73 0.661719 0.652083 0.153125 0.0364583 0.00232315
0 0.83125 0.19375 0.00625 0.0197917 0.00223351
63 0.685156 0.733333 0.217188 0.211458 0.00213242
28 0.684375 0.733333 0.215625 0.209375 0.00212479
45 0.607813 0.633333 0.0390625 0.0208333 0.00209999
39 0.725781 0.791146 0.0203125 0.0375 0.00206757
58 0.685938 0.895833 0.1875 0.197917 0.00197983
73 0.667188 0.632813 0.132812 0.025 0.0019722
28 0.676953 0.648958 0.178125 0.04375 0.00190449
8 0.860938 0.183854 0.0625 0.0359375 0.00189686
63 0.607422 0.633333 0.0375 0.0208333 0.00171375
69 0.68125 0.65 0.192188 0.04375 0.00168133
62 0.680078 0.648958 0.186719 0.04375 0.0016489
58 0.702344 0.869792 0.15625 0.170833 0.0016489
58 0.726172 0.820833 0.100781 0.0666667 0.00162888
25 0.859375 0.181901 0.059375 0.0268229 0.00160408
73 0.644141 0.63125 0.01875 0.01875 0.00157356
74 0.684375 0.732292 0.217188 0.208333 0.00156116
2 0.185205 0.239323 0.0850586 0.0333333 0.00155449
45 0.608594 0.6375 0.03125 0.0166667 0.00155449
73 0.676562 0.6625 0.139063 0.0375 0.00155449
36 0.669531 0.656771 0.172656 0.0385417 0.00146103
13 0.685938 0.650521 0.198437 0.0541667 0.00138283
59 0.684375 0.733333 0.215625 0.209375 0.00136185
63 0.680078 0.648958 0.186719 0.04375 0.00132465
36 0.727344 0.6625 0.034375 0.0354167 0.00127888
14 0.725781 0.791146 0.0203125 0.0375 0.00121593
26 0.75625 0.658333 0.0390625 0.0229167 0.00120163
60 0.682813 0.639583 0.19375 0.05625 0.00118828
26 0.748047 0.660417 0.0648438 0.03125 0.0011425
29 0.608594 0.6375 0.03125 0.0166667 0.0011158
14 0.720313 0.666667 0.0203125 0.0270833 0.0011158
26 0.608594 0.6375 0.03125 0.0166667 0.00108624
71 0.677344 0.64375 0.16875 0.0333333 0.00103664
63 0.676953 0.632292 0.153906 0.0260417 0.00102425
39 0.369922 0.801042 0.040625 0.0510417 0.00101662
26 0.728516 0.660938 0.0359375 0.0333333 0.00100803
58 0.733594 0.832813 0.0828125 0.0510417 0.00100803
62 0.685156 0.733333 0.217188 0.2125 0.609375
68 0.685156 0.732813 0.217188 0.209375 0.138428
72 0.685156 0.733333 0.217188 0.2125 0.0809326
13 0.405078 0.447917 0.0757812 0.021875 0.0401001
69 0.684766 0.733333 0.217969 0.210417 0.0318604
73 0.757031 0.658333 0.0390625 0.0229167 0.0245209
73 0.748438 0.660417 0.0625 0.0322917 0.0232391
63 0.676953 0.64375 0.167187 0.0333333 0.0184021
73 0.728125 0.661458 0.0359375 0.0333333 0.016922
73 0.608594 0.6375 0.0320312 0.0166667 0.0168457
13 0.82207 0.601042 0.108984 0.0291667 0.0148392
73 0.676562 0.648958 0.175781 0.04375 0.0147858
29 0.314453 0.944271 0.0511719 0.01875 0.0130234
73 0.607813 0.633854 0.040625 0.021875 0.0110321
13 0.678906 0.642708 0.16875 0.0291667 0.00809479
73 0.603516 0.638542 0.0445313 0.01875 0.00748825
58 0.726172 0.832813 0.100781 0.0916667 0.00731659
58 0.729297 0.817708 0.0945313 0.0979167 0.00709534
73 0.751953 0.668229 0.0492188 0.0229167 0.00669098
73 0.676953 0.642708 0.171094 0.028125 0.00629044
73 0.650781 0.638542 0.120313 0.0177083 0.00626373
13 0.404785 0.455469 0.0732422 0.0166667 0.00609589
73 0.675391 0.638542 0.153125 0.01875 0.00521851
73 0.764844 0.648958 0.046875 0.025 0.00510025
73 0.670313 0.657292 0.16875 0.0395833 0.0050621
58 0.684375 0.894792 0.192188 0.202083 0.00496292
14 0.567578 0.213281 0.0164063 0.0164063 0.00486755
13 0.685156 0.647917 0.176563 0.0333333 0.00452042
13 0.670313 0.657292 0.16875 0.0395833 0.00445175
8 0.861719 0.18099 0.05625 0.0276042 0.00426483
73 0.760156 0.647917 0.0421875 0.0208333 0.00403976
67 0.608594 0.6375 0.0320312 0.0166667 0.00374985
45 0.607813 0.633854 0.040625 0.021875 0.00366402
8 0.404687 0.448438 0.0742188 0.0208333 0.00355148
60 0.676562 0.648958 0.175781 0.04375 0.00351143
39 0.720313 0.666667 0.0203125 0.0270833 0.00283432
73 0.720313 0.666667 0.0203125 0.0270833 0.00282288
39 0.725781 0.791667 0.0203125 0.0375 0.00270462
63 0.607813 0.633333 0.0375 0.0208333 0.0026722
58 0.716406 0.849479 0.123438 0.125 0.0026722
58 0.731641 0.847396 0.0976562 0.101042 0.00265312
14 0.1 0.942708 0.0523438 0.03125 0.00265312
73 0.661719 0.652083 0.153125 0.0354167 0.00264168
63 0.661719 0.652083 0.153125 0.0354167 0.00251198
63 0.685156 0.733333 0.217188 0.2125 0.00245285
13 0.676562 0.648958 0.175781 0.04375 0.00243378
45 0.608594 0.6375 0.0320312 0.0166667 0.00231361
62 0.679688 0.648958 0.184375 0.04375 0.00231361
25 0.860938 0.18151 0.059375 0.0278646 0.00226974
73 0.667188 0.633333 0.13125 0.025 0.00225258
8 0.860938 0.183073 0.0625 0.0359375 0.00218201
2 0.185156 0.239583 0.0847656 0.034375 0.00214958
29 0.608594 0.6375 0.0320312 0.0166667 0.00194931
73 0.644141 0.63125 0.0179687 0.01875 0.00194168
58 0.733594 0.833333 0.084375 0.0541667 0.00191879
73 0.678906 0.6625 0.13125 0.0375 0.00186729
0 0.83125 0.193229 0.00625 0.0197917 0.00181007
69 0.68125 0.65 0.190625 0.04375 0.00177479
14 0.83125 0.193229 0.00625 0.0197917 0.00174809
58 0.663672 0.961458 0.178906 0.06875 0.00174141
28 0.676562 0.648958 0.175781 0.04375 0.00167465
36 0.726953 0.6625 0.0335938 0.0354167 0.00164223
74 0.685156 0.732813 0.217188 0.209375 0.00163555
39 0.370117 0.801042 0.0417969 0.0520833 0.00162315
58 0.726172 0.796875 0.0265625 0.0520833 0.00161076
63 0.679688 0.648958 0.184375 0.04375 0.00157356
58 0.722656 0.867188 0.185938 0.176042 0.00156689
14 0.725781 0.791667 0.0203125 0.0375 0.00154877
13 0.185156 0.239583 0.0847656 0.034375 0.00153065
14 0.0968994 0.942708 0.044873 0.0208333 0.0015192
13 0.686328 0.65 0.197656 0.05625 0.00151253
26 0.757031 0.658333 0.0390625 0.0229167 0.0014782
36 0.670313 0.657292 0.16875 0.0395833 0.00145531
28 0.684375 0.734375 0.215625 0.211458 0.00144386
14 0.100195 0.94375 0.0535156 0.0458333 0.00138855
32 0.348828 0.757292 0.0273438 0.01875 0.00137234
68 0.679688 0.648958 0.184375 0.04375 0.00134563
26 0.608594 0.6375 0.0320312 0.0166667 0.00133514
71 0.676953 0.64375 0.167187 0.0333333 0.00133038
73 0.746875 0.648958 0.071875 0.0270833 0.00133038
63 0.675781 0.632292 0.151562 0.0260417 0.00132465
26 0.748438 0.660417 0.0625 0.0322917 0.00131512
13 0.661719 0.652083 0.153125 0.0354167 0.00129986
73 0.909375 0.645313 0.03125 0.0208333 0.00129414
60 0.684766 0.638021 0.189844 0.05625 0.00129414
58 0.723828 0.803125 0.0328125 0.0625 0.00127411
13 0.728125 0.661458 0.0359375 0.0333333 0.00122547
58 0.764844 0.839583 0.176563 0.133333 0.00121593
71 0.68125 0.65 0.190625 0.04375 0.0011692
65 0.608594 0.6375 0.0320312 0.0166667 0.00115585
73 0.620313 0.633333 0.0664062 0.0229167 0.00113773
13 0.654297 0.971875 0.178125 0.0541667 0.00113773
14 0.720313 0.666667 0.0203125 0.0270833 0.00113392
26 0.607813 0.633333 0.0375 0.0208333 0.00112915
26 0.728125 0.661458 0.0359375 0.0333333 0.00110722
0 0.0999023 0.946354 0.0544922 0.05625 0.00110722
58 0.725781 0.791667 0.0203125 0.0375 0.0011034
63 0.671484 0.65625 0.16875 0.0302083 0.00106525
71 0.660156 0.652083 0.15 0.0364583 0.00106049
62 0.760156 0.728125 0.0671875 0.175 0.00106049
58 0.733984 0.804167 0.0679687 0.0645833 0.00104046
60 0.686328 0.65 0.197656 0.05625 0.00103188
0 0.114063 0.94375 0.0257812 0.0447917 0.00100422
62 0.685156 0.733854 0.217188 0.213542 0.605957
68 0.685156 0.733854 0.217188 0.213542 0.138428
72 0.685156 0.734375 0.217188 0.2125 0.0739746
13 0.405078 0.447917 0.0757812 0.0223958 0.0446777
69 0.684375 0.734375 0.217188 0.210417 0.0292053
13 0.822656 0.601042 0.107813 0.0291667 0.0253754
73 0.756641 0.658333 0.0398437 0.0239583 0.0227203
73 0.747656 0.660417 0.0640625 0.0333333 0.0207214
63 0.676953 0.64375 0.167969 0.0354167 0.0175781
73 0.608594 0.6375 0.0328125 0.0166667 0.0156021
73 0.728125 0.661458 0.0359375 0.0354167 0.0149002
73 0.607813 0.634375 0.040625 0.0229167 0.0109863
73 0.676562 0.648958 0.176563 0.04375 0.0104523
29 0.314844 0.94375 0.0523438 0.01875 0.00926971
13 0.678906 0.642708 0.167187 0.0291667 0.00919342
73 0.603906 0.638542 0.0453125 0.01875 0.00775528
58 0.725391 0.834375 0.102344 0.09375 0.00709534
58 0.684375 0.894271 0.19375 0.202083 0.00701141
58 0.729688 0.818229 0.0953125 0.0989583 0.00669098
14 0.567969 0.213542 0.0171875 0.0171875 0.00609589
13 0.404687 0.455729 0.0734375 0.0166667 0.006073
73 0.751953 0.667708 0.0492188 0.0229167 0.00595856
13 0.685547 0.648438 0.177344 0.0354167 0.00538635
73 0.649609 0.638542 0.117969 0.0177083 0.00518036
13 0.671094 0.657292 0.170313 0.0395833 0.00516129
14 0.0999756 0.941667 0.0527832 0.0333333 0.00498199
45 0.607813 0.634375 0.040625 0.0229167 0.00473785
73 0.764063 0.648958 0.046875 0.025 0.00448608
73 0.677344 0.642708 0.171875 0.0291667 0.00419998
8 0.861719 0.180859 0.05625 0.0276042 0.00416565
73 0.676562 0.638542 0.154688 0.01875 0.00408554
67 0.608594 0.6375 0.0328125 0.0166667 0.00405502
73 0.671094 0.657292 0.170313 0.0395833 0.00370789
8 0.404785 0.448438 0.0748047 0.0213542 0.00317192
63 0.607813 0.633333 0.0390625 0.0208333 0.003088
58 0.712891 0.855208 0.130469 0.1375 0.0030632
60 0.676562 0.648958 0.176563 0.04375 0.00302696
14 0.0973633 0.942188 0.0458984 0.0208333 0.00290108
39 0.720703 0.666146 0.0210938 0.028125 0.0027256
45 0.608594 0.6375 0.0328125 0.0166667 0.0026722
58 0.73125 0.846875 0.0984375 0.0989583 0.0026722
13 0.185156 0.239844 0.0847656 0.0348958 0.00264168
2 0.185156 0.239844 0.0847656 0.0348958 0.00257111
29 0.608594 0.6375 0.0328125 0.0166667 0.00256157
39 0.725781 0.791146 0.0203125 0.0385417 0.00255013
58 0.662891 0.959896 0.180469 0.0729167 0.0024929
73 0.720703 0.666146 0.0210938 0.028125 0.00247192
62 0.679688 0.648958 0.185156 0.04375 0.00240517
25 0.861719 0.180859 0.05625 0.0276042 0.00237846
8 0.861719 0.182552 0.0625 0.0359375 0.00226021
14 0.100195 0.94375 0.0537109 0.046875 0.00225258
63 0.685156 0.734375 0.217188 0.2125 0.00223351
63 0.661719 0.652604 0.154688 0.0354167 0.00216484
58 0.723437 0.871875 0.207813 0.1875 0.00211525
36 0.727344 0.661979 0.034375 0.0354167 0.00200272
73 0.667188 0.633333 0.13125 0.025 0.00195694
58 0.733594 0.833333 0.084375 0.0541667 0.00194168
73 0.644531 0.63125 0.0171875 0.01875 0.00186729
0 0.0998047 0.944792 0.0539063 0.0541667 0.0018177
14 0.725781 0.791146 0.0203125 0.0385417 0.00176811
73 0.661719 0.652604 0.154688 0.0354167 0.00167465
58 0.725781 0.796354 0.0265625 0.0510417 0.00161648
13 0.728125 0.661458 0.0359375 0.0354167 0.00160408
69 0.681641 0.65 0.191406 0.04375 0.00159168
0 0.83125 0.193099 0.00625 0.0195313 0.00157356
74 0.684766 0.733333 0.216406 0.210417 0.00157356
73 0.909375 0.645833 0.03125 0.0208333 0.00156689
13 0.654297 0.971875 0.178125 0.0541667 0.00154877
36 0.671094 0.657292 0.170313 0.0395833 0.00154305
39 0.370313 0.800521 0.0421875 0.0520833 0.00153637
58 0.404297 0.43125 0.0742188 0.0458333 0.00150681
13 0.685938 0.65 0.196875 0.0572917 0.00146675
26 0.608594 0.6375 0.0328125 0.0166667 0.00145531
71 0.676953 0.64375 0.167969 0.0354167 0.00144958
26 0.756641 0.658333 0.0398437 0.0239583 0.00144958
73 0.679688 0.6625 0.13125 0.0375 0.00144386
68 0.679688 0.648958 0.185156 0.04375 0.00143242
63 0.679688 0.648958 0.185156 0.04375 0.0014267
37 0.822656 0.601042 0.107813 0.0260417 0.00139904
28 0.676562 0.648958 0.176563 0.04375 0.00139904
32 0.348633 0.757292 0.0273438 0.01875 0.00138855
14 0.83125 0.193099 0.00625 0.0195313 0.00137234
26 0.747656 0.660417 0.0640625 0.0333333 0.00135612
63 0.675781 0.632292 0.15 0.025 0.00134087
0 0.113867 0.94375 0.0265625 0.0458333 0.00134087
8 0.185156 0.239844 0.0847656 0.0348958 0.00132465
60 0.657031 0.971875 0.189063 0.0541667 0.00131512
2 0.680469 0.421875 0.0296875 0.0135417 0.00130939
13 0.661719 0.652604 0.154688 0.0354167 0.00129414
26 0.607813 0.633333 0.0390625 0.0208333 0.00127411
14 0.720703 0.666146 0.0210938 0.028125 0.00125504
58 0.725781 0.791146 0.0203125 0.0385417 0.00124454
60 0.684375 0.638021 0.189063 0.05625 0.00123501
62 0.760156 0.728125 0.0671875 0.175 0.00123501
58 0.765234 0.840625 0.180469 0.136458 0.00123501
2 0.015332 0.609896 0.0274414 0.021875 0.00122547
26 0.728125 0.661458 0.0359375 0.0354167 0.0012207
14 0.567969 0.21901 0.0203125 0.0291667 0.0012064
36 0.185742 0.2375 0.0863281 0.040625 0.00119686
65 0.608594 0.6375 0.0328125 0.0166667 0.00117874
71 0.681641 0.65 0.191406 0.04375 0.00117874
28 0.684375 0.735417 0.215625 0.2125 0.00117397
36 0.720703 0.666146 0.0210938 0.028125 0.00115585
73 0.746094 0.65 0.071875 0.0291667 0.00108624
71 0.660547 0.652083 0.151562 0.0375 0.00107765
37 0.314844 0.94375 0.0523438 0.01875 0.00107288
2 0.909375 0.645833 0.03125 0.0208333 0.00106049
13 0.747656 0.660417 0.0640625 0.0333333 0.00105667
58 0.735156 0.803125 0.065625 0.0625 0.00104809
60 0.685938 0.65 0.196875 0.0572917 0.00104809
56 0.822656 0.601042 0.107813 0.0291667 0.00103664
73 0.619922 0.633333 0.065625 0.0229167 0.00103188
60 0.614844 0.975521 0.273438 0.046875 0.00102425
13 0.698438 0.654167 0.15625 0.0416667 0.00100803
62 0.685156 0.734375 0.215625 0.213542 0.598145
68 0.685156 0.734375 0.215625 0.213542 0.144165
72 0.685547 0.734375 0.216406 0.2125 0.0589905
13 0.822656 0.601042 0.107813 0.0291667 0.0396423
13 0.404785 0.447917 0.0763672 0.0229167 0.0387573
69 0.684766 0.734375 0.216406 0.210417 0.0268555
63 0.676562 0.64375 0.16875 0.0354167 0.0142822
73 0.75625 0.658333 0.040625 0.025 0.012825
73 0.746094 0.660417 0.0671875 0.034375 0.0125275
73 0.610547 0.636458 0.0359375 0.01875 0.0117798
13 0.678906 0.643229 0.16875 0.0302083 0.0104904
73 0.728516 0.661458 0.0367188 0.0354167 0.00937653
58 0.683203 0.89375 0.197656 0.204167 0.00923157
73 0.607813 0.634375 0.0421875 0.0229167 0.00834656
14 0.0999023 0.941667 0.0533203 0.0354167 0.00725937
14 0.567969 0.213802 0.0171875 0.0177083 0.00656509
58 0.724219 0.838542 0.10625 0.1 0.00631332
13 0.685547 0.647917 0.178906 0.0354167 0.00621796
13 0.671094 0.657292 0.175 0.0416667 0.00621796
73 0.603906 0.638542 0.0453125 0.01875 0.00579834
73 0.676562 0.647917 0.176563 0.04375 0.00564194
45 0.607813 0.634375 0.0421875 0.0229167 0.0055542
58 0.729688 0.81875 0.0953125 0.1 0.00511932
13 0.404687 0.455729 0.0734375 0.0166667 0.00482941
14 0.0975586 0.942708 0.0466797 0.0208333 0.00439835
29 0.315039 0.94375 0.0523438 0.01875 0.00402451
13 0.185107 0.240169 0.0844727 0.0363281 0.00372124
67 0.608594 0.6375 0.0328125 0.0166667 0.00372124
73 0.648828 0.638542 0.117969 0.01875 0.00365067
8 0.8625 0.18099 0.05625 0.0276042 0.00351143
58 0.709375 0.863021 0.139063 0.151042 0.00340271
73 0.750781 0.666667 0.0515625 0.025 0.00337601
58 0.6625 0.95 0.183594 0.0927083 0.00319672
45 0.610547 0.636458 0.0359375 0.01875 0.00300407
73 0.676953 0.638542 0.15625 0.01875 0.00273705
73 0.764063 0.65 0.046875 0.0270833 0.00269318
29 0.608594 0.6375 0.0328125 0.0166667 0.00265312
60 0.679688 0.648958 0.18125 0.04375 0.00255013
25 0.8625 0.18099 0.05625 0.0276042 0.00253105
63 0.607813 0.633854 0.0390625 0.0208333 0.0024929
58 0.723437 0.876563 0.21875 0.194792 0.00247192
58 0.725 0.821875 0.103125 0.0708333 0.00240517
58 0.403906 0.430729 0.075 0.0489583 0.002388
8 0.40459 0.448438 0.0751953 0.021875 0.002388
0 0.0988281 0.946354 0.0513672 0.0458333 0.00234222
39 0.721094 0.665625 0.021875 0.0291667 0.00230598
2 0.185107 0.240169 0.0844727 0.0363281 0.00225258
73 0.677344 0.642708 0.173438 0.0291667 0.00225258
36 0.727344 0.661979 0.034375 0.0364583 0.00221634
8 0.861719 0.182031 0.0625 0.0364583 0.00213242
58 0.659375 0.96875 0.185938 0.05625 0.0020504
13 0.728516 0.661458 0.0367188 0.0354167 0.00201035
63 0.685547 0.734375 0.216406 0.2125 0.00200272
39 0.726172 0.791146 0.0195312 0.0385417 0.00198746
37 0.822656 0.601042 0.107813 0.0260417 0.00195694
73 0.758594 0.647917 0.0421875 0.0229167 0.00194168
13 0.665234 0.654167 0.160156 0.03125 0.00190449
73 0.671094 0.657292 0.175 0.0416667 0.00185299
62 0.679688 0.648958 0.185938 0.04375 0.00182438
13 0.653906 0.971875 0.178125 0.0541667 0.00176144
71 0.676562 0.64375 0.16875 0.0354167 0.00170708
74 0.685156 0.734375 0.215625 0.213542 0.00169373
73 0.721094 0.665625 0.021875 0.0291667 0.00168705
63 0.6625 0.652083 0.157813 0.0354167 0.00168133
60 0.653906 0.971875 0.178125 0.0541667 0.00168133
58 0.733594 0.833333 0.084375 0.05625 0.00164223
14 0.726172 0.791146 0.0195312 0.0385417 0.0015974
73 0.644531 0.631771 0.0171875 0.01875 0.00158501
36 0.671094 0.657292 0.175 0.0416667 0.00150681
69 0.68125 0.649479 0.19375 0.04375 0.00148392
0 0.113086 0.941667 0.0277344 0.04375 0.0014782
58 0.405859 0.430729 0.0695313 0.0291667 0.00146103
73 0.667578 0.633333 0.132031 0.025 0.00145531
2 0.680469 0.421875 0.0296875 0.0135417 0.00144386
60 0.614844 0.975 0.275 0.046875 0.00142097
68 0.679688 0.648958 0.185938 0.04375 0.00137234
36 0.721094 0.665625 0.021875 0.0291667 0.00136185
14 0.567969 0.21901 0.0203125 0.0291667 0.00134563
73 0.910156 0.645833 0.03125 0.0208333 0.00134563
2 0.0154541 0.609896 0.0274902 0.021875 0.00133514
26 0.608594 0.6375 0.0328125 0.0166667 0.00133514
14 0.721094 0.665625 0.021875 0.0291667 0.00131512
62 0.759766 0.728125 0.0679687 0.175 0.00131512
36 0.185742 0.238086 0.0863281 0.0415365 0.00129986
58 0.726562 0.796354 0.0265625 0.0510417 0.0012846
56 0.822656 0.601042 0.107813 0.0291667 0.0012598
13 0.746094 0.660417 0.0671875 0.034375 0.0012598
13 0.697656 0.654167 0.157813 0.0416667 0.00124931
0 0.83125 0.192969 0.00625 0.0192708 0.00123024
71 0.661328 0.652083 0.153906 0.0375 0.00123024
13 0.685938 0.65 0.196875 0.0583333 0.00123024
71 0.68125 0.649479 0.19375 0.04375 0.00120163
58 0.726172 0.791146 0.0195312 0.0385417 0.00119686
26 0.728516 0.661458 0.0367188 0.0354167 0.00119209
0 0.188477 0.621875 0.0207031 0.03125 0.00117874
63 0.675781 0.632292 0.15 0.025 0.00117874
32 0.348633 0.757292 0.0273438 0.01875 0.00116062
8 0.185107 0.240169 0.0844727 0.0363281 0.00115108
14 0.910156 0.645833 0.03125 0.0208333 0.0011425
26 0.746094 0.660417 0.0671875 0.034375 0.0011425
58 0.764844 0.842708 0.185938 0.139583 0.0011425
26 0.75625 0.658333 0.040625 0.025 0.00111198
39 0.370508 0.801042 0.0425781 0.0520833 0.00110722
26 0.607813 0.633854 0.0390625 0.0208333 0.00109863
14 0.113574 0.94375 0.0271484 0.0458333 0.00109863
60 0.683594 0.638021 0.189063 0.05625 0.00109863
14 0.910156 0.648438 0.034375 0.0270833 0.00109005
58 0.404297 0.45 0.0742188 0.01875 0.00107765
2 0.910156 0.645833 0.03125 0.0208333 0.00105667
28 0.679688 0.648958 0.185938 0.04375 0.00101662
62 0.685156 0.734896 0.215625 0.213542 0.569824
68 0.685156 0.734896 0.215625 0.213542 0.115173
13 0.822656 0.601042 0.107813 0.028125 0.0510864
72 0.685547 0.734375 0.216406 0.2125 0.0474243
13 0.404687 0.447917 0.0765625 0.0229167 0.0381775
69 0.684375 0.734896 0.215625 0.210417 0.0239563
63 0.676953 0.643229 0.169531 0.0354167 0.012146
13 0.678906 0.642708 0.169531 0.0291667 0.0115967
73 0.610547 0.636458 0.0359375 0.01875 0.00926971
14 0.0998291 0.941667 0.0534668 0.0354167 0.00854492
58 0.682031 0.894792 0.2 0.202083 0.00834656
73 0.746094 0.660417 0.0671875 0.0354167 0.00760651
13 0.671875 0.656771 0.179688 0.0416667 0.0069313
73 0.75625 0.658333 0.040625 0.025 0.00682449
14 0.567969 0.214063 0.0171875 0.0182292 0.00653839
13 0.685547 0.647396 0.180469 0.034375 0.00651169
73 0.607813 0.634375 0.0421875 0.0229167 0.00638962
73 0.728906 0.661458 0.0375 0.0354167 0.00629044
45 0.607813 0.634375 0.0421875 0.0229167 0.0055542
14 0.0977539 0.942188 0.0470703 0.021875 0.00530243
58 0.723437 0.838542 0.107813 0.1 0.00498199
13 0.404687 0.455729 0.0742188 0.0166667 0.00479126
13 0.184961 0.240365 0.084375 0.0369792 0.00429916
73 0.603906 0.638542 0.0453125 0.01875 0.00428009
67 0.608594 0.6375 0.0328125 0.0166667 0.00356483
8 0.8625 0.18099 0.05625 0.0276042 0.00353813
73 0.676562 0.647917 0.178125 0.0427083 0.00341606
58 0.729297 0.81875 0.0960938 0.1 0.00340271
45 0.610547 0.636458 0.0359375 0.01875 0.00302696
73 0.648438 0.638542 0.117188 0.01875 0.00298119
58 0.661328 0.951042 0.185938 0.0916667 0.00290108
58 0.403906 0.429427 0.0757812 0.0572917 0.00286674
0 0.0987305 0.944792 0.0513672 0.04375 0.00275803
58 0.707812 0.864063 0.142188 0.152083 0.00274658
25 0.8625 0.18099 0.05625 0.0276042 0.00252151
58 0.714844 0.827083 0.129688 0.0979167 0.00251198
29 0.608594 0.6375 0.0328125 0.0166667 0.00250244
8 0.861719 0.181771 0.0625 0.0364583 0.00231361
29 0.315234 0.94375 0.0527344 0.01875 0.00222588
37 0.823242 0.601042 0.106641 0.0260417 0.00220871
8 0.40459 0.448438 0.0751953 0.021875 0.00213242
36 0.726953 0.661458 0.034375 0.0375 0.00213242
58 0.401563 0.430729 0.0695313 0.0416667 0.00212479
60 0.679688 0.647917 0.182812 0.04375 0.00212479
73 0.677344 0.638542 0.157813 0.01875 0.00211525
13 0.728906 0.661458 0.0375 0.0354167 0.00208282
13 0.666016 0.654167 0.1625 0.03125 0.00206757
2 0.184961 0.240365 0.084375 0.0369792 0.00200272
63 0.607813 0.634375 0.0421875 0.0229167 0.00200272
71 0.676953 0.643229 0.169531 0.0354167 0.00192642
39 0.721484 0.664583 0.0226563 0.03125 0.00192642
73 0.749219 0.666146 0.0546875 0.028125 0.00191212
58 0.722266 0.878125 0.219531 0.19375 0.00191212
13 0.653906 0.971875 0.178125 0.0541667 0.00186062
58 0.657813 0.96875 0.189063 0.05625 0.00185299
63 0.685547 0.734375 0.216406 0.2125 0.00174809
60 0.653906 0.971875 0.178125 0.0541667 0.0017271
58 0.405859 0.430729 0.0695313 0.0302083 0.00165462
74 0.684766 0.736458 0.216406 0.2125 0.0015974
58 0.724219 0.822917 0.104688 0.0708333 0.00159168
36 0.671875 0.656771 0.179688 0.0416667 0.00153065
73 0.677734 0.642708 0.174219 0.0291667 0.00148964
60 0.614844 0.975 0.275 0.0479167 0.00148392
73 0.763672 0.65 0.0476562 0.0270833 0.0014782
36 0.721484 0.664583 0.0226563 0.03125 0.00143814
63 0.663281 0.652083 0.159375 0.0364583 0.0014267
39 0.726172 0.790625 0.0195312 0.0375 0.0014267
73 0.644141 0.631771 0.01875 0.01875 0.00140476
0 0.113086 0.941667 0.0279297 0.04375 0.00139904
58 0.404297 0.404167 0.078125 0.10625 0.00136662
71 0.6625 0.652083 0.157031 0.0375 0.00135612
14 0.567969 0.21901 0.0203125 0.0296875 0.00134563
2 0.680859 0.421875 0.0296875 0.0135417 0.00134563
13 0.746094 0.660417 0.0671875 0.0354167 0.00132465
69 0.682031 0.648958 0.195312 0.04375 0.00132465
13 0.696094 0.654167 0.160938 0.0416667 0.00131989
36 0.185498 0.238021 0.0860352 0.0416667 0.00130463
0 0.188477 0.621875 0.0207031 0.03125 0.00129986
2 0.0155273 0.610417 0.0275391 0.0229167 0.0012846
13 0.796875 0.6 0.159375 0.0385417 0.0012846
58 0.404297 0.44974 0.0742188 0.01875 0.00126457
62 0.679688 0.647917 0.1875 0.04375 0.0012598
56 0.822656 0.601042 0.107813 0.028125 0.00125504
14 0.726172 0.790625 0.0195312 0.0375 0.00125504
14 0.721484 0.664583 0.0226563 0.03125 0.00124454
73 0.721484 0.664583 0.0226563 0.03125 0.0012064
73 0.667969 0.633333 0.134375 0.025 0.00119686
14 0.909375 0.648438 0.034375 0.0270833 0.00119209
14 0.113477 0.94375 0.0275391 0.0458333 0.0011425
68 0.679688 0.647917 0.1875 0.04375 0.0011425
73 0.671875 0.656771 0.179688 0.0416667 0.00112438
0 0.83125 0.192969 0.00625 0.0192708 0.00111198
26 0.728906 0.661458 0.0375 0.0354167 0.00111198
26 0.608594 0.6375 0.0328125 0.0166667 0.00110722
58 0.733203 0.833333 0.0851563 0.0572917 0.00110722
62 0.759375 0.727604 0.06875 0.176042 0.00110722
8 0.184961 0.240365 0.084375 0.0369792 0.0011034
63 0.676172 0.632292 0.150781 0.025 0.00108624
8 0.614844 0.975 0.275 0.0479167 0.00106525
73 0.910156 0.645313 0.03125 0.021875 0.00104809
73 0.757812 0.648438 0.0421875 0.0229167 0.00103664
13 0.882812 0.645313 0.090625 0.0333333 0.00103664
13 0.604297 0.634375 0.046875 0.025 0.00103188
60 0.683203 0.6375 0.189844 0.05625 0.00103188
71 0.682031 0.648958 0.195312 0.04375 0.00100803
62 0.685938 0.735417 0.215625 0.2125 0.607422
68 0.685156 0.735417 0.215625 0.214583 0.106689
13 0.822656 0.601042 0.107813 0.0270833 0.0726318
72 0.685938 0.735417 0.215625 0.2125 0.0359497
13 0.404687 0.447917 0.0765625 0.0239583 0.0348816
13 0.814063 0.601042 0.126563 0.0333333 0.0261536
69 0.684375 0.735417 0.215625 0.210417 0.0207214
14 0.0996338 0.941667 0.0538574 0.0354167 0.0150146
13 0.678906 0.642708 0.170313 0.0291667 0.0137939
63 0.676562 0.642708 0.170313 0.0354167 0.0100098
14 0.0977539 0.942188 0.0474609 0.021875 0.00967407
58 0.682031 0.894271 0.201563 0.203125 0.00959778
13 0.672656 0.65625 0.182812 0.0416667 0.008255
14 0.567969 0.214323 0.0179687 0.01875 0.00725937
73 0.610547 0.636458 0.0367188 0.0197917 0.00714874
58 0.403809 0.429167 0.0751953 0.0583333 0.00653839
13 0.184766 0.240625 0.0839844 0.0375 0.005867
45 0.607813 0.634375 0.0421875 0.0229167 0.00566483
73 0.745313 0.660417 0.06875 0.0354167 0.0049057
58 0.721484 0.842708 0.111719 0.104167 0.00462723
13 0.404687 0.455729 0.0742188 0.0166667 0.00421524
73 0.75625 0.658333 0.040625 0.0270833 0.00407028
73 0.728906 0.661458 0.0375 0.0354167 0.00403976
58 0.404004 0.405208 0.0779297 0.104167 0.00341606
58 0.40166 0.430729 0.0701172 0.0427083 0.00340271
58 0.661328 0.946875 0.186719 0.1 0.00329781
73 0.603906 0.638542 0.0453125 0.01875 0.00322342
67 0.608594 0.638021 0.034375 0.0166667 0.00319672
58 0.70625 0.867708 0.145313 0.15625 0.00305176
0 0.0984619 0.943229 0.0515137 0.0416667 0.00286674
8 0.8625 0.180859 0.05625 0.0276042 0.00273705
58 0.728906 0.819792 0.096875 0.102083 0.00271416
25 0.8625 0.180859 0.05625 0.0276042 0.00264168
29 0.608594 0.638021 0.034375 0.0166667 0.0026207
13 0.728906 0.661458 0.0375 0.0354167 0.00256157
45 0.608594 0.638021 0.034375 0.0166667 0.00251198
37 0.823438 0.601042 0.10625 0.0260417 0.00245285
73 0.645703 0.638542 0.1125 0.01875 0.00243378
13 0.666016 0.653646 0.163281 0.03125 0.00242424
60 0.653516 0.971875 0.177344 0.0541667 0.00239754
36 0.727344 0.661458 0.034375 0.0375 0.00224304
58 0.406152 0.430729 0.0689453 0.0302083 0.00220871
71 0.676562 0.642708 0.170313 0.0354167 0.00218201
73 0.676562 0.647917 0.178125 0.0416667 0.0020504
58 0.657813 0.96875 0.190625 0.05625 0.00201035
60 0.679297 0.647917 0.182812 0.0416667 0.00198746
58 0.721875 0.880208 0.220313 0.19375 0.00196457
13 0.653516 0.971875 0.177344 0.0541667 0.00195694
58 0.707031 0.828125 0.146875 0.1 0.00188923
8 0.861719 0.18151 0.0625 0.0361979 0.00183868
60 0.614062 0.974479 0.276563 0.0479167 0.00182438
63 0.607813 0.634375 0.0421875 0.0229167 0.0018177
13 0.679297 0.647917 0.182812 0.0416667 0.00174141
2 0.184766 0.240625 0.0839844 0.0375 0.0017271
14 0.113086 0.941667 0.028125 0.04375 0.00171375
58 0.403906 0.449479 0.0742188 0.01875 0.00168705
63 0.685938 0.735417 0.215625 0.2125 0.00167465
36 0.721875 0.664063 0.0234375 0.0322917 0.00164223
13 0.745313 0.660417 0.06875 0.0354167 0.00162315
0 0.189063 0.619271 0.0210938 0.0333333 0.00161648
39 0.721875 0.664063 0.0234375 0.0322917 0.00161076
73 0.678125 0.638542 0.159375 0.01875 0.00160408
13 0.696484 0.653646 0.160156 0.0427083 0.0015974
71 0.6625 0.652083 0.160938 0.0354167 0.00154877
8 0.614062 0.974479 0.276563 0.0479167 0.00151253
8 0.404297 0.448438 0.0757812 0.021875 0.00150681
74 0.685156 0.735417 0.215625 0.214583 0.00150681
14 0.567969 0.21888 0.0203125 0.0294271 0.00149536
36 0.672656 0.65625 0.182812 0.0416667 0.00149536
13 0.825 0.607292 0.103125 0.0270833 0.00148964
14 0.909375 0.647917 0.034375 0.0270833 0.00145531
2 0.680859 0.421875 0.0296875 0.0135417 0.00143242
56 0.822656 0.601042 0.107813 0.0270833 0.00141621
2 0.015625 0.610417 0.0276367 0.0229167 0.00141048
13 0.604688 0.634375 0.046875 0.025 0.00138283
14 0.0990234 0.948438 0.0505859 0.0385417 0.00137806
13 0.164062 0.228646 0.040625 0.0166667 0.00134563
58 0.724219 0.825 0.104688 0.06875 0.00134087
13 0.884375 0.645833 0.0875 0.0333333 0.00133038
13 0.829688 0.596875 0.1 0.0208333 0.00131512
73 0.64375 0.631771 0.0195312 0.01875 0.00131512
58 0.403809 0.419792 0.0673828 0.0546875 0.0012598
13 0.909375 0.647917 0.034375 0.0270833 0.0012598
13 0.680469 0.630208 0.164062 0.0270833 0.00125504
13 0.778906 0.423438 0.053125 0.0302083 0.00123024
39 0.726172 0.790625 0.0195312 0.0375 0.00121117
69 0.68125 0.648958 0.196875 0.0427083 0.0012064
13 0.473047 0.938542 0.0515625 0.0354167 0.00119686
14 0.721875 0.664063 0.0234375 0.0322917 0.00118828
13 0.775195 0.419271 0.0621094 0.03125 0.00118351
60 0.822656 0.601042 0.107813 0.0270833 0.00117397
73 0.746875 0.664583 0.059375 0.03125 0.0011692
13 0.744922 0.651563 0.0710938 0.0333333 0.00116539
60 0.646875 0.98125 0.18125 0.0375 0.00116062
63 0.6625 0.652083 0.160938 0.0354167 0.00114727
26 0.728906 0.661458 0.0375 0.0354167 0.00112057
29 0.315039 0.94375 0.0523438 0.01875 0.0011034
62 0.759375 0.727604 0.06875 0.176042 0.00109863
14 0.139063 0.704688 0.025 0.0260417 0.00107765
14 0.726172 0.790625 0.0195312 0.0375 0.00106907
60 0.68125 0.638542 0.19375 0.05625 0.00105667
8 0.822656 0.601042 0.107813 0.0270833 0.00105286
26 0.608594 0.638021 0.034375 0.0166667 0.00104809
0 0.113086 0.941667 0.028125 0.04375 0.00104809
36 0.185596 0.238477 0.0858398 0.0417969 0.00104427
73 0.604688 0.634375 0.046875 0.025 0.00103664
58 0.732813 0.833333 0.0859375 0.0583333 0.00102043
63 0.675781 0.632292 0.15 0.025 0.00101185
1 0.216797 0.225521 0.0828125 0.059375 0.00100803
62 0.685938 0.735938 0.215625 0.213542 0.625977
68 0.685156 0.735938 0.215625 0.213542 0.0878906
13 0.823242 0.601042 0.106641 0.0270833 0.076416
13 0.40459 0.447917 0.0767578 0.0239583 0.0327148
72 0.685938 0.735938 0.215625 0.213542 0.0299835
14 0.0996094 0.941146 0.0539063 0.0364583 0.0199432
69 0.684375 0.736458 0.215625 0.210417 0.018692
13 0.678906 0.642708 0.171094 0.0291667 0.0141754
14 0.0979492 0.941667 0.0480469 0.0229167 0.0124817
63 0.676953 0.642708 0.171875 0.0354167 0.0103683
13 0.818555 0.602083 0.125391 0.0333333 0.0102081
13 0.673438 0.65625 0.185938 0.0427083 0.00888062
58 0.68125 0.894792 0.203125 0.202083 0.0086441
58 0.403516 0.428646 0.0757812 0.059375 0.00844574
14 0.567969 0.214583 0.01875 0.0192708 0.00712204
13 0.18457 0.24056 0.0839844 0.0376302 0.0064621
73 0.610156 0.636458 0.0375 0.0197917 0.00624084
45 0.607813 0.634375 0.0421875 0.0229167 0.00551224
58 0.403906 0.405208 0.0773438 0.104167 0.00510025
58 0.721875 0.841667 0.110937 0.102083 0.00432968
58 0.40166 0.430208 0.0701172 0.0427083 0.00383949
13 0.404687 0.455729 0.0742188 0.0166667 0.00379562
73 0.745313 0.660417 0.06875 0.0354167 0.0037365
67 0.608594 0.638021 0.034375 0.0166667 0.00344276
73 0.728906 0.661458 0.0375 0.0354167 0.00309944
58 0.660156 0.95625 0.1875 0.08125 0.00284576
73 0.603906 0.638542 0.0460938 0.01875 0.00281143
13 0.728906 0.661458 0.0375 0.0354167 0.00279045
73 0.755859 0.658333 0.0414063 0.0270833 0.00277901
0 0.0984375 0.942708 0.0515625 0.040625 0.00274658
58 0.70625 0.865104 0.145313 0.151042 0.00265312
25 0.8625 0.180729 0.05625 0.0276042 0.00261116
29 0.608594 0.638021 0.034375 0.0166667 0.00256157
60 0.653125 0.971875 0.178125 0.0541667 0.00256157
13 0.666406 0.653646 0.165625 0.03125 0.00252151
37 0.823438 0.601042 0.10625 0.0260417 0.00243378
8 0.8625 0.180729 0.05625 0.0276042 0.00237846
45 0.608594 0.638021 0.034375 0.0166667 0.00231361
58 0.728906 0.819792 0.096875 0.102083 0.00230598
58 0.405859 0.430729 0.0695313 0.03125 0.00227928
73 0.646875 0.6375 0.115625 0.01875 0.00218201
36 0.727344 0.661458 0.0351562 0.0375 0.00218201
14 0.113086 0.941667 0.0283203 0.04375 0.00217438
71 0.676953 0.642708 0.171875 0.0354167 0.00210762
13 0.653125 0.971875 0.178125 0.0541667 0.00200272
8 0.614453 0.973958 0.275781 0.0489583 0.00191212
60 0.614453 0.973958 0.275781 0.0489583 0.00186062
58 0.403906 0.449479 0.0742188 0.01875 0.00184631
60 0.679688 0.647917 0.184375 0.0416667 0.00183868
13 0.745313 0.660417 0.06875 0.0354167 0.00183105
58 0.65625 0.96875 0.192188 0.05625 0.00182438
58 0.722656 0.879167 0.221875 0.190625 0.00179577
36 0.722656 0.663542 0.025 0.0333333 0.00168705
63 0.607813 0.634375 0.0421875 0.0229167 0.00168133
14 0.0991211 0.947917 0.0509766 0.0395833 0.00168133
8 0.861719 0.18151 0.0625 0.0367188 0.00167465
0 0.188867 0.619271 0.0214844 0.0333333 0.00164223
13 0.825195 0.607292 0.102734 0.0270833 0.00161648
63 0.685938 0.735938 0.215625 0.213542 0.00161648
36 0.673438 0.65625 0.185938 0.0427083 0.00156116
13 0.679688 0.647917 0.184375 0.0416667 0.00156116
2 0.18457 0.24056 0.0839844 0.0376302 0.00154305
73 0.676562 0.647917 0.179688 0.0416667 0.00153637
13 0.604688 0.634375 0.046875 0.025 0.0015192
14 0.909375 0.647917 0.034375 0.0270833 0.0015192
13 0.163281 0.228385 0.0390625 0.0166667 0.00151253
71 0.663281 0.652083 0.1625 0.0364583 0.00150108
14 0.567969 0.21901 0.0203125 0.0296875 0.0014782
13 0.778906 0.423438 0.0546875 0.0302083 0.00144386
58 0.403516 0.419792 0.0679687 0.0552083 0.00143814
58 0.703125 0.827604 0.15625 0.1 0.00143242
73 0.678516 0.638021 0.160938 0.0197917 0.00142097
39 0.722656 0.663542 0.025 0.0333333 0.00139904
13 0.680469 0.630208 0.164062 0.0270833 0.00138283
2 0.0156494 0.609896 0.0275879 0.021875 0.00137806
56 0.823242 0.601042 0.106641 0.0270833 0.00136662
2 0.68125 0.421875 0.0296875 0.0135417 0.00134563
13 0.885938 0.645833 0.084375 0.0333333 0.00133038
13 0.829688 0.596875 0.1 0.0208333 0.00132465
13 0.800781 0.6 0.151562 0.0385417 0.00131989
74 0.685156 0.7375 0.215625 0.214583 0.00131989
13 0.744531 0.652083 0.0703125 0.0354167 0.00130939
8 0.404297 0.448438 0.0757812 0.021875 0.00129414
13 0.909375 0.647917 0.034375 0.0270833 0.00128937
63 0.663281 0.652083 0.1625 0.0364583 0.00121593
60 0.646484 0.98125 0.182031 0.0375 0.00121117
13 0.473047 0.938542 0.0515625 0.0354167 0.00120163
73 0.64375 0.632292 0.0210938 0.01875 0.00119686
14 0.139063 0.704167 0.0251953 0.025 0.00118828
1 0.216797 0.225651 0.0832031 0.0596354 0.00118351
14 0.722656 0.663542 0.025 0.0333333 0.0011692
58 0.723828 0.825 0.105469 0.06875 0.0011692
8 0.823242 0.601042 0.106641 0.0270833 0.00116539
60 0.823242 0.601042 0.106641 0.0270833 0.00114727
60 0.68125 0.638021 0.19375 0.0552083 0.0011158
26 0.728906 0.661458 0.0375 0.0354167 0.0011034
0 0.174902 0.620313 0.0501953 0.0375 0.00109005
63 0.675781 0.632292 0.15 0.025 0.00104427
39 0.726172 0.790625 0.0195312 0.0375 0.00103188
13 0.755859 0.658333 0.0414063 0.0270833 0.00101662
69 0.68125 0.648438 0.198437 0.0427083 0.00101662
62 0.685547 0.735938 0.216406 0.213542 0.640625
13 0.823242 0.600521 0.106641 0.0270833 0.0809326
68 0.685156 0.735938 0.215625 0.214583 0.0806274
13 0.40459 0.447656 0.0767578 0.0244792 0.0337219
72 0.685547 0.735938 0.216406 0.213542 0.0270691
14 0.099707 0.941146 0.0541016 0.0375 0.0244293
69 0.684375 0.735938 0.215625 0.211458 0.0164642
14 0.0982422 0.941667 0.0486328 0.0229167 0.0146713
13 0.678906 0.642708 0.171875 0.0302083 0.0145569
63 0.676953 0.642708 0.172656 0.0354167 0.0123825
13 0.817969 0.602083 0.126563 0.0333333 0.0104523
58 0.403516 0.428646 0.0757812 0.059375 0.00993347
13 0.673438 0.65625 0.1875 0.0427083 0.00955963
58 0.68125 0.894271 0.203125 0.203125 0.00854492
14 0.567969 0.214583 0.01875 0.0192708 0.00766754
13 0.184717 0.240625 0.0836914 0.0375 0.00703812
73 0.610156 0.635938 0.0375 0.0197917 0.00661469
58 0.403906 0.404688 0.0773438 0.105208 0.00624084
45 0.607813 0.634375 0.0421875 0.0229167 0.00534439
58 0.722656 0.840104 0.109375 0.0989583 0.00446701
58 0.401563 0.430208 0.0703125 0.0442708 0.0042305
67 0.608594 0.6375 0.034375 0.0166667 0.0042305
13 0.404687 0.455729 0.0742188 0.0166667 0.00391388
73 0.745313 0.660417 0.06875 0.0375 0.00367928
73 0.603906 0.638542 0.0460938 0.01875 0.0029583
73 0.729297 0.661458 0.0382813 0.0354167 0.0029583
13 0.729297 0.661458 0.0382813 0.0354167 0.00286674
58 0.659375 0.958333 0.1875 0.0770833 0.00279999
25 0.8625 0.180729 0.05625 0.0278646 0.00277901
14 0.112988 0.941667 0.0287109 0.04375 0.0027256
0 0.0984375 0.942708 0.0515625 0.0395833 0.00270462
13 0.667188 0.653125 0.167187 0.03125 0.0026722
60 0.652734 0.971875 0.178125 0.0541667 0.0026207
58 0.706641 0.864063 0.144531 0.15 0.00261116
29 0.608594 0.6375 0.034375 0.0166667 0.00257111
58 0.405566 0.430729 0.0701172 0.0322917 0.00248146
37 0.823438 0.601042 0.10625 0.0260417 0.00248146
73 0.646484 0.6375 0.114844 0.01875 0.00248146
73 0.755469 0.658333 0.0421875 0.0270833 0.00247192
58 0.728906 0.819792 0.096875 0.1 0.00226021
8 0.8625 0.179167 0.0578125 0.0291667 0.00226021
36 0.727344 0.661458 0.0351562 0.0375 0.00225258
58 0.403906 0.449479 0.0742188 0.0192708 0.00214958
45 0.608594 0.6375 0.034375 0.0166667 0.00211525
8 0.612891 0.973958 0.28125 0.05 0.00204277
13 0.652734 0.971875 0.178125 0.0541667 0.00203514
13 0.745313 0.660417 0.06875 0.0375 0.00201035
14 0.0994141 0.947917 0.0515625 0.0395833 0.00197983
71 0.676953 0.642708 0.172656 0.0354167 0.00193405
60 0.614062 0.973958 0.275781 0.0489583 0.00191212
58 0.725 0.879688 0.229687 0.19375 0.00190449
63 0.607813 0.634375 0.0421875 0.0229167 0.00188255
13 0.775 0.419792 0.0625 0.0328125 0.00183868
36 0.722656 0.663542 0.025 0.0333333 0.0018177
60 0.679688 0.647917 0.184375 0.0416667 0.0018177
36 0.673438 0.65625 0.1875 0.0427083 0.0018034
13 0.778906 0.423438 0.0546875 0.0302083 0.00178242
2 0.184717 0.240625 0.0836914 0.0375 0.00175476
63 0.685547 0.735938 0.216406 0.213542 0.0017004
13 0.825781 0.607292 0.101562 0.0270833 0.00169373
73 0.678906 0.6375 0.160938 0.0197917 0.0016613
13 0.163672 0.228385 0.0398437 0.0166667 0.00164223
14 0.909375 0.647917 0.034375 0.0270833 0.00162888
14 0.567969 0.21901 0.0203125 0.0296875 0.00161076
58 0.403516 0.419531 0.0679687 0.0557292 0.00159168
0 0.188281 0.619271 0.0226563 0.0333333 0.00159168
13 0.604688 0.634375 0.046875 0.025 0.00159168
2 0.0156494 0.609896 0.0275879 0.021875 0.00157356
13 0.679688 0.647917 0.184375 0.0416667 0.00156689
73 0.676953 0.647917 0.18125 0.0416667 0.00156116
58 0.704297 0.827083 0.153906 0.1 0.00153637
1 0.216406 0.22526 0.0835937 0.0598958 0.00153065
63 0.663672 0.652083 0.163281 0.0364583 0.0015192
13 0.680469 0.630208 0.165625 0.0270833 0.00150108
56 0.823242 0.600521 0.106641 0.0270833 0.00145531
13 0.744531 0.652083 0.071875 0.0354167 0.00143814
2 0.68125 0.421875 0.0296875 0.0135417 0.00138855
71 0.663672 0.652083 0.163281 0.0364583 0.00137806
14 0.139063 0.704167 0.0253906 0.025 0.00137806
39 0.722656 0.663542 0.025 0.0333333 0.00132465
13 0.885156 0.645833 0.084375 0.0333333 0.00131512
13 0.829688 0.596875 0.1 0.0208333 0.00130939
73 0.64375 0.632292 0.0210938 0.01875 0.00130939
8 0.404297 0.448438 0.0757812 0.021875 0.00128937
60 0.646094 0.980729 0.182812 0.0375 0.0012846
8 0.823242 0.600521 0.106641 0.0270833 0.00127888
74 0.683984 0.736979 0.213281 0.210417 0.00127411
14 0.722656 0.663542 0.025 0.0333333 0.00126457
36 0.185352 0.238477 0.0855469 0.0417969 0.00123501
63 0.676172 0.632292 0.150781 0.025 0.00122547
60 0.823242 0.600521 0.106641 0.0270833 0.0012207
60 0.681641 0.638542 0.194531 0.05625 0.00121593
13 0.909375 0.647917 0.034375 0.0270833 0.00121117
29 0.315039 0.94375 0.0527344 0.01875 0.00120163
2 0.0907227 0.113021 0.0726563 0.0492188 0.00119686
13 0.772656 0.396875 0.0671875 0.0697917 0.00119686
13 0.472656 0.938542 0.0515625 0.0364583 0.00118351
58 0.723828 0.825 0.105469 0.06875 0.00115108
0 0.174121 0.620313 0.0525391 0.0375 0.00112438
26 0.729297 0.661458 0.0382813 0.0354167 0.00111198
73 0.66875 0.633333 0.135937 0.0260417 0.00105286
13 0.755469 0.658333 0.0421875 0.0270833 0.00104046
14 0.726562 0.790625 0.0203125 0.0375 0.00103188
62 0.685938 0.735938 0.215625 0.214583 0.666992
13 0.823242 0.6 0.106641 0.0270833 0.0913696
68 0.685156 0.735938 0.215625 0.214583 0.0778198
13 0.404297 0.447396 0.0765625 0.025 0.0327148
14 0.0996338 0.941146 0.054248 0.0375 0.0292053
72 0.685938 0.735938 0.215625 0.214583 0.0240479
14 0.0983398 0.941667 0.0488281 0.0229167 0.016922
69 0.684766 0.735417 0.216406 0.2125 0.0154877
13 0.678906 0.642708 0.171875 0.0302083 0.0153046
63 0.676953 0.642708 0.172656 0.0354167 0.0135345
58 0.403516 0.428646 0.0757812 0.0604167 0.011734
13 0.817969 0.602083 0.126563 0.0333333 0.0110321
13 0.673828 0.65625 0.188281 0.04375 0.0100937
58 0.682031 0.894792 0.203125 0.202083 0.00926971
14 0.567969 0.214583 0.01875 0.0192708 0.00841522
13 0.184717 0.240625 0.0836914 0.0375 0.00818634
58 0.403906 0.404688 0.0773438 0.105208 0.00784302
73 0.610156 0.635938 0.0375 0.0197917 0.00679779
45 0.607813 0.634375 0.0421875 0.0229167 0.00548935
67 0.608594 0.6375 0.0351562 0.0166667 0.00498199
58 0.401563 0.429948 0.0703125 0.0447917 0.00492477
58 0.723047 0.841146 0.108594 0.0989583 0.00481033
13 0.404687 0.455729 0.0742188 0.0166667 0.00385475
73 0.745313 0.660417 0.06875 0.0375 0.0037365
14 0.112891 0.941146 0.0289063 0.0427083 0.00327301
73 0.603906 0.638542 0.0460938 0.01875 0.00312424
58 0.660156 0.959375 0.1875 0.075 0.0030632
60 0.652344 0.971875 0.178125 0.0541667 0.00300407
58 0.707422 0.864583 0.142969 0.147917 0.00294685
25 0.8625 0.180729 0.05625 0.0278646 0.00288963
13 0.667188 0.653125 0.167187 0.0322917 0.00283432
13 0.728906 0.660938 0.0375 0.0354167 0.00283432
58 0.405469 0.430729 0.0703125 0.0322917 0.00282288
29 0.608594 0.6375 0.0351562 0.0166667 0.00281143
73 0.728906 0.660938 0.0375 0.0354167 0.00277901
73 0.644922 0.6375 0.111719 0.01875 0.00274658
0 0.0984375 0.942188 0.0515625 0.0395833 0.00268364
37 0.823438 0.601042 0.10625 0.025 0.0026207
73 0.755469 0.658333 0.0421875 0.0270833 0.00251198
58 0.404004 0.449479 0.0748047 0.0197917 0.00247192
58 0.728906 0.819792 0.096875 0.1 0.00237846
8 0.612891 0.973958 0.28125 0.05 0.00237846
8 0.8625 0.179167 0.0578125 0.0291667 0.00229645
14 0.0994385 0.947396 0.0519043 0.0395833 0.00222588
13 0.696094 0.653646 0.160938 0.04375 0.00218201
36 0.727344 0.661458 0.0351562 0.0375 0.00218201
45 0.608594 0.6375 0.0351562 0.0166667 0.00215721
13 0.775 0.419792 0.0625 0.0322917 0.00214005
13 0.652344 0.971875 0.178125 0.0541667 0.00213242
60 0.614062 0.973958 0.275 0.05 0.00213242
13 0.778906 0.423438 0.0546875 0.0302083 0.00210762
13 0.745313 0.660417 0.06875 0.0375 0.00210762
58 0.725781 0.880208 0.228125 0.191667 0.00209999
63 0.607813 0.634375 0.0421875 0.0229167 0.00201988
13 0.162305 0.227995 0.0371094 0.0158854 0.00198746
71 0.676953 0.642708 0.172656 0.0354167 0.00196457
60 0.680469 0.647917 0.185938 0.0427083 0.00188923
14 0.909375 0.647917 0.034375 0.0270833 0.00187492
58 0.403906 0.419271 0.0664062 0.0484375 0.00186062
2 0.0156982 0.609896 0.0275879 0.021875 0.00185299
13 0.825781 0.607292 0.101562 0.0270833 0.00185299
73 0.678906 0.6375 0.161719 0.0197917 0.00183868
36 0.673828 0.65625 0.188281 0.04375 0.00183105
2 0.184717 0.240625 0.0836914 0.0375 0.0018034
14 0.567578 0.21901 0.0210938 0.0296875 0.00174809
13 0.604688 0.634375 0.046875 0.025 0.00174809
36 0.722656 0.663542 0.025 0.0333333 0.00174809
1 0.216797 0.225391 0.0828125 0.0596354 0.00170708
13 0.680859 0.630208 0.164844 0.0270833 0.00170708
0 0.187695 0.619271 0.0238281 0.0333333 0.00169373
63 0.685938 0.735938 0.215625 0.214583 0.00168705
63 0.663672 0.652083 0.163281 0.0354167 0.00166798
56 0.823242 0.6 0.106641 0.0270833 0.00154877
58 0.703125 0.828125 0.15625 0.1 0.00154877
14 0.13916 0.704167 0.0253906 0.025 0.00153637
13 0.744531 0.652083 0.071875 0.0354167 0.0015192
13 0.680469 0.647917 0.185938 0.0427083 0.00150681
73 0.677344 0.647396 0.182031 0.0427083 0.00149536
8 0.823242 0.6 0.106641 0.0270833 0.00144386
60 0.646094 0.980208 0.182812 0.0375 0.00144386
13 0.472656 0.938542 0.0515625 0.0364583 0.00143814
29 0.315039 0.94375 0.0527344 0.01875 0.00143814
13 0.829688 0.596875 0.1 0.0208333 0.0014267
2 0.68125 0.421875 0.0296875 0.0135417 0.00142097
2 0.0908447 0.113314 0.0726074 0.0488932 0.00141621
13 0.885938 0.645833 0.0828125 0.0322917 0.00141621
73 0.64375 0.632292 0.021875 0.01875 0.00141048
71 0.663672 0.652083 0.163281 0.0354167 0.00138855
13 0.772656 0.397396 0.0671875 0.0677083 0.00136185
60 0.823242 0.6 0.106641 0.0270833 0.00135612
63 0.676172 0.632292 0.150781 0.025 0.00133514
39 0.722656 0.663542 0.025 0.0333333 0.00133514
14 0.722656 0.663542 0.025 0.0333333 0.00131512
60 0.681641 0.638542 0.194531 0.05625 0.00131512
58 0.723828 0.825521 0.105469 0.0677083 0.0012598
74 0.685156 0.735938 0.215625 0.214583 0.00125504
13 0.909375 0.647917 0.034375 0.0270833 0.00123978
13 0.802344 0.6 0.15 0.0385417 0.00123978
36 0.185352 0.238477 0.0855469 0.0417969 0.00123501
14 0.222656 0.684375 0.0617188 0.0375 0.00121593
0 0.17334 0.619792 0.0541016 0.0375 0.00119686
8 0.404297 0.448438 0.0757812 0.0223958 0.00118351
73 0.66875 0.633333 0.135937 0.0260417 0.00115585
26 0.728906 0.660938 0.0375 0.0354167 0.00112438
14 0.565234 0.214323 0.0234375 0.0223958 0.0011158
14 0.726562 0.790625 0.0203125 0.0375 0.00110722
13 0.755469 0.658333 0.0421875 0.0270833 0.00109482
73 0.678125 0.642188 0.176563 0.0302083 0.00107288
73 0.604688 0.634375 0.046875 0.025 0.00106049
1 0.185107 0.238802 0.0836914 0.0427083 0.00104046
2 0.109375 0.123177 0.0347656 0.028125 0.00102425
13 0.159473 0.226823 0.0326172 0.0119792 0.00102043
30 0.184717 0.240625 0.0836914 0.0375 0.00101185
39 0.726562 0.790625 0.0203125 0.0375 0.00101185
58 0.732031 0.833333 0.0890625 0.0583333 0.00100422
62 0.684766 0.7375 0.216406 0.214583 0.705566
13 0.823242 0.6 0.106641 0.0270833 0.103027
68 0.685156 0.735417 0.215625 0.214583 0.0753174
14 0.0996338 0.940625 0.054248 0.0375 0.0351562
13 0.403809 0.447396 0.0767578 0.025 0.0283356
72 0.685938 0.735417 0.215625 0.214583 0.0236053
14 0.0982422 0.941667 0.0488281 0.0229167 0.0201721
13 0.679688 0.642708 0.171875 0.0291667 0.0158997
58 0.403516 0.428125 0.0757812 0.0614583 0.0156021
69 0.684766 0.735417 0.216406 0.2125 0.0146713
63 0.676953 0.642708 0.172656 0.0354167 0.0139542
58 0.403906 0.405208 0.0773438 0.104167 0.0119629
58 0.682813 0.89375 0.203125 0.202083 0.0115051
13 0.817969 0.602083 0.126563 0.034375 0.0111618
13 0.673828 0.65625 0.188281 0.04375 0.0106506
13 0.18457 0.240885 0.0835937 0.0375 0.00919342
14 0.567969 0.214583 0.01875 0.0195313 0.00874329
73 0.610547 0.635938 0.0375 0.0197917 0.00674438
58 0.401563 0.429427 0.0703125 0.0463542 0.0064621
45 0.608203 0.634375 0.0429688 0.0229167 0.00612259
58 0.723047 0.842708 0.108594 0.1 0.00568771
67 0.608594 0.6375 0.0351562 0.0166667 0.00551224
58 0.707812 0.866667 0.142188 0.152083 0.0039444
14 0.112988 0.940625 0.0287109 0.0416667 0.00388527
73 0.745313 0.660417 0.06875 0.0375 0.00385475
58 0.660156 0.955208 0.1875 0.0833333 0.00372124
58 0.405469 0.430729 0.0703125 0.0333333 0.00362206
13 0.404687 0.455729 0.0742188 0.0166667 0.00340271
60 0.652734 0.971875 0.177344 0.0541667 0.00331116
73 0.603906 0.638542 0.0453125 0.01875 0.00328636
58 0.404004 0.449219 0.0748047 0.0203125 0.00324821
29 0.608594 0.6375 0.0351562 0.0166667 0.00322342
25 0.8625 0.180729 0.05625 0.0278646 0.00314713
13 0.667578 0.653125 0.166406 0.03125 0.0030632
13 0.728906 0.661458 0.0375 0.0354167 0.00301552
73 0.641406 0.6375 0.103125 0.01875 0.00293541
58 0.728906 0.819792 0.096875 0.101042 0.00274658
37 0.823438 0.601042 0.10625 0.0260417 0.00266266
8 0.613281 0.973438 0.28125 0.05 0.0026207
14 0.0994141 0.947396 0.0519531 0.0395833 0.00260162
58 0.725781 0.880208 0.228125 0.191667 0.00260162
73 0.728906 0.661458 0.0375 0.0354167 0.00259018
45 0.608594 0.6375 0.0351562 0.0166667 0.00254059
73 0.755469 0.658333 0.0421875 0.0270833 0.00248146
13 0.696875 0.653646 0.159375 0.04375 0.00244331
58 0.403906 0.419271 0.0664062 0.0489583 0.00242424
13 0.161133 0.227604 0.0347656 0.0151042 0.0024147
60 0.614062 0.973438 0.275 0.05 0.00237846
13 0.745313 0.660417 0.06875 0.0375 0.00234222
8 0.8625 0.179167 0.0578125 0.0291667 0.00234222
58 0.709375 0.829167 0.14375 0.0979167 0.00234222
0 0.0982178 0.941667 0.0516113 0.0395833 0.00231361
13 0.778906 0.423438 0.0546875 0.0302083 0.00227928
58 0.655469 0.96875 0.19375 0.05625 0.00227928
13 0.664844 0.972917 0.160938 0.0520833 0.00224304
63 0.608203 0.634375 0.0429688 0.0229167 0.00217438
36 0.727344 0.661458 0.034375 0.0375 0.00217438
13 0.825781 0.607292 0.101562 0.0270833 0.00216484
2 0.0157227 0.610417 0.0276367 0.0229167 0.00215721
13 0.775 0.419792 0.0625 0.0322917 0.00213242
14 0.909375 0.647917 0.034375 0.0270833 0.00211525
71 0.676953 0.642708 0.172656 0.0354167 0.0020752
13 0.604688 0.634375 0.046875 0.025 0.00199509
73 0.679297 0.6375 0.160938 0.0197917 0.00199509
60 0.680469 0.647917 0.185938 0.0416667 0.00191879
1 0.217578 0.225521 0.0820312 0.0598958 0.00188923
14 0.139063 0.704167 0.0253906 0.025 0.00185299
13 0.680859 0.630208 0.164062 0.0270833 0.00183868
36 0.722656 0.663542 0.025 0.0333333 0.00182438
14 0.567578 0.21901 0.0210938 0.0296875 0.00178909
63 0.685938 0.735417 0.215625 0.214583 0.00178909
36 0.673828 0.65625 0.188281 0.04375 0.00177479
0 0.1875 0.619271 0.0246094 0.0333333 0.00176144
8 0.823242 0.6 0.106641 0.0270833 0.00172043
63 0.663672 0.652083 0.163281 0.0354167 0.00172043
13 0.744531 0.652083 0.071875 0.0354167 0.0016613
14 0.223242 0.683854 0.0601563 0.0364583 0.0016489
60 0.646094 0.980208 0.182812 0.0385417 0.00164223
56 0.823242 0.6 0.106641 0.0270833 0.00161076
2 0.18457 0.240885 0.0835937 0.0375 0.00157356
73 0.64375 0.632292 0.0203125 0.01875 0.00156116
60 0.823242 0.6 0.106641 0.0270833 0.00153637
58 0.723828 0.826042 0.105469 0.06875 0.00153637
14 0.722656 0.663542 0.025 0.0333333 0.00151253
2 0.0908203 0.113281 0.0724609 0.0484375 0.00150108
13 0.680469 0.647917 0.185938 0.0416667 0.00148964
29 0.314844 0.94375 0.0523438 0.01875 0.00146103
71 0.663672 0.652083 0.163281 0.0354167 0.00145531
13 0.829688 0.596875 0.1 0.0208333 0.00144958
63 0.675781 0.632292 0.148438 0.025 0.00144958
13 0.889063 0.645833 0.078125 0.0322917 0.00144958
13 0.472656 0.938542 0.0515625 0.0354167 0.00144958
2 0.68125 0.421875 0.0296875 0.0135417 0.00142097
60 0.68125 0.638542 0.195312 0.05625 0.00139904
73 0.677344 0.647396 0.182031 0.0427083 0.00136662
39 0.722656 0.663542 0.025 0.0333333 0.00135612
13 0.910937 0.646875 0.034375 0.025 0.00131989
13 0.772266 0.398958 0.0664062 0.0635417 0.00131512
74 0.685156 0.735417 0.215625 0.214583 0.00131512
0 0.172754 0.619792 0.0552734 0.0385417 0.00129414
73 0.667969 0.633333 0.134375 0.0260417 0.00124454
58 0.732031 0.833333 0.0890625 0.0583333 0.00124454
13 0.755469 0.658333 0.0421875 0.0270833 0.00119209
14 0.726562 0.790625 0.0203125 0.0375 0.00117397
26 0.728906 0.661458 0.0375 0.0354167 0.0011692
14 0.565234 0.214583 0.0234375 0.0229167 0.00116062
1 0.204297 0.243294 0.0472656 0.0290365 0.00115585
14 0.103125 0.777083 0.0234375 0.0354167 0.00115108
13 0.201563 0.242122 0.0484375 0.0272135 0.00114727
2 0.110059 0.123177 0.0335938 0.0276042 0.00113392
29 0.330664 0.675 0.0402344 0.0166667 0.00113392
58 0.760156 0.845833 0.192188 0.139583 0.00113392
14 0.0964844 0.776042 0.0359375 0.03125 0.00109863
73 0.678125 0.641667 0.176563 0.0291667 0.00109005
73 0.604688 0.634375 0.046875 0.025 0.00108147
8 0.404297 0.448438 0.0757812 0.0229167 0.00107765
14 0.857813 0.65625 0.01875 0.0145833 0.00107288
65 0.608594 0.6375 0.0351562 0.0166667 0.00106907
8 0.910937 0.645313 0.03125 0.021875 0.00106525
36 0.185156 0.238281 0.0855469 0.0421875 0.00105286
33 0.910937 0.646875 0.034375 0.025 0.00105286
13 0.823242 0.589583 0.106641 0.0395833 0.00104046
39 0.726562 0.790625 0.0203125 0.0375 0.00103188
14 0.189063 0.621354 0.0210938 0.03125 0.00100422
32 0.237891 0.6875 0.03125 0.01875 0.00100422
62 0.684766 0.7375 0.216406 0.214583 0.729492
13 0.823242 0.6 0.106641 0.0270833 0.105957
68 0.685156 0.735938 0.215625 0.214583 0.0769653
14 0.0996338 0.940625 0.054248 0.0364583 0.0380249
13 0.813281 0.601042 0.128125 0.0322917 0.0292053
13 0.403809 0.447396 0.0767578 0.0255208 0.0288696
72 0.685938 0.735417 0.215625 0.214583 0.0235138
14 0.0981445 0.941667 0.0488281 0.0229167 0.0219421
58 0.403516 0.428385 0.0757812 0.0609375 0.0167236
13 0.679297 0.642708 0.171094 0.0291667 0.0164642
69 0.684375 0.735938 0.215625 0.211458 0.0151291
63 0.677344 0.642708 0.171875 0.0354167 0.0147858
58 0.403906 0.405729 0.0773438 0.104167 0.0130234
58 0.683203 0.89375 0.200781 0.202083 0.0118256
13 0.674219 0.65625 0.188281 0.04375 0.0112915
13 0.184375 0.240625 0.0835937 0.0375 0.0103302
14 0.567969 0.214583 0.01875 0.0195313 0.00963593
73 0.610547 0.636458 0.0375 0.01875 0.00682449
58 0.401563 0.429688 0.0703125 0.0458333 0.00674438
45 0.608203 0.634375 0.0429688 0.0229167 0.00638962
58 0.723437 0.842708 0.107813 0.1 0.00621796
67 0.608594 0.6375 0.0351562 0.0166667 0.00598145
58 0.708594 0.865625 0.140625 0.15 0.00429916
14 0.113184 0.940625 0.0283203 0.0416667 0.0042305
58 0.660156 0.95625 0.185938 0.08125 0.00390053
73 0.744531 0.660417 0.06875 0.0375 0.00385475
58 0.405469 0.430729 0.0703125 0.0333333 0.00374985
60 0.652344 0.971875 0.176563 0.0541667 0.00358009
58 0.403516 0.449219 0.0742188 0.0203125 0.00351143
13 0.404687 0.455729 0.0742188 0.0166667 0.00344276
73 0.603906 0.638542 0.0453125 0.01875 0.00341606
29 0.608594 0.6375 0.0351562 0.0166667 0.00333786
25 0.8625 0.180729 0.05625 0.0278646 0.00331116
13 0.667969 0.653125 0.167187 0.0322917 0.00321007
73 0.641406 0.6375 0.103125 0.01875 0.00314713
13 0.728906 0.660938 0.0375 0.0354167 0.00304031
13 0.16084 0.227344 0.0341797 0.0145833 0.00287819
58 0.728516 0.819792 0.0976562 0.101042 0.0028553
14 0.0993896 0.947396 0.052002 0.0395833 0.00279045
8 0.613672 0.972917 0.280469 0.05 0.00277901
45 0.608594 0.6375 0.0351562 0.0166667 0.00273705
58 0.726172 0.879167 0.225781 0.189583 0.00271416
58 0.711328 0.829167 0.138281 0.0979167 0.0026722
37 0.823438 0.601042 0.10625 0.025 0.00266266
13 0.696875 0.653646 0.159375 0.04375 0.00260162
60 0.614062 0.973438 0.275 0.05 0.00253105
13 0.744531 0.660417 0.06875 0.0375 0.00247192
58 0.403516 0.419792 0.0679687 0.0567708 0.00246239
58 0.655469 0.96875 0.19375 0.05625 0.00246239
73 0.755469 0.658333 0.0421875 0.0270833 0.00244331
8 0.8625 0.179167 0.0578125 0.0291667 0.0024147
13 0.664844 0.972917 0.160938 0.0520833 0.00240517
73 0.728906 0.660938 0.0375 0.0354167 0.00239754
13 0.778906 0.423438 0.0546875 0.0302083 0.002388
14 0.909375 0.647917 0.034375 0.0270833 0.00230598
2 0.0157715 0.609896 0.0276367 0.021875 0.00228691
63 0.608203 0.634375 0.0429688 0.0229167 0.00226974
13 0.826563 0.607292 0.1 0.0270833 0.00223351
0 0.0983398 0.941667 0.0515625 0.0385417 0.00219917
73 0.679297 0.6375 0.160938 0.0197917 0.00218201
13 0.604297 0.634375 0.0476562 0.025 0.00214958
36 0.727344 0.661458 0.034375 0.0375 0.00208282
71 0.677344 0.642708 0.171875 0.0354167 0.00206757
14 0.139258 0.704167 0.0253906 0.025 0.00201988
13 0.680859 0.630208 0.164062 0.0270833 0.00197983
14 0.567969 0.21901 0.021875 0.0291667 0.00195694
60 0.680469 0.647917 0.185938 0.0416667 0.00194168
8 0.823242 0.6 0.106641 0.0270833 0.00190449
63 0.685938 0.735417 0.215625 0.214583 0.00183868
63 0.663672 0.652083 0.163281 0.0354167 0.00182438
1 0.217773 0.225781 0.08125 0.059375 0.0018177
0 0.1875 0.61875 0.025 0.0333333 0.0018177
36 0.722656 0.663542 0.025 0.0333333 0.00181007
36 0.674219 0.65625 0.188281 0.04375 0.00178242
14 0.223438 0.683854 0.0601563 0.0364583 0.00178242
60 0.646094 0.980208 0.182812 0.0395833 0.00176811
13 0.744531 0.652083 0.071875 0.0364583 0.00174141
2 0.184375 0.240625 0.0835937 0.0375 0.00168705
0 0.189063 0.621875 0.0203125 0.03125 0.00167465
2 0.68125 0.421875 0.0304688 0.0135417 0.00165462
2 0.0907959 0.113542 0.0723145 0.0479167 0.0016489
56 0.823242 0.6 0.106641 0.0270833 0.00164223
73 0.64375 0.632292 0.0203125 0.01875 0.00163555
58 0.723828 0.826042 0.105469 0.06875 0.00160408
14 0.722656 0.663542 0.025 0.0333333 0.00157356
60 0.823242 0.6 0.106641 0.0270833 0.00156116
63 0.675781 0.632292 0.148438 0.025 0.00156116
13 0.473047 0.938542 0.0515625 0.0354167 0.00153065
13 0.680469 0.647917 0.185938 0.0416667 0.00152493
13 0.889063 0.645833 0.0765625 0.03125 0.00147247
13 0.829688 0.596875 0.1 0.0208333 0.00146103
71 0.663672 0.652083 0.163281 0.0354167 0.00145531
29 0.314648 0.94375 0.0519531 0.01875 0.00144958
60 0.68125 0.638542 0.195312 0.05625 0.00143242
74 0.685156 0.735938 0.215625 0.214583 0.00140476
0 0.172559 0.619792 0.0552734 0.0385417 0.00136662
13 0.910937 0.646875 0.034375 0.025 0.00135136
13 0.772266 0.399479 0.0664062 0.0625 0.00134563
39 0.722656 0.663542 0.025 0.0333333 0.00134563
73 0.66875 0.633333 0.134375 0.0260417 0.00133514
13 0.201758 0.242188 0.0480469 0.0270833 0.00133038
73 0.677344 0.647396 0.182812 0.0427083 0.00133038
14 0.103125 0.777083 0.0234375 0.0354167 0.00131512
58 0.732031 0.833333 0.0890625 0.0583333 0.00131512
2 0.110352 0.123307 0.0330078 0.0273438 0.0012846
14 0.565234 0.214583 0.0234375 0.0229167 0.00127411
14 0.726562 0.790625 0.0203125 0.0375 0.00124454
13 0.755469 0.658333 0.0421875 0.0270833 0.00123501
14 0.0964844 0.776042 0.0359375 0.03125 0.00123501
1 0.204102 0.243229 0.046875 0.0286458 0.0012207
58 0.760156 0.845833 0.190625 0.139583 0.00121593
0 0.753516 0.39401 0.0179687 0.0421875 0.0012064
26 0.728906 0.660938 0.0375 0.0354167 0.00119686
8 0.813281 0.601042 0.128125 0.0322917 0.00119209
73 0.678125 0.641667 0.176563 0.0291667 0.00118828
8 0.910937 0.645313 0.03125 0.021875 0.00117397
29 0.330664 0.675 0.0402344 0.0166667 0.00116539
65 0.608594 0.6375 0.0351562 0.0166667 0.00116062
73 0.604297 0.634375 0.0476562 0.025 0.00112438
14 0.857813 0.65625 0.01875 0.0145833 0.00111198
13 0.823242 0.589583 0.106641 0.0395833 0.0011034
8 0.404297 0.448177 0.0757812 0.0229167 0.00108624
14 0.237891 0.6875 0.0308594 0.01875 0.00108147
39 0.726562 0.790625 0.0203125 0.0375 0.00106525
33 0.910937 0.646875 0.034375 0.025 0.00105667
14 0.189063 0.621875 0.0203125 0.03125 0.00101662
32 0.237891 0.6875 0.0308594 0.01875 0.00101662
62 0.684766 0.7375 0.216406 0.214583 0.730957
13 0.823242 0.6 0.106641 0.0270833 0.10376
68 0.685156 0.735938 0.215625 0.214583 0.0755615
14 0.0996338 0.940625 0.054248 0.0364583 0.0370483
13 0.403809 0.447396 0.0767578 0.0255208 0.029541
13 0.813281 0.601042 0.128125 0.0322917 0.0288696
72 0.685938 0.735417 0.215625 0.214583 0.0233307
14 0.0982422 0.941667 0.0488281 0.0229167 0.0215302
13 0.679297 0.642708 0.171094 0.0291667 0.0165253
58 0.403516 0.428385 0.0757812 0.0609375 0.0160217
69 0.684766 0.735938 0.216406 0.211458 0.0151901
63 0.676953 0.642708 0.172656 0.0354167 0.0149002
58 0.403906 0.405729 0.0773438 0.104167 0.012291
58 0.683203 0.89375 0.200781 0.202083 0.0116882
13 0.674219 0.65625 0.188281 0.04375 0.0112915
13 0.184375 0.240625 0.0835937 0.0375 0.0103683
14 0.567969 0.214583 0.01875 0.0195313 0.00971222
73 0.610547 0.636458 0.0375 0.01875 0.0068512
58 0.401563 0.429688 0.0703125 0.0458333 0.0064621
45 0.608203 0.634375 0.0429688 0.0229167 0.00643921
58 0.723437 0.841667 0.107813 0.1 0.00619125
67 0.608594 0.6375 0.0351562 0.0166667 0.00584412
58 0.708594 0.865625 0.140625 0.148958 0.0042305
14 0.113086 0.940625 0.0285156 0.0416667 0.00413513
58 0.660156 0.955729 0.185938 0.0822917 0.00388527
73 0.744531 0.660417 0.06875 0.0375 0.00383949
58 0.405469 0.430729 0.0703125 0.0333333 0.0036068
13 0.404297 0.455729 0.0742188 0.0166667 0.00353813
60 0.652344 0.971875 0.176563 0.0541667 0.00352478
58 0.403516 0.449219 0.0742188 0.0203125 0.00338936
73 0.603906 0.638542 0.0460938 0.01875 0.00337601
29 0.608594 0.6375 0.0351562 0.0166667 0.00335121
13 0.667969 0.653125 0.167187 0.0322917 0.00327301
25 0.8625 0.180729 0.05625 0.0278646 0.00325966
73 0.641406 0.6375 0.103125 0.01875 0.00317192
13 0.728906 0.661458 0.0375 0.0354167 0.00302696
13 0.16084 0.227474 0.0341797 0.0148438 0.00287819
58 0.728516 0.819792 0.0976562 0.101042 0.00283432
8 0.613672 0.972917 0.280469 0.05 0.00276756
45 0.608594 0.6375 0.0351562 0.0166667 0.00274658
37 0.823438 0.601042 0.10625 0.025 0.00273705
14 0.0993896 0.947396 0.052002 0.0395833 0.00273705
58 0.711328 0.829167 0.138281 0.0979167 0.00268364
58 0.726172 0.879167 0.225781 0.189583 0.0026722
13 0.696875 0.653646 0.159375 0.04375 0.00256157
60 0.614062 0.973438 0.275 0.05 0.00251198
13 0.744531 0.660417 0.06875 0.0375 0.00248146
58 0.655469 0.96875 0.19375 0.05625 0.00243378
73 0.755469 0.658333 0.0421875 0.0270833 0.0024147
8 0.8625 0.179167 0.0578125 0.0291667 0.00240517
13 0.778906 0.423438 0.0546875 0.0302083 0.00237846
73 0.728906 0.661458 0.0375 0.0354167 0.00236893
13 0.665234 0.972917 0.160156 0.0520833 0.00236893
58 0.403516 0.419792 0.0679687 0.0567708 0.00235939
14 0.909375 0.647917 0.034375 0.0270833 0.00230598
63 0.608203 0.634375 0.0429688 0.0229167 0.00226021
2 0.0157715 0.609896 0.0276367 0.021875 0.00225258
0 0.0982178 0.941667 0.0516113 0.0395833 0.00221634
73 0.679297 0.6375 0.160938 0.0197917 0.00219917
13 0.604297 0.634375 0.0476562 0.025 0.00217438
13 0.826563 0.607292 0.1 0.0270833 0.00214958
36 0.727344 0.661458 0.034375 0.0375 0.00206757
71 0.676953 0.642708 0.172656 0.0354167 0.00203514
13 0.680859 0.630208 0.164062 0.0270833 0.00200272
14 0.567578 0.21888 0.0210938 0.0294271 0.00197983
14 0.139258 0.704167 0.0253906 0.025 0.0019722
8 0.823242 0.6 0.106641 0.0270833 0.00193405
60 0.680469 0.647917 0.185938 0.0416667 0.00192642
63 0.664062 0.652083 0.164062 0.0354167 0.00185299
63 0.685938 0.735417 0.215625 0.214583 0.00183868
1 0.217578 0.225781 0.08125 0.059375 0.0018177
0 0.187305 0.61875 0.025 0.0333333 0.0018177
36 0.722656 0.663542 0.025 0.0333333 0.00181007
36 0.674219 0.65625 0.188281 0.04375 0.00178242
14 0.223438 0.683854 0.0601563 0.0364583 0.00178242
60 0.645703 0.980208 0.182031 0.0395833 0.00174809
2 0.184375 0.240625 0.0835937 0.0375 0.0017271
13 0.744531 0.652083 0.071875 0.0354167 0.0017271
2 0.68125 0.421875 0.0304688 0.0135417 0.00171375
2 0.0907959 0.113542 0.0723145 0.0479167 0.0016613
0 0.189063 0.621875 0.0207031 0.03125 0.0016613
56 0.823242 0.6 0.106641 0.0270833 0.00163555
73 0.64375 0.632292 0.0203125 0.01875 0.00162315
58 0.723828 0.826042 0.105469 0.06875 0.00157928
14 0.722656 0.663542 0.025 0.0333333 0.00157356
63 0.675781 0.632292 0.148438 0.025 0.00156689
60 0.823242 0.6 0.106641 0.0270833 0.00153637
13 0.680469 0.647917 0.185938 0.0416667 0.00152493
13 0.888281 0.645833 0.078125 0.03125 0.00148964
13 0.472656 0.938542 0.0515625 0.0354167 0.00148392
13 0.829688 0.596875 0.1 0.0208333 0.00146675
71 0.664062 0.652083 0.164062 0.0354167 0.00143814
29 0.314648 0.94375 0.0519531 0.01875 0.00143242
60 0.68125 0.638021 0.195312 0.0552083 0.00142097
74 0.685156 0.735938 0.215625 0.214583 0.00139904
13 0.772656 0.399479 0.065625 0.0625 0.00135136
39 0.722656 0.663542 0.025 0.0333333 0.00135136
13 0.910937 0.646875 0.034375 0.025 0.00134563
73 0.677344 0.647396 0.182812 0.0427083 0.00134563
73 0.66875 0.633333 0.134375 0.0260417 0.00134087
0 0.172559 0.619792 0.0556641 0.0385417 0.00133038
13 0.201563 0.242188 0.0484375 0.0270833 0.00131512
58 0.732031 0.833333 0.0890625 0.0583333 0.00129986
2 0.110352 0.123438 0.0328125 0.0276042 0.00129414
14 0.565234 0.214583 0.0234375 0.0229167 0.00127888
14 0.103027 0.777083 0.0234375 0.0354167 0.00126457
0 0.753516 0.39401 0.0179687 0.0421875 0.0012598
14 0.726562 0.790625 0.0203125 0.0375 0.00124454
13 0.755469 0.658333 0.0421875 0.0270833 0.00123501
8 0.813281 0.601042 0.128125 0.0322917 0.00122547
73 0.678125 0.641667 0.175781 0.0302083 0.00121117
1 0.204102 0.243229 0.046875 0.0286458 0.0012064
14 0.0964844 0.776042 0.0359375 0.03125 0.0012064
58 0.760156 0.845313 0.189063 0.138542 0.0012064
26 0.728906 0.661458 0.0375 0.0354167 0.00120163
8 0.910937 0.645313 0.03125 0.021875 0.00119686
29 0.330664 0.675 0.0402344 0.0166667 0.00117874
65 0.608594 0.6375 0.0351562 0.0166667 0.00112438
14 0.857813 0.65625 0.01875 0.0145833 0.00112438
13 0.823242 0.589583 0.106641 0.0395833 0.00110722
73 0.604297 0.634375 0.0476562 0.025 0.00110722
8 0.404297 0.448177 0.0757812 0.0229167 0.00109482
33 0.910937 0.646875 0.034375 0.025 0.00107765
14 0.237891 0.6875 0.0308594 0.01875 0.00106525
39 0.726562 0.790625 0.0203125 0.0375 0.00105286
0 0.83125 0.192448 0.00625 0.0184896 0.00102806
36 0.185107 0.238477 0.0852539 0.0417969 0.00102043
32 0.237891 0.6875 0.0308594 0.01875 0.00101662
58 0.597266 0.910938 0.324219 0.164583 0.00100803
