23 0.762891 0.496772 0.332031 0.693075 0.913086
23 0.15918 0.907864 0.165234 0.137324 0.30249
23 0.184961 0.909624 0.223047 0.15493 0.0634766
23 0.19082 0.900822 0.0945313 0.119718 0.0318604
23 0.570312 0.781103 0.0476562 0.14554 0.014061
23 0.201953 0.890845 0.0710938 0.0950704 0.0118256
23 0.636719 0.778169 0.0445313 0.131455 0.011734
23 0.124609 0.931925 0.0929688 0.0762911 0.00641251
23 0.407031 0.765845 0.0640625 0.170188 0.00638962
23 0.417188 0.762911 0.04375 0.161972 0.00559998
23 0.875 0.700704 0.129688 0.206573 0.00553513
23 0.257812 0.865023 0.0652344 0.0798122 0.00544739
23 0.815625 0.344484 0.2375 0.0974178 0.00503922
23 0.600781 0.677083 0.109375 0.347711 0.00341606
23 0.598047 0.524648 0.132812 0.660798 0.00319672
23 0.647656 0.774648 0.0421875 0.130282 0.00311089
23 0.248438 0.873239 0.114844 0.0868545 0.00305176
23 0.617188 0.77993 0.06875 0.143192 0.00279999
9 0.774805 0.033414 0.0628906 0.0643339 0.00237846
23 0.208203 0.882042 0.0570313 0.0868545 0.00227928
23 0.822656 0.706573 0.2375 0.220657 0.00223351
23 0.269531 0.867958 0.0703125 0.0739437 0.00219917
23 0.678906 0.626174 0.0695313 0.421362 0.00211525
23 0.602344 0.776995 0.121875 0.150235 0.00209999
23 0.767969 0.691901 0.142188 0.271127 0.00209999
23 0.625391 0.785798 0.0242188 0.125587 0.00200272
23 0.814258 0.365023 0.246484 0.147887 0.00198746
23 0.572266 0.517606 0.183594 0.693662 0.00198746
23 0.780469 0.587441 0.220313 0.449531 0.00191212
23 0.784375 0.667987 0.3 0.337735 0.00191212
23 0.178076 0.901408 0.119629 0.0985916 0.00187492
23 0.613281 0.451878 0.0796875 0.0457746 0.0016613
23 0.688281 0.522007 0.1 0.662559 0.0015974
23 0.685156 0.676056 0.0640625 0.323944 0.00153065
23 0.835938 0.714789 0.0578125 0.204225 0.00152493
23 0.590625 0.477113 0.253125 0.778169 0.00150108
23 0.273047 0.877934 0.0539063 0.0539906 0.00149536
23 0.178125 0.916667 0.109375 0.0704225 0.00148392
23 0.15791 0.920188 0.162305 0.0962441 0.00146675
23 0.714844 0.510563 0.246875 0.661972 0.00146675
23 0.714453 0.687207 0.122656 0.305164 0.00137806
9 0.7875 0.0329464 0.05625 0.0646824 0.00136185
23 0.614062 0.468016 0.084375 0.084507 0.00136185
23 0.820312 0.549589 0.239063 0.505282 0.00131989
23 0.38125 0.8527 0.0804688 0.102113 0.00131512
23 0.851562 0.704225 0.084375 0.214789 0.00128937
23 0.146875 0.926056 0.100781 0.0633803 0.00127888
23 0.720313 0.635123 0.151562 0.401115 0.00127411
23 0.746094 0.684859 0.15625 0.303991 0.00126457
23 0.86875 0.676203 0.139063 0.26966 0.00118828
23 0.420312 0.736502 0.0375 0.103286 0.00115585
23 0.726953 0.407937 0.225781 0.488116 0.00114727
23 0.267188 0.869718 0.119922 0.0915493 0.00113773
23 0.227734 0.877934 0.071875 0.084507 0.00111198
14 0.773047 0.0340742 0.0601563 0.0681485 0.00110722
23 0.669531 0.522887 0.109375 0.66784 0.0011034
23 0.752344 0.559859 0.190625 0.549296 0.00109863
23 0.619141 0.449531 0.059375 0.0387324 0.00109005
23 0.629687 0.495305 0.2625 0.715962 0.00104427
23 0.259766 0.842723 0.0742188 0.129108 0.00104046
23 0.464063 0.867371 0.0382813 0.0375587 0.00103664
23 0.77832 0.669601 0.180859 0.307512 0.00100422
23 0.765625 0.497359 0.3375 0.694249 0.925293
23 0.15918 0.908451 0.165234 0.138498 0.366699
23 0.186914 0.908451 0.218359 0.153756 0.081543
23 0.192969 0.900235 0.0902344 0.117371 0.0430298
23 0.201563 0.888498 0.0707031 0.0938967 0.0181274
23 0.81582 0.344484 0.237109 0.0962441 0.0181274
23 0.571094 0.781103 0.0484375 0.14554 0.0137405
23 0.636719 0.778169 0.04375 0.130282 0.0133286
23 0.124609 0.931925 0.0927734 0.0762911 0.00912476
23 0.407031 0.766432 0.0640625 0.173709 0.00888062
23 0.417578 0.764671 0.04375 0.164319 0.00766754
23 0.874219 0.700704 0.129688 0.207746 0.00714874
23 0.257812 0.865023 0.065625 0.0798122 0.00677109
9 0.772656 0.0334874 0.06875 0.0644806 0.00568771
23 0.217383 0.899061 0.192578 0.133803 0.00547028
23 0.813867 0.365317 0.244141 0.149061 0.00521851
9 0.785156 0.0335882 0.0515625 0.064719 0.00475693
23 0.246875 0.869718 0.0796875 0.0868545 0.00466537
23 0.59375 0.528169 0.135937 0.65493 0.00426483
23 0.688281 0.497066 0.376563 0.721831 0.00391388
23 0.600781 0.669014 0.109375 0.366197 0.00366402
23 0.248047 0.874413 0.114063 0.0892019 0.00356483
23 0.647656 0.774648 0.0421875 0.129108 0.00323486
23 0.825781 0.706573 0.229687 0.220657 0.00313568
23 0.269531 0.868545 0.0691406 0.07277 0.00307465
23 0.56875 0.504695 0.190625 0.720657 0.0029583
23 0.614844 0.780516 0.0734375 0.143192 0.00266266
23 0.625781 0.786385 0.025 0.124413 0.00247192
23 0.678906 0.625587 0.0703125 0.423709 0.00243378
23 0.181055 0.901408 0.113672 0.0962441 0.0024147
23 0.767188 0.690141 0.1375 0.274648 0.00226974
23 0.272852 0.878521 0.0523438 0.0528169 0.00226021
23 0.613281 0.451585 0.0796875 0.0451878 0.00220871
23 0.590625 0.463322 0.2625 0.816315 0.00214005
23 0.601562 0.776995 0.11875 0.150235 0.00211525
14 0.771094 0.0340376 0.065625 0.0680751 0.00209999
23 0.78125 0.630869 0.31875 0.40493 0.00209999
23 0.381641 0.853286 0.0796875 0.100939 0.00204277
23 0.819531 0.548709 0.239063 0.501174 0.00198746
23 0.687109 0.5223 0.100781 0.661972 0.00195694
23 0.180469 0.916667 0.103516 0.0704225 0.00191879
23 0.614062 0.467723 0.084375 0.084507 0.00188255
23 0.784375 0.586708 0.23125 0.450998 0.00186729
23 0.685156 0.67547 0.065625 0.323944 0.00186062
23 0.464453 0.867371 0.0382813 0.0375587 0.00175476
23 0.835938 0.714789 0.05625 0.204225 0.00171375
14 0.782813 0.0341476 0.0484375 0.0666813 0.00168705
23 0.713281 0.512911 0.242188 0.658451 0.0016613
23 0.420312 0.739437 0.0375 0.110329 0.0015974
23 0.226562 0.877934 0.0703125 0.0856808 0.00157928
23 0.61875 0.449531 0.0609375 0.0387324 0.00157356
23 0.853125 0.704225 0.0875 0.213615 0.00157356
23 0.718359 0.633803 0.149219 0.403756 0.00153637
23 0.715234 0.686766 0.125781 0.307218 0.00151253
23 0.258984 0.842136 0.0765625 0.130282 0.00150681
23 0.148828 0.92547 0.0949219 0.0622066 0.00148392
23 0.747656 0.684126 0.15 0.305458 0.00148392
23 0.667188 0.523474 0.1125 0.666667 0.00147247
33 0.782813 0.0341476 0.0484375 0.0666813 0.00143814
23 0.266602 0.869718 0.123828 0.0938967 0.00134563
23 0.15752 0.920775 0.161523 0.0962441 0.00132465
23 0.55625 0.25939 0.133594 0.0933099 0.00129986
23 0.628516 0.492371 0.286719 0.728873 0.0012846
23 0.750391 0.558685 0.188281 0.552817 0.00125504
23 0.370703 0.88615 0.0570313 0.0352113 0.0012064
0 0.723047 0.793427 0.0242188 0.0821596 0.00113392
33 0.771094 0.0340376 0.065625 0.0680751 0.00112915
23 0.779688 0.667694 0.18125 0.310153 0.00109005
23 0.726562 0.391432 0.225 0.454225 0.00108147
23 0.233984 0.885563 0.0976562 0.0962441 0.00107765
23 0.846875 0.676056 0.0734375 0.165493 0.00103188
23 0.26543 0.879108 0.0828125 0.0680751 0.00102806
23 0.792383 0.382042 0.302734 0.176056 0.00101662
23 0.135742 0.930164 0.0609375 0.0692488 0.00100422
23 0.766406 0.497653 0.339063 0.694836 0.928223
23 0.15918 0.908451 0.165625 0.138498 0.405518
23 0.186279 0.908451 0.217285 0.15493 0.0866089
23 0.194336 0.899061 0.0875 0.116197 0.0558167
23 0.81582 0.34419 0.237109 0.0962441 0.0284424
23 0.201367 0.888498 0.0714844 0.0938967 0.0257568
9 0.770312 0.033414 0.0734375 0.0643339 0.0135345
23 0.636719 0.778169 0.04375 0.131455 0.0125732
23 0.124414 0.931925 0.0925781 0.0751174 0.0121918
9 0.784375 0.0334874 0.0515625 0.0644806 0.0115967
23 0.571094 0.781103 0.05 0.14554 0.0113754
23 0.407031 0.761737 0.0640625 0.158451 0.0102463
23 0.417969 0.764671 0.04375 0.164319 0.00878143
23 0.257812 0.865023 0.065625 0.0798122 0.00806427
23 0.814844 0.365317 0.24375 0.149061 0.00751877
23 0.874219 0.700704 0.129688 0.20892 0.00695801
23 0.227539 0.896127 0.170703 0.129108 0.00561905
23 0.24668 0.869718 0.0796875 0.0868545 0.00548935
23 0.208594 0.882629 0.05625 0.0868545 0.00416565
23 0.269531 0.868545 0.0683594 0.07277 0.00397491
23 0.246875 0.874413 0.114844 0.0892019 0.00369263
23 0.696875 0.497359 0.403125 0.721244 0.00322342
23 0.273047 0.879695 0.0507812 0.0504695 0.0030632
23 0.183008 0.900822 0.109375 0.0950704 0.00304031
14 0.76875 0.0340376 0.0703125 0.0680751 0.00298119
23 0.825781 0.706573 0.229687 0.220657 0.00294685
23 0.600391 0.666667 0.108594 0.370892 0.00293541
23 0.647656 0.774648 0.0421875 0.130282 0.00286674
23 0.381641 0.853286 0.0796875 0.100939 0.00260162
23 0.6125 0.77993 0.078125 0.143192 0.00247192
23 0.625781 0.786385 0.025 0.124413 0.00247192
14 0.782813 0.0341201 0.0484375 0.0664429 0.0024147
23 0.612891 0.451291 0.0804688 0.0446009 0.00233269
23 0.596875 0.523474 0.135937 0.666667 0.00230598
23 0.464453 0.867371 0.0382813 0.0375587 0.00228691
23 0.182861 0.916667 0.0959961 0.0680751 0.00227928
23 0.569531 0.509096 0.190625 0.714202 0.00225258
23 0.683203 0.613997 0.078125 0.441021 0.00224304
23 0.613281 0.464789 0.084375 0.07277 0.00204277
23 0.767578 0.690141 0.139844 0.274648 0.00200272
23 0.601562 0.776995 0.11875 0.150235 0.00195694
23 0.25918 0.841549 0.0765625 0.131455 0.00193405
23 0.6875 0.522007 0.101562 0.660211 0.00192642
23 0.223828 0.877934 0.065625 0.084507 0.00190449
23 0.818555 0.547829 0.241016 0.498239 0.00188255
33 0.782813 0.0341201 0.0484375 0.0664429 0.00183105
23 0.592969 0.470364 0.265625 0.799883 0.00182438
23 0.420312 0.739437 0.0375 0.110329 0.00181007
23 0.617188 0.449531 0.0640625 0.0387324 0.00179577
23 0.157227 0.922535 0.161328 0.092723 0.00178242
23 0.78457 0.585681 0.240234 0.451878 0.00176811
23 0.685938 0.675029 0.0671875 0.325998 0.00175476
23 0.78125 0.626174 0.31875 0.415493 0.00173378
23 0.853906 0.703638 0.0890625 0.212441 0.0017004
23 0.150977 0.924883 0.0882813 0.0610329 0.00169373
23 0.835156 0.714789 0.0578125 0.204225 0.00166798
23 0.55625 0.259536 0.132812 0.0930164 0.00161648
23 0.719141 0.633803 0.150781 0.40493 0.00154305
33 0.76875 0.0340376 0.0703125 0.0680751 0.00149536
23 0.715625 0.686766 0.126563 0.307218 0.00146675
23 0.666406 0.522887 0.114063 0.665493 0.00145531
23 0.746094 0.683685 0.154688 0.306338 0.00145531
23 0.370313 0.88615 0.0570313 0.0340376 0.00144386
23 0.26582 0.868545 0.126172 0.0962441 0.00142097
14 0.176367 0.547535 0.0339844 0.028169 0.00139904
0 0.782813 0.0341201 0.0484375 0.0664429 0.00138283
0 0.723047 0.793427 0.0242188 0.0809859 0.00134563
23 0.264844 0.880282 0.08125 0.0669014 0.00134563
23 0.232813 0.885563 0.0953125 0.0950704 0.00130463
23 0.750781 0.558685 0.190625 0.551643 0.00126934
23 0.280469 0.890258 0.0898438 0.0410798 0.00121117
23 0.136523 0.929577 0.0582031 0.0680751 0.00120163
23 0.5375 0.860329 0.0640625 0.0880282 0.0011692
23 0.245898 0.840376 0.0878906 0.156103 0.0011425
23 0.38584 0.84507 0.0689453 0.0798122 0.00111198
23 0.726562 0.385563 0.226562 0.440141 0.00110722
23 0.847656 0.674883 0.0734375 0.161972 0.00109863
23 0.869531 0.679577 0.109375 0.173709 0.00109482
23 0.285547 0.887911 0.05 0.0375587 0.00107765
23 0.565625 0.778756 0.0351562 0.140845 0.00106525
23 0.267969 0.85446 0.0710938 0.103286 0.00104809
23 0.420312 0.716549 0.0359375 0.0633803 0.00104046
23 0.780469 0.667694 0.185938 0.310153 0.00102425
0 0.5875 0.808099 0.0203125 0.084507 0.00102043
23 0.719141 0.299883 0.274219 0.349765 0.00101662
23 0.766406 0.494718 0.3375 0.693662 0.938965
23 0.15957 0.908451 0.166016 0.138498 0.405518
23 0.186133 0.908451 0.217188 0.15493 0.114746
23 0.194189 0.898474 0.0874023 0.115023 0.064209
23 0.200781 0.888498 0.0726563 0.0950704 0.0313721
9 0.771484 0.0332306 0.0679687 0.0638204 0.0264587
9 0.783594 0.033304 0.05 0.0639671 0.0240479
23 0.81582 0.344484 0.237109 0.0974178 0.0222015
23 0.124414 0.931925 0.0929688 0.0751174 0.0139542
23 0.636719 0.777582 0.04375 0.130282 0.0104065
23 0.407031 0.760563 0.0640625 0.15493 0.00952148
23 0.257617 0.865023 0.0652344 0.0798122 0.00948334
23 0.571094 0.780516 0.05 0.14554 0.00803375
23 0.417969 0.764085 0.04375 0.161972 0.00800323
23 0.814844 0.36561 0.24375 0.149648 0.00666809
23 0.246875 0.869718 0.078125 0.0868545 0.00626373
23 0.263672 0.871479 0.059375 0.0680751 0.00588989
23 0.22793 0.896714 0.172266 0.131455 0.00538635
23 0.208594 0.882042 0.0570313 0.0868545 0.00468063
23 0.875 0.708333 0.128125 0.217136 0.00424957
14 0.76875 0.0339275 0.06875 0.067855 0.00379562
23 0.272266 0.879108 0.0507812 0.0516432 0.00379562
23 0.183203 0.900235 0.108984 0.0962441 0.0036068
9 0.763281 0.0341017 0.0953125 0.0664796 0.0036068
23 0.245703 0.874413 0.117188 0.0915493 0.00356483
14 0.782813 0.0341017 0.046875 0.0660395 0.003088
23 0.382031 0.8527 0.0789063 0.100939 0.00292397
23 0.464453 0.867371 0.0382813 0.036385 0.00281143
23 0.183643 0.915493 0.0983398 0.0704225 0.00261116
23 0.226953 0.877934 0.0742188 0.0868545 0.00236893
23 0.647266 0.774648 0.0421875 0.129108 0.00227928
23 0.25918 0.841549 0.0761719 0.131455 0.00220871
33 0.782813 0.0341017 0.046875 0.0660395 0.00215721
23 0.610938 0.77993 0.08125 0.143192 0.00215721
23 0.625781 0.786385 0.025 0.124413 0.00208282
23 0.254297 0.879108 0.0890625 0.0868545 0.00205803
23 0.612891 0.450704 0.0804688 0.0440141 0.00201988
23 0.823438 0.705986 0.234375 0.221831 0.00186729
23 0.150781 0.924883 0.0914062 0.0610329 0.00186062
23 0.157031 0.921948 0.160938 0.092723 0.00183868
23 0.614062 0.466549 0.084375 0.0821596 0.00182438
33 0.76875 0.0339275 0.06875 0.067855 0.0018177
23 0.555859 0.259536 0.132031 0.0924296 0.00181007
14 0.176123 0.548415 0.0336914 0.0293427 0.00177479
23 0.420312 0.738263 0.0367188 0.107981 0.0017271
23 0.601562 0.777582 0.11875 0.149061 0.00168705
0 0.782813 0.0341017 0.046875 0.0660395 0.0016613
23 0.232813 0.884977 0.096875 0.0962441 0.00165462
23 0.617969 0.449531 0.0609375 0.0375587 0.00162888
23 0.370313 0.88615 0.05625 0.0340376 0.00161648
23 0.264453 0.879695 0.0800781 0.0680751 0.00161648
23 0.854688 0.703052 0.090625 0.211268 0.0015974
0 0.723047 0.793427 0.0242188 0.0798122 0.0015192
23 0.684375 0.616784 0.0820312 0.431925 0.00141048
23 0.6 0.662559 0.109375 0.379108 0.00141048
23 0.81543 0.55223 0.244141 0.518779 0.00137806
23 0.136719 0.929577 0.0566406 0.0680751 0.00137234
23 0.280469 0.889671 0.0898438 0.0399061 0.00133038
23 0.688281 0.519953 0.103125 0.661972 0.00132465
23 0.767969 0.691315 0.145313 0.2723 0.00132465
23 0.265234 0.868545 0.128125 0.0962441 0.00131512
0 0.76875 0.0339275 0.06875 0.067855 0.00128937
23 0.245898 0.840376 0.0878906 0.152582 0.00128937
23 0.5375 0.860329 0.0640625 0.0880282 0.00125504
23 0.385938 0.84507 0.0679687 0.0774648 0.00124931
23 0.786133 0.583333 0.252734 0.453052 0.00123024
23 0.835156 0.714789 0.0578125 0.203052 0.00121593
23 0.267969 0.85446 0.0703125 0.103286 0.00121117
23 0.582031 0.48885 0.2375 0.751174 0.00119686
23 0.285938 0.887324 0.05 0.0375587 0.00119209
23 0.16416 0.922535 0.0935547 0.0657277 0.00113773
23 0.688281 0.67591 0.071875 0.32189 0.00112438
0 0.5875 0.808685 0.0203125 0.084507 0.00109482
23 0.721094 0.639525 0.154688 0.392312 0.00109005
23 0.742969 0.683685 0.164062 0.306338 0.00109005
23 0.716406 0.686766 0.129688 0.307218 0.00107288
23 0.420312 0.715962 0.0359375 0.0633803 0.00104809
23 0.847656 0.673709 0.0734375 0.158451 0.00104427
23 0.78125 0.623239 0.320312 0.422535 0.00101185
23 0.869531 0.678991 0.109375 0.170188 0.00100803
23 0.767188 0.494718 0.340625 0.696009 0.94873
23 0.159961 0.907277 0.167578 0.137324 0.359375
23 0.187109 0.908451 0.219922 0.15493 0.133423
23 0.192139 0.898474 0.0915039 0.115023 0.0549927
9 0.773047 0.0330839 0.0632813 0.0632336 0.0417786
9 0.783594 0.0331573 0.0484375 0.0633803 0.0393372
23 0.200195 0.888498 0.0734375 0.0950704 0.0261536
9 0.759375 0.0337441 0.0875 0.0648474 0.0176392
23 0.81582 0.344484 0.237109 0.0974178 0.016098
23 0.124805 0.931925 0.0945313 0.0751174 0.0111618
23 0.260156 0.868545 0.0671875 0.0751174 0.00867462
23 0.636328 0.777582 0.0429688 0.130282 0.00772476
23 0.407031 0.75939 0.0640625 0.15493 0.00723267
23 0.417969 0.764085 0.04375 0.161972 0.00593567
23 0.814844 0.365904 0.24375 0.149648 0.00575256
23 0.247656 0.869718 0.0773438 0.0868545 0.00564194
14 0.76875 0.0338175 0.06875 0.067635 0.00453949
23 0.571484 0.780516 0.05 0.14554 0.00436401
23 0.216992 0.900822 0.202734 0.139671 0.00416565
14 0.782813 0.0340376 0.046875 0.0657277 0.0037365
23 0.271875 0.879108 0.0507812 0.0516432 0.00372124
23 0.208203 0.881455 0.0570313 0.0868545 0.00365067
23 0.179736 0.899061 0.11709 0.0962441 0.00327301
23 0.464453 0.867371 0.0375 0.0352113 0.00296974
23 0.382031 0.8527 0.0789063 0.0997653 0.00284576
23 0.872656 0.696009 0.120313 0.199531 0.00258064
23 0.18042 0.914319 0.108691 0.07277 0.00244331
23 0.246484 0.875587 0.121094 0.092723 0.00239754
33 0.782813 0.0340376 0.046875 0.0657277 0.00234222
23 0.25957 0.841549 0.0753906 0.130282 0.00202751
23 0.254297 0.879108 0.0890625 0.0868545 0.00202751
33 0.76875 0.0338175 0.06875 0.067635 0.00199509
23 0.226953 0.877934 0.075 0.0856808 0.0019722
14 0.176123 0.548122 0.0336914 0.028169 0.00190449
0 0.782813 0.0340376 0.046875 0.0657277 0.00173378
23 0.149121 0.924296 0.0990234 0.0610329 0.00161648
23 0.264062 0.879108 0.0785156 0.0680751 0.0015974
0 0.723047 0.793427 0.0242188 0.0798122 0.00157356
23 0.609766 0.77993 0.0835937 0.143192 0.00154305
23 0.647656 0.774061 0.0421875 0.130282 0.0015192
23 0.370313 0.88615 0.05625 0.0328639 0.00151253
23 0.233203 0.885563 0.0976562 0.0962441 0.00148964
23 0.625781 0.786385 0.0242188 0.122066 0.00148392
23 0.55625 0.259683 0.132812 0.092723 0.00147247
0 0.76875 0.0338175 0.06875 0.067635 0.00146103
23 0.816406 0.552523 0.24375 0.519366 0.00144386
23 0.420312 0.735915 0.0367188 0.103286 0.00139427
23 0.5375 0.860329 0.0640625 0.0868545 0.00137806
23 0.6125 0.450117 0.0796875 0.0434272 0.00136662
23 0.274219 0.889671 0.08125 0.0399061 0.00124454
23 0.613672 0.466843 0.084375 0.0827465 0.00121593
23 0.386328 0.84507 0.0671875 0.0774648 0.00121593
23 0.601562 0.777582 0.120313 0.149061 0.00119686
23 0.854688 0.703052 0.09375 0.213615 0.00114727
23 0.621094 0.448944 0.053125 0.0375587 0.00112915
23 0.246094 0.839202 0.0882813 0.15493 0.00109482
23 0.136328 0.928991 0.0566406 0.0669014 0.00108624
23 0.268164 0.853286 0.0699219 0.105634 0.00106049
23 0.157324 0.919014 0.161523 0.0985916 0.00104046
23 0.286133 0.887324 0.05 0.0375587 0.00101185
23 0.767578 0.494718 0.341406 0.696009 0.954102
23 0.160547 0.90669 0.167969 0.13615 0.303955
23 0.187451 0.908451 0.221191 0.15493 0.170532
9 0.771094 0.0328639 0.065625 0.0627934 0.0541992
9 0.782813 0.0329739 0.046875 0.0630135 0.0492249
23 0.189893 0.897887 0.0959961 0.115023 0.0477905
23 0.200049 0.888498 0.0741211 0.0950704 0.0217743
9 0.7625 0.0336799 0.0953125 0.0651225 0.0103302
23 0.264062 0.866197 0.0652344 0.0774648 0.00898743
23 0.125391 0.930751 0.0957031 0.0751174 0.00812531
23 0.81582 0.344777 0.237109 0.096831 0.0077858
23 0.407031 0.758216 0.0632813 0.152582 0.00570679
23 0.635938 0.776995 0.0421875 0.130282 0.00566483
23 0.248438 0.869718 0.0765625 0.0868545 0.00521851
23 0.417188 0.762911 0.04375 0.161972 0.00496292
14 0.766016 0.0337808 0.0726563 0.0675616 0.00452042
23 0.270703 0.877347 0.053125 0.0551643 0.00380898
14 0.782031 0.033955 0.046875 0.0654526 0.00363541
23 0.814844 0.366197 0.24375 0.147887 0.00325966
23 0.571484 0.780516 0.05 0.144366 0.00305176
23 0.208398 0.881455 0.0570313 0.0856808 0.00291252
23 0.464453 0.867371 0.0375 0.0352113 0.0028553
23 0.177686 0.898474 0.121191 0.0962441 0.0028553
23 0.382031 0.852113 0.0789063 0.0997653 0.00260162
0 0.723047 0.79284 0.0242188 0.0809859 0.00213242
23 0.178906 0.913146 0.113672 0.07277 0.00210762
33 0.782031 0.033955 0.046875 0.0654526 0.0020504
23 0.247656 0.875 0.121094 0.0915493 0.00182438
23 0.259375 0.841549 0.0742188 0.129108 0.00177479
23 0.22832 0.876761 0.0769531 0.084507 0.00174141
14 0.176123 0.548122 0.0336914 0.028169 0.00173378
33 0.766016 0.0337808 0.0726563 0.0675616 0.00172043
0 0.782031 0.033955 0.046875 0.0654526 0.00168705
23 0.872656 0.696009 0.121875 0.201878 0.00161076
23 0.264453 0.877934 0.078125 0.0704225 0.00152493
0 0.766016 0.0337808 0.0726563 0.0675616 0.00144958
23 0.370508 0.88615 0.0566406 0.0328639 0.00142097
9 0.753516 0.029572 0.0742188 0.0552927 0.00138855
23 0.233203 0.884977 0.0980469 0.0962441 0.00137234
23 0.147852 0.923709 0.104297 0.0610329 0.00130939
23 0.555859 0.25939 0.13125 0.0915493 0.00122547
23 0.420312 0.731221 0.0359375 0.0938967 0.0012207
23 0.815625 0.553697 0.24375 0.519366 0.0011692
23 0.274609 0.889671 0.0820312 0.0399061 0.00116062
23 0.5375 0.860329 0.0625 0.0868545 0.00115585
23 0.386328 0.84507 0.0679687 0.0774648 0.00112915
23 0.639063 0.762911 0.0390625 0.0985916 0.00111198
23 0.609375 0.779343 0.0828125 0.143192 0.00109005
23 0.625 0.787559 0.0226563 0.119718 0.00104809
23 0.647656 0.773474 0.0421875 0.131455 0.00102043
9 0.789258 0.0284624 0.0527344 0.0558979 0.00101662
23 0.767578 0.494718 0.341406 0.694836 0.960938
23 0.160938 0.90669 0.170313 0.137324 0.223999
23 0.190039 0.907864 0.226953 0.153756 0.219971
9 0.771484 0.0327538 0.0632813 0.0624266 0.053009
9 0.782813 0.0328272 0.046875 0.0625734 0.0470886
23 0.185205 0.897887 0.106152 0.115023 0.0351562
23 0.199561 0.888498 0.0743164 0.0938967 0.0150757
9 0.7625 0.0336066 0.0953125 0.0646824 0.0106506
23 0.264062 0.866197 0.0664062 0.0774648 0.0077858
23 0.12627 0.930751 0.0978516 0.0751174 0.00481033
23 0.407031 0.758216 0.0625 0.152582 0.00439835
23 0.248633 0.869131 0.0777344 0.0856808 0.00432968
23 0.81582 0.344484 0.237109 0.0962441 0.00431442
23 0.635938 0.776995 0.0421875 0.130282 0.00408554
14 0.765625 0.0337075 0.0734375 0.0674149 0.00390053
23 0.417578 0.762911 0.0429688 0.161972 0.0037365
23 0.270313 0.876174 0.0542969 0.056338 0.00322342
14 0.782031 0.0339275 0.0453125 0.0653609 0.00312424
23 0.571484 0.780516 0.05 0.144366 0.00236893
0 0.723047 0.792254 0.0242188 0.0798122 0.00236893
23 0.464453 0.866784 0.0375 0.0352113 0.00220871
23 0.382422 0.852113 0.0789063 0.0985916 0.00218201
23 0.208203 0.881455 0.0578125 0.084507 0.00209999
23 0.814844 0.366784 0.24375 0.146714 0.00204277
33 0.782031 0.0339275 0.0453125 0.0653609 0.00182438
23 0.174414 0.911972 0.126172 0.0751174 0.00172043
23 0.254297 0.878521 0.0921875 0.0856808 0.00156116
23 0.232031 0.876761 0.0867188 0.0856808 0.00154305
23 0.250781 0.875587 0.127344 0.092723 0.00152493
33 0.765625 0.0337075 0.0734375 0.0674149 0.00151253
0 0.782031 0.0339275 0.0453125 0.0653609 0.00146103
9 0.753516 0.0289026 0.0742188 0.0538439 0.00143242
23 0.258789 0.841549 0.0761719 0.129108 0.00137234
14 0.176172 0.548122 0.0339844 0.028169 0.00131512
0 0.765625 0.0337075 0.0734375 0.0674149 0.00127888
23 0.264844 0.877934 0.0804688 0.0704225 0.0012598
23 0.370703 0.88615 0.0570313 0.0328639 0.00121117
23 0.872656 0.696009 0.121875 0.201878 0.00118351
23 0.628906 0.774061 0.0484375 0.140845 0.00104809
23 0.767969 0.495305 0.342187 0.692488 0.961426
23 0.192383 0.908451 0.231641 0.152582 0.262939
23 0.1625 0.906103 0.173438 0.13615 0.160278
9 0.771875 0.0327171 0.0625 0.0622066 0.0390625
9 0.782813 0.0328272 0.046875 0.0622799 0.0305634
23 0.180908 0.897887 0.114746 0.115023 0.0253754
9 0.759375 0.0334599 0.0875 0.0639488 0.0165863
23 0.199561 0.888498 0.0743164 0.0938967 0.0103302
23 0.263867 0.866197 0.0664062 0.0751174 0.00679779
23 0.248828 0.869718 0.078125 0.084507 0.00383949
23 0.127344 0.930751 0.100391 0.0751174 0.00378036
23 0.407031 0.75939 0.0625 0.152582 0.00372124
23 0.635156 0.776995 0.0414063 0.130282 0.00355148
14 0.764844 0.0337075 0.0734375 0.0674149 0.00329781
23 0.417578 0.762911 0.0421875 0.161972 0.00300407
23 0.815625 0.345951 0.240625 0.0868545 0.00298119
23 0.271094 0.879108 0.0511719 0.0516432 0.00274658
0 0.723047 0.792254 0.0242188 0.0798122 0.0026722
14 0.781445 0.0339 0.0464844 0.0652692 0.00252151
23 0.571875 0.780516 0.0507812 0.144366 0.00218201
23 0.464063 0.866784 0.0375 0.0352113 0.00199509
23 0.382422 0.8527 0.0789063 0.0974178 0.00187492
33 0.781445 0.0339 0.0464844 0.0652692 0.00179577
23 0.208203 0.880869 0.0578125 0.084507 0.00157928
33 0.764844 0.0337075 0.0734375 0.0674149 0.00154877
23 0.171484 0.912559 0.132031 0.0739437 0.00153065
0 0.781445 0.0339 0.0464844 0.0652692 0.00150108
23 0.814844 0.367371 0.24375 0.146714 0.00139904
23 0.233203 0.876761 0.0890625 0.084507 0.00138855
23 0.253516 0.879108 0.0929688 0.084507 0.00136185
23 0.251953 0.878521 0.134375 0.0974178 0.00128937
0 0.764844 0.0337075 0.0734375 0.0674149 0.00125504
23 0.276563 0.903756 0.403125 0.169014 0.0012207
14 0.176172 0.548122 0.0339844 0.0275822 0.00116062
23 0.233984 0.884977 0.107813 0.0985916 0.00113773
23 0.872656 0.697183 0.121875 0.204225 0.0011158
23 0.370313 0.88615 0.05625 0.0328639 0.00107765
23 0.264062 0.878521 0.0789063 0.0680751 0.00107765
0 0.622266 0.818662 0.0171875 0.0610329 0.00102043
23 0.258203 0.841549 0.0773438 0.129108 0.00101662
23 0.767969 0.495599 0.342187 0.691901 0.958008
23 0.191211 0.907864 0.228906 0.151408 0.319092
23 0.159668 0.905516 0.167383 0.134977 0.182373
9 0.771094 0.0327813 0.0640625 0.0622249 0.0393372
9 0.782031 0.0328272 0.046875 0.0622799 0.0293121
23 0.186133 0.8973 0.103906 0.11385 0.0261536
23 0.199658 0.888498 0.0741211 0.0938967 0.012146
9 0.7625 0.0335607 0.0953125 0.0636004 0.011116
23 0.264258 0.866784 0.0648438 0.0751174 0.00760651
23 0.127246 0.931338 0.100195 0.0751174 0.00397491
23 0.407031 0.757042 0.0625 0.150235 0.00378036
23 0.249414 0.869718 0.0738281 0.084507 0.00378036
14 0.764844 0.0336708 0.0734375 0.0673416 0.00333786
23 0.635156 0.776995 0.040625 0.129108 0.00319672
0 0.722656 0.79284 0.025 0.0798122 0.00319672
23 0.417969 0.760563 0.0414063 0.156103 0.00312424
23 0.271484 0.880282 0.0492188 0.0492958 0.0028553
14 0.78125 0.0338908 0.046875 0.0651408 0.00245285
23 0.815625 0.345951 0.239063 0.0856808 0.00200272
23 0.382812 0.8527 0.078125 0.0962441 0.00190449
23 0.208594 0.880869 0.0578125 0.0856808 0.00176811
23 0.464063 0.867371 0.0367188 0.0352113 0.0017004
23 0.571875 0.780516 0.05 0.143192 0.00159168
33 0.78125 0.0338908 0.046875 0.0651408 0.00150681
23 0.278906 0.904343 0.407031 0.166667 0.00144386
23 0.175781 0.913146 0.119531 0.0704225 0.00143242
23 0.230859 0.876761 0.0804688 0.0833333 0.00134563
23 0.785742 0.538732 0.309766 0.537559 0.00132465
23 0.251953 0.875587 0.129688 0.0915493 0.00131512
23 0.253906 0.878521 0.090625 0.084507 0.00130463
33 0.764844 0.0336708 0.0734375 0.0673416 0.00127888
0 0.78125 0.0338908 0.046875 0.0651408 0.00123978
14 0.176172 0.548122 0.0339844 0.0269953 0.00122547
0 0.622266 0.819249 0.0171875 0.0610329 0.00120163
23 0.233203 0.885563 0.102344 0.0974178 0.00116062
23 0.264453 0.877934 0.0773438 0.0692488 0.00109863
0 0.764844 0.0336708 0.0734375 0.0673416 0.00106525
9 0.753906 0.0290401 0.075 0.0538622 0.00104427
23 0.258984 0.842723 0.075 0.129108 0.00103664
23 0.388281 0.84507 0.0632813 0.07277 0.00101662
23 0.767969 0.495305 0.340625 0.692488 0.956543
23 0.189063 0.907277 0.228125 0.152582 0.383057
23 0.159375 0.90493 0.166797 0.13615 0.176636
9 0.769922 0.0328272 0.0679687 0.0624266 0.033844
23 0.1875 0.8973 0.101172 0.11385 0.0257568
9 0.782617 0.0329005 0.0472656 0.0624266 0.0231476
23 0.199658 0.888498 0.0749023 0.0950704 0.011734
9 0.7625 0.0335332 0.0953125 0.0638021 0.0102081
23 0.264453 0.866197 0.0640625 0.0762911 0.00831604
23 0.407031 0.764671 0.0609375 0.16784 0.00407028
23 0.127441 0.930751 0.100586 0.0751174 0.00391388
23 0.249805 0.869718 0.0722656 0.084507 0.00367928
23 0.417969 0.760563 0.0414063 0.157277 0.00338936
14 0.764844 0.0337075 0.075 0.0674149 0.00336266
23 0.271094 0.878521 0.05 0.0516432 0.00309944
0 0.722656 0.79284 0.025 0.0798122 0.00307465
23 0.635156 0.776408 0.040625 0.130282 0.00257111
14 0.782031 0.033955 0.046875 0.0653059 0.0024147
23 0.704688 0.496185 0.45 0.718897 0.00228691
23 0.382812 0.853286 0.078125 0.0962441 0.00198746
23 0.279297 0.90493 0.408594 0.166667 0.00191879
23 0.815625 0.345657 0.239063 0.0850939 0.0018034
23 0.464063 0.867371 0.0367188 0.0352113 0.00168133
23 0.571875 0.77993 0.05 0.144366 0.00162315
23 0.208594 0.880869 0.0578125 0.0868545 0.00157356
33 0.782031 0.033955 0.046875 0.0653059 0.00145531
23 0.176563 0.911972 0.119141 0.07277 0.00136662
23 0.251172 0.875587 0.128906 0.0915493 0.00133514
23 0.25332 0.877934 0.0902344 0.0868545 0.00133038
23 0.598437 0.491784 0.271875 0.75 0.00132465
23 0.232227 0.876761 0.0839844 0.084507 0.00131512
33 0.764844 0.0337075 0.075 0.0674149 0.00125504
0 0.782031 0.033955 0.046875 0.0653059 0.00125504
23 0.264453 0.876761 0.0757812 0.07277 0.00117397
0 0.622266 0.819249 0.0171875 0.0610329 0.00112438
23 0.232617 0.885563 0.101953 0.0997653 0.00112438
23 0.258984 0.842723 0.0734375 0.127934 0.00110722
23 0.369922 0.88615 0.05625 0.0328639 0.00108624
23 0.388672 0.845657 0.0625 0.07277 0.00107288
0 0.764844 0.0337075 0.075 0.0674149 0.00106907
22 0.269531 0.867958 0.065625 0.07277 0.00102806
14 0.176172 0.548415 0.0339844 0.0275822 0.00100803
23 0.767188 0.494718 0.340625 0.692488 0.963379
23 0.185205 0.907277 0.218652 0.157277 0.604004
23 0.15918 0.90493 0.166406 0.138498 0.217285
9 0.767578 0.0328639 0.0695313 0.0625 0.0393372
23 0.193701 0.89554 0.0891602 0.112676 0.0381775
9 0.78125 0.0329372 0.046875 0.0625 0.0246124
23 0.265234 0.865023 0.0617188 0.0774648 0.0170441
23 0.40625 0.764085 0.0625 0.166667 0.00847626
23 0.201953 0.889671 0.0707031 0.0962441 0.00712204
23 0.270703 0.876174 0.0535156 0.056338 0.00666809
23 0.126953 0.930751 0.0992187 0.0751174 0.00661469
23 0.417969 0.75939 0.0421875 0.152582 0.00643921
23 0.251953 0.86561 0.0617188 0.0821596 0.00557709
23 0.382812 0.853286 0.0773438 0.0985916 0.00362206
23 0.571094 0.779343 0.0492188 0.143192 0.00358009
14 0.764453 0.0338175 0.0742188 0.067635 0.00323486
0 0.722656 0.79284 0.025 0.0809859 0.00300407
23 0.634375 0.775822 0.040625 0.129108 0.0026722
23 0.702734 0.494718 0.442969 0.712441 0.00263214
23 0.235156 0.875587 0.0890625 0.0915493 0.00247192
23 0.182861 0.896714 0.112402 0.0962441 0.00239754
23 0.464063 0.867371 0.0375 0.0352113 0.00223351
23 0.371094 0.88615 0.0570313 0.0328639 0.00221634
14 0.78125 0.0341017 0.0453125 0.0653059 0.00215721
23 0.242969 0.873239 0.124219 0.0915493 0.00214958
22 0.269922 0.867371 0.065625 0.0751174 0.00204277
23 0.259961 0.844484 0.0675781 0.122066 0.00202751
23 0.208594 0.880282 0.059375 0.0915493 0.00196457
23 0.3875 0.844484 0.0648438 0.0751174 0.00185299
23 0.266797 0.875587 0.075 0.07277 0.0018177
23 0.582031 0.495305 0.2375 0.734742 0.0018034
23 0.272998 0.908451 0.396191 0.16784 0.00179577
23 0.221436 0.902582 0.130566 0.147887 0.00176811
23 0.254297 0.877934 0.0863281 0.0880282 0.0015974
23 0.185986 0.911972 0.0959961 0.0704225 0.00156116
33 0.78125 0.0341017 0.0453125 0.0653059 0.00153065
23 0.419531 0.734155 0.0359375 0.100939 0.00153065
23 0.286523 0.887324 0.0515625 0.0375587 0.00147247
33 0.764453 0.0338175 0.0742188 0.067635 0.00132465
23 0.265234 0.876174 0.128906 0.0915493 0.00129414
23 0.276172 0.889671 0.0765625 0.0399061 0.00123024
0 0.622656 0.819249 0.0171875 0.0610329 0.0012064
23 0.246875 0.841549 0.0804688 0.137324 0.00120163
23 0.815625 0.340669 0.235938 0.0880282 0.00119686
23 0.420312 0.717136 0.0351562 0.064554 0.00113392
23 0.281055 0.875 0.0480469 0.0528169 0.00113392
23 0.149023 0.923709 0.1 0.0586854 0.00113392
23 0.555078 0.259977 0.128906 0.0903756 0.00112915
0 0.78125 0.0341017 0.0453125 0.0653059 0.0011158
9 0.753906 0.0294161 0.075 0.0548709 0.00107765
0 0.5875 0.809859 0.0203125 0.0798122 0.00106525
0 0.347266 0.0426937 0.0484375 0.0809859 0.00100803
23 0.766797 0.494131 0.338281 0.692488 0.958984
23 0.183203 0.907864 0.214062 0.160798 0.662109
23 0.161914 0.903756 0.170703 0.13615 0.219971
9 0.767188 0.0328639 0.0703125 0.0625 0.037323
23 0.194189 0.894953 0.0881836 0.110329 0.0348816
9 0.781445 0.0329005 0.0464844 0.0624266 0.0231476
23 0.265625 0.865023 0.0601563 0.0774648 0.0195618
23 0.405859 0.764085 0.0632813 0.166667 0.0119171
23 0.260352 0.868545 0.0457031 0.0704225 0.00974274
23 0.417578 0.758803 0.0414063 0.152582 0.00834656
23 0.271094 0.876761 0.053125 0.056338 0.00757599
23 0.127148 0.930751 0.0992187 0.0751174 0.00701141
23 0.252734 0.865023 0.0585938 0.0821596 0.00600433
23 0.570703 0.779343 0.0484375 0.143192 0.00524139
23 0.205859 0.887324 0.0609375 0.0962441 0.00486755
23 0.382812 0.853286 0.0773438 0.0985916 0.00466537
23 0.371484 0.886737 0.0578125 0.0328639 0.00340271
23 0.7 0.493838 0.440625 0.710681 0.00301552
14 0.764844 0.0338542 0.0734375 0.0677083 0.0028553
0 0.722656 0.79284 0.025 0.0809859 0.0028553
23 0.234766 0.875 0.0875 0.0950704 0.0028553
23 0.634375 0.775822 0.0398437 0.129108 0.00261116
23 0.260156 0.846244 0.0648438 0.118545 0.00251198
23 0.239453 0.873826 0.123438 0.0950704 0.00239754
23 0.464063 0.867371 0.0375 0.036385 0.002388
22 0.270313 0.866784 0.065625 0.0751174 0.00234985
23 0.387109 0.843897 0.0664062 0.0762911 0.00229645
23 0.576563 0.495599 0.221875 0.731808 0.00224304
23 0.420703 0.723005 0.0359375 0.0774648 0.00211525
23 0.242578 0.873239 0.0632813 0.0892019 0.00194168
23 0.269922 0.909624 0.391406 0.169014 0.00191212
14 0.78125 0.0341751 0.0453125 0.0653059 0.00184631
23 0.287109 0.887324 0.0492188 0.036385 0.00182438
23 0.264453 0.876761 0.128906 0.0915493 0.0017004
23 0.267969 0.875 0.0738281 0.0739437 0.00166798
23 0.786133 0.541667 0.312109 0.538732 0.00166798
23 0.240186 0.893779 0.14541 0.132629 0.00158501
23 0.375781 0.86385 0.0679687 0.0798122 0.00157928
23 0.281641 0.875 0.0464844 0.0539906 0.00154305
23 0.247266 0.842723 0.078125 0.131455 0.00150681
33 0.78125 0.0341751 0.0453125 0.0653059 0.0014782
0 0.344531 0.0401262 0.0492188 0.0776115 0.00146675
23 0.187695 0.910798 0.0960938 0.0751174 0.00141621
23 0.254297 0.878521 0.0835937 0.0880282 0.00129986
33 0.764844 0.0338542 0.0734375 0.0677083 0.00126457
23 0.280859 0.890258 0.0875 0.0410798 0.00123978
23 0.15 0.924296 0.106641 0.0610329 0.00123978
23 0.555469 0.26027 0.126563 0.0897887 0.00123024
23 0.570312 0.769366 0.0390625 0.123239 0.0012207
0 0.622656 0.819249 0.0171875 0.0610329 0.00115585
23 0.343359 0.0442342 0.0578125 0.0840669 0.00113773
23 0.627734 0.769366 0.0492188 0.146714 0.00109005
23 0.599609 0.674296 0.105469 0.348592 0.00106525
23 0.380566 0.889671 0.0685547 0.0328639 0.00105667
22 0.281641 0.875 0.0464844 0.0539906 0.00102043
23 0.393359 0.780516 0.0914062 0.196009 0.00101662
9 0.753906 0.029086 0.075 0.0542107 0.00101185
23 0.766406 0.493838 0.339063 0.693075 0.953125
23 0.182031 0.908451 0.211328 0.164319 0.673828
23 0.158105 0.90493 0.161523 0.126761 0.085083
9 0.767188 0.0328547 0.06875 0.0625183 0.0343628
23 0.19458 0.894366 0.0874023 0.109155 0.0302124
9 0.781445 0.0329372 0.0464844 0.0626467 0.0208893
23 0.265625 0.865023 0.059375 0.0786385 0.0198669
23 0.405566 0.764085 0.0638672 0.166667 0.0146179
23 0.417578 0.758803 0.0414063 0.151408 0.00959778
23 0.570312 0.779343 0.0476562 0.142019 0.00867462
23 0.258984 0.867371 0.0417969 0.0704225 0.00861359
23 0.271289 0.876761 0.0535156 0.0539906 0.00740433
23 0.126953 0.930751 0.0984375 0.0762911 0.00679779
23 0.253125 0.865023 0.0558594 0.0821596 0.00621796
23 0.382812 0.853286 0.0773438 0.100939 0.00559998
23 0.371875 0.887324 0.0578125 0.0340376 0.00468063
23 0.694531 0.494425 0.429688 0.710681 0.0041008
23 0.205029 0.887324 0.0625977 0.0985916 0.00358009
23 0.385938 0.84331 0.0679687 0.0798122 0.00307465
23 0.235156 0.874413 0.0859375 0.0962441 0.00302696
23 0.571094 0.496772 0.210938 0.727113 0.00298119
23 0.260156 0.848005 0.0625 0.11385 0.00290108
23 0.630469 0.776995 0.04375 0.131455 0.00255013
23 0.2375 0.874413 0.123438 0.0985916 0.00254059
23 0.420703 0.721831 0.0359375 0.0751174 0.00253105
14 0.764453 0.0338542 0.0726563 0.0677083 0.00239754
23 0.6 0.675029 0.104688 0.347124 0.00237846
22 0.270508 0.866197 0.065625 0.0751174 0.00231361
23 0.464063 0.867371 0.0375 0.0375587 0.00219917
0 0.722656 0.79284 0.025 0.0809859 0.00217438
23 0.267529 0.910798 0.38916 0.171362 0.00206757
23 0.375781 0.869131 0.0671875 0.0704225 0.00201988
23 0.287891 0.887324 0.0460938 0.036385 0.00201988
23 0.263672 0.876761 0.129688 0.0938967 0.00198746
23 0.786133 0.542547 0.312109 0.538146 0.00183105
23 0.239063 0.893193 0.139063 0.133803 0.0018177
23 0.282422 0.874413 0.0453125 0.0539906 0.00181007
23 0.248047 0.84507 0.0742188 0.126761 0.00177479
23 0.242578 0.872066 0.0617188 0.0892019 0.00171375
23 0.39375 0.779343 0.0898438 0.193662 0.00150108
33 0.78125 0.0341934 0.0453125 0.0654159 0.00146675
14 0.78125 0.0341934 0.0453125 0.0654159 0.00143814
23 0.599219 0.77993 0.109375 0.14554 0.00141621
23 0.26875 0.875 0.0734375 0.0739437 0.00136662
23 0.150781 0.924296 0.113672 0.0622066 0.00128937
23 0.343359 0.0445276 0.0578125 0.084507 0.00126457
23 0.18833 0.910211 0.0967773 0.0786385 0.00125504
33 0.764453 0.0338542 0.0726563 0.0677083 0.00123024
23 0.379688 0.889671 0.0679687 0.0328639 0.00123024
23 0.653906 0.501174 0.226562 0.712441 0.00122547
0 0.344336 0.0407497 0.05 0.0790053 0.0012207
23 0.393066 0.84507 0.101367 0.0892019 0.00120163
22 0.282422 0.874413 0.0453125 0.0539906 0.00118351
23 0.555859 0.260563 0.126563 0.0892019 0.00117397
23 0.280859 0.890845 0.0867188 0.0399061 0.00116062
23 0.229883 0.849765 0.104688 0.206573 0.00116062
23 0.354102 0.875587 0.0257812 0.0446009 0.00112057
23 0.616406 0.778169 0.0648438 0.139671 0.0011034
14 0.53125 0.888498 0.059375 0.0410798 0.00109863
23 0.406934 0.85446 0.12207 0.0962441 0.00109005
23 0.218555 0.798709 0.0292969 0.131455 0.00106525
23 0.254297 0.877934 0.0804688 0.0892019 0.00102425
23 0.766406 0.493545 0.339063 0.693662 0.942383
23 0.18125 0.908451 0.209375 0.166667 0.635254
23 0.158008 0.90493 0.161328 0.127934 0.0742188
9 0.767578 0.0328547 0.0679687 0.0625183 0.0343628
23 0.195508 0.893193 0.0855469 0.107981 0.0284424
9 0.781445 0.0329005 0.0464844 0.0625734 0.0209656
23 0.265625 0.865023 0.0585938 0.0786385 0.0179901
23 0.405469 0.764085 0.0640625 0.16784 0.014389
23 0.570312 0.779343 0.046875 0.140845 0.01017
23 0.417578 0.75939 0.0414063 0.152582 0.00933838
23 0.258203 0.867958 0.0398437 0.0704225 0.00740433
23 0.126172 0.930751 0.096875 0.0751174 0.00679779
23 0.27168 0.877934 0.0535156 0.0528169 0.00638962
23 0.253125 0.865023 0.0546875 0.0821596 0.00612259
23 0.382715 0.853286 0.0767578 0.100939 0.00561905
23 0.371875 0.887324 0.0578125 0.0340376 0.0049057
23 0.692969 0.494718 0.43125 0.710094 0.00382423
23 0.204883 0.887324 0.0628906 0.0985916 0.00318527
23 0.235352 0.875 0.0847656 0.0974178 0.00316048
23 0.259766 0.848592 0.0617188 0.112676 0.0030632
23 0.6 0.677817 0.105469 0.341549 0.00296974
23 0.56875 0.498239 0.2125 0.724178 0.00269318
23 0.386328 0.843897 0.0679687 0.0774648 0.00266266
23 0.144922 0.929577 0.135547 0.0751174 0.00257111
23 0.236377 0.874413 0.12334 0.0985916 0.00252151
23 0.421094 0.721831 0.0359375 0.07277 0.00251198
23 0.630078 0.776995 0.0429688 0.131455 0.00245285
14 0.764844 0.0338542 0.071875 0.0677083 0.00230598
23 0.237842 0.892606 0.133691 0.133803 0.00230598
23 0.414062 0.742958 0.046875 0.122066 0.00228691
23 0.266992 0.910798 0.389453 0.171362 0.00211525
22 0.270703 0.866197 0.065625 0.0751174 0.00208282
23 0.375391 0.872066 0.0664062 0.064554 0.00208282
23 0.263281 0.877347 0.128906 0.0950704 0.0020504
23 0.464063 0.867371 0.0382813 0.0375587 0.00194931
23 0.248438 0.846244 0.071875 0.122066 0.00190449
23 0.288281 0.887324 0.04375 0.036385 0.00188255
23 0.282813 0.874413 0.04375 0.0539906 0.00179577
23 0.599219 0.77993 0.109375 0.14554 0.00179577
0 0.722656 0.79284 0.025 0.0809859 0.00173378
23 0.394141 0.779343 0.0890625 0.192488 0.0016613
23 0.392969 0.845657 0.0984375 0.0892019 0.00162888
23 0.78418 0.542547 0.312891 0.536972 0.0015974
23 0.242773 0.872066 0.0609375 0.0892019 0.00154305
33 0.78125 0.034221 0.0453125 0.0653609 0.00141621
23 0.405859 0.85446 0.120313 0.0974178 0.00141048
23 0.343359 0.0446009 0.0578125 0.084507 0.00134087
14 0.78125 0.034221 0.0453125 0.0653609 0.00132465
23 0.230469 0.848592 0.102344 0.201878 0.00130463
23 0.189453 0.909624 0.09375 0.0798122 0.00123024
23 0.641797 0.501761 0.202344 0.710094 0.00121593
22 0.282813 0.874413 0.04375 0.0539906 0.0012064
23 0.381641 0.889671 0.0914062 0.0399061 0.00118828
33 0.764844 0.0338542 0.071875 0.0677083 0.00117874
23 0.379297 0.889671 0.0671875 0.0328639 0.00117397
23 0.617188 0.778169 0.0632813 0.139671 0.00114727
23 0.354688 0.875587 0.0265625 0.0446009 0.00114727
23 0.218555 0.798122 0.0292969 0.131455 0.00113773
23 0.405078 0.789906 0.117969 0.20892 0.0011034
23 0.26875 0.875 0.071875 0.0739437 0.00109863
23 0.555859 0.260563 0.125781 0.088615 0.00108147
14 0.53125 0.888498 0.059375 0.0399061 0.00104809
23 0.0342651 0.61561 0.0664307 0.111502 0.00103188
23 0.765625 0.493838 0.340625 0.693075 0.936523
23 0.180518 0.909038 0.207715 0.16784 0.629883
23 0.158594 0.90493 0.161719 0.129108 0.0668335
9 0.773438 0.0327813 0.0546875 0.0622249 0.0298767
23 0.195654 0.893193 0.0852539 0.106808 0.0275879
23 0.265234 0.86385 0.0632813 0.0821596 0.0188293
23 0.569531 0.779343 0.0460938 0.140845 0.0162811
23 0.405469 0.762911 0.0640625 0.164319 0.0138474
9 0.785937 0.032708 0.053125 0.0628118 0.0120087
9 0.758594 0.0333407 0.0859375 0.0636004 0.00978088
23 0.417969 0.757042 0.040625 0.147887 0.0091629
23 0.257422 0.867371 0.0398437 0.0704225 0.00714874
23 0.253516 0.865023 0.0535156 0.0809859 0.0069046
23 0.131543 0.931338 0.107617 0.0751174 0.00658798
23 0.37207 0.887324 0.0582031 0.0352113 0.00593567
23 0.272461 0.879108 0.0539063 0.0516432 0.00566483
23 0.381934 0.853286 0.0767578 0.100939 0.00559998
23 0.6 0.680751 0.104688 0.335681 0.00496292
23 0.6875 0.494718 0.415625 0.710094 0.00397491
23 0.25957 0.850939 0.0597656 0.107981 0.0037365
23 0.235938 0.874413 0.0832031 0.0985916 0.00345612
23 0.38584 0.842723 0.0673828 0.0798122 0.00337601
23 0.204297 0.887324 0.0644531 0.0985916 0.00291252
23 0.599609 0.77993 0.109375 0.14554 0.00291252
23 0.421094 0.720657 0.0359375 0.07277 0.0028553
23 0.236328 0.891432 0.130078 0.133803 0.00279045
23 0.564844 0.498239 0.215625 0.724178 0.00273705
23 0.577344 0.779343 0.0648438 0.143192 0.00266266
23 0.629687 0.776995 0.04375 0.131455 0.00264168
23 0.235547 0.874413 0.121875 0.0985916 0.00252151
23 0.249219 0.848592 0.0695313 0.117371 0.0024147
23 0.394141 0.846244 0.096875 0.0868545 0.00233269
23 0.375098 0.876761 0.0654297 0.056338 0.00231361
23 0.26582 0.911972 0.388672 0.173709 0.00225258
23 0.414844 0.74061 0.0453125 0.117371 0.00224304
23 0.263867 0.877934 0.126172 0.0962441 0.00217438
22 0.270703 0.866197 0.065625 0.0762911 0.00210762
23 0.406152 0.85446 0.118945 0.0974178 0.0019722
23 0.378906 0.890845 0.0859375 0.0399061 0.00191879
23 0.283203 0.874413 0.0429688 0.056338 0.00181007
14 0.767188 0.0338542 0.065625 0.0677083 0.00177479
23 0.288672 0.887324 0.0410156 0.0352113 0.00176144
23 0.464063 0.867958 0.0382813 0.0375587 0.00172043
23 0.394531 0.778169 0.0882813 0.191315 0.00168705
23 0.615625 0.502934 0.150781 0.703052 0.00156116
23 0.23125 0.845657 0.0992187 0.201878 0.00153065
0 0.723047 0.79284 0.0242188 0.0809859 0.00146675
23 0.24375 0.872066 0.0585938 0.0892019 0.00146103
23 0.618359 0.778169 0.0601563 0.138498 0.00143814
23 0.405859 0.795775 0.11875 0.194836 0.00142097
23 0.153809 0.924883 0.117773 0.0633803 0.00140476
33 0.781055 0.0341934 0.0441406 0.0652692 0.00137234
22 0.283203 0.874413 0.0429688 0.056338 0.00132465
14 0.530859 0.888498 0.059375 0.0399061 0.00131512
23 0.399609 0.890258 0.117188 0.0422535 0.00131512
23 0.356055 0.876174 0.0289063 0.0446009 0.00121593
23 0.190039 0.909624 0.09375 0.0821596 0.00121593
23 0.218555 0.797535 0.0292969 0.131455 0.00113392
33 0.767188 0.0338542 0.065625 0.0677083 0.00107288
23 0.034082 0.61561 0.0658203 0.111502 0.00107288
23 0.0110596 0.914906 0.0206543 0.130282 0.00106049
23 0.342969 0.044821 0.0578125 0.0843603 0.00105286
23 0.599219 0.250587 0.0679687 0.0803991 0.00105286
23 0.302734 0.882629 0.215625 0.0962441 0.00103188
14 0.781055 0.0341934 0.0441406 0.0652692 0.00101662
23 0.592188 0.253521 0.0515625 0.0721831 0.00101662
23 0.765625 0.493545 0.342187 0.692488 0.932617
23 0.180127 0.909038 0.206152 0.16784 0.615234
23 0.158594 0.903756 0.161719 0.129108 0.0651245
9 0.775781 0.0327263 0.0484375 0.0621882 0.0311432
23 0.195703 0.893193 0.0847656 0.105634 0.0275879
9 0.767969 0.0329372 0.0671875 0.0649941 0.0187683
23 0.569531 0.779343 0.0453125 0.140845 0.0185394
23 0.265039 0.86385 0.0628906 0.0821596 0.0178528
23 0.405469 0.763498 0.0632813 0.165493 0.0141754
9 0.785937 0.0326346 0.0515625 0.0626651 0.01297
23 0.417969 0.757629 0.040625 0.149061 0.00912476
23 0.253516 0.865023 0.053125 0.0809859 0.00682449
23 0.131445 0.931338 0.107422 0.0751174 0.00679779
23 0.6 0.682952 0.104688 0.331279 0.0064621
23 0.257031 0.867371 0.0386719 0.0704225 0.00624084
23 0.371875 0.887324 0.0578125 0.0352113 0.00591278
23 0.381934 0.853286 0.0767578 0.100939 0.00524139
23 0.679297 0.495012 0.400781 0.709507 0.00518036
23 0.273047 0.880282 0.0523438 0.0469484 0.00468063
23 0.258984 0.8527 0.0585938 0.10446 0.00382423
23 0.566406 0.498826 0.211719 0.720657 0.00379562
23 0.235938 0.875 0.0820312 0.0974178 0.00356483
23 0.6 0.77993 0.109375 0.14554 0.00338936
23 0.38584 0.842723 0.0673828 0.0798122 0.00332451
23 0.577344 0.779343 0.065625 0.143192 0.00312424
23 0.235352 0.890845 0.126172 0.133803 0.00311089
23 0.421094 0.721244 0.0359375 0.0715962 0.00294685
23 0.203906 0.887324 0.0652344 0.0985916 0.00284576
23 0.629687 0.776995 0.04375 0.131455 0.00282288
23 0.248828 0.849765 0.0679687 0.115023 0.00260162
23 0.394141 0.846244 0.0953125 0.0868545 0.00255013
23 0.378027 0.890258 0.0830078 0.0387324 0.00234985
23 0.182812 0.8973 0.114063 0.10446 0.00234222
23 0.26582 0.911972 0.388672 0.173709 0.00227928
23 0.374805 0.877934 0.0644531 0.0539906 0.00225258
23 0.264062 0.877934 0.125 0.0974178 0.00219154
23 0.415234 0.739437 0.04375 0.115023 0.00218201
23 0.405566 0.85446 0.118555 0.0962441 0.00211525
23 0.264648 0.841549 0.0699219 0.126761 0.0020504
23 0.608203 0.504401 0.138281 0.69777 0.00199509
23 0.394922 0.778169 0.0867188 0.190141 0.0019722
22 0.270703 0.866197 0.065625 0.0751174 0.00188255
14 0.76875 0.0338175 0.0625 0.067635 0.0017004
23 0.283594 0.875 0.0421875 0.0551643 0.00169373
23 0.232031 0.843897 0.096875 0.197183 0.00165462
23 0.61875 0.778169 0.059375 0.138498 0.00160408
23 0.288672 0.887324 0.0398437 0.0352113 0.00156689
23 0.464063 0.868545 0.0390625 0.0375587 0.00156116
23 0.405859 0.794601 0.117188 0.197183 0.00154305
23 0.155176 0.924883 0.120898 0.0633803 0.0014782
23 0.399609 0.890258 0.117188 0.0422535 0.00146675
33 0.78125 0.034221 0.04375 0.0652142 0.00140476
23 0.011084 0.915493 0.0208008 0.131455 0.00135612
0 0.723047 0.79284 0.0242188 0.0809859 0.00133514
14 0.530469 0.888498 0.059375 0.0399061 0.00132465
23 0.244141 0.871479 0.0570313 0.0880282 0.00129986
23 0.875 0.703052 0.126563 0.20892 0.00129414
23 0.0340332 0.61561 0.065625 0.111502 0.00127411
22 0.283594 0.875 0.0421875 0.0551643 0.00125504
23 0.599219 0.251027 0.0671875 0.0795188 0.00123978
23 0.19043 0.909624 0.0933594 0.084507 0.00123024
23 0.35625 0.876174 0.0289063 0.0446009 0.00121117
23 0.218359 0.796948 0.0289063 0.130282 0.0012064
23 0.55625 0.260563 0.123438 0.0868545 0.00113773
23 0.343359 0.044931 0.0570313 0.0844337 0.00112915
33 0.76875 0.0338175 0.0625 0.067635 0.00109863
23 0.302734 0.883216 0.216406 0.0974178 0.00106525
23 0.123535 0.930164 0.0779297 0.0715962 0.00106049
23 0.423828 0.774648 0.0757812 0.183099 0.00106049
23 0.605859 0.631602 0.107031 0.426937 0.00104427
23 0.765625 0.493545 0.342187 0.691315 0.930664
23 0.179736 0.909038 0.20459 0.16784 0.605957
23 0.158984 0.903756 0.1625 0.129108 0.0637207
9 0.773047 0.0327171 0.0554687 0.0622066 0.0359497
23 0.196094 0.892606 0.0839844 0.105634 0.0290833
23 0.569531 0.779343 0.0453125 0.140845 0.0214539
9 0.781445 0.0337441 0.0464844 0.0649941 0.021286
23 0.405566 0.764085 0.0638672 0.166667 0.0165253
23 0.264844 0.86385 0.0628906 0.0821596 0.0165253
9 0.758594 0.0332673 0.0859375 0.0636004 0.0113754
23 0.417969 0.758216 0.040625 0.150235 0.0101318
23 0.6 0.683099 0.104688 0.330986 0.0085144
23 0.130469 0.931338 0.105469 0.0751174 0.00763702
23 0.657422 0.494718 0.358594 0.70892 0.0069313
23 0.25293 0.865023 0.0527344 0.0809859 0.00671768
23 0.567187 0.498826 0.207813 0.719484 0.00572968
23 0.371875 0.887324 0.0578125 0.0352113 0.00570679
23 0.382422 0.853286 0.0773438 0.100939 0.00561905
23 0.256641 0.867958 0.0367188 0.0680751 0.00538635
23 0.235938 0.875 0.0820312 0.0974178 0.00415039
23 0.273828 0.882629 0.05 0.0434272 0.0041008
23 0.6 0.77993 0.109375 0.14554 0.00391388
23 0.38584 0.842723 0.0673828 0.0798122 0.0037365
23 0.576563 0.779343 0.0640625 0.143192 0.0036068
23 0.258789 0.852113 0.0589844 0.103286 0.00358009
23 0.629687 0.776995 0.04375 0.131455 0.00324821
23 0.234326 0.890845 0.123535 0.131455 0.00319672
23 0.393848 0.846244 0.0951172 0.0868545 0.0030632
23 0.421094 0.721244 0.0359375 0.0715962 0.00286674
23 0.603906 0.507042 0.13125 0.691315 0.00284576
23 0.248242 0.849765 0.06875 0.11385 0.00274658
23 0.394922 0.777582 0.0867188 0.188967 0.0026207
23 0.378125 0.890258 0.0835937 0.0387324 0.00258064
23 0.405469 0.85446 0.117188 0.0974178 0.00243378
23 0.414062 0.741784 0.0453125 0.119718 0.002388
23 0.374805 0.876761 0.0644531 0.056338 0.00226974
23 0.264453 0.877934 0.123047 0.0962441 0.00224304
23 0.266016 0.913146 0.388281 0.173709 0.00211525
23 0.264258 0.841549 0.0707031 0.126761 0.00204277
14 0.767188 0.0338542 0.0671875 0.0677083 0.00202751
23 0.61875 0.778169 0.059375 0.138498 0.00186062
23 0.232031 0.842723 0.0960938 0.192488 0.00182438
23 0.405469 0.792254 0.117188 0.199531 0.00179577
22 0.270703 0.866784 0.065625 0.0751174 0.00178242
23 0.228125 0.884977 0.09375 0.110329 0.00178242
23 0.875 0.703638 0.126563 0.207746 0.00165462
23 0.283594 0.875 0.0421875 0.0539906 0.0015974
23 0.399609 0.890258 0.117188 0.0422535 0.00157928
23 0.156445 0.924883 0.116406 0.0633803 0.00156116
33 0.78125 0.034221 0.04375 0.0652142 0.00155449
23 0.464063 0.867958 0.0390625 0.0375587 0.00153637
23 0.0110596 0.914906 0.0207031 0.131455 0.00150681
23 0.598828 0.25088 0.0664062 0.0792254 0.00148392
23 0.218359 0.796362 0.0289063 0.129108 0.00143242
23 0.288281 0.887324 0.0398437 0.0352113 0.00141621
23 0.0339722 0.616197 0.0654541 0.111502 0.00141048
0 0.723047 0.79284 0.0242188 0.0809859 0.00135136
23 0.55625 0.260417 0.121875 0.086561 0.00132465
23 0.605469 0.632042 0.107031 0.426056 0.00131989
23 0.210156 0.879108 0.0617188 0.100939 0.00130939
23 0.191797 0.909624 0.0902344 0.0821596 0.00130463
14 0.530859 0.888498 0.059375 0.0399061 0.00129414
33 0.767188 0.0338542 0.0671875 0.0677083 0.0012598
23 0.422656 0.774648 0.078125 0.183099 0.00125504
23 0.244141 0.872066 0.0574219 0.0868545 0.00124454
22 0.283594 0.875 0.0421875 0.0539906 0.00123501
23 0.355664 0.875587 0.028125 0.0446009 0.0012207
23 0.343359 0.0448944 0.0570313 0.0843603 0.00121593
23 0.785937 0.575264 0.2375 0.473885 0.00118828
14 0.78125 0.034221 0.04375 0.0652142 0.00116062
23 0.239648 0.824531 0.0792969 0.196009 0.0011425
23 0.816406 0.705399 0.245312 0.225352 0.0011158
23 0.760547 0.684859 0.132031 0.299296 0.00109863
23 0.0181152 0.909038 0.0342773 0.130282 0.00109005
23 0.718359 0.68794 0.132031 0.304871 0.00104046
23 0.302344 0.883803 0.213281 0.0962441 0.00103664
23 0.687891 0.515845 0.102344 0.670188 0.00101185
23 0.328906 0.930751 0.267969 0.123239 0.00100803
23 0.765625 0.493838 0.342187 0.690728 0.931641
23 0.179688 0.909624 0.203516 0.169014 0.618652
23 0.159375 0.903756 0.163281 0.129108 0.0632324
9 0.772656 0.0327171 0.05625 0.0622066 0.0359497
23 0.196289 0.893193 0.0835937 0.105634 0.0316162
23 0.569141 0.779343 0.0453125 0.140845 0.0261536
9 0.781445 0.0336708 0.0464844 0.0648474 0.0213623
23 0.405566 0.763498 0.0638672 0.166667 0.0173035
23 0.264844 0.86385 0.0625 0.0821596 0.0166626
9 0.758594 0.0332215 0.0859375 0.0635453 0.0112
23 0.6 0.684126 0.105469 0.328932 0.0105286
23 0.417969 0.757629 0.040625 0.149061 0.0104904
23 0.640234 0.494718 0.324219 0.707747 0.00912476
23 0.567969 0.499707 0.203906 0.716549 0.00818634
23 0.129883 0.931338 0.104297 0.0751174 0.00809479
23 0.25293 0.865023 0.0527344 0.0798122 0.0069313
23 0.37168 0.887324 0.0574219 0.0352113 0.00621796
23 0.382422 0.853286 0.0773438 0.100939 0.00582123
23 0.256641 0.867958 0.0367188 0.0680751 0.00518036
23 0.235547 0.875 0.0828125 0.0974178 0.0045929
23 0.6 0.77993 0.110156 0.14554 0.00453949
23 0.38584 0.842723 0.0673828 0.0809859 0.00402451
23 0.274219 0.882629 0.0492188 0.0422535 0.00392914
23 0.629687 0.776995 0.04375 0.131455 0.00382423
23 0.601172 0.509977 0.129688 0.684272 0.0037365
23 0.258203 0.85446 0.0585938 0.100939 0.00365067
23 0.393848 0.846244 0.0951172 0.0868545 0.00338936
23 0.233789 0.890845 0.123047 0.131455 0.00312424
23 0.247656 0.850939 0.06875 0.110329 0.00298119
23 0.421094 0.721244 0.0359375 0.0715962 0.00296974
23 0.378809 0.890258 0.0845703 0.0387324 0.00293541
23 0.394629 0.777582 0.0873047 0.188967 0.00277901
23 0.405078 0.85446 0.117188 0.0962441 0.0027256
23 0.414453 0.74061 0.0460938 0.117371 0.00246239
23 0.374805 0.877934 0.0644531 0.0539906 0.00239754
23 0.265039 0.877934 0.121484 0.0974178 0.00236893
23 0.619141 0.778169 0.0585938 0.138498 0.00217438
14 0.767188 0.0338908 0.0671875 0.0677817 0.00215721
23 0.265967 0.913146 0.387598 0.173709 0.00210762
23 0.875 0.704225 0.128125 0.206573 0.00206757
23 0.264062 0.841549 0.0710938 0.126761 0.00201988
23 0.405469 0.794014 0.116406 0.196009 0.0019722
23 0.232422 0.842136 0.0953125 0.188967 0.00188255
23 0.227734 0.884977 0.0953125 0.110329 0.00186729
23 0.0111328 0.914906 0.0208984 0.131455 0.00186062
23 0.399609 0.890845 0.116406 0.0422535 0.00178242
23 0.598437 0.251174 0.065625 0.0786385 0.00174809
22 0.270703 0.866784 0.065625 0.0751174 0.0016613
33 0.78125 0.0341934 0.04375 0.0651225 0.00165462
23 0.158398 0.924883 0.112109 0.0633803 0.00163555
23 0.283594 0.875587 0.0414063 0.0539906 0.00161076
23 0.556641 0.26027 0.120313 0.0856808 0.00159168
23 0.0339355 0.616197 0.0652344 0.111502 0.00157356
23 0.218359 0.796362 0.0289063 0.127934 0.00154877
23 0.464063 0.867958 0.0390625 0.0375587 0.00153637
23 0.604688 0.632042 0.10625 0.426056 0.00149536
23 0.192773 0.909624 0.0886719 0.0833333 0.00141621
23 0.288281 0.887324 0.0390625 0.0352113 0.00139427
14 0.530859 0.888498 0.059375 0.0399061 0.00138855
23 0.210547 0.879108 0.0625 0.100939 0.00138283
23 0.785156 0.574824 0.235938 0.472418 0.00138283
23 0.0180908 0.909038 0.0342285 0.130282 0.00137234
23 0.422656 0.774061 0.078125 0.181925 0.00137234
0 0.723047 0.79284 0.0242188 0.0809859 0.00134087
33 0.767188 0.0338908 0.0671875 0.0677817 0.00133514
23 0.760547 0.684272 0.132031 0.300469 0.00129986
23 0.616406 0.497946 0.210938 0.693075 0.00129414
23 0.355664 0.875587 0.0285156 0.0446009 0.0012846
23 0.123828 0.930751 0.0773438 0.0704225 0.0012846
23 0.816406 0.705399 0.245312 0.225352 0.00127888
23 0.343359 0.0449677 0.0570313 0.0842136 0.0012598
14 0.78125 0.0341934 0.04375 0.0651225 0.00124454
23 0.82168 0.552523 0.237891 0.517019 0.00123501
23 0.716797 0.687207 0.128906 0.305164 0.00119686
22 0.283594 0.875587 0.0414063 0.0539906 0.00118828
23 0.244531 0.872066 0.0566406 0.0868545 0.00118351
23 0.379004 0.889671 0.0669922 0.0340376 0.00117874
23 0.6875 0.517019 0.101562 0.66784 0.00116539
23 0.329688 0.930751 0.265625 0.124413 0.00116062
23 0.589453 0.254255 0.0476562 0.0718897 0.00114727
23 0.301953 0.884977 0.210938 0.0962441 0.00109005
23 0.586719 0.804577 0.0242188 0.0938967 0.00106049
23 0.023291 0.914906 0.044043 0.11385 0.00105286
23 0.422656 0.768779 0.0523438 0.171362 0.00102806
23 0.764844 0.494131 0.342187 0.690141 0.932617
23 0.179492 0.909624 0.202734 0.169014 0.637207
23 0.160449 0.903756 0.16543 0.129108 0.0621033
9 0.772656 0.0327171 0.0546875 0.0622066 0.0367737
23 0.56875 0.779343 0.0445313 0.140845 0.0328369
23 0.196289 0.893193 0.0835937 0.105634 0.0325928
9 0.781445 0.0336799 0.0464844 0.0648291 0.0213623
9 0.764063 0.0327997 0.075 0.0649758 0.0212097
23 0.405566 0.762911 0.0638672 0.166667 0.0177155
23 0.264453 0.86385 0.0617188 0.0821596 0.0165253
23 0.6 0.684419 0.104688 0.330692 0.0123825
23 0.61875 0.494425 0.282031 0.708333 0.0110703
23 0.417969 0.757629 0.040625 0.149061 0.0106506
23 0.567969 0.5 0.203125 0.715962 0.01017
23 0.128809 0.931338 0.101758 0.0751174 0.00891876
23 0.25293 0.865023 0.0519531 0.0798122 0.00751877
23 0.37168 0.887324 0.0574219 0.0352113 0.00701141
23 0.382422 0.853286 0.0773438 0.100939 0.00626373
23 0.6 0.77993 0.110937 0.14554 0.00538635
23 0.235742 0.875 0.0820312 0.0974178 0.00510025
23 0.25625 0.868545 0.0359375 0.0680751 0.00510025
23 0.6 0.512324 0.126563 0.67723 0.0049057
23 0.38584 0.842723 0.0673828 0.0809859 0.00452042
23 0.629687 0.776995 0.04375 0.131455 0.00446701
23 0.393359 0.846244 0.0945313 0.0868545 0.00395966
23 0.258008 0.855047 0.0570313 0.0974178 0.00391388
23 0.275391 0.88439 0.046875 0.0387324 0.00366402
23 0.377441 0.890258 0.0810547 0.0387324 0.00340271
23 0.247656 0.852113 0.0679687 0.107981 0.00335121
23 0.421094 0.721244 0.0359375 0.0715962 0.00313568
23 0.232813 0.890845 0.121484 0.131455 0.00312424
23 0.404687 0.85446 0.115625 0.0962441 0.00309944
23 0.394922 0.777582 0.0867188 0.188967 0.00304031
23 0.374609 0.877934 0.0640625 0.0539906 0.00261116
23 0.875 0.704225 0.128125 0.206573 0.00258064
23 0.619531 0.778169 0.0578125 0.138498 0.00254059
23 0.415234 0.739437 0.0445313 0.115023 0.0024929
23 0.265234 0.878521 0.119531 0.0974178 0.00243378
23 0.0111328 0.914906 0.0209961 0.131455 0.00235939
23 0.601562 0.498533 0.190625 0.691901 0.00226974
23 0.405078 0.795775 0.116406 0.192488 0.00219917
14 0.766797 0.0338908 0.0664062 0.0677817 0.00214005
23 0.598437 0.251174 0.065625 0.0786385 0.0020504
23 0.264062 0.841549 0.0710938 0.126761 0.00204277
23 0.265283 0.913146 0.386621 0.173709 0.00204277
23 0.232422 0.842723 0.0949219 0.187793 0.00199509
23 0.227734 0.884977 0.0945313 0.110329 0.00198746
23 0.399609 0.890845 0.116406 0.0422535 0.00191879
23 0.604688 0.632042 0.10625 0.426056 0.0018034
23 0.15957 0.924883 0.109766 0.0622066 0.00179577
23 0.557422 0.259977 0.116406 0.0850939 0.0017004
23 0.0180908 0.909624 0.0343262 0.131455 0.0017004
23 0.0337402 0.616197 0.0647461 0.111502 0.00169373
23 0.218359 0.796362 0.0285156 0.127934 0.00165462
33 0.780469 0.034221 0.04375 0.0650675 0.00160408
14 0.530859 0.888498 0.059375 0.0399061 0.0015974
23 0.423438 0.773474 0.0765625 0.180751 0.0015974
23 0.28418 0.875587 0.040625 0.0528169 0.00157356
23 0.822656 0.55311 0.2375 0.517019 0.00156116
23 0.464063 0.867958 0.0390625 0.0375587 0.00154877
22 0.270898 0.867371 0.0652344 0.0751174 0.00154305
23 0.78418 0.575704 0.231641 0.470657 0.00151253
23 0.193311 0.909624 0.0875977 0.0833333 0.00150108
23 0.817187 0.706573 0.24375 0.223005 0.00148392
23 0.760547 0.684272 0.132031 0.300469 0.00145531
0 0.723047 0.79284 0.0242188 0.0809859 0.00144958
23 0.210938 0.879108 0.0632813 0.102113 0.00144386
23 0.715234 0.68794 0.125781 0.304871 0.0014267
23 0.355859 0.876174 0.028125 0.0446009 0.00138283
23 0.288477 0.887324 0.0382813 0.0352113 0.00133514
23 0.343359 0.0450411 0.0570313 0.0843603 0.00132465
23 0.330664 0.931338 0.262891 0.123239 0.00132465
23 0.687891 0.518486 0.100781 0.664906 0.00129414
33 0.766797 0.0338908 0.0664062 0.0677817 0.0012846
23 0.589453 0.254108 0.0476562 0.0715962 0.0012846
23 0.0233398 0.914906 0.044043 0.11385 0.0012598
14 0.780469 0.034221 0.04375 0.0650675 0.00124454
23 0.586719 0.805164 0.0242188 0.092723 0.00123978
23 0.423047 0.768779 0.0507812 0.171362 0.0012064
22 0.28418 0.875587 0.040625 0.0528169 0.00119209
23 0.244922 0.871479 0.0554687 0.0856808 0.00118351
23 0.683594 0.663732 0.059375 0.341549 0.00116539
23 0.301953 0.885563 0.208594 0.0974178 0.0011158
23 0.528906 0.26115 0.0609375 0.096831 0.00110722
23 0.683984 0.611649 0.0703125 0.450411 0.00109863
23 0.214648 0.908451 0.166797 0.165493 0.00109863
23 0.605469 0.234595 0.08125 0.114143 0.00106907
23 0.193945 0.906103 0.0972656 0.133803 0.00104427
23 0.751172 0.543134 0.189844 0.580399 0.00103664
23 0.668359 0.62544 0.0859375 0.425176 0.00102425
23 0.140234 0.926056 0.0441406 0.0610329 0.00101662
23 0.764844 0.494131 0.342187 0.690141 0.933594
23 0.179297 0.909038 0.202344 0.16784 0.65332
23 0.163086 0.903756 0.170703 0.129108 0.0646362
9 0.771484 0.0327171 0.0585938 0.0622066 0.0399475
23 0.56875 0.779343 0.0445313 0.140845 0.0348816
23 0.196094 0.892606 0.084375 0.10446 0.0306702
9 0.781055 0.0327813 0.0441406 0.0623716 0.0255585
23 0.405078 0.762911 0.0640625 0.166667 0.0170441
23 0.264258 0.86385 0.0617188 0.0821596 0.0155411
23 0.6 0.684859 0.105469 0.328638 0.0128708
9 0.758594 0.0332306 0.0859375 0.063527 0.0122375
23 0.610938 0.493838 0.264062 0.70716 0.0116882
23 0.569531 0.500587 0.198437 0.714789 0.0112457
23 0.418359 0.757042 0.0398437 0.147887 0.00997162
23 0.12998 0.931338 0.104102 0.0751174 0.00888062
23 0.252734 0.865023 0.0515625 0.0798122 0.00731659
23 0.371484 0.887324 0.0570313 0.0352113 0.00720596
23 0.382422 0.853286 0.0773438 0.0997653 0.00619125
23 0.147461 0.928404 0.133594 0.0704225 0.00582123
23 0.6 0.77993 0.110937 0.14554 0.00551224
23 0.235547 0.875 0.0820312 0.0974178 0.00527954
23 0.598828 0.514085 0.127344 0.672535 0.00508118
23 0.629687 0.776995 0.04375 0.131455 0.00492477
23 0.25625 0.868545 0.0351562 0.0657277 0.00477219
23 0.38584 0.842723 0.0673828 0.0809859 0.0045929
23 0.393359 0.846244 0.0945313 0.0868545 0.00397491
23 0.257812 0.855634 0.0566406 0.0962441 0.0037365
23 0.377344 0.890258 0.08125 0.0387324 0.00348282
23 0.247656 0.853286 0.0679687 0.10446 0.00335121
23 0.276172 0.884977 0.0445313 0.0375587 0.00332451
23 0.421094 0.720657 0.0359375 0.0704225 0.00313568
23 0.404297 0.85446 0.115625 0.0962441 0.00313568
23 0.394531 0.777582 0.0875 0.188967 0.00311089
23 0.184375 0.8973 0.111328 0.105634 0.0029583
23 0.232471 0.890845 0.120215 0.131455 0.00293541
23 0.875 0.704225 0.128125 0.206573 0.00290108
23 0.619531 0.778169 0.0578125 0.138498 0.00279045
23 0.374414 0.877934 0.0636719 0.0539906 0.00260162
23 0.414844 0.738263 0.0453125 0.112676 0.00247192
23 0.0111328 0.914906 0.0209961 0.132629 0.00246239
23 0.598047 0.251467 0.0648438 0.0780516 0.00239754
23 0.264844 0.879108 0.120313 0.0985916 0.00233269
14 0.766016 0.0338908 0.0679687 0.0677817 0.00221634
23 0.405469 0.799296 0.116406 0.183099 0.00221634
23 0.227148 0.884977 0.0960938 0.110329 0.00198746
23 0.264795 0.913146 0.386035 0.173709 0.00197983
23 0.558594 0.259683 0.1125 0.0839202 0.00196457
23 0.399121 0.890845 0.11582 0.0422535 0.00194931
23 0.264062 0.840962 0.0710938 0.125587 0.00193405
23 0.262109 0.868545 0.103125 0.0915493 0.00191879
23 0.232422 0.842723 0.0953125 0.185446 0.00188255
23 0.0320801 0.616197 0.0625 0.115023 0.00179577
23 0.0182617 0.909624 0.034668 0.131455 0.00179577
33 0.780469 0.0342668 0.04375 0.0651225 0.00167465
23 0.823438 0.553404 0.235938 0.517606 0.0016489
23 0.218164 0.796362 0.0285156 0.127934 0.00163555
23 0.823438 0.711268 0.234375 0.213615 0.00163555
14 0.530859 0.888498 0.059375 0.0399061 0.0015974
23 0.782617 0.576144 0.228516 0.469777 0.00159168
0 0.723047 0.79284 0.0242188 0.0809859 0.00157928
23 0.422656 0.773474 0.078125 0.180751 0.00155449
23 0.464063 0.867371 0.0390625 0.0375587 0.00153637
23 0.192773 0.909624 0.0894531 0.084507 0.0015192
23 0.714453 0.68794 0.124219 0.304871 0.0015192
23 0.589453 0.254108 0.0476562 0.0715962 0.00151253
23 0.760938 0.684272 0.13125 0.300469 0.00150108
23 0.284375 0.875587 0.0398437 0.0516432 0.0014782
23 0.343359 0.0450044 0.0570313 0.0844337 0.00141048
23 0.211914 0.879108 0.0648438 0.102113 0.00141048
22 0.271094 0.867371 0.0648438 0.0739437 0.00141048
23 0.355664 0.876174 0.028125 0.0446009 0.00139904
33 0.766016 0.0338908 0.0679687 0.0677817 0.00135612
23 0.124219 0.930164 0.0761719 0.0704225 0.00135612
23 0.6875 0.51966 0.1 0.663732 0.00135612
23 0.239844 0.823944 0.0789063 0.192488 0.00135612
23 0.33125 0.931338 0.261719 0.123239 0.00135136
23 0.023291 0.915493 0.044043 0.115023 0.00133514
23 0.586719 0.805751 0.0234375 0.0915493 0.00132465
14 0.780469 0.0342668 0.04375 0.0651225 0.00130463
23 0.529297 0.261297 0.0601563 0.0965376 0.00127888
23 0.683594 0.662999 0.059375 0.343016 0.00122547
23 0.288477 0.887324 0.0378906 0.0352113 0.00121593
23 0.605078 0.235329 0.0804688 0.112089 0.00119209
22 0.284375 0.875587 0.0398437 0.0516432 0.00116062
23 0.683594 0.609742 0.06875 0.453052 0.00115108
23 0.422656 0.768779 0.0515625 0.171362 0.0011158
23 0.214844 0.908451 0.164453 0.165493 0.00110722
23 0.750781 0.544087 0.189063 0.577318 0.0011034
23 0.302148 0.886737 0.211328 0.0985916 0.00109863
23 0.245508 0.870892 0.0546875 0.084507 0.00108624
23 0.66875 0.625587 0.084375 0.424883 0.00107288
23 0.193945 0.906103 0.0976562 0.133803 0.00104809
23 0.405078 0.737089 0.0640625 0.107981 0.00104427
23 0.140039 0.926643 0.0449219 0.0610329 0.00100803
23 0.764844 0.494131 0.342187 0.690141 0.933594
23 0.179297 0.909038 0.202344 0.16784 0.654785
23 0.163477 0.903756 0.171484 0.129108 0.0653687
9 0.771875 0.0327171 0.0578125 0.0622066 0.0405273
23 0.56875 0.779343 0.0445313 0.140845 0.0354004
23 0.196045 0.892606 0.0844727 0.10446 0.0302124
9 0.781055 0.0327813 0.0441406 0.0623716 0.026062
23 0.405078 0.762911 0.0640625 0.166667 0.0171814
23 0.264258 0.86385 0.0617188 0.0821596 0.0155411
23 0.6 0.684859 0.105469 0.328638 0.0131683
9 0.758594 0.0332306 0.0859375 0.063527 0.012291
23 0.610938 0.493838 0.2625 0.70716 0.0118256
23 0.569531 0.50088 0.198437 0.714202 0.0115509
23 0.417969 0.757042 0.040625 0.147887 0.0100098
23 0.130078 0.931338 0.104688 0.0751174 0.00881195
23 0.252734 0.865023 0.0515625 0.0798122 0.00728989
23 0.371484 0.887324 0.0570313 0.0352113 0.00725937
23 0.382422 0.853873 0.0773438 0.0997653 0.00612259
23 0.147656 0.928404 0.133984 0.0704225 0.00579834
23 0.6 0.780516 0.110937 0.14554 0.00559998
23 0.235547 0.875 0.0820312 0.0974178 0.00526047
23 0.598437 0.514085 0.128125 0.672535 0.00511932
23 0.629687 0.776995 0.04375 0.131455 0.00492477
23 0.25625 0.868545 0.0351562 0.0657277 0.00475693
23 0.38584 0.842723 0.0673828 0.0809859 0.00453949
23 0.393359 0.846244 0.0945313 0.0868545 0.00391388
23 0.257812 0.855634 0.0566406 0.0962441 0.00372124
23 0.377734 0.890258 0.0828125 0.0387324 0.00349617
23 0.247656 0.853286 0.0679687 0.10446 0.00335121
23 0.276172 0.884977 0.0445313 0.0375587 0.00332451
23 0.394531 0.777582 0.0875 0.188967 0.00316048
23 0.421094 0.720657 0.0359375 0.0704225 0.00314713
23 0.404297 0.85446 0.115625 0.0962441 0.00311089
23 0.875 0.704225 0.128125 0.206573 0.0029583
23 0.18418 0.8973 0.111719 0.105634 0.00293541
23 0.232617 0.890845 0.120313 0.131455 0.00291252
23 0.619531 0.778169 0.0578125 0.138498 0.00276756
23 0.374414 0.877934 0.0636719 0.0539906 0.00260162
23 0.414844 0.738263 0.0453125 0.112676 0.00251198
23 0.0111328 0.914906 0.0209961 0.132629 0.00247192
23 0.598047 0.251467 0.0648438 0.0780516 0.00240517
23 0.264844 0.879108 0.120313 0.0997653 0.00234222
14 0.766406 0.0339 0.0671875 0.0677634 0.00224304
23 0.405371 0.798122 0.11582 0.185446 0.00221634
23 0.558594 0.25983 0.1125 0.0842136 0.00198746
23 0.227148 0.884977 0.0960938 0.110329 0.00197983
23 0.399121 0.890845 0.11582 0.0422535 0.00197983
23 0.264795 0.913146 0.386035 0.173709 0.0019722
23 0.264062 0.841549 0.0710938 0.126761 0.00192642
23 0.261914 0.868545 0.103516 0.0915493 0.00191212
23 0.232422 0.842136 0.0949219 0.18662 0.00190449
23 0.0336914 0.616197 0.0645508 0.111502 0.00183105
23 0.0183105 0.909038 0.0347656 0.131455 0.00179577
33 0.780469 0.0342668 0.04375 0.0651225 0.00166798
23 0.823438 0.710681 0.234375 0.213615 0.00166798
23 0.823633 0.553404 0.237109 0.517606 0.00165462
23 0.218164 0.796362 0.0285156 0.127934 0.00164223
14 0.530859 0.888498 0.059375 0.0399061 0.0015974
0 0.723047 0.79284 0.0242188 0.0809859 0.00157928
23 0.782617 0.576144 0.228516 0.469777 0.00157928
23 0.422656 0.773474 0.078125 0.180751 0.00156689
23 0.464063 0.867371 0.0390625 0.0375587 0.00154305
23 0.714063 0.68794 0.123438 0.304871 0.00153065
23 0.589453 0.254108 0.0476562 0.0715962 0.00152493
23 0.760938 0.684272 0.13125 0.300469 0.00150681
23 0.192773 0.909624 0.0898438 0.084507 0.00149536
23 0.284375 0.875587 0.0398437 0.0516432 0.00147247
22 0.271094 0.867371 0.0648438 0.0739437 0.00141621
23 0.343359 0.0450044 0.0570313 0.0844337 0.00139904
23 0.355664 0.876174 0.028125 0.0446009 0.00139904
23 0.211719 0.879108 0.0648438 0.103286 0.00138283
23 0.33125 0.931338 0.261719 0.123239 0.00136662
33 0.766406 0.0339 0.0671875 0.0677634 0.00135612
23 0.6875 0.519366 0.1 0.664319 0.00134563
23 0.586719 0.805751 0.0234375 0.0915493 0.00133514
23 0.0233398 0.915493 0.044043 0.115023 0.00133038
23 0.124414 0.930164 0.0757812 0.0704225 0.00132465
14 0.780469 0.0342668 0.04375 0.0651225 0.00131512
23 0.528906 0.261444 0.0609375 0.096831 0.0012846
23 0.683594 0.662559 0.059375 0.343897 0.00124454
23 0.288477 0.887324 0.0378906 0.0352113 0.0012207
23 0.605078 0.235329 0.0804688 0.112089 0.00119209
22 0.284375 0.875587 0.0398437 0.0516432 0.00116062
23 0.683594 0.609008 0.06875 0.453345 0.00115585
23 0.422656 0.768779 0.0515625 0.171362 0.0011158
23 0.302344 0.88615 0.211719 0.0985916 0.00110722
23 0.750781 0.544014 0.189063 0.577465 0.00109863
23 0.214648 0.908451 0.164844 0.165493 0.00109005
23 0.245312 0.870892 0.0546875 0.084507 0.00107765
23 0.66875 0.625587 0.0859375 0.424883 0.00107765
23 0.405078 0.737089 0.0640625 0.107981 0.00106049
23 0.193701 0.906103 0.0977539 0.133803 0.00102806
