3 0.692969 0.770492 0.378125 0.374707 0.922852
39 0.378906 0.427986 0.0203125 0.0843091 0.0113754
39 0.37959 0.432377 0.0173828 0.0667447 0.00695801
39 0.395313 0.426522 0.015625 0.0848946 0.00521851
58 0.82207 0.233607 0.352734 0.465457 0.00432968
39 0.371484 0.4274 0.0117188 0.0784543 0.00419998
69 0.321484 0.482436 0.364063 0.912178 0.00374985
74 0.759375 0.434133 0.0421875 0.0854801 0.00316048
58 0.82207 0.381148 0.355859 0.757611 0.00311089
0 0.673438 0.448478 0.0171875 0.029274 0.003088
72 0.319873 0.476874 0.354004 0.911592 0.00293541
39 0.374219 0.42945 0.0171875 0.088993 0.00279999
58 0.0709961 0.495023 0.125195 0.266393 0.00235939
74 0.764453 0.420375 0.0539063 0.112998 0.00226974
39 0.392188 0.428279 0.0125 0.0755269 0.00225258
73 0.417188 0.4274 0.01875 0.0854801 0.00216484
73 0.43125 0.428279 0.0164063 0.0837236 0.00185299
73 0.421094 0.426229 0.0140625 0.0807962 0.00185299
0 0.725781 0.43911 0.01875 0.0362998 0.00177479
73 0.439453 0.429742 0.0171875 0.0901639 0.00159168
74 0.757031 0.444965 0.0375 0.0632318 0.00157928
39 0.51875 0.62178 0.0132813 0.0257611 0.00134563
73 0.435156 0.426815 0.0171875 0.0854801 0.00116062
41 0.37959 0.432377 0.0173828 0.0667447 0.00112438
73 0.442969 0.431206 0.015625 0.0971897 0.00101662
3 0.693359 0.770492 0.378906 0.377049 0.934082
39 0.378906 0.427986 0.0195312 0.0843091 0.0137939
39 0.379688 0.433255 0.0171875 0.0644028 0.00837708
39 0.395313 0.426522 0.015625 0.0848946 0.00600433
58 0.821875 0.228337 0.351562 0.456674 0.0050621
0 0.673047 0.448478 0.0171875 0.029274 0.00477219
39 0.371484 0.427986 0.0109375 0.0772834 0.0046463
39 0.394922 0.41452 0.0148437 0.0608899 0.00363541
74 0.758984 0.437939 0.0414063 0.0784543 0.00355148
39 0.373828 0.42945 0.0164063 0.0884075 0.00337601
72 0.321289 0.476874 0.355078 0.911592 0.00333786
58 0.821875 0.375878 0.354688 0.748244 0.00331116
69 0.324414 0.482728 0.368359 0.913934 0.00300407
73 0.416797 0.4274 0.0179687 0.0854801 0.00298119
58 0.0710938 0.494145 0.124609 0.265808 0.00296974
0 0.725781 0.43911 0.01875 0.0362998 0.00286674
73 0.421094 0.426229 0.0140625 0.0807962 0.00255013
73 0.430469 0.428279 0.015625 0.0837236 0.00253105
39 0.392188 0.429157 0.0117188 0.0737705 0.00253105
74 0.764063 0.42096 0.0515625 0.111241 0.00228691
73 0.439844 0.429742 0.0171875 0.0901639 0.00209999
39 0.51875 0.62178 0.0132813 0.0257611 0.0015974
73 0.434375 0.426815 0.015625 0.0843091 0.00156116
73 0.442969 0.431499 0.015625 0.0971897 0.00136662
73 0.432031 0.425937 0.0117188 0.0778688 0.00133514
73 0.402344 0.43267 0.1 0.102459 0.00132465
73 0.441406 0.428864 0.0125 0.0831382 0.00121593
41 0.379688 0.433255 0.0171875 0.0644028 0.00112438
73 0.379688 0.433255 0.0171875 0.0644028 0.00108147
9 0.673047 0.448478 0.0171875 0.029274 0.00101185
16 0.692969 0.770492 0.378125 0.380562 0.00100803
3 0.69375 0.770492 0.379688 0.377049 0.937988
39 0.378906 0.427986 0.0195312 0.0843091 0.0167847
39 0.379785 0.433548 0.0169922 0.0638173 0.0103302
39 0.395313 0.426229 0.015625 0.0843091 0.00723267
0 0.673047 0.448478 0.0171875 0.029274 0.00602722
39 0.371094 0.427986 0.0109375 0.0761124 0.00530243
58 0.821875 0.225117 0.351562 0.450234 0.00498199
74 0.758594 0.439696 0.040625 0.0737705 0.00446701
39 0.394922 0.413056 0.0148437 0.0579625 0.00436401
0 0.725781 0.43911 0.01875 0.0362998 0.00421524
58 0.0710938 0.49356 0.124609 0.265808 0.00421524
39 0.373437 0.429742 0.0164063 0.087822 0.00400543
73 0.416797 0.4274 0.0171875 0.0854801 0.00385475
73 0.429688 0.428571 0.0140625 0.0831382 0.00333786
73 0.421094 0.426229 0.0140625 0.0807962 0.00329781
39 0.392188 0.429742 0.0117188 0.0725995 0.00305176
74 0.763281 0.421546 0.05 0.108899 0.00269318
72 0.321289 0.477166 0.352734 0.909836 0.0026722
73 0.439453 0.429742 0.0164063 0.0895784 0.00266266
58 0.820117 0.379977 0.353516 0.758782 0.00243378
69 0.324414 0.483314 0.368359 0.913934 0.00213242
73 0.402344 0.43267 0.1 0.103044 0.0020504
73 0.434375 0.426815 0.015625 0.0843091 0.00198746
39 0.51875 0.62178 0.0132813 0.0257611 0.00178242
73 0.443359 0.430913 0.0148437 0.0960187 0.0017271
73 0.432031 0.425937 0.0109375 0.0778688 0.00170708
73 0.379785 0.433548 0.0169922 0.0638173 0.00154305
73 0.405469 0.428279 0.0101563 0.0825527 0.00139904
73 0.442188 0.426522 0.0109375 0.0807962 0.00137806
74 0.402344 0.43267 0.1 0.103044 0.00131989
73 0.392188 0.429742 0.0117188 0.0725995 0.0012846
41 0.379785 0.433548 0.0169922 0.0638173 0.00116062
16 0.692969 0.770492 0.378125 0.381733 0.00113392
9 0.673047 0.448478 0.0171875 0.029274 0.00111198
73 0.371094 0.427986 0.0109375 0.0761124 0.00107288
73 0.422266 0.328454 0.015625 0.0960187 0.00105286
73 0.372656 0.430621 0.015625 0.0854801 0.00104809
3 0.69375 0.770492 0.379688 0.379391 0.944336
39 0.379004 0.427693 0.0185547 0.0837236 0.0206451
39 0.379688 0.434426 0.0164063 0.0620609 0.012825
39 0.395313 0.426229 0.0148437 0.0843091 0.00888062
58 0.0711914 0.492974 0.124023 0.265808 0.00653839
0 0.673047 0.448478 0.0171875 0.029274 0.00624084
74 0.758594 0.440867 0.040625 0.0714286 0.00575256
39 0.371094 0.427986 0.0101563 0.0761124 0.00570679
39 0.394922 0.411592 0.0148437 0.0550351 0.00551224
73 0.416797 0.4274 0.0164063 0.0848946 0.00518036
0 0.725781 0.43911 0.01875 0.0362998 0.00510025
58 0.821875 0.221604 0.353125 0.443208 0.0049057
73 0.429297 0.428571 0.0132813 0.0831382 0.00475693
73 0.421094 0.426522 0.0132813 0.0807962 0.00471878
39 0.372656 0.429742 0.0148437 0.087822 0.00439835
73 0.402344 0.432963 0.100781 0.10363 0.0037365
73 0.439844 0.429742 0.015625 0.088993 0.00372124
39 0.392188 0.430328 0.0117188 0.0714286 0.00369263
74 0.763281 0.422131 0.05 0.107728 0.00325966
73 0.434375 0.426815 0.015625 0.0831382 0.00292397
72 0.321143 0.477752 0.351465 0.908665 0.00279999
73 0.44375 0.430913 0.0140625 0.0960187 0.00253105
73 0.43125 0.426229 0.0109375 0.0772834 0.00251198
73 0.379688 0.434426 0.0164063 0.0620609 0.00247192
73 0.405469 0.427986 0.009375 0.0819672 0.00232315
69 0.325781 0.483899 0.370313 0.915105 0.00219917
74 0.402344 0.432963 0.100781 0.10363 0.00214958
73 0.442578 0.426815 0.0109375 0.0807962 0.0020504
73 0.392188 0.430328 0.0117188 0.0714286 0.00203514
39 0.51875 0.622951 0.0132813 0.0234192 0.00194168
58 0.820117 0.368267 0.353516 0.734192 0.00181007
73 0.371094 0.427986 0.0101563 0.0761124 0.0016489
73 0.410059 0.378293 0.120508 0.232875 0.00162315
73 0.372656 0.430328 0.0148437 0.0843091 0.00158501
73 0.422656 0.327869 0.015625 0.0960187 0.00144386
0 0.070752 0.490632 0.124121 0.262295 0.00142097
16 0.693359 0.771077 0.378906 0.381733 0.00137806
73 0.435156 0.467799 0.0171875 0.0362998 0.00131989
73 0.394531 0.435597 0.0109375 0.0620609 0.00127411
39 0.394531 0.435597 0.0109375 0.0620609 0.00123024
73 0.419922 0.464286 0.015625 0.0433255 0.00118828
9 0.673047 0.448478 0.0171875 0.029274 0.00116539
74 0.288672 0.429742 0.0445313 0.086651 0.00115585
73 0.376953 0.33226 0.0242188 0.0860656 0.00112438
39 0.51875 0.596604 0.0132813 0.0702576 0.00109005
74 0.329297 0.178132 0.292969 0.133782 0.00106907
0 0.688281 0.418618 0.05 0.0913349 0.00104809
41 0.379688 0.434426 0.0164063 0.0620609 0.00103664
3 0.694141 0.770492 0.380469 0.379391 0.953125
39 0.378906 0.427986 0.0179687 0.0843091 0.0171051
39 0.37959 0.433841 0.0158203 0.0632318 0.0115051
74 0.758594 0.441452 0.040625 0.0690866 0.00712204
39 0.379297 0.419496 0.015625 0.0690866 0.00695801
58 0.0713379 0.491803 0.123535 0.266979 0.0069046
39 0.395313 0.426522 0.0140625 0.0843091 0.0068512
0 0.673047 0.448185 0.0171875 0.0286885 0.00643921
0 0.725781 0.43911 0.01875 0.0362998 0.005867
73 0.416797 0.4274 0.0164063 0.0848946 0.00519943
39 0.394922 0.409251 0.0140625 0.0503513 0.00486755
73 0.421094 0.426229 0.0132813 0.0807962 0.00479126
73 0.429297 0.428571 0.0132813 0.0825527 0.00477219
73 0.403516 0.433255 0.103125 0.104215 0.0045929
39 0.370703 0.427693 0.0101563 0.0778688 0.00403976
74 0.762891 0.423595 0.0492188 0.104215 0.00352478
73 0.439453 0.429742 0.015625 0.088993 0.00342941
73 0.433984 0.426229 0.0148437 0.0831382 0.00309944
58 0.82168 0.219116 0.353516 0.437646 0.00302696
73 0.37959 0.433841 0.0158203 0.0632318 0.00299263
39 0.392188 0.430035 0.0109375 0.0714286 0.0029583
39 0.371875 0.430035 0.0140625 0.088993 0.00288963
39 0.382031 0.436768 0.0148437 0.057377 0.0026207
73 0.43125 0.426229 0.0109375 0.0778688 0.00251198
73 0.444141 0.430913 0.0132813 0.0948478 0.0024929
73 0.405469 0.427986 0.009375 0.0819672 0.00247192
73 0.392188 0.430035 0.0109375 0.0714286 0.00243378
74 0.403516 0.433255 0.103125 0.104215 0.00226021
72 0.319141 0.477752 0.342969 0.880562 0.00225258
73 0.441406 0.428571 0.0109375 0.0831382 0.00209999
73 0.370703 0.427693 0.0101563 0.0778688 0.00191212
73 0.382031 0.436768 0.0148437 0.057377 0.00191212
39 0.51875 0.622365 0.0125 0.0234192 0.00186729
73 0.372266 0.430328 0.0148437 0.0854801 0.00178242
16 0.693359 0.771663 0.378906 0.381733 0.00167465
73 0.409766 0.378513 0.120313 0.231265 0.00158501
73 0.394531 0.435304 0.0109375 0.0620609 0.00152493
69 0.326953 0.485363 0.371094 0.918033 0.00150108
73 0.435156 0.46897 0.0171875 0.0327869 0.00130463
73 0.422266 0.328162 0.0148437 0.0948478 0.00129414
74 0.329297 0.178425 0.292969 0.133197 0.00127411
73 0.419922 0.467799 0.0148437 0.0362998 0.00125504
24 0.682031 0.713115 0.101562 0.0796253 0.00124931
9 0.673047 0.448185 0.0171875 0.0286885 0.00123024
0 0.0708008 0.489169 0.123828 0.262881 0.0012207
74 0.288672 0.430035 0.0445313 0.086651 0.00116062
58 0.769531 0.704918 0.040625 0.028103 0.00115108
14 0.696875 0.382318 0.0148437 0.0234192 0.00112057
1 0.762891 0.423595 0.0492188 0.104215 0.00107288
39 0.51875 0.597043 0.0125 0.0682084 0.00107288
39 0.394531 0.435304 0.0109375 0.0620609 0.00105286
0 0.6875 0.418618 0.0484375 0.0901639 0.00103188
3 0.69375 0.771077 0.38125 0.379391 0.962402
39 0.378906 0.427693 0.0179687 0.0837236 0.0134811
39 0.379688 0.432963 0.015625 0.0649883 0.00978088
74 0.758594 0.441745 0.0390625 0.0679157 0.00898743
0 0.725781 0.43911 0.01875 0.0362998 0.00712204
0 0.673047 0.448185 0.0171875 0.0286885 0.0068512
39 0.378906 0.416862 0.015625 0.0644028 0.00651169
73 0.404297 0.432963 0.103906 0.104801 0.00634003
58 0.0717773 0.491511 0.122656 0.266393 0.00579834
73 0.417188 0.426815 0.015625 0.0843091 0.00547028
73 0.428906 0.427986 0.0125 0.0819672 0.0051384
39 0.395313 0.426229 0.0140625 0.0843091 0.00503922
73 0.421484 0.4274 0.015625 0.0860656 0.00500107
39 0.394922 0.406909 0.0140625 0.0456674 0.00439835
74 0.762891 0.425059 0.0492188 0.100703 0.00388527
73 0.439453 0.429742 0.015625 0.088993 0.00356483
73 0.379688 0.432963 0.015625 0.0649883 0.00345612
73 0.433594 0.426229 0.0140625 0.0831382 0.00337601
39 0.370508 0.4274 0.00976562 0.0796253 0.00284576
73 0.392188 0.429157 0.0109375 0.0725995 0.00276756
74 0.404297 0.432963 0.103906 0.104801 0.00275803
73 0.43125 0.425937 0.0109375 0.0778688 0.0026722
73 0.405469 0.427986 0.009375 0.0819672 0.00265312
73 0.444531 0.430328 0.0140625 0.0948478 0.00263214
39 0.382031 0.436768 0.0148437 0.057377 0.00225258
73 0.441797 0.427986 0.0109375 0.0819672 0.00224304
73 0.382031 0.436768 0.0148437 0.057377 0.00216484
39 0.392188 0.429157 0.0109375 0.0725995 0.00212479
73 0.370508 0.4274 0.00976562 0.0796253 0.00201988
16 0.692969 0.771663 0.379688 0.381733 0.00195694
39 0.371484 0.429742 0.0132813 0.088993 0.00192642
39 0.51875 0.622951 0.0125 0.0210773 0.00191212
73 0.372266 0.429742 0.0148437 0.086651 0.00186729
58 0.769531 0.704333 0.040625 0.028103 0.00179577
73 0.394531 0.435012 0.0101563 0.0620609 0.0017004
74 0.329688 0.178718 0.292188 0.13144 0.00143814
58 0.767188 0.710773 0.0484375 0.0386417 0.00140476
9 0.673047 0.448185 0.0171875 0.0286885 0.00139427
73 0.409766 0.378513 0.119531 0.230094 0.00138855
73 0.419922 0.469555 0.0148437 0.0327869 0.00137234
73 0.435156 0.471897 0.0164063 0.0269321 0.00136662
58 0.763281 0.716628 0.0578125 0.0562061 0.00135136
72 0.319922 0.480094 0.341406 0.87822 0.00128937
58 0.81875 0.22702 0.35625 0.4476 0.0012846
14 0.696875 0.382318 0.0140625 0.0234192 0.00127411
1 0.762891 0.425059 0.0492188 0.100703 0.00124454
73 0.422266 0.328454 0.0148437 0.0942623 0.00113392
58 0.0376953 0.711944 0.0735352 0.0667447 0.0011158
0 0.685938 0.419204 0.0453125 0.087822 0.00109863
24 0.682813 0.713115 0.1 0.0796253 0.00107288
68 0.329883 0.1774 0.293359 0.130562 0.00106049
0 0.0711914 0.488876 0.122852 0.263466 0.00104046
74 0.725781 0.43911 0.01875 0.0362998 0.00103664
74 0.288281 0.429742 0.04375 0.086651 0.00102806
1 0.725781 0.43911 0.021875 0.0386417 0.00102806
3 0.693359 0.771663 0.380469 0.377049 0.96582
39 0.378906 0.4274 0.0179687 0.0843091 0.00894928
74 0.758594 0.441452 0.0390625 0.0679157 0.00793457
39 0.379688 0.432084 0.015625 0.0655738 0.00720596
73 0.405859 0.432963 0.107031 0.105386 0.00651169
0 0.725781 0.438817 0.01875 0.0357143 0.005867
39 0.378906 0.41774 0.015625 0.0655738 0.00536346
0 0.673047 0.447892 0.0164063 0.028103 0.00536346
58 0.071875 0.491803 0.122266 0.266979 0.00496292
73 0.421875 0.426815 0.015625 0.0854801 0.00494385
73 0.417188 0.426815 0.0164063 0.0843091 0.00482941
73 0.429297 0.427986 0.0132813 0.0819672 0.00446701
39 0.394922 0.406323 0.0140625 0.0444965 0.00337601
74 0.405859 0.432963 0.107031 0.105386 0.00337601
74 0.763281 0.425644 0.05 0.0995316 0.00336266
73 0.433594 0.425937 0.0148437 0.0825527 0.00329781
73 0.379688 0.432084 0.015625 0.0655738 0.00324821
39 0.395313 0.426229 0.0140625 0.0843091 0.00323486
73 0.439844 0.42945 0.015625 0.0884075 0.00296974
73 0.392188 0.428571 0.0109375 0.0737705 0.00265312
16 0.692969 0.772248 0.379688 0.380562 0.00245285
73 0.444531 0.430328 0.0140625 0.0948478 0.00244331
73 0.43125 0.425644 0.0109375 0.0772834 0.00243378
58 0.770312 0.704333 0.040625 0.028103 0.00233269
73 0.405078 0.4274 0.009375 0.0807962 0.00231361
73 0.382031 0.436183 0.0148437 0.057377 0.00214958
73 0.443359 0.426229 0.0101563 0.0807962 0.0019722
39 0.51875 0.623536 0.0125 0.0210773 0.00190449
39 0.370508 0.4274 0.00976562 0.0796253 0.00186729
58 0.767188 0.710773 0.0484375 0.0386417 0.00185299
73 0.370508 0.4274 0.00976562 0.0796253 0.00181007
58 0.763281 0.716628 0.0578125 0.0562061 0.00179577
73 0.37207 0.429742 0.0144531 0.086651 0.00174141
73 0.394531 0.434426 0.0101563 0.0620609 0.0017004
39 0.382031 0.436183 0.0148437 0.057377 0.00168705
74 0.329688 0.178571 0.292188 0.130562 0.00168133
39 0.392188 0.428571 0.0109375 0.0737705 0.00148964
73 0.409766 0.37822 0.11875 0.228337 0.00142097
9 0.673047 0.447892 0.0164063 0.028103 0.00130939
73 0.420312 0.469555 0.0148437 0.0327869 0.00129414
73 0.435156 0.472482 0.0164063 0.0257611 0.00122547
39 0.371094 0.429742 0.0132813 0.0895784 0.0012064
0 0.0709961 0.489169 0.122852 0.262881 0.00120163
68 0.329883 0.177108 0.293359 0.129391 0.0011158
72 0.321045 0.482143 0.33916 0.876464 0.00107288
58 0.81875 0.226581 0.35625 0.444965 0.00106525
73 0.407422 0.568208 0.116406 0.110656 0.00104809
14 0.696875 0.382318 0.0140625 0.0234192 0.00102425
3 0.693359 0.771663 0.380469 0.375878 0.964355
74 0.758594 0.441452 0.0390625 0.0679157 0.00579834
0 0.725781 0.43911 0.01875 0.0351288 0.00510025
0 0.673047 0.447892 0.0164063 0.028103 0.00503922
39 0.379297 0.427986 0.0179687 0.0843091 0.0049057
39 0.380078 0.432084 0.015625 0.0667447 0.00477219
73 0.407422 0.433255 0.110156 0.106557 0.00446701
73 0.421875 0.426522 0.015625 0.0843091 0.00385475
58 0.071875 0.492389 0.122266 0.266979 0.00369263
73 0.417188 0.426815 0.0171875 0.0843091 0.00324821
74 0.407422 0.433255 0.110156 0.106557 0.00316048
58 0.769531 0.704918 0.040625 0.028103 0.00268364
73 0.429688 0.427986 0.0140625 0.0819672 0.00260162
73 0.433594 0.425644 0.0140625 0.0819672 0.00255013
73 0.380078 0.432084 0.015625 0.0667447 0.00232315
74 0.763281 0.425059 0.05 0.100703 0.00230598
16 0.692969 0.772834 0.379688 0.379391 0.00230598
58 0.767188 0.710773 0.046875 0.0386417 0.00225258
58 0.763281 0.717213 0.0578125 0.0550351 0.00214958
39 0.394922 0.406909 0.0140625 0.045082 0.0019722
73 0.392188 0.428571 0.0109375 0.073185 0.00191212
39 0.51875 0.623536 0.0125 0.0210773 0.00179577
72 0.320361 0.48185 0.342871 0.879391 0.00179577
39 0.394922 0.426229 0.0148437 0.0843091 0.00174809
74 0.329688 0.178279 0.292188 0.130562 0.00174809
73 0.382422 0.436183 0.0148437 0.057377 0.00168133
73 0.445312 0.429742 0.0140625 0.0948478 0.00162315
73 0.439844 0.429157 0.015625 0.088993 0.00153637
73 0.404687 0.4274 0.009375 0.0802108 0.00146103
0 0.0708984 0.489461 0.123047 0.262295 0.00130939
73 0.407422 0.567916 0.116406 0.11007 0.00129414
73 0.394531 0.434426 0.0101563 0.0620609 0.00128937
73 0.371875 0.429742 0.0140625 0.086651 0.00127888
73 0.44375 0.425644 0.0101563 0.0807962 0.00127411
73 0.410254 0.378293 0.118555 0.22702 0.00127411
73 0.370313 0.4274 0.0101563 0.0796253 0.00123024
39 0.382422 0.436183 0.0148437 0.057377 0.0011692
9 0.673047 0.447892 0.0164063 0.028103 0.00114727
39 0.370313 0.4274 0.0101563 0.0796253 0.00110722
3 0.692969 0.772834 0.379688 0.374707 0.963867
74 0.758594 0.441159 0.0390625 0.0685012 0.00477219
72 0.320654 0.48185 0.33916 0.881733 0.00446701
74 0.408496 0.435012 0.114258 0.11007 0.00418091
73 0.40791 0.433841 0.112305 0.106557 0.00415039
39 0.37959 0.430913 0.0158203 0.0690866 0.00408554
0 0.673047 0.447892 0.0164063 0.028103 0.00403976
73 0.421875 0.426522 0.015625 0.0837236 0.00362206
0 0.725781 0.43911 0.01875 0.0351288 0.00348282
58 0.769922 0.704918 0.0414063 0.028103 0.00292397
74 0.409766 0.409251 0.115625 0.161007 0.00275803
74 0.329688 0.178279 0.292969 0.129977 0.00251198
58 0.0717773 0.492974 0.122266 0.266979 0.00251198
73 0.417969 0.427108 0.0171875 0.0848946 0.00247192
58 0.767188 0.710187 0.046875 0.0374707 0.00245285
73 0.433203 0.425644 0.0148437 0.0819672 0.002388
58 0.763281 0.716628 0.0578125 0.0538642 0.00212479
73 0.407422 0.567916 0.116406 0.108899 0.00209999
16 0.692969 0.774005 0.379688 0.377049 0.00203514
73 0.37959 0.430913 0.0158203 0.0690866 0.00201988
73 0.429688 0.428279 0.0140625 0.0825527 0.00185299
39 0.51875 0.623536 0.0125 0.0210773 0.00185299
73 0.409766 0.378806 0.117969 0.22541 0.00181007
74 0.764063 0.423888 0.0515625 0.103044 0.00178909
69 0.33125 0.485948 0.378906 0.922717 0.00175476
73 0.392188 0.427986 0.0125 0.0749414 0.0017004
39 0.394531 0.408665 0.0140625 0.0491803 0.00167465
73 0.382422 0.435597 0.0148437 0.058548 0.00158501
0 0.0706055 0.49034 0.123242 0.262881 0.00156689
68 0.329688 0.176669 0.29375 0.129391 0.00144386
39 0.394922 0.426815 0.0148437 0.0843091 0.00142097
73 0.445312 0.430328 0.0140625 0.0948478 0.00141048
73 0.394531 0.433841 0.0101563 0.0632318 0.0012846
73 0.404687 0.427693 0.009375 0.0802108 0.00122547
74 0.407422 0.567916 0.116406 0.108899 0.00119686
73 0.37168 0.430035 0.0144531 0.0872365 0.00117397
73 0.439844 0.429742 0.015625 0.088993 0.00109005
74 0.408594 0.379903 0.116406 0.226142 0.00108624
73 0.444531 0.425937 0.0109375 0.0813817 0.00106525
39 0.382422 0.435597 0.0148437 0.058548 0.00104046
73 0.370313 0.427986 0.0101563 0.0807962 0.00101662
3 0.692969 0.772834 0.379688 0.374707 0.964355
72 0.319922 0.480679 0.339063 0.884075 0.00570679
74 0.408691 0.430913 0.11543 0.118852 0.00424957
39 0.380078 0.430328 0.0164063 0.0714286 0.00349617
74 0.758984 0.440281 0.0398437 0.0714286 0.00346947
73 0.421875 0.426522 0.015625 0.0837236 0.00332451
73 0.408203 0.434133 0.1125 0.107728 0.00313568
0 0.673438 0.447892 0.0171875 0.028103 0.00311089
74 0.329688 0.177949 0.292969 0.13005 0.00299263
74 0.409766 0.378513 0.116406 0.224239 0.00263214
58 0.769922 0.704918 0.0414063 0.028103 0.00261116
0 0.725781 0.43911 0.01875 0.0351288 0.0024929
58 0.767578 0.710187 0.0460938 0.0374707 0.00230598
73 0.433203 0.425937 0.0148437 0.0825527 0.00219917
73 0.407422 0.567916 0.115625 0.108899 0.00208282
73 0.417969 0.4274 0.01875 0.0854801 0.00204277
69 0.330859 0.485363 0.377344 0.922717 0.00198746
73 0.409473 0.378732 0.118555 0.224971 0.00192642
58 0.763281 0.716628 0.0578125 0.0550351 0.00190449
16 0.692969 0.774005 0.379688 0.377049 0.00188255
73 0.380078 0.430328 0.0164063 0.0714286 0.00181007
39 0.51875 0.624122 0.0140625 0.0210773 0.00165462
58 0.0714844 0.493267 0.122852 0.267564 0.00161076
73 0.392188 0.427986 0.0125 0.0749414 0.00155449
73 0.382422 0.435304 0.0148437 0.0591335 0.00151253
68 0.329492 0.176852 0.294141 0.129903 0.00150681
74 0.407422 0.567916 0.115625 0.108899 0.0014782
73 0.430078 0.428279 0.015625 0.0831382 0.00141048
39 0.394922 0.411007 0.0148437 0.0538642 0.00138855
0 0.070166 0.490632 0.124121 0.263466 0.00124931
73 0.394531 0.433548 0.0109375 0.0638173 0.00124454
74 0.764844 0.421838 0.053125 0.107728 0.00123024
73 0.445703 0.430328 0.0148437 0.0948478 0.0012064
39 0.394531 0.426815 0.015625 0.0854801 0.00119209
73 0.404687 0.427986 0.009375 0.0802108 0.00104809
74 0.263281 0.376171 0.126563 0.236534 0.00103664
6 0.951563 0.599678 0.09375 0.634368 0.00103664
73 0.371484 0.430328 0.0148437 0.087822 0.00101662
3 0.692578 0.772834 0.378906 0.374707 0.965332
74 0.408594 0.433255 0.114063 0.113583 0.00754929
72 0.322852 0.48185 0.327734 0.884075 0.00653839
74 0.329297 0.178132 0.292188 0.130269 0.00605011
74 0.758594 0.441159 0.0390625 0.0696721 0.00600433
74 0.409766 0.378293 0.115625 0.224678 0.00488663
58 0.770312 0.704918 0.0421875 0.028103 0.00445175
73 0.408203 0.435012 0.1125 0.108899 0.00429916
0 0.673438 0.447892 0.0171875 0.029274 0.00385475
58 0.767188 0.709602 0.046875 0.0374707 0.00359344
73 0.421875 0.426815 0.015625 0.0837236 0.00356483
0 0.725781 0.43911 0.01875 0.0351288 0.00353813
74 0.407422 0.568208 0.114844 0.108314 0.00344276
39 0.380078 0.430621 0.0164063 0.0702576 0.00342941
73 0.409375 0.379098 0.117188 0.224824 0.00337601
68 0.329688 0.177254 0.29375 0.129684 0.00333786
58 0.763281 0.716628 0.059375 0.0550351 0.00312424
73 0.407422 0.568208 0.114844 0.108314 0.00294685
69 0.325391 0.485656 0.361719 0.916276 0.00279999
73 0.433203 0.426229 0.0148437 0.0831382 0.00233269
74 0.764063 0.422717 0.0515625 0.105386 0.00231361
16 0.692969 0.774005 0.379688 0.377049 0.00211525
73 0.417969 0.427108 0.01875 0.0848946 0.00208282
73 0.380078 0.430621 0.0164063 0.0702576 0.00175476
73 0.429688 0.428279 0.0148437 0.0825527 0.00167465
74 0.408594 0.326112 0.115625 0.116511 0.00163555
39 0.394922 0.409251 0.0148437 0.0503513 0.0015974
39 0.519141 0.624122 0.0132813 0.0210773 0.00156116
73 0.392188 0.427986 0.0125 0.0761124 0.00154877
6 0.951563 0.598946 0.0953125 0.63466 0.00150108
73 0.382422 0.435597 0.0148437 0.058548 0.00149536
74 0.263281 0.376537 0.125781 0.236388 0.00139904
73 0.446094 0.430621 0.0148437 0.0954333 0.00134087
69 0.329688 0.177254 0.29375 0.129684 0.00133038
73 0.394531 0.433548 0.0109375 0.0638173 0.00131512
58 0.0706055 0.490047 0.123633 0.262295 0.00129414
39 0.395313 0.426815 0.015625 0.0854801 0.0012846
74 0.262695 0.43589 0.122266 0.113583 0.0012207
69 0.263281 0.564988 0.125 0.125293 0.00110722
77 0.0698242 0.484485 0.125391 0.248829 0.00109482
73 0.404687 0.427986 0.0101563 0.0807962 0.00108624
73 0.440625 0.429742 0.015625 0.0895784 0.00103188
73 0.444531 0.426229 0.0109375 0.0819672 0.00102043
73 0.371484 0.430035 0.0148437 0.088993 0.00101185
39 0.382422 0.435597 0.0148437 0.058548 0.00100803
3 0.692578 0.772834 0.378906 0.374707 0.958984
74 0.408691 0.430328 0.113867 0.119438 0.00945282
74 0.329297 0.177986 0.292188 0.130269 0.00806427
74 0.758203 0.441745 0.0382813 0.0690866 0.00746155
74 0.409375 0.377049 0.115625 0.227752 0.00619125
58 0.770312 0.704918 0.0421875 0.028103 0.00602722
74 0.406934 0.568501 0.114258 0.107728 0.00486755
58 0.767578 0.709016 0.0476562 0.0362998 0.00446701
68 0.329492 0.177693 0.293359 0.129977 0.00419998
73 0.409375 0.379098 0.116406 0.224824 0.00395966
58 0.763281 0.716628 0.059375 0.0562061 0.00392914
72 0.323828 0.483021 0.317969 0.885246 0.00388527
0 0.725781 0.43911 0.01875 0.0357143 0.00363541
0 0.673438 0.448185 0.0171875 0.029274 0.00359344
74 0.763281 0.424473 0.05 0.103044 0.00328636
73 0.408594 0.435304 0.1125 0.108899 0.00305176
73 0.406934 0.568501 0.114258 0.107728 0.00271416
73 0.421875 0.427108 0.015625 0.0843091 0.00257111
39 0.380469 0.430328 0.0164063 0.0702576 0.00252151
69 0.321289 0.489169 0.343359 0.909251 0.00227928
16 0.692969 0.77459 0.379688 0.375878 0.00218201
74 0.408203 0.326112 0.114844 0.116511 0.0019722
6 0.951563 0.598361 0.09375 0.63466 0.00175476
73 0.432813 0.426522 0.015625 0.0837236 0.00168705
69 0.329492 0.177693 0.293359 0.129977 0.00158501
74 0.263281 0.377342 0.125 0.234192 0.0015192
74 0.262695 0.437354 0.121484 0.110656 0.00146675
73 0.417969 0.426815 0.0179687 0.0848946 0.00144386
39 0.394922 0.407494 0.0148437 0.0468384 0.00129986
58 0.815625 0.207845 0.345313 0.40808 0.00124454
39 0.519141 0.625293 0.0132813 0.0199063 0.00123501
73 0.380469 0.430328 0.0164063 0.0702576 0.00123024
73 0.429688 0.427986 0.0140625 0.0819672 0.00118828
73 0.392188 0.4274 0.0125 0.0766979 0.0011158
73 0.382422 0.435304 0.015625 0.0579625 0.0011158
39 0.395313 0.426522 0.015625 0.0848946 0.00106049
3 0.692187 0.772834 0.376563 0.374707 0.94873
74 0.408203 0.422424 0.113281 0.136417 0.0106964
74 0.329297 0.180913 0.292188 0.122073 0.0102463
74 0.409473 0.376756 0.11543 0.228923 0.00706482
74 0.757812 0.441452 0.0390625 0.0702576 0.0069313
58 0.770312 0.704918 0.04375 0.029274 0.00621796
68 0.326562 0.180328 0.292188 0.125 0.00527954
74 0.407031 0.568208 0.114063 0.108314 0.00526047
58 0.767188 0.709602 0.05 0.0374707 0.00452042
73 0.409277 0.379391 0.11582 0.224824 0.00418091
58 0.763281 0.716628 0.059375 0.057377 0.00407028
74 0.763672 0.423009 0.0507812 0.105972 0.00341606
0 0.725781 0.43911 0.01875 0.0351288 0.00277901
72 0.324414 0.483021 0.313672 0.888759 0.00273705
0 0.673438 0.448185 0.0171875 0.029274 0.00243378
74 0.408203 0.326039 0.114063 0.116071 0.00232315
73 0.408984 0.419789 0.114063 0.141686 0.00226974
58 0.816406 0.206821 0.345313 0.40603 0.00223351
69 0.320898 0.491803 0.332422 0.906323 0.00213242
73 0.407031 0.568501 0.114063 0.107728 0.00208282
73 0.421875 0.4274 0.0171875 0.0843091 0.00198746
16 0.692969 0.775176 0.379688 0.377049 0.0019722
39 0.380469 0.430328 0.0164063 0.0702576 0.00185299
69 0.329297 0.177986 0.292969 0.129977 0.00175476
74 0.262891 0.437646 0.121094 0.11007 0.00175476
39 0.379688 0.427986 0.0195312 0.086651 0.00174809
74 0.263281 0.37822 0.124609 0.232436 0.00174809
59 0.321924 0.498536 0.32334 0.891686 0.00164223
6 0.951563 0.597775 0.09375 0.63466 0.00133038
73 0.433203 0.426815 0.015625 0.0843091 0.00132465
73 0.418359 0.426815 0.01875 0.0848946 0.0011158
3 0.692969 0.77459 0.378125 0.375878 0.938965
74 0.40791 0.405152 0.113867 0.17096 0.0106506
74 0.329297 0.180328 0.292188 0.122658 0.0102081
74 0.40791 0.436768 0.112305 0.108899 0.00901794
74 0.757812 0.441452 0.0390625 0.0702576 0.00624084
58 0.770312 0.704918 0.04375 0.029274 0.00600433
68 0.326172 0.180364 0.291406 0.12522 0.00568771
74 0.406934 0.568208 0.114258 0.108314 0.00475693
58 0.767188 0.709602 0.05 0.0398126 0.00453949
58 0.762891 0.716628 0.0601563 0.058548 0.00428009
73 0.408984 0.379391 0.116406 0.224824 0.00323486
74 0.763672 0.422717 0.0507812 0.106557 0.00313568
72 0.323096 0.482436 0.313184 0.893443 0.00260162
74 0.408496 0.358899 0.114258 0.183841 0.00255013
58 0.816406 0.206967 0.346875 0.406909 0.00242424
74 0.408203 0.326039 0.114063 0.116071 0.00239754
59 0.321875 0.498244 0.321875 0.892272 0.00234222
69 0.321094 0.492096 0.328906 0.905738 0.00219917
0 0.725781 0.43911 0.01875 0.0351288 0.00192642
74 0.263086 0.437939 0.121484 0.11007 0.00186062
74 0.263281 0.378879 0.125 0.230533 0.00185299
69 0.327344 0.17945 0.296875 0.127635 0.0018034
73 0.408496 0.411007 0.114258 0.159251 0.00175476
0 0.673438 0.448478 0.0171875 0.029274 0.00169373
73 0.407031 0.568208 0.114063 0.107143 0.0016489
16 0.692969 0.775176 0.379688 0.377049 0.00164223
73 0.408203 0.435597 0.113281 0.11007 0.00151253
73 0.422266 0.4274 0.0171875 0.0843091 0.00141621
39 0.380469 0.430913 0.0171875 0.0690866 0.00133514
39 0.380078 0.427986 0.0203125 0.086651 0.00116062
6 0.951563 0.598214 0.09375 0.634953 0.00116062
3 0.692187 0.773419 0.376563 0.375878 0.930664
74 0.408203 0.394614 0.114063 0.192037 0.0124283
74 0.329297 0.179999 0.292188 0.122439 0.012291
74 0.407422 0.436475 0.1125 0.109485 0.0106964
68 0.325977 0.180328 0.291016 0.125585 0.00679779
74 0.757812 0.441452 0.0390625 0.0702576 0.00643921
58 0.770312 0.704918 0.0453125 0.030445 0.00641251
74 0.407422 0.569087 0.114063 0.108899 0.00612259
58 0.7625 0.716628 0.0609375 0.058548 0.00492477
58 0.766797 0.710773 0.0523438 0.0421546 0.00486755
58 0.820508 0.209455 0.352734 0.413056 0.00419998
73 0.408984 0.379318 0.116406 0.224971 0.00356483
59 0.32207 0.502342 0.319922 0.884075 0.00351143
74 0.764063 0.422131 0.0515625 0.107728 0.00340271
74 0.408496 0.354215 0.114258 0.173888 0.00314713
74 0.408203 0.326039 0.114063 0.116071 0.00298119
69 0.321289 0.495023 0.325391 0.901054 0.00243378
69 0.325977 0.180328 0.291016 0.125585 0.00216484
72 0.323242 0.483314 0.312109 0.892857 0.00200272
74 0.263477 0.379977 0.125391 0.228923 0.00194168
74 0.263281 0.437646 0.122266 0.111241 0.00183868
73 0.408203 0.43589 0.114063 0.110656 0.00153637
73 0.407031 0.568501 0.114063 0.107728 0.00151253
16 0.693359 0.775176 0.378906 0.377049 0.00148964
0 0.725781 0.438817 0.01875 0.0351288 0.00146103
0 0.673438 0.448478 0.0171875 0.029274 0.00138855
73 0.422266 0.427108 0.0171875 0.0843091 0.00125504
39 0.380566 0.43267 0.0169922 0.0655738 0.00109482
2 0.406152 0.568794 0.11582 0.108314 0.00106907
11 0.953906 0.451698 0.0921875 0.34719 0.00104809
74 0.364844 0.180621 0.0242188 0.0550351 0.00102043
3 0.692578 0.773419 0.377344 0.375878 0.929199
74 0.329297 0.179779 0.292188 0.122878 0.0119629
74 0.408203 0.380269 0.114063 0.220726 0.0104523
74 0.407422 0.436768 0.113281 0.11007 0.00871277
58 0.770312 0.704918 0.0453125 0.030445 0.00734711
74 0.757812 0.441745 0.0390625 0.0696721 0.00731659
68 0.325586 0.180072 0.291016 0.125805 0.00666809
74 0.407422 0.569087 0.114063 0.108899 0.00605011
58 0.7625 0.717213 0.0609375 0.058548 0.00579834
58 0.766797 0.710773 0.0539063 0.0421546 0.00570679
58 0.820312 0.208138 0.353125 0.410422 0.00479126
74 0.763672 0.423302 0.0507812 0.105972 0.00374985
59 0.319531 0.488876 0.313281 0.898126 0.00362206
69 0.321045 0.494145 0.323535 0.896955 0.00300407
74 0.408203 0.326625 0.114063 0.117242 0.00251198
73 0.408691 0.379391 0.116992 0.22541 0.00237846
69 0.325586 0.180072 0.291016 0.125805 0.00228691
72 0.321875 0.48185 0.3125 0.893443 0.00218201
74 0.263477 0.38005 0.126172 0.229362 0.00164223
74 0.263281 0.437354 0.123438 0.112412 0.00146675
73 0.407031 0.568501 0.114063 0.107728 0.00134087
0 0.673438 0.448478 0.0171875 0.0298595 0.00130939
0 0.726172 0.438817 0.0195312 0.0351288 0.00129414
16 0.693359 0.775176 0.378906 0.377049 0.0012598
2 0.40625 0.568794 0.115625 0.108314 0.0012207
11 0.953906 0.451405 0.0921875 0.347775 0.0012207
74 0.364844 0.180913 0.0242188 0.0550351 0.00111198
3 0.692578 0.774005 0.377344 0.377049 0.934082
74 0.329297 0.179706 0.292188 0.123024 0.0118713
74 0.408203 0.378879 0.114844 0.223507 0.0105667
74 0.407422 0.436768 0.113281 0.11007 0.0088501
58 0.767969 0.704918 0.046875 0.0351288 0.008255
74 0.757812 0.441452 0.0390625 0.0702576 0.00760651
58 0.820312 0.207992 0.353125 0.409543 0.00679779
58 0.7625 0.717213 0.0609375 0.058548 0.00671768
74 0.407031 0.568208 0.114063 0.108314 0.00656509
58 0.766406 0.710773 0.0546875 0.0421546 0.00638962
68 0.325391 0.180035 0.291406 0.125585 0.00600433
74 0.763672 0.422717 0.0507812 0.106557 0.00388527
59 0.319727 0.488583 0.313672 0.89637 0.00351143
69 0.321289 0.492974 0.323828 0.893443 0.00312424
74 0.408203 0.326625 0.114844 0.117242 0.00253105
72 0.321924 0.480972 0.313184 0.892857 0.00248146
73 0.408496 0.379391 0.117383 0.22541 0.00219154
69 0.327734 0.17945 0.297656 0.12822 0.00216484
74 0.263477 0.379977 0.126563 0.228923 0.00178909
74 0.263477 0.437354 0.123438 0.112412 0.00164223
11 0.953906 0.451405 0.0921875 0.347775 0.00161076
73 0.407031 0.568208 0.114063 0.107143 0.00144386
2 0.40625 0.568794 0.115625 0.108314 0.00137234
16 0.693359 0.775761 0.378906 0.377049 0.00110722
74 0.364844 0.180913 0.0242188 0.0550351 0.00107765
0 0.726172 0.438525 0.0195312 0.0351288 0.00106907
58 0.817383 0.46692 0.365234 0.930328 0.00102425
0 0.673438 0.448478 0.0171875 0.029274 0.00102043
3 0.692578 0.774005 0.377344 0.375878 0.939453
74 0.408203 0.386417 0.114844 0.20726 0.0130234
74 0.329297 0.179706 0.292188 0.123024 0.0124817
74 0.407422 0.436475 0.113281 0.11007 0.0115967
74 0.757812 0.441745 0.0390625 0.0696721 0.00901794
58 0.767969 0.705503 0.046875 0.0362998 0.00891876
74 0.407031 0.568208 0.114063 0.108314 0.00784302
58 0.820312 0.20726 0.353125 0.40808 0.00769424
58 0.7625 0.717213 0.0609375 0.058548 0.00712204
58 0.766406 0.711358 0.0546875 0.0433255 0.00661469
68 0.325391 0.179999 0.291406 0.125366 0.00626373
74 0.763672 0.423009 0.0507812 0.106557 0.00455475
59 0.319873 0.489754 0.313379 0.892857 0.00450516
69 0.321533 0.494145 0.32334 0.886417 0.00416565
74 0.408496 0.326405 0.114258 0.117096 0.00301552
73 0.408496 0.379391 0.117383 0.22541 0.00281143
72 0.320361 0.490047 0.317871 0.898126 0.00254059
69 0.32793 0.179413 0.297266 0.128293 0.00232315
74 0.263281 0.380269 0.126563 0.228337 0.00230598
74 0.263281 0.437646 0.123438 0.111827 0.00225258
11 0.953906 0.451405 0.0921875 0.347775 0.0020504
73 0.407031 0.568208 0.114063 0.107143 0.00178909
2 0.40625 0.568794 0.115625 0.108314 0.00159168
74 0.364844 0.180913 0.0242188 0.0550351 0.00124454
58 0.816406 0.467506 0.365625 0.931499 0.00120163
14 0.0724609 0.490925 0.121875 0.26171 0.00114727
73 0.408203 0.43589 0.114844 0.111827 0.00108147
0 0.726172 0.438525 0.0195312 0.0351288 0.00102806
16 0.693359 0.776347 0.378906 0.377049 0.00102425
13 0.263867 0.569672 0.121094 0.108899 0.00102043
58 0.759375 0.709602 0.0625 0.0515222 0.00102043
74 0.321436 0.502635 0.312598 0.861241 0.00101662
3 0.692578 0.774005 0.377344 0.375878 0.941895
74 0.408203 0.38993 0.114844 0.201405 0.0171051
74 0.329297 0.179889 0.292188 0.122365 0.0151901
74 0.407422 0.436768 0.113281 0.110656 0.014389
74 0.407031 0.568208 0.114063 0.108314 0.0109024
74 0.757812 0.442037 0.0390625 0.0702576 0.0102463
58 0.767578 0.705503 0.0476562 0.0362998 0.0100555
58 0.820312 0.20726 0.353125 0.407494 0.00930023
58 0.7625 0.717213 0.0609375 0.058548 0.00775528
58 0.766016 0.711944 0.0554687 0.0444965 0.00698471
68 0.325391 0.180072 0.291406 0.12522 0.0069313
59 0.320312 0.492974 0.310937 0.882904 0.00548935
74 0.763281 0.423302 0.05 0.106557 0.00534439
69 0.322266 0.498829 0.320312 0.873536 0.00455475
74 0.408496 0.326112 0.114258 0.117096 0.00400543
73 0.408496 0.379684 0.117383 0.22541 0.00378036
74 0.263281 0.381074 0.126172 0.226142 0.00351143
74 0.263281 0.437939 0.122656 0.112412 0.00338936
74 0.408594 0.352532 0.116406 0.170814 0.00327301
11 0.953906 0.451405 0.0921875 0.347775 0.00258064
69 0.32793 0.17945 0.297266 0.12822 0.00250244
73 0.407031 0.568501 0.114063 0.107728 0.00234985
72 0.323633 0.483607 0.308203 0.885246 0.00225258
2 0.40625 0.568794 0.115625 0.108314 0.00191212
14 0.0728516 0.491511 0.121289 0.262881 0.00163555
74 0.364844 0.180913 0.0242188 0.0544496 0.00161076
58 0.81582 0.46897 0.365234 0.933255 0.00139904
73 0.408203 0.436183 0.114844 0.112412 0.00133514
1 0.378516 0.74356 0.0445313 0.220141 0.0012207
74 0.321826 0.509368 0.310254 0.845433 0.00121593
74 0.726172 0.438525 0.0195312 0.0345433 0.00115108
59 0.262891 0.470726 0.523438 0.91452 0.00113392
39 0.380859 0.435012 0.0171875 0.059719 0.0011034
0 0.726172 0.438525 0.0195312 0.0345433 0.0011034
13 0.263867 0.569672 0.120703 0.108899 0.00108147
58 0.817187 0.303352 0.357812 0.597043 0.00105286
13 0.263867 0.689696 0.132031 0.408665 0.00104809
62 0.40791 0.382977 0.113867 0.217652 0.00103188
66 0.407422 0.436768 0.113281 0.110656 0.00102043
0 0.673438 0.448478 0.0171875 0.029274 0.00101662
3 0.69375 0.77459 0.378125 0.377049 0.946289
74 0.407715 0.408958 0.114258 0.162763 0.0189819
74 0.407422 0.436768 0.113281 0.11007 0.0161591
74 0.329102 0.180035 0.292578 0.122365 0.0157166
74 0.407031 0.568208 0.114063 0.108314 0.0127258
74 0.408984 0.377049 0.115625 0.228337 0.0124817
74 0.757812 0.442037 0.0390625 0.0696721 0.0118713
58 0.767578 0.705503 0.0476562 0.0362998 0.0109863
58 0.820312 0.206382 0.351562 0.405738 0.00955963
58 0.7625 0.717213 0.0625 0.058548 0.00837708
58 0.765625 0.711944 0.05625 0.0444965 0.00746155
68 0.328906 0.177144 0.292188 0.13166 0.00714874
74 0.763281 0.423595 0.05 0.105972 0.00616837
59 0.320703 0.494731 0.309375 0.877049 0.0055542
69 0.322852 0.501756 0.318359 0.864169 0.00518036
74 0.408203 0.34514 0.114844 0.156323 0.00471878
74 0.263281 0.382904 0.125 0.222482 0.00455475
73 0.408984 0.379903 0.117188 0.224971 0.00443268
74 0.263086 0.437646 0.122266 0.111827 0.00429916
11 0.953906 0.451405 0.0921875 0.347775 0.00275803
73 0.407031 0.568501 0.114063 0.107728 0.0027256
69 0.327734 0.17945 0.297656 0.12822 0.00265312
72 0.32207 0.49356 0.313672 0.885246 0.00225258
73 0.408594 0.413349 0.115625 0.155152 0.00219917
2 0.40625 0.569087 0.115625 0.107728 0.00203514
14 0.0730957 0.491511 0.120996 0.262881 0.00198746
73 0.408496 0.342213 0.11582 0.149883 0.00197983
74 0.364844 0.180913 0.0242188 0.0544496 0.0017004
73 0.407715 0.436183 0.114258 0.111827 0.00153637
1 0.378516 0.74356 0.0445313 0.220141 0.00153065
58 0.815625 0.468384 0.365625 0.932084 0.00132465
74 0.726172 0.438525 0.0195312 0.0345433 0.00129986
74 0.321924 0.512002 0.309277 0.837822 0.00126457
0 0.726172 0.438525 0.0195312 0.0345433 0.0012598
39 0.380859 0.435304 0.0171875 0.0591335 0.00125504
59 0.263281 0.47014 0.524219 0.913349 0.00125504
73 0.262891 0.562354 0.123438 0.120023 0.00120163
77 0.0730957 0.491511 0.120996 0.262881 0.00118828
62 0.407813 0.388759 0.113281 0.206089 0.00116062
0 0.673438 0.448478 0.0171875 0.029274 0.0011425
14 0.0981445 0.696136 0.0123047 0.0245902 0.0011425
74 0.289062 0.42945 0.0449219 0.087822 0.00112438
13 0.263867 0.689696 0.131641 0.408665 0.00112057
58 0.817187 0.303791 0.357812 0.597336 0.00109863
68 0.262891 0.562061 0.124609 0.122951 0.00108147
2 0.409766 0.548302 0.108594 0.0685012 0.00106049
58 0.778125 0.71897 0.096875 0.0608899 0.00105667
66 0.407813 0.549766 0.107031 0.0714286 0.00104427
13 0.263867 0.569672 0.120313 0.108899 0.00104427
66 0.407422 0.436768 0.113281 0.11007 0.00103664
73 0.422266 0.4274 0.0171875 0.0843091 0.00103188
11 0.796875 0.444087 0.025 0.0550351 0.00103188
66 0.407422 0.569087 0.114063 0.108899 0.00102806
16 0.693359 0.775761 0.378906 0.377049 0.00100422
3 0.69375 0.77459 0.378125 0.377049 0.946777
74 0.407715 0.405738 0.114258 0.169789 0.0195618
74 0.407422 0.436768 0.113281 0.11007 0.0162811
74 0.329102 0.180035 0.292578 0.122073 0.0158997
74 0.407031 0.568208 0.114063 0.108314 0.01297
74 0.757812 0.442037 0.0390625 0.0696721 0.0119629
58 0.767578 0.705503 0.0476562 0.0362998 0.0109863
58 0.820312 0.206382 0.351562 0.405738 0.00945282
58 0.762109 0.717213 0.0617188 0.058548 0.00834656
58 0.765625 0.711944 0.05625 0.0444965 0.00748825
68 0.328906 0.177254 0.292188 0.13144 0.00725937
74 0.762891 0.423595 0.0492188 0.105972 0.00621796
59 0.320703 0.494731 0.309375 0.877049 0.00572968
69 0.322852 0.501756 0.318359 0.864169 0.00534439
74 0.408203 0.346531 0.114844 0.158226 0.00488663
74 0.263281 0.382831 0.125391 0.222629 0.00475693
73 0.408984 0.379903 0.117188 0.224971 0.00448608
74 0.263086 0.437646 0.122266 0.111827 0.00439835
73 0.407031 0.568501 0.114063 0.107728 0.00275803
69 0.327734 0.17945 0.297656 0.12822 0.0026722
11 0.953906 0.451405 0.0921875 0.347775 0.00266266
72 0.324805 0.484192 0.306641 0.881733 0.00225258
73 0.408594 0.411592 0.115625 0.15808 0.00221634
2 0.40625 0.569087 0.115625 0.107728 0.00205803
73 0.408496 0.343018 0.11582 0.1512 0.00201988
14 0.0730957 0.491511 0.120996 0.262881 0.00199509
74 0.364844 0.180913 0.0242188 0.0544496 0.0017004
1 0.378516 0.74356 0.0445313 0.220141 0.00154877
73 0.407715 0.436183 0.114258 0.111827 0.00153065
74 0.726172 0.438525 0.0195312 0.0351288 0.00131512
58 0.815625 0.467799 0.365625 0.932084 0.00131512
59 0.263477 0.469848 0.524609 0.913934 0.00129414
74 0.321924 0.512295 0.309277 0.838407 0.00129414
0 0.726172 0.438525 0.0195312 0.0351288 0.00127888
39 0.380859 0.435304 0.0171875 0.0591335 0.00126457
73 0.262891 0.562354 0.123438 0.120023 0.00119686
77 0.0730957 0.491511 0.120996 0.262881 0.00118351
62 0.407813 0.388173 0.113281 0.20726 0.00117397
0 0.673438 0.448478 0.0171875 0.029274 0.0011692
74 0.289062 0.429157 0.0449219 0.087822 0.00112915
14 0.0981445 0.696136 0.0123047 0.0245902 0.00112057
13 0.263672 0.689696 0.132031 0.408665 0.0011158
58 0.817187 0.304376 0.357812 0.598507 0.00109482
68 0.262891 0.562061 0.125 0.122951 0.00108624
2 0.409766 0.548302 0.108594 0.0685012 0.00107765
66 0.407422 0.436768 0.113281 0.11007 0.00106907
58 0.77793 0.71897 0.0972656 0.0608899 0.00105667
66 0.407813 0.549766 0.107031 0.0714286 0.00104809
13 0.263867 0.569672 0.120313 0.108899 0.00104809
66 0.407422 0.569087 0.114063 0.108899 0.00104427
11 0.796875 0.444087 0.025 0.0550351 0.00102806
73 0.422266 0.4274 0.0171875 0.0843091 0.00102425
