8 0.770312 0.5375 0.053125 0.0208333 0.105957
2 0.770312 0.5375 0.053125 0.0208333 0.0172424
13 0.770312 0.5375 0.0515625 0.0229167 0.0132751
7 0.770312 0.5375 0.0515625 0.0229167 0.00534439
4 0.770312 0.5375 0.0515625 0.0229167 0.00405502
31 0.770312 0.5375 0.053125 0.0208333 0.00400543
2 0.532031 0.677083 0.040625 0.025 0.00191212
0 0.666406 0.697396 0.01875 0.0291667 0.00190449
8 0.770312 0.544792 0.0546875 0.0375 0.00130463
30 0.766797 0.628125 0.0507812 0.208333 0.00118351
36 0.770312 0.5375 0.0515625 0.0229167 0.0011692
0 0.664062 0.7 0.0234375 0.0229167 0.0011425
0 0.654688 0.697917 0.0171875 0.0270833 0.00113773
2 0.534375 0.677083 0.046875 0.0354167 0.00112438
8 0.770703 0.5375 0.0523438 0.0208333 0.12085
2 0.770703 0.5375 0.0523438 0.0208333 0.0222931
13 0.770312 0.5375 0.0515625 0.0208333 0.0209656
31 0.770703 0.5375 0.0523438 0.0208333 0.00919342
7 0.770312 0.5375 0.0515625 0.0208333 0.00566483
0 0.667188 0.697396 0.0171875 0.0291667 0.00301552
4 0.770312 0.5375 0.0515625 0.0208333 0.00264168
36 0.770312 0.5375 0.0515625 0.0208333 0.00214005
0 0.653906 0.697917 0.0171875 0.0270833 0.00191212
0 0.664453 0.7 0.0226563 0.0229167 0.00179577
8 0.770312 0.544792 0.0546875 0.0375 0.00171375
2 0.532031 0.677083 0.040625 0.025 0.00170708
30 0.770703 0.5375 0.0523438 0.0208333 0.00157356
13 0.770312 0.544792 0.0546875 0.0333333 0.00148964
30 0.766797 0.629167 0.0523438 0.208333 0.00117874
8 0.770703 0.5375 0.0523438 0.0208333 0.11676
13 0.770312 0.5375 0.0515625 0.0208333 0.0249939
2 0.770703 0.5375 0.0523438 0.0208333 0.024704
31 0.770703 0.5375 0.0523438 0.0208333 0.0139542
7 0.770312 0.5375 0.0515625 0.0208333 0.00616837
0 0.667188 0.697917 0.0171875 0.0291667 0.00362206
36 0.770312 0.5375 0.0515625 0.0208333 0.00288963
0 0.654297 0.697917 0.0171875 0.0270833 0.00237846
0 0.664062 0.7 0.0234375 0.0229167 0.00204277
30 0.770703 0.5375 0.0523438 0.0208333 0.00201035
4 0.770312 0.5375 0.0515625 0.0208333 0.00194931
2 0.532031 0.676563 0.040625 0.025 0.00190449
8 0.770312 0.545313 0.0546875 0.0375 0.00157356
13 0.770312 0.544792 0.0546875 0.0333333 0.00146103
0 0.660156 0.701042 0.028125 0.021875 0.0012064
2 0.534375 0.677604 0.0460938 0.034375 0.00103188
8 0.770703 0.5375 0.0523438 0.0208333 0.0987549
13 0.770312 0.5375 0.0515625 0.0208333 0.0274811
2 0.770703 0.5375 0.0523438 0.0208333 0.0256653
31 0.770703 0.5375 0.0523438 0.0208333 0.018692
8 0.773438 0.533333 0.046875 0.0208333 0.01297
7 0.770312 0.5375 0.0515625 0.0208333 0.00641251
0 0.667188 0.697917 0.0164063 0.0291667 0.00397491
36 0.770312 0.5375 0.0515625 0.0208333 0.0036068
0 0.653906 0.697917 0.0171875 0.0270833 0.00263214
30 0.770703 0.5375 0.0523438 0.0208333 0.00243378
2 0.532031 0.677083 0.040625 0.025 0.002388
0 0.664062 0.7 0.0226563 0.0229167 0.00211525
2 0.773438 0.533333 0.046875 0.0208333 0.00209999
31 0.773438 0.533333 0.046875 0.0208333 0.00175476
4 0.770312 0.5375 0.0515625 0.0208333 0.00135612
0 0.660156 0.701042 0.028125 0.0208333 0.00131512
13 0.770312 0.544792 0.0546875 0.0333333 0.00127888
8 0.770312 0.544792 0.0546875 0.0375 0.00127411
2 0.534375 0.677604 0.0453125 0.0333333 0.00124931
0 0.659766 0.694271 0.0351562 0.0333333 0.00108147
13 0.653906 0.697917 0.0171875 0.0270833 0.00100422
8 0.771094 0.5375 0.0515625 0.0197917 0.0775146
13 0.770312 0.5375 0.0515625 0.0208333 0.0289764
2 0.771094 0.5375 0.0515625 0.0197917 0.0212097
31 0.771094 0.5375 0.0515625 0.0197917 0.0195618
8 0.775 0.533333 0.04375 0.0208333 0.00919342
7 0.770312 0.5375 0.0515625 0.0208333 0.00557709
36 0.770312 0.5375 0.0515625 0.0208333 0.00369263
0 0.667188 0.697396 0.015625 0.028125 0.00340271
30 0.771094 0.5375 0.0515625 0.0197917 0.00258064
0 0.654297 0.697917 0.0171875 0.0270833 0.00226021
2 0.532031 0.677083 0.040625 0.025 0.00201988
0 0.664062 0.700521 0.0226563 0.0229167 0.00179577
2 0.775 0.533333 0.04375 0.0208333 0.00178242
31 0.775 0.533333 0.04375 0.0208333 0.00167465
0 0.660156 0.701563 0.028125 0.0208333 0.0011158
13 0.769922 0.544792 0.0539063 0.0354167 0.00109005
2 0.534375 0.677604 0.0453125 0.0322917 0.00106525
8 0.771094 0.5375 0.0515625 0.01875 0.0680542
13 0.770312 0.5375 0.0515625 0.0208333 0.0342407
2 0.771094 0.5375 0.0515625 0.01875 0.0220337
31 0.771094 0.5375 0.0515625 0.01875 0.0153046
8 0.776563 0.532813 0.040625 0.0197917 0.00800323
7 0.770312 0.5375 0.0515625 0.0208333 0.00559998
36 0.770312 0.5375 0.0515625 0.01875 0.00323486
0 0.667188 0.697396 0.0164063 0.028125 0.00317192
2 0.532031 0.677083 0.040625 0.0239583 0.0026207
30 0.770312 0.5375 0.0515625 0.01875 0.00214958
0 0.654297 0.697917 0.0171875 0.0270833 0.00214005
2 0.776563 0.532813 0.040625 0.0197917 0.00182438
0 0.664062 0.7 0.0234375 0.0229167 0.0016613
31 0.776563 0.532813 0.040625 0.0197917 0.00136185
2 0.534375 0.678125 0.0453125 0.03125 0.00135612
13 0.654297 0.697917 0.0171875 0.0270833 0.00109863
8 0.771094 0.5375 0.0515625 0.01875 0.0526123
13 0.770312 0.5375 0.0515625 0.0208333 0.0358276
2 0.771094 0.5375 0.0515625 0.01875 0.0190582
31 0.771094 0.5375 0.0515625 0.01875 0.0119171
8 0.778125 0.532813 0.0375 0.0197917 0.0064888
7 0.770312 0.5375 0.0515625 0.0208333 0.00502014
36 0.770312 0.5375 0.0515625 0.0208333 0.00287819
0 0.667969 0.697917 0.015625 0.0270833 0.00287819
2 0.532031 0.677083 0.0390625 0.0229167 0.00217438
0 0.654297 0.697917 0.0171875 0.0270833 0.00184631
30 0.771094 0.5375 0.0515625 0.01875 0.00181007
2 0.778125 0.532813 0.0375 0.0197917 0.0016613
0 0.664844 0.7 0.021875 0.0229167 0.00150681
2 0.534766 0.677604 0.0445313 0.0302083 0.00109863
31 0.778125 0.532813 0.0375 0.0197917 0.00106907
13 0.654297 0.697917 0.0171875 0.0270833 0.00102806
8 0.771094 0.5375 0.0515625 0.01875 0.0381775
13 0.770312 0.538021 0.0515625 0.0197917 0.0322266
2 0.771094 0.5375 0.0515625 0.01875 0.0139542
31 0.771094 0.5375 0.0515625 0.01875 0.0116425
8 0.780469 0.532292 0.0328125 0.01875 0.00411606
7 0.770312 0.538021 0.0515625 0.0197917 0.00369263
0 0.667969 0.697917 0.015625 0.0270833 0.00240517
36 0.770312 0.538021 0.0515625 0.0197917 0.00234222
30 0.770312 0.5375 0.0515625 0.01875 0.00195694
0 0.654297 0.697917 0.0171875 0.0270833 0.00152493
0 0.664844 0.7 0.021875 0.0229167 0.00129414
2 0.780469 0.532292 0.0328125 0.01875 0.00122547
2 0.532031 0.677083 0.0390625 0.021875 0.00112057
13 0.770312 0.538542 0.0515625 0.0208333 0.0316162
8 0.770703 0.5375 0.0523438 0.01875 0.0290833
2 0.770703 0.5375 0.0523438 0.01875 0.0105667
31 0.770703 0.5375 0.0523438 0.01875 0.00834656
8 0.78125 0.532292 0.03125 0.01875 0.00331116
7 0.770312 0.538542 0.0515625 0.0208333 0.00301552
0 0.667969 0.697917 0.015625 0.0270833 0.00216484
36 0.770312 0.538542 0.0515625 0.0208333 0.0018034
30 0.770703 0.5375 0.0523438 0.01875 0.0015974
2 0.532031 0.677083 0.0390625 0.0229167 0.00150108
0 0.653906 0.697917 0.0171875 0.0270833 0.00135612
0 0.665234 0.7 0.0210938 0.0229167 0.0011158
13 0.770312 0.538542 0.0515625 0.0208333 0.0254669
8 0.770703 0.5375 0.0523438 0.01875 0.0245209
31 0.770703 0.5375 0.0523438 0.01875 0.00933838
2 0.770703 0.5375 0.0523438 0.01875 0.00821686
8 0.779883 0.532292 0.0339844 0.01875 0.0027256
7 0.770312 0.538542 0.0515625 0.0208333 0.00218201
30 0.770703 0.5375 0.0523438 0.01875 0.00191212
0 0.667578 0.697917 0.0164063 0.0291667 0.00172043
36 0.770312 0.538542 0.0515625 0.0208333 0.00162888
2 0.532031 0.677083 0.0390625 0.0229167 0.00134563
0 0.654688 0.697917 0.01875 0.0270833 0.00116062
13 0.770312 0.538021 0.0515625 0.0208333 0.0317383
8 0.770703 0.5375 0.0523438 0.01875 0.0227203
2 0.770703 0.5375 0.0523438 0.01875 0.00912476
31 0.770703 0.5375 0.0523438 0.01875 0.00664139
2 0.532031 0.677604 0.040625 0.0229167 0.0050621
8 0.77793 0.532813 0.0378906 0.0197917 0.00324821
2 0.534766 0.678125 0.04375 0.0291667 0.00265312
7 0.770312 0.538021 0.0515625 0.0208333 0.00232315
0 0.667969 0.697917 0.015625 0.0291667 0.00194931
30 0.770703 0.5375 0.0523438 0.01875 0.00150108
36 0.770312 0.538021 0.0515625 0.0208333 0.00146103
0 0.653906 0.697917 0.0171875 0.0270833 0.00124931
2 0.546094 0.691667 0.0273438 0.025 0.0011425
13 0.770312 0.538021 0.0515625 0.0208333 0.0275879
8 0.770703 0.5375 0.0523438 0.01875 0.0171814
2 0.532031 0.678125 0.040625 0.0229167 0.008255
2 0.770312 0.5375 0.0515625 0.01875 0.0069046
2 0.534375 0.678125 0.04375 0.0302083 0.00479126
31 0.770703 0.5375 0.0523438 0.01875 0.00450516
8 0.776563 0.533333 0.040625 0.0208333 0.00259018
2 0.546094 0.691667 0.028125 0.025 0.00194168
7 0.770312 0.538021 0.0515625 0.0208333 0.00185299
2 0.535156 0.686458 0.0453125 0.0354167 0.00153065
0 0.667969 0.697917 0.015625 0.0291667 0.00148964
30 0.770703 0.5375 0.0523438 0.01875 0.0011692
2 0.531641 0.670833 0.0421875 0.0333333 0.00113392
36 0.770312 0.538021 0.0515625 0.0208333 0.00107765
13 0.770312 0.538021 0.0515625 0.021875 0.0133743
8 0.770703 0.538021 0.0523438 0.0197917 0.00888062
2 0.532031 0.678125 0.040625 0.0239583 0.00588989
2 0.534375 0.678125 0.04375 0.03125 0.00369263
2 0.770312 0.5375 0.0515625 0.01875 0.00290108
31 0.770703 0.538021 0.0523438 0.0197917 0.00263214
2 0.545703 0.691667 0.028125 0.0270833 0.00167465
8 0.774219 0.533333 0.0453125 0.0208333 0.00137806
2 0.535156 0.686458 0.0453125 0.0354167 0.0012598
13 0.770312 0.538021 0.0515625 0.021875 0.00926971
8 0.771094 0.538021 0.0515625 0.0197917 0.00671768
2 0.532031 0.678125 0.040625 0.0239583 0.00626373
2 0.534375 0.678125 0.04375 0.0322917 0.00403976
31 0.771094 0.538021 0.0515625 0.0197917 0.00227928
2 0.770703 0.536458 0.0523438 0.025 0.00221634
2 0.545703 0.691667 0.028125 0.0270833 0.00187492
2 0.535156 0.686458 0.0453125 0.0354167 0.00141621
8 0.773438 0.533854 0.046875 0.021875 0.00104809
13 0.770312 0.538021 0.0515625 0.021875 0.00790405
8 0.771094 0.538021 0.0515625 0.0197917 0.00614548
2 0.532031 0.678125 0.040625 0.0239583 0.00452042
2 0.534375 0.678125 0.04375 0.03125 0.00292397
31 0.771094 0.538021 0.0515625 0.0197917 0.00242424
2 0.770703 0.536979 0.0523438 0.025 0.00191879
2 0.546094 0.691667 0.028125 0.0270833 0.00137806
2 0.534766 0.686458 0.0445313 0.0354167 0.00108147
13 0.770312 0.538021 0.0515625 0.021875 0.00757599
8 0.771094 0.5375 0.0515625 0.0208333 0.00605011
2 0.532031 0.678125 0.040625 0.0239583 0.00453949
2 0.534375 0.677604 0.04375 0.0322917 0.00286674
31 0.771094 0.5375 0.0515625 0.0208333 0.00256157
2 0.770703 0.536979 0.0523438 0.025 0.00181007
2 0.545703 0.691667 0.0289063 0.0270833 0.00135136
2 0.534375 0.686458 0.04375 0.034375 0.00108624
13 0.770312 0.538021 0.0515625 0.021875 0.00709534
8 0.771094 0.5375 0.0515625 0.0208333 0.00584412
2 0.532031 0.678125 0.040625 0.0239583 0.00492477
31 0.771094 0.5375 0.0515625 0.0208333 0.00265312
2 0.770703 0.536979 0.0523438 0.025 0.00178242
2 0.545703 0.691667 0.0289063 0.0270833 0.00138855
2 0.534766 0.686458 0.0445313 0.0333333 0.00120163
13 0.770312 0.5375 0.0515625 0.0208333 0.00698471
2 0.532031 0.678125 0.0398437 0.0229167 0.005867
8 0.771094 0.5375 0.0515625 0.0208333 0.00568771
2 0.533594 0.677083 0.04375 0.03125 0.0036068
31 0.771094 0.5375 0.0515625 0.0208333 0.0024929
2 0.770703 0.536979 0.0523438 0.025 0.0018177
2 0.545703 0.691667 0.0289063 0.0270833 0.00162315
2 0.534375 0.686458 0.04375 0.0333333 0.00140476
2 0.532031 0.678125 0.0398437 0.0239583 0.00881195
13 0.770312 0.5375 0.0515625 0.0208333 0.00740433
8 0.770703 0.5375 0.0523438 0.0208333 0.00612259
2 0.533594 0.677083 0.04375 0.03125 0.00530243
31 0.770703 0.5375 0.0523438 0.0208333 0.00243378
2 0.545703 0.691667 0.0289063 0.0270833 0.00242424
2 0.534375 0.685417 0.04375 0.0333333 0.00208282
2 0.770703 0.536979 0.0523438 0.025 0.0019722
2 0.531641 0.672396 0.0421875 0.0364583 0.0012598
2 0.532031 0.678125 0.0398437 0.0239583 0.00874329
13 0.770312 0.5375 0.0515625 0.0208333 0.00737381
8 0.771094 0.5375 0.0515625 0.0208333 0.006073
2 0.533594 0.677083 0.04375 0.03125 0.00530243
2 0.545313 0.691146 0.028125 0.0270833 0.00243378
31 0.771094 0.5375 0.0515625 0.0208333 0.0024147
2 0.534766 0.685417 0.04375 0.0333333 0.00209999
2 0.770703 0.536979 0.0523438 0.025 0.00195694
