28 0.838407 0.765625 0.323185 0.346875 0.916016
0 0.494731 0.510938 0.348946 0.848437 0.864258
0 0.327869 0.663672 0.325527 0.544531 0.847656
56 0.53103 0.934375 0.937939 0.11875 0.0245209
56 0.108241 0.934375 0.099678 0.125 0.012825
28 0.53103 0.932813 0.923888 0.11875 0.0125275
13 0.525176 0.934375 0.925058 0.11875 0.0124817
59 0.53103 0.932813 0.923888 0.11875 0.0116882
26 0.838407 0.765625 0.323185 0.348438 0.00772476
41 0.497658 0.482031 0.058548 0.046875 0.00605011
0 0.317916 0.582031 0.298595 0.384375 0.00595856
65 0.193794 0.758984 0.0386417 0.0632813 0.00460815
0 0.507026 0.122754 0.0562061 0.0615234 0.00450516
28 0.845433 0.786719 0.306792 0.16875 0.00402451
57 0.525176 0.934375 0.925058 0.11875 0.00400543
60 0.537617 0.959375 0.920082 0.059375 0.0039444
60 0.529274 0.945312 0.918033 0.0875 0.00382423
71 0.53103 0.932813 0.923888 0.11875 0.00379562
62 0.838993 0.766016 0.322014 0.349219 0.00338936
59 0.540398 0.959375 0.909836 0.05625 0.00316048
28 0.370023 0.836719 0.113583 0.179688 0.00290108
40 0.193794 0.758984 0.0386417 0.0632813 0.00259018
24 0.838407 0.765625 0.323185 0.348438 0.00240517
41 0.192623 0.758203 0.04274 0.0617188 0.00239754
57 0.838407 0.766406 0.323185 0.35 0.00239754
65 0.48829 0.921875 0.264637 0.03125 0.00236893
69 0.53103 0.932813 0.923888 0.11875 0.00236893
56 0.32377 0.935938 0.521077 0.125 0.00221634
56 0.838407 0.766406 0.323185 0.35 0.00221634
0 0.497658 0.121875 0.0421546 0.0601563 0.00194168
13 0.540398 0.959375 0.909836 0.05625 0.00179577
24 0.570258 0.196436 0.117096 0.121191 0.00171375
28 0.844262 0.823438 0.306792 0.232813 0.00171375
26 0.593677 0.484375 0.14637 0.121875 0.0017004
56 0.318501 0.601562 0.297424 0.420312 0.0017004
71 0.522834 0.959375 0.779859 0.059375 0.00168705
28 0.838993 0.658984 0.31733 0.132812 0.00163555
70 0.838407 0.765625 0.323185 0.346875 0.00160408
26 0.571429 0.263672 0.175644 0.233594 0.00144386
26 0.369438 0.828906 0.112412 0.192188 0.00138855
56 0.144321 0.935938 0.167447 0.123438 0.00138855
57 0.540398 0.959375 0.909836 0.05625 0.00125504
67 0.838993 0.766016 0.322014 0.349219 0.00124454
65 0.361827 0.772656 0.0796253 0.06875 0.00123501
65 0.18911 0.760156 0.0515222 0.06875 0.0011692
72 0.495316 0.511719 0.345433 0.845313 0.00116062
61 0.522834 0.934375 0.919204 0.11875 0.0011425
59 0.838407 0.766406 0.323185 0.35 0.00113392
68 0.838993 0.766016 0.322014 0.349219 0.00112915
39 0.193794 0.758984 0.0386417 0.0632813 0.00109863
65 0.483607 0.928125 0.248244 0.025 0.00105667
40 0.18911 0.760156 0.0515222 0.06875 0.00102425
8 0.53103 0.932813 0.923888 0.11875 0.00102043
24 0.56733 0.256982 0.180328 0.224316 0.00100422
28 0.837822 0.765625 0.324356 0.348438 0.911621
0 0.497512 0.51875 0.344555 0.848437 0.862793
0 0.326991 0.663672 0.324941 0.544531 0.849121
56 0.53147 0.934375 0.937061 0.120313 0.0278015
56 0.108241 0.935156 0.099678 0.125 0.016983
59 0.53147 0.93125 0.923009 0.11875 0.0142822
28 0.53147 0.93125 0.923009 0.11875 0.0113754
0 0.317916 0.579688 0.299766 0.379688 0.0106506
13 0.526347 0.934375 0.926229 0.120313 0.0100937
41 0.497658 0.482031 0.058548 0.0460938 0.00803375
26 0.837822 0.765625 0.324356 0.35 0.00757599
59 0.530591 0.95 0.915398 0.08125 0.00714874
71 0.53147 0.93125 0.923009 0.11875 0.00595856
60 0.530591 0.95 0.915398 0.08125 0.00538635
65 0.194087 0.758984 0.0368852 0.0617188 0.00536346
60 0.53147 0.93125 0.923009 0.11875 0.00479126
28 0.844262 0.791406 0.309133 0.184375 0.00453949
57 0.523858 0.933594 0.919496 0.11875 0.00429916
60 0.540984 0.960156 0.915691 0.0578125 0.0042305
0 0.505855 0.122656 0.0550351 0.0609375 0.00400543
59 0.54274 0.960938 0.905152 0.05625 0.00362206
65 0.488144 0.920313 0.26493 0.03125 0.00355148
28 0.530591 0.95 0.915398 0.08125 0.0028553
41 0.192623 0.757812 0.0421546 0.0609375 0.00270462
69 0.53147 0.93125 0.923009 0.11875 0.0026207
28 0.370023 0.836133 0.113583 0.180859 0.00258064
71 0.530591 0.95 0.915398 0.08125 0.00245285
24 0.837822 0.765625 0.324356 0.35 0.0024147
56 0.327357 0.935938 0.527957 0.125 0.00234222
65 0.461358 0.921094 0.199063 0.0265625 0.00228691
69 0.530591 0.95 0.915398 0.08125 0.00224304
40 0.194087 0.758984 0.0368852 0.0617188 0.00223351
26 0.593677 0.483594 0.14637 0.120313 0.00222588
57 0.530591 0.95 0.915398 0.08125 0.00218201
57 0.838407 0.766016 0.323185 0.350781 0.00210762
62 0.838993 0.766016 0.322014 0.350781 0.00193405
56 0.318501 0.597656 0.299766 0.4125 0.00189686
28 0.838993 0.658594 0.31733 0.132812 0.00185299
65 0.4274 0.920313 0.133489 0.028125 0.00181007
0 0.496487 0.121484 0.0386417 0.0589844 0.00178909
71 0.526932 0.959375 0.786885 0.059375 0.00178242
0 0.495902 0.28457 0.336066 0.379297 0.00177479
65 0.486095 0.926562 0.25966 0.03125 0.00175476
56 0.153469 0.935938 0.186036 0.123438 0.00174809
56 0.838407 0.766016 0.323185 0.350781 0.00161648
24 0.570258 0.195898 0.117096 0.119531 0.00160408
26 0.571429 0.263086 0.175644 0.231641 0.00154305
65 0.361827 0.773828 0.0784543 0.0664062 0.00150681
61 0.523858 0.933594 0.919496 0.11875 0.00145531
59 0.838407 0.766016 0.323185 0.350781 0.00144958
70 0.837822 0.765625 0.324356 0.348438 0.00143814
73 0.4274 0.920313 0.133489 0.028125 0.00139904
26 0.369438 0.828906 0.112412 0.19375 0.00138855
57 0.54274 0.960938 0.905152 0.05625 0.00133038
13 0.530591 0.95 0.915398 0.08125 0.00130463
13 0.54274 0.960938 0.905152 0.05625 0.00125504
72 0.494731 0.511719 0.345433 0.845313 0.00122547
56 0.530591 0.95 0.915398 0.08125 0.0012064
0 0.494292 0.364063 0.33226 0.5375 0.00118351
65 0.18911 0.760156 0.0515222 0.06875 0.00116539
39 0.194087 0.758984 0.0368852 0.0617188 0.00109005
67 0.838993 0.766016 0.322014 0.350781 0.00102425
28 0.838407 0.766406 0.323185 0.348438 0.913086
0 0.497512 0.519531 0.344555 0.85 0.86377
0 0.325527 0.664062 0.322014 0.545313 0.839844
56 0.531616 0.934375 0.936768 0.120313 0.0263519
56 0.108241 0.934375 0.099678 0.125 0.0147324
0 0.317916 0.579297 0.299766 0.378906 0.014389
59 0.531616 0.932031 0.922717 0.11875 0.0142822
13 0.528103 0.934375 0.929742 0.11875 0.0102921
28 0.531616 0.932031 0.922717 0.11875 0.00857544
26 0.838993 0.766016 0.322014 0.350781 0.008255
41 0.497658 0.482031 0.058548 0.0460938 0.00725937
59 0.531616 0.955469 0.913349 0.0703125 0.00682449
71 0.531616 0.932031 0.922717 0.11875 0.00641251
60 0.531616 0.955469 0.913349 0.0703125 0.00508118
28 0.844848 0.791406 0.307963 0.179688 0.00471878
65 0.194087 0.759375 0.0368852 0.0609375 0.00439835
60 0.531616 0.932031 0.922717 0.11875 0.00419998
57 0.524737 0.933594 0.920082 0.11875 0.00391388
65 0.486973 0.920313 0.26493 0.03125 0.00332451
0 0.505269 0.122656 0.0538642 0.0605469 0.00294685
24 0.838993 0.766016 0.322014 0.350781 0.00275803
71 0.531616 0.955469 0.913349 0.0703125 0.00269318
69 0.531616 0.932031 0.922717 0.11875 0.00243378
65 0.456089 0.921094 0.188525 0.0265625 0.00234985
56 0.328162 0.935938 0.528688 0.125 0.00218201
41 0.192623 0.757422 0.0415691 0.0601563 0.00214958
57 0.838407 0.766016 0.323185 0.350781 0.00209999
28 0.531616 0.955469 0.913349 0.0703125 0.00209045
69 0.531616 0.955469 0.913349 0.0703125 0.00203514
26 0.593677 0.483594 0.145199 0.119531 0.0019722
65 0.425644 0.920313 0.129977 0.028125 0.00191212
57 0.531616 0.955469 0.913349 0.0703125 0.00189686
28 0.370023 0.836133 0.113583 0.180859 0.00176144
28 0.838993 0.658594 0.31733 0.132812 0.00171375
0 0.496341 0.283789 0.335187 0.377734 0.00166798
73 0.425644 0.920313 0.129977 0.028125 0.0016489
59 0.838407 0.766016 0.323185 0.350781 0.0016489
56 0.317916 0.592969 0.298595 0.403125 0.00161648
56 0.173375 0.935938 0.225849 0.123438 0.00157928
56 0.838407 0.766016 0.323185 0.350781 0.00139904
65 0.485363 0.926562 0.261124 0.03125 0.00139427
0 0.495316 0.121191 0.0374707 0.0583984 0.00138855
61 0.524737 0.933594 0.920082 0.11875 0.00138855
72 0.493999 0.5125 0.346897 0.846875 0.00136185
65 0.361827 0.773438 0.0784543 0.065625 0.00135136
40 0.194087 0.759375 0.0368852 0.0609375 0.00133514
24 0.570843 0.195703 0.117096 0.11875 0.00133038
0 0.421692 0.507422 0.505562 0.839844 0.00131512
70 0.838407 0.766406 0.323185 0.348438 0.00124454
62 0.838993 0.766016 0.322014 0.350781 0.00122547
26 0.571429 0.261719 0.174473 0.229687 0.00121593
26 0.369438 0.82832 0.112412 0.196484 0.00110722
56 0.531616 0.955469 0.913349 0.0703125 0.00103664
13 0.544496 0.960938 0.899297 0.05625 0.00102806
56 0.323185 0.667188 0.314988 0.551562 0.00102425
28 0.838407 0.766016 0.323185 0.347656 0.914062
0 0.497073 0.519531 0.344262 0.851562 0.86377
0 0.324063 0.664062 0.319087 0.545313 0.827148
56 0.531762 0.934375 0.936475 0.120313 0.026062
0 0.31733 0.575781 0.298595 0.371875 0.0196075
56 0.108241 0.934375 0.099678 0.125 0.0152512
59 0.531616 0.932813 0.920375 0.11875 0.0136337
71 0.531616 0.932813 0.920375 0.11875 0.00993347
26 0.838993 0.765625 0.322014 0.35 0.00828552
13 0.530445 0.934375 0.934426 0.11875 0.00787354
41 0.497658 0.482031 0.059719 0.0453125 0.0069046
59 0.531616 0.957031 0.911007 0.065625 0.00624084
28 0.531616 0.932813 0.920375 0.11875 0.00602722
60 0.531616 0.957031 0.911007 0.065625 0.00568771
28 0.844848 0.791406 0.307963 0.185938 0.0045929
60 0.531616 0.932813 0.920375 0.11875 0.00448608
71 0.531616 0.957031 0.911007 0.065625 0.00448608
65 0.194087 0.758984 0.0368852 0.0617188 0.00413513
0 0.420375 0.508984 0.505855 0.839844 0.00363541
57 0.525322 0.934375 0.918911 0.11875 0.00359344
0 0.505269 0.122656 0.0538642 0.0605469 0.00319672
65 0.487119 0.920313 0.265808 0.03125 0.00313568
24 0.838993 0.765625 0.322014 0.35 0.00257111
69 0.531616 0.932813 0.920375 0.11875 0.00254059
65 0.45082 0.921094 0.176815 0.0265625 0.00243378
56 0.328454 0.935938 0.528103 0.125 0.00230598
69 0.531616 0.957031 0.911007 0.065625 0.00221634
65 0.417886 0.920313 0.110363 0.028125 0.00217438
41 0.192623 0.757422 0.0409836 0.0601563 0.00203514
26 0.594262 0.483594 0.145199 0.11875 0.00202751
57 0.838407 0.766016 0.323185 0.350781 0.00195694
73 0.417886 0.920313 0.110363 0.028125 0.00183105
59 0.838407 0.766016 0.323185 0.350781 0.00182438
56 0.161885 0.935938 0.202576 0.123438 0.00181007
57 0.531616 0.957031 0.911007 0.065625 0.00169373
61 0.525322 0.934375 0.918911 0.11875 0.00158501
65 0.361827 0.773438 0.0784543 0.065625 0.00157928
28 0.531616 0.957031 0.911007 0.065625 0.00156689
0 0.495902 0.281836 0.334895 0.373828 0.00156116
56 0.31733 0.575781 0.298595 0.371875 0.00151253
28 0.838993 0.658984 0.31733 0.132031 0.00148964
0 0.496487 0.120996 0.0374707 0.0580078 0.00148392
28 0.370023 0.835938 0.113583 0.18125 0.00129414
56 0.838407 0.766016 0.323185 0.350781 0.0012598
72 0.49356 0.513281 0.347775 0.848437 0.00125504
70 0.838407 0.766016 0.323185 0.347656 0.00124931
56 0.322014 0.667188 0.312646 0.551562 0.00124454
62 0.838993 0.765625 0.322014 0.35 0.00123501
65 0.484924 0.926562 0.262002 0.03125 0.00118828
24 0.570843 0.196045 0.117096 0.118848 0.00117874
40 0.194087 0.758984 0.0368852 0.0617188 0.00116539
28 0.838407 0.766016 0.320843 0.346094 0.914062
0 0.495902 0.519531 0.343091 0.848437 0.868164
0 0.323478 0.664062 0.316745 0.54375 0.819336
56 0.530445 0.935156 0.934426 0.11875 0.0271759
0 0.317037 0.575781 0.296838 0.370313 0.0195007
56 0.108021 0.934375 0.0995316 0.125 0.0158386
59 0.53103 0.932813 0.921546 0.11875 0.0124283
71 0.53103 0.932813 0.921546 0.11875 0.0113754
0 0.425059 0.510156 0.492974 0.839063 0.00841522
26 0.838407 0.766406 0.320843 0.348438 0.00809479
60 0.530445 0.957031 0.911007 0.065625 0.00641251
41 0.497658 0.482031 0.059719 0.0453125 0.00638962
13 0.530445 0.935156 0.934426 0.11875 0.00626373
28 0.844262 0.820117 0.311475 0.237891 0.00542831
59 0.530445 0.957031 0.911007 0.065625 0.00536346
60 0.53103 0.932813 0.921546 0.11875 0.00508118
71 0.530445 0.957031 0.911007 0.065625 0.00492477
28 0.845433 0.785742 0.30445 0.169141 0.0049057
28 0.53103 0.932813 0.921546 0.11875 0.00432968
65 0.194379 0.758594 0.0362998 0.0609375 0.00413513
65 0.487119 0.920313 0.265808 0.03125 0.00341606
57 0.525322 0.934375 0.918911 0.11875 0.00317192
0 0.505269 0.122559 0.0538642 0.0603516 0.00286674
65 0.45082 0.921094 0.176815 0.0265625 0.00271416
56 0.328381 0.935938 0.528249 0.125 0.0026722
24 0.838407 0.766406 0.320843 0.348438 0.00250244
65 0.417886 0.920313 0.110363 0.028125 0.00244331
56 0.143369 0.935938 0.165252 0.121875 0.00240517
69 0.53103 0.932813 0.921546 0.11875 0.00231361
26 0.593677 0.483984 0.145199 0.119531 0.00227928
41 0.192623 0.757031 0.0409836 0.059375 0.0019722
69 0.530445 0.957031 0.911007 0.065625 0.0019722
73 0.417886 0.920313 0.110363 0.028125 0.00191212
59 0.838407 0.766016 0.320843 0.349219 0.0017271
28 0.838407 0.658984 0.316159 0.132031 0.0017004
65 0.361827 0.773828 0.0784543 0.0648438 0.00164223
56 0.317037 0.575781 0.296838 0.370313 0.00157928
57 0.530445 0.957031 0.911007 0.065625 0.00148964
0 0.495902 0.281445 0.333724 0.372266 0.0014782
57 0.838407 0.766016 0.320843 0.349219 0.0014782
61 0.525322 0.934375 0.918911 0.11875 0.00146103
56 0.320843 0.667188 0.310304 0.55 0.00137806
0 0.495316 0.120605 0.0374707 0.0572266 0.00130939
40 0.194379 0.758594 0.0362998 0.0609375 0.00124931
65 0.484778 0.927344 0.262295 0.0296875 0.00123501
70 0.838407 0.766016 0.320843 0.346094 0.00117874
26 0.844262 0.820117 0.311475 0.237891 0.00115108
72 0.492974 0.514063 0.347775 0.848437 0.00114727
28 0.530445 0.957031 0.911007 0.065625 0.00110722
26 0.845433 0.785742 0.30445 0.169141 0.00105286
24 0.571429 0.196094 0.117096 0.119141 0.00104809
28 0.838407 0.765625 0.320843 0.345313 0.910645
0 0.49517 0.519922 0.342213 0.847656 0.875977
0 0.3226 0.664062 0.314988 0.54375 0.814453
56 0.530445 0.934375 0.934426 0.11875 0.0240479
0 0.317037 0.575781 0.295667 0.370313 0.02034
0 0.427986 0.508984 0.483607 0.841406 0.0184021
56 0.108021 0.934375 0.0995316 0.125 0.0126266
71 0.530591 0.932813 0.920082 0.115625 0.0109482
59 0.530591 0.932813 0.920082 0.115625 0.0107803
26 0.838407 0.766016 0.320843 0.347656 0.0068512
13 0.530445 0.934375 0.934426 0.11875 0.00614548
28 0.844262 0.79375 0.309133 0.1875 0.00612259
60 0.53103 0.957812 0.909836 0.0625 0.00538635
41 0.497658 0.482031 0.059719 0.0453125 0.00503922
71 0.53103 0.957812 0.909836 0.0625 0.00453949
59 0.53103 0.957812 0.909836 0.0625 0.00446701
60 0.530591 0.932813 0.920082 0.115625 0.00431442
65 0.194379 0.758203 0.0374707 0.0601563 0.00356483
28 0.525761 0.934375 0.918033 0.117188 0.00307465
65 0.487119 0.920313 0.266979 0.03125 0.00282288
56 0.328381 0.935938 0.528249 0.123438 0.00260162
57 0.530445 0.934375 0.934426 0.11875 0.00243378
65 0.448331 0.921094 0.171253 0.0265625 0.00234985
0 0.504684 0.122461 0.0538642 0.0599609 0.00231361
26 0.593677 0.483984 0.145199 0.119531 0.00229645
69 0.530591 0.932813 0.920082 0.115625 0.00222588
65 0.417447 0.920313 0.11007 0.0265625 0.00219154
56 0.160422 0.935938 0.199649 0.121875 0.00218201
24 0.838407 0.766016 0.320843 0.347656 0.00201988
41 0.192623 0.757031 0.0409836 0.059375 0.00199509
73 0.417447 0.920313 0.11007 0.0265625 0.00182438
69 0.53103 0.957812 0.909836 0.0625 0.00179577
28 0.838407 0.659375 0.316159 0.132812 0.00160408
56 0.317037 0.575781 0.295667 0.370313 0.00154305
0 0.495316 0.282617 0.332553 0.373828 0.00147247
65 0.361534 0.773438 0.0778688 0.065625 0.00145531
70 0.838407 0.765625 0.320843 0.345313 0.00142097
62 0.838407 0.766016 0.320843 0.347656 0.00134563
61 0.525761 0.934375 0.918033 0.117188 0.00131512
40 0.194379 0.758203 0.0374707 0.0601563 0.00126934
56 0.320258 0.667578 0.307963 0.549219 0.00123501
26 0.845433 0.786133 0.30445 0.171484 0.00119209
59 0.838407 0.766016 0.320843 0.347656 0.00116062
72 0.491803 0.514063 0.348946 0.85 0.00112057
57 0.53103 0.957812 0.909836 0.0625 0.00108624
0 0.495316 0.120313 0.0374707 0.05625 0.00105286
28 0.838407 0.765625 0.320843 0.34375 0.915039
0 0.494731 0.519141 0.34192 0.846094 0.875977
0 0.319672 0.664453 0.307963 0.542969 0.803223
56 0.531616 0.935156 0.936768 0.117188 0.0217743
0 0.316159 0.573438 0.293911 0.365625 0.0201721
56 0.107655 0.934375 0.099678 0.125 0.0118713
71 0.53147 0.933594 0.918325 0.115625 0.0118713
59 0.53147 0.933594 0.918325 0.115625 0.0103302
13 0.531616 0.935156 0.936768 0.117188 0.00643921
28 0.844262 0.794531 0.309133 0.201563 0.00579834
26 0.838993 0.766016 0.319672 0.346094 0.0055542
60 0.53147 0.958594 0.906616 0.0640625 0.00551224
71 0.53147 0.958594 0.906616 0.0640625 0.00502014
60 0.53147 0.933594 0.918325 0.115625 0.00446701
41 0.497658 0.482031 0.0608899 0.0453125 0.00434875
59 0.53147 0.958594 0.906616 0.0640625 0.00403976
65 0.194379 0.758203 0.0368852 0.0601563 0.00336266
28 0.526347 0.934375 0.918033 0.117188 0.00321007
69 0.53147 0.933594 0.918325 0.115625 0.00284576
56 0.327942 0.935938 0.527957 0.123438 0.00261116
65 0.487119 0.920313 0.266979 0.03125 0.00256157
41 0.192623 0.757031 0.0409836 0.059375 0.00227928
57 0.531616 0.935156 0.936768 0.117188 0.00226974
56 0.169862 0.935938 0.218823 0.121875 0.00224304
69 0.53147 0.958594 0.906616 0.0640625 0.00223351
65 0.448331 0.921094 0.171253 0.0265625 0.00222588
65 0.417447 0.920313 0.111241 0.0265625 0.00205803
73 0.417447 0.920313 0.111241 0.0265625 0.00202751
26 0.593677 0.483984 0.145199 0.120313 0.00196457
0 0.507611 0.123242 0.0620609 0.0585938 0.0018034
24 0.838993 0.766016 0.319672 0.346094 0.00146675
0 0.495463 0.283008 0.33226 0.373828 0.00138855
62 0.838993 0.766016 0.319672 0.346094 0.00136662
56 0.316159 0.573438 0.293911 0.365625 0.00133514
70 0.837822 0.766406 0.319672 0.34375 0.00133038
61 0.526347 0.934375 0.918033 0.117188 0.00131512
28 0.838407 0.659375 0.316159 0.132812 0.00125504
65 0.361827 0.773047 0.0784543 0.0664062 0.00123978
72 0.491218 0.513281 0.346604 0.85 0.0012064
40 0.194379 0.758203 0.0368852 0.0601563 0.00118828
56 0.318794 0.667188 0.303864 0.548438 0.00113392
26 0.844848 0.783594 0.305621 0.175 0.00108624
26 0.369438 0.82793 0.111241 0.197266 0.00106907
59 0.838993 0.766016 0.319672 0.346094 0.00102806
8 0.531762 0.934375 0.936475 0.11875 0.00102425
28 0.838993 0.765625 0.319672 0.34375 0.938965
0 0.495316 0.516406 0.339578 0.842188 0.882812
0 0.322307 0.664062 0.309719 0.542188 0.812988
56 0.528688 0.935156 0.933255 0.11875 0.0383301
56 0.109778 0.935156 0.0989461 0.120313 0.0200958
71 0.53103 0.932813 0.921546 0.11875 0.0188293
0 0.31733 0.574219 0.295082 0.367188 0.0175781
59 0.53103 0.932813 0.921546 0.11875 0.00905609
60 0.529859 0.95 0.911007 0.08125 0.00809479
60 0.53103 0.932813 0.921546 0.11875 0.00740433
71 0.529859 0.95 0.911007 0.08125 0.00723267
13 0.528688 0.935156 0.933255 0.11875 0.00605011
60 0.542155 0.9625 0.901639 0.05625 0.00540543
28 0.844848 0.77832 0.305621 0.187109 0.00443268
56 0.150981 0.935938 0.182816 0.123438 0.00431442
56 0.324063 0.935938 0.522834 0.125 0.00428009
28 0.525761 0.934375 0.921546 0.115625 0.00421524
26 0.839578 0.766016 0.318501 0.346094 0.00395966
28 0.844262 0.819531 0.309133 0.239063 0.00366402
59 0.529859 0.95 0.911007 0.08125 0.00345612
41 0.497658 0.482031 0.0608899 0.046875 0.00335121
65 0.194379 0.758594 0.0362998 0.059375 0.00316048
69 0.53103 0.932813 0.921546 0.11875 0.00307465
65 0.487266 0.920313 0.269028 0.03125 0.00273705
59 0.542155 0.9625 0.901639 0.05625 0.00270462
65 0.443208 0.921094 0.162763 0.0265625 0.00264168
57 0.525761 0.934375 0.921546 0.115625 0.00263214
65 0.418179 0.920313 0.112119 0.0265625 0.00228691
69 0.529859 0.95 0.911007 0.08125 0.00228691
61 0.525761 0.934375 0.921546 0.115625 0.00219917
0 0.495463 0.282617 0.33226 0.373828 0.00204277
41 0.193208 0.757031 0.0409836 0.059375 0.00201988
71 0.51815 0.959375 0.776347 0.05625 0.00191879
73 0.423888 0.920313 0.126464 0.028125 0.00164223
0 0.507026 0.12334 0.0608899 0.0589844 0.00160408
8 0.53103 0.935156 0.937939 0.11875 0.00160408
26 0.369438 0.828125 0.111241 0.195312 0.00150681
72 0.490047 0.511328 0.347775 0.846094 0.00145531
26 0.593677 0.483594 0.145199 0.121875 0.00142097
40 0.194379 0.758594 0.0362998 0.059375 0.00142097
57 0.529859 0.95 0.911007 0.08125 0.00141048
56 0.31733 0.574219 0.295082 0.367188 0.00138855
45 0.525761 0.934375 0.921546 0.115625 0.00134087
0 0.497658 0.122949 0.0444965 0.0595703 0.00131989
24 0.570258 0.196826 0.117096 0.12041 0.00105667
59 0.839578 0.766016 0.318501 0.346094 0.00105286
26 0.844848 0.77832 0.305621 0.187109 0.00102425
71 0.442623 0.966406 0.592506 0.065625 0.00100803
28 0.839578 0.765625 0.318501 0.342187 0.934082
0 0.495316 0.516016 0.340749 0.841406 0.878906
0 0.322892 0.664062 0.308548 0.542188 0.805176
56 0.525907 0.934375 0.92945 0.11875 0.0462036
56 0.109485 0.935156 0.0989461 0.120313 0.0307922
0 0.317623 0.573438 0.295667 0.364063 0.0150757
71 0.530591 0.932813 0.924766 0.11875 0.0147858
60 0.528688 0.942969 0.912178 0.096875 0.00831604
59 0.529274 0.934375 0.936768 0.11875 0.00706482
13 0.525907 0.934375 0.92945 0.11875 0.00634003
56 0.321355 0.935938 0.518882 0.125 0.00572968
60 0.540837 0.963281 0.904274 0.0546875 0.00564194
56 0.140515 0.935938 0.162763 0.125 0.00559998
28 0.845433 0.775781 0.30445 0.192188 0.0039444
28 0.525907 0.935156 0.922424 0.117188 0.00351143
26 0.840164 0.765625 0.31733 0.345313 0.00349617
28 0.844262 0.814844 0.309133 0.242188 0.00319672
57 0.525907 0.935156 0.922424 0.117188 0.00307465
65 0.194379 0.758594 0.0362998 0.059375 0.00245285
59 0.540837 0.963281 0.904274 0.0546875 0.00245285
41 0.497658 0.482422 0.0608899 0.046875 0.00239754
65 0.440281 0.921094 0.156909 0.0265625 0.00227928
65 0.487705 0.920313 0.269321 0.03125 0.00226021
61 0.525907 0.935156 0.922424 0.117188 0.00218201
69 0.530591 0.932813 0.924766 0.11875 0.00214005
0 0.495316 0.283008 0.332553 0.374609 0.00212479
65 0.418179 0.920313 0.112119 0.0265625 0.00190449
26 0.369438 0.828125 0.111241 0.19375 0.00176144
41 0.193208 0.757031 0.0409836 0.059375 0.00171375
8 0.529274 0.934375 0.936768 0.11875 0.00171375
72 0.488876 0.510938 0.351288 0.846875 0.00154877
45 0.525907 0.935156 0.922424 0.117188 0.00143242
71 0.515076 0.960156 0.768443 0.0578125 0.00141621
73 0.424473 0.920313 0.128806 0.028125 0.00140476
40 0.194379 0.758594 0.0362998 0.059375 0.00137806
57 0.540837 0.963281 0.904274 0.0546875 0.00135136
0 0.507026 0.123535 0.058548 0.0587891 0.00121117
26 0.845433 0.775781 0.30445 0.192188 0.00114727
56 0.318208 0.591797 0.298009 0.397656 0.0011425
59 0.840164 0.765625 0.31733 0.345313 0.0011158
56 0.0881148 0.9375 0.129391 0.125 0.00103188
28 0.839578 0.765625 0.318501 0.342187 0.927734
0 0.49517 0.516406 0.342213 0.842188 0.86377
0 0.323185 0.664062 0.307963 0.542188 0.779785
56 0.524005 0.934375 0.926229 0.11875 0.0423889
56 0.109192 0.935156 0.0989461 0.120313 0.0302124
0 0.317916 0.572266 0.296253 0.363281 0.0149536
71 0.530445 0.932813 0.925058 0.120313 0.0109482
13 0.524005 0.934375 0.926229 0.11875 0.00751877
60 0.528103 0.935938 0.912178 0.1125 0.00631332
59 0.526786 0.934375 0.932377 0.11875 0.00579834
56 0.320331 0.935938 0.518589 0.125 0.00572968
56 0.146882 0.935938 0.17579 0.125 0.00466537
60 0.539813 0.964063 0.906323 0.05625 0.0042305
28 0.844848 0.771484 0.305621 0.202344 0.00358009
28 0.844262 0.813867 0.309133 0.244141 0.00312424
26 0.840749 0.765625 0.316159 0.345313 0.00311089
28 0.525029 0.935156 0.921838 0.117188 0.00282288
57 0.525029 0.935156 0.921838 0.117188 0.00237846
8 0.526786 0.934375 0.932377 0.11875 0.00232315
59 0.539813 0.964063 0.906323 0.05625 0.00201988
26 0.369438 0.82793 0.111241 0.194141 0.00194931
72 0.487705 0.510938 0.354801 0.846875 0.00191212
61 0.525029 0.935156 0.921838 0.117188 0.00181007
0 0.495902 0.283252 0.333724 0.375684 0.00176811
41 0.497658 0.482812 0.0608899 0.046875 0.00172043
65 0.48829 0.921094 0.270492 0.0296875 0.00160408
65 0.194379 0.758984 0.0357143 0.0601563 0.00159168
65 0.441452 0.921094 0.159251 0.0265625 0.00157356
69 0.530445 0.932813 0.925058 0.120313 0.00142097
57 0.539813 0.964063 0.906323 0.05625 0.00135612
45 0.525029 0.935156 0.921838 0.117188 0.00122547
26 0.844848 0.771484 0.305621 0.202344 0.00121593
65 0.418033 0.920313 0.112412 0.028125 0.00120163
56 0.318501 0.591406 0.298595 0.398438 0.00113392
41 0.193208 0.757422 0.0409836 0.0601563 0.00110722
40 0.194379 0.758984 0.0357143 0.0601563 0.0011034
24 0.838993 0.738281 0.31733 0.296875 0.00106907
28 0.839578 0.765625 0.318501 0.342187 0.91748
0 0.495463 0.515625 0.34397 0.840625 0.847656
0 0.322892 0.666016 0.307377 0.546094 0.769531
56 0.426376 0.934375 0.732728 0.11875 0.0393372
56 0.109192 0.935156 0.0989461 0.120313 0.0294189
0 0.318208 0.571875 0.296838 0.360938 0.0143356
71 0.530299 0.932813 0.925351 0.120313 0.00881195
13 0.521663 0.934375 0.922717 0.11875 0.00757599
56 0.319672 0.935938 0.517564 0.125 0.00582123
59 0.524005 0.934375 0.928571 0.11875 0.00510025
60 0.527518 0.932813 0.912178 0.11875 0.00482941
56 0.149883 0.935938 0.18267 0.125 0.00408554
60 0.539813 0.964063 0.908665 0.05625 0.00314713
28 0.844262 0.814063 0.309133 0.245312 0.00312424
26 0.840749 0.765625 0.316159 0.346875 0.00283432
8 0.524005 0.934375 0.920375 0.11875 0.00275803
28 0.524005 0.934375 0.920375 0.11875 0.00243378
28 0.844262 0.769531 0.306792 0.207813 0.002388
72 0.487119 0.510938 0.358314 0.846875 0.00215721
57 0.524005 0.934375 0.920375 0.11875 0.00203514
26 0.369438 0.82793 0.112412 0.194141 0.00197983
59 0.539813 0.964063 0.908665 0.05625 0.00178242
0 0.495902 0.283789 0.336066 0.376172 0.00161648
61 0.524005 0.934375 0.920375 0.11875 0.00161648
41 0.497658 0.482812 0.0608899 0.046875 0.00146675
65 0.48829 0.921094 0.270492 0.0296875 0.00138855
57 0.539813 0.964063 0.908665 0.05625 0.00137806
65 0.442769 0.921094 0.1613 0.0265625 0.00129986
69 0.530299 0.932813 0.925351 0.120313 0.00108147
56 0.318794 0.591406 0.29918 0.396875 0.00107765
45 0.524005 0.934375 0.920375 0.11875 0.00103664
65 0.194379 0.759375 0.0351288 0.059375 0.00102806
28 0.840164 0.766016 0.319672 0.342969 0.905273
0 0.49517 0.516406 0.344555 0.842188 0.837402
0 0.323478 0.665625 0.308548 0.545313 0.776855
56 0.412763 0.934375 0.704918 0.11875 0.0389099
56 0.109192 0.934375 0.0983607 0.121875 0.0310211
0 0.318208 0.571875 0.298009 0.360938 0.0139008
13 0.520931 0.934375 0.920667 0.11875 0.0069046
71 0.530299 0.932813 0.925351 0.120313 0.00624084
60 0.521516 0.935938 0.92418 0.11875 0.00403976
59 0.524005 0.935156 0.9274 0.120313 0.00403976
56 0.15603 0.935938 0.194965 0.125 0.00397491
56 0.247585 0.935938 0.378367 0.125 0.0037365
8 0.524005 0.934375 0.920375 0.11875 0.00312424
72 0.498244 0.515234 0.343091 0.841406 0.00265312
26 0.840749 0.765625 0.316159 0.346875 0.00234985
26 0.369145 0.827344 0.112998 0.195312 0.00233269
28 0.844262 0.820312 0.309133 0.2375 0.00218201
60 0.539227 0.964063 0.909836 0.05625 0.00191879
28 0.524005 0.934375 0.920375 0.11875 0.00186729
57 0.524005 0.934375 0.920375 0.11875 0.0016489
59 0.539227 0.964063 0.909836 0.05625 0.00164223
0 0.495902 0.28418 0.337237 0.376953 0.00156689
57 0.539227 0.964063 0.909836 0.05625 0.00150681
61 0.524005 0.934375 0.920375 0.11875 0.00133514
67 0.439696 0.15293 0.0269321 0.0234375 0.00128937
65 0.488876 0.921875 0.272834 0.03125 0.00121593
41 0.497658 0.482422 0.0608899 0.0476562 0.00114727
65 0.442037 0.921094 0.160422 0.0265625 0.00113773
13 0.526347 0.9 0.921546 0.176563 0.00108624
56 0.0856265 0.936719 0.132611 0.125 0.00104809
56 0.318794 0.590625 0.29918 0.396875 0.00104427
13 0.365925 0.933594 0.608899 0.121875 0.00102425
28 0.840164 0.766016 0.319672 0.342969 0.901855
0 0.495902 0.517188 0.344262 0.84375 0.834473
0 0.324356 0.665625 0.309133 0.545313 0.784668
56 0.398712 0.934375 0.676815 0.11875 0.0381775
56 0.108826 0.934375 0.098507 0.121875 0.0330811
0 0.318501 0.591016 0.299766 0.396094 0.0210419
13 0.518735 0.934375 0.915691 0.11875 0.00653839
71 0.530445 0.932813 0.925058 0.11875 0.00488663
56 0.151347 0.935938 0.185597 0.125 0.00429916
56 0.246999 0.935938 0.377196 0.125 0.0039444
60 0.519321 0.935938 0.920375 0.11875 0.00362206
59 0.518735 0.934375 0.915691 0.11875 0.00340271
8 0.523419 0.934375 0.918033 0.11875 0.00322342
72 0.498975 0.515625 0.34397 0.842188 0.0029583
26 0.369145 0.82793 0.112998 0.194141 0.00254059
26 0.840749 0.765625 0.316159 0.346875 0.00214005
28 0.844262 0.820312 0.309133 0.2375 0.00199509
0 0.496487 0.283789 0.337237 0.376172 0.00167465
59 0.540398 0.964063 0.907494 0.05625 0.00157928
28 0.523419 0.934375 0.918033 0.11875 0.00150108
67 0.439696 0.15293 0.0269321 0.0234375 0.00143814
57 0.529274 0.934375 0.912178 0.115625 0.00143814
57 0.540398 0.964063 0.907494 0.05625 0.00135612
60 0.540398 0.964063 0.907494 0.05625 0.00132465
56 0.0860656 0.936719 0.131733 0.125 0.00119209
65 0.489315 0.921875 0.271955 0.03125 0.0011692
41 0.497658 0.482422 0.0608899 0.0476562 0.00112438
13 0.526347 0.895312 0.919204 0.185938 0.00109863
61 0.523419 0.934375 0.918033 0.11875 0.00108624
56 0.474824 0.85293 0.79274 0.247266 0.00108147
65 0.441306 0.921094 0.159543 0.0265625 0.00106049
56 0.318501 0.591016 0.299766 0.396094 0.00102425
13 0.353923 0.934375 0.584895 0.121875 0.00102425
28 0.839578 0.766016 0.320843 0.342969 0.905273
0 0.496341 0.516406 0.344555 0.840625 0.841797
0 0.3226 0.663672 0.307963 0.541406 0.800293
56 0.385539 0.934375 0.650468 0.11875 0.0377502
56 0.108826 0.934375 0.098507 0.121875 0.0358276
0 0.318501 0.572266 0.298595 0.361719 0.0108185
56 0.517711 0.935938 0.915398 0.11875 0.00806427
13 0.51654 0.934375 0.910714 0.11875 0.00564194
56 0.14293 0.935938 0.168472 0.125 0.00494385
71 0.530591 0.932813 0.924766 0.120313 0.00445175
56 0.246999 0.935938 0.377196 0.125 0.0042305
60 0.517711 0.935938 0.915398 0.11875 0.00351143
28 0.843677 0.814063 0.310304 0.245312 0.00349617
59 0.51654 0.934375 0.910714 0.11875 0.00298119
72 0.498975 0.514453 0.34397 0.839844 0.00279045
8 0.522834 0.934375 0.915691 0.11875 0.00261116
26 0.369145 0.82832 0.112998 0.193359 0.00257111
26 0.840749 0.766406 0.316159 0.346875 0.00209999
0 0.496341 0.283398 0.337529 0.375391 0.00194168
67 0.439696 0.15293 0.0269321 0.0234375 0.00161648
56 0.086651 0.936719 0.130562 0.125 0.00157356
57 0.530445 0.940625 0.911007 0.103125 0.00148964
59 0.541569 0.964063 0.905152 0.05625 0.0014267
28 0.522834 0.934375 0.915691 0.11875 0.00139904
57 0.541569 0.964063 0.905152 0.05625 0.00139904
65 0.489315 0.921875 0.271955 0.0296875 0.00133514
56 0.466042 0.852344 0.766979 0.245312 0.00126457
60 0.385539 0.934375 0.650468 0.11875 0.00124931
60 0.541569 0.964063 0.905152 0.05625 0.00123024
41 0.497658 0.482812 0.0608899 0.046875 0.00118828
65 0.440281 0.921094 0.156909 0.0265625 0.00118828
56 0.312061 0.588672 0.283372 0.391406 0.0011692
13 0.526786 0.891406 0.915984 0.19375 0.00105667
6 0.626464 0.509375 0.742389 0.85 0.00104046
61 0.522834 0.934375 0.915691 0.11875 0.00102425
28 0.839578 0.765625 0.320843 0.34375 0.912598
0 0.496341 0.516016 0.344555 0.839844 0.851074
0 0.323185 0.663672 0.309133 0.541406 0.819336
56 0.379391 0.934375 0.637002 0.11875 0.037323
56 0.108826 0.934375 0.098507 0.121875 0.035675
56 0.514051 0.935156 0.906323 0.120313 0.026062
0 0.318501 0.572656 0.298595 0.3625 0.0112
56 0.142272 0.935938 0.166862 0.125 0.0051384
13 0.515808 0.935156 0.911007 0.120313 0.00502014
71 0.53147 0.932813 0.923009 0.11875 0.00432968
56 0.246414 0.935938 0.376025 0.125 0.00431442
60 0.515808 0.935156 0.911007 0.120313 0.00367928
28 0.844262 0.814844 0.311475 0.24375 0.00345612
59 0.514051 0.935156 0.906323 0.120313 0.00281143
26 0.369145 0.828906 0.112998 0.192188 0.00269318
72 0.498244 0.513672 0.344262 0.838281 0.00254059
0 0.496341 0.283008 0.337529 0.374609 0.0024929
8 0.53147 0.932813 0.923009 0.11875 0.00230598
26 0.840749 0.766406 0.316159 0.346875 0.00228691
67 0.439696 0.15293 0.0269321 0.0234375 0.00202751
56 0.0865047 0.936719 0.130855 0.125 0.00174809
65 0.489461 0.921875 0.271663 0.0296875 0.00156689
57 0.53147 0.946094 0.908958 0.0921875 0.00150108
65 0.435744 0.921875 0.147248 0.025 0.0014267
41 0.497658 0.482812 0.0608899 0.046875 0.00141048
57 0.543325 0.964063 0.903981 0.05625 0.00136185
59 0.543325 0.964063 0.903981 0.05625 0.00135612
60 0.543325 0.964063 0.903981 0.05625 0.00131989
56 0.460187 0.851562 0.749415 0.24375 0.00131512
60 0.379391 0.934375 0.637002 0.11875 0.00131512
28 0.844848 0.775781 0.307963 0.2 0.00130463
56 0.312061 0.588672 0.282201 0.391406 0.00130463
13 0.379391 0.934375 0.637002 0.11875 0.00130463
28 0.523419 0.934375 0.91452 0.11875 0.00123978
6 0.629977 0.508984 0.735363 0.847656 0.00119209
40 0.194379 0.759375 0.0362998 0.0609375 0.00109005
65 0.486095 0.926562 0.262002 0.028125 0.00107288
59 0.379391 0.934375 0.637002 0.11875 0.00103664
28 0.839578 0.766016 0.320843 0.342969 0.92041
0 0.496341 0.515625 0.344555 0.839063 0.858887
0 0.323185 0.663672 0.309133 0.541406 0.833984
56 0.108899 0.934375 0.0983607 0.121875 0.0362244
56 0.372658 0.934375 0.624707 0.11875 0.0342407
56 0.512734 0.934375 0.901932 0.11875 0.0231476
0 0.318501 0.573828 0.298595 0.364844 0.0108566
56 0.139344 0.935938 0.161592 0.125 0.00538635
13 0.514637 0.935156 0.908665 0.120313 0.00516129
56 0.24656 0.935938 0.376903 0.125 0.00403976
60 0.514637 0.935156 0.908665 0.120313 0.00390053
71 0.531616 0.932813 0.922717 0.11875 0.00359344
28 0.844262 0.81582 0.311475 0.243359 0.00351143
0 0.496487 0.283008 0.338407 0.374609 0.00293541
26 0.369438 0.829883 0.112412 0.193359 0.00286674
59 0.512734 0.934375 0.901932 0.11875 0.00260162
26 0.840749 0.766406 0.316159 0.346875 0.00245285
72 0.498244 0.513672 0.344262 0.838281 0.00243378
67 0.439696 0.15293 0.0269321 0.0236328 0.00242424
60 0.532201 0.951563 0.907494 0.08125 0.00213242
8 0.531616 0.932813 0.922717 0.11875 0.00209045
28 0.844262 0.77832 0.306792 0.193359 0.00196457
56 0.086651 0.936719 0.129977 0.125 0.00192642
65 0.489315 0.921875 0.271955 0.028125 0.00168705
65 0.431499 0.921875 0.139344 0.025 0.00157928
57 0.532201 0.951563 0.907494 0.08125 0.00141048
56 0.312061 0.588672 0.282201 0.391406 0.00137234
41 0.497658 0.482812 0.0608899 0.046875 0.00135612
57 0.545082 0.964063 0.900468 0.05625 0.00132465
56 0.453162 0.850195 0.727166 0.240234 0.00131989
6 0.631148 0.508594 0.733021 0.848437 0.00130939
60 0.372658 0.934375 0.624707 0.11875 0.00130463
60 0.545082 0.964063 0.900468 0.05625 0.0012598
13 0.372658 0.934375 0.624707 0.11875 0.00123024
40 0.194379 0.759375 0.0362998 0.0609375 0.00120163
65 0.486095 0.926562 0.262002 0.028125 0.00119686
59 0.545082 0.964063 0.900468 0.05625 0.00114727
71 0.532201 0.951563 0.907494 0.08125 0.00112057
28 0.516979 0.934375 0.912178 0.11875 0.00109005
57 0.531616 0.932813 0.922717 0.11875 0.00106049
45 0.436768 0.966406 0.579625 0.065625 0.00103188
28 0.839578 0.766016 0.320843 0.342969 0.927246
0 0.496341 0.515625 0.344555 0.839063 0.864258
0 0.323185 0.663672 0.309133 0.541406 0.844727
56 0.108899 0.934375 0.0983607 0.121875 0.036499
56 0.370902 0.934375 0.621194 0.11875 0.0342407
56 0.510685 0.934375 0.899005 0.11875 0.0224609
0 0.318501 0.573828 0.298595 0.364844 0.00963593
13 0.513905 0.935156 0.906616 0.120313 0.0055542
56 0.138466 0.935938 0.159251 0.125 0.00553513
60 0.513905 0.935156 0.906616 0.120313 0.00416565
56 0.246414 0.935938 0.376025 0.125 0.00400543
28 0.844262 0.815625 0.311475 0.242188 0.00358009
0 0.496341 0.282813 0.337529 0.374219 0.00319672
71 0.531616 0.932813 0.922717 0.11875 0.00307465
26 0.369438 0.829883 0.112412 0.193359 0.00296974
28 0.844848 0.779492 0.305621 0.187891 0.00291252
67 0.43911 0.15293 0.028103 0.0238281 0.00274658
59 0.510685 0.934375 0.899005 0.11875 0.00250244
26 0.840749 0.766406 0.316159 0.346875 0.00248146
72 0.498244 0.513281 0.344262 0.8375 0.00214958
60 0.532787 0.953125 0.906323 0.078125 0.00214958
8 0.531616 0.932813 0.922717 0.11875 0.00213242
56 0.0869438 0.936719 0.129391 0.125 0.00201988
65 0.490047 0.921875 0.272834 0.028125 0.00188255
65 0.428718 0.921875 0.133197 0.025 0.0018177
57 0.532787 0.953125 0.906323 0.078125 0.0014782
40 0.194379 0.759766 0.0362998 0.0617188 0.00143242
41 0.497658 0.482812 0.059719 0.046875 0.00141048
56 0.311768 0.588672 0.281616 0.391406 0.00139427
65 0.486095 0.926562 0.262002 0.028125 0.00136662
56 0.450234 0.85 0.711944 0.2375 0.00134563
60 0.370902 0.934375 0.621194 0.11875 0.00134087
6 0.632904 0.508594 0.729508 0.845313 0.00126457
13 0.370902 0.934375 0.621194 0.11875 0.00124454
65 0.530445 0.921875 0.152225 0.021875 0.00116062
73 0.423741 0.920313 0.129098 0.028125 0.00115108
26 0.844848 0.779492 0.305621 0.187891 0.00112438
45 0.436768 0.966406 0.578454 0.065625 0.00112438
57 0.531616 0.932813 0.922717 0.11875 0.00111198
28 0.51654 0.934375 0.910714 0.11875 0.00109005
59 0.545667 0.964063 0.899297 0.05625 0.00104046
28 0.839578 0.765625 0.320843 0.34375 0.927246
0 0.496341 0.515625 0.344555 0.839063 0.864258
0 0.323185 0.663672 0.309133 0.541406 0.844238
56 0.108899 0.934375 0.0983607 0.121875 0.035675
56 0.371487 0.934375 0.622365 0.11875 0.0343628
56 0.510685 0.934375 0.899005 0.11875 0.0223694
0 0.318501 0.573828 0.298595 0.364844 0.00963593
13 0.513905 0.935156 0.906616 0.120313 0.00559998
56 0.140442 0.935938 0.16291 0.125 0.00540543
60 0.513905 0.935156 0.906616 0.120313 0.00411606
56 0.246999 0.935938 0.377196 0.125 0.00403976
28 0.844262 0.815625 0.311475 0.242188 0.0036068
0 0.496487 0.282813 0.338407 0.374219 0.00322342
71 0.531616 0.932813 0.922717 0.11875 0.00300407
28 0.844848 0.779492 0.305621 0.187891 0.00299263
26 0.369438 0.829883 0.112412 0.193359 0.00298119
67 0.43911 0.15293 0.028103 0.0238281 0.00275803
59 0.510685 0.934375 0.899005 0.11875 0.00251198
26 0.840749 0.766406 0.316159 0.346875 0.00245285
8 0.531616 0.932813 0.922717 0.11875 0.00217438
72 0.498244 0.513281 0.344262 0.8375 0.00214005
60 0.532787 0.953125 0.906323 0.078125 0.00209045
56 0.086651 0.936719 0.129977 0.125 0.00188923
65 0.490047 0.921875 0.272834 0.028125 0.00186729
65 0.428425 0.921875 0.133782 0.025 0.00179577
57 0.532787 0.953125 0.906323 0.078125 0.0014782
56 0.311768 0.588672 0.281616 0.391406 0.00139904
40 0.194379 0.759766 0.0362998 0.0617188 0.00139427
41 0.497658 0.482812 0.059719 0.046875 0.00138855
65 0.486095 0.926562 0.262002 0.028125 0.00136662
60 0.371487 0.934375 0.622365 0.11875 0.00134563
56 0.449649 0.850195 0.710773 0.237109 0.00133514
6 0.632904 0.508594 0.729508 0.845313 0.00127411
13 0.371487 0.934375 0.622365 0.11875 0.00126934
73 0.424473 0.920313 0.129977 0.028125 0.0011425
65 0.530445 0.921875 0.152225 0.021875 0.0011425
57 0.531616 0.932813 0.922717 0.11875 0.00112438
26 0.844848 0.779492 0.305621 0.187891 0.0011158
45 0.436622 0.966406 0.578747 0.065625 0.00109863
28 0.516393 0.934375 0.909836 0.11875 0.00109863
59 0.545521 0.964063 0.89959 0.05625 0.00103188
