59 0.551389 0.757812 0.897222 0.465625 0.133423
59 0.55 0.606348 0.9 0.762305 0.110474
59 0.550694 0.832031 0.898611 0.320312 0.0497742
59 0.521528 0.472656 0.948611 0.923438 0.0269623
39 0.214236 0.678906 0.106944 0.115625 0.0267639
72 0.488194 0.609375 0.2125 0.234375 0.0241394
73 0.946528 0.851562 0.106944 0.065625 0.0239563
62 0.488889 0.609766 0.205556 0.235156 0.0140076
62 0.559722 0.60625 0.355556 0.233594 0.011467
73 0.211111 0.705078 0.0541667 0.0601563 0.0114212
57 0.546528 0.821875 0.901389 0.339063 0.0109024
73 0.178472 0.701563 0.0430556 0.071875 0.00967407
39 0.230556 0.678906 0.0791667 0.11875 0.00878143
39 0.204861 0.698438 0.0944444 0.078125 0.00857544
39 0.211111 0.704297 0.0569444 0.0640625 0.00709534
56 0.559722 0.60625 0.356944 0.2375 0.00669098
56 0.549826 0.600781 0.900347 0.78125 0.00621796
73 0.2 0.700781 0.0763889 0.0734375 0.005867
72 0.559722 0.60625 0.355556 0.233594 0.00536346
56 0.944792 0.907813 0.110417 0.178125 0.00536346
58 0.521007 0.451562 0.949653 0.884375 0.00378036
62 0.584722 0.403125 0.0916667 0.121875 0.00335121
60 0.546528 0.821875 0.901389 0.339063 0.0024147
13 0.550694 0.832031 0.898611 0.320312 0.00225258
57 0.551389 0.683984 0.895833 0.616406 0.00221634
59 0.602604 0.389453 0.794792 0.713281 0.00208282
56 0.593056 0.723437 0.813889 0.523438 0.00204277
39 0.220833 0.642578 0.0375 0.0453125 0.00198746
39 0.225 0.647656 0.0534722 0.05625 0.00181007
41 0.180556 0.699219 0.0527778 0.0679687 0.0017004
39 0.177083 0.701953 0.0416667 0.0710938 0.0017004
58 0.232292 0.678516 0.0826389 0.11875 0.0016613
58 0.201736 0.448438 0.399306 0.828125 0.00153637
0 0.232292 0.678516 0.0826389 0.11875 0.00148964
75 0.215972 0.679688 0.114583 0.119531 0.0014782
73 0.245833 0.701563 0.0270833 0.0648438 0.00145531
73 0.488889 0.609766 0.205556 0.235156 0.00138855
73 0.245139 0.699219 0.0402778 0.0695313 0.00137806
73 0.225347 0.698438 0.0861111 0.0734375 0.0012846
59 0.531771 0.882031 0.844792 0.225 0.00126457
73 0.944444 0.907031 0.108333 0.178125 0.00118828
57 0.858333 0.692969 0.277778 0.107813 0.00103188
59 0.549306 0.655566 0.901389 0.668555 0.24292
59 0.546007 0.819531 0.905208 0.34375 0.14563
73 0.946528 0.851562 0.106944 0.065625 0.0340881
72 0.488889 0.609375 0.213889 0.234375 0.0332031
39 0.213194 0.678906 0.106944 0.114063 0.0254669
59 0.518229 0.473828 0.955208 0.928906 0.0147324
73 0.211111 0.705078 0.0541667 0.0601563 0.0141754
62 0.488889 0.609375 0.206944 0.235938 0.012146
73 0.179167 0.701563 0.0444444 0.071875 0.0102081
39 0.230903 0.678516 0.0777778 0.11875 0.00959778
62 0.558333 0.60625 0.352778 0.233594 0.0088501
56 0.561111 0.606641 0.361111 0.2375 0.00821686
39 0.203125 0.698828 0.0916667 0.0765625 0.00812531
72 0.558333 0.60625 0.352778 0.233594 0.00787354
73 0.199306 0.700781 0.0777778 0.0734375 0.00728989
39 0.210764 0.704297 0.0569444 0.0632813 0.0069046
57 0.546007 0.819531 0.905208 0.34375 0.00634003
56 0.945139 0.907813 0.109722 0.178125 0.006073
56 0.549306 0.619922 0.901389 0.742969 0.00457382
62 0.584028 0.403125 0.0930556 0.121875 0.00385475
58 0.521528 0.452734 0.948611 0.888281 0.00367928
57 0.543056 0.734375 0.911111 0.515625 0.00341606
39 0.220486 0.641406 0.0361111 0.04375 0.00305176
59 0.579167 0.388672 0.840278 0.739062 0.0026722
39 0.223611 0.645312 0.05 0.0515625 0.00261116
41 0.180208 0.699219 0.0513889 0.0671875 0.00192642
39 0.183333 0.702344 0.0444444 0.071875 0.00191212
73 0.944444 0.90625 0.108333 0.178125 0.00175476
73 0.488889 0.609375 0.206944 0.235938 0.00169373
56 0.590972 0.727734 0.818056 0.516406 0.00166798
73 0.246528 0.699219 0.0361111 0.06875 0.00156116
73 0.245833 0.701953 0.0263889 0.0640625 0.00156116
73 0.228125 0.698438 0.0798611 0.0734375 0.00150108
59 0.522222 0.905469 0.822222 0.179688 0.0014267
59 0.561111 0.606641 0.361111 0.2375 0.00139427
58 0.220139 0.452734 0.4375 0.847656 0.00132465
0 0.232292 0.678125 0.0826389 0.117969 0.00131989
58 0.232292 0.678125 0.0826389 0.117969 0.00127888
69 0.488889 0.609375 0.213889 0.234375 0.00123501
57 0.548611 0.617969 0.9 0.746875 0.00123501
39 0.176389 0.700781 0.0416667 0.06875 0.00121593
58 0.194792 0.518066 0.379861 0.52793 0.0011425
56 0.490278 0.610938 0.205556 0.2375 0.00113773
58 0.945139 0.907813 0.108333 0.18125 0.00113392
65 0.946528 0.85 0.106944 0.0625 0.00112438
59 0.548611 0.68291 0.902778 0.616992 0.381104
59 0.550694 0.80625 0.898611 0.367188 0.193115
72 0.488889 0.609375 0.213889 0.234375 0.0332031
73 0.946528 0.851562 0.106944 0.065625 0.0311432
39 0.213194 0.678906 0.106944 0.114063 0.0174408
73 0.211111 0.705078 0.0534722 0.0601563 0.0146713
59 0.515972 0.474609 0.959722 0.932031 0.0127716
62 0.488889 0.609375 0.208333 0.235938 0.0102081
56 0.561111 0.607031 0.3625 0.2375 0.00945282
73 0.179167 0.701563 0.0444444 0.071875 0.00888062
72 0.559028 0.60625 0.354167 0.234375 0.00857544
62 0.559028 0.60625 0.354167 0.234375 0.00772476
39 0.230556 0.678125 0.0763889 0.11875 0.00737381
73 0.198958 0.700781 0.0777778 0.0734375 0.00731659
39 0.202431 0.699219 0.0902778 0.0757812 0.00582123
57 0.54566 0.817969 0.905903 0.348438 0.00572968
56 0.945139 0.907031 0.109722 0.179688 0.00544739
39 0.210417 0.704297 0.0569444 0.0632813 0.00502014
56 0.548785 0.628516 0.902431 0.727344 0.00457382
57 0.542361 0.713281 0.913889 0.557813 0.00392914
62 0.583333 0.403027 0.0944444 0.12207 0.00346947
39 0.220139 0.641406 0.0361111 0.0429688 0.00329781
58 0.520139 0.453125 0.951389 0.890625 0.00307465
39 0.222917 0.644531 0.0472222 0.05 0.00275803
59 0.584722 0.388281 0.830556 0.742188 0.00271416
59 0.561111 0.607031 0.3625 0.2375 0.00218201
73 0.945139 0.90625 0.108333 0.18125 0.0017271
41 0.180556 0.699219 0.0520833 0.0671875 0.00162888
73 0.246875 0.699609 0.0354167 0.06875 0.00152493
39 0.183333 0.702344 0.0444444 0.071875 0.00150108
73 0.245833 0.701563 0.025 0.0640625 0.00150108
73 0.488889 0.609375 0.208333 0.235938 0.0014782
69 0.488889 0.609375 0.213889 0.234375 0.00141621
59 0.522049 0.905469 0.822569 0.179688 0.00139904
73 0.228472 0.698047 0.0791667 0.0726563 0.00137806
58 0.945833 0.907031 0.108333 0.18125 0.00135612
58 0.232292 0.678125 0.0826389 0.11875 0.00119209
0 0.232292 0.678125 0.0826389 0.11875 0.0011158
65 0.946528 0.85 0.106944 0.0625 0.00102806
59 0.547222 0.690234 0.905556 0.603906 0.501953
59 0.547917 0.795117 0.904167 0.391016 0.252441
72 0.488889 0.608984 0.213889 0.234375 0.0334778
73 0.946528 0.851562 0.106944 0.065625 0.0325928
73 0.211111 0.705078 0.0534722 0.059375 0.0151901
59 0.509896 0.474609 0.969097 0.932031 0.012825
39 0.2125 0.678906 0.10625 0.114063 0.0110321
62 0.488889 0.609375 0.208333 0.234375 0.0105667
56 0.560417 0.607031 0.359722 0.2375 0.00997162
62 0.559722 0.60625 0.355556 0.233594 0.00930023
73 0.179167 0.701563 0.0444444 0.071875 0.00818634
72 0.559722 0.60625 0.355556 0.233594 0.00815582
73 0.198611 0.700781 0.0777778 0.0734375 0.00703812
57 0.545833 0.817383 0.905556 0.349609 0.00572968
56 0.945486 0.907031 0.109028 0.179688 0.00508118
39 0.230556 0.678125 0.075 0.11875 0.00475693
57 0.542361 0.699609 0.9125 0.586719 0.00455475
39 0.201389 0.699219 0.0888889 0.075 0.00372124
39 0.210069 0.704688 0.0576389 0.0625 0.00359344
62 0.583333 0.403125 0.0944444 0.121875 0.00348282
56 0.548611 0.633984 0.902778 0.716406 0.00348282
39 0.220139 0.641406 0.0361111 0.0421875 0.00321007
39 0.222917 0.644531 0.0472222 0.05 0.00265312
39 0.216667 0.703906 0.0402778 0.0617188 0.0026207
59 0.588889 0.390234 0.822222 0.736719 0.00247192
59 0.560417 0.607031 0.359722 0.2375 0.00239754
59 0.637326 0.730078 0.714236 0.508594 0.00194168
58 0.945833 0.907031 0.106944 0.18125 0.00183868
58 0.513889 0.452344 0.959722 0.890625 0.00179577
73 0.488889 0.609375 0.208333 0.234375 0.0016489
73 0.945833 0.90625 0.108333 0.179688 0.0015974
69 0.488889 0.608984 0.213889 0.234375 0.00157928
73 0.245833 0.702344 0.025 0.0625 0.00157356
73 0.246875 0.7 0.0347222 0.06875 0.00148964
41 0.180556 0.698828 0.0520833 0.0671875 0.00141048
59 0.524306 0.904688 0.829167 0.18125 0.00134563
58 0.232639 0.678125 0.0826389 0.11875 0.00129986
39 0.182986 0.702344 0.0444444 0.071875 0.00124454
73 0.229167 0.698438 0.0763889 0.071875 0.00121593
13 0.945833 0.90625 0.108333 0.179688 0.00113392
0 0.232639 0.678125 0.0826389 0.11875 0.00105286
73 0.209722 0.682813 0.104167 0.108594 0.00103188
59 0.545139 0.685156 0.909722 0.614062 0.529297
59 0.54566 0.796875 0.905903 0.3875 0.259033
73 0.946528 0.851562 0.106944 0.065625 0.0325928
72 0.488889 0.608984 0.213889 0.233594 0.0324707
59 0.506944 0.471875 0.972222 0.925 0.0173035
73 0.211111 0.705078 0.0534722 0.059375 0.0142288
62 0.559722 0.60625 0.352778 0.232813 0.0113297
56 0.559722 0.607422 0.356944 0.236719 0.0112
62 0.488889 0.609375 0.208333 0.234375 0.0106964
39 0.212153 0.678906 0.106944 0.114063 0.00894928
72 0.559722 0.60625 0.352778 0.232813 0.00867462
73 0.179167 0.701563 0.0444444 0.071875 0.00725937
73 0.198611 0.700781 0.0777778 0.0734375 0.0064888
57 0.542361 0.685938 0.911111 0.614062 0.00634003
57 0.545833 0.817969 0.904167 0.348438 0.00609589
56 0.945833 0.907031 0.108333 0.179688 0.00486755
56 0.545139 0.641797 0.905556 0.700781 0.00397491
39 0.229861 0.678125 0.0763889 0.11875 0.00391388
62 0.583333 0.402734 0.0944444 0.121875 0.00319672
39 0.209722 0.704297 0.0583333 0.0625 0.00317192
39 0.201389 0.699219 0.0888889 0.075 0.00314713
59 0.588194 0.387891 0.822222 0.736719 0.00296974
39 0.220139 0.641406 0.0361111 0.0421875 0.00261116
39 0.222917 0.644531 0.0472222 0.05 0.00214958
59 0.559722 0.607422 0.356944 0.236719 0.00214005
39 0.217014 0.703906 0.0402778 0.0617188 0.00212479
69 0.488889 0.608984 0.213889 0.233594 0.00193405
73 0.488889 0.609375 0.208333 0.234375 0.00185299
73 0.945833 0.90625 0.108333 0.18125 0.00181007
58 0.945833 0.907031 0.105556 0.18125 0.00168705
59 0.525 0.903906 0.833333 0.18125 0.00165462
56 0.509722 0.609375 0.247222 0.239063 0.0014267
73 0.245833 0.702344 0.025 0.0625 0.00133038
73 0.246875 0.7 0.0347222 0.06875 0.0012846
13 0.945833 0.90625 0.108333 0.18125 0.00112057
58 0.231944 0.678125 0.0833333 0.11875 0.00110722
41 0.180903 0.698438 0.0527778 0.0671875 0.00109863
58 0.506944 0.471875 0.972222 0.925 0.00107288
56 0.0680556 0.9375 0.135417 0.11875 0.00104809
73 0.227778 0.698438 0.0791667 0.071875 0.00102043
39 0.182639 0.702344 0.0444444 0.071875 0.00102043
59 0.545139 0.675 0.909722 0.632812 0.514648
59 0.544444 0.810156 0.904167 0.364063 0.223999
72 0.488889 0.608984 0.213889 0.233594 0.0288696
59 0.505729 0.471875 0.974653 0.925 0.0258636
73 0.946528 0.851562 0.106944 0.065625 0.0218658
73 0.211458 0.705078 0.0527778 0.059375 0.0134277
56 0.559722 0.607422 0.355556 0.236719 0.0109863
62 0.559722 0.60625 0.352778 0.232813 0.00985718
62 0.490278 0.608984 0.208333 0.233594 0.00871277
72 0.559722 0.60625 0.352778 0.232813 0.00847626
39 0.2125 0.678906 0.106944 0.114063 0.00769424
73 0.178472 0.701563 0.0430556 0.071875 0.00614548
73 0.198611 0.700781 0.0777778 0.0734375 0.00605011
57 0.541493 0.673438 0.911458 0.639063 0.00498199
59 0.583333 0.388672 0.831944 0.742188 0.0042305
57 0.545833 0.817969 0.904167 0.346875 0.00388527
56 0.945833 0.905469 0.105556 0.179688 0.00374985
56 0.545139 0.642188 0.905556 0.698438 0.00367928
39 0.229861 0.678125 0.0777778 0.11875 0.00342941
62 0.583333 0.402734 0.0944444 0.122656 0.00294685
39 0.209722 0.704297 0.0583333 0.0625 0.00293541
39 0.201389 0.699219 0.0888889 0.075 0.00275803
59 0.559722 0.607422 0.355556 0.236719 0.00259018
69 0.488889 0.608984 0.213889 0.233594 0.00204277
39 0.220486 0.641406 0.0361111 0.0421875 0.0019722
39 0.217361 0.703906 0.0388889 0.0617188 0.00185299
73 0.490278 0.608984 0.208333 0.233594 0.00181007
39 0.222917 0.644531 0.0472222 0.05 0.0017004
59 0.526563 0.903125 0.835764 0.18125 0.00166798
73 0.945833 0.90625 0.105556 0.18125 0.00162888
58 0.945833 0.90625 0.105556 0.18125 0.00133514
73 0.245833 0.702344 0.025 0.0625 0.0011692
13 0.945833 0.90625 0.105556 0.18125 0.00112915
73 0.247222 0.7 0.0333333 0.0671875 0.00112438
58 0.504861 0.476562 0.977778 0.925 0.00104046
59 0.54566 0.670215 0.908681 0.643945 0.498047
59 0.545139 0.80957 0.901389 0.365234 0.209473
59 0.507639 0.470313 0.970833 0.921875 0.0568542
72 0.488889 0.608984 0.213889 0.233594 0.0248871
73 0.946528 0.851562 0.106944 0.065625 0.0207977
73 0.211458 0.705078 0.0520833 0.059375 0.0121918
62 0.559722 0.60625 0.352778 0.232813 0.00989532
56 0.560417 0.607813 0.356944 0.235938 0.00948334
62 0.489583 0.608984 0.206944 0.233594 0.00867462
59 0.579861 0.386719 0.8375 0.75 0.00837708
72 0.559722 0.60625 0.352778 0.232813 0.00656509
39 0.2125 0.678906 0.108333 0.114063 0.00634003
73 0.218056 0.703906 0.0375 0.0609375 0.00624084
73 0.198264 0.700781 0.0784722 0.0734375 0.00534439
73 0.178472 0.701563 0.0430556 0.071875 0.00502014
73 0.946528 0.865625 0.106944 0.09375 0.00469971
56 0.946528 0.90625 0.106944 0.178125 0.00380898
57 0.540972 0.665527 0.913889 0.654883 0.00341606
56 0.544444 0.64209 0.905556 0.700195 0.00332451
39 0.229167 0.678125 0.0791667 0.11875 0.00288963
59 0.560417 0.607813 0.356944 0.235938 0.00275803
39 0.209028 0.703906 0.0597222 0.0625 0.00248146
62 0.582639 0.402344 0.0958333 0.122656 0.00237846
57 0.544444 0.817969 0.906944 0.348438 0.00234222
39 0.201736 0.699219 0.0895833 0.075 0.00219917
73 0.945833 0.90625 0.105556 0.179688 0.00208282
69 0.488889 0.608984 0.213889 0.233594 0.00206757
73 0.489583 0.608984 0.206944 0.233594 0.0019722
39 0.220486 0.641406 0.0361111 0.0421875 0.00168705
59 0.527083 0.903125 0.834722 0.18125 0.00161076
39 0.218056 0.703906 0.0375 0.0609375 0.00157356
39 0.223264 0.644531 0.0479167 0.0484375 0.0015192
13 0.945833 0.90625 0.105556 0.179688 0.00118828
73 0.245833 0.702344 0.025 0.0625 0.00100803
59 0.546528 0.678516 0.904167 0.630469 0.562012
59 0.547396 0.778906 0.899653 0.423438 0.202393
59 0.507639 0.464453 0.973611 0.908594 0.182983
73 0.946528 0.851562 0.106944 0.065625 0.0214539
72 0.488889 0.608594 0.211111 0.232813 0.0198669
73 0.211806 0.705859 0.05 0.0578125 0.0145035
59 0.596354 0.396484 0.807292 0.777344 0.0123367
56 0.559722 0.607813 0.355556 0.235938 0.0112457
62 0.559722 0.60625 0.35 0.232813 0.00919342
62 0.490278 0.608594 0.205556 0.234375 0.00793457
73 0.21875 0.703906 0.0361111 0.0609375 0.00740433
73 0.177083 0.701563 0.0402778 0.071875 0.00591278
39 0.211806 0.678906 0.105556 0.114063 0.00568771
73 0.198958 0.700781 0.0763889 0.0726563 0.00551224
56 0.946528 0.905469 0.106944 0.179688 0.0050621
57 0.54375 0.669434 0.908333 0.64707 0.00391388
56 0.547917 0.645703 0.901389 0.694531 0.00387001
72 0.559722 0.60625 0.35 0.232813 0.00380898
59 0.559722 0.607813 0.355556 0.235938 0.00259018
39 0.210069 0.705078 0.05625 0.0601563 0.00243378
39 0.229514 0.678125 0.0784722 0.117969 0.00234222
73 0.490278 0.608594 0.205556 0.234375 0.00232315
62 0.583333 0.401953 0.0958333 0.122656 0.00228691
57 0.547396 0.817187 0.902431 0.35 0.00219917
13 0.945833 0.905469 0.106944 0.18125 0.00210762
39 0.200347 0.699219 0.0875 0.075 0.00194168
69 0.488889 0.608594 0.211111 0.232813 0.00186729
39 0.21875 0.703906 0.0361111 0.0609375 0.00157356
39 0.220486 0.642188 0.0368056 0.04375 0.00129414
39 0.223611 0.645312 0.05 0.0515625 0.00115108
73 0.945833 0.905469 0.106944 0.18125 0.00115108
73 0.245833 0.703125 0.0236111 0.0609375 0.00113392
73 0.207986 0.684766 0.0993056 0.103125 0.0011158
59 0.193056 0.530859 0.377778 0.597656 0.00103664
59 0.546528 0.679004 0.904167 0.629492 0.57373
59 0.50625 0.464844 0.979167 0.909375 0.226807
59 0.547222 0.769141 0.897222 0.442969 0.189575
73 0.946528 0.851562 0.106944 0.065625 0.0189819
59 0.596181 0.394922 0.807639 0.775781 0.0165253
72 0.488889 0.608594 0.211111 0.232813 0.0164642
73 0.211806 0.70625 0.05 0.0578125 0.0123367
56 0.559722 0.607813 0.354167 0.235938 0.0103302
62 0.559722 0.60625 0.35 0.232813 0.00878143
73 0.21875 0.704688 0.0361111 0.0609375 0.0064888
62 0.490278 0.608594 0.205556 0.234375 0.00634003
56 0.946528 0.90625 0.106944 0.18125 0.00553513
73 0.177083 0.701563 0.0402778 0.071875 0.00486755
56 0.548611 0.646777 0.9 0.693945 0.0046463
57 0.545139 0.668066 0.906944 0.649805 0.00457382
39 0.211806 0.678906 0.104167 0.114063 0.00453949
73 0.199306 0.700781 0.075 0.071875 0.00400543
72 0.559722 0.60625 0.35 0.232813 0.00301552
13 0.945833 0.904688 0.106944 0.18125 0.00286674
57 0.547222 0.817187 0.901389 0.35 0.00239754
62 0.583333 0.401465 0.0944444 0.12207 0.00214005
39 0.210417 0.705469 0.0555556 0.059375 0.00203514
73 0.490278 0.608594 0.205556 0.234375 0.0018177
59 0.559722 0.607813 0.354167 0.235938 0.00176811
39 0.229861 0.678125 0.0777778 0.117969 0.0015974
69 0.488889 0.608594 0.211111 0.232813 0.00159168
59 0.190972 0.512891 0.373611 0.653906 0.00148392
39 0.2 0.699219 0.0861111 0.075 0.0014267
39 0.21875 0.704688 0.0361111 0.0609375 0.00136662
60 0.946181 0.907031 0.107639 0.179688 0.00116062
56 0.945833 0.862695 0.108333 0.268359 0.00110722
6 0.502951 0.469141 0.977431 0.908594 0.00109482
57 0.50625 0.464844 0.979167 0.909375 0.00103188
59 0.545833 0.669141 0.905556 0.652344 0.550781
59 0.515451 0.453516 0.966319 0.892969 0.311523
59 0.547222 0.817187 0.901389 0.35 0.125977
73 0.946528 0.851562 0.106944 0.065625 0.0161591
59 0.595833 0.377246 0.808333 0.73457 0.012825
72 0.489583 0.608203 0.211111 0.232031 0.0102921
56 0.559722 0.607813 0.352778 0.235938 0.00993347
73 0.211111 0.705859 0.0527778 0.0578125 0.00815582
62 0.559722 0.60625 0.35 0.232813 0.00748825
56 0.946528 0.905469 0.106944 0.182812 0.00498199
62 0.493056 0.607813 0.215278 0.232813 0.0049057
56 0.547917 0.646973 0.901389 0.69668 0.00471878
57 0.54566 0.663184 0.905903 0.658008 0.00365067
13 0.946528 0.904688 0.106944 0.18125 0.00329781
39 0.2125 0.678516 0.105556 0.114063 0.00300407
73 0.177431 0.701563 0.0416667 0.071875 0.00300407
73 0.199306 0.700781 0.0763889 0.071875 0.00232315
6 0.501563 0.469531 0.982986 0.9125 0.00192642
72 0.559722 0.60625 0.35 0.232813 0.00184631
62 0.584028 0.401465 0.0944444 0.12207 0.00174141
57 0.547222 0.817187 0.901389 0.35 0.00174141
59 0.559722 0.607813 0.352778 0.235938 0.00171375
59 0.190625 0.467871 0.374306 0.776758 0.00144386
39 0.209375 0.705469 0.0576389 0.059375 0.00139904
73 0.490278 0.608594 0.205556 0.234375 0.00130463
57 0.501563 0.469531 0.982986 0.9125 0.00123024
69 0.489583 0.608203 0.211111 0.232031 0.00118828
60 0.946181 0.90625 0.107639 0.18125 0.0011692
56 0.945833 0.857617 0.108333 0.278516 0.0011034
39 0.217708 0.704688 0.0381944 0.0601563 0.00101185
59 0.544444 0.660547 0.906944 0.671094 0.506836
59 0.507639 0.455469 0.979167 0.898438 0.343262
59 0.547222 0.817969 0.902778 0.346875 0.0977173
59 0.593403 0.377734 0.813194 0.739844 0.0126724
73 0.946528 0.851562 0.106944 0.065625 0.0123367
56 0.559722 0.607813 0.352778 0.235938 0.00952148
72 0.490278 0.608203 0.211111 0.232031 0.00740433
62 0.559722 0.60625 0.35 0.232813 0.00609589
73 0.210417 0.705859 0.0555556 0.0585938 0.00566483
56 0.547222 0.646094 0.904167 0.698438 0.00471878
56 0.946528 0.905469 0.106944 0.182812 0.00391388
62 0.494444 0.607813 0.216667 0.232813 0.00388527
13 0.946528 0.904688 0.106944 0.18125 0.00340271
57 0.547222 0.646094 0.904167 0.698438 0.00322342
39 0.2125 0.678516 0.106944 0.114063 0.00248146
6 0.502083 0.467969 0.984722 0.9125 0.00245285
73 0.178125 0.701563 0.0430556 0.071875 0.00205803
59 0.559722 0.607813 0.352778 0.235938 0.00186062
73 0.198611 0.700781 0.0770833 0.071875 0.0015974
57 0.502083 0.467969 0.984722 0.9125 0.0015192
62 0.584028 0.401465 0.0944444 0.12207 0.00141621
59 0.190972 0.453906 0.375 0.807813 0.00137806
72 0.559722 0.60625 0.35 0.232813 0.00129414
57 0.547222 0.817969 0.902778 0.346875 0.00122547
39 0.209028 0.705469 0.0597222 0.0609375 0.00113392
56 0.946181 0.854883 0.107639 0.283984 0.00101185
59 0.611111 0.733203 0.772222 0.510156 0.00100422
59 0.5 0.463672 0.994444 0.914844 0.454346
59 0.54375 0.633691 0.906944 0.726367 0.453369
59 0.540278 0.751172 0.913889 0.480469 0.0621033
59 0.551562 0.829688 0.896875 0.325 0.0302124
73 0.945833 0.850781 0.108333 0.0671875 0.0124817
59 0.589931 0.382031 0.820139 0.75 0.0120544
56 0.560417 0.607813 0.354167 0.2375 0.00888062
56 0.547049 0.644922 0.905903 0.702344 0.00616837
62 0.559722 0.60625 0.35 0.232813 0.00496292
73 0.209722 0.70625 0.0569444 0.0578125 0.00457382
57 0.547049 0.644922 0.905903 0.702344 0.00379562
72 0.490972 0.607813 0.2125 0.23125 0.00363541
6 0.502604 0.471094 0.986458 0.920313 0.00341606
62 0.506944 0.607813 0.238889 0.232813 0.00335121
56 0.946528 0.904688 0.106944 0.18125 0.00324821
13 0.946528 0.904688 0.106944 0.18125 0.00298119
72 0.534722 0.608594 0.3 0.234375 0.00229645
59 0.560417 0.607813 0.354167 0.2375 0.00217438
39 0.213194 0.678516 0.106944 0.114063 0.00191212
57 0.502604 0.471094 0.986458 0.920313 0.00181007
73 0.178819 0.701563 0.04375 0.071875 0.00162315
61 0 0.828516 0 0.342969 0.00154877
0 0.5 0.478906 0.984722 0.907813 0.00151253
59 0.191753 0.451562 0.377604 0.84375 0.00142097
56 0.5 0.478906 0.984722 0.907813 0.00135612
73 0.198958 0.701172 0.0770833 0.0726563 0.00123978
62 0.582639 0.402734 0.0930556 0.126563 0.00123024
56 0.946181 0.851562 0.107639 0.292188 0.00101662
59 0.498611 0.465625 0.997222 0.91875 0.475586
59 0.547222 0.603906 0.905556 0.785937 0.424316
59 0.552604 0.728906 0.892014 0.526563 0.116333
59 0.547917 0.818555 0.901389 0.344141 0.035553
73 0.945833 0.850781 0.108333 0.0671875 0.0122375
59 0.589063 0.383984 0.821875 0.753906 0.0111618
56 0.547222 0.641504 0.905556 0.70918 0.00723267
56 0.561111 0.607813 0.355556 0.2375 0.00712204
57 0.547222 0.641504 0.905556 0.70918 0.00473785
62 0.559722 0.60625 0.35 0.232813 0.00405502
73 0.209028 0.70625 0.0583333 0.0578125 0.00388527
6 0.502951 0.471094 0.988542 0.920313 0.00370789
56 0.946181 0.904688 0.107639 0.18125 0.00300407
13 0.946181 0.904688 0.107639 0.18125 0.00299263
72 0.491667 0.607813 0.213889 0.23125 0.00250244
59 0.561111 0.607813 0.355556 0.2375 0.00230598
0 0.5 0.475781 0.986111 0.904688 0.00229645
61 0 0.817578 0 0.364844 0.00212479
62 0.494444 0.608594 0.211111 0.234375 0.00201035
57 0.502951 0.471094 0.988542 0.920313 0.0019722
39 0.213194 0.678125 0.108333 0.114063 0.00165462
56 0.5 0.475781 0.986111 0.904688 0.0015974
72 0.55 0.608203 0.330556 0.234375 0.00156116
59 0.192014 0.449219 0.377083 0.848437 0.00141048
73 0.179514 0.701563 0.0451389 0.071875 0.00138855
60 0 0.866602 0 0.266797 0.00123024
62 0.582639 0.402344 0.0930556 0.126563 0.0011692
73 0.198958 0.701172 0.0770833 0.0726563 0.00106525
60 0 0.93125 0 0.1375 0.00101662
20 0.502951 0.471094 0.988542 0.920313 0.00100803
59 0.498611 0.462109 0.997222 0.910156 0.461914
59 0.547569 0.606934 0.904861 0.779883 0.437744
59 0.553472 0.728906 0.890278 0.523438 0.11554
59 0.548438 0.819531 0.900347 0.34375 0.0317383
59 0.590104 0.382422 0.819792 0.750781 0.0124283
73 0.945833 0.850781 0.108333 0.0671875 0.0118713
56 0.547396 0.642188 0.905208 0.707812 0.00831604
56 0.561111 0.607813 0.355556 0.2375 0.00775528
57 0.547396 0.642188 0.905208 0.707812 0.00653839
73 0.209028 0.70625 0.0583333 0.0585938 0.00416565
62 0.559722 0.60625 0.35 0.232813 0.00385475
6 0.504167 0.46875 0.988889 0.9125 0.00382423
13 0.946181 0.904688 0.107639 0.18125 0.00314713
56 0.946181 0.904688 0.107639 0.18125 0.00309944
72 0.491667 0.607813 0.213889 0.23125 0.00252151
0 0.500694 0.46875 0.9875 0.8875 0.00237846
57 0.504167 0.46875 0.988889 0.9125 0.00230598
59 0.561111 0.607813 0.355556 0.2375 0.00209999
62 0.494444 0.608594 0.211111 0.234375 0.00192642
39 0.213542 0.678125 0.108333 0.114063 0.0018177
59 0.190972 0.442969 0.375 0.835938 0.00175476
61 0 0.820898 0 0.358203 0.00162315
56 0.500694 0.46875 0.9875 0.8875 0.00159168
72 0.549306 0.608203 0.329167 0.234375 0.00157356
73 0.180556 0.701563 0.0472222 0.071875 0.00153637
60 0 0.866406 0 0.267188 0.00134087
73 0.199306 0.701563 0.0763889 0.071875 0.0011692
62 0.582639 0.402344 0.0930556 0.126563 0.00111198
20 0.504167 0.46875 0.988889 0.9125 0.0011034
60 0 0.93125 0 0.1375 0.00102043
0 0.547396 0.642188 0.905208 0.707812 0.00101662
59 0.498785 0.460156 0.996875 0.904688 0.478516
59 0.548264 0.613281 0.903472 0.765625 0.462891
59 0.560417 0.730078 0.876389 0.519531 0.0827026
59 0.548611 0.820508 0.9 0.343359 0.0362244
73 0.946528 0.851562 0.106944 0.065625 0.0143356
59 0.591667 0.382031 0.816667 0.747656 0.0130234
56 0.559722 0.607813 0.355556 0.2375 0.0088501
56 0.548438 0.642578 0.903125 0.705469 0.0085144
57 0.548438 0.642578 0.903125 0.705469 0.0078125
73 0.208681 0.70625 0.0597222 0.0585938 0.00498199
6 0.504167 0.467578 0.988889 0.908594 0.00436401
62 0.559722 0.60625 0.35 0.232813 0.00418091
13 0.946181 0.904688 0.107639 0.18125 0.00352478
56 0.946181 0.904688 0.107639 0.18125 0.00348282
72 0.491667 0.607813 0.213889 0.23125 0.00270462
0 0.5 0.464453 0.9875 0.877344 0.00251198
57 0.504167 0.467578 0.988889 0.908594 0.002388
59 0.190885 0.438281 0.375174 0.826563 0.00229645
39 0.213194 0.678125 0.108333 0.114063 0.00206757
62 0.494444 0.608594 0.211111 0.234375 0.00200272
73 0.181944 0.701563 0.05 0.071875 0.00194168
59 0.559722 0.607813 0.355556 0.2375 0.00192642
72 0.548611 0.608203 0.327778 0.234375 0.00168705
56 0.5 0.464453 0.9875 0.877344 0.0015974
73 0.199306 0.701563 0.0770833 0.071875 0.00148392
56 0.0697917 0.925 0.135417 0.146875 0.00133038
56 0.469271 0.733594 0.650347 0.495313 0.00132465
60 0 0.867188 0 0.265625 0.00126457
62 0.582639 0.401953 0.0930556 0.126563 0.0011692
61 0 0.823828 0 0.352344 0.00116062
0 0.548438 0.642578 0.903125 0.705469 0.0011425
58 0 0.850391 0 0.299219 0.00107288
20 0.504167 0.467578 0.988889 0.908594 0.00106907
57 0.1875 0.434473 0.369444 0.799805 0.00106907
56 0.188976 0.462891 0.37066 0.632031 0.00105667
56 0.945833 0.852344 0.108333 0.292188 0.00102425
59 0.543229 0.625781 0.910764 0.739062 0.466797
59 0.5 0.460547 0.994444 0.902344 0.44165
59 0.554861 0.728906 0.8875 0.520312 0.121704
59 0.548785 0.820312 0.899653 0.342187 0.0393372
73 0.946528 0.851562 0.106944 0.065625 0.0142288
59 0.59375 0.382812 0.8125 0.747656 0.0115051
56 0.554861 0.728906 0.8875 0.520312 0.00971222
57 0.548785 0.642188 0.902431 0.70625 0.00955963
56 0.559722 0.607813 0.355556 0.236719 0.00926971
73 0.209028 0.70625 0.0597222 0.0585938 0.00568771
6 0.50434 0.467187 0.991319 0.904688 0.00443268
56 0.548958 0.628516 0.902083 0.733594 0.00395966
56 0.946181 0.904688 0.107639 0.18125 0.00385475
62 0.559722 0.60625 0.35 0.232813 0.00380898
13 0.946181 0.904688 0.107639 0.18125 0.00379562
59 0.189497 0.435937 0.372396 0.821875 0.00264168
57 0.50434 0.467187 0.991319 0.904688 0.0024929
0 0.500694 0.4625 0.9875 0.871875 0.00248146
72 0.492361 0.607813 0.213889 0.23125 0.00245285
73 0.181944 0.701563 0.05 0.071875 0.00228691
39 0.213542 0.678125 0.108333 0.114063 0.00201035
62 0.494444 0.608594 0.211111 0.234375 0.00185299
56 0.0702257 0.924219 0.135937 0.146875 0.00176811
73 0.2 0.701563 0.0763889 0.071875 0.00167465
59 0.559722 0.607813 0.355556 0.236719 0.0016613
56 0.469271 0.733594 0.644792 0.495313 0.00164223
59 0.469271 0.733594 0.644792 0.495313 0.00163555
56 0.500694 0.4625 0.9875 0.871875 0.00156116
57 0.186806 0.434375 0.368056 0.8 0.00144958
72 0.55 0.608594 0.330556 0.234375 0.00144386
77 0.241667 0.149902 0.233333 0.211914 0.00119686
56 0.945833 0.851562 0.108333 0.29375 0.00119686
56 0.186806 0.434375 0.368056 0.8 0.00119686
0 0.548785 0.642188 0.902431 0.70625 0.0011692
20 0.50434 0.467187 0.991319 0.904688 0.0011158
62 0.582639 0.40166 0.0930556 0.126367 0.00111198
14 0.244444 0.152246 0.23125 0.217383 0.00106525
57 0.559722 0.60625 0.35 0.232813 0.00104809
58 0 0.852539 0 0.294922 0.00103188
75 0.501389 0.446094 0.991667 0.876563 0.00102806
59 0.54375 0.632422 0.909722 0.724219 0.488281
59 0.500694 0.460547 0.994444 0.900781 0.424316
59 0.559896 0.729688 0.877431 0.517188 0.0970459
59 0.549306 0.820508 0.898611 0.343359 0.0472412
73 0.946528 0.851562 0.106944 0.065625 0.0152512
57 0.548958 0.64375 0.902083 0.703125 0.0107803
59 0.594271 0.383203 0.811458 0.746094 0.0106506
56 0.559896 0.729688 0.877431 0.517188 0.0102921
56 0.559722 0.607813 0.354167 0.235938 0.0102463
73 0.209722 0.70625 0.0576389 0.0578125 0.00731659
6 0.50434 0.467187 0.991319 0.903125 0.00469971
56 0.946181 0.904688 0.107639 0.18125 0.00413513
62 0.559722 0.60625 0.35 0.232813 0.00411606
56 0.549653 0.63125 0.900694 0.728125 0.0041008
13 0.946181 0.904688 0.107639 0.18125 0.00395966
73 0.180556 0.701172 0.0472222 0.071875 0.00305176
57 0.50434 0.467187 0.991319 0.903125 0.00261116
72 0.491667 0.607813 0.213889 0.23125 0.00260162
59 0.188976 0.435156 0.372049 0.817187 0.00255013
0 0.501215 0.460938 0.986458 0.865625 0.00243378
39 0.213889 0.678125 0.108333 0.114063 0.00232315
56 0.0702257 0.924219 0.135937 0.146875 0.00216484
73 0.201042 0.701953 0.0736111 0.0710938 0.00213242
62 0.49375 0.608594 0.209722 0.234375 0.00193405
56 0.472396 0.732813 0.630208 0.49375 0.00173378
57 0.186806 0.433984 0.368056 0.797656 0.0015974
59 0.472396 0.732813 0.630208 0.49375 0.00152493
59 0.559722 0.607813 0.354167 0.235938 0.0015192
72 0.544444 0.608203 0.319444 0.234375 0.00146675
77 0.259028 0.149121 0.270833 0.214258 0.00142097
56 0.501215 0.460938 0.986458 0.865625 0.00139904
56 0.945833 0.850195 0.108333 0.296484 0.00133514
56 0.186806 0.433984 0.368056 0.797656 0.00128937
14 0.244444 0.151953 0.23125 0.217188 0.00124454
39 0.209722 0.70625 0.0576389 0.0578125 0.00121593
62 0.583333 0.401953 0.0916667 0.125781 0.00118828
56 0.0999132 0.932813 0.194618 0.13125 0.00117874
0 0.548958 0.64375 0.902083 0.703125 0.00117874
20 0.50434 0.467187 0.991319 0.903125 0.00115108
57 0.559722 0.60625 0.35 0.232813 0.00110722
60 0.50434 0.467187 0.991319 0.903125 0.00106907
55 0.501389 0.445312 0.991667 0.875 0.00105667
25 0.501389 0.445312 0.991667 0.875 0.00104046
58 0 0.854102 0 0.291797 0.00101662
59 0.543229 0.632031 0.910764 0.725 0.487305
59 0.500694 0.460938 0.994444 0.901563 0.424316
59 0.559028 0.729688 0.879167 0.517188 0.103394
59 0.549306 0.820508 0.898611 0.343359 0.0470886
73 0.946528 0.851562 0.106944 0.065625 0.0151901
57 0.548958 0.643848 0.902083 0.70293 0.0110703
56 0.559028 0.729688 0.879167 0.517188 0.0106964
59 0.59375 0.383691 0.8125 0.74668 0.0105286
56 0.559722 0.607813 0.354167 0.235938 0.0104904
73 0.209722 0.70625 0.0569444 0.0578125 0.00734711
6 0.50434 0.467187 0.991319 0.903125 0.00471878
56 0.549653 0.630566 0.900694 0.72793 0.00419998
56 0.946181 0.904688 0.107639 0.18125 0.00413513
13 0.946181 0.904688 0.107639 0.18125 0.00402451
62 0.559722 0.60625 0.35 0.232813 0.00399017
73 0.180556 0.701172 0.0472222 0.071875 0.003088
57 0.50434 0.467187 0.991319 0.903125 0.0026207
72 0.491667 0.607813 0.213889 0.23125 0.00252151
59 0.188976 0.434375 0.372049 0.815625 0.00252151
0 0.501215 0.461719 0.986458 0.865625 0.00246239
39 0.213542 0.678125 0.107639 0.114063 0.00233269
73 0.201389 0.701953 0.0736111 0.0710938 0.00215721
56 0.0702257 0.924219 0.135937 0.146875 0.00215721
62 0.49375 0.608594 0.209722 0.234375 0.00190449
56 0.471007 0.732813 0.632986 0.49375 0.00177479
57 0.186806 0.433691 0.368056 0.79668 0.00161648
59 0.471007 0.732813 0.632986 0.49375 0.00156689
59 0.559722 0.607813 0.354167 0.235938 0.00154877
77 0.241667 0.149707 0.233333 0.211523 0.00145531
56 0.501215 0.461719 0.986458 0.865625 0.00143242
72 0.545833 0.608594 0.322222 0.234375 0.00141621
56 0.945833 0.850781 0.108333 0.295312 0.00132465
56 0.186806 0.433691 0.368056 0.79668 0.00131512
14 0.244444 0.151953 0.231944 0.216797 0.00126457
39 0.209722 0.70625 0.0569444 0.0578125 0.0012064
62 0.583333 0.401953 0.0916667 0.125781 0.00119686
0 0.548958 0.643848 0.902083 0.70293 0.00117397
56 0.100347 0.932813 0.195139 0.13125 0.0011692
20 0.50434 0.467187 0.991319 0.903125 0.00116062
57 0.559722 0.60625 0.35 0.232813 0.0011425
60 0.50434 0.467187 0.991319 0.903125 0.00109482
55 0.501389 0.446094 0.991667 0.876563 0.00108624
25 0.501389 0.446094 0.991667 0.876563 0.00103664
