75 0.235498 0.776562 0.379004 0.435937 0.885742
74 0.760156 0.20542 0.35 0.360254 0.616699
74 0.767187 0.22168 0.225 0.230469 0.392334
75 0.731641 0.636719 0.446094 0.614062 0.363037
41 0.234961 0.775781 0.378516 0.434375 0.0246124
58 0.235156 0.776367 0.378125 0.431641 0.0186157
45 0.236133 0.614844 0.152734 0.065625 0.0104065
77 0.726172 0.610156 0.432031 0.714062 0.00989532
61 0.235156 0.776758 0.379687 0.440234 0.00775528
77 0.700781 0.49375 0.503125 0.959375 0.00737381
74 0.607031 0.0542969 0.0921875 0.103711 0.00728989
75 0.724219 0.511719 0.432813 0.910937 0.00714874
60 0.307227 0.88125 0.611328 0.223437 0.00602722
45 0.322461 0.748437 0.171484 0.196875 0.00572968
45 0.239062 0.604687 0.166797 0.0851563 0.00540543
74 0.322852 0.749219 0.170703 0.2 0.00527954
41 0.734375 0.649121 0.453125 0.642383 0.00526047
39 0.234814 0.775 0.37959 0.4375 0.0051384
57 0.26582 0.88125 0.527734 0.223437 0.00477219
55 0.243164 0.6 0.173828 0.096875 0.00450516
58 0.737891 0.636719 0.457031 0.617188 0.00450516
60 0.0739258 0.882812 0.144531 0.228125 0.00419998
75 0.321875 0.73125 0.167187 0.160937 0.00405502
65 0.744922 0.910938 0.377344 0.071875 0.00387001
59 0.494531 0.491016 0.932812 0.974219 0.00382423
57 0.0739258 0.882812 0.144531 0.228125 0.00370789
40 0.235156 0.776367 0.378125 0.431641 0.00362206
56 0.0729492 0.883008 0.142383 0.227734 0.00345612
26 0.734375 0.649121 0.453125 0.642383 0.00345612
57 0.144238 0.882031 0.28418 0.223438 0.00329781
60 0.144238 0.882031 0.28418 0.223438 0.00325966
76 0.725 0.527344 0.43125 0.889062 0.00319672
75 0.484375 0.876562 0.075 0.234375 0.00309944
73 0.741797 0.917187 0.399219 0.0718751 0.00277901
43 0.744922 0.910938 0.377344 0.071875 0.00226974
74 0.636719 0.0532715 0.153125 0.10127 0.00222588
65 0.748047 0.921875 0.383594 0.05625 0.00216484
39 0.484766 0.875195 0.0742188 0.233984 0.00214958
61 0.725 0.527344 0.43125 0.889062 0.00213242
74 0.236133 0.614844 0.152734 0.065625 0.0020752
60 0.487109 0.489844 0.947656 0.973438 0.00202751
47 0.235938 0.78125 0.379687 0.425 0.00201988
60 0.736719 0.861719 0.523437 0.2625 0.00200272
75 0.216211 0.730469 0.327734 0.317187 0.00191879
61 0.737891 0.636719 0.457031 0.617188 0.00188255
41 0.236133 0.599219 0.147266 0.0945312 0.00182438
60 0.951562 0.860742 0.0953125 0.262891 0.00174141
60 0.742187 0.967187 0.49375 0.0656251 0.00172043
0 0.682031 0.492969 0.565625 0.967188 0.00167465
55 0.236133 0.614844 0.152734 0.065625 0.0016489
40 0.242578 0.600781 0.174609 0.0953125 0.00160408
60 0.502344 0.863867 0.973437 0.256641 0.00158501
73 0.742969 0.924219 0.376563 0.0500001 0.00153637
59 0.0739258 0.882812 0.144531 0.228125 0.00152493
10 0.725 0.527344 0.43125 0.889062 0.00152493
39 0.24375 0.569531 0.0375 0.0421875 0.0015192
41 0.237109 0.614453 0.146875 0.0617188 0.00151253
75 0.24082 0.6 0.172266 0.096875 0.00151253
75 0.604687 0.678516 0.190625 0.382031 0.00150108
60 0.498438 0.771875 0.971875 0.440625 0.0014267
0 0.737891 0.636719 0.457031 0.617188 0.00139427
74 0.882031 0.219141 0.0140624 0.0203125 0.00138283
59 0.675 0.492188 0.589062 0.975 0.00135612
76 0.728125 0.628906 0.434375 0.6125 0.00129986
45 0.734375 0.649121 0.453125 0.642383 0.00129414
79 0.724219 0.637109 0.428125 0.638281 0.0012064
39 0.734375 0.649121 0.453125 0.642383 0.00115585
73 0.744141 0.901562 0.378906 0.09375 0.00113773
60 0.491406 0.678516 0.942187 0.630469 0.00112057
55 0.734375 0.649121 0.453125 0.642383 0.00105667
41 0.371094 0.629687 0.0953125 0.109375 0.00102425
45 0.235938 0.78125 0.379687 0.425 0.00100803
75 0.235547 0.777344 0.379687 0.435937 0.909668
74 0.760156 0.207227 0.35 0.359766 0.662109
75 0.732031 0.638965 0.446875 0.618945 0.443604
74 0.767187 0.221875 0.225 0.232422 0.366699
41 0.235352 0.776562 0.379297 0.434375 0.0266571
58 0.235156 0.778125 0.378125 0.43125 0.0255585
45 0.235889 0.614844 0.152441 0.065625 0.0174408
45 0.322461 0.746875 0.169922 0.19375 0.0116425
77 0.725781 0.616406 0.432812 0.698437 0.00981903
74 0.607031 0.0544922 0.0921875 0.104297 0.00959778
75 0.32207 0.73125 0.166797 0.165625 0.00930023
75 0.724219 0.515625 0.432813 0.9 0.00912476
58 0.7375 0.638281 0.45625 0.621875 0.00821686
61 0.235205 0.777344 0.380371 0.439062 0.00790405
74 0.322656 0.748047 0.170312 0.199219 0.00743103
45 0.241064 0.600781 0.172559 0.096875 0.00706482
60 0.310742 0.88125 0.619141 0.225 0.00666809
77 0.697656 0.49375 0.507812 0.959375 0.00614548
55 0.241064 0.600781 0.172559 0.096875 0.00557709
39 0.234961 0.776562 0.380078 0.435937 0.00511932
41 0.734375 0.649902 0.453125 0.643945 0.00475693
60 0.0737305 0.882812 0.144141 0.228125 0.00455475
40 0.234961 0.777344 0.380078 0.435937 0.00453949
56 0.0727539 0.883008 0.142187 0.227734 0.00345612
75 0.212549 0.729297 0.313965 0.316406 0.00341606
57 0.0737305 0.882812 0.144141 0.228125 0.00341606
75 0.484375 0.876562 0.075 0.234375 0.00336266
60 0.14707 0.882031 0.289844 0.223438 0.00322342
74 0.635547 0.0538086 0.151563 0.102539 0.00311089
57 0.280273 0.881445 0.556641 0.224609 0.00305176
76 0.725 0.539062 0.43125 0.859375 0.0029583
59 0.496094 0.491016 0.923437 0.975781 0.00274658
55 0.235889 0.614844 0.152441 0.065625 0.00261116
26 0.723047 0.624121 0.428906 0.583008 0.00245285
65 0.745703 0.910937 0.377344 0.075 0.00237846
39 0.484375 0.875 0.0734375 0.234375 0.00232315
47 0.235156 0.778125 0.378125 0.43125 0.00220871
75 0.604687 0.680078 0.190625 0.383594 0.00219154
60 0.486719 0.489844 0.948437 0.976562 0.00210762
74 0.235889 0.614844 0.152441 0.065625 0.00205803
41 0.235937 0.603125 0.146875 0.0867187 0.0020504
61 0.725 0.539062 0.43125 0.859375 0.0019722
41 0.371094 0.629687 0.0945312 0.109375 0.00195694
10 0.725 0.539062 0.43125 0.859375 0.00194168
73 0.741797 0.917187 0.400781 0.0718751 0.00192642
55 0.734375 0.649902 0.453125 0.643945 0.00192642
45 0.235498 0.774219 0.380566 0.434375 0.00191212
57 0.14707 0.882031 0.289844 0.223438 0.00190449
40 0.242578 0.601562 0.175391 0.0953125 0.00186729
61 0.7375 0.638281 0.45625 0.621875 0.00184631
39 0.24375 0.569531 0.0375 0.0421875 0.0018034
75 0.241016 0.600781 0.173437 0.096875 0.00179577
43 0.745703 0.910937 0.377344 0.075 0.00168705
60 0.951562 0.860937 0.0953125 0.264062 0.00165462
41 0.243359 0.569141 0.0367187 0.0398437 0.00164223
0 0.678906 0.493359 0.5625 0.966406 0.00162315
60 0.742578 0.967187 0.494531 0.0656251 0.00156689
59 0.0737305 0.882812 0.144141 0.228125 0.00148392
0 0.7375 0.638281 0.45625 0.621875 0.00146103
65 0.749219 0.922656 0.385937 0.0578125 0.00143814
75 0.370117 0.632812 0.0941406 0.114062 0.00138855
59 0.675781 0.492578 0.582812 0.974219 0.00136662
55 0.234961 0.776562 0.380078 0.435937 0.00136185
74 0.882031 0.219141 0.0140624 0.0203125 0.00133514
71 0.235498 0.774219 0.380566 0.434375 0.00132465
45 0.734375 0.649902 0.453125 0.643945 0.00131512
73 0.743359 0.925 0.375781 0.05 0.00130463
25 0.322266 0.751562 0.167969 0.203125 0.00124931
60 0.49375 0.697656 0.95625 0.5875 0.00124454
60 0.502344 0.863281 0.973437 0.259375 0.00123501
75 0.235889 0.614844 0.152441 0.065625 0.0012207
79 0.724219 0.639062 0.428125 0.6375 0.0012207
10 0.7375 0.638281 0.45625 0.621875 0.00114727
39 0.734375 0.649902 0.453125 0.643945 0.00110722
74 0.292187 0.739844 0.0515625 0.0570312 0.00109482
75 0.315039 0.796094 0.201953 0.314063 0.00106525
60 0.734766 0.861719 0.527344 0.264063 0.00106525
0 0.235498 0.774219 0.380566 0.434375 0.00105667
56 0.234814 0.77832 0.381152 0.440234 0.00102425
75 0.235742 0.778125 0.380078 0.434375 0.916016
74 0.760156 0.208154 0.35 0.358691 0.689453
75 0.73125 0.635937 0.446875 0.6125 0.449463
74 0.766797 0.22168 0.224219 0.233203 0.339844
58 0.235938 0.778906 0.379687 0.432813 0.0327148
41 0.235498 0.777344 0.379785 0.432813 0.0244293
45 0.235937 0.614844 0.152734 0.065625 0.0237732
45 0.322461 0.746094 0.169922 0.19375 0.0128708
74 0.607031 0.0547363 0.0921875 0.10459 0.0119171
75 0.32207 0.732031 0.166797 0.167188 0.0116882
75 0.724219 0.519922 0.434375 0.891406 0.0108185
45 0.241016 0.601172 0.172656 0.0960938 0.0103302
58 0.736719 0.635156 0.45625 0.614062 0.00981903
77 0.726172 0.61875 0.433594 0.69375 0.00908661
74 0.322656 0.747656 0.170312 0.2 0.00844574
60 0.290234 0.88125 0.576562 0.225 0.00682449
61 0.235498 0.77793 0.380566 0.437891 0.00621796
55 0.241016 0.601172 0.172656 0.0960938 0.00582123
77 0.697266 0.495312 0.511719 0.95625 0.0051384
41 0.734375 0.649902 0.453125 0.639258 0.00488663
40 0.235107 0.77793 0.380566 0.434766 0.00488663
39 0.235352 0.776367 0.380859 0.434766 0.00468063
60 0.0737305 0.882812 0.144336 0.228125 0.00419998
74 0.634375 0.0539551 0.148438 0.103027 0.0037365
75 0.211768 0.728125 0.310059 0.314062 0.00363541
56 0.0729492 0.883008 0.142773 0.227734 0.00291252
60 0.150195 0.882031 0.296094 0.223438 0.00291252
57 0.0737305 0.882812 0.144336 0.228125 0.00284576
59 0.492188 0.492578 0.932812 0.974219 0.0026207
55 0.235937 0.614844 0.152734 0.065625 0.00257111
41 0.371094 0.629687 0.0945312 0.107812 0.00242424
75 0.484375 0.876367 0.075 0.234766 0.0024147
45 0.235547 0.775 0.38125 0.432813 0.00239754
41 0.235937 0.607031 0.146875 0.078125 0.00230598
75 0.604687 0.682422 0.190625 0.377344 0.00230598
55 0.734375 0.649902 0.453125 0.639258 0.00218201
40 0.242578 0.602344 0.175781 0.09375 0.00214005
26 0.723047 0.622754 0.428906 0.581055 0.00211525
76 0.725391 0.548047 0.432031 0.841406 0.00210762
74 0.235937 0.614844 0.152734 0.065625 0.00209999
41 0.243359 0.569141 0.0367187 0.0398437 0.00208282
39 0.24375 0.569531 0.0375 0.0421875 0.00206757
39 0.484375 0.875 0.075 0.234375 0.00206757
47 0.235498 0.77832 0.379004 0.430859 0.00206757
57 0.290234 0.88125 0.576562 0.225 0.00200272
65 0.746094 0.911719 0.378125 0.0734375 0.00190449
75 0.241064 0.601172 0.174121 0.0960938 0.00189686
10 0.725391 0.548047 0.432031 0.841406 0.00185299
61 0.725391 0.548047 0.432031 0.841406 0.00183105
75 0.369922 0.632812 0.0945312 0.114062 0.00179577
60 0.485937 0.491016 0.946875 0.974219 0.00177479
73 0.741406 0.917187 0.401562 0.0734375 0.00176811
45 0.734375 0.649902 0.453125 0.639258 0.00163555
25 0.322656 0.747656 0.170312 0.2 0.00156689
0 0.678906 0.495312 0.5625 0.964062 0.00155449
60 0.951562 0.860937 0.0953125 0.264062 0.00151253
41 0.241016 0.601172 0.172656 0.0960938 0.00141048
0 0.736719 0.635156 0.45625 0.614062 0.00140476
55 0.235352 0.776367 0.380859 0.434766 0.00138283
43 0.746094 0.911719 0.378125 0.0734375 0.00137806
75 0.235937 0.614844 0.152734 0.065625 0.00130463
59 0.0737305 0.882812 0.144336 0.228125 0.00130463
60 0.742188 0.967578 0.495313 0.0648438 0.00130463
59 0.672656 0.494531 0.589062 0.971875 0.00129986
74 0.882031 0.219141 0.0140624 0.0203125 0.00121117
60 0.502344 0.862305 0.971875 0.259766 0.0011692
73 0.742969 0.925 0.376563 0.0515625 0.00116062
57 0.150195 0.882031 0.296094 0.223438 0.00114727
75 0.3125 0.7875 0.20625 0.295313 0.0011158
65 0.749219 0.923437 0.3875 0.0578125 0.00111198
60 0.492969 0.700781 0.954687 0.58125 0.00111198
75 0.238672 0.751172 0.346875 0.238281 0.00110722
79 0.724219 0.637109 0.429688 0.635156 0.00109863
56 0.235107 0.778125 0.381348 0.439063 0.00109482
74 0.292187 0.739844 0.0523437 0.0570312 0.00108147
71 0.235547 0.775 0.38125 0.432813 0.00107765
60 0.497656 0.796875 0.96875 0.392187 0.00105667
41 0.32207 0.732031 0.166797 0.167188 0.00104809
39 0.73125 0.635937 0.446875 0.6125 0.00104046
58 0.32168 0.746094 0.171484 0.196875 0.00102425
45 0.237891 0.739062 0.346875 0.2875 0.00101662
0 0.235547 0.775 0.38125 0.432813 0.00101662
75 0.235596 0.778906 0.37959 0.434375 0.926758
74 0.759766 0.209033 0.350781 0.357715 0.726562
75 0.73125 0.633594 0.446875 0.607813 0.44751
74 0.766797 0.221289 0.224219 0.233984 0.317383
58 0.235986 0.779688 0.37959 0.432813 0.0401001
45 0.235986 0.614844 0.153027 0.065625 0.0344849
41 0.235547 0.778125 0.379687 0.43125 0.0207977
45 0.322656 0.744922 0.169531 0.191406 0.0154877
75 0.322266 0.731641 0.166406 0.167969 0.0151291
45 0.241064 0.601953 0.172559 0.0945313 0.0148392
75 0.724219 0.514062 0.4375 0.910937 0.0133286
58 0.735937 0.632812 0.45625 0.609375 0.0127716
74 0.607031 0.0548828 0.0921875 0.104687 0.0127258
77 0.725781 0.597754 0.435937 0.741992 0.00912476
74 0.322656 0.746875 0.170312 0.198437 0.00898743
60 0.297852 0.88125 0.591797 0.225 0.00815582
55 0.241992 0.613281 0.166797 0.0695313 0.00712204
77 0.694141 0.496875 0.524219 0.95625 0.00634003
40 0.235205 0.778906 0.381152 0.435937 0.00548935
61 0.235547 0.775781 0.38125 0.429687 0.00494385
39 0.235352 0.77832 0.380859 0.433984 0.00466537
75 0.210352 0.727344 0.304297 0.310938 0.00421524
41 0.733594 0.648828 0.453125 0.633594 0.00390053
74 0.635156 0.0541016 0.15 0.103516 0.00382423
60 0.0738281 0.882812 0.144531 0.228125 0.00342941
41 0.371094 0.628906 0.0945312 0.107031 0.00327301
41 0.237109 0.614062 0.146875 0.0617188 0.00292397
45 0.235547 0.775781 0.38125 0.429687 0.00279045
75 0.369922 0.632812 0.0945312 0.114062 0.0027256
41 0.243359 0.569141 0.0367187 0.0398437 0.0026722
75 0.605469 0.685547 0.190625 0.369531 0.00260162
56 0.0732422 0.882812 0.143359 0.228125 0.00257111
60 0.158203 0.882031 0.312109 0.225 0.00256157
40 0.242578 0.603125 0.175781 0.0921875 0.00252151
58 0.725391 0.542578 0.433594 0.858594 0.00252151
39 0.24375 0.569531 0.0371094 0.0421875 0.00247192
57 0.0738281 0.882812 0.144531 0.228125 0.00245285
47 0.235352 0.77832 0.380859 0.433984 0.00226021
75 0.23833 0.610156 0.16709 0.075 0.00225258
75 0.484375 0.875781 0.075 0.235938 0.00213242
41 0.241064 0.601953 0.172559 0.0945313 0.00201988
25 0.322656 0.746875 0.170312 0.198437 0.00197983
59 0.502344 0.495312 0.9125 0.96875 0.0019722
0 0.678906 0.497656 0.565625 0.960938 0.00196457
10 0.725391 0.542578 0.433594 0.858594 0.00194168
74 0.235986 0.614844 0.153027 0.065625 0.00186062
39 0.484766 0.874805 0.0742188 0.234766 0.00186062
73 0.742187 0.917187 0.403125 0.0718751 0.00178909
55 0.733594 0.648828 0.453125 0.633594 0.00178242
61 0.725391 0.542578 0.433594 0.858594 0.00175476
65 0.746484 0.911719 0.378906 0.0734375 0.00163555
0 0.725391 0.542578 0.433594 0.858594 0.00158501
26 0.723437 0.621777 0.429687 0.57832 0.00151253
55 0.235352 0.77832 0.380859 0.433984 0.00146675
57 0.297852 0.88125 0.591797 0.225 0.00143242
59 0.678125 0.497656 0.58125 0.967187 0.0014267
60 0.502344 0.8625 0.970312 0.260937 0.00142097
61 0.735937 0.632812 0.45625 0.609375 0.00136662
41 0.322266 0.731641 0.166406 0.167969 0.00134563
0 0.735937 0.632812 0.45625 0.609375 0.00133038
60 0.951562 0.860937 0.0953125 0.264062 0.00131512
45 0.733594 0.648828 0.453125 0.633594 0.00131512
60 0.742188 0.967578 0.495313 0.0648438 0.0012846
49 0.235352 0.77832 0.380859 0.433984 0.00127888
75 0.239062 0.750781 0.346875 0.235938 0.00125504
43 0.746484 0.911719 0.378906 0.0734375 0.00125504
76 0.725391 0.542578 0.433594 0.858594 0.0012064
76 0.727344 0.619141 0.435938 0.589844 0.00119209
41 0.358203 0.636719 0.120312 0.11875 0.00118828
75 0.310352 0.775781 0.208984 0.26875 0.00117874
75 0.350781 0.635937 0.135156 0.119531 0.00117397
59 0.0738281 0.882812 0.144531 0.228125 0.0011692
58 0.32168 0.746094 0.171484 0.196875 0.00116539
74 0.882031 0.219141 0.0140624 0.0195312 0.00114727
47 0.724609 0.631641 0.430469 0.646094 0.00114727
75 0.221094 0.882031 0.417188 0.226562 0.0011425
74 0.291992 0.739844 0.0523438 0.05625 0.00112915
41 0.245703 0.595312 0.125 0.096875 0.00109005
73 0.742969 0.925 0.376563 0.0515625 0.00109005
46 0.241992 0.613281 0.166797 0.0695313 0.00108624
45 0.238232 0.7375 0.346973 0.282813 0.00106525
56 0.234961 0.778906 0.381641 0.4375 0.00106525
49 0.241992 0.613281 0.166797 0.0695313 0.00105667
39 0.73125 0.633594 0.446875 0.607813 0.00105667
60 0.486719 0.494141 0.945312 0.967969 0.00104809
60 0.492969 0.704297 0.954687 0.575781 0.00104809
75 0.267969 0.778125 0.289062 0.273437 0.00104046
54 0.237939 0.6125 0.165527 0.071875 0.00101662
72 0.235547 0.778125 0.379687 0.43125 0.00100803
62 0.235107 0.779688 0.380566 0.432813 0.00100422
75 0.235889 0.779883 0.379785 0.433984 0.917969
74 0.760156 0.209814 0.351562 0.356934 0.760742
75 0.730078 0.629687 0.446094 0.6 0.397949
74 0.766406 0.220752 0.225 0.235059 0.299072
58 0.235986 0.780469 0.37959 0.43125 0.0486755
45 0.235742 0.614844 0.153516 0.065625 0.0375977
41 0.235937 0.778906 0.380469 0.429688 0.0200195
75 0.725391 0.534375 0.435156 0.88125 0.0192719
45 0.241016 0.603125 0.172656 0.0921875 0.0187683
75 0.322461 0.731641 0.166016 0.167969 0.0151901
77 0.717187 0.495313 0.465625 0.95 0.0141754
45 0.323047 0.744531 0.16875 0.190625 0.0134811
74 0.607031 0.055127 0.0921875 0.10498 0.01297
58 0.735937 0.628906 0.45625 0.601562 0.012825
60 0.309961 0.88125 0.616016 0.225 0.00933838
74 0.322852 0.746094 0.169922 0.196875 0.00725937
55 0.241748 0.614062 0.166504 0.0679688 0.0069313
40 0.235156 0.779687 0.38125 0.434375 0.00570679
39 0.235596 0.77793 0.381934 0.431641 0.00498199
58 0.725391 0.534375 0.435156 0.88125 0.00481033
55 0.241992 0.603125 0.175781 0.0921875 0.0046463
75 0.208252 0.726172 0.297559 0.310156 0.00428009
41 0.237695 0.613281 0.164844 0.06875 0.00407028
74 0.644531 0.0541992 0.16875 0.103711 0.00365067
41 0.371094 0.628906 0.0945312 0.10625 0.00353813
45 0.235498 0.776562 0.382129 0.428125 0.00348282
61 0.235498 0.776562 0.382129 0.428125 0.00342941
41 0.733203 0.646191 0.452344 0.626367 0.00341606
75 0.369727 0.632422 0.0941406 0.113281 0.00340271
60 0.073877 0.882812 0.144629 0.228125 0.00302696
75 0.238281 0.611719 0.166406 0.071875 0.00293541
0 0.725391 0.534375 0.435156 0.88125 0.0026722
39 0.24375 0.569531 0.0371094 0.0414063 0.00252151
47 0.235596 0.77793 0.381934 0.431641 0.00248146
60 0.165039 0.882031 0.325781 0.225 0.00235939
41 0.243555 0.56875 0.0363281 0.040625 0.00233269
40 0.242529 0.603906 0.175879 0.0898438 0.00228691
75 0.605469 0.685547 0.190625 0.367969 0.00209045
75 0.35293 0.635547 0.130859 0.11875 0.00199509
57 0.073877 0.882812 0.144629 0.228125 0.00195694
25 0.322852 0.746094 0.169922 0.196875 0.00190449
56 0.0734375 0.882812 0.14375 0.228125 0.00186729
61 0.725391 0.534375 0.435156 0.88125 0.00183105
49 0.235596 0.77793 0.381934 0.431641 0.00174141
49 0.241748 0.614062 0.166504 0.0679688 0.00169373
10 0.725391 0.534375 0.435156 0.88125 0.00164223
74 0.235742 0.614844 0.153516 0.065625 0.00156689
59 0.682031 0.5 0.576563 0.964062 0.00156116
59 0.525781 0.496875 0.867187 0.965625 0.00153637
45 0.221533 0.626172 0.252246 0.117969 0.00152493
55 0.733203 0.646191 0.452344 0.626367 0.00152493
41 0.322461 0.731641 0.166016 0.167969 0.00150108
75 0.484766 0.874219 0.0742188 0.235938 0.00148964
73 0.742187 0.917187 0.403125 0.0718751 0.00144386
60 0.502734 0.862695 0.967969 0.262109 0.00138855
55 0.235596 0.77793 0.381934 0.431641 0.00134563
45 0.733203 0.646191 0.452344 0.626367 0.00134087
0 0.677734 0.496094 0.578906 0.967187 0.00131512
46 0.241748 0.614062 0.166504 0.0679688 0.00125504
47 0.724609 0.615234 0.430469 0.683594 0.00125504
39 0.484766 0.874219 0.0742188 0.235938 0.00124454
54 0.237695 0.613281 0.164844 0.06875 0.00123501
75 0.239893 0.75 0.34834 0.235937 0.00121117
41 0.241992 0.603125 0.175781 0.0921875 0.00116062
75 0.304687 0.771484 0.219531 0.260156 0.0011425
60 0.742578 0.967578 0.494531 0.0648438 0.00113392
75 0.220898 0.882812 0.420703 0.225 0.00113392
60 0.951562 0.861133 0.0953125 0.265234 0.00110722
58 0.321875 0.744922 0.171094 0.196094 0.00109005
45 0.371094 0.628906 0.0945312 0.10625 0.00107765
65 0.746875 0.910937 0.379687 0.075 0.00107765
57 0.309961 0.88125 0.616016 0.225 0.00106907
59 0.073877 0.882812 0.144629 0.228125 0.00105286
56 0.234961 0.778906 0.382422 0.435937 0.00104809
39 0.730078 0.629687 0.446094 0.6 0.00102425
61 0.735937 0.628906 0.45625 0.601562 0.00102043
75 0.234766 0.781055 0.38125 0.428516 0.873047
74 0.760547 0.209766 0.350781 0.35625 0.832031
75 0.727734 0.621484 0.442969 0.582031 0.30249
74 0.766406 0.220703 0.225 0.235547 0.282959
58 0.235938 0.78125 0.379687 0.428125 0.0566406
45 0.237061 0.614062 0.163379 0.0671875 0.0510864
41 0.235889 0.779492 0.380566 0.428516 0.0309143
75 0.725 0.552344 0.435938 0.848438 0.0191193
75 0.322852 0.73125 0.165234 0.167188 0.0135345
45 0.323047 0.744141 0.167969 0.189844 0.0129242
74 0.607031 0.055127 0.0921875 0.104785 0.0125732
60 0.338477 0.88125 0.675391 0.225 0.0125275
77 0.710937 0.497656 0.478125 0.948437 0.0115967
58 0.732031 0.62041 0.45 0.582617 0.0102081
55 0.24082 0.614844 0.165625 0.0671875 0.00891876
45 0.241602 0.604687 0.176172 0.0890625 0.00723267
45 0.234961 0.777344 0.383203 0.426562 0.00714874
75 0.364258 0.635937 0.108203 0.117188 0.00669098
40 0.234814 0.779688 0.381934 0.432813 0.00641251
41 0.237061 0.614062 0.163379 0.0671875 0.00577545
39 0.235352 0.77832 0.382422 0.430859 0.00577545
58 0.725 0.552344 0.435938 0.848438 0.0055542
74 0.323242 0.745312 0.169141 0.196875 0.00538635
41 0.729687 0.636328 0.446875 0.602344 0.00518036
41 0.371094 0.628906 0.0945312 0.10625 0.0049057
75 0.207422 0.724609 0.292969 0.308594 0.00448608
49 0.24082 0.614844 0.165625 0.0671875 0.00355148
75 0.237842 0.612891 0.16416 0.0695313 0.00338936
45 0.220508 0.626562 0.223828 0.114062 0.00324821
74 0.642969 0.0536621 0.166406 0.102441 0.00313568
60 0.0739258 0.882812 0.144727 0.228125 0.00312424
0 0.725 0.552344 0.435938 0.848438 0.00293541
47 0.235352 0.77832 0.382422 0.430859 0.0026207
39 0.243945 0.569531 0.0371094 0.040625 0.00261116
49 0.235352 0.77832 0.382422 0.430859 0.00255013
60 0.16416 0.883008 0.324023 0.224609 0.0024147
61 0.234961 0.777344 0.383203 0.426562 0.00234985
45 0.729687 0.636328 0.446875 0.602344 0.00230598
41 0.24375 0.56875 0.0363281 0.0398438 0.00221634
40 0.242969 0.604687 0.175781 0.0867187 0.00220871
55 0.235352 0.77832 0.382422 0.430859 0.00213242
60 0.498828 0.860937 0.967969 0.264062 0.00209045
75 0.680469 0.501562 0.554687 0.960938 0.00178242
73 0.742187 0.917187 0.403125 0.0718751 0.00176811
41 0.322852 0.73125 0.165234 0.167188 0.0017271
54 0.237061 0.614062 0.163379 0.0671875 0.0017004
47 0.725391 0.641797 0.436719 0.628906 0.0017004
25 0.323242 0.745312 0.169141 0.196875 0.00167465
0 0.680078 0.503125 0.574219 0.95625 0.00167465
75 0.605469 0.686328 0.189844 0.361719 0.0016489
57 0.0739258 0.882812 0.144727 0.228125 0.0016489
59 0.684375 0.502734 0.578125 0.960156 0.00162315
41 0.241602 0.604687 0.176172 0.0890625 0.00161648
55 0.729687 0.636328 0.446875 0.602344 0.0015974
56 0.0738281 0.882812 0.144336 0.228125 0.00157928
74 0.240039 0.609375 0.172656 0.0765625 0.00157356
61 0.725 0.552344 0.435938 0.848438 0.00157356
45 0.371094 0.628906 0.0945312 0.10625 0.00156116
46 0.24082 0.614844 0.165625 0.0671875 0.00144386
56 0.234375 0.779492 0.382812 0.434766 0.00140476
67 0.760156 0.205811 0.35 0.350879 0.00137234
75 0.261133 0.780469 0.304297 0.275 0.00127411
75 0.367773 0.641406 0.0902344 0.0953125 0.0012598
75 0.243945 0.569531 0.0371094 0.040625 0.00124454
75 0.240234 0.749219 0.349219 0.235938 0.00118828
59 0.541016 0.5 0.842969 0.959375 0.00118828
60 0.49375 0.716797 0.95625 0.550781 0.0011425
75 0.313672 0.751562 0.194531 0.204687 0.00113773
60 0.652344 0.861719 0.695312 0.26875 0.00112057
55 0.323047 0.744141 0.167969 0.189844 0.00109863
75 0.485156 0.873633 0.075 0.237109 0.00109005
49 0.180859 0.600781 0.0722656 0.0421875 0.00108147
65 0.746094 0.910937 0.379687 0.075 0.00108147
45 0.239258 0.732813 0.348828 0.284375 0.00107288
58 0.322266 0.745312 0.171094 0.196875 0.00106525
75 0.221484 0.882812 0.428906 0.225 0.00105667
45 0.212695 0.65 0.238672 0.153125 0.00104046
75 0.160962 0.739062 0.197998 0.229687 0.00103188
39 0.24082 0.604297 0.172266 0.0890625 0.00102425
60 0.951562 0.861133 0.0953125 0.265234 0.00102043
74 0.760156 0.208154 0.35 0.35166 0.877441
75 0.23457 0.781445 0.380859 0.427734 0.809082
74 0.765625 0.220703 0.225 0.234766 0.243652
75 0.725781 0.617578 0.440625 0.569531 0.217285
58 0.235596 0.78125 0.37959 0.426562 0.0609741
45 0.237158 0.614062 0.163965 0.0671875 0.0596619
41 0.235596 0.778906 0.380371 0.426563 0.0408325
75 0.719922 0.569141 0.444531 0.817969 0.0252686
60 0.339062 0.88125 0.676562 0.225 0.0156708
45 0.323047 0.744141 0.167969 0.189844 0.0105667
74 0.607031 0.0550781 0.0921875 0.104687 0.00997162
55 0.24043 0.614844 0.166016 0.0664062 0.00989532
58 0.725391 0.63916 0.435156 0.612305 0.00963593
45 0.234375 0.776758 0.382812 0.424609 0.00878143
77 0.704297 0.499219 0.488281 0.948437 0.0086441
75 0.363867 0.635156 0.108984 0.117188 0.00834656
75 0.322852 0.730859 0.165234 0.166406 0.008255
40 0.234424 0.779687 0.381152 0.43125 0.00653839
41 0.237158 0.614062 0.163965 0.0671875 0.00636292
41 0.371094 0.628906 0.0945312 0.10625 0.00575256
41 0.727344 0.621973 0.442187 0.570117 0.00568771
39 0.234961 0.777344 0.382422 0.428125 0.00553513
49 0.232861 0.614844 0.157715 0.065625 0.0049057
45 0.221289 0.626562 0.220313 0.110937 0.00432968
55 0.234961 0.777344 0.382422 0.428125 0.00367928
74 0.323437 0.745703 0.16875 0.196094 0.00366402
75 0.20918 0.723437 0.296875 0.30625 0.00321007
49 0.234961 0.777344 0.382422 0.428125 0.00321007
60 0.0739258 0.883008 0.144531 0.227734 0.00312424
0 0.724219 0.569141 0.4375 0.817969 0.00300407
60 0.5 0.862695 0.96875 0.262109 0.0029583
74 0.646094 0.0533203 0.173437 0.101562 0.00288963
75 0.237695 0.613281 0.164453 0.06875 0.00274658
60 0.161914 0.882812 0.319922 0.223437 0.0026207
39 0.243945 0.569531 0.0367187 0.040625 0.00245285
40 0.242969 0.605469 0.176172 0.084375 0.00229645
45 0.727344 0.621973 0.442187 0.570117 0.00226974
75 0.680469 0.504297 0.55625 0.960156 0.00216484
41 0.24375 0.56875 0.0359375 0.0398438 0.00215721
47 0.234961 0.777344 0.382422 0.428125 0.00203514
67 0.760156 0.206836 0.35 0.350391 0.00197983
73 0.741406 0.917187 0.403125 0.0718751 0.00195694
58 0.714453 0.515625 0.460156 0.934375 0.00188255
59 0.685937 0.504687 0.575 0.95625 0.00187492
0 0.680469 0.504687 0.571875 0.95625 0.00176811
54 0.237158 0.614062 0.163965 0.0671875 0.0017271
56 0.0738769 0.882812 0.144043 0.228125 0.0017271
60 0.653516 0.861719 0.692969 0.267187 0.0017271
75 0.31875 0.754687 0.182812 0.217188 0.00170708
61 0.234375 0.776758 0.382812 0.424609 0.0017004
57 0.0739258 0.883008 0.144531 0.227734 0.00162888
45 0.371094 0.628906 0.0945312 0.10625 0.00162315
56 0.233936 0.778906 0.382129 0.432813 0.00152493
47 0.724219 0.642187 0.435937 0.626562 0.00148392
41 0.322852 0.730859 0.165234 0.166406 0.00146675
74 0.239844 0.609766 0.173047 0.075 0.00144386
75 0.605469 0.688281 0.189844 0.353125 0.00141048
25 0.323437 0.745703 0.16875 0.196094 0.00141048
55 0.727344 0.621973 0.442187 0.570117 0.00140476
45 0.239795 0.732031 0.350098 0.28125 0.00135612
75 0.367969 0.641016 0.090625 0.0976562 0.00130463
46 0.24043 0.614844 0.166016 0.0664062 0.00129414
55 0.323047 0.744141 0.167969 0.189844 0.00126457
61 0.724219 0.569141 0.4375 0.817969 0.00124454
49 0.181055 0.600391 0.0726562 0.0414062 0.00123024
65 0.746094 0.911719 0.379687 0.0734375 0.0012207
45 0.202734 0.654687 0.264062 0.165625 0.00116062
75 0.240234 0.749219 0.349219 0.234375 0.0011425
57 0.317187 0.881445 0.630469 0.224609 0.0011158
75 0.243945 0.569531 0.0367187 0.040625 0.00110722
53 0.761328 0.210547 0.352344 0.35 0.00109863
0 0.234375 0.776758 0.382812 0.424609 0.00109863
44 0.528125 0.81543 0.05 0.141016 0.00105286
60 0.495312 0.721094 0.95625 0.542188 0.00103188
72 0.233936 0.778906 0.382129 0.432813 0.00101185
74 0.760156 0.207812 0.35 0.350781 0.891113
75 0.234424 0.78125 0.380371 0.426562 0.720215
74 0.764062 0.220117 0.228125 0.236328 0.196777
75 0.725781 0.616016 0.440625 0.561719 0.131226
75 0.723437 0.554688 0.429687 0.796875 0.0621033
45 0.237549 0.614062 0.165527 0.0671875 0.055603
58 0.235742 0.781055 0.379297 0.425391 0.0507202
41 0.235742 0.778906 0.380078 0.426563 0.0391846
60 0.336328 0.881445 0.670312 0.224609 0.0147858
77 0.701562 0.499219 0.498438 0.951562 0.0104904
55 0.24082 0.614844 0.167578 0.065625 0.00919342
45 0.323047 0.744922 0.167969 0.191406 0.00723267
58 0.726172 0.63291 0.436719 0.60918 0.00720596
41 0.237549 0.614062 0.165527 0.0671875 0.0064621
74 0.607031 0.0554687 0.0929688 0.105078 0.00616837
45 0.23457 0.778125 0.380859 0.429687 0.00605011
75 0.363672 0.635156 0.109375 0.115625 0.00530243
75 0.322852 0.730469 0.165234 0.165625 0.00524139
40 0.234326 0.779883 0.380566 0.430859 0.00518036
41 0.371094 0.628906 0.0945312 0.107812 0.00475693
41 0.727344 0.612891 0.442187 0.547656 0.00462723
55 0.241211 0.604687 0.178516 0.0882813 0.00432968
49 0.232471 0.614844 0.158496 0.065625 0.00416565
39 0.235107 0.776758 0.382129 0.427734 0.00391388
55 0.235107 0.776758 0.382129 0.427734 0.00382423
58 0.717578 0.541016 0.450781 0.875781 0.00370789
45 0.21875 0.626562 0.228906 0.110937 0.00363541
0 0.724219 0.557031 0.439062 0.842188 0.00362206
74 0.323437 0.746094 0.16875 0.195313 0.00317192
60 0.501562 0.861719 0.96875 0.260938 0.00292397
60 0.0738281 0.883008 0.144531 0.227734 0.00271416
60 0.224414 0.882617 0.441016 0.222266 0.00252151
40 0.242773 0.604687 0.176953 0.0859375 0.00239754
74 0.648047 0.0533203 0.176562 0.101562 0.002388
39 0.244141 0.569531 0.0367188 0.040625 0.00237846
49 0.235107 0.776758 0.382129 0.427734 0.00230598
59 0.685547 0.505469 0.575781 0.95625 0.00228691
75 0.211523 0.725 0.301953 0.307813 0.00227928
75 0.680859 0.502344 0.558594 0.964062 0.00225258
67 0.760156 0.206982 0.35 0.350098 0.00219154
75 0.237891 0.612891 0.166406 0.06875 0.00212479
56 0.0737305 0.882812 0.143555 0.226563 0.00211525
41 0.24375 0.56875 0.0359375 0.0398438 0.00192642
60 0.655762 0.862695 0.688477 0.268359 0.00186729
45 0.727344 0.612891 0.442187 0.547656 0.00182438
73 0.740234 0.917187 0.405469 0.0703125 0.0018034
0 0.680859 0.504687 0.572656 0.957812 0.0018034
57 0.0738281 0.883008 0.144531 0.227734 0.0017004
54 0.24082 0.614844 0.167578 0.065625 0.00153637
65 0.746094 0.9125 0.379687 0.071875 0.00148392
61 0.235107 0.776758 0.382129 0.427734 0.00146675
53 0.761328 0.209814 0.352344 0.349121 0.00144958
47 0.724219 0.631641 0.4375 0.635156 0.00143242
61 0.724219 0.557031 0.439062 0.842188 0.00138855
74 0.237891 0.612891 0.166406 0.06875 0.00137234
56 0.233984 0.778125 0.382031 0.432812 0.00132465
47 0.235107 0.776758 0.382129 0.427734 0.00130463
45 0.240039 0.732813 0.351172 0.284375 0.00127411
57 0.3125 0.882031 0.621094 0.223438 0.00126457
61 0.689062 0.503906 0.565625 0.960938 0.00125504
45 0.371094 0.628906 0.0945312 0.107812 0.00121593
75 0.317969 0.754687 0.185156 0.217188 0.00119209
25 0.323437 0.746094 0.16875 0.195313 0.00114727
75 0.605469 0.692187 0.190625 0.342188 0.00110722
44 0.528125 0.814062 0.05 0.14375 0.00107765
41 0.717578 0.541016 0.450781 0.875781 0.00105667
45 0.203125 0.654687 0.264844 0.165625 0.00102425
39 0.237549 0.614062 0.165527 0.0671875 0.00101185
74 0.759766 0.207617 0.349219 0.350391 0.89502
75 0.23418 0.78125 0.379297 0.426562 0.611328
74 0.764062 0.220654 0.228125 0.236816 0.166626
75 0.724219 0.620312 0.4375 0.646875 0.0844727
45 0.237109 0.614062 0.164844 0.065625 0.0713501
58 0.235498 0.781055 0.378223 0.425391 0.041626
41 0.235596 0.778906 0.37959 0.426563 0.0313721
75 0.717969 0.528906 0.451562 0.896875 0.02211
60 0.336719 0.882031 0.671875 0.223438 0.0128708
45 0.241455 0.604687 0.178809 0.0890625 0.0124817
77 0.702344 0.499219 0.498437 0.953125 0.0110321
55 0.240674 0.614844 0.167871 0.065625 0.00834656
41 0.240674 0.614844 0.167871 0.065625 0.00751877
45 0.323242 0.746875 0.167578 0.19375 0.00568771
58 0.726562 0.627344 0.435937 0.607813 0.00526047
74 0.607031 0.0557617 0.0929688 0.105859 0.00481033
75 0.364062 0.634766 0.107812 0.114844 0.00450516
75 0.322656 0.731641 0.164844 0.166406 0.00431442
55 0.241455 0.604687 0.178809 0.0890625 0.00413513
45 0.234375 0.778125 0.379687 0.429687 0.00379562
74 0.323437 0.746484 0.16875 0.196094 0.00376511
45 0.219727 0.625781 0.219531 0.10625 0.00370789
41 0.371094 0.629687 0.0945312 0.107812 0.00367928
55 0.235156 0.776758 0.38125 0.427734 0.00342941
58 0.717969 0.528906 0.451562 0.896875 0.00325966
41 0.728125 0.61084 0.440625 0.54082 0.00309944
40 0.234326 0.779883 0.379785 0.430859 0.0030632
0 0.725 0.552734 0.439062 0.847656 0.00300407
41 0.243945 0.569141 0.0359375 0.0398437 0.00279999
39 0.235156 0.776758 0.38125 0.427734 0.00279999
60 0.648828 0.861719 0.702344 0.267187 0.00279045
60 0.227344 0.883594 0.448437 0.221875 0.00279045
40 0.242773 0.604687 0.176562 0.084375 0.00273705
39 0.244141 0.569531 0.0367188 0.040625 0.00268364
49 0.23208 0.615234 0.159277 0.065625 0.00266266
56 0.0737305 0.882812 0.143555 0.226563 0.00261116
74 0.647656 0.053418 0.176562 0.101367 0.00257111
60 0.0738281 0.883008 0.144336 0.227734 0.00257111
59 0.685156 0.504687 0.576562 0.959375 0.00254059
65 0.746094 0.9125 0.379687 0.0703125 0.00252151
75 0.2375 0.613281 0.165625 0.06875 0.00251198
73 0.739062 0.917187 0.40625 0.0687499 0.00237846
75 0.2125 0.726172 0.303906 0.311719 0.00219154
67 0.760156 0.206836 0.35 0.349609 0.00218201
60 0.502344 0.860937 0.967188 0.2625 0.00214005
41 0.241455 0.604687 0.178809 0.0890625 0.0020752
57 0.0738281 0.883008 0.144336 0.227734 0.00195694
74 0.2375 0.613281 0.165625 0.06875 0.00187492
61 0.235156 0.776758 0.38125 0.427734 0.00176144
53 0.760937 0.209766 0.351562 0.348437 0.00174809
57 0.311133 0.882031 0.618359 0.223438 0.00159168
61 0.725 0.552734 0.439062 0.847656 0.00153637
56 0.233789 0.778125 0.380859 0.432812 0.00153637
61 0.689062 0.503125 0.565625 0.9625 0.00146675
54 0.240674 0.614844 0.167871 0.065625 0.00132465
0 0.682812 0.502734 0.559375 0.960156 0.00132465
45 0.728125 0.61084 0.440625 0.54082 0.00131512
41 0.717969 0.528906 0.451562 0.896875 0.00128937
49 0.235156 0.776758 0.38125 0.427734 0.00116062
39 0.237109 0.614062 0.164844 0.065625 0.00115108
45 0.239893 0.734375 0.351465 0.292188 0.00114727
75 0.244141 0.569531 0.0367188 0.040625 0.00113392
47 0.724219 0.620312 0.4375 0.646875 0.00112438
55 0.682812 0.502734 0.559375 0.960156 0.00106049
75 0.605469 0.694531 0.190625 0.3375 0.00105667
25 0.323437 0.746484 0.16875 0.196094 0.00104809
41 0.244336 0.595312 0.129297 0.09375 0.00102043
75 0.239844 0.749219 0.35 0.2375 0.00101662
75 0.319141 0.755078 0.183594 0.217969 0.00100803
74 0.759766 0.206982 0.349219 0.350879 0.90332
75 0.234033 0.780469 0.378809 0.428125 0.57373
74 0.763672 0.220703 0.228906 0.238281 0.138428
75 0.725 0.624121 0.435938 0.626758 0.0856934
45 0.237158 0.614062 0.166309 0.0671875 0.0605164
58 0.235352 0.779883 0.377734 0.427734 0.0393372
41 0.235547 0.778125 0.378906 0.428125 0.0256653
60 0.341406 0.882031 0.680469 0.223438 0.0121918
45 0.241064 0.603906 0.17959 0.090625 0.0105286
77 0.704297 0.499219 0.492969 0.951562 0.00955963
75 0.708203 0.508203 0.472656 0.946094 0.00818634
41 0.240967 0.614844 0.168848 0.065625 0.00701141
55 0.240967 0.614844 0.168848 0.065625 0.00568771
74 0.607031 0.055957 0.0929688 0.106445 0.00477219
75 0.369922 0.634766 0.0945312 0.117188 0.00443268
58 0.726562 0.627734 0.435937 0.596094 0.00429916
45 0.235742 0.779492 0.378516 0.425391 0.00359344
45 0.322656 0.749219 0.167187 0.198437 0.00353813
74 0.65 0.0544922 0.179688 0.103516 0.00321007
60 0.230859 0.883594 0.457031 0.221875 0.00316048
41 0.728125 0.609277 0.440625 0.54082 0.00314713
41 0.371094 0.630469 0.0945312 0.109375 0.00307465
60 0.644629 0.8625 0.710742 0.267188 0.0028553
41 0.243945 0.569141 0.0359375 0.0398437 0.00284576
74 0.323633 0.746875 0.168359 0.196875 0.00283432
58 0.720312 0.541016 0.446875 0.869531 0.00283432
75 0.323633 0.74375 0.168359 0.190625 0.00276756
55 0.241064 0.603906 0.17959 0.090625 0.00273705
45 0.218018 0.625781 0.224902 0.108594 0.00266266
65 0.745703 0.9125 0.380469 0.0703125 0.00264168
39 0.235107 0.776758 0.380566 0.430859 0.00263214
55 0.235107 0.776758 0.380566 0.430859 0.00258064
75 0.237695 0.6125 0.166797 0.06875 0.00254059
60 0.0738281 0.883008 0.144336 0.227734 0.00254059
40 0.242529 0.604297 0.17666 0.0859375 0.0024929
39 0.243945 0.569922 0.0367187 0.0414063 0.00247192
40 0.23418 0.778906 0.379297 0.43125 0.00247192
53 0.760937 0.209326 0.351562 0.349316 0.00243378
56 0.0736328 0.882812 0.143359 0.226563 0.00240517
0 0.725781 0.575879 0.4375 0.798242 0.00235939
49 0.231689 0.615625 0.160059 0.065625 0.00233269
59 0.685547 0.502734 0.574219 0.963281 0.00230598
67 0.760156 0.206445 0.35 0.351172 0.00215721
73 0.738281 0.917187 0.407812 0.0687499 0.00200272
57 0.0738281 0.883008 0.144336 0.227734 0.00197983
41 0.241064 0.603906 0.17959 0.090625 0.00190449
75 0.212695 0.727344 0.307031 0.315625 0.00188923
74 0.237695 0.6125 0.166797 0.06875 0.00187492
61 0.235107 0.776758 0.380566 0.430859 0.00163555
57 0.31543 0.882031 0.626953 0.223438 0.00162315
41 0.720312 0.541016 0.446875 0.869531 0.00152493
61 0.720312 0.541016 0.446875 0.869531 0.00148964
56 0.233643 0.778125 0.380371 0.434375 0.00130463
55 0.683984 0.502344 0.557031 0.960937 0.00126457
0 0.683984 0.502344 0.557031 0.960937 0.00123978
45 0.728125 0.609277 0.440625 0.54082 0.00123501
39 0.237158 0.614062 0.166309 0.0671875 0.00113392
75 0.243945 0.569922 0.0367187 0.0414063 0.00111198
61 0.726562 0.627734 0.435937 0.596094 0.00107288
49 0.235107 0.776758 0.380566 0.430859 0.00105286
44 0.528516 0.813281 0.05 0.145312 0.00102425
74 0.760156 0.20625 0.35 0.35625 0.923828
75 0.234326 0.778906 0.378223 0.43125 0.46875
74 0.764063 0.220361 0.229688 0.239746 0.115967
75 0.726562 0.611719 0.4375 0.557813 0.0692749
45 0.237305 0.613281 0.166797 0.06875 0.0558167
41 0.235205 0.776367 0.378027 0.431641 0.0462036
58 0.235205 0.778125 0.377246 0.43125 0.0394897
60 0.326758 0.882031 0.651172 0.223438 0.0139542
45 0.241211 0.602734 0.178516 0.0929688 0.0106125
41 0.237305 0.613281 0.166797 0.06875 0.00656509
77 0.723437 0.610937 0.4375 0.720312 0.00656509
45 0.235352 0.778125 0.377734 0.429687 0.00656509
77 0.708594 0.5 0.476562 0.946875 0.00600433
41 0.727734 0.607813 0.439844 0.542188 0.00521851
55 0.240576 0.614844 0.168848 0.0671875 0.00510025
55 0.234961 0.775781 0.380078 0.434375 0.00439835
74 0.607031 0.0554687 0.0929688 0.105469 0.00374985
53 0.760937 0.207861 0.35 0.352246 0.00353813
45 0.322656 0.752344 0.16875 0.20625 0.00328636
75 0.370312 0.634375 0.09375 0.117188 0.00325966
60 0.155469 0.882617 0.306641 0.222266 0.00324821
65 0.745312 0.9125 0.376563 0.071875 0.00316048
55 0.241211 0.602734 0.178516 0.0929688 0.00314713
58 0.726562 0.630469 0.434375 0.585938 0.00309944
60 0.653516 0.8625 0.692969 0.267188 0.00307465
41 0.371094 0.630469 0.09375 0.109375 0.00302696
40 0.242188 0.602734 0.176172 0.0898438 0.00290108
74 0.323242 0.749219 0.169141 0.203125 0.00290108
75 0.716406 0.517187 0.451562 0.921875 0.00274658
60 0.0739258 0.882812 0.144531 0.228125 0.00257111
74 0.65 0.0541504 0.178906 0.103027 0.00255013
39 0.234961 0.775781 0.380078 0.434375 0.00255013
40 0.234375 0.777344 0.378906 0.434375 0.00247192
61 0.726172 0.633594 0.433594 0.598437 0.00243378
41 0.243945 0.569531 0.0359375 0.0390625 0.00234985
73 0.738281 0.917187 0.404687 0.0687499 0.00223351
45 0.727734 0.607813 0.439844 0.542188 0.00218201
49 0.231641 0.615234 0.160156 0.0664062 0.00217438
59 0.685156 0.505469 0.573437 0.960938 0.00214958
60 0.504687 0.862695 0.965625 0.262109 0.00214005
57 0.291602 0.882031 0.579297 0.223438 0.0020504
67 0.758984 0.204883 0.349219 0.355859 0.00203514
45 0.219336 0.623047 0.21875 0.107031 0.00201988
39 0.244141 0.569922 0.0367188 0.0414063 0.00200272
56 0.0736328 0.882812 0.143359 0.228125 0.00189686
75 0.320703 0.742188 0.175 0.185937 0.00188923
75 0.24082 0.602734 0.175 0.0921875 0.00188255
41 0.241211 0.602734 0.178516 0.0929688 0.00182438
61 0.234424 0.777344 0.378027 0.435937 0.0018177
29 0.760156 0.205859 0.351562 0.357031 0.00167465
44 0.528906 0.814844 0.05 0.142187 0.00162888
0 0.725781 0.621094 0.434375 0.701562 0.00154305
57 0.0739258 0.882812 0.144531 0.228125 0.00153637
75 0.214111 0.726562 0.308496 0.314062 0.00146675
74 0.237305 0.611328 0.166406 0.0726562 0.00137234
39 0.237305 0.613281 0.166797 0.06875 0.00135612
45 0.24043 0.735937 0.352734 0.304688 0.00132465
56 0.233936 0.776562 0.379785 0.4375 0.0012598
47 0.726172 0.633594 0.433594 0.598437 0.00105286
0 0.682031 0.500781 0.567187 0.973437 0.00104046
75 0.234814 0.614844 0.155371 0.0640625 0.00103664
75 0.605859 0.695312 0.189844 0.3375 0.00102425
74 0.760156 0.205811 0.348437 0.357129 0.921387
75 0.234375 0.776758 0.378125 0.433984 0.379395
74 0.763672 0.220312 0.232031 0.241406 0.0907593
41 0.234961 0.775 0.376953 0.434375 0.0668335
75 0.726953 0.611719 0.436719 0.559375 0.0458679
45 0.237549 0.612109 0.167871 0.0710937 0.0366211
58 0.235156 0.776562 0.376562 0.434375 0.0298767
60 0.316211 0.882031 0.630078 0.223438 0.0126266
77 0.724219 0.633203 0.434375 0.674219 0.00959778
45 0.234961 0.775781 0.376953 0.432813 0.00712204
41 0.727734 0.60625 0.438281 0.540625 0.00612259
41 0.237549 0.612109 0.167871 0.0710937 0.00593567
77 0.711328 0.500781 0.464844 0.942187 0.00473785
53 0.760937 0.207422 0.35 0.352344 0.00446701
60 0.151758 0.882617 0.299219 0.222266 0.00405502
55 0.234717 0.775 0.379004 0.4375 0.00395966
39 0.234717 0.775 0.379004 0.4375 0.00340271
60 0.663281 0.8625 0.673437 0.26875 0.00337601
61 0.726562 0.634766 0.432813 0.599219 0.003088
55 0.241016 0.613672 0.169531 0.0679687 0.00298119
65 0.744922 0.911719 0.375781 0.0703125 0.00298119
74 0.607031 0.0549805 0.0929688 0.104492 0.00293541
57 0.274023 0.882031 0.544141 0.223438 0.00273705
40 0.241602 0.601953 0.175781 0.0921875 0.0024929
29 0.760156 0.205469 0.35 0.357812 0.0024147
45 0.727734 0.60625 0.438281 0.540625 0.00230598
74 0.65 0.054248 0.178125 0.103027 0.00229645
60 0.0741699 0.882617 0.144629 0.228516 0.00225258
55 0.241748 0.601953 0.178223 0.0945313 0.00218201
65 0.745703 0.922656 0.382031 0.0578125 0.00217438
61 0.234326 0.776562 0.37666 0.4375 0.00216484
40 0.234424 0.776367 0.378809 0.434766 0.00208282
41 0.371094 0.630469 0.09375 0.110937 0.00202751
67 0.758594 0.204297 0.35 0.357031 0.00201988
60 0.216797 0.883008 0.430469 0.224609 0.00201988
60 0.50625 0.8625 0.960937 0.260937 0.0019722
75 0.370312 0.634766 0.09375 0.117969 0.00192642
73 0.738281 0.917187 0.404687 0.0671875 0.00189686
74 0.323047 0.751953 0.169531 0.208594 0.00185299
59 0.684766 0.503906 0.575781 0.964062 0.00183868
58 0.726562 0.63125 0.432813 0.5875 0.00179577
75 0.24043 0.601562 0.174609 0.09375 0.00168705
41 0.244141 0.569531 0.0359375 0.0390625 0.00159168
56 0.0738281 0.882812 0.143555 0.228125 0.00154877
49 0.231445 0.615625 0.160547 0.0671875 0.00154305
39 0.243945 0.570312 0.0363281 0.040625 0.0015192
44 0.528906 0.815625 0.05 0.140625 0.0014782
0 0.725781 0.634277 0.432812 0.675195 0.00147247
39 0.237549 0.612109 0.167871 0.0710937 0.00139904
45 0.322656 0.755859 0.171094 0.213281 0.00132465
57 0.0741699 0.882617 0.144629 0.228516 0.00130463
45 0.240039 0.736719 0.352734 0.307813 0.0012846
75 0.235742 0.725 0.342578 0.321875 0.00123501
0 0.683203 0.502344 0.567969 0.976562 0.0011425
57 0.951562 0.860156 0.09375 0.260937 0.00113392
56 0.234033 0.775781 0.37959 0.439062 0.00108147
47 0.726562 0.634766 0.432813 0.599219 0.00104046
57 0.151758 0.882617 0.299219 0.222266 0.00100803
74 0.758984 0.203467 0.350781 0.358691 0.91748
75 0.23457 0.775781 0.377734 0.435938 0.291016
74 0.7625 0.222461 0.23125 0.241797 0.0797729
41 0.23457 0.773828 0.376172 0.436719 0.0720825
75 0.727344 0.614453 0.4375 0.566406 0.0245209
58 0.235107 0.775 0.375879 0.435937 0.0212097
77 0.724609 0.639844 0.432031 0.667187 0.0167236
45 0.235156 0.615234 0.155469 0.0640625 0.016098
45 0.240039 0.601562 0.173437 0.0953125 0.0102463
60 0.309375 0.882031 0.617188 0.225 0.00948334
77 0.714844 0.502344 0.45625 0.939062 0.00821686
45 0.235205 0.779883 0.378027 0.427734 0.00787354
41 0.727344 0.614453 0.4375 0.566406 0.00540543
53 0.760937 0.206445 0.35 0.354297 0.0045929
60 0.150098 0.882812 0.296289 0.223437 0.00407028
39 0.234326 0.774219 0.378223 0.439063 0.00397491
61 0.726953 0.6375 0.432031 0.60625 0.00379562
55 0.234326 0.774219 0.378223 0.439063 0.00370789
41 0.237695 0.609375 0.16875 0.0765625 0.00369263
57 0.260156 0.882031 0.516406 0.223438 0.00314713
29 0.759766 0.204736 0.350781 0.359277 0.00286674
60 0.666016 0.863281 0.667969 0.26875 0.00271416
61 0.23418 0.775 0.379297 0.440625 0.0026722
59 0.544141 0.5 0.836719 0.9625 0.00229645
65 0.744922 0.911719 0.374219 0.0703125 0.00213242
45 0.728906 0.606152 0.439062 0.54082 0.0019722
60 0.0744141 0.882617 0.145117 0.228516 0.00188255
67 0.758984 0.203467 0.350781 0.358691 0.00176144
40 0.234766 0.775 0.376562 0.435937 0.0017271
60 0.508203 0.862305 0.958594 0.259766 0.00172043
65 0.746094 0.923437 0.38125 0.059375 0.00169373
74 0.607031 0.0545898 0.0929688 0.104102 0.00168133
59 0.682031 0.500781 0.582812 0.971875 0.0016613
55 0.237695 0.609375 0.16875 0.0765625 0.00157356
74 0.65 0.0543945 0.178125 0.10332 0.00155449
40 0.241064 0.601172 0.175684 0.0945312 0.00140476
60 0.223828 0.882812 0.43125 0.228125 0.00136185
60 0.544141 0.5 0.836719 0.9625 0.00130939
73 0.737109 0.917187 0.405469 0.0671875 0.00130463
75 0.240039 0.601562 0.173828 0.0953125 0.00127411
0 0.726562 0.637402 0.43125 0.675195 0.00126934
56 0.0740234 0.882812 0.14375 0.228125 0.00124454
45 0.239453 0.754297 0.351562 0.257031 0.00118351
54 0.726953 0.6375 0.432031 0.60625 0.00117397
57 0.150098 0.882812 0.296289 0.223437 0.0011692
39 0.240039 0.601562 0.173437 0.0953125 0.00115108
44 0.528906 0.816992 0.05 0.137891 0.00112057
57 0.951562 0.861133 0.09375 0.262109 0.00111198
57 0.0744141 0.882617 0.145117 0.228516 0.00107288
47 0.726953 0.6375 0.432031 0.60625 0.00101662
15 0.23418 0.775 0.379297 0.440625 0.00101662
49 0.23125 0.615625 0.160937 0.0671875 0.00100803
74 0.758594 0.202734 0.351562 0.360156 0.912598
75 0.234424 0.775 0.378027 0.4375 0.253906
41 0.234424 0.774219 0.376465 0.4375 0.0658569
74 0.761719 0.223047 0.235937 0.244922 0.0566406
77 0.725 0.650684 0.43125 0.650195 0.0271759
75 0.725 0.625391 0.425 0.667969 0.0178528
58 0.234424 0.774219 0.376465 0.4375 0.0154877
45 0.235107 0.615625 0.155566 0.0640625 0.012291
77 0.716797 0.507031 0.449219 0.926562 0.0108566
60 0.237695 0.883594 0.474609 0.223437 0.00664139
45 0.234961 0.778906 0.377734 0.429688 0.00636292
41 0.728125 0.620703 0.4375 0.578906 0.00570679
53 0.760937 0.205664 0.35 0.355859 0.00551224
39 0.233936 0.774219 0.377441 0.440625 0.0042305
45 0.240039 0.601562 0.173047 0.0953125 0.00419998
61 0.727344 0.641309 0.43125 0.614258 0.00407028
60 0.148633 0.882812 0.293359 0.223437 0.00335121
57 0.249414 0.882031 0.494922 0.223438 0.00327301
59 0.517187 0.498047 0.895313 0.966406 0.00324821
29 0.759766 0.203955 0.349219 0.360059 0.00322342
60 0.517187 0.498047 0.895313 0.966406 0.00307465
61 0.234033 0.774805 0.378809 0.441016 0.00290108
55 0.233936 0.774219 0.377441 0.440625 0.00247192
60 0.681641 0.862695 0.636719 0.268359 0.00213242
41 0.237891 0.608203 0.16875 0.0789062 0.00206757
65 0.744922 0.911719 0.374219 0.0703125 0.00200272
45 0.730078 0.608594 0.441406 0.546875 0.00185299
59 0.677344 0.499219 0.59375 0.973437 0.00177479
54 0.727344 0.641309 0.43125 0.614258 0.0016613
60 0.510156 0.862305 0.95625 0.259766 0.00165462
60 0.074707 0.882617 0.145312 0.228516 0.00163555
65 0.746094 0.923437 0.38125 0.059375 0.00163555
67 0.758594 0.202734 0.351562 0.360156 0.00156116
40 0.234424 0.774219 0.376465 0.4375 0.0014782
15 0.234033 0.774805 0.378809 0.441016 0.00144386
74 0.651953 0.0531738 0.180469 0.10127 0.0014267
57 0.148633 0.882812 0.293359 0.223437 0.00135612
41 0.237549 0.614844 0.149902 0.0609375 0.00134563
56 0.0742187 0.882812 0.144141 0.228125 0.00125504
0 0.686328 0.502344 0.574219 0.98125 0.00125504
0 0.726172 0.648047 0.430469 0.657031 0.00123978
76 0.726172 0.648047 0.430469 0.657031 0.00120163
60 0.677344 0.499219 0.59375 0.973437 0.00117397
45 0.239062 0.757031 0.352344 0.267188 0.0011425
73 0.746094 0.923437 0.38125 0.059375 0.0011158
57 0.677344 0.499219 0.59375 0.973437 0.00110722
74 0.60625 0.0523315 0.09375 0.0996338 0.00108624
47 0.727344 0.641309 0.43125 0.614258 0.00108147
46 0.727344 0.641309 0.43125 0.614258 0.00107288
49 0.732422 0.61875 0.444531 0.575 0.00107288
75 0.239648 0.601562 0.173047 0.0953125 0.00106525
39 0.240039 0.601562 0.173047 0.0953125 0.00104046
57 0.074707 0.882617 0.145312 0.228516 0.00102425
15 0.727344 0.641309 0.43125 0.614258 0.00101662
74 0.758594 0.202344 0.351562 0.3625 0.916504
75 0.234766 0.774219 0.375781 0.439063 0.214722
41 0.235156 0.776758 0.378125 0.433984 0.0634766
77 0.725781 0.656348 0.429688 0.638867 0.0401001
74 0.7625 0.223242 0.240625 0.251563 0.0354004
75 0.723828 0.619629 0.425781 0.576367 0.0152512
58 0.235156 0.776758 0.378125 0.433984 0.0110703
45 0.235352 0.615625 0.155078 0.0632813 0.00803375
53 0.760547 0.205029 0.350781 0.358691 0.00717545
60 0.5 0.496094 0.935937 0.975 0.00717545
60 0.237891 0.88457 0.475781 0.224609 0.00638962
77 0.718359 0.51875 0.442969 0.896875 0.00636292
29 0.759375 0.203516 0.35 0.3625 0.00629044
45 0.235156 0.776758 0.378125 0.433984 0.00595856
41 0.729297 0.623828 0.438281 0.583594 0.00544739
59 0.5 0.496094 0.935937 0.975 0.00502014
61 0.727344 0.641016 0.43125 0.613281 0.00475693
39 0.233984 0.774219 0.377344 0.442187 0.00382423
57 0.243945 0.882031 0.483984 0.225 0.003088
61 0.23418 0.775 0.378516 0.442188 0.00279999
60 0.147363 0.882812 0.29082 0.223437 0.00275803
55 0.233984 0.774219 0.377344 0.442187 0.0024147
76 0.726172 0.655859 0.428906 0.644531 0.00223351
15 0.23418 0.775 0.378516 0.442188 0.00204277
60 0.664844 0.497656 0.620312 0.979687 0.00186729
54 0.727344 0.641016 0.43125 0.613281 0.00184631
59 0.664844 0.497656 0.620312 0.979687 0.0018177
45 0.73125 0.609375 0.44375 0.55 0.00166798
57 0.497656 0.498437 0.942188 0.984375 0.00165462
45 0.233936 0.602344 0.150098 0.0890625 0.00161648
49 0.733594 0.621484 0.446875 0.580469 0.00161076
60 0.075 0.882812 0.145703 0.229688 0.00158501
60 0.509766 0.863281 0.953906 0.260938 0.00154877
57 0.664844 0.497656 0.620312 0.979687 0.0014782
65 0.745312 0.910938 0.375 0.071875 0.00139427
40 0.235156 0.776758 0.378125 0.433984 0.00136185
60 0.68125 0.863281 0.6375 0.26875 0.00133038
67 0.758594 0.202344 0.351562 0.3625 0.00131512
74 0.651562 0.053418 0.18125 0.102148 0.00130939
46 0.727344 0.641016 0.43125 0.613281 0.00130463
41 0.235352 0.615625 0.155078 0.0632813 0.00127411
57 0.147363 0.882812 0.29082 0.223437 0.00126934
65 0.746484 0.925 0.382031 0.0625 0.00124454
41 0.235937 0.602344 0.149219 0.0890625 0.00122547
45 0.239062 0.760547 0.353125 0.275781 0.00105667
0 0.689062 0.501562 0.575 0.984375 0.00105667
47 0.727344 0.641016 0.43125 0.613281 0.00101662
15 0.727344 0.641016 0.43125 0.613281 0.00101185
26 0.727344 0.641016 0.43125 0.613281 0.00100803
74 0.758984 0.202295 0.352344 0.36416 0.915527
75 0.234766 0.774219 0.375781 0.439063 0.178955
41 0.235156 0.776562 0.378125 0.434375 0.0713501
77 0.725781 0.65625 0.428125 0.634375 0.0512695
74 0.763281 0.223096 0.246875 0.256934 0.0270691
75 0.723828 0.619141 0.425781 0.574219 0.0120544
60 0.496875 0.496094 0.945312 0.975 0.0112915
29 0.759766 0.203564 0.350781 0.363965 0.0085144
58 0.235156 0.776562 0.378125 0.434375 0.00821686
53 0.760547 0.204687 0.350781 0.360937 0.00818634
45 0.235352 0.615625 0.155078 0.0632813 0.00653839
59 0.496875 0.496094 0.945312 0.975 0.00624084
60 0.236719 0.883594 0.473437 0.225 0.00595856
41 0.729297 0.623437 0.438281 0.582812 0.00540543
61 0.727344 0.640234 0.43125 0.611719 0.00536346
45 0.235156 0.776562 0.378125 0.434375 0.00508118
39 0.233984 0.774219 0.377344 0.442187 0.00376511
76 0.726172 0.65625 0.428906 0.640625 0.00349617
57 0.236914 0.882031 0.469922 0.225 0.00284576
60 0.145703 0.882812 0.287891 0.223437 0.00268364
61 0.23418 0.774219 0.378516 0.442187 0.00258064
60 0.655859 0.497656 0.639844 0.979687 0.00255013
77 0.696484 0.510937 0.535156 0.94375 0.00248146
57 0.496094 0.497656 0.948437 0.984375 0.00232315
54 0.727344 0.640234 0.43125 0.611719 0.00230598
15 0.23418 0.774219 0.378516 0.442187 0.00228691
55 0.233984 0.774219 0.377344 0.442187 0.00204277
59 0.655859 0.497656 0.639844 0.979687 0.00193405
57 0.655859 0.497656 0.639844 0.979687 0.00183868
49 0.733984 0.621094 0.446094 0.578125 0.0018177
45 0.732031 0.608594 0.44375 0.55 0.0017271
46 0.727344 0.640234 0.43125 0.611719 0.00167465
60 0.0751953 0.882812 0.146094 0.229688 0.00162315
74 0.651562 0.0538086 0.18125 0.10293 0.00161648
60 0.510156 0.862695 0.953125 0.262109 0.00158501
45 0.233936 0.601562 0.150098 0.090625 0.00141048
40 0.235156 0.776562 0.378125 0.434375 0.00138855
67 0.758984 0.202295 0.352344 0.36416 0.00130463
0 0.496094 0.497656 0.948437 0.984375 0.00127411
65 0.745703 0.910938 0.374219 0.071875 0.00125504
57 0.145703 0.882812 0.287891 0.223437 0.00123024
0 0.690234 0.501562 0.575781 0.984375 0.00122547
41 0.235352 0.615625 0.155078 0.0632813 0.00119686
65 0.746875 0.925 0.38125 0.0640626 0.00116062
26 0.727344 0.640234 0.43125 0.611719 0.00113392
41 0.235986 0.601562 0.149121 0.090625 0.00110722
65 0.760547 0.204687 0.350781 0.360937 0.00109005
45 0.239062 0.762109 0.353125 0.277344 0.00108147
15 0.727344 0.640234 0.43125 0.611719 0.00106525
60 0.269336 0.786133 0.513672 0.415234 0.00103188
56 0.664941 0.496875 0.616992 0.984375 0.00102043
74 0.758594 0.202393 0.353125 0.364746 0.90918
75 0.234424 0.774219 0.378027 0.439063 0.180054
41 0.235156 0.777344 0.378125 0.434375 0.0786133
77 0.725781 0.655469 0.428125 0.632812 0.0522461
74 0.764844 0.223437 0.251563 0.260547 0.0233307
75 0.723828 0.617285 0.425781 0.570117 0.012825
60 0.496875 0.496094 0.94375 0.973437 0.011734
29 0.759375 0.203564 0.351562 0.364746 0.0100098
53 0.760156 0.204883 0.351562 0.362109 0.00828552
58 0.235156 0.777344 0.378125 0.434375 0.00734711
45 0.235498 0.615625 0.154785 0.0632813 0.00695801
59 0.496875 0.496094 0.94375 0.973437 0.00614548
41 0.729297 0.621191 0.438281 0.57793 0.00598145
60 0.235547 0.883594 0.471094 0.225 0.00547028
61 0.727344 0.638965 0.43125 0.608008 0.00482941
45 0.235156 0.777344 0.378125 0.434375 0.00439835
76 0.725781 0.655566 0.428125 0.638867 0.00424957
39 0.233936 0.773437 0.377441 0.442187 0.00411606
60 0.6625 0.498437 0.625 0.976562 0.00268364
61 0.23418 0.774219 0.378516 0.442187 0.00261116
57 0.232227 0.883008 0.460547 0.224609 0.00253105
60 0.144531 0.882812 0.285156 0.223437 0.00247192
57 0.496094 0.498437 0.946875 0.98125 0.0024147
77 0.692969 0.5125 0.540625 0.9375 0.00235939
54 0.727344 0.638965 0.43125 0.608008 0.00235939
15 0.23418 0.774219 0.378516 0.442187 0.00230598
74 0.651172 0.0541504 0.182031 0.103809 0.00216484
57 0.6625 0.498437 0.625 0.976562 0.00198746
0 0.689844 0.500781 0.576563 0.98125 0.00196457
55 0.233936 0.773437 0.377441 0.442187 0.00191212
46 0.727344 0.638965 0.43125 0.608008 0.00174141
45 0.732031 0.608984 0.44375 0.550781 0.00174141
59 0.6625 0.498437 0.625 0.976562 0.00172043
60 0.510156 0.8625 0.954687 0.2625 0.00172043
49 0.733594 0.619434 0.445312 0.573633 0.00171375
0 0.496875 0.496094 0.94375 0.973437 0.00162888
60 0.0751953 0.882812 0.146094 0.229688 0.00161076
45 0.233984 0.601562 0.15 0.090625 0.00152493
65 0.745703 0.910938 0.374219 0.071875 0.00141621
67 0.758594 0.202393 0.353125 0.364746 0.00137806
40 0.235156 0.777344 0.378125 0.434375 0.00136662
65 0.760156 0.204883 0.351562 0.362109 0.00135612
26 0.727344 0.638965 0.43125 0.608008 0.00132465
45 0.239111 0.760937 0.353027 0.276562 0.00130463
65 0.746875 0.925 0.382812 0.065625 0.00127888
41 0.235498 0.615625 0.154785 0.0632813 0.00125504
15 0.727344 0.638965 0.43125 0.608008 0.00121117
41 0.236133 0.601172 0.148828 0.090625 0.00120163
60 0.698437 0.863281 0.603125 0.26875 0.0011158
57 0.144531 0.882812 0.285156 0.223437 0.0011158
56 0.671484 0.498437 0.600781 0.978125 0.00110722
73 0.732031 0.928125 0.426563 0.071875 0.00101662
74 0.759375 0.202686 0.353125 0.36416 0.908691
75 0.234424 0.774219 0.378027 0.439063 0.171021
41 0.235205 0.77832 0.378027 0.433984 0.092041
77 0.725781 0.653516 0.426562 0.630469 0.0469055
74 0.765625 0.223437 0.253125 0.263281 0.021286
60 0.496094 0.496484 0.948437 0.972656 0.0164032
29 0.760156 0.204102 0.351562 0.364453 0.0124817
75 0.723437 0.613672 0.426562 0.561719 0.0118713
53 0.760156 0.205029 0.351562 0.361816 0.0091629
45 0.235596 0.615625 0.15459 0.0632813 0.00809479
58 0.235205 0.77832 0.378027 0.433984 0.00712204
41 0.728906 0.617969 0.4375 0.570312 0.0069046
59 0.496094 0.496484 0.948437 0.972656 0.00624084
76 0.725781 0.654687 0.426562 0.6375 0.00588989
61 0.727344 0.637402 0.43125 0.604883 0.00542831
60 0.235547 0.883594 0.470312 0.225 0.00538635
45 0.235205 0.77832 0.378027 0.433984 0.00518036
39 0.234033 0.773437 0.378027 0.442187 0.00431442
60 0.660156 0.499609 0.629687 0.974219 0.00365067
57 0.495313 0.499219 0.95 0.979687 0.00260162
0 0.689844 0.500781 0.576563 0.979687 0.00258064
60 0.143652 0.883008 0.283789 0.224609 0.00257111
54 0.727344 0.637402 0.43125 0.604883 0.00255013
61 0.23418 0.774219 0.378516 0.442187 0.00245285
74 0.651172 0.0545898 0.182031 0.104687 0.00243378
57 0.660156 0.499609 0.629687 0.974219 0.00222588
55 0.234033 0.773437 0.378027 0.442187 0.00219917
46 0.727344 0.637402 0.43125 0.604883 0.00219154
45 0.730469 0.607031 0.442187 0.546875 0.00217438
57 0.230273 0.883008 0.457422 0.224609 0.00213242
60 0.510547 0.862695 0.955469 0.262109 0.00206757
15 0.23418 0.774219 0.378516 0.442187 0.00189686
0 0.495313 0.499219 0.95 0.979687 0.00188255
77 0.691016 0.516406 0.542969 0.926562 0.00186729
65 0.746094 0.910938 0.375 0.071875 0.0018177
45 0.233984 0.601562 0.15 0.0898438 0.00178242
60 0.0751953 0.882812 0.146094 0.229688 0.00175476
49 0.732031 0.616016 0.44375 0.566406 0.00175476
59 0.660156 0.499609 0.629687 0.974219 0.00172043
45 0.239258 0.758594 0.352734 0.26875 0.00168705
65 0.746875 0.924219 0.384375 0.0640625 0.00162888
65 0.760156 0.205029 0.351562 0.361816 0.00157928
40 0.235205 0.77832 0.378027 0.433984 0.00153065
67 0.759375 0.202686 0.353125 0.36416 0.00142097
60 0.705469 0.863867 0.589063 0.269141 0.00138283
73 0.732031 0.928125 0.426563 0.071875 0.00135612
26 0.727344 0.637402 0.43125 0.604883 0.00132465
41 0.235596 0.615625 0.15459 0.0632813 0.00131512
41 0.235986 0.601562 0.14834 0.090625 0.00127888
56 0.669531 0.500391 0.604687 0.974219 0.00124454
39 0.851758 0.746094 0.168359 0.223437 0.00118828
15 0.727344 0.637402 0.43125 0.604883 0.00114727
73 0.735547 0.915625 0.410156 0.06875 0.0011158
44 0.528906 0.819531 0.05 0.132812 0.00106525
73 0.689844 0.500781 0.576563 0.979687 0.00102425
74 0.758984 0.203125 0.353906 0.364062 0.909668
75 0.23457 0.774219 0.377734 0.440625 0.168823
41 0.235205 0.777344 0.378027 0.434375 0.109314
77 0.725781 0.651953 0.426562 0.627344 0.0390625
60 0.494141 0.496094 0.953906 0.973437 0.0248871
74 0.767578 0.222656 0.257031 0.267187 0.0171051
29 0.759766 0.204492 0.352344 0.364453 0.0167236
75 0.723437 0.611621 0.426562 0.554883 0.012146
53 0.760547 0.20542 0.352344 0.361816 0.0108185
41 0.729297 0.605859 0.439844 0.542969 0.00919342
45 0.235596 0.615625 0.15459 0.0632813 0.00766754
76 0.725391 0.653125 0.425781 0.634375 0.00701141
58 0.235205 0.777344 0.378027 0.434375 0.0069313
59 0.494141 0.496094 0.953906 0.973437 0.0064621
61 0.727344 0.634766 0.429687 0.599219 0.00579834
60 0.235937 0.883594 0.470312 0.225 0.00544739
45 0.235205 0.777344 0.378027 0.434375 0.00524139
60 0.647656 0.499219 0.654687 0.973437 0.00494385
39 0.23418 0.773437 0.377734 0.442187 0.00453949
57 0.49375 0.499219 0.953125 0.979687 0.00271416
55 0.23418 0.773437 0.377734 0.442187 0.00269318
45 0.729297 0.605859 0.439844 0.542969 0.0026722
60 0.143848 0.883008 0.28418 0.224609 0.0026722
54 0.727344 0.634766 0.429687 0.599219 0.0026207
0 0.690625 0.5 0.576562 0.978125 0.00258064
46 0.727344 0.634766 0.429687 0.599219 0.00255013
74 0.650781 0.0548828 0.182812 0.105469 0.00246239
57 0.647656 0.499219 0.654687 0.973437 0.00235939
60 0.509375 0.863867 0.95625 0.259766 0.00227928
65 0.746094 0.910938 0.376562 0.071875 0.00226974
39 0.851562 0.746094 0.167188 0.223437 0.00220871
61 0.234326 0.774219 0.378223 0.442187 0.00219917
65 0.746875 0.923437 0.384375 0.0625 0.0020504
49 0.728516 0.614453 0.436719 0.561719 0.00193405
0 0.49375 0.499219 0.953125 0.979687 0.00191879
45 0.239404 0.757812 0.352441 0.265625 0.00190449
57 0.229297 0.883008 0.455469 0.224609 0.00188255
65 0.760547 0.20542 0.352344 0.361816 0.00182438
60 0.707422 0.863281 0.585156 0.270312 0.00178242
60 0.0751953 0.882812 0.146094 0.229688 0.00176811
45 0.233984 0.601562 0.149609 0.090625 0.00174141
15 0.234326 0.774219 0.378223 0.442187 0.00171375
40 0.235205 0.777344 0.378027 0.434375 0.00171375
59 0.647656 0.499219 0.654687 0.973437 0.00166798
73 0.732422 0.926563 0.425781 0.071875 0.00163555
67 0.758984 0.203125 0.353906 0.364062 0.00139904
77 0.689062 0.521484 0.54375 0.913281 0.00138283
56 0.657422 0.500781 0.628906 0.973437 0.00135136
26 0.727344 0.634766 0.429687 0.599219 0.00133514
41 0.235596 0.615625 0.15459 0.0632813 0.00126457
41 0.235937 0.601172 0.148047 0.090625 0.00121117
44 0.528906 0.819531 0.05 0.132812 0.00116539
73 0.690625 0.5 0.576562 0.978125 0.00107288
60 0.508203 0.739844 0.936719 0.504688 0.00106049
15 0.727344 0.634766 0.429687 0.599219 0.00103188
74 0.759766 0.204639 0.352344 0.36416 0.913574
75 0.234375 0.774219 0.377344 0.440625 0.169922
41 0.235352 0.777344 0.377734 0.434375 0.11554
77 0.725781 0.650391 0.426562 0.624219 0.0389099
60 0.49375 0.496484 0.954687 0.972656 0.0287628
29 0.758984 0.203467 0.353906 0.36416 0.0192719
74 0.767578 0.222461 0.257031 0.267969 0.0155411
75 0.723437 0.610156 0.426562 0.551562 0.0119629
53 0.760547 0.205469 0.352344 0.361719 0.0112
41 0.728516 0.605371 0.438281 0.54082 0.00989532
45 0.235352 0.615625 0.154297 0.0632813 0.00818634
58 0.235352 0.777344 0.377734 0.434375 0.00800323
76 0.725 0.65166 0.425 0.631055 0.00760651
61 0.726953 0.633594 0.430469 0.595312 0.00634003
59 0.49375 0.496484 0.954687 0.972656 0.00600433
45 0.235352 0.777344 0.377734 0.434375 0.00591278
60 0.644531 0.5 0.660937 0.971875 0.00568771
60 0.234766 0.883594 0.467969 0.225 0.00511932
39 0.23418 0.773437 0.377734 0.442187 0.00460815
55 0.23418 0.773437 0.377734 0.442187 0.00348282
39 0.851562 0.746094 0.167188 0.223437 0.00336266
46 0.726953 0.633594 0.430469 0.595312 0.00299263
45 0.728516 0.605371 0.438281 0.54082 0.00293541
54 0.726953 0.633594 0.430469 0.595312 0.0026207
57 0.49375 0.499609 0.953125 0.977344 0.00261116
60 0.143555 0.883008 0.283594 0.224609 0.00259018
60 0.509375 0.864062 0.95625 0.259375 0.00258064
74 0.650781 0.0550781 0.182812 0.105859 0.00245285
57 0.644531 0.5 0.660937 0.971875 0.00244331
65 0.746094 0.910938 0.376562 0.071875 0.00243378
0 0.690625 0.500391 0.576562 0.977344 0.00242424
61 0.234326 0.774219 0.378223 0.442187 0.00227928
45 0.239258 0.75625 0.351953 0.259375 0.00216484
65 0.746875 0.923437 0.384375 0.0625 0.00209999
49 0.727734 0.612402 0.435156 0.556445 0.00200272
65 0.758984 0.203467 0.353906 0.36416 0.00198746
0 0.49375 0.499609 0.953125 0.977344 0.00195694
60 0.708203 0.863281 0.583594 0.270312 0.00191879
45 0.233936 0.601562 0.149316 0.090625 0.00189686
40 0.235352 0.777344 0.377734 0.434375 0.00185299
73 0.732422 0.926563 0.425781 0.071875 0.00182438
60 0.0751953 0.882812 0.146094 0.229688 0.00176811
57 0.22793 0.882031 0.452734 0.225 0.00174141
59 0.644531 0.5 0.660937 0.971875 0.00162315
67 0.758984 0.203467 0.353906 0.36416 0.00148392
26 0.726953 0.633594 0.430469 0.595312 0.0014782
15 0.234326 0.774219 0.378223 0.442187 0.00145531
56 0.655859 0.501953 0.632031 0.969531 0.00131512
44 0.529297 0.820508 0.05 0.133984 0.00125504
41 0.235352 0.615625 0.154297 0.0632813 0.00124454
41 0.235937 0.601172 0.147656 0.090625 0.00122547
60 0.507812 0.739062 0.9375 0.50625 0.00122547
75 0.605859 0.703125 0.191406 0.328125 0.0011692
77 0.688281 0.527734 0.542187 0.899219 0.0011425
55 0.728516 0.605371 0.438281 0.54082 0.00101185
73 0.690625 0.500391 0.576562 0.977344 0.00100422
74 0.759766 0.204639 0.352344 0.36416 0.914062
75 0.234717 0.774219 0.377441 0.440625 0.172119
41 0.235352 0.77832 0.377734 0.433984 0.111267
77 0.725781 0.650391 0.426562 0.624219 0.0381775
60 0.494531 0.496484 0.954687 0.972656 0.0302124
29 0.758984 0.203516 0.353906 0.364062 0.0193481
74 0.767578 0.222461 0.257031 0.267969 0.0153656
75 0.723437 0.610156 0.426562 0.551562 0.012146
53 0.760547 0.205469 0.352344 0.361719 0.0112
41 0.727734 0.612402 0.435156 0.556445 0.0100555
45 0.235498 0.615625 0.154004 0.0632813 0.00834656
58 0.235352 0.77832 0.377734 0.433984 0.00806427
76 0.725 0.65166 0.425 0.631055 0.00760651
61 0.726953 0.633496 0.430469 0.595508 0.00638962
60 0.640625 0.5 0.670312 0.971875 0.00593567
59 0.494531 0.496484 0.954687 0.972656 0.00591278
45 0.235352 0.77832 0.377734 0.433984 0.005867
60 0.234766 0.883594 0.467969 0.225 0.0050621
39 0.23418 0.773437 0.377734 0.442187 0.00453949
55 0.23418 0.773437 0.377734 0.442187 0.00340271
39 0.851562 0.746094 0.167188 0.223437 0.00337601
46 0.726953 0.633496 0.430469 0.595508 0.00300407
45 0.728516 0.604688 0.438281 0.540625 0.00291252
57 0.49375 0.499219 0.953125 0.978125 0.00258064
54 0.726953 0.633496 0.430469 0.595508 0.00257111
60 0.509375 0.864062 0.95625 0.259375 0.00257111
60 0.143457 0.883008 0.283398 0.224609 0.00257111
57 0.640625 0.5 0.670312 0.971875 0.00246239
74 0.650781 0.0550781 0.182812 0.105859 0.00245285
65 0.746094 0.910938 0.376562 0.071875 0.00244331
0 0.690625 0.500391 0.576562 0.977344 0.00237846
61 0.234326 0.774219 0.378223 0.442187 0.00225258
45 0.239258 0.755469 0.351953 0.259375 0.00219917
65 0.746875 0.923437 0.384375 0.0625 0.00210762
65 0.758984 0.203516 0.353906 0.364062 0.00197983
49 0.727734 0.612402 0.435156 0.556445 0.00195694
45 0.233936 0.601562 0.149316 0.0898438 0.00194168
0 0.49375 0.499219 0.953125 0.978125 0.00192642
60 0.708594 0.863281 0.582813 0.270312 0.00185299
40 0.235352 0.77832 0.377734 0.433984 0.00183868
73 0.732422 0.926563 0.425781 0.071875 0.00181007
60 0.075293 0.882812 0.146094 0.229688 0.00174141
57 0.22793 0.883008 0.452734 0.224609 0.00169373
59 0.640625 0.5 0.670312 0.971875 0.00162888
26 0.726953 0.633496 0.430469 0.595508 0.00151253
67 0.758984 0.203516 0.353906 0.364062 0.00148964
15 0.234326 0.774219 0.378223 0.442187 0.00134563
56 0.651172 0.501562 0.641406 0.970312 0.00133514
41 0.235498 0.615625 0.154004 0.0632813 0.00123978
44 0.529297 0.820508 0.05 0.133984 0.00123501
41 0.235937 0.601172 0.147656 0.090625 0.00122547
60 0.508594 0.739844 0.935938 0.504688 0.00121593
75 0.605859 0.703125 0.191406 0.328125 0.00121117
77 0.689453 0.528516 0.541406 0.897656 0.0011158
58 0.723437 0.610156 0.426562 0.551562 0.00102806
