23 0.339304 0.653445 0.38171 0.685804 0.943359
23 0.760883 0.566806 0.263127 0.469729 0.928711
0 0.0556803 0.5762 0.111165 0.830898 0.64502
0 0.053338 0.804802 0.105114 0.375783 0.373047
0 0.0836425 0.570981 0.167285 0.826722 0.0328979
0 0.331837 0.651488 0.398205 0.684499 0.0317383
0 0.0609995 0.381785 0.118876 0.444155 0.0233307
0 0.04187 0.623173 0.0821785 0.716075 0.0213623
26 0.161624 0.907098 0.100722 0.175365 0.0181274
0 0.0575835 0.262526 0.113215 0.210856 0.0116882
23 0.706618 0.538622 0.153036 0.361169 0.008255
23 0.690221 0.551018 0.118681 0.325939 0.00815582
0 0.335156 0.406576 0.0753466 0.111169 0.006073
56 0.161624 0.907098 0.100722 0.175365 0.00477219
0 0.0824713 0.547495 0.0999416 0.569937 0.00471878
0 0.0450054 0.743215 0.0880101 0.237996 0.00431442
23 0.804217 0.568894 0.171775 0.4238 0.00387001
23 0.712864 0.419102 0.163967 0.174322 0.00369263
23 0.712864 0.454593 0.16709 0.23904 0.0036068
0 0.350576 0.368476 0.0171775 0.0433194 0.00333786
0 0.338864 0.383612 0.0687098 0.0730689 0.00333786
26 0.163674 0.868476 0.104822 0.25261 0.00331116
0 0.0410405 0.526227 0.0795433 0.444416 0.00300407
0 0.0523132 0.716075 0.102674 0.267223 0.00293541
0 0.332618 0.387265 0.0593403 0.0605428 0.00291252
0 0.326372 0.413883 0.0523131 0.091858 0.00288963
0 0.169042 0.60595 0.338084 0.771399 0.00287819
26 0.096916 0.941545 0.0316221 0.112735 0.00268364
58 0.702714 0.570068 0.0538748 0.227296 0.00265312
56 0.180949 0.874739 0.135468 0.24739 0.00265312
0 0.0655378 0.55167 0.125805 0.525052 0.00260162
23 0.670702 0.553758 0.0780793 0.265136 0.00259018
56 0.096916 0.941545 0.0316221 0.112735 0.00247192
22 0.690221 0.551018 0.118681 0.325939 0.00240517
41 0.706618 0.658664 0.0390397 0.0876827 0.00224304
41 0.706618 0.620042 0.041382 0.141962 0.00202751
0 0.318173 0.416754 0.045286 0.0981211 0.00191212
0 0.319344 0.393006 0.0324029 0.0485387 0.00177479
0 0.477065 0.293058 0.117119 0.131524 0.00166798
0 0.67929 0.553236 0.0952568 0.263048 0.00163555
14 0.65899 0.463727 0.0593403 0.0741128 0.00161076
0 0.349015 0.374217 0.0203006 0.0542798 0.00156116
16 0.331837 0.651488 0.398205 0.684499 0.00149536
58 0.332618 0.387265 0.0593403 0.0605428 0.00146103
23 0.687879 0.55167 0.0858873 0.295407 0.00134087
0 0.304119 0.43476 0.139762 0.153445 0.00133514
0 0.315831 0.403706 0.0288894 0.0704593 0.00130463
58 0.338864 0.383612 0.0687098 0.0730689 0.0012207
23 0.759712 0.433194 0.259223 0.201461 0.00121593
0 0.658599 0.475992 0.0569979 0.0981211 0.00117397
23 0.733555 0.564718 0.105407 0.388309 0.00112057
56 0.163479 0.862213 0.106383 0.262004 0.00109482
23 0.707399 0.407098 0.131173 0.156576 0.00104046
23 0.340621 0.652923 0.379856 0.687892 0.952637
23 0.761274 0.567328 0.262347 0.470773 0.933594
0 0.0553875 0.575679 0.11058 0.832985 0.660156
0 0.053094 0.805846 0.104822 0.373695 0.424316
0 0.331837 0.651879 0.399766 0.685804 0.0292511
0 0.0835693 0.570459 0.167041 0.826722 0.0247955
0 0.0611947 0.376044 0.119071 0.433716 0.022934
0 0.0414797 0.617432 0.0813977 0.718163 0.0212097
26 0.161527 0.90762 0.100918 0.174321 0.0201721
0 0.0577787 0.262069 0.112825 0.209682 0.0105667
23 0.706228 0.537448 0.152255 0.363518 0.00844574
56 0.161527 0.90762 0.100918 0.174321 0.00763702
23 0.683194 0.54893 0.101503 0.290449 0.00737381
0 0.33496 0.406315 0.0749562 0.111169 0.00621796
0 0.350576 0.368476 0.0171775 0.0433194 0.00538635
23 0.712864 0.448591 0.16709 0.228079 0.00527954
0 0.0820809 0.543841 0.100332 0.56785 0.00511932
0 0.337693 0.383612 0.0663675 0.0730689 0.00488663
23 0.803436 0.567328 0.171775 0.4238 0.00452042
23 0.694906 0.417015 0.125708 0.172234 0.00428009
0 0.325591 0.413883 0.0499708 0.0913361 0.0041008
0 0.331447 0.387787 0.0569979 0.059499 0.00408554
0 0.0439684 0.743737 0.0857897 0.23904 0.0039444
0 0.0406867 0.518789 0.0788845 0.431107 0.00379562
22 0.691002 0.551018 0.120242 0.328027 0.00348282
56 0.180314 0.876827 0.135175 0.244259 0.00345612
26 0.163576 0.868476 0.105407 0.25261 0.00323486
23 0.722234 0.41858 0.185829 0.177453 0.003088
56 0.096916 0.941545 0.0314269 0.112735 0.00302696
0 0.0653915 0.547103 0.125708 0.517484 0.00291252
0 0.318954 0.393267 0.0320125 0.0490606 0.00266266
0 0.317588 0.416493 0.0441148 0.0981211 0.00265312
58 0.702714 0.570459 0.0546555 0.227557 0.00239754
14 0.65899 0.463987 0.0593403 0.0741128 0.00210762
26 0.096916 0.941545 0.0314269 0.112735 0.00208282
0 0.0479212 0.595903 0.0938904 0.557672 0.00201988
41 0.706618 0.658664 0.0390397 0.0876827 0.00199509
58 0.331447 0.387787 0.0569979 0.059499 0.00191212
0 0.168651 0.603862 0.337303 0.777662 0.00186062
0 0.315636 0.407098 0.028499 0.0772443 0.00183868
16 0.331837 0.651879 0.399766 0.685804 0.0018034
41 0.706618 0.620564 0.041382 0.140919 0.00179577
0 0.477065 0.292863 0.117119 0.131394 0.0017004
0 0.314465 0.389353 0.0210814 0.0417537 0.00159168
0 0.67929 0.552323 0.0952568 0.264875 0.0015192
56 0.163088 0.863257 0.107164 0.26096 0.0014782
58 0.337693 0.383612 0.0663675 0.0730689 0.00144386
0 0.65899 0.475992 0.0562171 0.0981211 0.00137806
23 0.759712 0.433977 0.257662 0.203027 0.00134087
0 0.0531916 0.697286 0.104041 0.321503 0.00128937
0 0.305681 0.433716 0.135858 0.153445 0.00126934
23 0.738631 0.564849 0.0968184 0.388048 0.00118828
56 0.100918 0.871607 0.047238 0.256785 0.00117397
14 0.350576 0.370042 0.0179583 0.0448852 0.0011692
13 0.161527 0.90762 0.100918 0.174321 0.00109863
23 0.711303 0.378393 0.116338 0.101253 0.00106049
0 0.358775 0.368998 0.0359165 0.0464509 0.00104427
58 0.337303 0.408925 0.071833 0.0902923 0.00102425
23 0.668359 0.555324 0.0749562 0.265136 0.00102425
23 0.341792 0.653314 0.378294 0.689196 0.95752
23 0.761274 0.566675 0.263908 0.472077 0.933594
0 0.0561683 0.575679 0.112141 0.832985 0.70166
0 0.0532891 0.805846 0.105017 0.373695 0.427246
0 0.0611947 0.368998 0.119266 0.419624 0.0191193
26 0.161527 0.90762 0.101308 0.174321 0.0184784
0 0.041565 0.613909 0.0814221 0.715814 0.0175171
0 0.0838377 0.570459 0.167285 0.827766 0.0173798
0 0.332032 0.651488 0.399376 0.686587 0.014389
0 0.0579739 0.262004 0.11341 0.209812 0.00974274
56 0.161527 0.90762 0.101308 0.174321 0.00793457
0 0.350576 0.368476 0.0171775 0.0433194 0.00723267
0 0.33457 0.406054 0.0741754 0.110647 0.00634003
23 0.706228 0.537448 0.152255 0.363518 0.00626373
0 0.337303 0.383612 0.0648059 0.0720251 0.00619125
23 0.683194 0.548017 0.103065 0.291232 0.00551224
0 0.330666 0.388309 0.0546556 0.0579332 0.00511932
23 0.712474 0.418319 0.163186 0.174843 0.00511932
0 0.324615 0.413883 0.0484092 0.0908142 0.0049057
0 0.0667578 0.555846 0.126489 0.560543 0.00436401
0 0.0407965 0.512657 0.0792505 0.419363 0.00378036
0 0.318954 0.393006 0.0312317 0.0490606 0.00365067
0 0.0439074 0.744259 0.0855213 0.240084 0.00363541
22 0.691002 0.551148 0.121804 0.329854 0.00337601
56 0.180754 0.877871 0.13742 0.242171 0.00333786
0 0.317002 0.416754 0.0429436 0.0981211 0.00321007
23 0.803436 0.566284 0.173336 0.4238 0.00298119
56 0.0970136 0.941545 0.0312317 0.112735 0.00291252
0 0.0818125 0.520746 0.095208 0.574374 0.00279999
26 0.163576 0.868998 0.106188 0.251566 0.00259018
14 0.65899 0.463727 0.0593403 0.0735908 0.00252151
0 0.315441 0.407098 0.0281086 0.0782881 0.002388
0 0.314465 0.389614 0.0214718 0.0422756 0.00224304
58 0.330666 0.388309 0.0546556 0.0579332 0.00220871
58 0.702714 0.570459 0.0546555 0.226514 0.00219154
41 0.706618 0.659708 0.0390397 0.0876827 0.00192642
16 0.332032 0.651488 0.399376 0.686587 0.00181007
0 0.477065 0.292276 0.116338 0.13048 0.00178909
41 0.706618 0.620564 0.041382 0.140919 0.00176144
0 0.0481164 0.585073 0.0942808 0.537578 0.0016613
26 0.0970136 0.941545 0.0312317 0.112735 0.00162315
0 0.169237 0.600209 0.338474 0.784969 0.00152493
0 0.65899 0.476514 0.0562171 0.0981211 0.0015192
58 0.337303 0.383612 0.0648059 0.0720251 0.00148964
23 0.703885 0.404489 0.119461 0.152401 0.0014782
0 0.67929 0.551148 0.0960376 0.265136 0.00141048
56 0.162893 0.864301 0.108335 0.258873 0.00135612
23 0.75737 0.419102 0.249854 0.178497 0.00134563
23 0.723795 0.398226 0.160843 0.139875 0.00132465
0 0.358775 0.368998 0.0351357 0.045929 0.0012846
14 0.350576 0.370042 0.0179583 0.0448852 0.00127411
0 0.0532891 0.705637 0.104236 0.304802 0.00127411
0 0.306461 0.433716 0.133516 0.153445 0.00125504
13 0.161527 0.90762 0.101308 0.174321 0.00118351
58 0.336717 0.408664 0.0706618 0.0887265 0.00117397
23 0.710522 0.378393 0.115557 0.101253 0.00113773
56 0.10082 0.871608 0.0470428 0.254697 0.00104427
23 0.73785 0.56524 0.09838 0.388309 0.00101662
26 0.0541675 0.807933 0.106383 0.373695 0.00100803
23 0.342183 0.653445 0.377514 0.691023 0.961914
23 0.761274 0.567328 0.263908 0.47286 0.933105
0 0.0570467 0.575679 0.113898 0.834029 0.742188
0 0.0533867 0.805846 0.105212 0.373695 0.373047
26 0.161527 0.907098 0.101308 0.175365 0.0216217
0 0.0847405 0.570981 0.168603 0.82881 0.0120544
0 0.0609995 0.362996 0.119461 0.408664 0.0119171
0 0.0414675 0.612735 0.0814221 0.724426 0.0117798
0 0.350576 0.368476 0.0171775 0.0427975 0.00941467
56 0.161527 0.907098 0.101308 0.175365 0.00812531
0 0.0580715 0.262265 0.113996 0.210334 0.00796509
0 0.332228 0.651357 0.398205 0.686848 0.00793457
0 0.336912 0.383612 0.0640251 0.0720251 0.00740433
0 0.33457 0.406054 0.0741754 0.109603 0.00651169
0 0.329495 0.388831 0.0523131 0.0563674 0.00621796
0 0.323834 0.413883 0.0464572 0.0908142 0.00591278
0 0.318759 0.393528 0.0312317 0.0490605 0.00484848
23 0.712084 0.418058 0.162405 0.173278 0.00439835
0 0.317002 0.416754 0.0421628 0.0975992 0.00395966
0 0.0451396 0.552192 0.0885224 0.528184 0.00366402
0 0.0665626 0.553366 0.126098 0.559238 0.00351143
22 0.691393 0.551148 0.121804 0.329854 0.00346947
23 0.705837 0.537448 0.151474 0.36143 0.00340271
56 0.181095 0.877349 0.138298 0.242171 0.00335121
23 0.683194 0.547495 0.102284 0.292276 0.00327301
26 0.163479 0.868998 0.106383 0.251566 0.00324821
0 0.315245 0.409186 0.0277182 0.0814196 0.00309944
0 0.31466 0.389875 0.0218622 0.0427975 0.00304031
0 0.0434316 0.745303 0.0847161 0.244259 0.00301552
14 0.65899 0.463466 0.0593403 0.0730689 0.00294685
56 0.0971112 0.941545 0.0312317 0.112735 0.00265312
58 0.329495 0.388831 0.0523131 0.0563674 0.00250244
58 0.702714 0.570459 0.0546555 0.224426 0.00204277
41 0.706618 0.659708 0.0390397 0.0876827 0.00188255
0 0.477065 0.291754 0.116338 0.129958 0.00183868
41 0.706618 0.620564 0.041382 0.143006 0.00176811
23 0.804412 0.565632 0.174507 0.424061 0.00162315
16 0.332228 0.651357 0.398205 0.686848 0.00158501
0 0.358775 0.368998 0.0351357 0.045929 0.00157356
0 0.658599 0.477296 0.0562171 0.0996869 0.00155449
58 0.336912 0.383612 0.0640251 0.0720251 0.00150681
0 0.307633 0.433716 0.131173 0.152401 0.00143814
0 0.168066 0.590814 0.336132 0.805846 0.00143242
26 0.0971112 0.941545 0.0312317 0.112735 0.00141048
58 0.335936 0.408664 0.0691002 0.0876827 0.00136185
56 0.162795 0.864823 0.108921 0.257829 0.00132465
23 0.75737 0.419102 0.249854 0.177453 0.0012598
14 0.350576 0.369781 0.0175678 0.0448852 0.00124454
0 0.30529 0.419624 0.0480188 0.104384 0.00122547
23 0.701543 0.403445 0.113215 0.150313 0.00122547
23 0.722234 0.398226 0.15772 0.139875 0.00122547
24 0.161527 0.907098 0.101308 0.175365 0.00118828
13 0.162015 0.889353 0.109311 0.210856 0.00117874
0 0.679681 0.550104 0.0968184 0.26618 0.00116539
23 0.710522 0.378393 0.113996 0.101253 0.0011034
0 0.0534843 0.676409 0.104626 0.367432 0.00108147
26 0.0541675 0.807933 0.106383 0.371608 0.00106049
23 0.339987 0.653967 0.381906 0.692067 0.963379
23 0.761664 0.56785 0.263127 0.473904 0.930664
0 0.0584619 0.575679 0.116729 0.837161 0.772461
0 0.0535331 0.805324 0.105505 0.374739 0.342529
0 0.0535331 0.725992 0.10531 0.537578 0.0160217
26 0.161624 0.907098 0.101113 0.175365 0.0157776
0 0.0854969 0.572025 0.169627 0.832985 0.00912476
56 0.161624 0.907098 0.101113 0.175365 0.00757599
0 0.350576 0.368476 0.0171775 0.0427975 0.00743103
0 0.337108 0.383612 0.0644155 0.072547 0.0069046
0 0.0409429 0.612865 0.0805193 0.740866 0.0064888
0 0.329495 0.38857 0.0523131 0.0568893 0.00631332
0 0.33457 0.406315 0.075737 0.110647 0.00614548
0 0.0610971 0.356733 0.119852 0.397182 0.00582123
0 0.323834 0.413883 0.0464572 0.0908142 0.00570679
0 0.0585107 0.262265 0.114874 0.210856 0.00553513
0 0.330276 0.651879 0.40367 0.687892 0.00519943
0 0.318954 0.393528 0.0312317 0.0495825 0.00486755
0 0.316807 0.417015 0.0421628 0.098643 0.00378036
23 0.711693 0.417537 0.161624 0.172234 0.0030632
0 0.31505 0.409708 0.0273278 0.0835073 0.00302696
0 0.31466 0.389353 0.0218622 0.0417537 0.00288963
14 0.658599 0.463466 0.0585595 0.072547 0.0028553
56 0.182706 0.877349 0.141324 0.241127 0.00277901
0 0.0449444 0.55428 0.0881321 0.538622 0.0027256
0 0.0407477 0.506133 0.0787625 0.409447 0.00237846
58 0.329495 0.38857 0.0523131 0.0568893 0.00236893
0 0.0432364 0.746347 0.0845209 0.246347 0.00235939
23 0.70818 0.534969 0.156159 0.368476 0.00212479
56 0.0972088 0.941545 0.0308413 0.112735 0.00209999
22 0.694125 0.549582 0.126489 0.341336 0.00209045
0 0.0660746 0.553758 0.126293 0.562631 0.0020752
23 0.683585 0.543972 0.103065 0.300365 0.00201988
26 0.163674 0.868476 0.106383 0.25261 0.00181007
0 0.157915 0.579332 0.315831 0.82881 0.0018034
0 0.477065 0.291167 0.117119 0.128523 0.0015192
58 0.337108 0.383612 0.0644155 0.072547 0.00148392
0 0.307437 0.433455 0.131954 0.151879 0.00144386
16 0.330276 0.651879 0.40367 0.687892 0.00139904
58 0.336132 0.408925 0.0687098 0.0882046 0.00137806
26 0.182706 0.877349 0.141324 0.241127 0.00133514
0 0.359165 0.368998 0.0351357 0.045929 0.00131989
0 0.658209 0.477296 0.0562172 0.0996869 0.00131512
58 0.702324 0.568763 0.0546556 0.227818 0.00130463
0 0.3049 0.419624 0.0484092 0.104384 0.00127411
56 0.163674 0.868476 0.106383 0.25261 0.00122547
13 0.161624 0.907098 0.101113 0.175365 0.00118828
41 0.706618 0.66023 0.0390397 0.0876827 0.00115585
41 0.706618 0.620042 0.0421628 0.146138 0.00110722
14 0.350576 0.370042 0.0175678 0.0448852 0.00104046
26 0.0542651 0.807933 0.106578 0.371608 0.00103188
26 0.0972088 0.941545 0.0308413 0.112735 0.00102425
24 0.161624 0.907098 0.101113 0.175365 0.00101662
23 0.337254 0.654489 0.38659 0.691023 0.968262
23 0.761664 0.56785 0.263127 0.47286 0.930176
0 0.0588523 0.575157 0.117314 0.839249 0.777344
0 0.0536307 0.805324 0.105505 0.374739 0.310791
26 0.161819 0.908142 0.101113 0.175365 0.012291
0 0.0537283 0.697156 0.1057 0.593163 0.00901794
0 0.350576 0.368476 0.0171775 0.0427975 0.00818634
0 0.336912 0.383612 0.0636347 0.0720251 0.00717545
0 0.328714 0.388831 0.0503612 0.0553236 0.00664139
0 0.0950372 0.573199 0.189391 0.832725 0.00651169
0 0.323248 0.413883 0.0445052 0.0908142 0.00564194
56 0.161819 0.908142 0.101113 0.175365 0.00551224
0 0.0432364 0.59499 0.0841305 0.650313 0.00544739
0 0.340426 0.397704 0.0741754 0.0970772 0.00538635
0 0.0589499 0.262265 0.115557 0.209812 0.00530243
0 0.318954 0.393006 0.0312317 0.0490606 0.00521851
0 0.0611459 0.351514 0.119754 0.386743 0.00518036
0 0.335741 0.408664 0.067929 0.0871607 0.00494385
0 0.316612 0.417015 0.0413821 0.098643 0.00390053
14 0.658599 0.463466 0.0585595 0.072025 0.00353813
0 0.31466 0.389092 0.0218622 0.0412317 0.00333786
0 0.31505 0.409708 0.0273278 0.0824635 0.00329781
58 0.328714 0.388831 0.0503612 0.0553236 0.00253105
23 0.711303 0.417015 0.160843 0.17119 0.00250244
56 0.182754 0.877349 0.141226 0.241127 0.00237846
0 0.328714 0.651879 0.406793 0.687892 0.00223351
0 0.044005 0.74739 0.0859117 0.248434 0.00213242
0 0.0407111 0.502088 0.0786405 0.402923 0.00203514
0 0.152938 0.579332 0.305876 0.82881 0.0018177
22 0.694125 0.54893 0.12805 0.342641 0.00176144
16 0.328714 0.651879 0.406793 0.687892 0.00173378
0 0.0657331 0.555193 0.125805 0.563935 0.00158501
58 0.336912 0.383612 0.0636347 0.0720251 0.00154305
56 0.0972088 0.941545 0.0308413 0.112735 0.00153637
58 0.335741 0.408664 0.067929 0.0871607 0.00145531
23 0.70857 0.533925 0.15694 0.366388 0.0014267
0 0.359165 0.368998 0.0351357 0.045929 0.00140476
0 0.658209 0.477557 0.0562172 0.100209 0.00137234
23 0.683194 0.543319 0.101503 0.298539 0.00135612
0 0.3049 0.419624 0.0480188 0.104384 0.00133514
0 0.333984 0.408925 0.0815929 0.118476 0.00131512
22 0.683194 0.543319 0.101503 0.298539 0.00130463
0 0.306461 0.433716 0.134296 0.151357 0.00129986
58 0.701933 0.568372 0.0546555 0.228601 0.00122547
26 0.0543139 0.807411 0.106481 0.371607 0.00119686
26 0.163869 0.867954 0.106383 0.253653 0.00115108
0 0.477455 0.29221 0.118681 0.130611 0.0011425
13 0.161819 0.908142 0.101113 0.175365 0.00108624
56 0.163869 0.867954 0.106383 0.253653 0.00102425
23 0.335741 0.65501 0.388054 0.689979 0.972656
23 0.761664 0.56798 0.263127 0.471555 0.937988
0 0.0578763 0.574635 0.115362 0.838205 0.770996
0 0.0534843 0.804802 0.105407 0.373695 0.309082
26 0.161819 0.908142 0.101113 0.175365 0.0107346
0 0.0611947 0.35047 0.119461 0.384656 0.00941467
0 0.350576 0.368476 0.0171775 0.0422756 0.00769424
0 0.0590475 0.261743 0.115362 0.208768 0.00746155
0 0.0432852 0.594468 0.0842281 0.647182 0.00661469
0 0.336912 0.383351 0.0632443 0.0720251 0.00612259
0 0.328714 0.388831 0.0499708 0.0542798 0.00572968
0 0.0537283 0.690501 0.1057 0.607516 0.00564194
0 0.095818 0.573069 0.190953 0.831942 0.00492477
56 0.161819 0.908142 0.101113 0.175365 0.0049057
0 0.322468 0.413883 0.0429436 0.0908142 0.00446701
0 0.340426 0.397704 0.0741754 0.0960334 0.00443268
0 0.335741 0.408925 0.067929 0.0871608 0.00424957
0 0.318759 0.393267 0.0312317 0.0490606 0.00402451
14 0.658599 0.463466 0.0585595 0.072025 0.00317192
0 0.31466 0.388309 0.0214718 0.0391441 0.00293541
0 0.31505 0.409447 0.026547 0.0819416 0.00266266
56 0.182706 0.877871 0.140933 0.240084 0.0024929
0 0.0447858 0.749478 0.0872781 0.253653 0.00233269
58 0.328714 0.388831 0.0499708 0.0542798 0.00227928
0 0.0406501 0.498695 0.0783721 0.391962 0.00222588
22 0.694516 0.550104 0.12805 0.340292 0.00215721
23 0.712474 0.417015 0.161624 0.170146 0.00195694
0 0.0655866 0.555324 0.125317 0.559499 0.00169373
16 0.329495 0.652401 0.405232 0.687892 0.00166798
22 0.683194 0.544363 0.101503 0.295407 0.0015192
58 0.336912 0.383351 0.0632443 0.0720251 0.00139904
56 0.0972088 0.941545 0.0308413 0.112735 0.00138855
26 0.0542651 0.806889 0.106188 0.371608 0.00133514
0 0.332228 0.376827 0.0601211 0.0574113 0.00132465
58 0.335741 0.408925 0.067929 0.0871608 0.00131512
0 0.312317 0.419102 0.0480188 0.101253 0.00131512
0 0.359165 0.368998 0.0351357 0.045929 0.00123501
13 0.161624 0.893528 0.110873 0.200418 0.00116062
58 0.701933 0.56785 0.0546555 0.228601 0.00112438
0 0.658209 0.478079 0.0562172 0.101253 0.0011158
23 0.70818 0.534447 0.156159 0.361169 0.00110722
0 0.152157 0.579462 0.304314 0.826461 0.00109005
23 0.683194 0.544363 0.101503 0.295407 0.00106907
14 0.656647 0.455115 0.0538748 0.0542798 0.00106049
56 0.163771 0.867432 0.106188 0.254697 0.00102425
74 0.1179 0.278706 0.0140543 0.0302714 0.00101185
23 0.3354 0.655793 0.388737 0.688413 0.973633
23 0.761274 0.569024 0.262347 0.469468 0.939941
0 0.0575835 0.573982 0.114581 0.837422 0.764648
0 0.0534843 0.804802 0.105407 0.373695 0.315674
0 0.0611947 0.354841 0.119266 0.392615 0.0116882
26 0.162015 0.908142 0.101113 0.175365 0.0104904
0 0.0593403 0.261417 0.115557 0.207855 0.008255
0 0.350576 0.368476 0.0171775 0.0417537 0.00703812
0 0.0433462 0.599165 0.0844965 0.661795 0.0069046
0 0.0863021 0.573591 0.170555 0.834029 0.00516129
0 0.336912 0.383612 0.0640251 0.072547 0.0051384
0 0.329104 0.388831 0.0515324 0.0558455 0.00473785
56 0.162015 0.908142 0.101113 0.175365 0.00421524
0 0.340426 0.398486 0.0741754 0.0981211 0.00385475
0 0.335741 0.409447 0.0683194 0.0887265 0.00367928
0 0.322468 0.413883 0.0429436 0.0908142 0.0036068
0 0.346282 0.381524 0.0566075 0.0678497 0.00293541
0 0.318564 0.39405 0.0312318 0.0501044 0.00286674
22 0.696468 0.551148 0.132735 0.345512 0.00277901
0 0.0538747 0.682672 0.105798 0.622129 0.00261116
0 0.316221 0.417015 0.0398204 0.099165 0.00259018
0 0.31466 0.388309 0.0218622 0.0386221 0.00250244
0 0.045286 0.75261 0.0882297 0.258873 0.00247192
14 0.658599 0.463466 0.0585595 0.072025 0.00230598
0 0.0405891 0.506133 0.0782989 0.405271 0.00227928
56 0.183047 0.878915 0.14064 0.237996 0.00214958
0 0.31505 0.410752 0.026547 0.0845512 0.0020504
22 0.683194 0.544885 0.101503 0.294363 0.00183105
0 0.065489 0.558586 0.125122 0.571764 0.00176144
58 0.329104 0.388831 0.0515324 0.0558455 0.00171375
23 0.713255 0.417537 0.163186 0.169102 0.00154305
16 0.330276 0.652923 0.404451 0.686848 0.00144386
26 0.0543627 0.806889 0.105993 0.370564 0.00130463
56 0.0973064 0.941545 0.0308413 0.112735 0.0011692
13 0.161429 0.895616 0.110873 0.196242 0.0011692
0 0.332228 0.376566 0.0601211 0.0563674 0.0011034
0 0.359165 0.368737 0.0351357 0.0454071 0.0011034
0 0.3049 0.419885 0.0476284 0.104906 0.00106907
58 0.335741 0.409447 0.0683194 0.0887265 0.00106049
58 0.336912 0.383612 0.0640251 0.072547 0.00105667
23 0.683194 0.544885 0.101503 0.294363 0.00104046
0 0.0614875 0.493998 0.118876 0.425365 0.00103664
0 0.658209 0.478079 0.0554363 0.101253 0.00101662
23 0.70896 0.53536 0.15772 0.363518 0.00101662
23 0.336132 0.656054 0.386493 0.687891 0.973145
23 0.761274 0.568894 0.262347 0.467641 0.942383
0 0.0572419 0.573591 0.113703 0.837161 0.764648
0 0.0534843 0.804802 0.105407 0.373695 0.337158
0 0.0611947 0.357516 0.118876 0.397704 0.0132217
0 0.0592427 0.261482 0.115362 0.207724 0.00796509
26 0.162015 0.908664 0.101113 0.175365 0.00769424
0 0.0436756 0.601253 0.0850089 0.670146 0.00728989
0 0.350576 0.368476 0.0171775 0.0417537 0.00595856
0 0.337303 0.383612 0.0640251 0.0720251 0.00411606
56 0.162015 0.908664 0.101113 0.175365 0.0041008
0 0.3293 0.388831 0.0519228 0.0563674 0.00387001
0 0.330666 0.405271 0.0648059 0.0929019 0.00323486
0 0.340426 0.397965 0.0749562 0.0970773 0.00322342
22 0.695687 0.552192 0.130392 0.34238 0.00319672
0 0.0956472 0.572025 0.190123 0.831942 0.00316048
0 0.322663 0.413883 0.0437244 0.0908142 0.00307465
0 0.0457618 0.756263 0.0890348 0.26618 0.00273705
0 0.0407477 0.51096 0.0785673 0.415449 0.00240517
0 0.346672 0.381524 0.0562171 0.0678497 0.00239754
0 0.318564 0.39405 0.0312318 0.0501044 0.00225258
0 0.0536307 0.699374 0.105114 0.588727 0.00221634
0 0.316417 0.417276 0.0402108 0.098643 0.00214005
0 0.0653914 0.560412 0.125317 0.578549 0.00203514
22 0.682804 0.54606 0.100722 0.292015 0.00201988
14 0.658599 0.463727 0.0585595 0.0715031 0.00194931
0 0.31466 0.388309 0.0218622 0.0375783 0.00187492
58 0.3293 0.388831 0.0519228 0.0563674 0.00178242
56 0.183096 0.878914 0.140152 0.236952 0.00170708
0 0.314855 0.41023 0.026547 0.0835073 0.00157928
16 0.332228 0.653575 0.400547 0.686587 0.00128937
26 0.0543627 0.806889 0.105993 0.370564 0.00123024
13 0.163576 0.894572 0.105017 0.201461 0.00122547
58 0.335936 0.409447 0.0687098 0.0882046 0.0011158
58 0.337303 0.383612 0.0640251 0.0720251 0.00108147
56 0.097404 0.942067 0.0308413 0.111691 0.00106907
23 0.712864 0.417537 0.162405 0.169102 0.00104046
74 0.1179 0.278706 0.0140543 0.0302714 0.00103188
23 0.338523 0.655663 0.382491 0.688674 0.97168
23 0.761274 0.569024 0.262347 0.469468 0.942871
0 0.0570955 0.573069 0.11341 0.837161 0.763672
0 0.0535819 0.80428 0.105212 0.374739 0.357666
0 0.0612435 0.357255 0.118973 0.398226 0.0151291
0 0.0595355 0.261482 0.115948 0.208246 0.00834656
0 0.044127 0.598643 0.0858629 0.668058 0.00766754
26 0.162015 0.908142 0.101113 0.175365 0.0069313
0 0.350771 0.368476 0.0175679 0.0417537 0.00542831
22 0.695687 0.551148 0.129612 0.343424 0.00418091
0 0.337303 0.384134 0.0648059 0.0730689 0.0041008
0 0.330276 0.388309 0.0538747 0.059499 0.00388527
56 0.162015 0.908142 0.101113 0.175365 0.00376511
0 0.340426 0.398747 0.0749562 0.0981211 0.00346947
0 0.330861 0.40501 0.0655866 0.0949896 0.00335121
0 0.322858 0.413883 0.0437244 0.0908142 0.00294685
0 0.0917188 0.571503 0.181583 0.831942 0.00282288
0 0.0459692 0.756263 0.0894008 0.26618 0.00281143
22 0.682413 0.545407 0.0999415 0.293319 0.0027256
0 0.0535819 0.719337 0.105017 0.5488 0.00258064
0 0.0409795 0.518267 0.0788845 0.431107 0.00239754
0 0.0653915 0.561065 0.125708 0.586639 0.00239754
0 0.318564 0.394833 0.0316221 0.0516701 0.00206757
0 0.316221 0.417276 0.0402109 0.098643 0.00206757
0 0.31466 0.389353 0.022643 0.0407098 0.00184631
58 0.330276 0.388309 0.0538747 0.059499 0.00153065
0 0.31505 0.411013 0.026547 0.0850731 0.0014782
14 0.65899 0.463987 0.0593403 0.072547 0.00144386
56 0.183438 0.879436 0.14064 0.235908 0.00124454
13 0.163381 0.895616 0.105017 0.200418 0.00123978
26 0.0544603 0.806368 0.105993 0.371608 0.0012064
58 0.336132 0.409708 0.0694906 0.0897704 0.00103188
23 0.340475 0.65501 0.378587 0.687892 0.976074
23 0.761274 0.56798 0.262347 0.469468 0.949707
0 0.0556315 0.573199 0.110677 0.8369 0.740723
0 0.0535819 0.803758 0.105212 0.375783 0.388672
0 0.0613899 0.354645 0.119071 0.39405 0.0332642
0 0.0599259 0.261221 0.116533 0.208246 0.0118713
0 0.0446028 0.590292 0.0868633 0.639875 0.0115051
26 0.161917 0.908142 0.101308 0.175365 0.00844574
0 0.0850821 0.571503 0.16831 0.829854 0.00524139
0 0.350576 0.368476 0.0175678 0.0427975 0.0050621
0 0.330471 0.403445 0.0636346 0.0887265 0.00475693
0 0.329495 0.389092 0.0523131 0.0568894 0.00452042
0 0.337693 0.383873 0.0655866 0.0730689 0.00441742
22 0.693735 0.550104 0.126489 0.329854 0.00438309
0 0.0485068 0.758873 0.0946712 0.271399 0.00379562
0 0.0654403 0.556889 0.12561 0.573069 0.00336266
0 0.0613899 0.446242 0.12278 0.578288 0.00321007
0 0.322468 0.413622 0.0429436 0.0902923 0.00318527
0 0.0410893 0.509395 0.0792505 0.411274 0.00318527
0 0.340426 0.397965 0.0749562 0.0965553 0.00313568
22 0.682023 0.545929 0.0999415 0.286013 0.00311089
56 0.161917 0.908142 0.101308 0.175365 0.00296974
0 0.318759 0.394572 0.0316221 0.0511482 0.00250244
0 0.314855 0.390136 0.022643 0.0422756 0.00233269
0 0.316417 0.416754 0.0390397 0.0975992 0.00229645
58 0.329495 0.389092 0.0523131 0.0568894 0.00196457
0 0.31505 0.409708 0.026547 0.0824635 0.00177479
0 0.048702 0.55428 0.0950616 0.470772 0.00164223
14 0.658599 0.463987 0.0593403 0.0730689 0.00148964
13 0.163576 0.888831 0.105798 0.212944 0.00143242
26 0.0544115 0.805846 0.105895 0.372651 0.00133514
58 0.337693 0.383873 0.0655866 0.0730689 0.00123501
56 0.180705 0.877871 0.135956 0.240084 0.00117874
58 0.335741 0.409186 0.0683194 0.0876827 0.0011425
74 0.117997 0.278967 0.0144447 0.0307933 0.00105286
56 0.097404 0.941545 0.0308413 0.112735 0.00104809
0 0.305095 0.419624 0.0464572 0.10334 0.00100422
23 0.341987 0.653967 0.375562 0.687892 0.970703
23 0.761274 0.566806 0.259223 0.469729 0.942871
0 0.0554851 0.573591 0.110385 0.835073 0.731934
0 0.0536795 0.802714 0.105407 0.377871 0.391357
0 0.0615851 0.354906 0.119266 0.394572 0.0412292
0 0.044798 0.588727 0.0870585 0.631524 0.0117798
0 0.0603163 0.261221 0.117314 0.208246 0.0115051
26 0.161722 0.908142 0.101698 0.175365 0.0078125
0 0.0850821 0.570851 0.16831 0.826983 0.00717545
0 0.330276 0.402401 0.0628539 0.085595 0.00488663
0 0.0498854 0.757829 0.0973796 0.269311 0.00421524
0 0.3293 0.389092 0.0519228 0.0563674 0.00385475
22 0.692564 0.549061 0.124146 0.326722 0.00365067
0 0.337888 0.383612 0.0659771 0.072547 0.00356483
0 0.0411747 0.504306 0.0792749 0.402662 0.00346947
0 0.065489 0.555324 0.125513 0.56785 0.00346947
0 0.350576 0.368476 0.0175678 0.0427975 0.00345612
0 0.322468 0.413361 0.0429436 0.0897704 0.00254059
0 0.338279 0.410752 0.073785 0.0929019 0.00244331
56 0.161722 0.908142 0.101698 0.175365 0.00239754
0 0.0484092 0.552192 0.0946712 0.458246 0.00218201
0 0.314855 0.390397 0.022643 0.0427975 0.00206757
0 0.318954 0.39405 0.0320125 0.0501044 0.00205803
58 0.3293 0.389092 0.0519228 0.0563674 0.00191212
0 0.316417 0.416493 0.0386493 0.0970772 0.00182438
13 0.163576 0.888309 0.106578 0.215031 0.00157356
0 0.0610483 0.493737 0.117607 0.415449 0.00154305
0 0.31505 0.408403 0.0257662 0.0798539 0.00144958
26 0.0544603 0.804802 0.105993 0.373695 0.00134563
58 0.337888 0.383612 0.0659771 0.072547 0.00119686
13 0.179534 0.877349 0.134394 0.241127 0.00106049
74 0.118095 0.279228 0.0144447 0.0313152 0.00105667
14 0.658599 0.463987 0.0593403 0.0741128 0.00105667
56 0.097404 0.941545 0.0308413 0.112735 0.00103188
0 0.0538747 0.623173 0.105407 0.51357 0.00100803
23 0.34472 0.653314 0.370096 0.687109 0.950195
23 0.760493 0.566675 0.260785 0.46999 0.924316
0 0.0557291 0.580506 0.111068 0.822286 0.709961
0 0.0544115 0.801148 0.106481 0.381002 0.269043
0 0.0615851 0.36006 0.119266 0.405141 0.0394897
0 0.0591451 0.262265 0.115948 0.2119 0.0106506
0 0.0857165 0.571503 0.170164 0.827766 0.0103302
26 0.161429 0.908142 0.102284 0.175365 0.00731659
0 0.0454812 0.596033 0.0882297 0.638831 0.00682449
22 0.691783 0.544755 0.123365 0.332203 0.00421524
0 0.05041 0.76096 0.0982824 0.273486 0.00382423
0 0.330666 0.402401 0.0640251 0.0866388 0.00286674
0 0.0496292 0.557933 0.0971112 0.469729 0.00281143
0 0.0416261 0.506785 0.0799337 0.408142 0.00227928
0 0.0651475 0.557411 0.125025 0.56785 0.00212479
0 0.331447 0.388309 0.0566075 0.0584551 0.00156116
0 0.339255 0.383612 0.0694906 0.0720251 0.00140476
13 0.163186 0.886221 0.10814 0.219207 0.00134563
6 0.0609507 0.628914 0.119949 0.728601 0.00133514
0 0.0541675 0.663883 0.105602 0.415449 0.00133038
26 0.0548019 0.80428 0.106481 0.375783 0.00124931
0 0.350576 0.370042 0.0179583 0.0448852 0.00124454
56 0.161429 0.908142 0.103846 0.175365 0.00115585
0 0.338669 0.410752 0.0753466 0.0939458 0.00112438
0 0.323444 0.413361 0.0448956 0.0897704 0.00106907
22 0.680852 0.543972 0.101503 0.266962 0.00105667
23 0.345696 0.653445 0.368925 0.686848 0.944336
23 0.760493 0.566806 0.262347 0.469729 0.92041
0 0.0555827 0.59238 0.11097 0.798539 0.702637
0 0.0545579 0.800626 0.106188 0.386221 0.197388
0 0.0614875 0.36404 0.119071 0.412839 0.0390625
26 0.161039 0.908142 0.102674 0.175365 0.0124817
0 0.0862533 0.571503 0.172214 0.827766 0.0119171
0 0.0588523 0.262265 0.115362 0.2119 0.0100098
22 0.68866 0.542798 0.117119 0.329854 0.00582123
0 0.0457252 0.597599 0.0885224 0.641962 0.00553513
0 0.050959 0.765136 0.0993316 0.281837 0.00372124
0 0.0503124 0.564196 0.0982824 0.48643 0.00336266
0 0.330666 0.401879 0.0628539 0.0840292 0.00311089
0 0.0541675 0.707725 0.107164 0.574113 0.00214005
0 0.0535819 0.721294 0.104431 0.273486 0.00203514
0 0.0415895 0.506785 0.0798117 0.408142 0.00183105
0 0.0810317 0.545407 0.104578 0.555324 0.00183105
26 0.162991 0.86952 0.106969 0.250522 0.00154877
22 0.705837 0.52714 0.153036 0.359081 0.00141621
6 0.0609019 0.638831 0.119461 0.710856 0.00141048
13 0.161722 0.887265 0.111849 0.210856 0.0012846
0 0.332228 0.388309 0.0577787 0.0574113 0.00125504
26 0.0548507 0.803758 0.106578 0.377871 0.00113392
0 0.155768 0.620564 0.310756 0.741127 0.0011034
56 0.161039 0.908142 0.104236 0.175365 0.00109863
0 0.335741 0.403967 0.0769081 0.101253 0.00109482
0 0.340036 0.38309 0.0702714 0.0709812 0.00108624
23 0.345892 0.653445 0.367754 0.686848 0.934082
23 0.760493 0.566806 0.262347 0.469729 0.917969
0 0.0553387 0.598121 0.110677 0.787056 0.70166
0 0.0546067 0.798539 0.106285 0.390397 0.19812
0 0.0613899 0.366649 0.118876 0.418059 0.0375977
26 0.160941 0.908142 0.10287 0.175365 0.0157166
0 0.0866925 0.571503 0.173287 0.826722 0.0121002
0 0.0586571 0.262265 0.114972 0.2119 0.0105667
22 0.689441 0.538622 0.118681 0.339248 0.00651169
0 0.045774 0.596555 0.0888152 0.639875 0.00557709
0 0.0511298 0.76618 0.0995756 0.286013 0.00387001
0 0.0505076 0.554802 0.0986728 0.469729 0.00382423
0 0.330861 0.402923 0.0624635 0.0845512 0.003088
0 0.0818857 0.542798 0.10287 0.553236 0.00237846
0 0.0536795 0.707725 0.104626 0.304802 0.00225258
22 0.680852 0.546973 0.0999415 0.272443 0.00186729
26 0.162795 0.86952 0.106969 0.250522 0.00183868
0 0.041687 0.510439 0.0800069 0.415449 0.0017004
0 0.0545579 0.638831 0.106383 0.479123 0.00156689
13 0.161722 0.886221 0.111458 0.212944 0.00139904
6 0.0602187 0.639875 0.11829 0.709812 0.00133514
26 0.0973064 0.941545 0.0314269 0.112735 0.00124454
0 0.156744 0.622651 0.313098 0.737996 0.0012207
0 0.335936 0.40475 0.0761274 0.101775 0.00118828
0 0.332228 0.388831 0.0569979 0.0563674 0.00115108
56 0.160941 0.908142 0.104431 0.175365 0.00115108
0 0.340036 0.383351 0.0702714 0.0704593 0.00106049
26 0.0548019 0.802714 0.106676 0.379958 0.00102806
23 0.346233 0.653445 0.367071 0.686848 0.927734
23 0.760102 0.566806 0.263127 0.469729 0.917969
0 0.0553387 0.606994 0.110677 0.769311 0.705078
0 0.0545579 0.795407 0.106383 0.39666 0.21936
0 0.0612923 0.342315 0.119266 0.36965 0.0439453
26 0.160843 0.908142 0.103065 0.175365 0.0197906
0 0.0629515 0.490084 0.124732 0.667015 0.0121002
0 0.0865705 0.571503 0.173141 0.822547 0.0120544
0 0.0584131 0.262461 0.114679 0.21203 0.0105286
0 0.0457252 0.593424 0.0889128 0.63048 0.00714874
22 0.690221 0.537056 0.120242 0.345512 0.00679779
0 0.0501172 0.544885 0.0980872 0.446764 0.00450516
0 0.0512884 0.768267 0.099844 0.2881 0.00424957
0 0.0821541 0.541884 0.102333 0.552975 0.00363541
0 0.330861 0.403967 0.0632443 0.0866388 0.00332451
0 0.0536795 0.687892 0.104626 0.346555 0.00261116
26 0.162698 0.868998 0.106773 0.251566 0.00225258
22 0.680852 0.546451 0.0999415 0.272443 0.00187492
13 0.161722 0.887265 0.111068 0.210856 0.00163555
56 0.160843 0.908142 0.104626 0.175365 0.00151253
26 0.097404 0.941545 0.0316221 0.112735 0.0014782
0 0.335741 0.405793 0.0765178 0.10334 0.00140476
0 0.332032 0.389092 0.0569979 0.0558455 0.0012598
0 0.156842 0.626305 0.313684 0.730689 0.00125504
0 0.340036 0.38309 0.0702714 0.0709812 0.0012207
6 0.0597307 0.641441 0.117119 0.706681 0.00110722
0 0.323248 0.412839 0.0437244 0.0887265 0.00106907
23 0.346477 0.653575 0.366583 0.686587 0.930176
23 0.760102 0.566806 0.263127 0.468685 0.924805
0 0.0551435 0.614301 0.110287 0.754697 0.712402
0 0.0546067 0.797495 0.106676 0.389353 0.250244
0 0.0647083 0.519703 0.128441 0.724687 0.0863037
0 0.0611947 0.342902 0.119266 0.370564 0.0496826
26 0.160941 0.908142 0.10287 0.175365 0.0276947
0 0.0866193 0.571112 0.173239 0.820198 0.0126724
0 0.0583155 0.262461 0.114484 0.21203 0.0101318
0 0.0458228 0.590292 0.089108 0.625261 0.00930023
22 0.689441 0.536534 0.118681 0.344468 0.00703812
0 0.0822029 0.540579 0.102626 0.549322 0.00498199
0 0.0498854 0.54071 0.0973796 0.438413 0.00496292
0 0.331056 0.404489 0.0632443 0.0876827 0.00352478
26 0.162503 0.868998 0.106774 0.251566 0.00291252
0 0.0536795 0.672103 0.104626 0.382307 0.00287819
22 0.680852 0.546451 0.0999415 0.271399 0.00188255
56 0.160843 0.908142 0.104626 0.175365 0.00187492
13 0.161722 0.887265 0.110677 0.210856 0.00185299
26 0.0973064 0.941545 0.0316221 0.112735 0.00168705
0 0.336132 0.406054 0.0765177 0.104384 0.00150681
0 0.332228 0.389353 0.0569979 0.0553236 0.00139427
0 0.340426 0.38309 0.0710522 0.0699374 0.00138855
0 0.158501 0.628914 0.317002 0.72547 0.00138855
24 0.163967 0.90762 0.109311 0.174321 0.00128937
0 0.323248 0.4131 0.0437244 0.0892485 0.0012207
0 0.0844233 0.648747 0.0958424 0.535491 0.00112915
0 0.0611947 0.621086 0.118095 0.526096 0.00112438
0 0.350576 0.370042 0.0179583 0.0448852 0.0011034
74 0.11829 0.279228 0.0148351 0.0323591 0.00105286
23 0.712084 0.500783 0.165528 0.338727 0.00102425
23 0.346331 0.653575 0.366095 0.686587 0.932129
23 0.760102 0.566806 0.263127 0.468685 0.930664
0 0.0548995 0.645224 0.109213 0.699113 0.724121
0 0.0546555 0.797495 0.106773 0.390397 0.262939
0 0.0626587 0.55428 0.125317 0.7881 0.236816
0 0.0610971 0.350992 0.122194 0.387787 0.0544128
26 0.160941 0.908142 0.10287 0.175365 0.0375977
0 0.0862777 0.514483 0.171775 0.695459 0.0146179
0 0.0457252 0.590292 0.0889128 0.625261 0.0100555
0 0.0580715 0.262526 0.113801 0.2119 0.00933838
22 0.689441 0.535621 0.118681 0.346294 0.00725937
0 0.0821541 0.540188 0.101942 0.549061 0.00575256
0 0.0493852 0.539666 0.096428 0.434238 0.00503922
0 0.331056 0.40501 0.0632443 0.0876827 0.00378036
26 0.162503 0.868998 0.106383 0.251566 0.00372124
0 0.0536795 0.665971 0.104626 0.39666 0.00274658
56 0.160843 0.908142 0.104626 0.175365 0.00219917
13 0.161624 0.888309 0.110092 0.208768 0.00200272
26 0.0972088 0.941545 0.0316221 0.112735 0.00195694
22 0.680852 0.545407 0.0999415 0.272443 0.00192642
24 0.163967 0.90762 0.109311 0.174321 0.0017271
0 0.336132 0.406054 0.0765177 0.104384 0.00164223
0 0.340621 0.38309 0.0714426 0.0699374 0.00146103
0 0.332618 0.388831 0.0577787 0.0553236 0.0014267
0 0.158501 0.629958 0.317002 0.723382 0.00142097
0 0.0843257 0.647312 0.0956472 0.536274 0.00129986
0 0.322858 0.412839 0.0429436 0.0887265 0.00129414
74 0.11829 0.279228 0.0148351 0.0318372 0.0012207
0 0.0613899 0.621086 0.11829 0.526096 0.00115108
0 0.350576 0.370042 0.0179583 0.0448852 0.0011425
0 0.0636347 0.529228 0.121413 0.479123 0.00113392
23 0.711693 0.500783 0.166309 0.338727 0.0011158
13 0.181876 0.877349 0.141421 0.241127 0.00105667
0 0.316417 0.415971 0.0378685 0.0949896 0.00102806
26 0.181876 0.877349 0.141421 0.241127 0.00101662
23 0.346477 0.653967 0.365802 0.685804 0.936035
23 0.760102 0.566675 0.263127 0.467902 0.93457
0 0.0547531 0.645616 0.108921 0.69833 0.745605
0 0.0546067 0.796451 0.106676 0.390397 0.282959
0 0.0625611 0.552845 0.125122 0.785752 0.249023
0 0.0596331 0.343489 0.119266 0.371477 0.067688
26 0.160941 0.908142 0.10287 0.175365 0.0476074
0 0.0861801 0.512526 0.171579 0.691023 0.0142822
0 0.0456276 0.587683 0.0887176 0.617954 0.0118256
0 0.0578763 0.262461 0.113605 0.21203 0.00847626
22 0.689441 0.534969 0.118681 0.346555 0.00737381
0 0.0823981 0.539536 0.101454 0.547234 0.00706482
0 0.0487996 0.538622 0.0952568 0.430063 0.00526047
0 0.332228 0.409708 0.0671482 0.0960334 0.00445175
26 0.162405 0.868476 0.106188 0.251566 0.00439835
0 0.0536795 0.657751 0.104626 0.415188 0.00276756
56 0.160843 0.908142 0.104626 0.175365 0.0024929
13 0.161819 0.888309 0.109701 0.210856 0.00226021
26 0.0972088 0.941545 0.0316221 0.112735 0.00219917
24 0.163967 0.908142 0.109311 0.173278 0.0020504
22 0.680852 0.545929 0.0999415 0.271399 0.00190449
0 0.340426 0.382829 0.0710522 0.0699374 0.00181007
0 0.332228 0.389353 0.0573883 0.0553236 0.00174809
0 0.322468 0.412839 0.0421628 0.0887265 0.00152493
0 0.0835449 0.631524 0.0960376 0.553236 0.00150108
0 0.350576 0.369781 0.0179583 0.0448852 0.00141621
74 0.118193 0.279228 0.0146399 0.0318372 0.00129414
0 0.15528 0.631394 0.310561 0.720512 0.00126457
0 0.316026 0.415971 0.0370877 0.0949896 0.00125504
26 0.181095 0.877349 0.13986 0.241127 0.00124454
0 0.0614875 0.620564 0.118485 0.525052 0.00119686
0 0.0634395 0.52975 0.120828 0.481211 0.00119209
23 0.711693 0.5 0.166309 0.338205 0.00116062
13 0.181095 0.877349 0.13986 0.241127 0.00116062
0 0.341597 0.398226 0.075737 0.0908142 0.00113392
28 0.160941 0.908142 0.10287 0.175365 0.00108147
22 0.683194 0.441284 0.10775 0.206159 0.00103188
58 0.332228 0.389353 0.0573883 0.0553236 0.00100803
23 0.346623 0.653967 0.365509 0.685804 0.936523
23 0.760102 0.566806 0.263127 0.468685 0.93457
0 0.0547531 0.646007 0.108921 0.697547 0.745605
0 0.0546067 0.796451 0.106676 0.390397 0.286133
0 0.0625123 0.552192 0.125025 0.784969 0.24939
0 0.0596331 0.343489 0.119266 0.371477 0.0717163
26 0.160941 0.908142 0.10287 0.175365 0.0476074
0 0.0863021 0.512004 0.171726 0.689979 0.0143356
0 0.0456276 0.587161 0.0887176 0.61691 0.0121002
0 0.0578763 0.262461 0.113605 0.21203 0.00857544
22 0.689441 0.53536 0.118681 0.346816 0.00754929
0 0.0822761 0.539666 0.101503 0.546973 0.00717545
0 0.048702 0.538622 0.0950616 0.430063 0.0053215
0 0.332228 0.409708 0.0671482 0.0960334 0.00446701
26 0.162405 0.868476 0.106188 0.250522 0.00436401
0 0.0537283 0.657098 0.104724 0.414405 0.00277901
56 0.160843 0.908142 0.104626 0.175365 0.00251198
13 0.161819 0.888309 0.109701 0.208768 0.00229645
26 0.0972088 0.941545 0.0316221 0.112735 0.00219917
24 0.163967 0.908142 0.109311 0.173278 0.0020504
22 0.680852 0.545929 0.0999415 0.271399 0.0019722
0 0.340426 0.382829 0.0710522 0.0699374 0.00183868
0 0.332228 0.389353 0.0577787 0.0553236 0.00176144
0 0.322468 0.412839 0.0421628 0.0887265 0.00153065
0 0.0835449 0.631394 0.0960376 0.553497 0.00152493
0 0.350576 0.369781 0.0179583 0.0448852 0.00144958
0 0.154987 0.631394 0.309975 0.720512 0.00127411
74 0.11829 0.279228 0.0148351 0.0318372 0.00126934
0 0.316026 0.41571 0.0370877 0.0949896 0.00126934
26 0.180754 0.877349 0.139762 0.241127 0.00124454
0 0.0634395 0.52975 0.120828 0.481211 0.00121117
0 0.0614875 0.621216 0.118485 0.525835 0.00121117
13 0.180754 0.877349 0.139762 0.241127 0.00117874
0 0.341597 0.398226 0.075737 0.0908142 0.00115108
23 0.711693 0.5 0.166309 0.338205 0.00112438
28 0.160941 0.908142 0.10287 0.175365 0.00108147
22 0.683194 0.441284 0.10775 0.206159 0.00105286
0 0.3049 0.41858 0.045286 0.100731 0.00100422
