0 0.633691 0.535764 0.560742 0.904861 0.929688
55 0.767969 0.822917 0.275 0.334722 0.829102
40 0.279687 0.498611 0.522656 0.984722 0.368408
55 0.753906 0.763889 0.201563 0.211111 0.0488586
25 0.282422 0.498611 0.535937 0.9875 0.0375977
61 0.284375 0.498958 0.539062 0.989583 0.0271759
0 0.284375 0.498958 0.539062 0.989583 0.0197906
60 0.350195 0.495833 0.696484 0.984722 0.0171814
40 0.199805 0.497222 0.365234 0.984722 0.0163422
40 0.199414 0.339583 0.366797 0.669444 0.0123825
75 0.199805 0.315278 0.364453 0.619444 0.00971222
61 0.19917 0.315278 0.362598 0.619444 0.00888062
61 0.203906 0.495833 0.379688 0.986111 0.00837708
56 0.283789 0.499653 0.537109 0.992361 0.008255
65 0.394141 0.731944 0.0679687 0.115278 0.00784302
41 0.199805 0.315278 0.364453 0.619444 0.00746155
79 0.727344 0.432986 0.0476562 0.129167 0.00734711
65 0.394922 0.75 0.0742188 0.148611 0.00734711
44 0.394629 0.776389 0.0763672 0.205556 0.00671768
54 0.394531 0.779167 0.0757812 0.208333 0.00621796
71 0.19917 0.315278 0.362598 0.619444 0.00575256
45 0.19917 0.315278 0.362598 0.619444 0.00538635
0 0.848437 0.564583 0.125 0.551389 0.00510025
25 0.412891 0.497917 0.789844 0.988889 0.00502014
0 0.824219 0.557639 0.175 0.577778 0.00457382
65 0.394531 0.779167 0.0757812 0.208333 0.00400543
60 0.715625 0.91875 0.567187 0.145833 0.00382423
44 0.395313 0.520139 0.08125 0.758333 0.00379562
42 0.727344 0.433333 0.0484375 0.127778 0.00348282
60 0.474219 0.708333 0.942187 0.5625 0.00344276
74 0.392871 0.724306 0.0658203 0.1 0.00331116
54 0.392188 0.722917 0.0679687 0.0958333 0.00323486
60 0.631348 0.797222 0.560742 0.384722 0.00299263
10 0.767969 0.822917 0.275 0.334722 0.00264168
55 0.76875 0.917361 0.271875 0.155556 0.00261116
28 0.769141 0.822917 0.272656 0.336111 0.00257111
6 0.76875 0.822222 0.275 0.3375 0.00243378
44 0.727344 0.433333 0.0484375 0.127778 0.00240517
42 0.83125 0.334722 0.034375 0.0958333 0.00233269
44 0.730078 0.453125 0.0539063 0.154167 0.00231361
42 0.730078 0.453125 0.0539063 0.154167 0.00226021
42 0.835938 0.379167 0.053125 0.188889 0.00225258
60 0.307813 0.641667 0.60625 0.694444 0.00216484
42 0.739453 0.526736 0.0710938 0.300694 0.00214005
60 0.769141 0.822917 0.272656 0.336111 0.00195694
67 0.726953 0.435417 0.0484375 0.127778 0.00191879
67 0.394141 0.731944 0.0679687 0.115278 0.00191212
43 0.727344 0.434722 0.0460938 0.125 0.00182438
42 0.394629 0.769444 0.0763672 0.193056 0.00182438
42 0.738672 0.459028 0.0703125 0.181944 0.00181007
42 0.751953 0.529861 0.0460938 0.345833 0.0018034
41 0.203906 0.495833 0.379688 0.986111 0.00178909
0 0.724219 0.468403 0.370313 0.729861 0.00172043
56 0.412891 0.497917 0.789844 0.988889 0.00164223
41 0.779688 0.626389 0.05625 0.0916667 0.00163555
60 0.722656 0.863889 0.5375 0.255556 0.00161648
39 0.203906 0.495833 0.379688 0.986111 0.00160408
42 0.827344 0.325 0.03125 0.0777778 0.00157928
42 0.728906 0.500694 0.05 0.254167 0.00157356
75 0.203906 0.495833 0.379688 0.986111 0.00152493
27 0.6625 0.638194 0.159375 0.179167 0.00144386
67 0.396875 0.765278 0.0757812 0.183333 0.00143242
76 0.735938 0.432639 0.0671875 0.127778 0.00143242
56 0.19917 0.315278 0.362598 0.619444 0.00142097
76 0.726953 0.435417 0.0484375 0.127778 0.00140476
42 0.839063 0.344444 0.046875 0.119444 0.00137234
64 0.19917 0.315278 0.362598 0.619444 0.00136662
79 0.83125 0.334722 0.034375 0.0958333 0.00136185
27 0.660156 0.759896 0.157813 0.441319 0.00135136
42 0.679688 0.540278 0.217188 0.359722 0.00134087
60 0.293018 0.951389 0.295996 0.0916667 0.00131512
79 0.829688 0.326389 0.028125 0.0777778 0.00130463
71 0.199805 0.497222 0.365234 0.984722 0.00126457
79 0.730078 0.453125 0.0539063 0.154167 0.00125504
60 0.149316 0.498958 0.295508 0.970139 0.00124454
56 0.206836 0.497222 0.380078 0.980556 0.00123024
67 0.829688 0.326389 0.028125 0.0777778 0.00119209
44 0.740625 0.535069 0.065625 0.342361 0.00117874
54 0.378906 0.720833 0.0414063 0.0805556 0.00115108
27 0.703516 0.745833 0.244531 0.473611 0.00105667
46 0.394141 0.779167 0.075 0.211111 0.00101662
43 0.740625 0.535069 0.065625 0.342361 0.00101185
74 0.396875 0.765278 0.0757812 0.183333 0.00101185
56 0.460254 0.475694 0.176367 0.794444 0.00101185
44 0.679688 0.540278 0.217188 0.359722 0.00101185
37 0.282422 0.496528 0.535156 0.983333 0.00100803
0 0.633984 0.535764 0.560156 0.90625 0.936035
55 0.768359 0.822917 0.274219 0.336111 0.858887
40 0.230273 0.498611 0.422266 0.986111 0.466797
55 0.753516 0.765278 0.202344 0.213889 0.0399475
25 0.281641 0.498958 0.535937 0.990972 0.035553
61 0.284375 0.498958 0.539062 0.990972 0.0259552
0 0.284375 0.498958 0.539062 0.990972 0.0205688
40 0.200195 0.326997 0.366016 0.644618 0.0186157
60 0.352344 0.496528 0.700781 0.984722 0.016922
75 0.200195 0.314497 0.363672 0.618229 0.0142822
41 0.199609 0.314931 0.3625 0.620139 0.0127258
65 0.394141 0.729861 0.0679687 0.109722 0.011116
61 0.199609 0.314931 0.3625 0.620139 0.00997162
61 0.200342 0.497917 0.36416 0.988889 0.00993347
45 0.199609 0.314931 0.3625 0.620139 0.00952148
79 0.727344 0.433333 0.0484375 0.129167 0.00857544
65 0.396973 0.7625 0.0748047 0.177778 0.00800323
71 0.199609 0.314931 0.3625 0.620139 0.00677109
44 0.394531 0.775 0.0757812 0.202778 0.00669098
54 0.394141 0.779167 0.0757812 0.208333 0.00593567
56 0.283594 0.499306 0.5375 0.995833 0.00577545
0 0.848437 0.564236 0.125 0.553472 0.00534439
0 0.825781 0.557639 0.171875 0.576389 0.00429916
60 0.475 0.707639 0.94375 0.563889 0.00419998
74 0.392969 0.724306 0.065625 0.1 0.00407028
60 0.7125 0.922222 0.573438 0.138889 0.0039444
54 0.392188 0.722917 0.0679687 0.0958333 0.00365067
42 0.727734 0.433681 0.0484375 0.127778 0.00313568
10 0.768359 0.822917 0.274219 0.336111 0.00313568
65 0.394531 0.813889 0.0765625 0.280556 0.00311089
44 0.394922 0.51875 0.0804688 0.756944 0.00307465
55 0.768359 0.913194 0.272656 0.163889 0.00300407
28 0.76875 0.822917 0.273438 0.3375 0.0029583
67 0.394141 0.729861 0.0679687 0.109722 0.00290108
6 0.76875 0.822222 0.275 0.338889 0.00273705
60 0.63125 0.797222 0.560938 0.386111 0.00270462
41 0.200342 0.497917 0.36416 0.988889 0.0026722
60 0.308594 0.646528 0.607813 0.684722 0.00266266
41 0.779688 0.626389 0.05625 0.0916667 0.00255013
44 0.727734 0.433681 0.0484375 0.127778 0.00250244
0 0.722656 0.470486 0.371875 0.736806 0.002388
44 0.730078 0.454167 0.0539063 0.156944 0.00235939
75 0.205664 0.495833 0.380859 0.988889 0.00226974
42 0.394629 0.768056 0.0763672 0.191667 0.00221634
67 0.726953 0.435417 0.0484375 0.128472 0.00218201
42 0.730078 0.454167 0.0539063 0.156944 0.00209045
60 0.768359 0.822917 0.274219 0.336111 0.00201035
42 0.83125 0.334375 0.034375 0.0951389 0.0019722
67 0.396973 0.7625 0.0748047 0.177778 0.00189686
42 0.739062 0.524653 0.06875 0.297917 0.00187492
39 0.205664 0.495833 0.380859 0.988889 0.0018177
71 0.200342 0.497917 0.36416 0.988889 0.00179577
42 0.835938 0.379167 0.053125 0.188889 0.00178242
43 0.727344 0.434722 0.046875 0.126389 0.00178242
60 0.725 0.864583 0.539062 0.254167 0.00177479
64 0.199609 0.314931 0.3625 0.620139 0.0017271
25 0.46875 0.49375 0.920313 0.893056 0.0015974
42 0.739062 0.460069 0.0703125 0.184722 0.00156116
42 0.728906 0.499306 0.05 0.251389 0.00148964
76 0.736328 0.432639 0.0679687 0.128472 0.00148964
76 0.726953 0.435417 0.0484375 0.128472 0.00141621
79 0.83125 0.334375 0.034375 0.0951389 0.00141048
79 0.730078 0.454167 0.0539063 0.156944 0.00139427
42 0.751563 0.528819 0.046875 0.34375 0.00138283
79 0.829688 0.325694 0.028125 0.0763889 0.00135136
27 0.6625 0.641667 0.160938 0.184722 0.00132465
27 0.660156 0.75434 0.158594 0.430208 0.00131512
60 0.29668 0.949306 0.305078 0.0944444 0.00131512
42 0.827344 0.325 0.03125 0.0763889 0.00129414
56 0.207764 0.497917 0.380566 0.980556 0.00127888
67 0.829688 0.325694 0.028125 0.0763889 0.00124454
54 0.378125 0.722222 0.0398437 0.0777778 0.0012064
56 0.199609 0.314931 0.3625 0.620139 0.0012064
60 0.146777 0.498958 0.29043 0.970139 0.00118828
44 0.200195 0.326997 0.366016 0.644618 0.00117874
39 0.200195 0.326997 0.366016 0.644618 0.0011692
37 0.282227 0.496528 0.533984 0.984722 0.00116062
44 0.739062 0.524653 0.06875 0.297917 0.00115108
42 0.392969 0.724306 0.065625 0.1 0.00109863
74 0.396973 0.7625 0.0748047 0.177778 0.00109482
56 0.459277 0.475 0.176758 0.791667 0.00107288
44 0.733203 0.436458 0.06875 0.13125 0.00107288
77 0.76875 0.822917 0.273438 0.3375 0.00107288
42 0.839063 0.340278 0.046875 0.111111 0.00106049
27 0.39375 0.788889 0.075 0.230556 0.00105286
51 0.378125 0.722222 0.0398437 0.0777778 0.00104046
60 0.63291 0.517014 0.562305 0.942361 0.00100422
0 0.634375 0.536111 0.559375 0.906944 0.933594
55 0.768359 0.822917 0.274219 0.336111 0.865234
40 0.231836 0.498611 0.425391 0.986111 0.422607
55 0.753906 0.764583 0.201563 0.213889 0.0408325
25 0.28125 0.498611 0.536719 0.991667 0.0324707
61 0.28457 0.498958 0.541016 0.990972 0.0259552
75 0.200439 0.314583 0.363965 0.619444 0.0195007
40 0.2 0.313802 0.365625 0.618229 0.0167847
41 0.199951 0.314931 0.362598 0.620139 0.0158997
65 0.394141 0.729167 0.0679687 0.108333 0.014061
0 0.28457 0.498958 0.541016 0.990972 0.014061
60 0.35625 0.497569 0.708594 0.982639 0.0139542
61 0.199951 0.314931 0.362598 0.620139 0.0116425
45 0.199951 0.314931 0.362598 0.620139 0.0112915
61 0.204297 0.496528 0.372656 0.990278 0.0109863
79 0.727344 0.432986 0.0476562 0.129167 0.0102921
65 0.396973 0.759722 0.0748047 0.175 0.00891876
71 0.199951 0.314931 0.362598 0.620139 0.00682449
44 0.394531 0.775 0.0757812 0.202778 0.00538635
0 0.847656 0.563889 0.126563 0.554167 0.00498199
56 0.283594 0.498958 0.539062 0.989583 0.00471878
60 0.477344 0.711111 0.948438 0.556944 0.00450516
54 0.394141 0.777778 0.0757812 0.208333 0.00446701
74 0.392969 0.723611 0.065625 0.1 0.00445175
67 0.394141 0.729167 0.0679687 0.108333 0.00382423
60 0.709375 0.923611 0.579688 0.138889 0.00380898
55 0.768359 0.913194 0.272656 0.163889 0.0036068
41 0.779688 0.626389 0.05625 0.0916667 0.00353813
60 0.351172 0.649306 0.692969 0.679167 0.00352478
41 0.200391 0.495833 0.364844 0.984722 0.00351143
65 0.394531 0.815972 0.0765625 0.284722 0.00314713
54 0.392188 0.722222 0.0679687 0.0944444 0.0030632
0 0.81582 0.567361 0.193359 0.573611 0.00298119
0 0.722266 0.472222 0.374219 0.740278 0.00284576
42 0.727734 0.433681 0.0484375 0.127778 0.00282288
44 0.727734 0.433681 0.0484375 0.127778 0.00273705
60 0.631934 0.802778 0.561133 0.375 0.00264168
10 0.768359 0.822917 0.274219 0.336111 0.0026207
75 0.206836 0.495833 0.383203 0.988889 0.00257111
67 0.726953 0.435417 0.0484375 0.127778 0.00253105
6 0.76875 0.822222 0.275 0.338889 0.00251198
44 0.394531 0.518056 0.0796875 0.754167 0.00250244
28 0.76875 0.823611 0.273438 0.338889 0.0024929
44 0.730078 0.455903 0.053125 0.160417 0.00248146
71 0.200391 0.495833 0.364844 0.984722 0.00231361
60 0.768359 0.822917 0.274219 0.336111 0.00227928
67 0.396973 0.759722 0.0748047 0.175 0.00221634
42 0.730078 0.455903 0.053125 0.160417 0.00196457
60 0.724609 0.861806 0.542969 0.261111 0.00195694
42 0.394629 0.768056 0.0763672 0.188889 0.00194168
64 0.199951 0.314931 0.362598 0.620139 0.00182438
43 0.727734 0.434722 0.0460938 0.126389 0.0018177
27 0.659766 0.752083 0.158594 0.426389 0.00181007
27 0.662109 0.640104 0.160156 0.180903 0.0018034
39 0.206836 0.495833 0.383203 0.988889 0.00173378
42 0.738281 0.523958 0.0671875 0.296528 0.00172043
79 0.730078 0.455903 0.053125 0.160417 0.00156689
79 0.832031 0.334028 0.0359375 0.0944444 0.00153065
79 0.830469 0.325694 0.0265625 0.0763889 0.00152493
76 0.727344 0.434028 0.0484375 0.129167 0.00148964
39 0.2 0.313802 0.365625 0.618229 0.00148964
42 0.832031 0.334028 0.0359375 0.0944444 0.00146103
25 0.467969 0.489931 0.920313 0.897917 0.00137806
42 0.835938 0.379167 0.053125 0.188889 0.00134087
42 0.728906 0.497222 0.0484375 0.248611 0.00132465
60 0.633984 0.518403 0.563281 0.940972 0.00127888
67 0.830469 0.325694 0.0265625 0.0763889 0.00127411
44 0.2 0.313802 0.365625 0.618229 0.00125504
42 0.739062 0.46875 0.0703125 0.202778 0.00124454
60 0.298096 0.95 0.310059 0.0930556 0.00124454
56 0.206055 0.498611 0.374609 0.984722 0.00124454
77 0.76875 0.823611 0.273438 0.338889 0.00118828
44 0.738281 0.523958 0.0671875 0.296528 0.00117874
40 0.392578 0.723611 0.0671875 0.0986111 0.00115108
37 0.281836 0.496528 0.534766 0.984722 0.0011158
74 0.396973 0.759722 0.0748047 0.175 0.00111198
42 0.751953 0.527431 0.0460938 0.342361 0.00110722
51 0.377344 0.722222 0.0390625 0.075 0.00110722
79 0.839063 0.329167 0.046875 0.0847222 0.00108147
27 0.69375 0.746528 0.225 0.470833 0.00108147
42 0.392969 0.723611 0.065625 0.1 0.00107765
54 0.377344 0.722222 0.0390625 0.075 0.00106525
47 0.200439 0.314583 0.363965 0.619444 0.00104046
32 0.199951 0.314931 0.362598 0.620139 0.00102043
0 0.634766 0.536111 0.560156 0.908333 0.935547
55 0.76875 0.823611 0.273438 0.336111 0.868164
40 0.252734 0.498958 0.46875 0.986806 0.439697
55 0.752734 0.763889 0.199219 0.213889 0.0419312
25 0.281641 0.499306 0.536719 0.993056 0.0319824
75 0.200391 0.314931 0.363281 0.620139 0.0218658
61 0.285156 0.498611 0.541406 0.991667 0.0214539
40 0.2 0.313194 0.364844 0.618056 0.0193481
65 0.394141 0.727778 0.0671875 0.105556 0.0174408
41 0.2 0.31467 0.3625 0.62066 0.0153046
0 0.285156 0.498611 0.541406 0.991667 0.0131683
79 0.727344 0.432639 0.0476562 0.129167 0.0120544
61 0.2 0.31467 0.3625 0.62066 0.011116
60 0.358398 0.498611 0.712891 0.980556 0.0104904
65 0.396777 0.759722 0.0736328 0.173611 0.0100937
45 0.2 0.31467 0.3625 0.62066 0.00993347
61 0.205469 0.496528 0.375 0.990278 0.00844574
71 0.2 0.31467 0.3625 0.62066 0.00588989
25 0.43125 0.498611 0.828125 0.991667 0.00518036
44 0.394531 0.775 0.0757812 0.2 0.00492477
67 0.392969 0.723611 0.065625 0.0986111 0.00488663
74 0.392969 0.723611 0.065625 0.0986111 0.00486755
60 0.478906 0.724306 0.951563 0.531944 0.00479126
41 0.779688 0.626563 0.05625 0.0913194 0.00450516
55 0.76875 0.913889 0.271875 0.163889 0.00438309
60 0.70625 0.925 0.585938 0.136111 0.00429916
41 0.200439 0.479514 0.364746 0.952083 0.00419998
0 0.846875 0.563542 0.128125 0.553472 0.00392914
27 0.661328 0.636285 0.158594 0.171875 0.00372124
56 0.283984 0.499306 0.539062 0.990278 0.00370789
54 0.394141 0.777778 0.0757812 0.208333 0.00358009
65 0.394531 0.8125 0.0765625 0.277778 0.00337601
27 0.659375 0.748611 0.157813 0.419444 0.00335121
44 0.727734 0.433681 0.0484375 0.127778 0.00316048
67 0.726953 0.435417 0.0476562 0.127778 0.00309944
42 0.727734 0.433681 0.0484375 0.127778 0.00291252
0 0.711719 0.507986 0.395313 0.85625 0.00291252
71 0.200439 0.479514 0.364746 0.952083 0.00276756
44 0.729688 0.45625 0.053125 0.161111 0.00274658
0 0.818555 0.567014 0.187891 0.574306 0.00266266
54 0.39209 0.722222 0.0673828 0.0944444 0.00250244
75 0.207422 0.495833 0.384375 0.988889 0.00250244
67 0.396777 0.759722 0.0736328 0.173611 0.00246239
60 0.632031 0.805556 0.5625 0.372222 0.002388
60 0.720313 0.863889 0.554688 0.258333 0.00227928
60 0.76875 0.823611 0.273438 0.336111 0.00226021
44 0.394141 0.517361 0.078125 0.75 0.00209999
42 0.729688 0.45625 0.053125 0.161111 0.0020504
60 0.35957 0.65 0.711328 0.680556 0.00201035
6 0.76875 0.822917 0.275 0.338889 0.00199509
43 0.727734 0.434722 0.0460938 0.125 0.00195694
39 0.2 0.313194 0.364844 0.618056 0.00186729
28 0.768359 0.823611 0.275781 0.336111 0.00178242
79 0.729688 0.45625 0.053125 0.161111 0.0017004
39 0.207422 0.495833 0.384375 0.988889 0.00168705
79 0.830469 0.325347 0.0265625 0.075 0.00167465
42 0.394629 0.766667 0.0763672 0.188889 0.00167465
10 0.76875 0.823611 0.273438 0.336111 0.00163555
42 0.7375 0.519444 0.0648438 0.2875 0.00162888
79 0.832812 0.333333 0.034375 0.0930556 0.00156689
76 0.727344 0.434028 0.0484375 0.129167 0.00151253
60 0.633984 0.520139 0.563281 0.938889 0.00149536
64 0.2 0.31467 0.3625 0.62066 0.00147247
40 0.392578 0.723611 0.0671875 0.0972222 0.00141048
60 0.299219 0.95 0.3125 0.0916667 0.00130463
67 0.830469 0.325347 0.0265625 0.075 0.00124454
42 0.832812 0.333333 0.034375 0.0930556 0.0012207
42 0.728906 0.492361 0.046875 0.2375 0.00121593
44 0.7375 0.519444 0.0648438 0.2875 0.00121117
79 0.839063 0.328472 0.0453125 0.0847222 0.00119209
74 0.396777 0.759722 0.0736328 0.173611 0.00117874
42 0.835938 0.379167 0.053125 0.188889 0.00115108
42 0.739062 0.4625 0.06875 0.190278 0.00115108
56 0.207031 0.498611 0.376563 0.984722 0.00112438
44 0.2 0.313194 0.364844 0.618056 0.00108147
44 0.778906 0.626389 0.05625 0.0888889 0.00106525
42 0.392969 0.723611 0.065625 0.0986111 0.00104809
0 0.634766 0.536806 0.561719 0.909722 0.943359
55 0.76875 0.822917 0.275 0.338889 0.859863
40 0.263867 0.499306 0.492578 0.9875 0.434082
55 0.753125 0.7625 0.198437 0.211111 0.0417786
25 0.282422 0.499306 0.5375 0.993056 0.0299835
40 0.200439 0.360417 0.365527 0.7125 0.0270691
65 0.394531 0.727778 0.0671875 0.105556 0.0184021
75 0.199951 0.314931 0.362598 0.620139 0.0165253
61 0.286328 0.498611 0.542969 0.991667 0.0157776
79 0.727344 0.432639 0.046875 0.129167 0.0120544
65 0.396777 0.760417 0.0736328 0.175 0.0100555
41 0.199951 0.314931 0.362598 0.620139 0.0100098
61 0.199951 0.314931 0.362598 0.620139 0.00933838
0 0.286328 0.498611 0.542969 0.991667 0.00878143
27 0.660937 0.635417 0.157813 0.168056 0.00796509
60 0.364844 0.5 0.725781 0.980556 0.0078125
45 0.199951 0.314931 0.362598 0.620139 0.00737381
27 0.659375 0.748611 0.15625 0.419444 0.00706482
61 0.207227 0.496528 0.379297 0.990278 0.00619125
71 0.200195 0.307986 0.362891 0.609028 0.00568771
60 0.700391 0.927083 0.597656 0.131944 0.00540543
25 0.457422 0.499306 0.882031 0.993056 0.00538635
67 0.393066 0.723611 0.0654297 0.0972222 0.00479126
55 0.769531 0.918056 0.273438 0.155556 0.00471878
74 0.393066 0.723611 0.0654297 0.0972222 0.00431442
41 0.779688 0.626389 0.0578125 0.0902778 0.0042305
60 0.480469 0.736806 0.954688 0.506944 0.00416565
0 0.713281 0.509375 0.39375 0.859028 0.0036068
44 0.394629 0.774306 0.0763672 0.198611 0.00353813
67 0.726953 0.435417 0.0476562 0.127778 0.00321007
0 0.845313 0.563889 0.13125 0.554167 0.00321007
60 0.714063 0.869444 0.570312 0.247222 0.00317192
44 0.727734 0.433333 0.0484375 0.127778 0.00305176
65 0.394531 0.815278 0.0773438 0.283333 0.00299263
56 0.284766 0.499306 0.539844 0.990278 0.00286674
44 0.729688 0.458333 0.0523438 0.166667 0.00244331
60 0.76875 0.823611 0.273438 0.336111 0.00242424
42 0.727734 0.433333 0.0484375 0.127778 0.002388
67 0.396777 0.760417 0.0736328 0.175 0.00221634
75 0.208154 0.496181 0.386816 0.988194 0.00213242
41 0.208154 0.496181 0.386816 0.988194 0.00201988
54 0.394141 0.776389 0.0757812 0.204167 0.00199509
60 0.632129 0.805556 0.563867 0.372222 0.00194931
60 0.384375 0.667361 0.760938 0.645833 0.00183868
39 0.199609 0.313194 0.365625 0.616667 0.00171375
42 0.729688 0.458333 0.0523438 0.166667 0.00168705
79 0.729688 0.458333 0.0523438 0.166667 0.00168705
6 0.767969 0.823611 0.275 0.336111 0.00168705
43 0.727344 0.434722 0.0453125 0.125 0.00162888
44 0.394531 0.515278 0.078125 0.751389 0.00158501
61 0.2875 0.346875 0.539062 0.684028 0.00157356
54 0.39209 0.722222 0.0673828 0.0944444 0.00154877
40 0.392578 0.723611 0.0671875 0.0972222 0.00150681
39 0.208154 0.496181 0.386816 0.988194 0.00139904
60 0.634375 0.520139 0.565625 0.938889 0.00137806
28 0.76875 0.824306 0.275 0.336111 0.00137806
10 0.76875 0.823611 0.273438 0.336111 0.00136662
42 0.394922 0.766667 0.0765625 0.186111 0.00134087
79 0.830469 0.325 0.0265625 0.075 0.00128937
60 0.301953 0.951389 0.317188 0.0916667 0.00127888
76 0.727734 0.433333 0.0484375 0.127778 0.00127411
42 0.736328 0.517014 0.0609375 0.282639 0.0012598
79 0.832812 0.334028 0.034375 0.0944444 0.00123978
60 0.82793 0.940972 0.341016 0.104167 0.0011692
54 0.767969 0.823611 0.275 0.344444 0.00110722
74 0.396777 0.760417 0.0736328 0.175 0.00109005
55 0.634375 0.535417 0.551562 0.904167 0.00107288
45 0.76875 0.913889 0.271875 0.163889 0.00106907
44 0.736328 0.517014 0.0609375 0.282639 0.00102806
40 0.395313 0.743056 0.0726563 0.133333 0.00102806
41 0.767188 0.906944 0.276563 0.177778 0.00101662
0 0.634375 0.537153 0.560938 0.909028 0.94873
55 0.769141 0.822917 0.274219 0.338889 0.856934
40 0.276563 0.499306 0.521875 0.984722 0.317383
55 0.753125 0.761806 0.195312 0.206944 0.0437012
27 0.660937 0.634722 0.157031 0.165278 0.0310211
27 0.659375 0.752604 0.154688 0.425347 0.0227203
65 0.394531 0.727778 0.0671875 0.105556 0.0175171
40 0.199951 0.3125 0.364941 0.616667 0.0167847
25 0.282422 0.5 0.538281 0.990278 0.0157776
79 0.727344 0.432986 0.046875 0.128472 0.0133286
75 0.199805 0.315365 0.362891 0.62066 0.0133286
61 0.286328 0.498264 0.544531 0.989583 0.0123825
65 0.395313 0.745833 0.0734375 0.138889 0.0115509
41 0.199268 0.313194 0.366309 0.615278 0.0112915
0 0.282422 0.5 0.538281 0.990278 0.0103683
61 0.200781 0.312153 0.366406 0.614583 0.0102921
45 0.199268 0.313194 0.366309 0.615278 0.00963593
71 0.199951 0.3125 0.364941 0.616667 0.00901794
65 0.394531 0.775 0.0757812 0.2 0.00682449
55 0.769922 0.91875 0.272656 0.155556 0.00666809
60 0.697656 0.926389 0.603125 0.133333 0.00542831
61 0.207471 0.496875 0.381934 0.989583 0.0050621
0 0.714063 0.507639 0.39375 0.856944 0.00482941
67 0.393066 0.723611 0.0654297 0.0972222 0.00441742
60 0.708203 0.870833 0.582031 0.244444 0.00405502
74 0.393066 0.723611 0.0654297 0.0972222 0.00402451
44 0.727734 0.433333 0.0484375 0.127778 0.00395966
41 0.779688 0.626389 0.0578125 0.0888889 0.00387001
25 0.466406 0.500694 0.903125 0.993056 0.00379562
60 0.369141 0.499306 0.735156 0.979167 0.00379562
60 0.482031 0.742361 0.957812 0.495833 0.00356483
44 0.394922 0.773611 0.0765625 0.194444 0.00349617
56 0.284375 0.5 0.540625 0.988889 0.00348282
67 0.726562 0.435417 0.046875 0.127778 0.00331116
44 0.729688 0.457639 0.0515625 0.165972 0.00290108
0 0.844531 0.563542 0.132812 0.553472 0.00287819
42 0.727734 0.433333 0.0484375 0.127778 0.00257111
60 0.76875 0.823611 0.273438 0.336111 0.00237846
27 0.723828 0.759028 0.283594 0.452778 0.00202751
67 0.397266 0.7625 0.0742188 0.180556 0.00195694
61 0.2875 0.33125 0.539062 0.651389 0.00195694
79 0.729688 0.457639 0.0515625 0.165972 0.00191879
42 0.729688 0.457639 0.0515625 0.165972 0.00179577
54 0.394531 0.775 0.0757812 0.2 0.00179577
43 0.727344 0.434722 0.0453125 0.125 0.0016613
60 0.632715 0.804861 0.564258 0.373611 0.00160408
41 0.20625 0.497222 0.385156 0.986111 0.00146675
6 0.767969 0.823611 0.275 0.336111 0.00145531
41 0.767188 0.908333 0.276563 0.177778 0.00144386
40 0.392578 0.723611 0.0671875 0.0972222 0.00141048
44 0.394531 0.514931 0.0773438 0.747917 0.00140476
54 0.768359 0.823611 0.274219 0.344444 0.00136185
76 0.727734 0.433333 0.0484375 0.127778 0.00135612
60 0.634375 0.520139 0.565625 0.9375 0.00135612
45 0.76875 0.915278 0.271875 0.161111 0.00134563
39 0.199268 0.313194 0.366309 0.615278 0.00130939
60 0.392188 0.6875 0.776563 0.602778 0.00125504
42 0.735156 0.511458 0.0585938 0.271528 0.00121117
0 0.466406 0.500694 0.903125 0.993056 0.00117874
42 0.394922 0.773611 0.0765625 0.194444 0.00115585
60 0.850781 0.940278 0.296875 0.105556 0.00115585
60 0.308008 0.951389 0.327734 0.0888889 0.0011425
44 0.735156 0.511458 0.0585938 0.271528 0.00113773
27 0.666016 0.652083 0.166406 0.120833 0.00110722
74 0.397266 0.7625 0.0742188 0.180556 0.00109482
75 0.20625 0.497222 0.385156 0.986111 0.00107765
54 0.392578 0.722222 0.06875 0.0944444 0.00106525
55 0.635059 0.535417 0.551758 0.901389 0.00106525
55 0.726953 0.801389 0.291406 0.3 0.00102425
79 0.832812 0.338542 0.0375 0.104167 0.00100803
0 0.633984 0.537153 0.561719 0.909028 0.950684
55 0.769531 0.822917 0.273438 0.3375 0.852051
40 0.273047 0.498958 0.519531 0.982639 0.223999
27 0.660937 0.634028 0.15625 0.161111 0.0687866
27 0.658203 0.753993 0.152344 0.458681 0.0476074
55 0.752734 0.761111 0.194531 0.205556 0.0370483
65 0.394531 0.728472 0.0679687 0.106944 0.0171051
0 0.281836 0.500694 0.537891 0.988889 0.0161591
75 0.199561 0.315278 0.362598 0.619444 0.0154877
61 0.2 0.312153 0.365625 0.613194 0.0146713
79 0.727344 0.432639 0.046875 0.127778 0.0136337
71 0.199561 0.312847 0.36416 0.614583 0.0117798
65 0.395215 0.749306 0.0736328 0.145833 0.0107346
45 0.198877 0.313194 0.366309 0.613889 0.0105286
41 0.199609 0.309635 0.364844 0.608507 0.0103302
40 0.199561 0.312847 0.36416 0.614583 0.00989532
61 0.273047 0.497917 0.520312 0.990278 0.00888062
25 0.281836 0.500694 0.537891 0.988889 0.00701141
55 0.769922 0.919444 0.272656 0.155556 0.0068512
60 0.698438 0.926389 0.601562 0.130556 0.00638962
0 0.714063 0.508333 0.39375 0.855556 0.00570679
60 0.707031 0.867361 0.585938 0.251389 0.00544739
44 0.727344 0.433333 0.0484375 0.127778 0.00527954
27 0.657422 0.702083 0.150781 0.304167 0.0046463
56 0.282617 0.5 0.541016 0.986111 0.00446701
27 0.710547 0.758333 0.257031 0.452778 0.00413513
67 0.393359 0.723611 0.065625 0.0972222 0.00380898
44 0.729297 0.45625 0.0515625 0.1625 0.00363541
74 0.393359 0.723611 0.065625 0.0972222 0.0036068
44 0.395313 0.772222 0.0765625 0.193056 0.00335121
67 0.726562 0.435069 0.046875 0.127083 0.00331116
60 0.481641 0.748611 0.957031 0.481944 0.003088
42 0.727344 0.433333 0.0484375 0.127778 0.00305176
65 0.394922 0.810417 0.0773438 0.273611 0.0029583
41 0.779688 0.625694 0.05625 0.0902778 0.00283432
65 0.396875 0.770833 0.0804688 0.197222 0.00271416
61 0.286523 0.328559 0.537891 0.64566 0.00259018
0 0.842188 0.563889 0.135937 0.551389 0.00254059
60 0.76875 0.823611 0.273438 0.336111 0.002388
42 0.729297 0.45625 0.0515625 0.1625 0.00205803
43 0.727344 0.433333 0.0484375 0.127778 0.00201988
79 0.729297 0.45625 0.0515625 0.1625 0.00200272
25 0.470313 0.502083 0.909375 0.991667 0.00199509
0 0.470313 0.502083 0.909375 0.991667 0.00187492
67 0.397266 0.764583 0.075 0.183333 0.00176811
54 0.394531 0.773611 0.0765625 0.2 0.00176811
57 0.473438 0.502083 0.910937 0.981944 0.00168705
54 0.767969 0.823611 0.273438 0.341667 0.00168133
60 0.364648 0.499306 0.726172 0.976389 0.0016613
41 0.767188 0.908333 0.276563 0.177778 0.00162315
60 0.632422 0.803472 0.564844 0.376389 0.00146675
44 0.735156 0.505556 0.0578125 0.259722 0.00139427
60 0.633984 0.520833 0.564844 0.936111 0.00135612
76 0.727344 0.433333 0.0484375 0.127778 0.00134563
45 0.76875 0.915278 0.271875 0.161111 0.00133514
42 0.735156 0.505556 0.0578125 0.259722 0.00133038
40 0.392578 0.722917 0.0671875 0.0958333 0.00132465
44 0.394531 0.514583 0.0773438 0.745833 0.00132465
6 0.768359 0.822917 0.274219 0.336111 0.00129414
56 0.470313 0.502083 0.909375 0.991667 0.00125504
41 0.2125 0.502083 0.407031 0.981944 0.00122547
60 0.86543 0.940278 0.266016 0.105556 0.0012064
54 0.662109 0.636111 0.159375 0.151389 0.00119686
39 0.199609 0.309635 0.364844 0.608507 0.00116062
57 0.282031 0.500347 0.535937 0.985417 0.00115108
74 0.397266 0.764583 0.075 0.183333 0.00109005
71 0.203564 0.497917 0.380371 0.984722 0.00108147
41 0.767969 0.823611 0.273438 0.341667 0.00107288
60 0.314795 0.951389 0.342285 0.0888889 0.00106525
55 0.634375 0.536458 0.553125 0.899306 0.00104046
44 0.778906 0.625694 0.05625 0.0875 0.00102043
42 0.395313 0.772222 0.0765625 0.193056 0.00102043
0 0.633594 0.537153 0.560938 0.907639 0.949219
55 0.769531 0.822917 0.273438 0.3375 0.848145
27 0.660156 0.635417 0.154688 0.1625 0.131226
40 0.276953 0.499306 0.528125 0.981944 0.11084
27 0.658203 0.753993 0.151562 0.455903 0.10968
55 0.753125 0.761111 0.19375 0.204167 0.0306702
0 0.281641 0.501389 0.538281 0.986111 0.0185394
27 0.657031 0.68125 0.15 0.258333 0.0166626
65 0.394434 0.729167 0.0673828 0.108333 0.0147858
61 0.200391 0.313194 0.365625 0.613889 0.0139008
75 0.2 0.315625 0.3625 0.61875 0.0138474
79 0.726953 0.432639 0.046875 0.127778 0.0125275
71 0.199805 0.312847 0.363672 0.613194 0.01017
61 0.277539 0.498958 0.529297 0.988194 0.00993347
65 0.395215 0.752778 0.0736328 0.152778 0.00974274
41 0.200195 0.310069 0.364453 0.607639 0.0091629
45 0.199805 0.312847 0.363672 0.613194 0.00861359
25 0.281641 0.501389 0.538281 0.986111 0.00763702
55 0.769922 0.919444 0.272656 0.152778 0.00725937
0 0.714453 0.510417 0.392969 0.855556 0.00600433
60 0.70625 0.859722 0.5875 0.266667 0.00591278
60 0.696875 0.925694 0.604688 0.133333 0.00584412
44 0.727344 0.433333 0.0484375 0.127778 0.00538635
56 0.282031 0.5 0.540625 0.984722 0.00484848
40 0.199805 0.312847 0.363672 0.613194 0.00391388
44 0.728906 0.455556 0.0515625 0.161111 0.00340271
67 0.393066 0.723611 0.0654297 0.0972222 0.00337601
67 0.726562 0.434722 0.046875 0.126389 0.00325966
27 0.667188 0.654167 0.161719 0.122222 0.00314713
65 0.39541 0.806944 0.0779297 0.266667 0.00300407
74 0.393066 0.723611 0.0654297 0.0972222 0.00286674
25 0.463281 0.499306 0.901563 0.9875 0.00284576
42 0.727344 0.433333 0.0484375 0.127778 0.00279045
44 0.395313 0.772222 0.0765625 0.191667 0.00275803
60 0.769531 0.823611 0.273438 0.333333 0.00257111
0 0.841406 0.563542 0.1375 0.550694 0.00255013
60 0.480469 0.752083 0.954688 0.475 0.002388
61 0.286719 0.327691 0.5375 0.64184 0.00237846
0 0.473438 0.502778 0.91875 0.991667 0.00231361
41 0.779688 0.625694 0.05625 0.0902778 0.00226021
65 0.399609 0.770139 0.0734375 0.205556 0.00221634
57 0.475391 0.502778 0.914844 0.980556 0.00211525
43 0.727344 0.433333 0.0484375 0.127778 0.00205803
54 0.766797 0.825 0.275781 0.341667 0.00195694
42 0.728906 0.455556 0.0515625 0.161111 0.00187492
79 0.728906 0.455556 0.0515625 0.161111 0.00187492
41 0.767188 0.906944 0.276563 0.177778 0.00179577
41 0.766797 0.825 0.275781 0.341667 0.00167465
67 0.397754 0.765972 0.0748047 0.186111 0.00164223
54 0.394922 0.773611 0.0765625 0.197222 0.00154305
57 0.282031 0.500694 0.535937 0.983333 0.00144958
27 0.717578 0.746528 0.275781 0.458333 0.00133514
44 0.735156 0.504514 0.0578125 0.257639 0.00129414
60 0.633594 0.802778 0.567187 0.375 0.00122547
42 0.735156 0.504514 0.0578125 0.257639 0.00119686
45 0.76875 0.915278 0.271875 0.161111 0.00118828
56 0.473438 0.502778 0.91875 0.991667 0.00118828
76 0.727344 0.433333 0.0484375 0.127778 0.00117874
6 0.76875 0.822917 0.273438 0.334722 0.00117874
40 0.392578 0.722917 0.0671875 0.0958333 0.00116539
60 0.633691 0.519444 0.56543 0.9375 0.00116062
60 0.873438 0.939583 0.251563 0.105556 0.00113392
54 0.661719 0.635938 0.157813 0.150347 0.00112438
79 0.623438 0.5125 0.0328125 0.0722222 0.00105667
55 0.725781 0.791667 0.298438 0.381944 0.00103188
0 0.633203 0.536458 0.560156 0.907639 0.942383
55 0.76875 0.823611 0.273438 0.336111 0.842773
27 0.658203 0.755556 0.150781 0.452778 0.320801
27 0.660156 0.643056 0.153125 0.175 0.27832
27 0.657031 0.677083 0.149219 0.244444 0.0623169
55 0.752734 0.761111 0.191406 0.202778 0.0299835
40 0.27832 0.499306 0.532422 0.981944 0.0185394
61 0.279687 0.5 0.532813 0.988889 0.0179901
61 0.200781 0.314236 0.364844 0.614583 0.0164032
65 0.394434 0.731944 0.0673828 0.113889 0.0156021
75 0.200342 0.315972 0.361816 0.618056 0.013588
79 0.727344 0.433681 0.0476562 0.127083 0.0133286
0 0.280859 0.502083 0.538281 0.986111 0.0115051
65 0.395703 0.755556 0.0742188 0.158333 0.0107346
71 0.199951 0.313194 0.362598 0.6125 0.00923157
27 0.665625 0.645833 0.160938 0.129167 0.00844574
45 0.199951 0.313194 0.362598 0.6125 0.00837708
55 0.770312 0.91875 0.273438 0.152778 0.00793457
41 0.200391 0.311111 0.363281 0.608333 0.00751877
61 0.202295 0.49375 0.375879 0.970833 0.0068779
27 0.702344 0.749826 0.24375 0.455903 0.00674438
44 0.727344 0.433681 0.0476562 0.127083 0.00564194
60 0.701953 0.852778 0.594531 0.277778 0.00544739
0 0.715234 0.510764 0.389844 0.854861 0.00477219
56 0.280859 0.499306 0.539844 0.984722 0.00473785
65 0.39541 0.797222 0.0779297 0.244444 0.0045929
60 0.69375 0.922222 0.610938 0.138889 0.00455475
25 0.280859 0.502083 0.538281 0.986111 0.00388527
67 0.393359 0.723611 0.065625 0.0972222 0.00333786
61 0.287109 0.326476 0.5375 0.638715 0.0028553
67 0.726562 0.435069 0.046875 0.126389 0.00283432
44 0.395313 0.772222 0.0773438 0.191667 0.00281143
60 0.769531 0.823611 0.273438 0.333333 0.0027256
0 0.842188 0.563542 0.134375 0.550694 0.00271416
57 0.476562 0.503472 0.917188 0.979167 0.00255013
41 0.779688 0.625694 0.05625 0.0902778 0.00253105
74 0.393359 0.723611 0.065625 0.0972222 0.00253105
42 0.727344 0.433681 0.0476562 0.127083 0.00231361
41 0.766406 0.825 0.275 0.338889 0.00214005
41 0.767188 0.905556 0.276563 0.177778 0.00192642
57 0.282031 0.500347 0.5375 0.984028 0.00186729
25 0.466406 0.5 0.907813 0.988889 0.00184631
0 0.475 0.503472 0.921875 0.991667 0.00184631
54 0.766406 0.825 0.275 0.338889 0.00183868
43 0.727344 0.433681 0.0476562 0.127083 0.00177479
67 0.397754 0.766667 0.0748047 0.188889 0.00168705
27 0.664844 0.609549 0.1625 0.233681 0.00158501
79 0.623438 0.5125 0.0328125 0.0722222 0.00155449
60 0.479688 0.756944 0.953125 0.465278 0.00146675
54 0.394922 0.774306 0.0773438 0.197222 0.00130463
26 0.768359 0.824306 0.272656 0.340278 0.00127888
55 0.726172 0.773611 0.299219 0.4375 0.00127411
44 0.735156 0.504861 0.05625 0.258333 0.00123501
79 0.619141 0.516319 0.0429688 0.08125 0.00119209
60 0.634766 0.802778 0.569531 0.375 0.00116539
27 0.394434 0.784722 0.0751953 0.222222 0.00116062
44 0.778906 0.625694 0.05625 0.0875 0.0011034
76 0.727344 0.433681 0.0476562 0.127083 0.00109863
56 0.475 0.503472 0.921875 0.991667 0.00109863
27 0.664453 0.690278 0.161719 0.331944 0.00106525
0 0.502246 0.797222 0.286133 0.386111 0.00105286
45 0.76875 0.913889 0.271875 0.161111 0.00105286
6 0.76875 0.822917 0.273438 0.334722 0.00104046
40 0.392578 0.722917 0.0671875 0.0958333 0.00103188
42 0.735156 0.504861 0.05625 0.258333 0.00100422
0 0.632715 0.535417 0.55957 0.908333 0.939941
55 0.76875 0.823611 0.273438 0.336111 0.852051
27 0.658594 0.75625 0.150781 0.451389 0.451416
27 0.660156 0.68125 0.153125 0.252778 0.346924
27 0.657422 0.636285 0.150781 0.157986 0.188354
55 0.753125 0.761111 0.190625 0.202778 0.0226288
61 0.280859 0.500694 0.534375 0.990278 0.0205688
61 0.201367 0.315191 0.365234 0.61684 0.0175171
65 0.395215 0.731944 0.0673828 0.113889 0.0164642
75 0.200439 0.315972 0.361621 0.618056 0.0130234
65 0.395313 0.774306 0.0773438 0.197222 0.0118713
79 0.727344 0.434028 0.0476562 0.127778 0.0113754
71 0.2 0.313889 0.3625 0.613889 0.00784302
45 0.2 0.313889 0.3625 0.613889 0.00717545
55 0.770312 0.918056 0.271875 0.152778 0.00695801
41 0.200439 0.315972 0.361621 0.618056 0.00634003
0 0.28125 0.501389 0.538281 0.9875 0.00624084
40 0.279883 0.498611 0.535547 0.983333 0.00575256
60 0.699219 0.852778 0.6 0.280556 0.00557709
61 0.203516 0.502083 0.374219 0.991667 0.00551224
44 0.727344 0.434028 0.0476562 0.127778 0.00510025
60 0.692187 0.922222 0.614062 0.141667 0.00473785
27 0.666797 0.654167 0.160938 0.119444 0.00452042
56 0.28125 0.498958 0.539844 0.985417 0.00385475
67 0.393359 0.723611 0.0648438 0.0972222 0.00367928
61 0.288281 0.325 0.539062 0.636111 0.00362206
0 0.716016 0.510417 0.388281 0.854167 0.00351143
25 0.28125 0.501389 0.538281 0.9875 0.00319672
44 0.728906 0.455556 0.0515625 0.161111 0.00309944
60 0.769531 0.822917 0.273438 0.334722 0.00284576
44 0.395313 0.771528 0.0773438 0.191667 0.00269318
27 0.664062 0.611285 0.160938 0.235764 0.00268364
0 0.84375 0.563194 0.13125 0.551389 0.00257111
41 0.779688 0.625694 0.05625 0.0902778 0.0024929
74 0.393359 0.723611 0.0648438 0.0972222 0.00242424
67 0.726562 0.435417 0.046875 0.126389 0.00214958
57 0.477344 0.504167 0.917188 0.977778 0.00209999
42 0.727344 0.434028 0.0476562 0.127778 0.00199509
79 0.728906 0.455556 0.0515625 0.161111 0.00186729
41 0.766406 0.824306 0.275 0.340278 0.00186729
67 0.397656 0.766667 0.0742188 0.1875 0.00181007
25 0.465625 0.499306 0.90625 0.9875 0.0017004
79 0.623438 0.5125 0.0328125 0.0722222 0.00163555
54 0.766406 0.824306 0.275 0.340278 0.00163555
57 0.28418 0.499653 0.541797 0.985417 0.00156689
41 0.767188 0.904167 0.276563 0.180556 0.00148964
42 0.728906 0.455556 0.0515625 0.161111 0.00146103
43 0.727344 0.434028 0.0476562 0.127778 0.00143242
27 0.650781 0.830556 0.05625 0.279167 0.00135612
27 0.394434 0.784722 0.0751953 0.222222 0.00134087
0 0.475781 0.503472 0.923438 0.991667 0.00133038
55 0.726953 0.767361 0.299219 0.454167 0.00132465
26 0.76875 0.824306 0.271875 0.340278 0.00131989
79 0.619531 0.516667 0.0421875 0.08125 0.00129414
60 0.635254 0.802778 0.570117 0.376389 0.00122547
27 0.666406 0.552778 0.171875 0.3375 0.00120163
60 0.480078 0.758333 0.955469 0.4625 0.00112915
45 0.449121 0.0600694 0.193945 0.1125 0.0011158
44 0.735547 0.50625 0.05625 0.261111 0.00110722
44 0.778906 0.626215 0.05625 0.0864583 0.00108147
0 0.501563 0.798611 0.285938 0.383333 0.00103664
40 0.392578 0.723611 0.0671875 0.0972222 0.00101662
42 0.395313 0.771528 0.0773438 0.191667 0.00101662
54 0.394531 0.775 0.0757812 0.2 0.00101662
0 0.637109 0.534722 0.567969 0.911111 0.947266
55 0.76875 0.823611 0.273438 0.336111 0.885742
27 0.658594 0.755556 0.15 0.452778 0.537109
27 0.659766 0.695833 0.152344 0.281944 0.383057
27 0.660156 0.6375 0.153125 0.154167 0.131226
61 0.278711 0.498611 0.534766 0.983333 0.0430298
61 0.201514 0.314931 0.36416 0.615972 0.0321045
55 0.753125 0.761806 0.190625 0.204167 0.0204926
65 0.394922 0.734722 0.0679687 0.119444 0.0147858
79 0.727344 0.433333 0.0476562 0.127778 0.0129242
75 0.200195 0.315972 0.361328 0.618056 0.0126724
61 0.200342 0.44375 0.368066 0.873611 0.0120087
65 0.39541 0.774306 0.0779297 0.198611 0.0109024
71 0.201514 0.314931 0.36416 0.615972 0.0078125
61 0.288281 0.323958 0.538281 0.634028 0.00728989
60 0.704688 0.847222 0.589063 0.291667 0.00612259
55 0.770312 0.918056 0.271875 0.152778 0.00595856
41 0.200195 0.315972 0.361328 0.618056 0.0055542
44 0.727344 0.433333 0.0476562 0.127778 0.00548935
44 0.395313 0.771528 0.0773438 0.193056 0.00542831
56 0.280469 0.498611 0.538281 0.986111 0.00496292
60 0.698438 0.919444 0.601562 0.147222 0.00473785
45 0.199805 0.313542 0.362109 0.613194 0.00439835
0 0.281055 0.501389 0.537109 0.986111 0.00385475
67 0.393359 0.723611 0.065625 0.0986111 0.0036068
27 0.664453 0.602083 0.1625 0.259722 0.00321007
0 0.84375 0.563542 0.13125 0.547917 0.00286674
57 0.475 0.505556 0.9125 0.972222 0.00255013
60 0.769531 0.822222 0.273438 0.336111 0.00255013
41 0.779688 0.626563 0.05625 0.0913194 0.0024147
74 0.393359 0.723611 0.065625 0.0986111 0.002388
67 0.726562 0.434722 0.046875 0.126389 0.00230598
57 0.284766 0.499306 0.542969 0.984722 0.00223351
42 0.727344 0.433333 0.0476562 0.127778 0.00210762
0 0.823438 0.549653 0.175 0.59375 0.00198746
44 0.778906 0.626563 0.05625 0.0885417 0.00197983
67 0.396094 0.763889 0.0789063 0.180556 0.00195694
0 0.715625 0.510069 0.3875 0.854861 0.00185299
54 0.766406 0.824306 0.275 0.340278 0.00184631
79 0.623438 0.512153 0.0328125 0.0722222 0.0018034
27 0.665625 0.553472 0.170313 0.336111 0.00177479
71 0.200342 0.44375 0.368066 0.873611 0.00162888
27 0.394531 0.781944 0.0757812 0.219444 0.00159168
43 0.727344 0.433333 0.0476562 0.127778 0.00157928
42 0.395313 0.771528 0.0773438 0.193056 0.00154305
60 0.637109 0.8 0.571094 0.383333 0.00152493
45 0.449219 0.0602431 0.194531 0.112847 0.00148964
41 0.766406 0.824306 0.275 0.340278 0.0014782
56 0.473438 0.502778 0.917188 0.990278 0.00139904
54 0.39541 0.774306 0.0779297 0.198611 0.00138855
25 0.281055 0.501389 0.537109 0.986111 0.00136662
79 0.832812 0.338889 0.0375 0.105556 0.00130939
27 0.650391 0.830556 0.0554687 0.280556 0.00129986
26 0.76875 0.823611 0.271875 0.338889 0.0012598
44 0.736719 0.504167 0.0578125 0.256944 0.0012207
79 0.830469 0.325 0.0265625 0.0736111 0.0012064
42 0.676172 0.54375 0.203906 0.3625 0.0012064
55 0.726172 0.76684 0.297656 0.457986 0.00116062
76 0.726562 0.434722 0.046875 0.126389 0.00115585
79 0.617188 0.511111 0.046875 0.075 0.0011425
71 0.280469 0.502083 0.532813 0.990278 0.0011034
41 0.767188 0.902083 0.276563 0.184722 0.00109863
40 0.234766 0.497917 0.455469 0.972222 0.00106525
42 0.736719 0.504167 0.0578125 0.256944 0.00105286
44 0.719531 0.467708 0.0671875 0.196528 0.00104809
79 0.676172 0.54375 0.203906 0.3625 0.00102043
60 0.63291 0.521528 0.562305 0.931944 0.00101662
44 0.729688 0.482639 0.04375 0.213889 0.00100803
58 0.200391 0.315625 0.363281 0.615972 0.00100803
0 0.637891 0.534028 0.571094 0.909722 0.944824
55 0.76875 0.822917 0.271875 0.3375 0.897461
27 0.658984 0.756944 0.150781 0.451389 0.598145
27 0.659375 0.702083 0.151562 0.294444 0.428223
27 0.659766 0.6375 0.151562 0.155556 0.126831
61 0.277344 0.498611 0.534375 0.983333 0.0455322
61 0.201611 0.314236 0.364746 0.614583 0.0362244
55 0.752734 0.7625 0.191406 0.205556 0.0154266
75 0.200049 0.315885 0.361621 0.61684 0.0133743
65 0.394922 0.7375 0.06875 0.125 0.0114212
79 0.727344 0.433333 0.0476562 0.127083 0.0104065
61 0.288281 0.323611 0.5375 0.633333 0.00989532
65 0.39541 0.775 0.0779297 0.2 0.00731659
71 0.201611 0.314236 0.364746 0.614583 0.0069313
44 0.395215 0.771528 0.0767578 0.194444 0.00664139
60 0.703906 0.848611 0.589063 0.288889 0.00664139
41 0.200049 0.315885 0.361621 0.61684 0.00638962
56 0.279687 0.498958 0.538281 0.985417 0.00502014
60 0.701563 0.91875 0.595313 0.148611 0.00494385
55 0.770312 0.917361 0.271875 0.154167 0.00479126
44 0.726172 0.449306 0.04375 0.151389 0.00434875
27 0.664062 0.603472 0.161719 0.259722 0.00415039
0 0.280469 0.501389 0.536719 0.986111 0.00399017
45 0.199658 0.313281 0.362402 0.612326 0.00312424
0 0.835742 0.575694 0.144141 0.551389 0.00294685
67 0.393359 0.723611 0.065625 0.1 0.00287819
57 0.283008 0.498611 0.541016 0.984722 0.00257111
57 0.473828 0.50625 0.908594 0.970833 0.00257111
44 0.778906 0.627083 0.05625 0.0888889 0.00243378
60 0.769531 0.822222 0.273438 0.336111 0.00235939
54 0.766406 0.825 0.275 0.338889 0.0019722
74 0.393359 0.723611 0.065625 0.1 0.00194168
67 0.726562 0.434722 0.0476562 0.126389 0.00191879
67 0.395996 0.763889 0.0783203 0.180556 0.00178909
42 0.726172 0.449306 0.04375 0.151389 0.0017271
42 0.395215 0.771528 0.0767578 0.194444 0.0017271
79 0.830469 0.325 0.0265625 0.0736111 0.00169373
56 0.471094 0.502431 0.9125 0.989583 0.00165462
41 0.779688 0.626563 0.05625 0.0913194 0.00161076
45 0.449219 0.0604601 0.195312 0.113108 0.00161076
79 0.83125 0.331944 0.034375 0.0902778 0.00158501
60 0.638281 0.798611 0.571875 0.386111 0.00157356
65 0.39375 0.722222 0.0625 0.0972222 0.00156116
0 0.8125 0.5625 0.198437 0.577778 0.00152493
27 0.394434 0.781944 0.0751953 0.219444 0.0015192
27 0.725 0.765104 0.29375 0.461458 0.0014782
79 0.623438 0.512153 0.0328125 0.0722222 0.00139904
42 0.835156 0.378819 0.053125 0.189583 0.00135612
79 0.839063 0.327778 0.04375 0.0819444 0.00131989
26 0.76875 0.823611 0.273438 0.338889 0.00123501
43 0.727344 0.433333 0.0476562 0.127083 0.00120163
13 0.473828 0.50625 0.908594 0.970833 0.00120163
41 0.766406 0.825 0.275 0.338889 0.00118828
27 0.65 0.830556 0.05625 0.281944 0.00117874
58 0.200195 0.315972 0.363672 0.616667 0.00116062
54 0.39541 0.775 0.0779297 0.2 0.0011425
76 0.726562 0.434722 0.0476562 0.126389 0.00113773
13 0.947656 0.923611 0.103125 0.0694444 0.00110722
42 0.676953 0.545833 0.205469 0.369444 0.00108147
25 0.279687 0.498958 0.538281 0.985417 0.00106907
44 0.729688 0.482639 0.046875 0.215278 0.00104427
79 0.739062 0.481944 0.06875 0.238889 0.00103188
55 0.725 0.765104 0.29375 0.461458 0.00103188
44 0.737109 0.503125 0.0601563 0.254861 0.00101662
60 0.681152 0.996181 0.637695 0.00763889 0.00101185
0 0.639063 0.533681 0.573438 0.910417 0.936523
55 0.768359 0.823611 0.272656 0.338889 0.908203
27 0.658594 0.75816 0.15 0.444792 0.625977
27 0.659375 0.709549 0.151562 0.308681 0.455078
27 0.659375 0.6375 0.150781 0.156944 0.102295
61 0.276172 0.497917 0.535156 0.983333 0.0304413
61 0.202148 0.313889 0.365234 0.613889 0.0282135
75 0.2 0.316319 0.364063 0.617361 0.0128708
61 0.288086 0.323611 0.538672 0.633333 0.00997162
55 0.752734 0.763889 0.192969 0.208333 0.00985718
41 0.199951 0.315885 0.361816 0.61684 0.00815582
65 0.394922 0.7375 0.06875 0.126389 0.00740433
60 0.702344 0.849306 0.590625 0.288889 0.0069046
79 0.727344 0.432639 0.0484375 0.127778 0.00653839
44 0.394922 0.771528 0.0773438 0.194444 0.00591278
71 0.202148 0.313889 0.365234 0.613889 0.00584412
60 0.703125 0.915278 0.592188 0.155556 0.00479126
65 0.395996 0.757639 0.0751953 0.1625 0.00450516
56 0.278516 0.497917 0.539062 0.984722 0.00421524
27 0.664062 0.605382 0.160938 0.258681 0.00400543
55 0.770312 0.916667 0.271875 0.152778 0.00382423
44 0.726172 0.449306 0.04375 0.151389 0.00328636
0 0.279687 0.501042 0.5375 0.986806 0.003088
60 0.686719 0.929514 0.626563 0.140972 0.00293541
57 0.472656 0.505556 0.910937 0.970833 0.00288963
57 0.286719 0.498264 0.552344 0.984028 0.00286674
0 0.839844 0.579167 0.134375 0.548611 0.00247192
45 0.199414 0.313108 0.362891 0.611285 0.00246239
44 0.778906 0.627604 0.0578125 0.0892361 0.00244331
60 0.769141 0.822222 0.274219 0.336111 0.00222588
67 0.393359 0.723611 0.065625 0.1 0.00221634
27 0.724219 0.765451 0.292188 0.463542 0.00218201
54 0.770312 0.822222 0.271875 0.338889 0.00201988
13 0.472656 0.505556 0.910937 0.970833 0.00194168
56 0.471094 0.502083 0.915625 0.990278 0.0018177
60 0.682422 1 0.635156 0 0.00177479
42 0.395996 0.765278 0.0783203 0.180556 0.00166798
60 0.640527 0.799306 0.575195 0.384722 0.0015974
45 0.449609 0.0603733 0.195312 0.113281 0.00158501
65 0.395215 0.806944 0.0783203 0.266667 0.00157356
79 0.830469 0.325 0.0265625 0.0736111 0.0015192
74 0.393359 0.723611 0.065625 0.1 0.00147247
42 0.835938 0.378472 0.053125 0.188889 0.00144958
79 0.83125 0.330208 0.034375 0.0861111 0.00136662
42 0.726172 0.449306 0.04375 0.151389 0.00135136
65 0.39375 0.722222 0.0625 0.0972222 0.00128937
67 0.395996 0.765278 0.0783203 0.180556 0.00128937
27 0.394434 0.783333 0.0751953 0.222222 0.00126457
67 0.726562 0.434375 0.0476562 0.125694 0.00125504
79 0.839063 0.328125 0.04375 0.0819444 0.00124931
61 0.432813 0.496181 0.839063 0.982639 0.00122547
53 0.76875 0.823611 0.273438 0.338889 0.00121593
44 0.394922 0.576389 0.078125 0.611111 0.00119686
0 0.809375 0.5625 0.204688 0.575 0.00117874
26 0.768359 0.823611 0.274219 0.338889 0.0011425
58 0.2 0.316319 0.364063 0.617361 0.00113392
39 0.76875 0.823611 0.273438 0.338889 0.00110722
60 0.633594 0.519792 0.5625 0.935417 0.00109005
13 0.947656 0.923611 0.103125 0.0694444 0.00108624
41 0.779492 0.626389 0.0566406 0.0916667 0.00107288
26 0.656641 0.760417 0.147656 0.448611 0.00106049
25 0.278516 0.497917 0.539062 0.984722 0.00105667
42 0.835938 0.390972 0.040625 0.170833 0.00103664
42 0.83125 0.330208 0.034375 0.0861111 0.00101185
0 0.640625 0.533681 0.576563 0.910417 0.925293
55 0.768359 0.823611 0.274219 0.338889 0.909668
27 0.658594 0.760938 0.15 0.442014 0.62793
27 0.659375 0.638194 0.150781 0.156944 0.081543
27 0.659375 0.677604 0.152344 0.264236 0.0718384
61 0.275391 0.497569 0.535156 0.982639 0.0229797
61 0.202295 0.313889 0.364941 0.613889 0.0227966
75 0.199951 0.316059 0.362598 0.617882 0.0117798
41 0.199951 0.316059 0.362598 0.617882 0.0113754
61 0.288281 0.323611 0.539062 0.633333 0.00978088
55 0.752734 0.764583 0.194531 0.209722 0.00674438
60 0.703125 0.851389 0.5875 0.286111 0.00629044
65 0.394922 0.7375 0.06875 0.126389 0.00584412
71 0.202295 0.313889 0.364941 0.613889 0.00526047
79 0.727344 0.432639 0.0484375 0.127083 0.00477219
60 0.70625 0.913194 0.585938 0.159722 0.00428009
44 0.394922 0.772222 0.0773438 0.197222 0.00402451
56 0.277734 0.498264 0.539844 0.984028 0.00382423
27 0.664062 0.609028 0.160156 0.254167 0.00372124
65 0.395996 0.756944 0.0751953 0.161111 0.00346947
57 0.473438 0.504167 0.915625 0.972222 0.00332451
57 0.303516 0.498264 0.589844 0.984028 0.00329781
0 0.279297 0.501042 0.539062 0.986806 0.00325966
55 0.770312 0.918056 0.271875 0.152778 0.00299263
27 0.724219 0.765972 0.290625 0.463889 0.0029583
13 0.473438 0.504167 0.915625 0.972222 0.00282288
60 0.6875 1 0.625 0 0.0024929
44 0.725781 0.448611 0.04375 0.15 0.00242424
60 0.691016 0.928472 0.617969 0.143056 0.00235939
0 0.839844 0.579167 0.134375 0.548611 0.00232315
60 0.76875 0.822222 0.276563 0.336111 0.00223351
44 0.778906 0.627604 0.0578125 0.0892361 0.00219154
54 0.770312 0.822222 0.271875 0.338889 0.00219154
56 0.471484 0.502778 0.921094 0.991667 0.00213242
67 0.393359 0.723611 0.065625 0.1 0.0020752
45 0.199414 0.313281 0.363672 0.612326 0.00185299
61 0.430469 0.497222 0.8375 0.986111 0.00159168
60 0.642578 0.8 0.578906 0.386111 0.00155449
45 0.449609 0.0602431 0.195312 0.113542 0.00153065
53 0.768359 0.823611 0.272656 0.338889 0.00144386
42 0.834375 0.381597 0.05 0.186111 0.00142097
42 0.395996 0.765278 0.0783203 0.183333 0.00142097
79 0.829688 0.325 0.028125 0.0736111 0.0012846
65 0.39375 0.722222 0.0625 0.0972222 0.00124931
39 0.768359 0.823611 0.272656 0.338889 0.00124454
74 0.393359 0.723611 0.065625 0.1 0.00122547
44 0.394922 0.581944 0.078125 0.601389 0.00116539
13 0.947656 0.922917 0.103125 0.0694444 0.00112915
79 0.838281 0.327778 0.04375 0.0819444 0.00109005
65 0.395215 0.817361 0.0783203 0.288889 0.00108624
26 0.76875 0.823611 0.275 0.338889 0.00107288
67 0.395996 0.765278 0.0783203 0.183333 0.00106525
27 0.394141 0.786806 0.075 0.229167 0.00106525
42 0.725781 0.448611 0.04375 0.15 0.00106049
25 0.277734 0.498264 0.539844 0.984028 0.00102806
0 0.642578 0.533333 0.580469 0.909722 0.92041
55 0.768359 0.822917 0.274219 0.338889 0.903809
27 0.658594 0.7625 0.15 0.441667 0.618652
27 0.659375 0.680729 0.153125 0.269097 0.072876
27 0.659375 0.638194 0.150781 0.158333 0.0678101
61 0.199609 0.316059 0.363281 0.617882 0.0170441
41 0.199609 0.316059 0.363281 0.617882 0.0134811
61 0.274609 0.497222 0.535937 0.983333 0.0119629
75 0.199609 0.316059 0.363281 0.617882 0.01017
61 0.288086 0.324653 0.539453 0.635417 0.00737381
55 0.752734 0.765278 0.196094 0.2125 0.0053215
60 0.704688 0.847222 0.582812 0.294444 0.00521851
57 0.473047 0.502778 0.925781 0.991667 0.00510025
13 0.474219 0.501389 0.920313 0.977778 0.00498199
57 0.305078 0.497917 0.594531 0.984722 0.00494385
71 0.202148 0.313889 0.365234 0.613889 0.00492477
56 0.277148 0.497222 0.539453 0.983333 0.00452042
65 0.395215 0.736111 0.0673828 0.125 0.00429916
79 0.727344 0.432639 0.0484375 0.126389 0.00421524
44 0.394922 0.774306 0.0765625 0.2 0.00411606
27 0.723828 0.766667 0.289844 0.463889 0.00379562
27 0.664062 0.6125 0.160156 0.25 0.00351143
0 0.278906 0.501042 0.539062 0.986806 0.00342941
60 0.710547 0.906944 0.577344 0.172222 0.00316048
56 0.473047 0.502778 0.925781 0.991667 0.00309944
60 0.690625 1 0.61875 0 0.00294685
55 0.769531 0.917361 0.271875 0.151389 0.00292397
65 0.395703 0.754861 0.0742188 0.156944 0.00281143
54 0.769922 0.822222 0.272656 0.338889 0.00244331
0 0.833594 0.580208 0.148438 0.545139 0.00223351
44 0.778906 0.627778 0.0578125 0.0902778 0.00201988
44 0.725781 0.446875 0.04375 0.146528 0.00198746
42 0.834375 0.38125 0.046875 0.186111 0.00194168
67 0.393359 0.723611 0.0648438 0.1 0.00192642
60 0.767188 0.823611 0.279687 0.336111 0.00189686
45 0.202148 0.313889 0.365234 0.613889 0.00183868
42 0.395996 0.767361 0.0783203 0.1875 0.0016489
61 0.419531 0.498958 0.817187 0.988194 0.00164223
53 0.768359 0.823611 0.272656 0.338889 0.00162315
60 0.645215 0.8 0.583008 0.386111 0.0015192
60 0.696484 0.927083 0.607031 0.145833 0.0015192
45 0.449902 0.0602431 0.195508 0.113889 0.00151253
79 0.830469 0.325 0.028125 0.0736111 0.00148392
44 0.395313 0.58125 0.0789063 0.608333 0.00137806
79 0.8375 0.327778 0.04375 0.0805556 0.00126934
39 0.768359 0.823611 0.272656 0.338889 0.00125504
13 0.305078 0.497917 0.594531 0.984722 0.00118351
13 0.947656 0.922917 0.103125 0.0694444 0.00115585
25 0.277148 0.497222 0.539453 0.983333 0.00115108
74 0.393359 0.723611 0.0648438 0.1 0.00108147
26 0.768359 0.823611 0.272656 0.338889 0.00107288
56 0.199609 0.316059 0.363281 0.617882 0.00105667
27 0.393848 0.788889 0.0748047 0.236111 0.00104046
64 0.199609 0.316059 0.363281 0.617882 0.00103664
0 0.643359 0.533333 0.582031 0.909722 0.918945
55 0.767969 0.822917 0.275 0.338889 0.896973
27 0.658594 0.762674 0.15 0.441319 0.635254
27 0.659375 0.691667 0.153125 0.290278 0.076416
27 0.659375 0.638194 0.150781 0.158333 0.0616455
61 0.199414 0.316059 0.363672 0.617882 0.0176392
41 0.199414 0.316059 0.363672 0.617882 0.0155411
75 0.199414 0.316059 0.363672 0.617882 0.00881195
61 0.28457 0.479861 0.538672 0.945833 0.00723267
61 0.288086 0.324653 0.539453 0.635417 0.00621796
55 0.753125 0.765278 0.196875 0.213889 0.0053215
13 0.475 0.501042 0.921875 0.978472 0.0053215
71 0.201904 0.313542 0.364941 0.613194 0.00530243
57 0.473438 0.502083 0.928125 0.991667 0.0050621
27 0.723828 0.76684 0.289844 0.463542 0.00484848
57 0.288672 0.497917 0.560938 0.983333 0.00482941
60 0.70625 0.847222 0.578125 0.294444 0.00473785
56 0.277148 0.497222 0.539453 0.983333 0.0046463
65 0.394922 0.736111 0.0671875 0.122222 0.00400543
44 0.394922 0.775 0.0765625 0.202778 0.00399017
79 0.727344 0.432292 0.0484375 0.126389 0.00385475
0 0.278711 0.500694 0.538672 0.986111 0.00383949
27 0.664062 0.614583 0.160938 0.25 0.0037365
56 0.473438 0.502083 0.928125 0.991667 0.00327301
60 0.692187 1 0.615625 0 0.00301552
55 0.769531 0.917361 0.271875 0.151389 0.00284576
60 0.713281 0.904861 0.571875 0.177778 0.00282288
65 0.395703 0.754167 0.0742188 0.155556 0.0026207
54 0.766016 0.824306 0.275781 0.338889 0.00250244
0 0.839844 0.579861 0.134375 0.547222 0.00239754
42 0.833594 0.38125 0.046875 0.186111 0.00216484
44 0.778906 0.627951 0.0578125 0.0913194 0.0020752
67 0.393359 0.723611 0.0648438 0.1 0.0019722
45 0.201904 0.313542 0.364941 0.613194 0.0019722
42 0.395996 0.769444 0.0783203 0.191667 0.00178909
60 0.767188 0.823611 0.279687 0.336111 0.00175476
45 0.449902 0.0603733 0.195508 0.113976 0.00173378
44 0.725781 0.446528 0.04375 0.145833 0.00169373
53 0.768359 0.823611 0.272656 0.340278 0.00161648
61 0.390234 0.498611 0.758594 0.988889 0.00154877
79 0.830469 0.325 0.028125 0.0736111 0.00148964
64 0.19917 0.312413 0.362598 0.611285 0.00137806
13 0.288672 0.497917 0.560938 0.983333 0.00137806
44 0.395313 0.573264 0.0796875 0.628472 0.00137234
65 0.394922 0.78125 0.0773438 0.213889 0.00137234
60 0.646777 0.798611 0.586133 0.386111 0.00136185
39 0.768359 0.823611 0.272656 0.340278 0.00135612
79 0.838281 0.327778 0.04375 0.0805556 0.00130463
79 0.781055 0.390625 0.159766 0.188889 0.0012846
60 0.698438 0.926389 0.603125 0.147222 0.00127411
13 0.947656 0.922917 0.103125 0.0694444 0.00126934
25 0.277148 0.497222 0.539453 0.983333 0.00126457
56 0.199414 0.316059 0.363672 0.617882 0.00119686
27 0.39375 0.791667 0.0742188 0.240278 0.00112438
74 0.393359 0.723611 0.0648438 0.1 0.00108147
26 0.768359 0.823611 0.272656 0.340278 0.00107288
60 0.270898 0.497222 0.531641 0.975 0.00106907
42 0.830469 0.329167 0.0328125 0.0833333 0.00104046
42 0.826563 0.324306 0.03125 0.0736111 0.00102425
79 0.729688 0.492708 0.09375 0.288194 0.00102425
46 0.113672 0.00980903 0.227344 0.0196181 0.00100803
26 0.657031 0.764583 0.147656 0.448611 0.00100422
0 0.642969 0.533333 0.58125 0.909722 0.921875
55 0.767969 0.822917 0.275 0.340278 0.899902
27 0.658594 0.7625 0.15 0.441667 0.67041
27 0.659375 0.700174 0.153125 0.307986 0.0888062
27 0.659375 0.637674 0.150781 0.157986 0.0643921
61 0.199658 0.315625 0.363965 0.617361 0.0191956
41 0.199658 0.315625 0.363965 0.617361 0.0175781
75 0.199658 0.315625 0.363965 0.617361 0.00881195
61 0.274219 0.496528 0.535937 0.981944 0.00709534
55 0.753125 0.765278 0.196875 0.213889 0.00566483
61 0.288086 0.324306 0.539453 0.634722 0.00561905
71 0.201367 0.313194 0.364453 0.6125 0.00553513
13 0.475 0.500347 0.921875 0.978472 0.00551224
56 0.276953 0.496528 0.539062 0.981944 0.00542831
27 0.723828 0.766667 0.289844 0.4625 0.00527954
57 0.473438 0.501389 0.926562 0.990278 0.00518036
57 0.280859 0.497222 0.544531 0.983333 0.00494385
60 0.708594 0.847917 0.573438 0.293056 0.00477219
0 0.278516 0.5 0.538281 0.986111 0.00475693
27 0.663672 0.618056 0.160156 0.243056 0.00452042
65 0.394922 0.733333 0.0671875 0.116667 0.00445175
56 0.473438 0.501389 0.926562 0.990278 0.0039444
79 0.726562 0.431944 0.046875 0.126389 0.00383949
44 0.394629 0.776389 0.0763672 0.202778 0.00383949
55 0.769531 0.916667 0.271875 0.152778 0.00304031
60 0.696094 1 0.607813 0 0.00299263
54 0.766016 0.823611 0.275781 0.338889 0.00291252
60 0.714844 0.905556 0.56875 0.176389 0.0028553
0 0.833594 0.578819 0.148438 0.547917 0.00281143
65 0.395215 0.752778 0.0736328 0.152778 0.00279045
67 0.393359 0.723611 0.0648438 0.1 0.00232315
42 0.834375 0.38125 0.046875 0.1875 0.00230598
44 0.778906 0.627951 0.0578125 0.0913194 0.00227928
45 0.199609 0.313976 0.371094 0.613715 0.00192642
45 0.449609 0.0602431 0.196094 0.114236 0.00191212
42 0.395703 0.769444 0.078125 0.191667 0.00178242
60 0.767188 0.823611 0.279687 0.336111 0.00176144
64 0.199268 0.312153 0.363184 0.611806 0.00175476
44 0.725781 0.445833 0.0429688 0.144444 0.0015974
53 0.768359 0.823611 0.272656 0.341667 0.00156116
65 0.394922 0.783333 0.0773438 0.218056 0.00154877
79 0.830469 0.325 0.028125 0.0736111 0.00150108
13 0.280859 0.497222 0.544531 0.983333 0.00150108
13 0.947656 0.922222 0.103125 0.0694444 0.00146103
79 0.781055 0.390278 0.159766 0.190278 0.00144386
44 0.395313 0.564583 0.0796875 0.645833 0.00139427
39 0.768359 0.823611 0.272656 0.341667 0.00137234
27 0.39375 0.795833 0.0742188 0.247222 0.00134087
79 0.838281 0.327778 0.04375 0.0805556 0.00133514
25 0.276953 0.496528 0.539062 0.981944 0.00130463
60 0.646973 0.798611 0.587305 0.388889 0.00130463
56 0.199658 0.315625 0.363965 0.617361 0.00126457
74 0.393359 0.723611 0.0648438 0.1 0.00124454
60 0.702344 0.925694 0.595313 0.148611 0.00123501
60 0.270117 0.498264 0.537109 0.986806 0.00117874
42 0.83125 0.329167 0.034375 0.0833333 0.00110722
42 0.826563 0.324306 0.03125 0.0743056 0.00105286
26 0.768359 0.823611 0.272656 0.341667 0.00104046
67 0.726562 0.434028 0.0476562 0.125 0.00103188
79 0.728516 0.483333 0.0960938 0.270833 0.00102425
72 0.259766 0.497222 0.508594 0.986111 0.00101662
0 0.643066 0.534028 0.581055 0.909722 0.92627
55 0.768359 0.822917 0.274219 0.340278 0.901855
27 0.658594 0.762326 0.15 0.442014 0.684082
27 0.659375 0.703472 0.153125 0.3125 0.0913696
27 0.659375 0.6375 0.151562 0.156944 0.0658569
61 0.199609 0.315278 0.364063 0.616667 0.0186157
41 0.199609 0.315278 0.364063 0.616667 0.0162811
75 0.199609 0.315278 0.364063 0.616667 0.00743103
61 0.274219 0.496528 0.535937 0.981944 0.00682449
55 0.753125 0.765278 0.196875 0.2125 0.00651169
56 0.28125 0.496528 0.538281 0.981944 0.00636292
71 0.201221 0.312847 0.364746 0.611806 0.00564194
13 0.475391 0.499306 0.921094 0.979167 0.00534439
27 0.723437 0.766667 0.289062 0.4625 0.00518036
0 0.278516 0.499306 0.5375 0.984722 0.00508118
61 0.287891 0.323958 0.538281 0.634028 0.00496292
27 0.663672 0.618229 0.160156 0.241319 0.00477219
60 0.710547 0.848611 0.569531 0.291667 0.00477219
65 0.39541 0.732639 0.0669922 0.115278 0.0045929
79 0.726562 0.431944 0.046875 0.126389 0.00453949
57 0.473438 0.500694 0.925 0.988889 0.00446701
56 0.473438 0.500694 0.925 0.988889 0.00439835
44 0.394629 0.776389 0.0763672 0.205556 0.0042305
57 0.278711 0.497222 0.539453 0.981944 0.00419998
55 0.769531 0.916667 0.271875 0.152778 0.00352478
0 0.833594 0.578472 0.148438 0.548611 0.00341606
54 0.766016 0.823611 0.275781 0.338889 0.00302696
60 0.697266 1 0.605469 0 0.00299263
65 0.395215 0.751389 0.0736328 0.15 0.00294685
60 0.716797 0.909028 0.564844 0.170833 0.00294685
67 0.393652 0.723611 0.0642578 0.1 0.00277901
42 0.832812 0.38125 0.046875 0.1875 0.00263214
44 0.778906 0.627951 0.0578125 0.0913194 0.00252151
79 0.781055 0.390278 0.159766 0.190972 0.00250244
27 0.6625 0.659722 0.164062 0.141667 0.00224304
42 0.395703 0.770139 0.078125 0.193056 0.00206757
45 0.449902 0.060026 0.195508 0.113976 0.00194168
64 0.199268 0.312153 0.363184 0.611806 0.00189686
45 0.199609 0.313976 0.371094 0.613715 0.00189686
13 0.947656 0.922222 0.103125 0.0694444 0.00182438
60 0.767578 0.823611 0.278906 0.336111 0.0018034
79 0.830469 0.325 0.028125 0.0729167 0.00172043
44 0.725781 0.445139 0.0429688 0.143056 0.00168133
65 0.394434 0.784722 0.0767578 0.219444 0.00159168
25 0.277344 0.496528 0.538281 0.981944 0.00153637
79 0.838281 0.327778 0.04375 0.0805556 0.00153065
13 0.278711 0.497222 0.539453 0.981944 0.00151253
53 0.768359 0.823611 0.272656 0.341667 0.00149536
27 0.39375 0.797917 0.0742188 0.252778 0.00148392
44 0.395313 0.559635 0.0796875 0.655729 0.0014782
42 0.781055 0.390278 0.159766 0.190972 0.0014267
74 0.393652 0.723611 0.0642578 0.1 0.00138855
39 0.768359 0.823611 0.272656 0.341667 0.00136185
60 0.269336 0.497917 0.535547 0.9875 0.00134087
56 0.199609 0.315278 0.364063 0.616667 0.00130939
67 0.726562 0.434028 0.0476562 0.125 0.00126934
60 0.648535 0.797222 0.59043 0.391667 0.00126457
79 0.732031 0.475 0.090625 0.252778 0.00124454
42 0.830469 0.329167 0.0328125 0.0833333 0.00123024
76 0.781055 0.390278 0.159766 0.190972 0.0012207
44 0.781055 0.390278 0.159766 0.190972 0.00121117
42 0.826563 0.324306 0.03125 0.0743056 0.00117397
67 0.398047 0.765278 0.0742188 0.186111 0.00115108
60 0.704297 0.926389 0.591406 0.147222 0.00115108
42 0.839063 0.392361 0.0375 0.165278 0.00110722
76 0.73125 0.425694 0.05625 0.127778 0.00107765
72 0.260156 0.497222 0.507812 0.986111 0.00103188
0 0.807813 0.559375 0.20625 0.570139 0.00100803
0 0.643359 0.534028 0.580469 0.909722 0.930176
55 0.767969 0.822917 0.273438 0.340278 0.909668
27 0.658984 0.761806 0.15 0.443056 0.712402
27 0.659375 0.703993 0.153125 0.314236 0.0960083
27 0.659375 0.6375 0.151562 0.156944 0.0680542
41 0.199609 0.315278 0.364063 0.616667 0.0175171
61 0.199609 0.315278 0.364063 0.616667 0.0171814
75 0.199609 0.315278 0.364063 0.616667 0.00812531
55 0.752734 0.765278 0.196094 0.2125 0.00714874
56 0.28125 0.496528 0.5375 0.980556 0.00638962
61 0.28125 0.496528 0.5375 0.980556 0.00626373
55 0.757812 0.797222 0.228125 0.280556 0.00593567
27 0.663281 0.617882 0.159375 0.236458 0.00540543
79 0.726562 0.431944 0.0460938 0.126389 0.00524139
71 0.201221 0.312847 0.364746 0.611806 0.00519943
27 0.723437 0.766667 0.289062 0.4625 0.0050621
60 0.711719 0.850694 0.567187 0.2875 0.00486755
61 0.287891 0.323611 0.538281 0.633333 0.00471878
44 0.394629 0.777778 0.0763672 0.205556 0.00469971
0 0.278906 0.499306 0.536719 0.983333 0.0045929
13 0.475 0.5 0.917188 0.977778 0.00457382
65 0.394922 0.73125 0.0664062 0.1125 0.00436401
56 0.472656 0.5 0.921875 0.9875 0.00421524
55 0.769531 0.916667 0.271875 0.152778 0.00408554
0 0.832617 0.578125 0.147266 0.549306 0.00378036
57 0.472656 0.5 0.921875 0.9875 0.00351143
57 0.27793 0.496528 0.537891 0.981944 0.00345612
79 0.78125 0.390278 0.160938 0.191667 0.00323486
54 0.766406 0.823611 0.275 0.338889 0.00298119
60 0.698438 1 0.603125 0 0.0029583
67 0.393652 0.723611 0.0642578 0.1 0.00292397
60 0.717969 0.911111 0.5625 0.166667 0.00287819
65 0.395313 0.75 0.0734375 0.147222 0.00286674
42 0.832812 0.38125 0.046875 0.1875 0.00284576
44 0.778906 0.628472 0.0578125 0.0916667 0.0027256
27 0.6625 0.659722 0.1625 0.141667 0.00242424
42 0.395703 0.771528 0.078125 0.195833 0.00222588
45 0.449609 0.060026 0.196094 0.113976 0.00210762
45 0.199268 0.3125 0.363184 0.6125 0.00200272
13 0.947656 0.922222 0.103125 0.0694444 0.00199509
64 0.199268 0.3125 0.363184 0.6125 0.00196457
60 0.767969 0.823611 0.278125 0.336111 0.00179577
44 0.725781 0.445139 0.0429688 0.14375 0.00178909
79 0.830469 0.325 0.028125 0.0736111 0.00178242
27 0.39375 0.799306 0.0742188 0.255556 0.00174141
42 0.78125 0.390278 0.160938 0.191667 0.0017004
25 0.27793 0.496528 0.537891 0.981944 0.00168705
79 0.838281 0.327778 0.04375 0.0805556 0.00161648
76 0.78125 0.390278 0.160938 0.191667 0.00154305
74 0.393652 0.723611 0.0642578 0.1 0.00151253
65 0.394531 0.786806 0.0773438 0.226389 0.00151253
67 0.726562 0.433681 0.0476562 0.124306 0.00148964
44 0.395313 0.553559 0.0789063 0.667882 0.0014782
60 0.266797 0.497917 0.530469 0.9875 0.00147247
53 0.76875 0.823611 0.271875 0.341667 0.00146103
44 0.78125 0.390278 0.160938 0.191667 0.00143814
13 0.278516 0.496528 0.5375 0.981944 0.00138283
79 0.725781 0.470833 0.10625 0.248611 0.00136662
39 0.76875 0.823611 0.271875 0.341667 0.00136662
42 0.83125 0.329167 0.034375 0.0833333 0.00131989
76 0.730469 0.425 0.0546875 0.127778 0.0012846
56 0.199609 0.315278 0.364063 0.616667 0.0012598
42 0.826563 0.324306 0.0328125 0.075 0.00121593
60 0.649609 0.795833 0.591406 0.391667 0.00119686
42 0.839063 0.392361 0.0375 0.165278 0.00118351
67 0.398047 0.765278 0.0742188 0.183333 0.00114727
79 0.834375 0.378472 0.05 0.190278 0.00105667
60 0.705859 0.926389 0.588281 0.147222 0.00102043
0 0.809375 0.559028 0.203125 0.569444 0.00101185
0 0.642969 0.534028 0.579688 0.909722 0.933594
55 0.767969 0.822222 0.273438 0.338889 0.916504
27 0.658984 0.761806 0.15 0.443056 0.729492
27 0.659375 0.702778 0.153125 0.311111 0.103027
27 0.659375 0.6375 0.151562 0.156944 0.0710449
41 0.199609 0.315278 0.364063 0.616667 0.0176392
61 0.199609 0.315278 0.364063 0.616667 0.0176392
55 0.752734 0.765278 0.196094 0.211111 0.00793457
75 0.199609 0.315278 0.364063 0.616667 0.00790405
61 0.280859 0.495486 0.5375 0.979861 0.00695801
56 0.280859 0.495486 0.5375 0.979861 0.00674438
79 0.726562 0.431597 0.0460938 0.126389 0.00619125
55 0.757812 0.791667 0.225 0.266667 0.00609589
27 0.663281 0.61875 0.159375 0.234722 0.00588989
71 0.201221 0.312847 0.364746 0.611806 0.00553513
60 0.711719 0.854861 0.56875 0.279167 0.00524139
44 0.394531 0.777778 0.0757812 0.208333 0.00508118
61 0.2875 0.323524 0.5375 0.633507 0.00502014
27 0.722656 0.766493 0.289062 0.461458 0.00471878
0 0.278516 0.498611 0.536719 0.983333 0.00471878
55 0.769531 0.915972 0.271875 0.152778 0.00469971
65 0.394922 0.730556 0.0664062 0.111111 0.00446701
79 0.78125 0.390278 0.160938 0.193056 0.00446701
0 0.832812 0.577431 0.148438 0.549306 0.0042305
56 0.471094 0.499306 0.917188 0.9875 0.00403976
13 0.473828 0.5 0.914844 0.976389 0.00382423
67 0.393652 0.723611 0.0642578 0.1 0.00332451
57 0.27793 0.496528 0.537891 0.981944 0.00328636
42 0.832812 0.380903 0.046875 0.186806 0.00323486
60 0.717969 0.913889 0.5625 0.159722 0.00307465
60 0.697266 1 0.605469 0 0.0030632
44 0.778906 0.628472 0.0578125 0.0916667 0.00302696
65 0.395313 0.748611 0.0734375 0.145833 0.00292397
54 0.766406 0.823611 0.275 0.338889 0.00288963
57 0.471094 0.499306 0.917188 0.9875 0.00279999
42 0.39541 0.772222 0.0779297 0.197222 0.00247192
13 0.947656 0.922222 0.103125 0.0694444 0.00233269
42 0.78125 0.390278 0.160938 0.193056 0.00232315
45 0.449902 0.0602431 0.195508 0.114236 0.00211525
64 0.199219 0.312153 0.363281 0.611806 0.00211525
79 0.830469 0.325 0.028125 0.0736111 0.00210762
76 0.78125 0.390278 0.160938 0.193056 0.00205803
45 0.199658 0.314497 0.370996 0.614062 0.00203514
27 0.39375 0.800694 0.0742188 0.258333 0.00201035
67 0.726562 0.433681 0.0476562 0.124306 0.00195694
44 0.725781 0.444444 0.0429688 0.141667 0.00195694
44 0.78125 0.390278 0.160938 0.193056 0.00192642
60 0.767969 0.823611 0.278125 0.336111 0.00192642
79 0.838281 0.327778 0.04375 0.0805556 0.00188255
76 0.729688 0.425694 0.0523438 0.127778 0.0017271
79 0.729688 0.457292 0.0953125 0.215972 0.00163555
74 0.393652 0.723611 0.0642578 0.1 0.00161076
65 0.394531 0.7875 0.0765625 0.227778 0.0015974
25 0.27793 0.496528 0.537891 0.981944 0.0015974
42 0.830469 0.329167 0.0328125 0.0833333 0.00156689
44 0.395313 0.55 0.0789063 0.675 0.00152493
53 0.76875 0.822917 0.271875 0.341667 0.00152493
60 0.264453 0.497917 0.525781 0.9875 0.0015192
27 0.666406 0.65625 0.157813 0.116667 0.00136662
39 0.76875 0.822917 0.271875 0.341667 0.00135612
42 0.839063 0.392361 0.0375 0.165278 0.00134087
13 0.278516 0.496528 0.536719 0.981944 0.00133514
56 0.199609 0.315278 0.364063 0.616667 0.00132465
67 0.397559 0.763889 0.0736328 0.183333 0.00126457
79 0.834375 0.378472 0.05 0.190278 0.00121593
60 0.651172 0.795833 0.594531 0.391667 0.00121117
67 0.783594 0.388194 0.160938 0.202778 0.00120163
44 0.728125 0.431944 0.053125 0.116667 0.0011425
42 0.726562 0.432639 0.046875 0.125694 0.0011158
79 0.690234 0.508333 0.277344 0.272222 0.00110722
0 0.810156 0.558681 0.201563 0.56875 0.00105286
79 0.738281 0.448264 0.0765625 0.149306 0.00103664
27 0.65 0.83125 0.0554687 0.290278 0.00102806
72 0.257031 0.497222 0.5 0.986111 0.00100803
0 0.642969 0.534028 0.579688 0.909722 0.934082
55 0.767969 0.822222 0.273438 0.338889 0.916016
27 0.658984 0.761806 0.15 0.443056 0.729492
27 0.659375 0.703472 0.153125 0.3125 0.103027
27 0.659375 0.6375 0.151562 0.156944 0.0698242
61 0.199609 0.315278 0.364063 0.616667 0.0177765
41 0.199609 0.315278 0.364063 0.616667 0.0175171
75 0.199609 0.315278 0.364063 0.616667 0.00796509
55 0.752734 0.765278 0.196094 0.211111 0.00787354
61 0.280859 0.495486 0.5375 0.979861 0.00682449
56 0.280859 0.495486 0.5375 0.979861 0.00677109
79 0.726562 0.431597 0.0460938 0.126389 0.00609589
55 0.757812 0.791667 0.225 0.266667 0.00609589
27 0.663281 0.618056 0.159375 0.236111 0.005867
71 0.201221 0.3125 0.364746 0.611111 0.00561905
60 0.711719 0.854861 0.56875 0.279167 0.00524139
44 0.394531 0.777778 0.0757812 0.206944 0.0051384
61 0.2875 0.323611 0.5375 0.633333 0.00498199
27 0.722656 0.766493 0.289062 0.461458 0.00482941
0 0.278516 0.498611 0.536719 0.983333 0.00477219
55 0.769531 0.915972 0.271875 0.152778 0.00468063
79 0.78125 0.390278 0.160938 0.193056 0.00462723
65 0.393652 0.723611 0.0642578 0.1 0.00452042
0 0.832812 0.577431 0.148438 0.549306 0.00421524
56 0.471094 0.499306 0.917188 0.9875 0.00397491
13 0.474219 0.5 0.914062 0.975 0.00376511
67 0.393652 0.723611 0.0642578 0.1 0.00338936
57 0.278125 0.496528 0.5375 0.981944 0.00327301
42 0.832812 0.380903 0.046875 0.186806 0.00322342
60 0.717969 0.913889 0.5625 0.158333 0.003088
60 0.697266 1 0.605469 0 0.00301552
44 0.778906 0.628472 0.0578125 0.0916667 0.00299263
65 0.395313 0.748611 0.0734375 0.145833 0.00293541
54 0.766406 0.823611 0.275 0.338889 0.00283432
57 0.471094 0.499306 0.917188 0.9875 0.00274658
42 0.39541 0.772222 0.0779297 0.197222 0.00251198
13 0.947656 0.922222 0.103125 0.0694444 0.00235939
42 0.78125 0.390278 0.160938 0.193056 0.00234222
79 0.830469 0.325 0.028125 0.0736111 0.00211525
45 0.449902 0.0600694 0.195508 0.114236 0.00210762
76 0.78125 0.390278 0.160938 0.193056 0.00209999
64 0.199414 0.312153 0.363672 0.611806 0.00209999
45 0.199658 0.313976 0.370996 0.613715 0.00203514
27 0.39375 0.800694 0.0742188 0.258333 0.00199509
44 0.78125 0.390278 0.160938 0.193056 0.00195694
44 0.725781 0.444792 0.0429688 0.142361 0.00193405
60 0.767969 0.823611 0.278125 0.336111 0.00193405
79 0.838281 0.327778 0.04375 0.0805556 0.00189686
67 0.726562 0.433681 0.0476562 0.124306 0.00189686
76 0.729688 0.425347 0.053125 0.127778 0.00169373
74 0.393652 0.723611 0.0642578 0.1 0.00164223
25 0.278125 0.496528 0.5375 0.981944 0.00164223
79 0.728906 0.459028 0.1 0.222222 0.00162315
65 0.394531 0.7875 0.0765625 0.227778 0.00157928
42 0.830469 0.329167 0.0328125 0.0833333 0.00154305
53 0.76875 0.822917 0.271875 0.341667 0.00153637
44 0.395313 0.548958 0.0789063 0.677083 0.00152493
60 0.264453 0.497917 0.525781 0.9875 0.0015192
39 0.76875 0.822917 0.271875 0.341667 0.00135612
27 0.666406 0.65625 0.157813 0.116667 0.00134563
42 0.839063 0.392361 0.0375 0.165278 0.00133514
56 0.199609 0.315278 0.364063 0.616667 0.00133038
13 0.278516 0.496875 0.536719 0.98125 0.00131512
67 0.397559 0.763889 0.0736328 0.183333 0.00126934
79 0.834375 0.378472 0.05 0.190278 0.00123024
67 0.783594 0.388194 0.160938 0.202778 0.0012207
60 0.650781 0.795833 0.59375 0.391667 0.00120163
44 0.728125 0.431944 0.053125 0.117361 0.00112915
42 0.726562 0.432639 0.046875 0.125694 0.00112438
79 0.691797 0.508333 0.280469 0.273611 0.0011158
79 0.738281 0.448611 0.0765625 0.15 0.00104809
27 0.65 0.83125 0.0554687 0.290278 0.00103664
0 0.810156 0.558333 0.201563 0.569444 0.00103188
60 0.704688 0.927083 0.590625 0.145833 0.00101185
