23 0.687207 0.550391 0.620902 0.886719 0.84082
23 0.354801 0.615723 0.492974 0.763867 0.750488
23 0.547424 0.54375 0.90281 0.882812 0.147095
23 0.196721 0.733203 0.165105 0.352344 0.00419998
23 0.674473 0.785742 0.641686 0.416016 0.0037365
23 0.515222 0.434473 0.360656 0.666992 0.00232315
23 0.206089 0.755859 0.175644 0.480469 0.00200272
23 0.312061 0.721094 0.386417 0.553125 0.00174141
23 0.530445 0.167383 0.28103 0.135156 0.00126457
23 0.66452 0.422754 0.562061 0.648242 0.00123978
23 0.421692 0.522656 0.500878 0.835938 0.00117874
23 0.549766 0.836719 0.393443 0.3125 0.00109482
23 0.853044 0.885156 0.291569 0.226562 0.00109005
23 0.687207 0.550781 0.620902 0.882812 0.858887
23 0.356265 0.613379 0.494731 0.768555 0.757812
23 0.548595 0.54375 0.90281 0.88125 0.136108
23 0.674327 0.790625 0.641979 0.407813 0.00286674
23 0.196721 0.729297 0.163934 0.344531 0.00261116
23 0.666423 0.409277 0.566452 0.620508 0.00131512
23 0.530445 0.167676 0.282201 0.135742 0.00112915
23 0.857143 0.904688 0.283372 0.1875 0.00100803
23 0.686183 0.552344 0.622951 0.885938 0.859863
23 0.36007 0.603906 0.502342 0.789062 0.715332
23 0.549766 0.544141 0.900468 0.883594 0.15979
23 0.674473 0.789062 0.644028 0.410938 0.00183868
40 0.685597 0.551953 0.624122 0.878906 0.00101662
53 0.685597 0.551953 0.624122 0.878906 0.00101185
23 0.659251 0.360156 0.552693 0.523438 0.00100803
23 0.685158 0.554688 0.627342 0.884375 0.858887
23 0.364461 0.587109 0.512295 0.824219 0.666992
23 0.548156 0.544531 0.899005 0.885938 0.174927
23 0.673888 0.786719 0.647541 0.414062 0.00118828
23 0.661446 0.358594 0.555328 0.519531 0.00112438
40 0.684426 0.554688 0.626464 0.878125 0.00101662
23 0.683987 0.55625 0.627342 0.884375 0.875977
23 0.366218 0.578125 0.515808 0.84375 0.672363
23 0.547424 0.544922 0.895784 0.885156 0.142212
23 0.673302 0.790625 0.648712 0.40625 0.00144386
23 0.686183 0.398047 0.603044 0.597656 0.00125504
40 0.683255 0.55625 0.626464 0.878125 0.00116062
53 0.683255 0.55625 0.626464 0.878125 0.00105667
23 0.682084 0.55625 0.631148 0.885938 0.875977
23 0.367681 0.570312 0.518735 0.859375 0.647949
23 0.550205 0.548438 0.890222 0.896875 0.129395
23 0.688525 0.428223 0.613583 0.656055 0.00307465
23 0.672278 0.79375 0.650761 0.4 0.00157356
23 0.657933 0.353516 0.548302 0.507031 0.0011692
40 0.682084 0.555469 0.628806 0.88125 0.00109482
5 0.682084 0.55625 0.631148 0.885938 0.00106049
17 0.680474 0.550391 0.634368 0.899219 0.00100422
23 0.681352 0.55625 0.632611 0.885938 0.876465
23 0.366218 0.572656 0.514637 0.854688 0.618652
23 0.546838 0.544141 0.899297 0.883594 0.121704
23 0.689696 0.41748 0.613583 0.633789 0.00388527
23 0.672131 0.794531 0.653396 0.398438 0.00168705
5 0.681352 0.55625 0.632611 0.885938 0.00121117
23 0.681645 0.557422 0.632026 0.880469 0.890137
23 0.359485 0.597266 0.5 0.805469 0.694336
23 0.547424 0.54375 0.90281 0.882812 0.325928
23 0.689696 0.391016 0.611241 0.582031 0.0069046
23 0.672278 0.795313 0.653103 0.396875 0.00333786
5 0.68267 0.55625 0.627635 0.875 0.00158501
23 0.857143 0.885938 0.28103 0.225 0.00137806
0 0.436915 0.200195 0.0980679 0.0402344 0.00104427
53 0.68267 0.55625 0.627635 0.875 0.00104046
23 0.679157 0.557422 0.637002 0.880469 0.878906
23 0.358021 0.6 0.497073 0.8 0.682617
23 0.546838 0.543359 0.903981 0.883594 0.377441
23 0.689696 0.396094 0.611241 0.592188 0.00706482
23 0.666276 0.677344 0.65808 0.634375 0.00511932
23 0.673302 0.79668 0.648712 0.394141 0.00374985
23 0.857143 0.88418 0.283372 0.228516 0.00234985
5 0.681352 0.556641 0.630269 0.875781 0.00178242
5 0.546838 0.543359 0.903981 0.883594 0.00136662
20 0.657494 0.559375 0.680328 0.88125 0.00106907
53 0.681352 0.556641 0.630269 0.875781 0.00106907
6 0.671546 0.560156 0.652225 0.879687 0.00101662
23 0.675644 0.557031 0.644028 0.882812 0.86084
23 0.358314 0.594531 0.497658 0.810938 0.642578
23 0.545082 0.542969 0.905152 0.885938 0.392334
23 0.689696 0.400879 0.611241 0.60293 0.00588989
23 0.666276 0.688672 0.65808 0.611719 0.00521851
23 0.673302 0.795313 0.648712 0.396875 0.00367928
23 0.857728 0.882812 0.282201 0.23125 0.00332451
5 0.679157 0.55625 0.63466 0.878125 0.00157356
5 0.545082 0.542969 0.905152 0.885938 0.00148964
20 0.645784 0.558594 0.703747 0.882812 0.00113392
53 0.679157 0.55625 0.63466 0.878125 0.00109005
6 0.662763 0.558594 0.669789 0.882812 0.00102043
23 0.67096 0.54375 0.655738 0.890625 0.835449
23 0.359485 0.583203 0.5 0.833594 0.567871
23 0.689696 0.405859 0.613583 0.6125 0.00488663
23 0.666276 0.688281 0.65808 0.6125 0.00362206
23 0.858314 0.882812 0.28103 0.23125 0.00344276
23 0.673448 0.796094 0.648419 0.395313 0.00314713
23 0.481411 0.549609 0.742096 0.900781 0.00219154
5 0.544496 0.541406 0.906323 0.8875 0.00133514
5 0.678132 0.555859 0.63671 0.878906 0.00127411
53 0.678132 0.555859 0.63671 0.878906 0.00107288
20 0.634514 0.557813 0.723946 0.884375 0.00105667
23 0.661007 0.544531 0.675644 0.892188 0.819824
23 0.356265 0.599609 0.492389 0.800781 0.546875
23 0.689696 0.419141 0.613583 0.639844 0.00466537
23 0.858899 0.882031 0.279859 0.232813 0.00359344
23 0.66613 0.696875 0.658372 0.595313 0.00309944
23 0.673888 0.795313 0.647541 0.396875 0.00307465
23 0.492828 0.549219 0.766101 0.901563 0.00230598
5 0.54274 0.542188 0.909836 0.8875 0.00138283
23 0.486973 0.429688 0.555328 0.651563 0.00129414
23 0.662763 0.342383 0.559719 0.485547 0.00124454
20 0.625439 0.557813 0.742096 0.884375 0.00105667
53 0.676815 0.55625 0.639344 0.879687 0.00105667
5 0.676815 0.55625 0.639344 0.879687 0.00102806
23 0.666862 0.55625 0.663934 0.884375 0.811523
23 0.358899 0.582031 0.485948 0.835938 0.560059
23 0.687354 0.446777 0.611241 0.69707 0.0161591
23 0.562207 0.514844 0.838115 0.835938 0.00661469
23 0.86007 0.88125 0.277518 0.234375 0.00468063
23 0.435451 0.524609 0.604508 0.847656 0.00418091
23 0.673302 0.795508 0.648712 0.396484 0.00298119
23 0.66613 0.699609 0.658372 0.589844 0.00206757
23 0.477166 0.436328 0.546838 0.664844 0.00181007
5 0.542301 0.542188 0.910714 0.8875 0.00130463
23 0.664081 0.343164 0.56411 0.487109 0.0012846
53 0.67579 0.555469 0.641393 0.879687 0.00104427
23 0.665252 0.55625 0.667155 0.882812 0.82666
23 0.359192 0.578516 0.486534 0.842969 0.59082
23 0.687207 0.433203 0.611534 0.670313 0.0164032
23 0.558548 0.514063 0.843091 0.832812 0.00748825
23 0.860656 0.880469 0.276347 0.235938 0.0064888
23 0.429157 0.523828 0.594848 0.846094 0.00595856
23 0.673302 0.796094 0.648712 0.395313 0.00291252
23 0.470726 0.433984 0.533958 0.660156 0.00227928
23 0.665252 0.343555 0.566452 0.487891 0.00138283
23 0.666276 0.695703 0.65808 0.597656 0.00117874
5 0.54274 0.541406 0.909836 0.884375 0.00109863
53 0.675059 0.55625 0.642857 0.878125 0.00104427
0 0 0.942187 0 0.115625 0.00103188
23 0.667447 0.557031 0.665105 0.879687 0.84375
23 0.358607 0.582812 0.486534 0.834375 0.635254
23 0.687207 0.428516 0.611534 0.660156 0.0171814
23 0.861241 0.880469 0.275176 0.235938 0.0091629
23 0.557231 0.513672 0.841042 0.832031 0.00891876
23 0.425644 0.523047 0.586651 0.846094 0.0077858
23 0.673302 0.796094 0.648712 0.395313 0.00329781
23 0.466628 0.433984 0.521077 0.661719 0.0029583
23 0.666276 0.345313 0.569087 0.491406 0.00151253
0 0 0.942969 0 0.114063 0.00123024
23 0.944965 0.878906 0.11007 0.2375 0.00117874
5 0.543472 0.541797 0.908372 0.882031 0.00117874
53 0.67579 0.557813 0.641393 0.873438 0.00106907
23 0.665105 0.557813 0.669789 0.875 0.85498
23 0.358899 0.585156 0.487119 0.829688 0.656738
23 0.686768 0.424609 0.612412 0.651563 0.0196381
23 0.861241 0.880469 0.275176 0.2375 0.0118713
23 0.490632 0.549219 0.765808 0.901563 0.011116
23 0.672717 0.796094 0.649883 0.396875 0.00359344
23 0.462529 0.432715 0.512881 0.65957 0.00337601
23 0.614608 0.343945 0.492096 0.488672 0.00174141
23 0.944965 0.878906 0.11007 0.2375 0.00146675
0 0 0.94375 0 0.1125 0.00126457
5 0.543325 0.541406 0.908665 0.879687 0.00119686
53 0.675059 0.559375 0.642857 0.86875 0.00107288
23 0.663788 0.559375 0.672424 0.871875 0.863281
23 0.358314 0.589063 0.487119 0.821875 0.686035
23 0.686036 0.450781 0.61856 0.704688 0.0237732
23 0.861827 0.879883 0.274005 0.237109 0.0147324
23 0.48185 0.549609 0.745902 0.900781 0.0125732
23 0.672717 0.795117 0.649883 0.397266 0.00413513
23 0.460773 0.433203 0.507026 0.660937 0.00370789
23 0.606557 0.345117 0.477752 0.491016 0.00197983
23 0.944965 0.87793 0.11007 0.237891 0.00165462
0 0 0.944531 0 0.110937 0.00124931
5 0.543325 0.542188 0.908665 0.878125 0.00118351
53 0.674473 0.560938 0.644028 0.865625 0.00112438
23 0.663934 0.559375 0.672131 0.871875 0.863281
23 0.358314 0.588672 0.487119 0.822656 0.684082
23 0.685158 0.45 0.617974 0.703125 0.0236969
23 0.861827 0.879883 0.274005 0.237109 0.0147858
23 0.480679 0.549609 0.744731 0.900781 0.012825
23 0.672717 0.795117 0.649883 0.397266 0.00413513
23 0.460773 0.433984 0.507026 0.661719 0.00372124
23 0.605386 0.345313 0.47541 0.491406 0.00197983
23 0.944965 0.878906 0.11007 0.2375 0.00168705
0 0 0.945312 0 0.109375 0.00123024
5 0.543472 0.542188 0.908372 0.878125 0.00117874
53 0.674473 0.560938 0.644028 0.864062 0.00112438
