0 0.725391 0.700533 0.180469 0.46889 0.90918
0 0.362695 0.730942 0.141797 0.41704 0.904785
0 0.505859 0.644058 0.145313 0.606502 0.89502
29 0.453125 0.273543 0.0546875 0.0448431 0.827637
29 0.324414 0.626682 0.0515625 0.0807175 0.126831
32 0.822656 0.64574 0.015625 0.0358744 0.0467224
0 0.00683594 0.802691 0.011377 0.112108 0.0432129
0 0.0078125 0.831839 0.0138672 0.174888 0.0361633
29 0.421094 0.599776 0.0203125 0.0358744 0.0257568
32 0.323828 0.626121 0.0507812 0.0807175 0.0231476
29 0.45 0.370516 0.0375 0.059417 0.0162201
29 0.420312 0.608184 0.0234375 0.0526906 0.0091629
0 0.0112793 0.867713 0.0206055 0.237668 0.00908661
0 0.0117676 0.82287 0.0219727 0.152466 0.00905609
29 0.333594 0.630045 0.0488281 0.0672646 0.00847626
29 0.540625 0.654148 0.0703125 0.0482063 0.00818634
32 0.421094 0.599776 0.0203125 0.0358744 0.00757599
29 0.00727539 0.797085 0.0116211 0.0964126 0.00720596
29 0.453906 0.392937 0.04375 0.103139 0.00701141
32 0.803125 0.878924 0.01875 0.0470852 0.0069313
0 0.0155273 0.871076 0.0277344 0.246637 0.00661469
0 0.539062 0.472534 0.0554687 0.152466 0.00572968
0 0.0109863 0.798767 0.0209961 0.103139 0.0051384
0 0.00859375 0.8537 0.0163574 0.215247 0.0050621
29 0.414844 0.621076 0.0335938 0.0807175 0.00445175
32 0.332813 0.633408 0.046875 0.0639013 0.00353813
0 0.541406 0.505605 0.0640625 0.217489 0.00344276
33 0.00727539 0.797085 0.0116211 0.0964126 0.00336266
33 0.00783691 0.83296 0.0148926 0.168161 0.00318527
32 0.420312 0.608184 0.0234375 0.0526906 0.00277901
29 0.822656 0.64574 0.015625 0.0358744 0.00271416
32 0.486328 0.893498 0.0421875 0.0650224 0.00259018
0 0.734375 0.679933 0.132812 0.436099 0.00257111
29 0.443359 0.367152 0.0203125 0.0493274 0.00226974
29 0.379297 0.627803 0.0585938 0.0717489 0.00219154
0 0.542188 0.550448 0.0671875 0.311659 0.00209045
34 0.00690918 0.79204 0.0113281 0.0840807 0.00199509
29 0.486328 0.893498 0.0421875 0.0650224 0.00199509
32 0.00690918 0.79204 0.0113281 0.0840807 0.00193405
32 0.803125 0.88565 0.021875 0.058296 0.00191212
29 0.708594 0.485146 0.0140625 0.0454036 0.00183105
34 0.539062 0.460202 0.0578125 0.131166 0.0018034
38 0.322266 0.627803 0.0476562 0.0852018 0.00174809
14 0.0079834 0.839126 0.015332 0.178251 0.00174141
32 0.452344 0.273823 0.0539063 0.0459641 0.00171375
34 0.454688 0.403868 0.046875 0.118274 0.00160408
38 0.453125 0.272982 0.0546875 0.0448431 0.00154305
29 0.464063 0.313341 0.075 0.142377 0.00141048
0 0.229102 0.735426 0.413672 0.403587 0.00140476
0 0.823438 0.64574 0.015625 0.0358744 0.00126457
35 0.823438 0.64574 0.015625 0.0358744 0.00123978
67 0.708594 0.485146 0.0140625 0.0454036 0.00118828
29 0.538281 0.446749 0.05625 0.1037 0.0011158
29 0.417969 0.616592 0.028125 0.0683857 0.00109863
29 0.452344 0.285874 0.0546875 0.0717489 0.00104046
0 0.725391 0.700813 0.180469 0.470572 0.915039
0 0.362891 0.730381 0.142188 0.418161 0.907227
0 0.50625 0.643638 0.146875 0.607343 0.900391
29 0.453125 0.273543 0.0546875 0.0448431 0.85498
29 0.324414 0.626682 0.0511719 0.0807175 0.146118
32 0.822656 0.645179 0.015625 0.0347534 0.0514526
0 0.00693359 0.801009 0.0114258 0.108744 0.0432129
0 0.00791016 0.83296 0.0147461 0.168161 0.0351562
29 0.421094 0.599776 0.0203125 0.0358744 0.0316162
32 0.323828 0.625561 0.0507812 0.0807175 0.0275879
29 0.45 0.368834 0.0375 0.0571749 0.014389
29 0.540625 0.654148 0.0695313 0.0482063 0.0123367
29 0.420312 0.606502 0.0234375 0.0493274 0.0109024
29 0.333594 0.630605 0.0484375 0.0672646 0.0104065
32 0.421094 0.599776 0.0203125 0.0358744 0.00985718
0 0.0118164 0.822309 0.0219727 0.152466 0.00912476
32 0.803125 0.878924 0.01875 0.0448431 0.00787354
0 0.0113037 0.867153 0.0205566 0.236547 0.0078125
29 0.00732422 0.797085 0.0116211 0.0941704 0.00703812
0 0.539062 0.471973 0.05625 0.152466 0.0064621
29 0.453906 0.392937 0.04375 0.1037 0.00616837
0 0.0110352 0.798206 0.0208984 0.100897 0.00547028
0 0.0157715 0.871076 0.028125 0.246637 0.0053215
29 0.414844 0.621076 0.0328125 0.0807175 0.00524139
0 0.541406 0.506166 0.0640625 0.220852 0.00403976
32 0.332813 0.633408 0.046875 0.0639013 0.00391388
33 0.00732422 0.797085 0.0116211 0.0941704 0.00351143
32 0.420312 0.606502 0.0234375 0.0493274 0.00338936
29 0.822656 0.645179 0.015625 0.0347534 0.00333786
33 0.00791016 0.83296 0.0147461 0.168161 0.00329781
29 0.442969 0.366592 0.0203125 0.0482063 0.0027256
32 0.486719 0.894058 0.0421875 0.0639013 0.00268364
0 0.541797 0.548066 0.0671875 0.307455 0.00260162
0 0.7375 0.681054 0.128125 0.438341 0.00259018
29 0.379297 0.627803 0.0585938 0.0717489 0.002388
34 0.539062 0.459641 0.0578125 0.130045 0.00218201
32 0.00693359 0.79148 0.0113281 0.0829596 0.00210762
29 0.708594 0.484865 0.0140625 0.0448431 0.00209999
38 0.453125 0.272982 0.0539063 0.0448431 0.00197983
29 0.486719 0.894058 0.0421875 0.0639013 0.00194168
38 0.322266 0.627803 0.0476562 0.0852018 0.00193405
32 0.802344 0.88565 0.0234375 0.058296 0.00189686
34 0.00693359 0.79148 0.0113281 0.0829596 0.00188923
32 0.453125 0.272982 0.0539063 0.0448431 0.00184631
0 0.823438 0.64574 0.015625 0.0358744 0.00175476
29 0.464063 0.313061 0.0734375 0.141256 0.00161076
34 0.454688 0.404709 0.0476562 0.119955 0.00156116
14 0.00805664 0.838565 0.0151367 0.17713 0.00151253
67 0.708594 0.484865 0.0140625 0.0448431 0.00144958
29 0.417969 0.61435 0.028125 0.0639013 0.00138283
29 0.539062 0.459081 0.059375 0.128924 0.00129414
29 0.646094 0.5 0.0171875 0.029148 0.00119686
35 0.823438 0.64574 0.015625 0.0358744 0.0011692
33 0.453125 0.272982 0.0539063 0.0448431 0.00113392
29 0.646875 0.503363 0.0203125 0.0347534 0.00110722
29 0.452734 0.285874 0.0546875 0.0723094 0.00108624
29 0.651563 0.505045 0.0296875 0.0369955 0.00108624
0 0.436035 0.682595 0.295117 0.518218 0.00102425
0 0.725781 0.701233 0.18125 0.470852 0.914551
0 0.363086 0.730381 0.143359 0.418161 0.907227
0 0.50625 0.643498 0.146875 0.607623 0.902832
29 0.453125 0.273543 0.0546875 0.0448431 0.875977
29 0.324219 0.626682 0.0507812 0.0807175 0.155029
32 0.822656 0.645179 0.015625 0.0347534 0.0522461
0 0.00698242 0.800448 0.0114258 0.107623 0.0414734
29 0.421094 0.599776 0.0203125 0.0347534 0.0362244
0 0.00793457 0.83296 0.0146484 0.168161 0.0342407
32 0.323828 0.625561 0.0511719 0.0807175 0.0297546
29 0.540625 0.654148 0.0695313 0.0482063 0.0167847
29 0.449609 0.368274 0.0367188 0.0560538 0.0151291
32 0.421094 0.599776 0.0203125 0.0347534 0.0123367
29 0.420312 0.605942 0.0226563 0.0482063 0.0119629
29 0.333594 0.630605 0.0488281 0.0672646 0.0110703
0 0.0118652 0.821749 0.0219727 0.152466 0.00888062
32 0.803125 0.877803 0.01875 0.0448431 0.00854492
0 0.539062 0.471973 0.05625 0.152466 0.00717545
0 0.0114258 0.866592 0.0207031 0.235426 0.00698471
29 0.00739746 0.796525 0.0116699 0.0941704 0.00666809
29 0.453125 0.391256 0.0398437 0.0997758 0.00614548
29 0.414844 0.621076 0.0328125 0.0807175 0.00575256
0 0.0110352 0.797646 0.0208008 0.100897 0.00568771
0 0.0160156 0.870516 0.0285156 0.246637 0.00446701
32 0.332813 0.633408 0.0472656 0.0650224 0.00415039
32 0.420312 0.605942 0.0226563 0.0482063 0.00407028
0 0.541406 0.506166 0.0640625 0.220852 0.00399017
29 0.822656 0.645179 0.015625 0.0347534 0.00395966
33 0.00739746 0.796525 0.0116699 0.0941704 0.00349617
29 0.442969 0.366312 0.0203125 0.0470852 0.00301552
33 0.00793457 0.83296 0.0146484 0.168161 0.00300407
32 0.486719 0.894058 0.0421875 0.0639013 0.00265312
29 0.379297 0.627242 0.0585938 0.0706278 0.00257111
34 0.538672 0.448431 0.05625 0.107623 0.00256157
38 0.453125 0.272982 0.0539063 0.0448431 0.00253105
0 0.734375 0.679372 0.134375 0.436099 0.00251198
32 0.453125 0.272982 0.0539063 0.0448431 0.0024929
29 0.708203 0.484585 0.0132813 0.0442825 0.00226974
32 0.00700684 0.79148 0.0112793 0.0829596 0.00217438
32 0.802344 0.88565 0.0234375 0.058296 0.00200272
38 0.322266 0.627803 0.0476562 0.0852018 0.00193405
29 0.486719 0.894058 0.0421875 0.0639013 0.00188255
0 0.822656 0.64574 0.015625 0.0358744 0.00185299
34 0.00700684 0.79148 0.0112793 0.0829596 0.00183105
67 0.708203 0.484585 0.0132813 0.0442825 0.00168705
29 0.463281 0.31278 0.071875 0.140135 0.00165462
29 0.417969 0.613229 0.028125 0.0605381 0.00164223
34 0.454688 0.404709 0.0476562 0.119955 0.00157928
33 0.453125 0.272982 0.0539063 0.0448431 0.00150108
29 0.539062 0.45852 0.059375 0.127803 0.00145531
0 0.542969 0.548066 0.06875 0.307455 0.00145531
29 0.645703 0.5 0.0171875 0.029148 0.00137806
14 0.00805664 0.838565 0.0151367 0.179372 0.00131512
29 0.646875 0.503363 0.0203125 0.0347534 0.0012207
35 0.822656 0.64574 0.015625 0.0358744 0.00119209
29 0.651563 0.504484 0.0296875 0.0369955 0.00118351
29 0.452344 0.285874 0.0546875 0.0717489 0.00112915
32 0.797656 0.886211 0.0296875 0.058296 0.00106907
41 0.822656 0.64574 0.015625 0.0358744 0.00104809
32 0.415625 0.623318 0.0328125 0.0818386 0.00103664
0 0.725781 0.701233 0.18125 0.473094 0.915039
0 0.506641 0.642237 0.147656 0.607904 0.907227
0 0.363281 0.729821 0.142969 0.419283 0.904785
29 0.453125 0.273543 0.0546875 0.0442825 0.891602
29 0.324219 0.626682 0.0507812 0.0795964 0.189575
32 0.822656 0.645179 0.015625 0.0347534 0.0526123
29 0.421094 0.599776 0.0203125 0.0347534 0.0453491
0 0.00690918 0.799327 0.0112793 0.105381 0.0381775
32 0.323828 0.625561 0.0511719 0.0807175 0.0362244
0 0.00793457 0.83352 0.0147461 0.169283 0.0303802
29 0.540625 0.654148 0.0703125 0.0470852 0.018692
29 0.449219 0.367152 0.0359375 0.0538117 0.0159607
29 0.333594 0.630045 0.0492188 0.0672646 0.0147324
32 0.421094 0.599776 0.0203125 0.0347534 0.0146713
32 0.803906 0.877803 0.01875 0.0426009 0.00945282
0 0.0119141 0.821749 0.0219727 0.152466 0.00841522
0 0.539062 0.471973 0.0554687 0.151345 0.00787354
29 0.453125 0.390975 0.0398437 0.0992153 0.0068779
29 0.414844 0.621076 0.0328125 0.0807175 0.0064621
29 0.00737305 0.795964 0.0114746 0.0930493 0.0064621
0 0.0115723 0.866592 0.0210938 0.236547 0.00593567
0 0.0110352 0.797085 0.0208008 0.0997758 0.00572968
32 0.332813 0.632287 0.0484375 0.0661435 0.00486755
29 0.822656 0.645179 0.015625 0.0347534 0.00462723
0 0.0163086 0.870516 0.0291016 0.246637 0.00365067
29 0.442969 0.365471 0.0195312 0.0459641 0.00362206
29 0.379297 0.626682 0.0585938 0.0695067 0.00355148
0 0.541406 0.505605 0.0640625 0.219731 0.00341606
33 0.00737305 0.795964 0.0114746 0.0930493 0.00319672
38 0.453125 0.272702 0.0539063 0.0442825 0.00312424
32 0.453125 0.272702 0.0539063 0.0442825 0.00302696
34 0.538672 0.44787 0.05625 0.107623 0.00301552
29 0.420312 0.606502 0.0234375 0.0504484 0.0027256
32 0.486719 0.894058 0.0421875 0.0639013 0.00264168
29 0.708203 0.484025 0.0132813 0.0431614 0.00250244
33 0.00793457 0.83352 0.0147461 0.169283 0.00245285
32 0.00700684 0.79148 0.0111816 0.0829596 0.00226021
29 0.486719 0.894058 0.0421875 0.0639013 0.00219917
32 0.801562 0.88565 0.021875 0.058296 0.00214005
38 0.322266 0.627242 0.0476562 0.0840807 0.00209045
33 0.453125 0.272702 0.0539063 0.0442825 0.00192642
67 0.708203 0.484025 0.0132813 0.0431614 0.00192642
29 0.539062 0.45824 0.059375 0.127242 0.00186729
0 0.822656 0.64574 0.015625 0.0358744 0.00178909
34 0.00700684 0.79148 0.0111816 0.0829596 0.00178909
29 0.645703 0.5 0.0171875 0.0280269 0.00169373
29 0.4625 0.31222 0.0703125 0.139013 0.00154305
34 0.454688 0.404428 0.0484375 0.119395 0.00152493
29 0.646875 0.503363 0.0203125 0.0347534 0.00151253
29 0.651563 0.504484 0.0296875 0.0358744 0.00146675
0 0.542969 0.547646 0.06875 0.307175 0.00134087
29 0.342578 0.623318 0.0679687 0.0941704 0.00129414
14 0.00805664 0.839126 0.015332 0.179372 0.00120163
32 0.416016 0.623318 0.0328125 0.0818386 0.00118828
35 0.822656 0.64574 0.015625 0.0358744 0.00112057
41 0.822656 0.64574 0.015625 0.0358744 0.0011158
29 0.452344 0.285874 0.0546875 0.0717489 0.00105286
0 0.726172 0.701233 0.182031 0.471973 0.916504
0 0.50625 0.641816 0.148438 0.608744 0.911621
0 0.363281 0.730942 0.142969 0.419283 0.898926
29 0.453125 0.273543 0.0546875 0.043722 0.896484
29 0.324219 0.626682 0.0503906 0.0784753 0.191895
29 0.421094 0.599776 0.0203125 0.0336323 0.0481262
32 0.822656 0.644619 0.015625 0.0336323 0.0477905
32 0.323828 0.625561 0.0507812 0.0807175 0.0405273
0 0.00737305 0.795964 0.0114258 0.0919283 0.0353394
0 0.00788574 0.834081 0.0148437 0.170404 0.0236969
29 0.540625 0.654148 0.0703125 0.0470852 0.0188293
32 0.421094 0.599776 0.0203125 0.0336323 0.0172424
29 0.333398 0.630045 0.0488281 0.0672646 0.0154266
29 0.449219 0.366592 0.0359375 0.0526906 0.0125732
32 0.803906 0.876682 0.01875 0.0414798 0.00937653
0 0.539062 0.471693 0.0554687 0.151906 0.00878143
0 0.0119141 0.821749 0.0220215 0.152466 0.00720596
29 0.414844 0.621076 0.0328125 0.0807175 0.00626373
29 0.453125 0.390135 0.0398437 0.0975336 0.00572968
32 0.332617 0.631727 0.0496094 0.0672646 0.00557709
0 0.0110352 0.797085 0.0208008 0.0986547 0.00551224
29 0.00737305 0.795964 0.0114258 0.0919283 0.0053215
0 0.011499 0.866592 0.0211426 0.237668 0.00500107
29 0.822656 0.644619 0.015625 0.0336323 0.00469971
29 0.37959 0.626682 0.0580078 0.0683857 0.00408554
29 0.442969 0.36491 0.0195312 0.0442825 0.00349617
38 0.453125 0.272702 0.0539063 0.043722 0.00342941
34 0.538672 0.447309 0.05625 0.105381 0.00337601
0 0.0163086 0.870516 0.0292969 0.246637 0.00318527
33 0.00737305 0.795964 0.0114258 0.0919283 0.00299263
32 0.453125 0.272702 0.0539063 0.043722 0.00294685
32 0.804688 0.884529 0.01875 0.0560538 0.0026722
29 0.708594 0.483744 0.0125 0.0414798 0.00261116
0 0.541406 0.52074 0.065625 0.253363 0.00261116
29 0.420312 0.605381 0.0234375 0.0470852 0.00247192
32 0.486719 0.894058 0.0421875 0.0639013 0.00232315
33 0.453125 0.272702 0.0539063 0.043722 0.00222588
32 0.00703125 0.79148 0.0111328 0.0829596 0.00219917
67 0.708594 0.483744 0.0125 0.0414798 0.00217438
33 0.00788574 0.834081 0.0148437 0.170404 0.00210762
29 0.539062 0.4588 0.059375 0.128363 0.00209999
38 0.322266 0.627242 0.0476562 0.0840807 0.00202751
29 0.486719 0.894058 0.0421875 0.0639013 0.00198746
34 0.00703125 0.79148 0.0111328 0.0829596 0.0017271
29 0.645703 0.49972 0.0171875 0.0274664 0.00172043
0 0.539062 0.451233 0.059375 0.110987 0.00162315
29 0.646875 0.503223 0.0203125 0.0339126 0.00161076
29 0.651563 0.504484 0.0296875 0.0358744 0.00157356
0 0.822656 0.64574 0.015625 0.0347534 0.00149536
34 0.454688 0.40583 0.0484375 0.122197 0.00138855
29 0.342578 0.620516 0.0679687 0.0997758 0.00134087
29 0.462109 0.31222 0.0695313 0.137892 0.00133514
32 0.798438 0.88565 0.028125 0.058296 0.00127888
34 0.539062 0.464126 0.0609375 0.140135 0.00124931
32 0.416016 0.623318 0.0328125 0.0807175 0.0012064
14 0.00788574 0.834081 0.0148437 0.170404 0.00113392
41 0.822656 0.64574 0.015625 0.0347534 0.00109482
29 0.336328 0.600897 0.0566406 0.134529 0.00107765
41 0.323828 0.625561 0.0507812 0.0807175 0.00105286
0 0.726172 0.700673 0.182031 0.471973 0.919434
0 0.50625 0.641816 0.148438 0.607623 0.91748
0 0.362891 0.731502 0.142969 0.418161 0.901367
29 0.452734 0.272982 0.0539063 0.043722 0.896973
29 0.324219 0.626121 0.0507812 0.0795964 0.196777
29 0.421094 0.599215 0.0203125 0.0336323 0.0522461
32 0.822656 0.644619 0.015625 0.0347534 0.044342
32 0.323828 0.625561 0.0515625 0.0795964 0.0433655
0 0.00690918 0.800448 0.0115723 0.107623 0.0300446
29 0.539844 0.653587 0.0703125 0.0493274 0.0297546
0 0.00788574 0.834081 0.0148437 0.171525 0.0212402
32 0.421094 0.599215 0.0203125 0.0336323 0.0183411
29 0.333594 0.630045 0.0492188 0.0672646 0.0177155
29 0.448828 0.366031 0.034375 0.0515695 0.0140076
0 0.542188 0.478139 0.0453125 0.146861 0.0118713
0 0.539062 0.465807 0.059375 0.144619 0.00952148
32 0.803906 0.876682 0.01875 0.0414798 0.00901794
29 0.414844 0.620516 0.0328125 0.0807175 0.00671768
0 0.0119141 0.822309 0.0223145 0.154709 0.00658798
32 0.332813 0.631727 0.0496094 0.0661435 0.00651169
29 0.453125 0.390135 0.040625 0.0975336 0.00634003
29 0.379297 0.626121 0.0578125 0.0672646 0.00510025
29 0.00737305 0.795404 0.0117188 0.0919283 0.00508118
29 0.822656 0.644619 0.015625 0.0347534 0.0050621
34 0.539062 0.460762 0.0585938 0.132287 0.00502014
0 0.0110352 0.796525 0.0209961 0.0997758 0.00496292
0 0.0115479 0.867713 0.0213379 0.237668 0.00484848
29 0.442969 0.36435 0.0203125 0.0431614 0.00421524
38 0.453125 0.272422 0.0539063 0.043722 0.00359344
0 0.542188 0.521861 0.065625 0.254484 0.00352478
33 0.00737305 0.795404 0.0117188 0.0919283 0.00321007
0 0.0162354 0.871076 0.029248 0.246637 0.00321007
32 0.453125 0.272422 0.0539063 0.043722 0.00284576
29 0.539062 0.459922 0.0601563 0.130605 0.00273705
32 0.804688 0.884529 0.01875 0.0560538 0.00264168
29 0.420312 0.60426 0.0234375 0.0470852 0.00259018
29 0.708594 0.483184 0.0125 0.0414798 0.00257111
33 0.00788574 0.834081 0.0148437 0.171525 0.00253105
33 0.453125 0.272422 0.0539063 0.043722 0.00233269
32 0.485938 0.891256 0.04375 0.0706278 0.00229645
67 0.708594 0.483184 0.0125 0.0414798 0.00225258
32 0.00703125 0.790919 0.0113281 0.0818386 0.00219154
29 0.486719 0.894058 0.0421875 0.0639013 0.00203514
38 0.322266 0.626682 0.0476562 0.0829596 0.00195694
34 0.00703125 0.790919 0.0113281 0.0818386 0.00184631
0 0.546875 0.535314 0.0546875 0.213004 0.00179577
0 0.822656 0.64574 0.015625 0.0347534 0.00171375
29 0.646094 0.49972 0.0171875 0.0274664 0.00163555
29 0.646875 0.503223 0.0203125 0.0339126 0.00150681
29 0.342578 0.617153 0.0679687 0.105381 0.00150681
34 0.453906 0.392096 0.04375 0.102018 0.00148392
29 0.651563 0.504624 0.0296875 0.0355942 0.00148392
29 0.342383 0.627803 0.0683594 0.0695067 0.00138855
32 0.798438 0.88565 0.028125 0.058296 0.00127411
32 0.415625 0.623318 0.0328125 0.0807175 0.00126934
0 0.553906 0.485987 0.0421875 0.110987 0.00125504
29 0.337109 0.599776 0.0570313 0.136771 0.00124931
34 0.540625 0.486547 0.0609375 0.181614 0.00124931
14 0.00788574 0.834081 0.0148437 0.171525 0.00123024
29 0.539844 0.601457 0.0734375 0.164798 0.00121593
33 0.822656 0.644619 0.015625 0.0347534 0.00116062
0 0.330078 0.554933 0.0164063 0.058296 0.00113392
41 0.822656 0.64574 0.015625 0.0347534 0.00113392
41 0.323828 0.625561 0.0515625 0.0795964 0.0011158
0 0.414062 0.622197 0.0359375 0.0807175 0.0011034
34 0.453125 0.272422 0.0539063 0.043722 0.00109482
34 0.324219 0.626121 0.0507812 0.0795964 0.00109482
29 0.4625 0.311939 0.0703125 0.138453 0.00106525
32 0.417969 0.606502 0.0273438 0.0493274 0.00102806
0 0.725781 0.700813 0.18125 0.470572 0.924805
0 0.505859 0.641816 0.146875 0.605381 0.924316
0 0.362891 0.731502 0.142188 0.415919 0.907227
29 0.452734 0.272982 0.0539063 0.0426009 0.892578
29 0.324219 0.626121 0.0507812 0.0795964 0.203125
29 0.421094 0.599215 0.0203125 0.0336323 0.0499573
32 0.323828 0.625561 0.0511719 0.0795964 0.044342
32 0.822656 0.644619 0.015625 0.0347534 0.0405273
29 0.539844 0.653587 0.0703125 0.0493274 0.0273743
0 0.00695801 0.800448 0.0118652 0.107623 0.0242767
29 0.333398 0.630045 0.0488281 0.0672646 0.0194244
0 0.00791016 0.834081 0.0147949 0.172646 0.0179901
32 0.421094 0.599215 0.0203125 0.0336323 0.0167236
29 0.448828 0.366031 0.034375 0.051009 0.0146713
0 0.542188 0.477578 0.04375 0.152466 0.0131226
0 0.539062 0.465807 0.059375 0.144619 0.0111618
32 0.803906 0.876682 0.01875 0.0403587 0.0077858
32 0.332422 0.631727 0.0492188 0.0661435 0.00714874
29 0.453125 0.390135 0.040625 0.0975336 0.00629044
29 0.414844 0.620516 0.0328125 0.0807175 0.00600433
34 0.539062 0.461323 0.0585938 0.133408 0.00561905
0 0.0119141 0.822309 0.0224609 0.154709 0.00544739
29 0.00742187 0.794843 0.0120117 0.0896861 0.00521851
29 0.37959 0.626121 0.0580078 0.0672646 0.00503922
29 0.822656 0.644619 0.015625 0.0347534 0.0049057
0 0.0116211 0.867713 0.0212891 0.237668 0.00450516
29 0.442969 0.363789 0.0203125 0.0414798 0.00431442
0 0.0110107 0.795964 0.0211426 0.0986547 0.00397491
0 0.541797 0.522422 0.065625 0.255605 0.00382423
38 0.453125 0.272702 0.053125 0.0431614 0.00345612
29 0.539062 0.460762 0.0601563 0.132287 0.00322342
0 0.0162354 0.871076 0.0291504 0.246637 0.00309944
33 0.00742187 0.794843 0.0120117 0.0896861 0.0028553
32 0.453125 0.272702 0.053125 0.0431614 0.00275803
29 0.708594 0.482623 0.0125 0.0403587 0.00236893
0 0.546875 0.534753 0.0546875 0.213004 0.00229645
29 0.417969 0.605381 0.0273438 0.0470852 0.00229645
33 0.00791016 0.834081 0.0147949 0.172646 0.00229645
32 0.804688 0.883969 0.01875 0.0560538 0.00221634
32 0.00708008 0.790919 0.0116211 0.0807175 0.00217438
33 0.453125 0.272702 0.053125 0.0431614 0.00212479
32 0.485938 0.890695 0.04375 0.0706278 0.00209999
67 0.708594 0.482623 0.0125 0.0403587 0.00205803
38 0.322266 0.626682 0.0476562 0.0829596 0.00188923
34 0.00708008 0.790919 0.0116211 0.0807175 0.00181007
0 0.822656 0.64574 0.015625 0.0347534 0.00175476
29 0.486719 0.894058 0.0421875 0.0639013 0.00169373
29 0.342578 0.613789 0.0679687 0.112108 0.00159168
0 0.552344 0.482343 0.0453125 0.119395 0.00157356
29 0.342187 0.627803 0.0679687 0.0695067 0.00150108
34 0.453906 0.391816 0.04375 0.102018 0.00147247
29 0.646094 0.499439 0.0171875 0.0269058 0.00144958
29 0.651563 0.504624 0.0296875 0.0355942 0.00139904
29 0.646875 0.503223 0.0203125 0.0339126 0.00133514
29 0.337305 0.599776 0.0566406 0.136771 0.00133038
34 0.454688 0.40639 0.0484375 0.124439 0.00123024
0 0.539844 0.493834 0.0382813 0.121076 0.00123024
34 0.324219 0.626121 0.0507812 0.0795964 0.00121593
41 0.323828 0.625561 0.0511719 0.0795964 0.0012064
32 0.798438 0.88565 0.028125 0.058296 0.00116539
33 0.822656 0.644619 0.015625 0.0347534 0.00116062
32 0.416016 0.622758 0.0320312 0.0807175 0.00113773
34 0.452734 0.272982 0.0539063 0.0426009 0.00112915
0 0.330078 0.554933 0.0164063 0.058296 0.0011158
29 0.539844 0.600897 0.0734375 0.165919 0.0011158
14 0.00791016 0.834081 0.0147949 0.172646 0.00109863
0 0.414062 0.622197 0.0351562 0.0807175 0.00109482
41 0.822656 0.64574 0.015625 0.0347534 0.00105667
0 0.75625 0.535314 0.021875 0.0414798 0.00104427
0 0.765625 0.56278 0.046875 0.11435 0.00103188
34 0.541406 0.5 0.0640625 0.20852 0.00102043
47 0.421094 0.599215 0.0203125 0.0336323 0.00101662
32 0.417969 0.605381 0.0273438 0.0470852 0.00101185
0 0.505859 0.641816 0.146875 0.60426 0.926758
0 0.726172 0.700813 0.180469 0.46833 0.92627
0 0.362891 0.731502 0.142188 0.413677 0.90918
29 0.452734 0.273262 0.0539063 0.0426009 0.875977
29 0.324219 0.626121 0.0503906 0.0784753 0.177856
29 0.421094 0.599215 0.0203125 0.0325112 0.0450134
32 0.323828 0.625561 0.0507812 0.0795964 0.0354004
32 0.822656 0.644619 0.015625 0.0336323 0.0346069
0 0.00698242 0.800448 0.0120117 0.107623 0.0217438
29 0.333594 0.630045 0.0484375 0.0672646 0.0179901
29 0.540234 0.653587 0.0703125 0.0493274 0.0166626
0 0.00717773 0.83352 0.0124023 0.174888 0.0165863
0 0.542188 0.477578 0.04375 0.152466 0.014389
32 0.421094 0.599215 0.0203125 0.0325112 0.0141754
29 0.449219 0.366031 0.034375 0.0504484 0.0122375
0 0.539062 0.465807 0.059375 0.143498 0.0119171
0 0.00908203 0.847534 0.0169922 0.195067 0.00971222
32 0.804688 0.876682 0.01875 0.0403587 0.00677109
32 0.332422 0.632287 0.0496094 0.0650224 0.00609589
29 0.453906 0.391816 0.04375 0.100897 0.00582123
29 0.379297 0.626121 0.0578125 0.0672646 0.00568771
29 0.414453 0.620516 0.0335938 0.0807175 0.0053215
34 0.539062 0.461323 0.0578125 0.133408 0.00524139
29 0.00742187 0.793722 0.0121094 0.0896861 0.0049057
0 0.0119629 0.822309 0.0226563 0.154709 0.00481033
29 0.822656 0.644619 0.015625 0.0336323 0.00462723
29 0.443359 0.363229 0.0203125 0.0403587 0.00388527
0 0.542188 0.523543 0.065625 0.256726 0.00388527
0 0.0119141 0.867713 0.0216797 0.237668 0.00378036
0 0.0110352 0.795964 0.0212891 0.0986547 0.00353813
38 0.453125 0.272422 0.053125 0.0426009 0.00332451
29 0.539062 0.461043 0.059375 0.132848 0.00312424
33 0.00742187 0.793722 0.0121094 0.0896861 0.00269318
0 0.546875 0.533492 0.0546875 0.215527 0.00264168
0 0.0164551 0.871076 0.0293945 0.244395 0.00259018
0 0.822656 0.64574 0.015625 0.0336323 0.002388
32 0.453125 0.272422 0.053125 0.0426009 0.00226021
33 0.453125 0.272422 0.053125 0.0426009 0.00221634
29 0.708594 0.482623 0.0125 0.0403587 0.00214958
29 0.417969 0.605381 0.0273438 0.0459641 0.00212479
33 0.00791016 0.834081 0.0148437 0.172646 0.00201035
67 0.708594 0.482623 0.0125 0.0403587 0.0019722
38 0.322266 0.626682 0.0472656 0.0829596 0.00176811
32 0.00708008 0.790359 0.0117676 0.0807175 0.00172043
0 0.552344 0.481783 0.0453125 0.120516 0.00170708
32 0.486328 0.890695 0.04375 0.0706278 0.0015974
29 0.342969 0.609865 0.06875 0.118834 0.00156116
34 0.00708008 0.790359 0.0117676 0.0807175 0.00156116
0 0.539844 0.492993 0.0375 0.122758 0.00154305
32 0.803125 0.88565 0.021875 0.058296 0.00153065
29 0.342383 0.628363 0.0683594 0.0695067 0.00147247
34 0.453906 0.391816 0.04375 0.100897 0.00137234
29 0.646094 0.499439 0.0179687 0.0269058 0.00131512
29 0.651563 0.504624 0.0296875 0.0355942 0.0012846
29 0.486719 0.893498 0.0421875 0.0627803 0.00127888
0 0.328906 0.697309 0.0726563 0.343049 0.00127888
34 0.324219 0.626121 0.0503906 0.0784753 0.00125504
33 0.822656 0.644619 0.015625 0.0336323 0.00124454
0 0.766016 0.564462 0.0476562 0.117713 0.00123501
0 0.413672 0.622197 0.0351562 0.0807175 0.0011692
0 0.746875 0.630605 0.104688 0.335202 0.00116062
34 0.452734 0.273262 0.0539063 0.0426009 0.00111198
34 0.455078 0.406951 0.0492188 0.125 0.00110722
14 0.00791016 0.834081 0.0148437 0.172646 0.00107765
0 0.330078 0.554933 0.0164063 0.058296 0.00105667
0 0.500781 0.499439 0.134375 0.317265 0.00104046
32 0.797656 0.88565 0.0296875 0.058296 0.00102806
0 0.75625 0.534753 0.021875 0.0403587 0.00102425
41 0.822656 0.644619 0.015625 0.0336323 0.00101185
0 0.505469 0.642377 0.146875 0.603139 0.926758
0 0.725391 0.700813 0.180469 0.46833 0.925293
0 0.362695 0.732063 0.141797 0.412556 0.908691
29 0.452734 0.273543 0.0539063 0.0426009 0.864258
29 0.324023 0.625561 0.0503906 0.0784753 0.174438
29 0.421094 0.599215 0.0203125 0.0325112 0.0481262
32 0.822656 0.644619 0.015625 0.0336323 0.0306702
32 0.323828 0.625561 0.0507812 0.0795964 0.0280151
0 0.00742187 0.794283 0.0123047 0.088565 0.0185089
29 0.333594 0.629484 0.0484375 0.0661435 0.0174408
0 0.542188 0.477859 0.04375 0.151906 0.0150757
0 0.00715332 0.83296 0.0124512 0.172646 0.0141144
32 0.421094 0.599215 0.0203125 0.0325112 0.0139542
29 0.449219 0.366592 0.034375 0.0515695 0.0120087
0 0.538672 0.465527 0.059375 0.142937 0.0113754
29 0.540234 0.653587 0.0695313 0.0470852 0.0113297
0 0.00913086 0.847534 0.0169434 0.196188 0.00809479
34 0.539062 0.460762 0.059375 0.133408 0.00656509
29 0.379297 0.626121 0.0578125 0.0672646 0.00582123
29 0.453906 0.392096 0.04375 0.101457 0.00577545
32 0.804688 0.876682 0.01875 0.0403587 0.00548935
0 0.735156 0.680493 0.132812 0.438341 0.00536346
32 0.332422 0.631166 0.0507812 0.0672646 0.00527954
29 0.414453 0.620516 0.0335938 0.0807175 0.00481033
29 0.822656 0.644619 0.015625 0.0336323 0.00477219
29 0.00742187 0.794283 0.0123047 0.088565 0.00421524
0 0.0119629 0.821749 0.0227539 0.154709 0.00403976
0 0.541797 0.523683 0.065625 0.257567 0.0039444
29 0.442969 0.363229 0.0203125 0.0403587 0.00331116
29 0.539062 0.461323 0.0601563 0.132287 0.00329781
38 0.453125 0.272982 0.053125 0.0426009 0.00321007
0 0.0120117 0.867713 0.0219727 0.236547 0.00296974
0 0.0110352 0.795964 0.0213867 0.0986547 0.00293541
33 0.00742187 0.794283 0.0123047 0.088565 0.00253105
29 0.417969 0.60426 0.0273438 0.0448431 0.00247192
29 0.538281 0.444507 0.05625 0.0986547 0.00226974
0 0.822656 0.64574 0.015625 0.0347534 0.00219917
29 0.708594 0.482623 0.0140625 0.0403587 0.00214005
0 0.0165527 0.872197 0.0295898 0.244395 0.0020504
67 0.708594 0.482623 0.0140625 0.0403587 0.00203514
32 0.453125 0.272982 0.053125 0.0426009 0.00197983
38 0.322266 0.626682 0.0476562 0.0829596 0.00190449
33 0.00791016 0.834081 0.0148926 0.172646 0.00190449
33 0.453125 0.272982 0.053125 0.0426009 0.00184631
0 0.553125 0.482623 0.04375 0.117713 0.00174141
0 0.539844 0.493274 0.0382813 0.123318 0.00172043
0 0.330664 0.733184 0.0761719 0.393498 0.00163555
29 0.342969 0.611547 0.06875 0.115471 0.00153065
32 0.00708008 0.790919 0.0119141 0.0795964 0.00142097
34 0.453906 0.392096 0.04375 0.101457 0.00140476
29 0.342578 0.628363 0.0679687 0.0683857 0.00139427
34 0.00708008 0.790919 0.0119141 0.0795964 0.00136185
0 0.748438 0.634389 0.101562 0.341087 0.00134563
29 0.646094 0.49972 0.0179687 0.0274664 0.00131989
29 0.3375 0.600897 0.0554687 0.132287 0.00131989
41 0.822656 0.644619 0.015625 0.0336323 0.00129414
29 0.651563 0.504624 0.0296875 0.0355942 0.00127888
0 0.546094 0.537556 0.0578125 0.197309 0.00125504
32 0.485938 0.890695 0.04375 0.0706278 0.00123501
32 0.802344 0.88565 0.0234375 0.058296 0.00123024
33 0.822656 0.644619 0.015625 0.0336323 0.0012064
0 0.765625 0.563901 0.046875 0.116592 0.00117397
29 0.646875 0.503363 0.0203125 0.0336323 0.0011692
34 0.541406 0.496076 0.0640625 0.199552 0.00116539
34 0.324023 0.625561 0.0503906 0.0784753 0.00115585
34 0.455469 0.407511 0.05 0.125561 0.00115108
41 0.324023 0.625561 0.0503906 0.0784753 0.00109005
0 0.414062 0.622197 0.034375 0.0807175 0.00106049
0 0.537891 0.529148 0.034375 0.0448431 0.00105667
32 0.417969 0.60426 0.0273438 0.0448431 0.00105667
0 0.500781 0.499439 0.134375 0.317265 0.00105667
0 0.390625 0.627803 0.084375 0.0762332 0.00104046
38 0.342578 0.628363 0.0679687 0.0683857 0.00103188
0 0.75625 0.535314 0.021875 0.0403587 0.00101662
29 0.366797 0.634529 0.0328125 0.0504484 0.00100803
14 0.00791016 0.834081 0.0148926 0.172646 0.00100422
0 0.505469 0.641816 0.147656 0.60426 0.928223
0 0.725 0.701233 0.179688 0.46861 0.926758
0 0.362891 0.731502 0.141406 0.411435 0.911621
29 0.452734 0.273543 0.0539063 0.043722 0.865234
29 0.323828 0.626121 0.05 0.0784753 0.156128
29 0.421094 0.599776 0.0203125 0.0336323 0.0477905
32 0.822656 0.644619 0.015625 0.0336323 0.0293121
32 0.323828 0.625561 0.0507812 0.0795964 0.021286
0 0.00742187 0.794843 0.0123535 0.0896861 0.0179138
0 0.542188 0.478139 0.04375 0.152466 0.0146713
32 0.421094 0.599776 0.0203125 0.0336323 0.0144501
29 0.333594 0.629484 0.0492188 0.0661435 0.0130234
0 0.00717773 0.830718 0.0125 0.168161 0.0120544
29 0.449219 0.367152 0.034375 0.0526906 0.0115051
0 0.538672 0.465247 0.059375 0.143498 0.0104523
29 0.540625 0.653587 0.0703125 0.0470852 0.00828552
34 0.539062 0.460762 0.059375 0.132287 0.00714874
0 0.00917969 0.846973 0.0169922 0.195067 0.00709534
0 0.735938 0.682735 0.13125 0.443946 0.00536346
29 0.453516 0.392377 0.04375 0.102018 0.00518036
29 0.822656 0.644619 0.015625 0.0336323 0.00484848
32 0.804688 0.876682 0.01875 0.0403587 0.00469971
29 0.37959 0.626121 0.0580078 0.0672646 0.00431442
32 0.332031 0.631166 0.0515625 0.0672646 0.00403976
29 0.414453 0.621076 0.0335938 0.0807175 0.00387001
0 0.541797 0.524664 0.065625 0.26009 0.0036068
0 0.0119629 0.821188 0.0227539 0.152466 0.00355148
38 0.452734 0.272982 0.0539063 0.0431614 0.00311089
29 0.00742187 0.794843 0.0123535 0.0896861 0.00309944
29 0.539062 0.461043 0.0609375 0.132848 0.0030632
29 0.443359 0.363789 0.0210938 0.0414798 0.00292397
33 0.00742187 0.794843 0.0123535 0.0896861 0.00286674
0 0.0110352 0.795964 0.0214844 0.0986547 0.00279045
0 0.0121582 0.867713 0.022168 0.236547 0.00250244
29 0.417969 0.60426 0.0273438 0.0448431 0.00235939
0 0.822656 0.64574 0.015625 0.0347534 0.00222588
0 0.330469 0.733184 0.0757812 0.394619 0.00219917
33 0.00791016 0.83296 0.0147949 0.170404 0.00215721
29 0.538281 0.445067 0.05625 0.0997758 0.00209045
67 0.708594 0.483184 0.0140625 0.0403587 0.00201035
29 0.708594 0.483184 0.0140625 0.0403587 0.00200272
32 0.452734 0.272982 0.0539063 0.0431614 0.00197983
0 0.553125 0.481502 0.04375 0.121076 0.00178909
0 0.016748 0.872197 0.0301758 0.244395 0.00176811
38 0.322266 0.626682 0.0472656 0.0829596 0.00170708
33 0.452734 0.272982 0.0539063 0.0431614 0.0015974
41 0.822656 0.644619 0.015625 0.0336323 0.00150681
34 0.453516 0.392377 0.04375 0.102018 0.00136185
0 0.748828 0.637892 0.100781 0.348655 0.00134087
34 0.541406 0.494395 0.0640625 0.197309 0.00130939
0 0.546094 0.537977 0.0578125 0.19759 0.00118828
29 0.646094 0.5 0.0179687 0.0280269 0.00117874
33 0.822656 0.644619 0.015625 0.0336323 0.0011692
32 0.00708008 0.79148 0.0119629 0.0807175 0.0011692
34 0.00708008 0.79148 0.0119629 0.0807175 0.00116062
29 0.343164 0.609865 0.0691406 0.118834 0.00112438
34 0.455469 0.407791 0.05 0.126121 0.0011158
0 0.538281 0.528027 0.034375 0.0470852 0.0011034
0 0.765625 0.563901 0.046875 0.116592 0.00109863
29 0.651563 0.504624 0.0296875 0.0355942 0.00107765
32 0.417969 0.60426 0.0273438 0.0448431 0.00105667
34 0.323828 0.626121 0.05 0.0784753 0.00104809
41 0.323828 0.626121 0.05 0.0784753 0.00103188
0 0.414062 0.622758 0.034375 0.0818386 0.00100803
32 0.802344 0.88565 0.0234375 0.058296 0.00100803
0 0.505469 0.641816 0.148438 0.60426 0.935059
0 0.725391 0.701233 0.180469 0.46861 0.933105
0 0.362695 0.731502 0.141016 0.411435 0.922363
29 0.452734 0.273543 0.0539063 0.043722 0.870605
29 0.324023 0.626682 0.0503906 0.0784753 0.167725
29 0.421094 0.599215 0.0203125 0.0336323 0.0499573
32 0.822656 0.644619 0.015625 0.0358744 0.0306702
32 0.323828 0.626121 0.0507812 0.0795964 0.018692
29 0.333984 0.630045 0.0484375 0.0672646 0.0164032
0 0.00739746 0.795404 0.0126465 0.0908072 0.0156021
29 0.449219 0.367433 0.034375 0.0532511 0.0148392
0 0.541406 0.478419 0.0421875 0.151906 0.0139008
0 0.00791016 0.83296 0.0152344 0.170404 0.0135345
32 0.421094 0.599215 0.0203125 0.0336323 0.0120544
29 0.540625 0.654148 0.0703125 0.0470852 0.00952148
0 0.538672 0.465807 0.059375 0.143498 0.00948334
34 0.539062 0.460762 0.059375 0.133408 0.0091629
0 0.742969 0.681614 0.11875 0.441704 0.00641251
29 0.453125 0.391536 0.040625 0.0980942 0.00579834
29 0.822656 0.644619 0.015625 0.0358744 0.0051384
29 0.379297 0.626121 0.0578125 0.0672646 0.00462723
29 0.414062 0.621076 0.034375 0.0807175 0.00460815
32 0.804688 0.877803 0.01875 0.0448431 0.00419998
0 0.541797 0.528587 0.0664062 0.266816 0.00399017
32 0.332422 0.631166 0.0511719 0.0672646 0.00388527
33 0.00791016 0.83296 0.0152344 0.170404 0.0037365
33 0.00739746 0.795404 0.0126465 0.0908072 0.00345612
29 0.44375 0.36407 0.0203125 0.0420404 0.00318527
0 0.0119629 0.821188 0.0229004 0.151345 0.00317192
0 0.330078 0.733744 0.075 0.393498 0.00314713
29 0.00703125 0.79148 0.012207 0.0807175 0.00273705
0 0.0126953 0.867713 0.0236328 0.237668 0.0027256
38 0.452734 0.272982 0.0539063 0.043722 0.00266266
29 0.539062 0.461323 0.0609375 0.134529 0.00246239
0 0.0110352 0.796525 0.0216797 0.0997758 0.0024147
0 0.546875 0.534753 0.0546875 0.215247 0.00239754
29 0.417969 0.605942 0.0273438 0.0470852 0.00228691
0 0.823438 0.64574 0.015625 0.0358744 0.00212479
67 0.708594 0.483184 0.0140625 0.0414798 0.00211525
29 0.708594 0.483184 0.0140625 0.0414798 0.0020752
0 0.551562 0.47898 0.046875 0.127242 0.0019722
32 0.452734 0.272982 0.0539063 0.043722 0.00194168
0 0.0171143 0.872197 0.0310059 0.244395 0.00186062
29 0.442188 0.359865 0.0203125 0.0347534 0.00184631
38 0.322266 0.626682 0.0476562 0.0829596 0.00181007
41 0.822656 0.644619 0.015625 0.0358744 0.0017004
0 0.75 0.641816 0.1 0.356502 0.00161076
29 0.337109 0.602018 0.05625 0.130045 0.00154877
29 0.342969 0.616592 0.0679687 0.103139 0.00150108
34 0.453906 0.392377 0.04375 0.102018 0.00144958
34 0.541406 0.495516 0.0640625 0.199552 0.00133514
34 0.00703125 0.79148 0.012207 0.0807175 0.00132465
0 0.766016 0.565583 0.0476562 0.118834 0.00130463
33 0.822656 0.644619 0.015625 0.0358744 0.00128937
14 0.00791016 0.83296 0.0152344 0.170404 0.00126457
29 0.342383 0.628363 0.0675781 0.0683857 0.00121117
32 0.485938 0.890695 0.04375 0.0717489 0.00119209
29 0.646094 0.5 0.0179687 0.029148 0.00117874
0 0.75625 0.534753 0.021875 0.0403587 0.00115108
34 0.455469 0.40639 0.05 0.123318 0.00114727
0 0.322656 0.649664 0.059375 0.252242 0.00109863
41 0.324023 0.626682 0.0503906 0.0784753 0.00109482
0 0.538281 0.528027 0.034375 0.0470852 0.00108624
0 0.54375 0.644058 0.0703125 0.5213 0.00106525
32 0.00703125 0.79148 0.012207 0.0807175 0.00104809
0 0.414062 0.622197 0.034375 0.0829596 0.00101185
0 0.505859 0.641256 0.147656 0.605381 0.935547
0 0.725781 0.701233 0.179688 0.46861 0.932129
0 0.3625 0.730942 0.140625 0.410314 0.924316
29 0.452734 0.273823 0.0539063 0.0442825 0.86084
29 0.324219 0.626682 0.0507812 0.0784753 0.153076
29 0.421094 0.599215 0.0203125 0.0336323 0.0440063
32 0.823438 0.645179 0.015625 0.0358744 0.0313721
32 0.323828 0.626121 0.0507812 0.0795964 0.0153046
0 0.0079834 0.83296 0.0154297 0.170404 0.0151901
29 0.333984 0.629484 0.0476562 0.0661435 0.0148392
29 0.448438 0.367152 0.034375 0.0538117 0.0145035
0 0.0074707 0.795964 0.012793 0.0919283 0.0139542
0 0.541406 0.478419 0.0421875 0.151906 0.012146
32 0.421094 0.599215 0.0203125 0.0336323 0.0106964
34 0.539062 0.460762 0.059375 0.133408 0.00841522
29 0.540625 0.654148 0.0703125 0.0470852 0.00769424
0 0.539062 0.465807 0.059375 0.144619 0.00760651
0 0.744141 0.680493 0.116406 0.438341 0.00614548
33 0.0079834 0.83296 0.0154297 0.170404 0.00553513
29 0.453125 0.391816 0.040625 0.0986547 0.00496292
29 0.823438 0.645179 0.015625 0.0358744 0.0049057
29 0.414062 0.621076 0.034375 0.0807175 0.00434875
33 0.0074707 0.795964 0.012793 0.0919283 0.00411606
29 0.379297 0.626121 0.0578125 0.0672646 0.0041008
32 0.804688 0.878924 0.01875 0.0459641 0.00383949
0 0.541797 0.53125 0.0664062 0.271581 0.00349617
32 0.332422 0.631166 0.0515625 0.0672646 0.00337601
0 0.0131836 0.868274 0.0245117 0.238789 0.00329781
0 0.329688 0.735426 0.075 0.392377 0.00307465
29 0.44375 0.36435 0.0203125 0.0426009 0.00281143
0 0.0119629 0.821188 0.0230469 0.151345 0.00279999
67 0.708594 0.483464 0.0140625 0.0420404 0.00218201
29 0.00708008 0.79148 0.0123047 0.0807175 0.00217438
29 0.708594 0.483464 0.0140625 0.0420404 0.00202751
0 0.550781 0.477578 0.0484375 0.132287 0.00197983
0 0.0109863 0.797085 0.0217773 0.100897 0.00197983
38 0.452734 0.272982 0.0539063 0.043722 0.00196457
0 0.546875 0.533772 0.0546875 0.217209 0.00191879
29 0.337109 0.605381 0.0542969 0.122197 0.00185299
29 0.442188 0.360146 0.0203125 0.0353139 0.00181007
38 0.322266 0.627242 0.0476562 0.0840807 0.00178242
29 0.417969 0.607623 0.0273438 0.0515695 0.00175476
41 0.823438 0.645179 0.015625 0.0358744 0.0016613
29 0.539062 0.461603 0.0609375 0.13509 0.00161076
32 0.452734 0.272982 0.0539063 0.043722 0.00156689
29 0.342969 0.620516 0.0671875 0.0952915 0.00154877
34 0.00708008 0.79148 0.0123047 0.0807175 0.00141621
0 0.823438 0.64574 0.015625 0.0358744 0.00137234
14 0.0079834 0.83296 0.0154297 0.170404 0.00135612
0 0.543359 0.644058 0.071875 0.524664 0.00133514
29 0.452344 0.372758 0.0375 0.058296 0.0012846
34 0.453906 0.392377 0.04375 0.102018 0.00126457
0 0.539844 0.495516 0.0375 0.119955 0.0012598
0 0.75625 0.534753 0.021875 0.0403587 0.00120163
0 0.32207 0.648543 0.0589844 0.25 0.00118351
0 0.765625 0.565022 0.046875 0.117713 0.00117397
33 0.823438 0.645179 0.015625 0.0358744 0.00117397
32 0.485938 0.890695 0.04375 0.0717489 0.00115585
34 0.541406 0.496917 0.0640625 0.203475 0.00112438
41 0.324219 0.626682 0.0507812 0.0784753 0.00104809
34 0.455469 0.40583 0.05 0.122758 0.00101185
29 0.646094 0.5 0.0171875 0.029148 0.00100422
0 0.505469 0.641396 0.148438 0.607343 0.930176
0 0.725781 0.701654 0.18125 0.46889 0.920898
0 0.362109 0.730942 0.139844 0.410314 0.915527
29 0.452344 0.274103 0.053125 0.0448431 0.832031
29 0.321875 0.619955 0.0460938 0.0672646 0.143188
29 0.330469 0.626121 0.0460938 0.073991 0.0333252
29 0.421094 0.599215 0.0203125 0.0336323 0.0316162
32 0.823438 0.64574 0.015625 0.0358744 0.028656
0 0.00808106 0.83352 0.015625 0.171525 0.011467
32 0.323438 0.626121 0.0507812 0.0795964 0.0104904
0 0.00737305 0.795964 0.0128906 0.0919283 0.00963593
29 0.448438 0.367152 0.0335938 0.0538117 0.00933838
33 0.00808106 0.83352 0.015625 0.171525 0.00737381
0 0.535156 0.472253 0.046875 0.149664 0.00723267
0 0.0100098 0.847534 0.0189453 0.197309 0.00706482
32 0.421094 0.599215 0.0203125 0.0336323 0.0069046
29 0.420703 0.60426 0.021875 0.0459641 0.00669098
0 0.539844 0.486267 0.040625 0.130605 0.00631332
0 0.545313 0.471973 0.059375 0.147982 0.00559998
33 0.00737305 0.795964 0.0128906 0.0919283 0.00521851
34 0.539062 0.461603 0.059375 0.13509 0.00516129
0 0.745313 0.677691 0.115625 0.431614 0.00488663
29 0.414453 0.621076 0.0335938 0.0818386 0.00374985
29 0.823438 0.64574 0.015625 0.0358744 0.00367928
0 0.0138428 0.869395 0.0257324 0.241031 0.003088
32 0.804688 0.880045 0.01875 0.0470852 0.00296974
29 0.453125 0.391816 0.040625 0.0986547 0.00281143
29 0.379297 0.626121 0.0578125 0.0672646 0.00274658
32 0.332227 0.631166 0.0503906 0.0672646 0.00254059
29 0.540625 0.654148 0.0703125 0.0470852 0.00234985
29 0.336523 0.615471 0.0488281 0.0986547 0.00234222
67 0.708594 0.483464 0.0140625 0.0420404 0.00205803
0 0.325586 0.705718 0.0667969 0.358744 0.00184631
0 0.228516 0.748879 0.424219 0.381166 0.00178909
0 0.0120117 0.821749 0.0230469 0.150224 0.00175476
29 0.44375 0.36435 0.0203125 0.0426009 0.00174141
0 0.541406 0.498318 0.0648438 0.206278 0.00172043
41 0.823438 0.64574 0.015625 0.0358744 0.00163555
29 0.336328 0.632287 0.046875 0.0627803 0.00161076
29 0.708594 0.483464 0.0140625 0.0420404 0.00158501
29 0.00700684 0.790919 0.0124512 0.0795964 0.00151253
29 0.442188 0.360146 0.0203125 0.0353139 0.00146103
32 0.420703 0.60426 0.021875 0.0459641 0.00143242
38 0.322266 0.626682 0.0472656 0.0829596 0.00137234
29 0.343359 0.626121 0.0664062 0.0840807 0.00136185
14 0.00859375 0.83296 0.0158203 0.163677 0.00135612
34 0.00700684 0.790919 0.0124512 0.0795964 0.00132465
38 0.452734 0.272982 0.0539063 0.043722 0.00128937
0 0.542969 0.646721 0.0734375 0.533913 0.00128937
32 0.452734 0.272982 0.0539063 0.043722 0.00127411
0 0.54375 0.558296 0.071875 0.336323 0.00124454
29 0.451562 0.29148 0.0546875 0.0818386 0.00123024
29 0.325 0.627803 0.053125 0.0852018 0.00118351
0 0.0108765 0.792601 0.0217529 0.0919283 0.00116062
0 0.755859 0.534753 0.021875 0.0403587 0.0011158
41 0.324219 0.626682 0.0507812 0.0784753 0.0011158
29 0.417969 0.610426 0.028125 0.0571749 0.00104809
0 0.505469 0.641115 0.148438 0.607904 0.929199
0 0.726172 0.701654 0.180469 0.46889 0.919434
0 0.362305 0.731502 0.139453 0.411435 0.914551
29 0.452734 0.274103 0.0539063 0.0448431 0.835449
29 0.321875 0.617713 0.0460938 0.0650224 0.138428
29 0.330859 0.625561 0.0453125 0.0717489 0.0313721
32 0.823438 0.64574 0.015625 0.0358744 0.0297546
29 0.421094 0.599776 0.0203125 0.0336323 0.0273743
32 0.323633 0.626121 0.0503906 0.0795964 0.00974274
0 0.00871582 0.83296 0.0160645 0.163677 0.00948334
33 0.00820313 0.83296 0.0158203 0.172646 0.00912476
29 0.448438 0.367713 0.034375 0.0549327 0.00854492
0 0.00737305 0.795964 0.0129395 0.0930493 0.00812531
34 0.539062 0.461323 0.059375 0.13565 0.00709534
33 0.00737305 0.795964 0.0129395 0.0930493 0.00701141
32 0.421094 0.599776 0.0203125 0.0336323 0.00661469
0 0.534766 0.472814 0.0445313 0.147422 0.00653839
0 0.0102051 0.849776 0.0194336 0.201794 0.00624084
29 0.420703 0.60426 0.021875 0.0448431 0.00598145
0 0.539844 0.482063 0.0390625 0.144619 0.00582123
0 0.545313 0.471973 0.0601563 0.149103 0.00547028
0 0.747656 0.675448 0.110937 0.42713 0.00482941
29 0.414453 0.621076 0.0335938 0.0818386 0.00374985
29 0.823438 0.64574 0.015625 0.0358744 0.00325966
32 0.804688 0.880045 0.01875 0.0493274 0.00304031
0 0.014209 0.869955 0.0264648 0.243274 0.00293541
29 0.336328 0.619955 0.0453125 0.0874439 0.0026722
29 0.453125 0.391816 0.040625 0.0986547 0.00261116
29 0.378906 0.625561 0.0578125 0.0672646 0.00255013
32 0.332422 0.631727 0.05 0.0661435 0.00246239
0 0.228125 0.75 0.421094 0.377803 0.00214005
29 0.540625 0.654148 0.0703125 0.0470852 0.00211525
67 0.708594 0.483464 0.0125 0.0420404 0.00209045
41 0.823438 0.64574 0.015625 0.0358744 0.0016613
29 0.44375 0.36491 0.0203125 0.043722 0.00156689
29 0.708594 0.483464 0.0125 0.0420404 0.00153637
0 0.541406 0.498318 0.065625 0.207399 0.00150681
32 0.420703 0.60426 0.021875 0.0448431 0.00148964
29 0.343359 0.626682 0.065625 0.0807175 0.00146675
29 0.442188 0.360146 0.0203125 0.0353139 0.00144386
0 0.326953 0.705718 0.0703125 0.357623 0.00143242
14 0.00871582 0.83296 0.0160645 0.163677 0.00139904
0 0.0120117 0.821749 0.0231445 0.150224 0.00138855
29 0.451562 0.290919 0.0546875 0.0807175 0.00136662
0 0.542969 0.6456 0.0734375 0.533913 0.00135612
34 0.00695801 0.790919 0.0125 0.0795964 0.00135136
32 0.452344 0.274103 0.0539063 0.0459641 0.00127411
29 0.00695801 0.790919 0.0125 0.0795964 0.00124931
38 0.322266 0.626682 0.0472656 0.0829596 0.0012207
0 0.755859 0.535314 0.021875 0.0414798 0.00117874
34 0.453906 0.392377 0.04375 0.102018 0.0011692
38 0.452734 0.273262 0.0546875 0.043722 0.00116539
41 0.324219 0.626682 0.0507812 0.0784753 0.0011425
0 0.54375 0.559417 0.0726563 0.340807 0.00113392
34 0.709375 0.486547 0.0140625 0.0470852 0.00106525
0 0.759766 0.536435 0.0320312 0.0504484 0.00104046
34 0.540625 0.488509 0.0625 0.186659 0.00103664
32 0.485938 0.894058 0.0421875 0.0650224 0.00102425
0 0.505469 0.641115 0.148438 0.607904 0.929199
0 0.726172 0.701233 0.180469 0.469731 0.919434
0 0.362109 0.731502 0.139063 0.411435 0.915039
29 0.452344 0.274103 0.0546875 0.0448431 0.839844
29 0.321875 0.617713 0.0460938 0.0650224 0.126831
32 0.823438 0.64574 0.015625 0.0358744 0.0311432
29 0.330859 0.625 0.0453125 0.0717489 0.0259552
29 0.421094 0.599776 0.0203125 0.0336323 0.0235138
32 0.323438 0.626121 0.05 0.0795964 0.00908661
33 0.00827637 0.83296 0.0160156 0.172646 0.00908661
34 0.539062 0.461043 0.059375 0.133969 0.00891876
0 0.00888672 0.83296 0.0163086 0.163677 0.00854492
29 0.448438 0.368274 0.034375 0.0560538 0.00834656
33 0.0072998 0.795964 0.0127441 0.0919283 0.00803375
0 0.0072998 0.795964 0.0127441 0.0919283 0.0078125
32 0.421094 0.599776 0.0203125 0.0336323 0.00669098
0 0.534766 0.473655 0.04375 0.14574 0.0064888
0 0.545313 0.471973 0.0601563 0.149103 0.005867
0 0.539844 0.483464 0.0390625 0.140695 0.00572968
0 0.010498 0.850897 0.0199707 0.205157 0.00564194
0 0.749609 0.677691 0.107031 0.431614 0.00508118
29 0.420703 0.60426 0.021875 0.0448431 0.00500107
29 0.414453 0.621076 0.0335938 0.0818386 0.00332451
32 0.804688 0.880605 0.01875 0.0493274 0.00307465
29 0.823438 0.64574 0.015625 0.0358744 0.00296974
0 0.0145508 0.870516 0.0272461 0.244395 0.00273705
29 0.453125 0.391816 0.040625 0.0986547 0.00246239
0 0.22832 0.751121 0.416797 0.376682 0.00230598
32 0.332227 0.631727 0.0503906 0.0661435 0.00225258
29 0.336719 0.618834 0.0453125 0.0874439 0.00223351
29 0.379004 0.625561 0.0576172 0.0672646 0.00210762
67 0.708594 0.483464 0.0125 0.0420404 0.00200272
29 0.540625 0.654148 0.0703125 0.0470852 0.00183868
41 0.823438 0.64574 0.015625 0.0358744 0.00161648
0 0.542969 0.64574 0.0734375 0.535874 0.00156689
0 0.541406 0.498038 0.065625 0.206839 0.00152493
29 0.708594 0.483464 0.0125 0.0420404 0.00150108
32 0.420703 0.60426 0.021875 0.0448431 0.0014782
0 0.326953 0.706839 0.0703125 0.359865 0.00144386
29 0.44375 0.36491 0.0203125 0.043722 0.0014267
29 0.451562 0.290359 0.0546875 0.0795964 0.00138283
32 0.452344 0.275224 0.053125 0.0454036 0.00137806
34 0.00688477 0.790919 0.0124023 0.0795964 0.00136662
14 0.00888672 0.83296 0.0163086 0.163677 0.00131512
0 0.551562 0.478139 0.0484375 0.130045 0.00130939
34 0.453906 0.392377 0.04375 0.102018 0.00128937
34 0.540625 0.488789 0.0625 0.188341 0.00124454
0 0.0120117 0.821749 0.0231445 0.150224 0.00123978
38 0.452734 0.273262 0.0546875 0.043722 0.00119209
29 0.343359 0.626682 0.065625 0.0807175 0.00119209
34 0.709375 0.486547 0.0140625 0.0470852 0.00118828
0 0.54375 0.561099 0.0726563 0.343049 0.00117874
0 0.755859 0.535314 0.021875 0.0414798 0.0011692
29 0.00688477 0.790919 0.0124023 0.0795964 0.00115108
38 0.322266 0.626682 0.0472656 0.0829596 0.00114727
0 0.0429199 0.839126 0.0848633 0.181614 0.00112438
29 0.336523 0.632287 0.046875 0.0627803 0.00112057
32 0.485938 0.894058 0.0421875 0.0650224 0.00109482
0 0.759766 0.536435 0.0320312 0.0504484 0.00105667
41 0.324219 0.626682 0.0507812 0.0784753 0.00104046
0 0.505469 0.641256 0.148438 0.607623 0.932129
0 0.726172 0.701654 0.180469 0.46889 0.922852
0 0.361914 0.731502 0.139453 0.411435 0.91748
29 0.452344 0.274103 0.0546875 0.0448431 0.844727
29 0.321875 0.618834 0.0460938 0.0650224 0.118408
32 0.823438 0.64574 0.015625 0.0358744 0.0325928
29 0.421094 0.599215 0.0203125 0.0336323 0.0219421
29 0.330859 0.624439 0.0453125 0.0717489 0.0206451
29 0.448828 0.368274 0.034375 0.0560538 0.00997162
33 0.00830078 0.83296 0.0161133 0.172646 0.00952148
34 0.539062 0.460762 0.059375 0.133408 0.00894928
32 0.323438 0.625561 0.05 0.0784753 0.00878143
0 0.00893555 0.83296 0.0165039 0.163677 0.00878143
33 0.00727539 0.795964 0.0126953 0.0919283 0.00841522
0 0.00727539 0.795964 0.0126953 0.0919283 0.008255
0 0.00703125 0.809417 0.0126953 0.127803 0.0077858
0 0.534766 0.473094 0.04375 0.14574 0.00664139
32 0.421094 0.599215 0.0203125 0.0336323 0.0064621
33 0.00703125 0.809417 0.0126953 0.127803 0.00641251
0 0.545313 0.471973 0.0601563 0.149103 0.00600433
0 0.539844 0.483184 0.0390625 0.141256 0.00588989
0 0.0105469 0.853139 0.0202148 0.20852 0.00575256
0 0.750781 0.680353 0.104688 0.435258 0.00538635
29 0.420703 0.6037 0.021875 0.0448431 0.00462723
32 0.804688 0.880605 0.01875 0.0493274 0.00329781
29 0.414453 0.621076 0.0335938 0.0818386 0.00311089
29 0.823438 0.64574 0.015625 0.0358744 0.00294685
0 0.0146484 0.871076 0.0274414 0.246637 0.00290108
29 0.453906 0.392377 0.04375 0.102018 0.00279045
0 0.229883 0.751682 0.412109 0.375561 0.00232315
67 0.708594 0.483744 0.0125 0.0414798 0.00212479
32 0.331641 0.631727 0.0507812 0.0661435 0.00198746
29 0.378516 0.625561 0.0570313 0.0672646 0.00190449
29 0.540625 0.654148 0.0695313 0.0470852 0.00187492
29 0.337109 0.617713 0.0460938 0.0908072 0.00182438
0 0.325586 0.70796 0.0675781 0.362108 0.00177479
0 0.541406 0.499439 0.065625 0.209641 0.00173378
41 0.823438 0.64574 0.015625 0.0358744 0.00168705
0 0.542969 0.646721 0.0734375 0.536155 0.00165462
29 0.708594 0.483744 0.0125 0.0414798 0.0014782
34 0.00686035 0.790919 0.0123047 0.0795964 0.00145531
32 0.452344 0.275224 0.053125 0.0459641 0.00142097
14 0.00893555 0.83296 0.0165039 0.163677 0.00142097
32 0.420703 0.6037 0.021875 0.0448431 0.00141048
29 0.44375 0.36491 0.0203125 0.043722 0.00136662
29 0.451562 0.290359 0.0546875 0.0795964 0.00133514
34 0.540625 0.490751 0.0625 0.191144 0.00132465
0 0.551562 0.478139 0.0484375 0.128924 0.00131512
0 0.0120117 0.821749 0.0230957 0.151345 0.00129414
0 0.54375 0.56222 0.0726563 0.345291 0.00129414
34 0.453906 0.392377 0.04375 0.102018 0.00126934
29 0.00686035 0.790919 0.0123047 0.0795964 0.00126934
38 0.452734 0.273543 0.0546875 0.043722 0.00121593
0 0.755859 0.534753 0.021875 0.0403587 0.00120163
32 0.485938 0.894619 0.0421875 0.0650224 0.00118828
0 0.0440918 0.840807 0.087207 0.183857 0.00117874
34 0.709375 0.486547 0.0140625 0.0470852 0.00117397
38 0.322266 0.626682 0.046875 0.0829596 0.00113392
0 0.759766 0.536435 0.0320312 0.0504484 0.00107288
0 0.505469 0.641256 0.148438 0.607623 0.936035
0 0.725781 0.701794 0.18125 0.469731 0.927734
0 0.361914 0.731502 0.139453 0.411435 0.920898
29 0.452344 0.274103 0.0539063 0.0448431 0.853027
29 0.321875 0.618834 0.0457031 0.0661435 0.115173
32 0.823438 0.64574 0.015625 0.0358744 0.0343628
29 0.421094 0.599215 0.0203125 0.0336323 0.0211182
29 0.330859 0.624439 0.0453125 0.0717489 0.0185394
34 0.539062 0.460762 0.059375 0.133408 0.0109024
29 0.449219 0.368834 0.034375 0.0571749 0.0108185
33 0.00839844 0.83296 0.0163086 0.172646 0.0104065
33 0.00722656 0.795964 0.0126953 0.0919283 0.00926971
0 0.00722656 0.795964 0.0126953 0.0919283 0.00878143
32 0.323242 0.625561 0.0496094 0.0784753 0.00874329
0 0.00908203 0.832399 0.0168945 0.164798 0.0086441
0 0.534766 0.473935 0.04375 0.145179 0.0069046
0 0.545313 0.471973 0.0601563 0.149103 0.0064888
32 0.421094 0.599215 0.0203125 0.0336323 0.00638962
0 0.539844 0.484865 0.0390625 0.139013 0.00616837
0 0.751563 0.681755 0.101562 0.439182 0.00568771
0 0.0107422 0.853139 0.0205566 0.20852 0.00568771
29 0.420703 0.6037 0.021875 0.0448431 0.00443268
32 0.804688 0.880045 0.01875 0.0493274 0.0036068
29 0.414453 0.621076 0.0335938 0.0818386 0.00317192
29 0.453906 0.392377 0.0429688 0.102018 0.00309944
29 0.823438 0.64574 0.015625 0.0358744 0.00304031
0 0.0148193 0.871076 0.0278809 0.246637 0.00294685
0 0.230273 0.753363 0.411328 0.372197 0.00235939
67 0.708594 0.483744 0.0125 0.0414798 0.00230598
29 0.540625 0.653587 0.0695313 0.0470852 0.00226974
0 0.325 0.70852 0.0664062 0.365471 0.00203514
0 0.542969 0.64588 0.0734375 0.535594 0.0019722
32 0.331641 0.631727 0.0507812 0.0661435 0.00193405
0 0.541406 0.5 0.065625 0.210762 0.00193405
29 0.378516 0.625561 0.0570313 0.0672646 0.00191212
41 0.823438 0.6463 0.015625 0.0358744 0.00186729
29 0.337109 0.616592 0.046875 0.0941704 0.00165462
0 0.045459 0.840807 0.0899414 0.183857 0.00156116
34 0.540625 0.491312 0.0625 0.192265 0.00153637
34 0.00681152 0.790919 0.0123047 0.0795964 0.00152493
14 0.00908203 0.832399 0.0168945 0.164798 0.00150108
29 0.708594 0.483744 0.0125 0.0414798 0.0014782
0 0.54375 0.561799 0.0726563 0.345011 0.00145531
32 0.452344 0.275224 0.053125 0.0454036 0.00144386
32 0.420703 0.6037 0.021875 0.0448431 0.00140476
29 0.442578 0.360426 0.0195312 0.0358744 0.00138283
29 0.00681152 0.790919 0.0123047 0.0795964 0.00136185
0 0.0120117 0.821749 0.0231445 0.150224 0.00135612
34 0.453906 0.392377 0.0429688 0.102018 0.00130463
32 0.485938 0.894619 0.0421875 0.0650224 0.00130463
29 0.451562 0.290359 0.0546875 0.0795964 0.00128937
0 0.755859 0.534753 0.021875 0.0426009 0.00126934
38 0.452734 0.273262 0.0546875 0.0442825 0.00124454
34 0.709375 0.486547 0.0140625 0.0470852 0.00116539
0 0.760156 0.536435 0.0328125 0.0504484 0.00116062
38 0.322266 0.626682 0.046875 0.0829596 0.0011158
0 0.0893555 0.865471 0.177539 0.233184 0.00107288
0 0.505469 0.641115 0.148438 0.607904 0.938965
0 0.726172 0.701794 0.180469 0.469731 0.932617
0 0.361914 0.730942 0.140234 0.412556 0.924316
29 0.452344 0.274103 0.0539063 0.0448431 0.86084
29 0.321875 0.618834 0.0457031 0.0672646 0.115967
32 0.823438 0.64574 0.015625 0.0358744 0.0330811
29 0.421094 0.599215 0.0203125 0.0336323 0.0209656
29 0.330859 0.624439 0.0457031 0.0717489 0.018692
29 0.449219 0.368834 0.034375 0.0571749 0.0126724
33 0.00844727 0.83296 0.0164551 0.172646 0.0113297
34 0.539062 0.460762 0.059375 0.133408 0.0109024
33 0.00722656 0.795404 0.0125977 0.0919283 0.0104523
0 0.00722656 0.795404 0.0125977 0.0919283 0.00844574
32 0.323242 0.625561 0.0496094 0.0784753 0.00837708
0 0.0092041 0.832399 0.0171387 0.164798 0.00800323
0 0.535156 0.473655 0.04375 0.144619 0.00703812
0 0.539844 0.484865 0.0390625 0.139013 0.00641251
0 0.545313 0.471973 0.0601563 0.149103 0.00626373
32 0.421094 0.599215 0.0203125 0.0336323 0.00602722
0 0.752344 0.682735 0.1 0.441704 0.00579834
0 0.0108887 0.8537 0.0208984 0.211883 0.00534439
29 0.420703 0.60426 0.021875 0.0459641 0.00432968
32 0.804688 0.880605 0.01875 0.0493274 0.00358009
29 0.414453 0.621076 0.0335938 0.0818386 0.00342941
29 0.453906 0.392377 0.0429688 0.102018 0.00336266
29 0.540625 0.653587 0.0695313 0.0470852 0.00296974
29 0.823438 0.64574 0.015625 0.0358744 0.0029583
0 0.0149414 0.871637 0.028125 0.246637 0.00274658
0 0.230859 0.753363 0.410156 0.374439 0.00237846
67 0.708594 0.483744 0.0125 0.0414798 0.00232315
0 0.542969 0.64588 0.0734375 0.535594 0.00213242
0 0.324609 0.709641 0.065625 0.365471 0.00211525
41 0.823438 0.6463 0.015625 0.0358744 0.00208282
0 0.541406 0.500561 0.065625 0.210762 0.00206757
29 0.378516 0.625561 0.05625 0.0672646 0.00186729
0 0.0459106 0.841368 0.0909912 0.186099 0.00185299
32 0.331641 0.632287 0.0503906 0.0650224 0.00183868
29 0.337305 0.615471 0.0480469 0.0986547 0.00167465
0 0.54375 0.56278 0.0726563 0.345291 0.00153637
14 0.0092041 0.832399 0.0171387 0.164798 0.00151253
34 0.00678711 0.790919 0.0123047 0.0795964 0.00150108
34 0.540625 0.492152 0.0625 0.193946 0.00148392
29 0.708594 0.483744 0.0125 0.0414798 0.00146675
32 0.452344 0.275224 0.053125 0.0454036 0.00146103
29 0.00678711 0.790919 0.0123047 0.0795964 0.00146103
32 0.485938 0.894619 0.0421875 0.0650224 0.00141048
29 0.442188 0.360426 0.0203125 0.0358744 0.00140476
29 0.44375 0.365471 0.0210938 0.0448431 0.00136662
0 0.755469 0.534753 0.021875 0.0426009 0.00135136
0 0.0120117 0.821749 0.0231445 0.150224 0.00131989
38 0.452734 0.273262 0.0546875 0.0442825 0.00130463
34 0.453906 0.392377 0.0429688 0.102018 0.00130463
0 0.760156 0.536996 0.0328125 0.0515695 0.00130463
29 0.451562 0.289798 0.0546875 0.0784753 0.00127888
32 0.420703 0.60426 0.021875 0.0459641 0.0012598
33 0.0109741 0.797085 0.0219482 0.10426 0.00116539
34 0.709375 0.486547 0.0140625 0.0470852 0.00116062
38 0.32207 0.626682 0.0472656 0.0829596 0.00110722
0 0.0897461 0.866031 0.17832 0.233184 0.00105667
25 0.00844727 0.83296 0.0164551 0.172646 0.00102425
67 0.44375 0.365471 0.0210938 0.0448431 0.00100422
0 0.505469 0.641115 0.148438 0.607904 0.940918
0 0.726172 0.701794 0.180469 0.469731 0.936035
0 0.361719 0.732063 0.139844 0.412556 0.927246
29 0.452344 0.274103 0.0539063 0.0448431 0.867188
29 0.321875 0.618834 0.0457031 0.0672646 0.118408
32 0.823438 0.64574 0.015625 0.0358744 0.0328369
29 0.421094 0.599215 0.0203125 0.0336323 0.0207977
29 0.330859 0.624439 0.0453125 0.0717489 0.0188293
29 0.449219 0.368834 0.034375 0.0571749 0.0146179
33 0.00849609 0.83296 0.0166016 0.172646 0.0123367
34 0.539062 0.460482 0.059375 0.132848 0.0113754
33 0.00722656 0.795964 0.0125977 0.0919283 0.0113297
0 0.00722656 0.795964 0.0125977 0.0919283 0.00861359
32 0.323242 0.625561 0.0496094 0.0784753 0.00834656
0 0.00927734 0.832399 0.0172852 0.164798 0.00806427
0 0.535156 0.474215 0.04375 0.143498 0.00720596
0 0.545313 0.472253 0.0601563 0.148543 0.00653839
0 0.539844 0.485146 0.0390625 0.138453 0.00653839
0 0.752734 0.683857 0.0992187 0.443946 0.00600433
32 0.421094 0.599215 0.0203125 0.0336323 0.00593567
0 0.0109863 0.853139 0.0211426 0.210762 0.00527954
29 0.420703 0.60426 0.021875 0.0448431 0.00428009
32 0.804688 0.880605 0.01875 0.0493274 0.00383949
29 0.453906 0.392377 0.0429688 0.102018 0.00379562
29 0.414453 0.621076 0.0335938 0.0818386 0.00352478
29 0.540625 0.654148 0.0695313 0.0470852 0.00340271
29 0.823438 0.6463 0.015625 0.0358744 0.00296974
0 0.0150146 0.871637 0.0282715 0.246637 0.00275803
67 0.708203 0.483744 0.0132813 0.0414798 0.00242424
0 0.542969 0.6463 0.0734375 0.534753 0.00239754
0 0.23125 0.752803 0.409375 0.373318 0.002388
0 0.324219 0.710762 0.0648438 0.367713 0.00233269
41 0.823438 0.6463 0.015625 0.0358744 0.00229645
0 0.045813 0.840807 0.0907959 0.186099 0.00229645
0 0.541406 0.501121 0.065625 0.211883 0.00210762
29 0.378027 0.625561 0.0564453 0.0672646 0.00187492
32 0.331641 0.631727 0.0507812 0.0661435 0.00175476
29 0.3375 0.61435 0.0484375 0.100897 0.00169373
0 0.54375 0.56292 0.0726563 0.347253 0.00163555
14 0.00927734 0.832399 0.0172852 0.164798 0.00162315
32 0.485938 0.894619 0.0421875 0.0650224 0.00156116
29 0.708203 0.483744 0.0132813 0.0414798 0.00154305
34 0.00673828 0.790919 0.0123047 0.0795964 0.0015192
34 0.540625 0.493274 0.0625 0.196188 0.00150681
29 0.442188 0.360426 0.0203125 0.0358744 0.0014782
32 0.452734 0.273262 0.0546875 0.0442825 0.00146675
29 0.00673828 0.790919 0.0123047 0.0795964 0.00146675
29 0.44375 0.365471 0.0203125 0.0448431 0.00144386
0 0.755469 0.534753 0.021875 0.0426009 0.00137234
0 0.0120605 0.821749 0.0231445 0.150224 0.00135136
0 0.760156 0.536996 0.0328125 0.0515695 0.00133038
38 0.452734 0.273262 0.0546875 0.0442825 0.00130463
34 0.453906 0.392377 0.0429688 0.102018 0.00129414
33 0.0109863 0.797085 0.0219727 0.10426 0.00129414
32 0.420703 0.60426 0.021875 0.0448431 0.00126457
29 0.451562 0.289798 0.0546875 0.0784753 0.00123501
34 0.709375 0.486547 0.0140625 0.0470852 0.00118828
38 0.32207 0.627242 0.0472656 0.0840807 0.00109863
33 0.0120605 0.821749 0.0231445 0.150224 0.00109863
0 0.0893555 0.865471 0.177539 0.233184 0.00109482
67 0.44375 0.365471 0.0203125 0.0448431 0.00104427
0 0.0109375 0.792601 0.021875 0.0930493 0.00102043
34 0.535937 0.466087 0.0703125 0.177691 0.00101185
25 0.00849609 0.83296 0.0166016 0.172646 0.00100422
0 0.505469 0.641115 0.148438 0.607904 0.940918
0 0.726172 0.701794 0.180469 0.469731 0.936523
0 0.361914 0.731502 0.140234 0.412556 0.927246
29 0.452344 0.274103 0.0539063 0.0448431 0.868164
29 0.321875 0.618834 0.0457031 0.0661435 0.119202
32 0.823438 0.64574 0.015625 0.0358744 0.0330811
29 0.421094 0.599215 0.0203125 0.0336323 0.0206451
29 0.330859 0.624439 0.0453125 0.0717489 0.0189819
29 0.449219 0.369114 0.034375 0.0577354 0.0146713
33 0.00849609 0.83296 0.0166504 0.172646 0.0122375
34 0.539062 0.460482 0.059375 0.132848 0.0115051
33 0.00722656 0.795964 0.0126465 0.0919283 0.011116
33 0.00698242 0.809417 0.0125977 0.127803 0.00898743
0 0.00722656 0.795964 0.0126465 0.0919283 0.00881195
32 0.323242 0.625561 0.0496094 0.0784753 0.00844574
0 0.00698242 0.809417 0.0125977 0.127803 0.00844574
0 0.00930176 0.832399 0.017334 0.164798 0.00821686
0 0.535156 0.474215 0.04375 0.143498 0.00717545
0 0.545313 0.472253 0.0601563 0.148543 0.00664139
0 0.539844 0.485426 0.0390625 0.137892 0.00658798
0 0.753125 0.683857 0.0984375 0.443946 0.00598145
32 0.421094 0.599215 0.0203125 0.0336323 0.00582123
0 0.0110107 0.853139 0.0211914 0.210762 0.00534439
29 0.420703 0.60426 0.021875 0.0448431 0.00432968
29 0.453125 0.391816 0.040625 0.0986547 0.00380898
32 0.804688 0.880605 0.01875 0.0493274 0.00379562
29 0.414453 0.621076 0.0335938 0.0818386 0.00351143
29 0.540625 0.654148 0.0695313 0.0470852 0.00327301
29 0.823438 0.6463 0.015625 0.0358744 0.00294685
0 0.0150146 0.871637 0.0283691 0.246637 0.00275803
67 0.708594 0.483744 0.0125 0.0414798 0.00244331
0 0.542969 0.6463 0.0734375 0.534753 0.00242424
0 0.230859 0.752803 0.410156 0.373318 0.00239754
0 0.045813 0.840807 0.0907959 0.186099 0.00235939
0 0.324219 0.710762 0.0648438 0.367713 0.00234222
41 0.823438 0.6463 0.015625 0.0358744 0.00228691
0 0.541406 0.501121 0.065625 0.211883 0.00212479
29 0.378027 0.625561 0.0564453 0.0672646 0.00189686
32 0.331641 0.632287 0.0507812 0.0650224 0.00179577
29 0.337305 0.61435 0.0480469 0.0986547 0.0017271
0 0.54375 0.56292 0.0726563 0.347253 0.00163555
14 0.00930176 0.832399 0.017334 0.164798 0.00163555
29 0.708594 0.483744 0.0125 0.0414798 0.00154305
32 0.485938 0.894619 0.0421875 0.0650224 0.00154305
34 0.0067627 0.790919 0.0123047 0.0795964 0.00153065
34 0.540625 0.492993 0.0625 0.195628 0.00153065
29 0.442188 0.360426 0.0203125 0.0358744 0.00148964
32 0.452734 0.273262 0.0546875 0.0442825 0.00147247
29 0.0067627 0.790919 0.0123047 0.0795964 0.00146103
29 0.44375 0.365471 0.0203125 0.0448431 0.00144958
0 0.0120605 0.821749 0.0231445 0.150224 0.00137806
0 0.755469 0.534753 0.021875 0.0426009 0.00135612
38 0.452734 0.273262 0.0546875 0.0442825 0.00131512
0 0.760156 0.536996 0.0328125 0.0515695 0.00131512
34 0.453906 0.392377 0.0429688 0.102018 0.00130939
32 0.420703 0.60426 0.021875 0.0448431 0.00126934
33 0.0109863 0.797085 0.0219727 0.10426 0.00126457
34 0.709375 0.486547 0.0140625 0.0470852 0.00121593
29 0.451562 0.289798 0.0546875 0.0784753 0.00121117
0 0.0892578 0.865471 0.177344 0.233184 0.0011158
38 0.32207 0.627242 0.0472656 0.0840807 0.00111198
33 0.0120605 0.821749 0.0231445 0.150224 0.00107765
67 0.44375 0.365471 0.0203125 0.0448431 0.00106525
0 0.0109619 0.792601 0.0219238 0.0930493 0.00103664
34 0.535937 0.466087 0.0703125 0.177691 0.00103188
