53 0.442969 0.513542 0.884375 0.947917 0.939453
41 0.942187 0.19974 0.115625 0.397396 0.817383
40 0.8 0.0739583 0.154688 0.144271 0.816406
60 0.503125 0.502604 0.9875 0.994792 0.46582
41 0.362891 0.0108073 0.100781 0.0216146 0.366699
41 0.685156 0.0277344 0.0945313 0.0497396 0.341553
39 0.942187 0.200586 0.114063 0.398828 0.103027
39 0.925781 0.0619792 0.0859375 0.119792 0.0817871
39 0.685156 0.0277344 0.0945313 0.0497396 0.0747681
41 0.925 0.0615885 0.0828125 0.120052 0.0726318
40 0.363086 0.011263 0.0988281 0.022526 0.0507202
40 0.15752 0.0622396 0.120898 0.119271 0.0409851
41 0.8 0.0739583 0.154688 0.14375 0.0339661
40 0.942187 0.197135 0.115625 0.394271 0.033844
40 0.197656 0.0640625 0.203125 0.125521 0.025177
45 0.928125 0.0608073 0.0875 0.11901 0.0241394
40 0.159766 0.0369792 0.115234 0.0713542 0.0224609
39 0.362305 0.0108073 0.101953 0.0216146 0.0192719
60 0.458984 0.199479 0.913281 0.394792 0.0190125
60 0.318555 0.240625 0.635547 0.477083 0.0178528
41 0.162695 0.0328125 0.0949219 0.0635417 0.0168457
41 0.158496 0.0625 0.122461 0.119792 0.0146713
60 0.507031 0.0966146 0.945312 0.189063 0.0145035
40 0.685156 0.028125 0.0953125 0.05 0.0139542
45 0.685938 0.0272135 0.09375 0.0507813 0.0113754
41 0.363672 0.0252604 0.107813 0.0484375 0.0102921
41 0.180469 0.0648438 0.168359 0.125521 0.00923157
53 0.445312 0.695833 0.871875 0.579167 0.0088501
60 0.221875 0.244531 0.442188 0.485938 0.00871277
41 0.155859 0.0471354 0.114453 0.0911458 0.00793457
41 0.363867 0.0114583 0.105859 0.0229167 0.00763702
60 0.851562 0.666667 0.29375 0.65 0.00760651
60 0.567187 0.179753 0.801562 0.354036 0.0069046
45 0.362891 0.0108073 0.100781 0.0216146 0.00658798
45 0.942187 0.19974 0.115625 0.397396 0.00658798
42 0.366406 0.0111979 0.107031 0.0223958 0.00453949
60 0.245703 0.180469 0.489844 0.356771 0.00432968
69 0.489844 0.501563 0.979688 0.996875 0.00400543
60 0.878125 0.502214 0.239063 0.978906 0.00395966
60 0.173535 0.465495 0.34668 0.923177 0.00387001
44 0.361328 0.0109375 0.0984375 0.021875 0.00380898
41 0.939844 0.340495 0.117188 0.677344 0.00378036
60 0.466797 0.59362 0.897656 0.783594 0.0037365
40 0.24043 0.0671875 0.287891 0.13125 0.00369263
42 0.157031 0.24375 0.236328 0.266667 0.00365067
41 0.940625 0.296354 0.11875 0.204167 0.00359344
40 0.202686 0.149935 0.244629 0.294922 0.00336266
60 0.477734 0.00872396 0.922656 0.0174479 0.00327301
39 0.8 0.0739583 0.154688 0.14375 0.00321007
0 0.800195 0.0752604 0.155859 0.146875 0.00283432
60 0.482812 0.827083 0.915625 0.322917 0.00273705
75 0.8 0.0739583 0.154688 0.14375 0.0027256
50 0.927344 0.060026 0.0859375 0.11849 0.00266266
60 0.489063 0.323438 0.96875 0.642708 0.00253105
41 0.364648 0.0169271 0.105859 0.0322917 0.00235939
39 0.363867 0.0114583 0.105859 0.0229167 0.00230598
60 0.179883 0.209896 0.359766 0.415625 0.00219917
75 0.94375 0.196875 0.1125 0.39375 0.00216484
53 0.29043 0.692708 0.569141 0.579167 0.00211525
53 0.44375 0.792708 0.828125 0.379167 0.00200272
40 0.924219 0.0619792 0.0859375 0.119792 0.00171375
60 0.80332 0.201563 0.355859 0.397917 0.00171375
40 0.154492 0.156771 0.299219 0.308333 0.00160408
40 0.363672 0.0252604 0.107813 0.0484375 0.00158501
60 0.703516 0.189518 0.536719 0.37513 0.00157356
60 0.930469 0.492188 0.135937 0.978125 0.0015192
42 0.230664 0.156706 0.269141 0.260547 0.00145531
44 0.218945 0.17819 0.242969 0.23112 0.00143814
39 0.180469 0.0648438 0.168359 0.125521 0.00143242
41 0.83125 0.0719401 0.1125 0.141536 0.00139904
0 0.925781 0.0619792 0.0859375 0.119792 0.00136662
58 0.925781 0.0619792 0.0859375 0.119792 0.00136662
42 0.190234 0.204688 0.191406 0.192708 0.00134087
40 0.363867 0.0114583 0.105859 0.0229167 0.00130463
42 0.163867 0.0295573 0.096875 0.0559896 0.00128937
39 0.982813 0.0610677 0.034375 0.120052 0.00128937
60 0.635059 0.778125 0.725195 0.422917 0.00117397
40 0.162793 0.0317708 0.0884766 0.0622396 0.0011425
40 0.824219 0.0705729 0.09375 0.140625 0.00112915
42 0.211719 0.182552 0.223438 0.216146 0.00112915
43 0.230664 0.156706 0.269141 0.260547 0.00107288
60 0.489063 0.134375 0.920313 0.265625 0.00106907
41 0.852344 0.0289063 0.071875 0.0546875 0.00106525
60 0.852344 0.836458 0.29375 0.310417 0.00103664
75 0.928125 0.0608073 0.0875 0.11901 0.00101185
53 0.445312 0.511979 0.882812 0.946875 0.946777
40 0.8 0.0744141 0.154688 0.144922 0.85791
41 0.942187 0.20026 0.115625 0.398438 0.830078
60 0.502344 0.502474 0.989062 0.995052 0.454346
41 0.362891 0.0107422 0.100781 0.0214844 0.401611
41 0.685156 0.0278646 0.0945313 0.05 0.366699
39 0.942187 0.200586 0.114063 0.39987 0.117981
39 0.925781 0.0619792 0.0859375 0.119792 0.0903931
41 0.925 0.0617188 0.0828125 0.120833 0.0863037
39 0.685156 0.0278646 0.0945313 0.05 0.0820923
40 0.362109 0.0110677 0.0992187 0.0221354 0.0535889
41 0.8 0.0742188 0.154688 0.144271 0.0524292
40 0.157227 0.0630208 0.120313 0.121354 0.0520325
40 0.942187 0.197135 0.115625 0.394271 0.042572
45 0.928125 0.0606771 0.0875 0.119271 0.0348816
40 0.195312 0.0645833 0.198437 0.126563 0.0317383
40 0.160156 0.0369792 0.112891 0.0708333 0.0272675
60 0.457031 0.199219 0.910937 0.395313 0.022583
41 0.162891 0.0330729 0.09375 0.0638021 0.0207214
60 0.335156 0.241667 0.66875 0.479167 0.0183411
39 0.362109 0.0108073 0.101562 0.0216146 0.0170441
41 0.158203 0.0632813 0.121875 0.121354 0.0168457
40 0.685156 0.0282552 0.0953125 0.05 0.0141754
45 0.685547 0.0270833 0.09375 0.0505208 0.0136871
60 0.505469 0.101302 0.945312 0.198438 0.0123367
41 0.363672 0.0260417 0.107031 0.0494792 0.011116
60 0.222656 0.245573 0.44375 0.488021 0.00857544
60 0.85293 0.538542 0.287891 0.910417 0.00844574
41 0.155762 0.0472656 0.113477 0.0914063 0.00841522
45 0.362891 0.0107422 0.100781 0.0214844 0.00837708
53 0.445312 0.697917 0.870313 0.577083 0.00803375
41 0.364063 0.0113932 0.105469 0.0227865 0.00734711
45 0.942187 0.20026 0.115625 0.398438 0.00723267
60 0.560156 0.177018 0.804688 0.349089 0.00682449
41 0.940625 0.302083 0.11875 0.19375 0.00634003
42 0.156055 0.233854 0.229297 0.244792 0.00568771
41 0.195312 0.0645833 0.198437 0.126563 0.00508118
39 0.8 0.0742188 0.15625 0.144792 0.00450516
41 0.939844 0.458854 0.117188 0.915625 0.00445175
60 0.173926 0.441797 0.347461 0.876823 0.00428009
42 0.366406 0.0110026 0.107031 0.0220052 0.00419998
60 0.248242 0.180208 0.495703 0.35625 0.00419998
60 0.85332 0.684375 0.290234 0.614583 0.0041008
40 0.235596 0.0677734 0.278027 0.132161 0.0039444
40 0.203906 0.148177 0.234766 0.291667 0.00382423
44 0.361328 0.0108073 0.0976562 0.0216146 0.00356483
0 0.8 0.0755208 0.15625 0.147396 0.00356483
60 0.464844 0.59362 0.892188 0.783594 0.00351143
60 0.17998 0.211719 0.359961 0.420313 0.00346947
75 0.8 0.0742188 0.154688 0.144271 0.00341606
60 0.907813 0.501042 0.18125 0.979167 0.00341606
69 0.489844 0.501042 0.979688 0.997917 0.00300407
41 0.364648 0.0169271 0.105078 0.0322917 0.00281143
75 0.94375 0.196875 0.1125 0.39375 0.00251198
60 0.476172 0.0129557 0.922656 0.0259115 0.00234985
60 0.490234 0.332813 0.971094 0.663542 0.00232315
60 0.474609 0.826042 0.897656 0.325 0.00230598
50 0.927344 0.0598958 0.0859375 0.11875 0.00224304
40 0.924219 0.0621094 0.0859375 0.120052 0.00218201
44 0.214258 0.179427 0.232031 0.227604 0.00213242
42 0.188623 0.205208 0.183691 0.190625 0.00209045
53 0.288672 0.694792 0.564844 0.579167 0.00201988
39 0.364063 0.0113932 0.105469 0.0227865 0.0019722
42 0.214258 0.179427 0.232031 0.227604 0.00188923
58 0.925781 0.0619792 0.0859375 0.119792 0.00181007
40 0.157617 0.153385 0.284766 0.301563 0.00170708
60 0.796875 0.201107 0.360938 0.397786 0.0017004
40 0.363672 0.0260417 0.107031 0.0494792 0.00165462
41 0.832031 0.0719401 0.1125 0.141536 0.00158501
0 0.925781 0.0619792 0.0859375 0.119792 0.00157928
53 0.44375 0.788542 0.826563 0.389583 0.00154877
60 0.934375 0.492188 0.128125 0.978125 0.00153065
39 0.982813 0.0608073 0.034375 0.120052 0.00147247
39 0.17832 0.0653646 0.164062 0.126563 0.00145531
60 0.694922 0.186198 0.542969 0.369271 0.00144386
40 0.823438 0.0697266 0.090625 0.138672 0.00140476
44 0.188623 0.205208 0.183691 0.190625 0.00132465
42 0.164062 0.0294271 0.0953125 0.0557292 0.00127888
44 0.156055 0.233854 0.229297 0.244792 0.00126934
45 0.8 0.0742188 0.154688 0.144271 0.0012598
75 0.928125 0.0606771 0.0875 0.119271 0.0012207
40 0.162891 0.0320313 0.0878906 0.0625 0.00119686
43 0.226758 0.158333 0.260547 0.250521 0.00119686
40 0.364063 0.0113932 0.105469 0.0227865 0.00118828
41 0.852344 0.0291667 0.071875 0.0552083 0.00117397
43 0.156055 0.233854 0.229297 0.244792 0.0011692
60 0.13457 0.184896 0.26875 0.367708 0.00108147
40 0.80625 0.039974 0.0515625 0.0763021 0.00107288
60 0.612402 0.776042 0.770508 0.429167 0.00106907
39 0.156836 0.0605469 0.118359 0.11849 0.00103664
39 0.927344 0.0969401 0.090625 0.192578 0.00103664
53 0.444531 0.511979 0.882812 0.946875 0.953125
40 0.8 0.0745443 0.154688 0.145703 0.869629
41 0.942187 0.20026 0.115625 0.398438 0.820801
60 0.502344 0.502474 0.989062 0.995052 0.434082
41 0.3625 0.0106771 0.100781 0.0213542 0.420654
41 0.685156 0.0278646 0.0953125 0.05 0.379395
39 0.942187 0.20026 0.1125 0.399479 0.124634
41 0.925 0.061849 0.084375 0.120573 0.0913696
39 0.685156 0.0278646 0.0953125 0.05 0.0872803
39 0.925781 0.0619792 0.0859375 0.119792 0.0866089
41 0.8 0.0742188 0.154688 0.144792 0.0596619
40 0.362109 0.0109375 0.0992187 0.021875 0.0518494
40 0.157129 0.0634115 0.120117 0.122135 0.0512695
40 0.942969 0.197135 0.114063 0.394271 0.0470886
40 0.155859 0.0460938 0.112891 0.0890625 0.0460205
45 0.928125 0.0606771 0.0875 0.11875 0.0433655
40 0.19375 0.064974 0.195703 0.126823 0.0307922
60 0.454688 0.194206 0.90625 0.385547 0.0258636
41 0.162988 0.0330729 0.0931641 0.0638021 0.0229797
41 0.158105 0.0635417 0.122461 0.121875 0.0177765
60 0.359961 0.241146 0.718359 0.478125 0.0164642
45 0.685547 0.0270833 0.09375 0.0505208 0.0160217
39 0.362305 0.010612 0.101172 0.021224 0.0158386
40 0.685156 0.0282552 0.0953125 0.05 0.0142288
41 0.363281 0.0260417 0.10625 0.05 0.0117798
60 0.505078 0.100456 0.942969 0.195964 0.0103683
45 0.3625 0.0106771 0.100781 0.0213542 0.0091629
41 0.155859 0.0460938 0.112891 0.0890625 0.00878143
41 0.941406 0.30599 0.117188 0.184896 0.0086441
45 0.942187 0.20026 0.115625 0.398438 0.00844574
60 0.853906 0.544792 0.2875 0.897917 0.00800323
53 0.445312 0.7 0.870313 0.572917 0.00796509
60 0.223828 0.245313 0.445312 0.4875 0.00787354
41 0.364063 0.0113281 0.105469 0.0226563 0.00717545
40 0.162988 0.0330729 0.0931641 0.0638021 0.00591278
42 0.155859 0.229948 0.225 0.238021 0.00575256
39 0.8 0.0744792 0.15625 0.144792 0.00526047
41 0.19375 0.064974 0.195703 0.126823 0.00521851
60 0.172852 0.425 0.345313 0.842708 0.00405502
0 0.8 0.0757813 0.15625 0.147396 0.00402451
60 0.252148 0.17819 0.503516 0.351953 0.00402451
42 0.366406 0.0108724 0.107031 0.0217448 0.00392914
60 0.179102 0.20944 0.358203 0.416536 0.00392914
41 0.939844 0.463021 0.117188 0.923958 0.00390053
75 0.8 0.0742188 0.154688 0.144792 0.00367928
40 0.203857 0.14681 0.230566 0.288672 0.00358009
60 0.910937 0.502083 0.175 0.977083 0.00346947
40 0.232422 0.0677734 0.271875 0.132161 0.00345612
60 0.465234 0.598828 0.891406 0.77526 0.00341606
44 0.361328 0.0108073 0.0976562 0.0216146 0.00336266
60 0.85332 0.684896 0.290234 0.613542 0.00321007
41 0.364453 0.0169271 0.104688 0.0325521 0.00309944
75 0.94375 0.196615 0.1125 0.393229 0.00293541
69 0.489063 0.501042 0.978125 0.997917 0.00282288
60 0.459766 0.396224 0.917969 0.788802 0.00268364
42 0.187061 0.205208 0.179004 0.189583 0.00244331
40 0.924219 0.0619792 0.0859375 0.119792 0.00231361
44 0.210889 0.180729 0.225098 0.225 0.00226021
60 0.471094 0.832292 0.889063 0.314583 0.00214005
58 0.925781 0.0619792 0.0859375 0.119792 0.00209999
50 0.927344 0.0596354 0.0859375 0.118229 0.00206757
42 0.210889 0.180729 0.225098 0.225 0.00188923
39 0.364063 0.0113281 0.105469 0.0226563 0.00179577
0 0.925781 0.0619792 0.0859375 0.119792 0.00176811
53 0.287891 0.696875 0.564063 0.575 0.00176811
40 0.363281 0.0260417 0.10625 0.05 0.00174809
60 0.794531 0.200781 0.364063 0.397396 0.00172043
39 0.982813 0.0605469 0.034375 0.119531 0.0016489
41 0.832031 0.0716146 0.1125 0.140625 0.00163555
60 0.470313 0.0123047 0.9125 0.0246094 0.00158501
40 0.161523 0.149479 0.272266 0.293229 0.00156116
44 0.187061 0.205208 0.179004 0.189583 0.00155449
40 0.822656 0.0692708 0.0890625 0.1375 0.00148392
39 0.177539 0.065625 0.162891 0.127083 0.00147247
45 0.8 0.0742188 0.154688 0.144792 0.00146675
60 0.692187 0.186198 0.54375 0.369271 0.00138855
75 0.928125 0.0606771 0.0875 0.11875 0.00134563
44 0.155859 0.229948 0.225 0.238021 0.00129986
42 0.164355 0.0291667 0.0935547 0.0552083 0.0012064
40 0.80625 0.0388021 0.0515625 0.0739583 0.0012064
41 0.852344 0.0291667 0.071875 0.0552083 0.0012064
53 0.443359 0.789583 0.827344 0.3875 0.00118828
40 0.364063 0.0113281 0.105469 0.0226563 0.00117874
43 0.155859 0.229948 0.225 0.238021 0.00117874
43 0.210889 0.180729 0.225098 0.225 0.00109863
39 0.156836 0.0611979 0.118359 0.119271 0.00108147
56 0.928125 0.0606771 0.0875 0.11875 0.00107765
40 0.80625 0.0311198 0.040625 0.0591146 0.00105667
39 0.927344 0.0952474 0.0890625 0.188672 0.00105667
60 0.596094 0.780208 0.803125 0.420833 0.00103664
53 0.444531 0.5125 0.882812 0.947917 0.961426
40 0.8 0.0747396 0.154688 0.145833 0.877441
41 0.941406 0.200456 0.114063 0.399089 0.834473
41 0.3625 0.0106771 0.100781 0.0213542 0.445557
60 0.503125 0.502083 0.9875 0.995833 0.394287
41 0.685156 0.0278646 0.0953125 0.05 0.390381
39 0.942969 0.196875 0.114063 0.39375 0.12854
41 0.925 0.0617188 0.0828125 0.120313 0.0963745
39 0.685156 0.0278646 0.0953125 0.05 0.0923462
39 0.925781 0.0619792 0.0859375 0.119792 0.0863037
41 0.8 0.0744141 0.154688 0.144922 0.0713501
40 0.942969 0.196875 0.114063 0.39375 0.0579224
40 0.156641 0.0634115 0.119141 0.122135 0.0574951
40 0.155859 0.0442708 0.111719 0.0848958 0.0481262
45 0.927344 0.0604167 0.0875 0.11875 0.0462036
40 0.362109 0.0108724 0.0992187 0.0217448 0.0450134
40 0.188867 0.0648438 0.185547 0.126563 0.0322266
41 0.162891 0.0330729 0.0925781 0.0635417 0.0297546
60 0.453906 0.194206 0.904688 0.385547 0.0283813
41 0.157813 0.0635417 0.121875 0.121875 0.0255585
45 0.685547 0.0269531 0.09375 0.0505208 0.0173035
60 0.361523 0.241732 0.721484 0.480078 0.0158997
39 0.362109 0.0104818 0.100781 0.0209635 0.0155411
41 0.155859 0.0442708 0.111719 0.0848958 0.0133743
40 0.685156 0.0282552 0.0953125 0.0497396 0.0127258
41 0.941406 0.310417 0.117188 0.176042 0.012291
41 0.363086 0.0261719 0.105859 0.0502604 0.0120544
45 0.3625 0.0106771 0.100781 0.0213542 0.0088501
60 0.458203 0.322135 0.914844 0.641146 0.00847626
53 0.445312 0.702083 0.870313 0.570833 0.00828552
60 0.507031 0.107031 0.942187 0.208854 0.00806427
45 0.942187 0.20026 0.115625 0.398438 0.00796509
41 0.188867 0.0648438 0.185547 0.126563 0.00754929
60 0.854883 0.545313 0.287109 0.896875 0.00746155
60 0.225195 0.245378 0.448047 0.488411 0.00737381
40 0.162891 0.0330729 0.0925781 0.0635417 0.00714874
41 0.363672 0.0111979 0.105469 0.0223958 0.00706482
42 0.156055 0.226563 0.220703 0.23125 0.00698471
39 0.8 0.0745443 0.15625 0.145703 0.0068512
0 0.8 0.0761068 0.15625 0.147786 0.00408554
60 0.249414 0.177865 0.498047 0.350521 0.00399017
60 0.178125 0.207227 0.35625 0.411589 0.00387001
60 0.172461 0.381771 0.344531 0.755208 0.00382423
41 0.364648 0.0166667 0.105078 0.0322917 0.00379562
42 0.366406 0.0108073 0.107031 0.0216146 0.00369263
75 0.8 0.0744141 0.154688 0.144922 0.0036068
40 0.20332 0.145378 0.226953 0.286328 0.00349617
41 0.940625 0.469271 0.115625 0.936458 0.00346947
60 0.913281 0.503125 0.16875 0.975 0.00345612
75 0.94375 0.196354 0.1125 0.392708 0.00333786
42 0.185889 0.205208 0.175098 0.188542 0.00313568
44 0.361328 0.010612 0.0976562 0.021224 0.00307465
40 0.230029 0.0677083 0.266504 0.131771 0.00296974
60 0.473438 0.588412 0.9 0.798177 0.00291252
44 0.208008 0.181771 0.219141 0.221875 0.00287819
60 0.853125 0.678646 0.292188 0.628125 0.00248146
69 0.488672 0.501042 0.977344 0.997917 0.00247192
40 0.924219 0.0619792 0.0859375 0.119792 0.00243378
42 0.208008 0.181771 0.219141 0.221875 0.00218201
58 0.925781 0.0619792 0.0859375 0.119792 0.00214958
44 0.185889 0.205208 0.175098 0.188542 0.00201988
50 0.927344 0.0596354 0.0859375 0.118229 0.00198746
39 0.982813 0.0605469 0.034375 0.119531 0.00191879
60 0.471875 0.835938 0.884375 0.307292 0.00191879
0 0.925781 0.0619792 0.0859375 0.119792 0.00184631
41 0.832812 0.0708984 0.1125 0.139453 0.00179577
39 0.363672 0.0111979 0.105469 0.0223958 0.00172043
40 0.363086 0.0261719 0.105859 0.0502604 0.00172043
40 0.820312 0.0682292 0.084375 0.135417 0.00168133
39 0.174023 0.065625 0.155859 0.127083 0.00167465
60 0.798633 0.200781 0.352734 0.397396 0.00166798
45 0.8 0.0744141 0.154688 0.144922 0.00159168
41 0.939844 0.269792 0.120313 0.2625 0.00153637
75 0.927344 0.0604167 0.0875 0.11875 0.00152493
44 0.156055 0.226563 0.220703 0.23125 0.0015192
40 0.80625 0.0369792 0.05 0.0703125 0.00146103
53 0.287891 0.697917 0.563281 0.570833 0.00136662
41 0.804688 0.0322917 0.046875 0.0619792 0.00135612
60 0.702734 0.186719 0.514844 0.370313 0.00134563
41 0.853125 0.0291667 0.0703125 0.0552083 0.00128937
43 0.156055 0.226563 0.220703 0.23125 0.00127888
40 0.80625 0.0311198 0.040625 0.0588542 0.00123501
56 0.927344 0.0604167 0.0875 0.11875 0.00122547
42 0.164941 0.0289063 0.0912109 0.0541667 0.0012064
43 0.208008 0.181771 0.219141 0.221875 0.00118828
39 0.926562 0.0966146 0.0875 0.192188 0.00117397
40 0.363672 0.0111979 0.105469 0.0223958 0.00111198
45 0.942187 0.315365 0.115625 0.170313 0.00109863
60 0.463672 0.0121094 0.897656 0.0242188 0.00106525
41 0.946875 0.126823 0.103125 0.251563 0.00104427
48 0.446875 0.513542 0.878125 0.94375 0.00103188
60 0.848633 0.122461 0.277734 0.24362 0.00100803
53 0.445703 0.513411 0.883594 0.948177 0.965332
40 0.8 0.0747396 0.154688 0.145833 0.888184
41 0.940625 0.200456 0.115625 0.399089 0.861328
41 0.3625 0.0105469 0.1 0.0210938 0.44751
41 0.685156 0.0278646 0.0953125 0.0494792 0.416748
60 0.503906 0.501953 0.990625 0.996094 0.38208
39 0.942969 0.196875 0.114063 0.39375 0.114746
41 0.925 0.0615885 0.0828125 0.120052 0.107056
39 0.685156 0.0278646 0.0953125 0.0494792 0.0913696
39 0.925781 0.0619792 0.0859375 0.119271 0.0836182
41 0.8 0.0744141 0.154688 0.144922 0.0747681
40 0.942969 0.196875 0.114063 0.39375 0.0680542
40 0.156836 0.0626302 0.119141 0.120573 0.0605164
40 0.15625 0.041276 0.110937 0.0783854 0.0505066
40 0.362109 0.0106771 0.0992187 0.0213542 0.0479431
45 0.927344 0.0604167 0.0875 0.118229 0.0467224
60 0.453906 0.198893 0.904688 0.39388 0.0315552
40 0.189844 0.0648438 0.1875 0.126563 0.0306702
41 0.162891 0.0330729 0.0921875 0.0638021 0.0280151
41 0.158008 0.0630208 0.122266 0.120833 0.0249939
60 0.346875 0.24401 0.692187 0.484896 0.0179138
45 0.685156 0.0268229 0.09375 0.05 0.0158997
39 0.361719 0.0104167 0.100781 0.0208333 0.0154877
41 0.941406 0.307813 0.117188 0.18125 0.014389
41 0.15625 0.041276 0.110937 0.0783854 0.0142822
40 0.685156 0.0283854 0.0953125 0.0494792 0.012291
41 0.362891 0.0272135 0.105469 0.0526042 0.00985718
45 0.3625 0.0105469 0.1 0.0210938 0.00844574
60 0.854688 0.542578 0.285938 0.902344 0.00837708
53 0.446875 0.703125 0.871875 0.56875 0.00812531
39 0.8 0.0747396 0.15625 0.145313 0.00796509
60 0.224023 0.247917 0.445703 0.49375 0.00793457
42 0.15625 0.225 0.21875 0.230208 0.00769424
40 0.162891 0.0330729 0.0921875 0.0638021 0.00709534
60 0.508203 0.108789 0.942969 0.211589 0.00666809
45 0.942187 0.19974 0.115625 0.398438 0.00661469
41 0.363672 0.0110677 0.105469 0.0221354 0.00653839
41 0.189844 0.0648438 0.1875 0.126563 0.00653839
60 0.178174 0.211979 0.356152 0.420833 0.00453949
41 0.940625 0.475521 0.11875 0.948958 0.00439835
60 0.17334 0.361979 0.346289 0.715625 0.0042305
60 0.916406 0.503255 0.1625 0.976823 0.00418091
0 0.800195 0.0759766 0.155859 0.147005 0.0041008
60 0.247656 0.181706 0.495313 0.358464 0.00380898
42 0.366797 0.0106771 0.107031 0.0213542 0.00346947
44 0.206689 0.181771 0.216309 0.220833 0.00332451
40 0.201758 0.145052 0.227734 0.284896 0.00331116
75 0.8 0.0744141 0.154688 0.144922 0.00328636
42 0.185596 0.205208 0.174902 0.188542 0.00327301
41 0.364453 0.0170573 0.104688 0.0333333 0.00322342
75 0.94375 0.196094 0.1125 0.392188 0.003088
44 0.361328 0.0104818 0.0976562 0.0209635 0.00300407
40 0.229297 0.0676432 0.264844 0.13138 0.00279999
40 0.925 0.0617188 0.0875 0.119792 0.00270462
60 0.85293 0.674479 0.291016 0.636458 0.00247192
60 0.475 0.599089 0.904688 0.776823 0.00235939
44 0.185596 0.205208 0.174902 0.188542 0.00234222
58 0.925781 0.0619792 0.0859375 0.119271 0.0020752
69 0.4875 0.501953 0.975 0.996094 0.00206757
42 0.206689 0.181771 0.216309 0.220833 0.0020504
41 0.939844 0.270052 0.120313 0.259896 0.00192642
0 0.925781 0.0619792 0.0859375 0.119271 0.00178909
39 0.982813 0.0606771 0.034375 0.119271 0.00177479
39 0.174609 0.065625 0.157031 0.126563 0.00172043
39 0.363672 0.0110677 0.105469 0.0221354 0.00171375
44 0.15625 0.225 0.21875 0.230208 0.00171375
48 0.445703 0.513411 0.883594 0.948177 0.0016613
60 0.472656 0.839063 0.885938 0.301042 0.00165462
50 0.928125 0.059375 0.0875 0.118229 0.0016489
41 0.832812 0.0707682 0.1125 0.138672 0.00161648
40 0.821875 0.0688151 0.0875 0.136328 0.00156689
40 0.362891 0.0272135 0.105469 0.0526042 0.00154305
45 0.8 0.0744141 0.154688 0.144922 0.00151253
75 0.927344 0.0604167 0.0875 0.118229 0.00147247
60 0.80332 0.200781 0.346484 0.397396 0.00144958
41 0.946875 0.127344 0.103125 0.253125 0.00134563
40 0.80625 0.0367188 0.05 0.0692708 0.00129414
56 0.927344 0.0604167 0.0875 0.118229 0.00127411
39 0.156445 0.0578125 0.117578 0.111979 0.00126934
40 0.8125 0.0598958 0.0734375 0.118229 0.00126457
39 0.926562 0.10599 0.0875 0.210938 0.0012598
60 0.708984 0.190625 0.502344 0.377083 0.00124454
43 0.15625 0.225 0.21875 0.230208 0.0012207
41 0.805469 0.0322917 0.0453125 0.0614583 0.0011692
41 0.853125 0.0292969 0.0703125 0.0552083 0.00116062
45 0.942187 0.314844 0.115625 0.170313 0.00116062
0 0.685156 0.0268229 0.0953125 0.0505208 0.00112915
40 0.174951 0.0557292 0.141504 0.107292 0.00112438
40 0.80625 0.0309896 0.040625 0.0583333 0.00109005
53 0.271094 0.682292 0.530469 0.602083 0.00105286
40 0.363672 0.0110677 0.105469 0.0221354 0.00104427
42 0.164355 0.028776 0.0919922 0.0539063 0.00103188
45 0.46875 0.500521 0.9375 0.998958 0.00103188
39 0.946875 0.127344 0.103125 0.253125 0.00100803
53 0.446094 0.513672 0.8875 0.953906 0.96875
40 0.8 0.0747396 0.154688 0.145313 0.888184
41 0.940625 0.200521 0.115625 0.397917 0.863281
41 0.3625 0.0105469 0.1 0.0208333 0.44751
41 0.685156 0.0278646 0.0953125 0.0489583 0.430176
60 0.504297 0.501432 0.991406 0.997135 0.380371
41 0.925 0.0613281 0.084375 0.119531 0.110107
39 0.942969 0.196354 0.114063 0.392708 0.104858
39 0.685156 0.0278646 0.0953125 0.0489583 0.0856934
39 0.926562 0.0619792 0.0875 0.11875 0.078064
40 0.157227 0.0619792 0.119531 0.119271 0.0742188
41 0.8 0.0747396 0.154688 0.144271 0.0718384
40 0.942969 0.196354 0.114063 0.392708 0.0715942
40 0.156836 0.0398438 0.110547 0.0755208 0.0596619
45 0.928125 0.0602865 0.0875 0.11849 0.0488586
40 0.363086 0.0109375 0.0996094 0.021875 0.0488586
40 0.191797 0.0644531 0.191016 0.125781 0.0366211
60 0.453906 0.203646 0.904688 0.403125 0.0321045
41 0.158301 0.0627604 0.122461 0.119792 0.0268555
41 0.162891 0.0328125 0.0925781 0.0635417 0.0267639
60 0.28418 0.245573 0.566797 0.488021 0.0214844
41 0.941406 0.307292 0.117188 0.18125 0.0198669
45 0.685156 0.0268229 0.09375 0.05 0.0159607
41 0.156836 0.0398438 0.110547 0.0755208 0.0156708
39 0.362109 0.0103516 0.100781 0.0207031 0.0153656
40 0.685156 0.028125 0.0953125 0.0489583 0.0134277
39 0.8 0.0744792 0.15625 0.144792 0.00945282
53 0.448438 0.704167 0.875 0.566667 0.00930023
41 0.363281 0.0278646 0.10625 0.0541667 0.00881195
45 0.3625 0.0105469 0.1 0.0208333 0.0078125
42 0.15625 0.227083 0.221875 0.236458 0.0078125
60 0.178711 0.240885 0.35625 0.478646 0.00775528
40 0.162891 0.0328125 0.0925781 0.0635417 0.00728989
41 0.191797 0.0644531 0.191016 0.125781 0.00677109
41 0.363672 0.0110677 0.105469 0.0221354 0.0064621
60 0.507812 0.120052 0.94375 0.233854 0.00638962
60 0.854688 0.553125 0.285938 0.883333 0.00636292
45 0.942187 0.198958 0.115625 0.397917 0.00536346
44 0.20708 0.180729 0.216309 0.222917 0.00441742
60 0.239063 0.18724 0.478125 0.369271 0.00413513
41 0.939844 0.273698 0.120313 0.252604 0.00407028
60 0.914062 0.502604 0.167187 0.976042 0.00367928
40 0.200586 0.145573 0.226172 0.285938 0.00363541
42 0.366797 0.010612 0.107813 0.021224 0.00349617
44 0.361523 0.0105469 0.0980469 0.0210938 0.00345612
75 0.94375 0.195573 0.1125 0.391146 0.00318527
44 0.189453 0.198438 0.175 0.1875 0.00294685
0 0.800781 0.0752604 0.15625 0.146875 0.00293541
42 0.186133 0.205729 0.176172 0.188542 0.00291252
40 0.925 0.0614583 0.0875 0.119271 0.00282288
75 0.8 0.0747396 0.154688 0.144271 0.00281143
41 0.364844 0.0170573 0.105469 0.0335938 0.00256157
48 0.447266 0.514453 0.885156 0.948177 0.00225258
60 0.474219 0.610938 0.914062 0.753125 0.00209999
44 0.15625 0.227083 0.221875 0.236458 0.00199509
58 0.926562 0.0619792 0.0875 0.11875 0.00198746
42 0.20708 0.180729 0.216309 0.222917 0.00196457
41 0.948438 0.128125 0.103125 0.255208 0.00189686
41 0.940625 0.354297 0.11875 0.70599 0.00189686
39 0.982813 0.0602865 0.034375 0.11901 0.00188255
39 0.176123 0.0651042 0.159473 0.126042 0.00187492
39 0.363672 0.0110677 0.105469 0.0221354 0.00186062
69 0.488672 0.501042 0.977344 0.997917 0.00183105
41 0.832812 0.0703776 0.110937 0.138411 0.00177479
60 0.854492 0.682813 0.287891 0.617708 0.00176144
75 0.928125 0.0602865 0.0875 0.11849 0.0017004
40 0.821094 0.06875 0.0859375 0.136458 0.00162888
50 0.928125 0.059375 0.0875 0.118229 0.0015974
0 0.926562 0.0619792 0.0875 0.11875 0.00158501
60 0.472656 0.841146 0.889063 0.296875 0.00157356
40 0.15625 0.148698 0.276953 0.291146 0.00150108
45 0.942187 0.313021 0.115625 0.172917 0.00150108
40 0.363281 0.0278646 0.10625 0.0541667 0.00142097
39 0.156641 0.0553385 0.117578 0.107031 0.00136662
39 0.948438 0.128125 0.103125 0.255208 0.00135136
45 0.469922 0.50013 0.939844 0.99974 0.00134563
40 0.80625 0.0360677 0.05 0.0684896 0.00132465
39 0.927344 0.1125 0.0875 0.223958 0.00132465
56 0.928125 0.0602865 0.0875 0.11849 0.0012846
45 0.8 0.0747396 0.154688 0.144271 0.00126457
41 0.853125 0.0290365 0.0703125 0.0549479 0.00125504
41 0.804688 0.0320313 0.04375 0.0609375 0.00123501
60 0.803125 0.200977 0.346875 0.397005 0.00123501
0 0.685156 0.0266927 0.0953125 0.0507813 0.00113773
43 0.15625 0.227083 0.221875 0.236458 0.00110722
60 0.714453 0.195247 0.489844 0.384505 0.00109863
40 0.80625 0.030599 0.040625 0.0580729 0.00109005
40 0.363672 0.0110677 0.105469 0.0221354 0.00105286
42 0.163574 0.0286458 0.0943359 0.0541667 0.00105286
53 0.44375 0.513021 0.8875 0.953125 0.969727
40 0.8 0.0744792 0.154688 0.144792 0.861328
41 0.942187 0.198438 0.115625 0.396875 0.844727
41 0.362695 0.0105469 0.100391 0.0205729 0.435791
41 0.685156 0.0277344 0.0953125 0.0486979 0.381104
60 0.504297 0.501042 0.991406 0.997917 0.353027
39 0.94375 0.199544 0.1125 0.396745 0.119629
41 0.925 0.0611979 0.084375 0.119271 0.100159
41 0.800781 0.0747396 0.157813 0.146875 0.0853882
39 0.685156 0.0277344 0.0953125 0.0486979 0.0830078
39 0.926562 0.0617188 0.0875 0.11875 0.0726318
40 0.942969 0.195833 0.114063 0.391667 0.0603027
40 0.157031 0.0611979 0.11875 0.117188 0.0594177
40 0.157422 0.0373698 0.108203 0.0705729 0.0503235
45 0.928125 0.0602865 0.0875 0.11849 0.0453491
40 0.363281 0.0108724 0.0992187 0.0217448 0.041626
60 0.451172 0.206771 0.899219 0.409375 0.0346069
41 0.158008 0.0622396 0.121875 0.11875 0.0303345
41 0.162793 0.0325521 0.0927734 0.0630208 0.0270691
60 0.24082 0.239583 0.480859 0.472917 0.0265503
40 0.193018 0.0641927 0.192871 0.12526 0.0246124
41 0.941406 0.304167 0.117188 0.1875 0.0212097
45 0.685156 0.0268229 0.09375 0.05 0.014389
39 0.361719 0.0104167 0.0984375 0.0208333 0.0142822
40 0.685156 0.028125 0.0953125 0.0484375 0.0133286
53 0.449219 0.704167 0.876563 0.564583 0.0115967
39 0.8 0.0744792 0.15625 0.144271 0.0108185
41 0.363281 0.0283854 0.10625 0.0552083 0.00812531
45 0.362695 0.0105469 0.100391 0.0205729 0.00701141
60 0.563672 0.188281 0.775781 0.369271 0.00695801
41 0.193018 0.0641927 0.192871 0.12526 0.0064621
42 0.15625 0.229688 0.225 0.242708 0.00636292
60 0.1771 0.212435 0.353613 0.419922 0.00605011
60 0.507031 0.123438 0.935938 0.239583 0.00595856
60 0.854688 0.548828 0.285938 0.891927 0.00588989
41 0.364063 0.0110026 0.105469 0.0220052 0.0053215
45 0.942187 0.198438 0.115625 0.396875 0.00436401
44 0.208594 0.179753 0.219141 0.226953 0.00415039
44 0.361719 0.0104167 0.0984375 0.0208333 0.00346947
42 0.366797 0.0106771 0.107813 0.0213542 0.00332451
60 0.914062 0.502604 0.16875 0.976042 0.00319672
40 0.200342 0.145898 0.230566 0.286328 0.00307465
75 0.94375 0.199544 0.1125 0.396745 0.00290108
0 0.800781 0.0752604 0.15625 0.146354 0.00283432
41 0.364844 0.0174479 0.105469 0.0341146 0.00277901
44 0.191992 0.197917 0.179297 0.190625 0.00275803
40 0.925 0.0613281 0.0875 0.11849 0.00271416
48 0.448047 0.514453 0.885156 0.946094 0.00261116
75 0.8 0.0747396 0.154688 0.14375 0.00236893
60 0.471875 0.61862 0.915625 0.73776 0.00215721
44 0.170703 0.215104 0.210156 0.2125 0.0020752
60 0.480859 0.333854 0.958594 0.634375 0.00198746
42 0.187549 0.20625 0.17959 0.190625 0.00194168
39 0.177148 0.064974 0.161328 0.12526 0.00192642
41 0.947656 0.128711 0.104688 0.25612 0.00191212
41 0.832812 0.0705729 0.109375 0.138542 0.00188255
58 0.926562 0.0617188 0.0875 0.11875 0.00183868
75 0.928125 0.0602865 0.0875 0.11849 0.0016613
69 0.489063 0.500521 0.978125 0.998958 0.0016613
40 0.820312 0.0686849 0.084375 0.136589 0.00165462
39 0.982813 0.060026 0.034375 0.117969 0.00163555
42 0.208594 0.179753 0.219141 0.226953 0.00162315
40 0.163086 0.0316406 0.0871094 0.0617188 0.00161076
60 0.471094 0.841146 0.890625 0.296875 0.0015974
45 0.941406 0.311979 0.117188 0.173958 0.00158501
39 0.364063 0.0110026 0.105469 0.0220052 0.00156116
60 0.853906 0.68125 0.289062 0.620833 0.00156116
41 0.942969 0.31875 0.114063 0.138542 0.00152493
0 0.926562 0.0617188 0.0875 0.11875 0.0015192
41 0.804688 0.0317708 0.04375 0.0609375 0.00142097
39 0.947656 0.128711 0.104688 0.25612 0.00142097
40 0.805469 0.0355469 0.0484375 0.0674479 0.00139427
56 0.928125 0.0602865 0.0875 0.11849 0.00136662
50 0.928125 0.059375 0.0875 0.118229 0.00135612
39 0.15625 0.0502604 0.116406 0.096875 0.00135612
41 0.940625 0.45 0.11875 0.895833 0.00131989
39 0.927344 0.113021 0.0875 0.224479 0.00130463
45 0.470313 0.5 0.940625 1 0.00127888
60 0.799219 0.201042 0.354688 0.396875 0.00127411
41 0.853125 0.0290365 0.0703125 0.0549479 0.00126457
40 0.15498 0.149544 0.283008 0.292578 0.0012598
40 0.175977 0.0549479 0.142188 0.105729 0.00125504
60 0.2125 0.460938 0.425 0.915625 0.00124931
40 0.363281 0.0283854 0.10625 0.0552083 0.00123501
40 0.243359 0.246354 0.485156 0.488542 0.00119209
60 0.720313 0.197917 0.478125 0.389583 0.00116539
53 0.447656 0.514453 0.889063 0.95026 0.970215
41 0.942187 0.197917 0.115625 0.395833 0.841797
40 0.800781 0.0744792 0.154688 0.144271 0.834473
41 0.3625 0.0106771 0.100781 0.0203125 0.416748
60 0.503906 0.500911 0.992188 0.998177 0.357666
41 0.685156 0.0276042 0.0953125 0.0484375 0.355713
41 0.800781 0.0747396 0.157813 0.146354 0.101257
41 0.925781 0.0622396 0.0859375 0.119792 0.0997925
39 0.94375 0.199414 0.1125 0.394922 0.0974121
39 0.685156 0.0276042 0.0953125 0.0484375 0.0753174
39 0.926562 0.0617188 0.0875 0.118229 0.062561
40 0.94375 0.195052 0.1125 0.390104 0.0437012
40 0.157031 0.0609375 0.117969 0.116667 0.0406799
45 0.928125 0.0604167 0.0875 0.11875 0.0391846
60 0.448438 0.208268 0.89375 0.411589 0.0379639
40 0.158301 0.0364583 0.106055 0.0682292 0.037323
41 0.158008 0.0622396 0.121484 0.117708 0.036499
40 0.363281 0.0109375 0.0992187 0.0213542 0.035553
60 0.234375 0.241146 0.467969 0.476042 0.0333862
41 0.158301 0.0364583 0.106055 0.0682292 0.0272675
41 0.941406 0.294792 0.117188 0.20625 0.016983
40 0.193799 0.0640625 0.194434 0.124479 0.0154266
40 0.685156 0.028125 0.0953125 0.0484375 0.0130692
39 0.361719 0.0104167 0.0984375 0.0208333 0.0120544
45 0.685156 0.0268229 0.09375 0.0497396 0.011467
53 0.45 0.70625 0.878125 0.560417 0.0106506
39 0.800195 0.0744141 0.155859 0.14388 0.0100098
41 0.363672 0.0291667 0.107031 0.0565104 0.00748825
60 0.565234 0.190104 0.774219 0.372917 0.00740433
41 0.193799 0.0640625 0.194434 0.124479 0.00679779
60 0.507031 0.132812 0.939063 0.257292 0.00638962
45 0.3625 0.0106771 0.100781 0.0203125 0.00572968
60 0.853906 0.53737 0.2875 0.91276 0.00536346
42 0.15625 0.232813 0.226953 0.25 0.00482941
60 0.17793 0.213281 0.355078 0.421354 0.00473785
60 0.480859 0.348438 0.960156 0.665625 0.00403976
41 0.364258 0.0110026 0.105859 0.0220052 0.00366402
44 0.209326 0.179427 0.221191 0.230729 0.0036068
45 0.942187 0.197917 0.115625 0.395833 0.00356483
44 0.361719 0.0104167 0.0984375 0.0208333 0.00346947
41 0.364844 0.0179688 0.105469 0.0348958 0.00337601
60 0.917969 0.503125 0.159375 0.977083 0.00327301
42 0.366797 0.0105469 0.107813 0.0210938 0.00307465
48 0.449219 0.514714 0.885938 0.945573 0.00296974
40 0.200049 0.145898 0.234277 0.286328 0.00266266
0 0.800781 0.0749349 0.15625 0.145964 0.00265312
40 0.925 0.0611979 0.0875 0.117708 0.00243378
41 0.939844 0.489714 0.11875 0.97474 0.00216484
75 0.94375 0.195052 0.1125 0.390104 0.00206757
60 0.469922 0.629167 0.903906 0.714583 0.00204277
41 0.351562 0.0101563 0.0726563 0.0203125 0.00195694
41 0.832812 0.0708984 0.109375 0.139453 0.00189686
75 0.800781 0.0750651 0.154688 0.14362 0.00189686
39 0.17832 0.064974 0.163672 0.12474 0.00175476
44 0.166797 0.216667 0.221094 0.216667 0.00174809
58 0.926562 0.0617188 0.0875 0.118229 0.0016489
40 0.820312 0.0692708 0.08125 0.1375 0.00157356
40 0.234766 0.246615 0.467969 0.488021 0.00154877
44 0.185547 0.202604 0.171875 0.19375 0.00154305
41 0.942969 0.319271 0.114063 0.138542 0.00152493
42 0.185547 0.202604 0.171875 0.19375 0.0015192
60 0.471875 0.841146 0.89375 0.294792 0.0015192
0 0.926562 0.0617188 0.0875 0.118229 0.00148964
39 0.982813 0.0598958 0.034375 0.117708 0.00146675
41 0.947656 0.129232 0.104688 0.257161 0.00145531
75 0.928125 0.0604167 0.0875 0.11875 0.00140476
69 0.489063 0.500521 0.978125 0.998958 0.00138283
0 0.533594 0.496875 0.928125 0.99375 0.00138283
56 0.928125 0.0604167 0.0875 0.11875 0.00136662
45 0.941406 0.311979 0.117188 0.172917 0.00135612
60 0.793555 0.201563 0.366016 0.396875 0.00135612
42 0.209326 0.179427 0.221191 0.230729 0.00135136
40 0.805469 0.0356771 0.0484375 0.0671875 0.00132465
41 0.853125 0.0292969 0.0703125 0.0554688 0.00132465
41 0.804688 0.0317708 0.04375 0.0604167 0.00131512
60 0.213477 0.457813 0.426172 0.909375 0.00131512
60 0.719141 0.200586 0.485156 0.394661 0.00126934
50 0.928125 0.0595052 0.0875 0.11849 0.00124454
39 0.155957 0.049349 0.11543 0.0945313 0.00123501
45 0.469531 0.5 0.939063 1 0.00116062
40 0.154785 0.150456 0.285742 0.29388 0.00112057
39 0.364258 0.0110026 0.105859 0.0220052 0.0011158
45 0.217969 0.245573 0.433594 0.488021 0.00111198
42 0.136914 0.260417 0.248438 0.302083 0.00110722
39 0.926562 0.114648 0.0875 0.227995 0.00109482
40 0.363672 0.0291667 0.107031 0.0565104 0.00109005
39 0.947656 0.129232 0.104688 0.257161 0.00102806
60 0.85332 0.678125 0.290234 0.627083 0.00102043
53 0.447656 0.513542 0.889063 0.95 0.969238
41 0.942187 0.197396 0.115625 0.394792 0.847168
40 0.800781 0.0744792 0.154688 0.144271 0.841797
60 0.507812 0.498958 0.978125 0.997917 0.421631
41 0.3625 0.0106771 0.100781 0.0203125 0.390381
41 0.685156 0.0277344 0.0953125 0.0481771 0.331055
41 0.925781 0.0622396 0.0859375 0.119792 0.103027
41 0.800781 0.0749349 0.157813 0.145964 0.0913696
39 0.94375 0.199023 0.1125 0.394661 0.083313
39 0.685156 0.0277344 0.0953125 0.0481771 0.0675659
39 0.926562 0.0617188 0.0875 0.118229 0.0589905
60 0.446484 0.208789 0.888281 0.41263 0.0422363
60 0.235156 0.240625 0.46875 0.473958 0.0413818
41 0.157715 0.0626302 0.120898 0.11849 0.0387573
40 0.94375 0.194792 0.1125 0.389583 0.0359497
45 0.928125 0.0604167 0.0890625 0.11875 0.0351562
40 0.362891 0.0109375 0.0992187 0.0213542 0.0339661
40 0.156836 0.0613281 0.117188 0.116927 0.0316162
41 0.158984 0.0358073 0.103516 0.0669271 0.0307922
40 0.158984 0.0358073 0.103516 0.0669271 0.0303345
41 0.179346 0.0651042 0.165527 0.125 0.0145569
40 0.685156 0.028125 0.0953125 0.0484375 0.0139542
41 0.942187 0.3125 0.115625 0.171875 0.0123825
40 0.19458 0.0643229 0.195215 0.125 0.0121002
45 0.685547 0.0268229 0.0945313 0.0497396 0.0104904
39 0.361719 0.0105469 0.0992187 0.0205729 0.00930023
39 0.800781 0.0749349 0.157813 0.145964 0.008255
41 0.363867 0.0291667 0.107422 0.05625 0.00760651
60 0.572754 0.192122 0.763867 0.376172 0.00728989
53 0.449219 0.705729 0.879687 0.559375 0.00706482
60 0.509375 0.145833 0.94375 0.283333 0.0064621
42 0.156055 0.235156 0.227734 0.255729 0.00479126
45 0.3625 0.0106771 0.100781 0.0203125 0.00469971
60 0.480859 0.369271 0.960156 0.710417 0.0046463
60 0.853125 0.535417 0.289062 0.916667 0.00434875
60 0.175195 0.286979 0.348828 0.565625 0.00421524
41 0.364844 0.0184896 0.10625 0.0354167 0.00419998
44 0.209375 0.179102 0.221094 0.23138 0.00405502
41 0.939844 0.278906 0.120313 0.240104 0.0037365
44 0.361719 0.0105469 0.0992187 0.0205729 0.00344276
48 0.449219 0.513542 0.885938 0.94375 0.00293541
60 0.917188 0.503125 0.1625 0.977083 0.00288963
40 0.202148 0.146094 0.228125 0.285938 0.0028553
45 0.942187 0.197396 0.115625 0.394792 0.00284576
42 0.366406 0.010612 0.107813 0.021224 0.00265312
75 0.94375 0.197917 0.1125 0.390625 0.0026207
41 0.364453 0.0110677 0.10625 0.0221354 0.00261116
60 0.471875 0.611979 0.907813 0.746875 0.00254059
40 0.924219 0.0610677 0.0859375 0.117448 0.00246239
0 0.800781 0.0750651 0.15625 0.145703 0.00242424
60 0.205078 0.186198 0.409375 0.364063 0.00206757
44 0.167969 0.217188 0.220313 0.216667 0.00190449
0 0.534375 0.496875 0.928125 0.99375 0.00178909
44 0.186377 0.202604 0.172559 0.19375 0.00177479
40 0.233789 0.247135 0.465234 0.489063 0.0017004
42 0.186377 0.202604 0.172559 0.19375 0.00167465
39 0.179346 0.0651042 0.165527 0.125 0.0016613
41 0.832812 0.0714193 0.109375 0.140495 0.0016489
41 0.351172 0.0101563 0.0726563 0.0203125 0.00163555
75 0.800781 0.0749349 0.154688 0.142839 0.00163555
56 0.928125 0.0604167 0.0890625 0.11875 0.00149536
60 0.792188 0.202344 0.373437 0.398438 0.00149536
60 0.472656 0.839583 0.896875 0.297917 0.00148392
42 0.209375 0.179102 0.221094 0.23138 0.00142097
58 0.926562 0.0617188 0.0875 0.118229 0.00139427
39 0.982813 0.0601563 0.034375 0.118229 0.00137234
40 0.820312 0.0700521 0.0828125 0.138542 0.00136662
60 0.214648 0.475 0.428516 0.94375 0.00136662
41 0.939063 0.493229 0.120313 0.980208 0.00134563
60 0.717969 0.205469 0.49375 0.403646 0.00133514
0 0.926562 0.0617188 0.0875 0.118229 0.00127888
39 0.157715 0.0626302 0.120898 0.11849 0.00123501
41 0.853125 0.0298177 0.071875 0.0565104 0.00121593
45 0.535547 0.5 0.927344 0.9875 0.00119686
45 0.217969 0.245573 0.433594 0.489063 0.00118351
75 0.928125 0.0604167 0.0890625 0.11875 0.0011692
40 0.80625 0.0361979 0.05 0.0682292 0.00115585
40 0.157227 0.151042 0.279297 0.294792 0.0011425
53 0.510059 0.311198 0.731445 0.525521 0.0011425
41 0.804688 0.0317708 0.04375 0.0604167 0.00112057
69 0.489063 0.5 0.978125 1 0.00109482
50 0.928125 0.0595052 0.0875 0.11849 0.00109005
53 0.447656 0.511979 0.8875 0.951042 0.969238
40 0.800781 0.0745443 0.154688 0.144661 0.850098
41 0.942187 0.197656 0.115625 0.395313 0.850098
60 0.507812 0.497917 0.978125 0.995833 0.496094
41 0.3625 0.0106771 0.100781 0.0203125 0.368408
41 0.685156 0.0278646 0.0953125 0.0484375 0.312256
41 0.925781 0.0625 0.0859375 0.119792 0.101929
39 0.94375 0.198958 0.1125 0.394792 0.0718384
41 0.800781 0.075 0.157813 0.146354 0.0670776
39 0.685156 0.0278646 0.0953125 0.0484375 0.0623169
39 0.926562 0.061849 0.0875 0.11849 0.0549927
60 0.236719 0.242448 0.471875 0.477604 0.0483093
60 0.447266 0.209896 0.889844 0.414583 0.046814
40 0.362891 0.0110677 0.0992187 0.0216146 0.0360718
45 0.928125 0.0606771 0.0890625 0.119271 0.0333252
40 0.94375 0.195052 0.1125 0.390104 0.0313721
41 0.158008 0.0623698 0.121484 0.117969 0.0306702
41 0.155664 0.0458333 0.114844 0.0875 0.0297546
40 0.158789 0.0358073 0.103906 0.0669271 0.0288696
40 0.156934 0.0611979 0.117773 0.116667 0.0279083
41 0.158789 0.0358073 0.103906 0.0669271 0.0265503
40 0.685156 0.028125 0.0953125 0.0484375 0.0150146
41 0.183398 0.0651042 0.173828 0.125 0.0109863
40 0.199805 0.0645833 0.205859 0.125 0.0104523
41 0.941406 0.311979 0.117188 0.173958 0.0103683
45 0.685547 0.0268229 0.0945313 0.05 0.0102463
41 0.363867 0.0286458 0.108203 0.0557292 0.00844574
39 0.361719 0.0106771 0.0992187 0.0208333 0.00821686
60 0.576953 0.194271 0.757031 0.38125 0.00723267
39 0.800781 0.075 0.157813 0.146354 0.00674438
60 0.510156 0.153385 0.948438 0.298438 0.00669098
53 0.449219 0.704688 0.879687 0.561458 0.00538635
41 0.364844 0.0184896 0.10625 0.0359375 0.00516129
42 0.14873 0.252344 0.248633 0.303646 0.00475693
45 0.3625 0.0106771 0.100781 0.0203125 0.00426483
60 0.175586 0.289583 0.349219 0.570833 0.0041008
44 0.210742 0.178125 0.224219 0.235417 0.00402451
44 0.361719 0.0106771 0.0992187 0.0208333 0.00374985
60 0.852344 0.538542 0.290625 0.910417 0.00359344
42 0.16543 0.21849 0.228516 0.220313 0.00291252
40 0.202734 0.146615 0.228906 0.286979 0.00287819
45 0.942187 0.197656 0.115625 0.395313 0.00263214
42 0.366406 0.0106771 0.107813 0.0213542 0.00259018
41 0.364258 0.0111979 0.106641 0.0223958 0.00252151
48 0.449219 0.5125 0.884375 0.94375 0.00251198
0 0.800781 0.0752604 0.15625 0.145833 0.00250244
40 0.924219 0.0610677 0.0859375 0.117448 0.00247192
60 0.907813 0.502604 0.18125 0.978125 0.00234985
75 0.94375 0.197917 0.1125 0.390625 0.00234222
0 0.534375 0.496875 0.928125 0.99375 0.00232315
60 0.20957 0.186979 0.418359 0.365625 0.00223351
40 0.233203 0.247982 0.463281 0.491536 0.00223351
44 0.16543 0.21849 0.228516 0.220313 0.00179577
44 0.187109 0.202344 0.175 0.195313 0.00171375
60 0.792188 0.202865 0.376563 0.399479 0.00160408
60 0.215039 0.475911 0.429297 0.946094 0.00157928
42 0.187109 0.202344 0.175 0.195313 0.00156116
56 0.928125 0.0606771 0.0890625 0.119271 0.00153637
60 0.474219 0.840104 0.9 0.296875 0.00152493
41 0.832812 0.0714193 0.109375 0.140495 0.0015192
53 0.516797 0.31276 0.716406 0.530729 0.00144386
60 0.934375 0.495833 0.128125 0.983333 0.00141048
39 0.183398 0.0651042 0.173828 0.125 0.00139904
60 0.714844 0.208268 0.503125 0.409505 0.00138283
42 0.210742 0.178125 0.224219 0.235417 0.00137234
75 0.8 0.0747396 0.154688 0.143229 0.00136662
40 0.821875 0.0705729 0.084375 0.140104 0.00134563
45 0.535937 0.498047 0.928125 0.989323 0.00131989
41 0.940625 0.315625 0.11875 0.263542 0.00125504
58 0.926562 0.061849 0.0875 0.11849 0.00118351
39 0.982813 0.0606771 0.034375 0.11875 0.00117874
41 0.853125 0.0302083 0.071875 0.0572917 0.0011692
0 0.926562 0.061849 0.0875 0.11849 0.00115585
45 0.218359 0.246354 0.434375 0.490625 0.00113392
44 0.928125 0.059375 0.090625 0.117708 0.00112438
40 0.157617 0.152018 0.282422 0.297005 0.00109005
40 0.80625 0.0372396 0.05 0.0708333 0.00104809
39 0.155664 0.0458333 0.114844 0.0875 0.00104809
39 0.158008 0.0623698 0.121484 0.117969 0.00104809
44 0.163672 0.0322917 0.0960938 0.0625 0.00101662
41 0.939063 0.492578 0.121875 0.979427 0.00100803
53 0.446094 0.510938 0.885938 0.953125 0.973633
40 0.800781 0.0745443 0.154688 0.144661 0.868164
41 0.942187 0.197656 0.115625 0.395313 0.864258
60 0.507812 0.495833 0.971875 0.991667 0.549805
41 0.362695 0.0106771 0.101172 0.0203125 0.388672
41 0.685156 0.0277344 0.0953125 0.0486979 0.332764
41 0.925781 0.0626302 0.0859375 0.120052 0.0894775
39 0.94375 0.198698 0.1125 0.394271 0.0663452
39 0.925781 0.0621094 0.0859375 0.119531 0.0651245
60 0.230469 0.241406 0.459375 0.475521 0.0578003
40 0.157617 0.0627604 0.119922 0.120313 0.0568542
39 0.685156 0.0277344 0.0953125 0.0486979 0.0516663
40 0.156836 0.0372396 0.110547 0.0703125 0.0514526
60 0.430469 0.207813 0.854688 0.410417 0.0474243
40 0.362891 0.0110677 0.0992187 0.021875 0.0428772
40 0.94375 0.195052 0.1125 0.390104 0.0337219
41 0.156641 0.0477865 0.117188 0.0919271 0.0283356
40 0.20332 0.0652344 0.213281 0.126823 0.0282135
45 0.928906 0.0606771 0.090625 0.119271 0.0250854
40 0.685156 0.028125 0.0953125 0.0489583 0.0215302
41 0.800781 0.075 0.157813 0.146875 0.021286
41 0.161719 0.0326823 0.096875 0.0632813 0.0150146
41 0.187939 0.065625 0.182715 0.126042 0.0127258
45 0.685938 0.0268229 0.0953125 0.05 0.0109482
41 0.364258 0.028125 0.109766 0.0544271 0.0103302
60 0.513281 0.170833 0.965625 0.335417 0.0100937
53 0.448438 0.703125 0.876563 0.564583 0.00978088
39 0.361523 0.0109375 0.0996094 0.0213542 0.00867462
41 0.940625 0.311198 0.11875 0.177604 0.00828552
60 0.605566 0.196615 0.699805 0.385938 0.00793457
42 0.149219 0.259375 0.253906 0.320833 0.00751877
44 0.214795 0.175521 0.231348 0.240104 0.00494385
40 0.203516 0.146875 0.229687 0.2875 0.00469971
44 0.361523 0.0109375 0.0996094 0.0213542 0.00441742
41 0.364844 0.0179688 0.107031 0.0348958 0.00399017
60 0.851562 0.564583 0.29375 0.858333 0.00388527
40 0.228125 0.246289 0.453906 0.488672 0.00356483
45 0.362695 0.0106771 0.101172 0.0203125 0.00345612
60 0.214258 0.181706 0.427734 0.355339 0.00332451
60 0.629004 0.145833 0.657617 0.284375 0.00332451
0 0.5375 0.496354 0.921875 0.992708 0.00316048
42 0.151758 0.228125 0.271875 0.234375 0.00302696
42 0.366406 0.0108724 0.107813 0.0217448 0.00286674
41 0.364258 0.011263 0.107422 0.022526 0.00284576
60 0.478125 0.838542 0.907813 0.3 0.00256157
40 0.925 0.0611979 0.0875 0.117708 0.0024929
75 0.94375 0.197656 0.1125 0.391146 0.00242424
60 0.794531 0.203385 0.370313 0.401563 0.00237846
39 0.800195 0.0744141 0.155859 0.14388 0.00226974
45 0.5375 0.502604 0.925 0.980208 0.00210762
60 0.899219 0.502604 0.198437 0.976042 0.0020752
45 0.942187 0.197656 0.115625 0.395313 0.00192642
60 0.214453 0.472917 0.428125 0.941667 0.00189686
42 0.214795 0.175521 0.231348 0.240104 0.00188255
56 0.928906 0.0606771 0.090625 0.119271 0.00182438
44 0.166602 0.21875 0.232813 0.221875 0.00178242
53 0.539453 0.319271 0.672656 0.546875 0.00176811
44 0.190674 0.200521 0.17959 0.195833 0.00175476
39 0.187939 0.065625 0.182715 0.126042 0.0017271
40 0.156445 0.15306 0.292188 0.299089 0.0017271
0 0.800781 0.0749349 0.15625 0.145964 0.00161076
42 0.190674 0.200521 0.17959 0.195833 0.00156116
44 0.155566 0.251563 0.238086 0.291667 0.00144958
48 0.446875 0.5125 0.889063 0.945833 0.00143242
41 0.832812 0.071875 0.109375 0.141667 0.00141048
53 0.319336 0.710417 0.623047 0.545833 0.00130463
0 0.926562 0.061849 0.0875 0.11849 0.0012846
40 0.821875 0.0708333 0.0875 0.141146 0.00127411
41 0.230811 0.0666667 0.266504 0.128646 0.00124454
41 0.851562 0.0298177 0.071875 0.0570313 0.0012064
39 0.982813 0.0613281 0.034375 0.120052 0.00118828
44 0.929688 0.0596354 0.090625 0.117708 0.0011692
40 0.364258 0.028125 0.109766 0.0544271 0.0011425
40 0.80625 0.0369792 0.05 0.0703125 0.00111198
44 0.163867 0.0322917 0.0976562 0.0625 0.00109005
39 0.156641 0.0477865 0.117188 0.0919271 0.00109005
60 0.616406 0.796354 0.765625 0.388542 0.00107765
45 0.218359 0.245833 0.434375 0.488542 0.00107288
60 0.455469 0.00813802 0.867188 0.016276 0.00101662
53 0.446094 0.511328 0.885938 0.95651 0.973633
41 0.942187 0.197917 0.115625 0.395833 0.865234
40 0.800781 0.0747396 0.154688 0.144792 0.863281
60 0.507812 0.494271 0.96875 0.988542 0.564941
41 0.362695 0.0106771 0.101172 0.0208333 0.383057
41 0.685156 0.0279948 0.0953125 0.05 0.32251
41 0.925 0.0625 0.084375 0.119792 0.0726318
39 0.925781 0.0621094 0.0859375 0.119531 0.0705566
60 0.229492 0.240039 0.456641 0.472005 0.062439
39 0.94375 0.198438 0.1125 0.39375 0.0583496
40 0.158008 0.0623698 0.119922 0.119531 0.0564575
40 0.156934 0.0359375 0.111133 0.0682292 0.0538025
60 0.408594 0.207747 0.810938 0.409505 0.0505981
39 0.685156 0.028125 0.0953125 0.0494792 0.0453491
40 0.362891 0.0111979 0.0992187 0.0221354 0.041626
41 0.157031 0.0428385 0.117188 0.0820313 0.0298767
40 0.942969 0.195052 0.114063 0.390104 0.0294189
40 0.204736 0.0653646 0.215527 0.127083 0.0288696
40 0.685156 0.028125 0.0953125 0.0494792 0.024704
41 0.159375 0.0626302 0.123828 0.11901 0.0238647
60 0.50625 0.172917 0.95 0.338542 0.0222931
45 0.929688 0.0608073 0.090625 0.11901 0.0192719
41 0.161328 0.0324219 0.0988281 0.0632813 0.0136337
53 0.447656 0.702083 0.878125 0.564583 0.0115509
41 0.8 0.075 0.154688 0.14375 0.011116
41 0.190234 0.0657552 0.1875 0.126302 0.0110321
41 0.364453 0.0279948 0.110156 0.0541667 0.0109024
45 0.685938 0.0268229 0.0953125 0.0497396 0.0104065
60 0.631934 0.197656 0.650195 0.388021 0.00871277
42 0.150391 0.261458 0.257812 0.326042 0.00803375
39 0.361719 0.0110677 0.1 0.0213542 0.00796509
60 0.477344 0.62487 0.915625 0.721094 0.00728989
41 0.940625 0.310938 0.11875 0.179167 0.0068512
60 0.322266 0.179948 0.635156 0.354688 0.00544739
40 0.202393 0.147461 0.23584 0.288411 0.00524139
44 0.216992 0.174935 0.235547 0.240755 0.00508118
44 0.361719 0.0110677 0.1 0.0213542 0.00468063
40 0.228516 0.24349 0.454688 0.483854 0.00443268
60 0.85 0.594271 0.296875 0.798958 0.00441742
0 0.539844 0.495833 0.917188 0.991667 0.00439835
60 0.213477 0.176823 0.426172 0.346354 0.00399017
60 0.668359 0.149219 0.583594 0.291146 0.00385475
60 0.482031 0.838542 0.910937 0.3 0.00374985
41 0.364844 0.0179688 0.107813 0.0348958 0.00329781
42 0.152441 0.229688 0.275195 0.2375 0.00318527
60 0.79668 0.203906 0.366016 0.402604 0.00313568
42 0.361719 0.0110677 0.1 0.0213542 0.00283432
41 0.364258 0.0113281 0.107422 0.0226563 0.00265312
45 0.362695 0.0106771 0.101172 0.0208333 0.00236893
45 0.538281 0.501563 0.923438 0.980208 0.00234222
60 0.878125 0.508464 0.240625 0.96224 0.00229645
40 0.925 0.0613281 0.0875 0.117448 0.00219154
56 0.929688 0.0608073 0.090625 0.11901 0.00206757
75 0.94375 0.197656 0.1125 0.391146 0.00206757
42 0.216992 0.174935 0.235547 0.240755 0.00199509
53 0.54834 0.325 0.656445 0.560417 0.00199509
40 0.155371 0.154167 0.298242 0.301042 0.00198746
60 0.441797 0.00247396 0.835156 0.00494792 0.00186729
60 0.214844 0.480078 0.429688 0.95651 0.00184631
44 0.195361 0.2 0.188184 0.196875 0.00172043
39 0.190234 0.0657552 0.1875 0.126302 0.00167465
44 0.168066 0.219271 0.237305 0.223958 0.00162315
45 0.942187 0.197917 0.115625 0.395833 0.00150108
42 0.195361 0.2 0.188184 0.196875 0.00149536
60 0.91875 0.492188 0.159375 0.978125 0.00146675
60 0.658496 0.794271 0.679883 0.390625 0.00143814
53 0.308594 0.710938 0.601562 0.544792 0.00141621
39 0.8 0.075 0.154688 0.14375 0.00137234
44 0.150391 0.261458 0.257812 0.326042 0.00136185
41 0.232617 0.0669271 0.270703 0.129688 0.00129414
41 0.832812 0.0721354 0.1125 0.142188 0.00124454
48 0.446875 0.511979 0.890625 0.946875 0.00124454
0 0.926562 0.0619792 0.0875 0.11875 0.00123501
44 0.929688 0.0597656 0.0921875 0.117969 0.00120163
0 0.228516 0.24349 0.454688 0.483854 0.00117874
41 0.850781 0.0294271 0.075 0.05625 0.0011425
0 0.800781 0.0752604 0.15625 0.146354 0.00112057
56 0.685156 0.0270833 0.0953125 0.0520833 0.00110722
39 0.983203 0.0614583 0.0335938 0.120313 0.00110722
40 0.80625 0.036849 0.05 0.0700521 0.00108624
40 0.821875 0.0710938 0.0875 0.141667 0.00108147
40 0.364453 0.0279948 0.110156 0.0541667 0.00106907
44 0.164062 0.0320313 0.0984375 0.0625 0.00106525
40 0.291602 0.0739583 0.390234 0.143229 0.00103188
40 0.408594 0.207747 0.810938 0.409505 0.00102425
53 0.446094 0.511979 0.8875 0.961458 0.972656
41 0.941406 0.197917 0.117188 0.395833 0.865234
40 0.800195 0.0747396 0.155859 0.145313 0.850098
60 0.515234 0.495313 0.963281 0.990625 0.580566
41 0.362891 0.0106771 0.101562 0.0208333 0.359375
41 0.685156 0.0278646 0.0953125 0.05 0.297363
39 0.925781 0.0621094 0.0859375 0.119531 0.0692749
60 0.229297 0.238477 0.455469 0.46888 0.0597534
41 0.925 0.0626302 0.084375 0.119531 0.0577087
39 0.942187 0.200521 0.115625 0.396875 0.0507202
60 0.379688 0.207227 0.752344 0.408464 0.0493164
40 0.157031 0.0352865 0.110937 0.0669271 0.0481262
40 0.158008 0.0614583 0.119922 0.117708 0.0463867
40 0.362891 0.0111979 0.0984375 0.0223958 0.0383301
39 0.685547 0.028125 0.0960938 0.0494792 0.035675
41 0.156836 0.0404948 0.116797 0.0773438 0.0323486
40 0.685547 0.028125 0.0960938 0.0494792 0.0261536
40 0.94375 0.197656 0.1125 0.391146 0.0254669
40 0.20542 0.0654948 0.216504 0.127344 0.0253754
60 0.509375 0.172461 0.945312 0.33737 0.022583
41 0.159375 0.0617188 0.123047 0.117188 0.0211182
45 0.929688 0.0608073 0.0921875 0.11901 0.0150757
41 0.161035 0.0322917 0.100195 0.0630208 0.0133286
53 0.447656 0.701042 0.88125 0.566667 0.0124817
41 0.364453 0.0276042 0.110937 0.0536458 0.0114212
45 0.685938 0.0268229 0.0953125 0.0494792 0.0100098
41 0.191211 0.0658854 0.189453 0.126563 0.00952148
60 0.483594 0.635938 0.926562 0.698958 0.00898743
60 0.653906 0.198958 0.6125 0.390625 0.00871277
42 0.151367 0.267448 0.262109 0.336979 0.00723267
39 0.361523 0.0113281 0.100391 0.0213542 0.00706482
41 0.800195 0.0749349 0.155859 0.14388 0.00638962
0 0.539844 0.495833 0.917188 0.991667 0.00575256
40 0.200391 0.147135 0.242188 0.288021 0.00559998
41 0.940625 0.309896 0.11875 0.182292 0.00548935
60 0.27832 0.178385 0.546484 0.351563 0.0053215
60 0.488281 0.839583 0.920313 0.297917 0.00494385
44 0.361523 0.0113281 0.100391 0.0213542 0.00475693
40 0.228516 0.241406 0.454688 0.479688 0.0046463
60 0.848633 0.633203 0.299609 0.71901 0.00450516
60 0.694922 0.151042 0.535156 0.294792 0.00429916
44 0.218701 0.175 0.238379 0.240104 0.0039444
60 0.85293 0.481771 0.291016 0.953125 0.00380898
60 0.798633 0.204688 0.365234 0.404167 0.00352478
60 0.421094 0.000846354 0.792188 0.00169271 0.00346947
41 0.365234 0.0179688 0.107813 0.034375 0.00307465
42 0.15293 0.23151 0.278516 0.241146 0.00299263
42 0.361523 0.0113281 0.100391 0.0213542 0.00271416
45 0.538281 0.500911 0.923438 0.98151 0.00263214
41 0.364453 0.0113932 0.107813 0.0227865 0.00254059
60 0.455078 0.249219 0.896094 0.469271 0.00234985
40 0.155078 0.154688 0.300781 0.302604 0.00209045
56 0.929688 0.0608073 0.0921875 0.11901 0.00206757
53 0.551562 0.33125 0.648438 0.575 0.00206757
60 0.680859 0.79375 0.635156 0.391667 0.00194168
42 0.229297 0.151823 0.262109 0.273438 0.00186062
40 0.925 0.0614583 0.0875 0.117708 0.00182438
60 0.898438 0.504167 0.2 0.96875 0.00174809
75 0.94375 0.197656 0.1125 0.391146 0.00172043
45 0.360547 0.0108073 0.107813 0.0216146 0.00171375
60 0.214648 0.485417 0.428516 0.96875 0.00165462
39 0.191211 0.0658854 0.189453 0.126563 0.00152493
0 0.228516 0.241406 0.454688 0.479688 0.00146675
44 0.200586 0.199479 0.197266 0.196875 0.00142097
40 0.379688 0.207227 0.752344 0.408464 0.00138855
53 0.270117 0.647786 0.530078 0.664844 0.00137234
60 0.461719 0.75 0.873438 0.46875 0.00133514
42 0.200586 0.199479 0.197266 0.196875 0.00129986
60 0.84375 0.735417 0.307813 0.510417 0.0012846
44 0.169238 0.219792 0.243555 0.226042 0.0012207
56 0.685547 0.0269531 0.0953125 0.0523438 0.00120163
41 0.232813 0.0674479 0.271484 0.130729 0.00119686
44 0.929688 0.0598958 0.09375 0.117708 0.00116539
45 0.941406 0.197917 0.117188 0.395833 0.00115108
44 0.151367 0.267448 0.262109 0.336979 0.00113773
41 0.832031 0.0723958 0.1125 0.142708 0.00113392
40 0.289795 0.0744141 0.387598 0.14388 0.00112057
41 0.85 0.0291667 0.0765625 0.0557292 0.00109863
40 0.805469 0.0302083 0.040625 0.0572917 0.00108147
40 0.80625 0.0364583 0.05 0.0692708 0.00106525
53 0.452734 0.79375 0.832031 0.377083 0.00104046
53 0.650781 0.313281 0.475 0.500521 0.00103188
48 0.446875 0.513021 0.892188 0.948958 0.00102043
40 0.162305 0.0260417 0.0894531 0.05 0.00101185
60 0.148242 0.175781 0.292578 0.350521 0.00100803
53 0.447266 0.5125 0.888281 0.9625 0.971191
41 0.941406 0.198177 0.117188 0.396354 0.866211
40 0.800195 0.0750651 0.155859 0.145703 0.836426
60 0.514844 0.495833 0.964063 0.991667 0.57959
41 0.362891 0.0106771 0.101562 0.0208333 0.346924
41 0.685156 0.028125 0.0953125 0.0505208 0.27832
39 0.925781 0.0623698 0.0859375 0.120052 0.0661011
39 0.942187 0.200521 0.115625 0.396875 0.0630493
60 0.228906 0.236719 0.454688 0.466146 0.0541992
41 0.925 0.0627604 0.084375 0.119792 0.0486755
60 0.348828 0.205469 0.691406 0.405729 0.0464783
40 0.157031 0.0351562 0.110156 0.0666667 0.0399475
40 0.157813 0.0606771 0.119531 0.116146 0.0354004
41 0.156641 0.0397135 0.116406 0.0757813 0.0352783
40 0.362891 0.0111979 0.0984375 0.0223958 0.0318604
39 0.685547 0.0282552 0.0960938 0.0497396 0.0306702
60 0.465234 0.181836 0.919531 0.361328 0.0270691
40 0.685547 0.0282552 0.0960938 0.0497396 0.0244293
41 0.158984 0.0609375 0.122656 0.115625 0.0202484
40 0.94375 0.196875 0.1125 0.39375 0.0198669
40 0.205811 0.065625 0.217285 0.127604 0.0197906
45 0.929688 0.0609375 0.09375 0.11875 0.0134811
41 0.160645 0.0320313 0.100586 0.0625 0.0131683
41 0.364453 0.0276042 0.110937 0.0536458 0.0117798
53 0.447656 0.702083 0.882812 0.564583 0.0110321
60 0.490625 0.640625 0.939063 0.689583 0.00971222
45 0.685938 0.0269531 0.0953125 0.0494792 0.00952148
60 0.675 0.199414 0.575 0.390755 0.00937653
41 0.191992 0.0658854 0.191016 0.126563 0.00841522
0 0.539844 0.495833 0.917188 0.991667 0.00641251
42 0.151953 0.270833 0.264844 0.340625 0.00629044
39 0.361523 0.0114583 0.100391 0.0213542 0.00605011
60 0.494531 0.840104 0.926562 0.296875 0.00582123
40 0.19917 0.147331 0.246191 0.28763 0.0055542
60 0.190234 0.297917 0.378125 0.589583 0.00521851
60 0.255273 0.176563 0.499609 0.347917 0.0051384
60 0.717188 0.151497 0.490625 0.294922 0.00502014
41 0.939844 0.309635 0.120313 0.183854 0.0049057
60 0.390625 0.000130208 0.723437 0.000260417 0.00477219
40 0.228516 0.239583 0.454688 0.477083 0.00477219
44 0.361523 0.0114583 0.100391 0.0213542 0.00457382
60 0.847656 0.65625 0.301563 0.672917 0.00453949
41 0.8 0.075 0.154688 0.144271 0.00429916
60 0.852344 0.469271 0.29375 0.928125 0.00416565
60 0.801562 0.204948 0.360938 0.404688 0.00415039
41 0.365234 0.0179688 0.107813 0.034375 0.00407028
44 0.218945 0.175586 0.238672 0.23737 0.00351143
42 0.153125 0.232031 0.280469 0.240104 0.00277901
41 0.364453 0.0114583 0.107813 0.0229167 0.00266266
45 0.538281 0.501172 0.923438 0.983073 0.00254059
42 0.366211 0.0111979 0.108203 0.0223958 0.00247192
60 0.695312 0.794792 0.60625 0.389583 0.00224304
56 0.929688 0.0609375 0.09375 0.11875 0.00209999
40 0.155078 0.154948 0.302344 0.302604 0.00197983
53 0.550391 0.338411 0.652344 0.591927 0.00186729
42 0.229687 0.151302 0.2625 0.271354 0.00176811
0 0.228516 0.239583 0.454688 0.477083 0.00171375
40 0.348828 0.205469 0.691406 0.405729 0.00162888
45 0.360547 0.0108073 0.107813 0.0216146 0.00157928
60 0.464453 0.754167 0.872656 0.460417 0.00157928
40 0.925 0.0614583 0.0875 0.117708 0.00156116
60 0.898438 0.505208 0.2 0.964583 0.00156116
60 0.164746 0.469271 0.326367 0.928125 0.00146103
75 0.94375 0.197917 0.1125 0.391667 0.00145531
39 0.191992 0.0658854 0.191016 0.126563 0.00137806
44 0.203125 0.199479 0.200781 0.196354 0.00131989
53 0.267383 0.646875 0.524609 0.666667 0.00126934
42 0.210742 0.189583 0.213672 0.208333 0.0012598
60 0.552734 0.14056 0.858594 0.277214 0.00123501
44 0.930469 0.0598958 0.09375 0.118229 0.00118351
60 0.373437 0.786458 0.744531 0.404167 0.00115585
60 0.579688 0.808333 0.821875 0.360417 0.0011425
40 0.804688 0.0300781 0.040625 0.0570313 0.00113773
56 0.685156 0.0270833 0.0953125 0.0523438 0.00112057
39 0.953125 0.0652344 0.09375 0.128385 0.00112057
41 0.232861 0.0679688 0.272559 0.131771 0.00108624
53 0.664453 0.312565 0.447656 0.505078 0.00108624
41 0.832031 0.0726563 0.1125 0.143229 0.00107288
41 0.848437 0.0291667 0.078125 0.0557292 0.00106525
60 0.148926 0.175065 0.294336 0.348828 0.00104809
53 0.454688 0.797917 0.826563 0.36875 0.00103188
44 0.162695 0.0289063 0.0996094 0.0552083 0.00101662
40 0.288672 0.075 0.386719 0.145313 0.00101662
44 0.171387 0.219792 0.243164 0.225 0.00101185
40 0.80625 0.0361979 0.05 0.06875 0.00100803
53 0.446875 0.51263 0.8875 0.964323 0.969238
41 0.941406 0.198438 0.117188 0.396875 0.866211
40 0.800195 0.075 0.155859 0.145833 0.838867
60 0.487109 0.501042 0.974219 0.997917 0.57959
41 0.363086 0.0106771 0.101953 0.0208333 0.339844
41 0.685547 0.0273438 0.0960938 0.0526042 0.289307
39 0.942187 0.200781 0.115625 0.397396 0.0866089
39 0.925781 0.0625 0.0859375 0.119792 0.0658569
60 0.230078 0.236979 0.457031 0.467708 0.0473328
41 0.156738 0.0390625 0.116602 0.075 0.0417786
60 0.326172 0.20651 0.644531 0.407813 0.0409851
41 0.925 0.0627604 0.084375 0.119792 0.0391846
40 0.156641 0.0348958 0.111719 0.0666667 0.0348816
40 0.363086 0.0106771 0.101953 0.0208333 0.0303345
40 0.15791 0.0611979 0.120508 0.117188 0.0303345
39 0.685547 0.0282552 0.0960938 0.05 0.0261536
40 0.685547 0.0282552 0.0960938 0.05 0.0250854
60 0.463672 0.182747 0.916406 0.36263 0.0231476
41 0.159473 0.0613281 0.123633 0.116406 0.0218658
40 0.94375 0.197917 0.1125 0.391667 0.0198669
40 0.206055 0.0657552 0.21875 0.127865 0.0179138
41 0.364453 0.0270833 0.110937 0.0526042 0.0124283
60 0.497656 0.634375 0.954688 0.702083 0.0119629
53 0.446875 0.702083 0.884375 0.564583 0.0115509
45 0.930469 0.0609375 0.09375 0.11875 0.0109482
45 0.685938 0.0268229 0.0953125 0.0494792 0.00989532
41 0.16377 0.0315104 0.0994141 0.0619792 0.00989532
41 0.192578 0.0658854 0.192188 0.126563 0.00937653
60 0.683203 0.19974 0.564844 0.392188 0.0085144
60 0.381641 0 0.713281 0 0.00737381
60 0.498437 0.840625 0.934375 0.295833 0.00714874
0 0.539844 0.495833 0.917188 0.991667 0.0069313
42 0.152832 0.278125 0.269336 0.355208 0.005867
39 0.362891 0.0114583 0.105469 0.0213542 0.00572968
40 0.196094 0.147461 0.254688 0.288411 0.0055542
60 0.172559 0.263477 0.342383 0.523047 0.00542831
60 0.712109 0.151042 0.507031 0.294792 0.0051384
44 0.361328 0.0114583 0.100781 0.0213542 0.00510025
40 0.229297 0.239128 0.455469 0.476953 0.00466537
41 0.939844 0.308854 0.120313 0.186458 0.0046463
60 0.244141 0.174544 0.476562 0.344661 0.00448608
41 0.365234 0.0174479 0.108594 0.0333333 0.00439835
60 0.851562 0.423958 0.295312 0.8375 0.00424957
60 0.846094 0.682292 0.30625 0.620833 0.00416565
60 0.803906 0.205208 0.359375 0.405208 0.00402451
44 0.219336 0.176302 0.239453 0.235938 0.00304031
41 0.8 0.075 0.154688 0.144271 0.00294685
41 0.364258 0.0114583 0.108203 0.0229167 0.0028553
42 0.153516 0.234635 0.282031 0.243229 0.00270462
45 0.537891 0.50013 0.924219 0.983073 0.0026722
42 0.361328 0.0114583 0.100781 0.0213542 0.00264168
60 0.701953 0.794792 0.592969 0.389583 0.00261116
56 0.930469 0.0609375 0.09375 0.11875 0.00209999
60 0.467969 0.752083 0.879687 0.464583 0.00202751
53 0.548438 0.344401 0.65625 0.604948 0.00194168
40 0.326172 0.20651 0.644531 0.407813 0.00177479
0 0.229297 0.239128 0.455469 0.476953 0.00174809
60 0.164746 0.467188 0.325977 0.923958 0.00170708
42 0.229883 0.149935 0.262891 0.273047 0.00168133
60 0.377344 0.784375 0.753125 0.40625 0.00162315
45 0.360742 0.0109375 0.107422 0.021875 0.00144386
40 0.925 0.0615885 0.0875 0.117969 0.00141621
5 0.282813 0 0.532813 0 0.00141048
39 0.192578 0.0658854 0.192188 0.126563 0.00139904
44 0.93125 0.0601563 0.0953125 0.11875 0.00137234
60 0.898438 0.505339 0.2 0.960156 0.00136662
60 0.586719 0.807292 0.807813 0.3625 0.00132465
39 0.949219 0.0653646 0.101562 0.128125 0.00131512
53 0.296484 0.715625 0.578906 0.535417 0.00130463
75 0.94375 0.197917 0.1125 0.391667 0.00129414
40 0.804688 0.0299479 0.040625 0.0565104 0.00123501
53 0.407031 0.292448 0.807813 0.535938 0.00123024
42 0.212109 0.189583 0.216016 0.207292 0.00122547
44 0.206201 0.199479 0.205566 0.195833 0.00121117
0 0.282813 0 0.532813 0 0.0012064
60 0.163965 0.698958 0.322852 0.575 0.0011692
56 0.685156 0.0270833 0.0953125 0.0523438 0.00115585
2 0.282813 0 0.532813 0 0.00115585
41 0.233594 0.0682292 0.275 0.132292 0.0011425
60 0.150586 0.174479 0.297656 0.346875 0.00113392
0 0.381641 0 0.713281 0 0.00113392
53 0.669531 0.313281 0.435937 0.505729 0.00113392
40 0.288477 0.0744141 0.387109 0.14388 0.00112438
44 0.162891 0.0289063 0.1 0.0552083 0.0011158
60 0.555469 0.139128 0.853125 0.27487 0.00109005
60 0.637598 0.845313 0.712305 0.294792 0.00104046
40 0.80625 0.0354167 0.05 0.0671875 0.00103664
41 0.848437 0.0289063 0.078125 0.0554688 0.00103664
42 0.162891 0.0289063 0.1 0.0552083 0.00102806
41 0.949219 0.0653646 0.101562 0.128125 0.00100803
40 0.161914 0.0192708 0.0902344 0.0369792 0.00100422
53 0.446875 0.5125 0.8875 0.9625 0.967285
41 0.940625 0.198698 0.11875 0.397396 0.875977
40 0.8 0.075 0.15625 0.145833 0.851074
60 0.4875 0.500521 0.975 0.998958 0.57959
41 0.363086 0.0106771 0.101953 0.0208333 0.324219
41 0.685547 0.0272135 0.0960938 0.0523438 0.299072
39 0.941406 0.200781 0.117188 0.397396 0.101562
39 0.925781 0.0623698 0.0859375 0.120052 0.0665894
60 0.229687 0.23724 0.45625 0.468229 0.0420227
41 0.156641 0.0390625 0.116406 0.0744792 0.0417786
41 0.925 0.0627604 0.084375 0.119792 0.0383301
60 0.309766 0.209115 0.6125 0.413021 0.0374756
40 0.156445 0.0348958 0.112109 0.0666667 0.0324707
40 0.363086 0.0106771 0.101953 0.0208333 0.0307922
40 0.157715 0.0609375 0.120508 0.117188 0.0273743
40 0.685547 0.0282552 0.0960938 0.05 0.0245209
39 0.685547 0.0282552 0.0960938 0.05 0.0234222
41 0.159375 0.0609375 0.123828 0.116146 0.0216217
60 0.463281 0.182878 0.915625 0.363411 0.0202179
40 0.94375 0.196875 0.1125 0.39375 0.0200195
40 0.205811 0.0657552 0.218066 0.127865 0.0164032
41 0.364453 0.0268229 0.110937 0.0520833 0.012825
60 0.498437 0.63138 0.957812 0.708073 0.0118256
45 0.930469 0.0609375 0.09375 0.11875 0.0110703
45 0.685938 0.0268229 0.0953125 0.0494792 0.0104904
53 0.446875 0.702604 0.884375 0.563542 0.00989532
60 0.375684 0 0.711133 0 0.00948334
41 0.163574 0.0313802 0.0994141 0.0617188 0.00926971
60 0.405469 0.234635 0.807813 0.468229 0.00908661
41 0.192578 0.0658854 0.192188 0.126563 0.00894928
60 0.689844 0.199023 0.55 0.390495 0.00760651
60 0.499219 0.841667 0.932813 0.29375 0.00737381
0 0.539062 0.495313 0.91875 0.990625 0.00682449
40 0.216992 0.142708 0.265234 0.279167 0.00584412
42 0.153711 0.279427 0.270703 0.356771 0.00584412
44 0.361133 0.0114583 0.100391 0.0213542 0.00557709
39 0.362891 0.0115885 0.105469 0.0210938 0.00547028
41 0.365234 0.0171875 0.108594 0.0328125 0.00524139
60 0.173047 0.264063 0.343359 0.525 0.00521851
40 0.229102 0.239128 0.455859 0.476953 0.00508118
41 0.939063 0.308333 0.121875 0.1875 0.00469971
60 0.539844 0.149219 0.907813 0.293229 0.00469971
60 0.845313 0.683333 0.307813 0.61875 0.00469971
60 0.191406 0.347005 0.380469 0.689323 0.00468063
60 0.850781 0.416667 0.296875 0.821875 0.00407028
60 0.806445 0.204948 0.355859 0.404688 0.00385475
41 0.364258 0.0114583 0.108203 0.0229167 0.00307465
44 0.219336 0.176563 0.239453 0.235417 0.00292397
41 0.8 0.075 0.157813 0.147917 0.00291252
42 0.361133 0.0114583 0.100391 0.0213542 0.00283432
60 0.707031 0.795313 0.582812 0.388542 0.0026722
42 0.154492 0.236719 0.28125 0.245313 0.00265312
45 0.5375 0.50013 0.925 0.983073 0.00261116
56 0.930469 0.0609375 0.09375 0.11875 0.00212479
60 0.378809 0.784375 0.756445 0.408333 0.00199509
60 0.528516 0.734375 0.896094 0.504167 0.00198746
60 0.203711 0.17194 0.406641 0.33737 0.00192642
40 0.309766 0.209115 0.6125 0.413021 0.00191212
0 0.229102 0.239128 0.455859 0.476953 0.00187492
60 0.164746 0.465104 0.325977 0.919792 0.00184631
53 0.551172 0.347917 0.652344 0.6125 0.00182438
40 0.155664 0.155143 0.30625 0.303255 0.00178242
42 0.229687 0.149544 0.2625 0.273828 0.00164223
60 0.163379 0.699479 0.32207 0.573958 0.00149536
39 0.948438 0.0651042 0.103125 0.128125 0.00146103
44 0.934375 0.059375 0.096875 0.115625 0.00144958
45 0.360742 0.0109375 0.107422 0.021875 0.00144386
40 0.925 0.0615885 0.0875 0.117969 0.00137806
60 0.899219 0.50638 0.198437 0.958073 0.00135136
5 0.279687 0 0.534375 0 0.00134087
60 0.596191 0.809375 0.787305 0.358333 0.00133514
40 0.804688 0.0299479 0.040625 0.05625 0.00132465
53 0.265234 0.646354 0.521094 0.667708 0.00131512
39 0.192578 0.0658854 0.192188 0.126563 0.00130463
42 0.2125 0.189583 0.216406 0.207292 0.00124454
2 0.223828 0 0.447656 0 0.00124454
0 0.375684 0 0.711133 0 0.00123978
53 0.674219 0.312435 0.425 0.507422 0.00119686
53 0.405859 0.292708 0.803906 0.535417 0.00118828
75 0.94375 0.197852 0.1125 0.391797 0.0011692
56 0.685547 0.0270833 0.0960938 0.0520833 0.00116062
41 0.948438 0.0651042 0.103125 0.128125 0.00115108
44 0.162793 0.0286458 0.0998047 0.0546875 0.00114727
42 0.162793 0.0286458 0.0998047 0.0546875 0.00112057
60 0.649609 0.847917 0.688281 0.289583 0.0011158
60 0.23125 0 0.453906 0 0.0011034
40 0.80625 0.0351562 0.05 0.0671875 0.00108624
60 0.523438 0.889583 0.853125 0.204167 0.00106907
41 0.847656 0.0289063 0.0796875 0.0552083 0.00106525
60 0.314063 0.853125 0.623438 0.275 0.00104809
40 0.166211 0.0255208 0.0898438 0.0494792 0.00104046
40 0.288086 0.0752604 0.387109 0.145833 0.00103188
41 0.233154 0.0681641 0.275098 0.132422 0.00102806
41 0.83125 0.0729167 0.114063 0.14375 0.00101662
53 0.446875 0.5125 0.885938 0.9625 0.967285
41 0.940625 0.198698 0.11875 0.397396 0.887207
40 0.8 0.0750651 0.154688 0.145703 0.868652
60 0.488281 0.501042 0.976562 0.997917 0.571777
41 0.363281 0.0106771 0.102344 0.0208333 0.313965
41 0.685547 0.0279948 0.0953125 0.0502604 0.307373
39 0.941406 0.200781 0.117188 0.397396 0.100891
39 0.925781 0.0623698 0.0859375 0.120052 0.0653687
41 0.156641 0.0391927 0.116797 0.0747396 0.0441895
41 0.925 0.0625 0.084375 0.119792 0.041626
60 0.228906 0.236458 0.455469 0.466667 0.0368347
40 0.156348 0.0348958 0.112695 0.0666667 0.0352783
60 0.304102 0.208594 0.601172 0.411979 0.0333862
40 0.363281 0.0106771 0.102344 0.0208333 0.0313721
40 0.157813 0.0606771 0.121094 0.116667 0.0309143
40 0.685547 0.028125 0.0960938 0.05 0.0246124
41 0.15957 0.0611979 0.124219 0.116667 0.0230713
39 0.685547 0.028125 0.0960938 0.05 0.0217743
40 0.94375 0.196875 0.1125 0.39375 0.0217743
40 0.205078 0.065625 0.217188 0.127604 0.0189056
60 0.463281 0.181315 0.915625 0.360286 0.0179138
41 0.364453 0.0268229 0.110937 0.0520833 0.0130234
45 0.930469 0.0608073 0.09375 0.11901 0.0123367
45 0.685938 0.0268229 0.0953125 0.0494792 0.0107346
60 0.496094 0.632161 0.951563 0.70651 0.0106125
41 0.191797 0.0658854 0.190625 0.126563 0.0100098
60 0.371094 0 0.704688 0 0.00985718
41 0.163477 0.0313802 0.0992187 0.0617188 0.00955963
53 0.447266 0.703646 0.883594 0.561458 0.00815582
42 0.154785 0.278125 0.269336 0.353125 0.00717545
60 0.497656 0.841667 0.926562 0.29375 0.00717545
40 0.217969 0.143229 0.261719 0.280208 0.00682449
60 0.693359 0.198438 0.535156 0.389583 0.00669098
0 0.538672 0.494792 0.919531 0.989583 0.00658798
41 0.36543 0.0171875 0.108984 0.0328125 0.00643921
60 0.409766 0.235156 0.816406 0.469271 0.00614548
44 0.361328 0.0114583 0.100781 0.0213542 0.00588989
60 0.845508 0.684375 0.308984 0.616667 0.00561905
39 0.362891 0.0114583 0.105469 0.0213542 0.00521851
40 0.229102 0.238997 0.455859 0.476172 0.00500107
41 0.939063 0.308333 0.121875 0.1875 0.00498199
60 0.191211 0.321875 0.380078 0.639583 0.00450516
60 0.542969 0.148177 0.9 0.291146 0.00434875
60 0.850781 0.404297 0.296875 0.795573 0.00392914
60 0.80625 0.203906 0.35 0.402604 0.00342941
44 0.219727 0.176042 0.240234 0.236458 0.00322342
41 0.364258 0.0114583 0.108203 0.0229167 0.00321007
41 0.8 0.075 0.154688 0.144792 0.00302696
42 0.361328 0.0114583 0.100781 0.0213542 0.00287819
42 0.155664 0.238021 0.278516 0.246875 0.00282288
60 0.708594 0.795833 0.579688 0.3875 0.00266266
45 0.537109 0.500521 0.925781 0.982292 0.00237846
56 0.930469 0.0608073 0.09375 0.11901 0.00221634
60 0.380566 0.785417 0.75918 0.40625 0.00219154
60 0.202344 0.17194 0.403906 0.33737 0.00205803
42 0.229883 0.15 0.263672 0.277083 0.00196457
0 0.229102 0.238997 0.455859 0.476172 0.00191212
60 0.164453 0.458854 0.325391 0.907292 0.00188255
40 0.155176 0.154622 0.305273 0.302214 0.00185299
40 0.304102 0.208594 0.601172 0.411979 0.0018177
60 0.530469 0.734375 0.890625 0.50625 0.0018177
60 0.165234 0.700521 0.325781 0.573958 0.00167465
39 0.948438 0.0648438 0.103125 0.128125 0.0015974
44 0.934375 0.059375 0.096875 0.115104 0.0015192
53 0.554297 0.345313 0.647656 0.608333 0.00148964
40 0.804688 0.0298177 0.040625 0.05625 0.0014782
45 0.360742 0.0108724 0.107422 0.0217448 0.00144386
42 0.2125 0.189063 0.216406 0.207292 0.0014267
40 0.925 0.0615885 0.0875 0.117969 0.00138855
39 0.191797 0.0658854 0.190625 0.126563 0.00136662
41 0.948438 0.0648438 0.103125 0.128125 0.00135612
60 0.898438 0.507161 0.2 0.95651 0.00133038
60 0.601562 0.810417 0.775 0.35625 0.00128937
44 0.206641 0.198958 0.205859 0.194792 0.00126457
40 0.80625 0.0354167 0.05 0.0677083 0.00121593
53 0.264453 0.647917 0.519531 0.664583 0.00118351
41 0.847656 0.0289063 0.0796875 0.0552083 0.00117397
75 0.94375 0.197917 0.1125 0.392708 0.00117397
0 0.371094 0 0.704688 0 0.00116539
60 0.313477 0.854167 0.622266 0.272917 0.0011425
60 0.655859 0.848958 0.674219 0.2875 0.00113773
42 0.162891 0.0286458 0.0996094 0.0546875 0.00113392
44 0.162891 0.0286458 0.0996094 0.0546875 0.00112915
60 0.521875 0.889323 0.85 0.204688 0.00112438
56 0.685547 0.0270833 0.0960938 0.0520833 0.0011158
53 0.677344 0.310352 0.41875 0.50638 0.0011158
41 0.831055 0.0729167 0.112891 0.14375 0.00110722
41 0.231445 0.0682292 0.271484 0.132292 0.00110722
40 0.287109 0.0761068 0.385156 0.147786 0.00108624
40 0.166602 0.0255208 0.0890625 0.0497396 0.00108147
2 0.223438 0 0.446875 0 0.00108147
60 0.23125 0 0.454688 0 0.00108147
53 0.457031 0.799479 0.821875 0.365625 0.00104809
60 0.344922 0.663542 0.685156 0.654167 0.00103664
40 0.161719 0.0177083 0.090625 0.0333333 0.00101662
53 0.446875 0.51237 0.884375 0.960677 0.966797
41 0.940625 0.198958 0.11875 0.397917 0.897461
40 0.8 0.075 0.154688 0.145833 0.881836
60 0.489063 0.501042 0.978125 0.997917 0.570801
41 0.685547 0.028125 0.0953125 0.05 0.332764
41 0.363281 0.0106771 0.102344 0.0205729 0.307373
39 0.941406 0.200781 0.117188 0.397396 0.0960083
39 0.925781 0.0622396 0.0859375 0.119792 0.0618896
41 0.925 0.0625 0.084375 0.119792 0.0446777
41 0.156738 0.0393229 0.117383 0.0755208 0.0438538
40 0.156348 0.0351562 0.113867 0.0666667 0.0419312
40 0.15791 0.0608073 0.12168 0.116927 0.0383301
60 0.228516 0.235938 0.453906 0.465625 0.0340271
40 0.363281 0.0106771 0.102344 0.0205729 0.0328369
60 0.294727 0.20651 0.582422 0.407813 0.0319824
40 0.685547 0.0282552 0.0960938 0.0497396 0.0248871
40 0.204492 0.065625 0.216406 0.127604 0.0244293
41 0.159668 0.0617188 0.125195 0.117708 0.0234222
40 0.94375 0.196875 0.1125 0.39375 0.0225372
39 0.685547 0.0282552 0.0960938 0.0497396 0.0184021
60 0.462109 0.180143 0.913281 0.357422 0.0167847
41 0.364453 0.0268229 0.111719 0.0515625 0.0136871
45 0.93125 0.0608073 0.09375 0.11901 0.0132217
45 0.685938 0.0268229 0.0953125 0.0494792 0.0113297
41 0.191211 0.065625 0.189453 0.126563 0.0110703
60 0.496094 0.636458 0.95 0.697917 0.0102921
60 0.378516 0 0.722656 0 0.00997162
41 0.163477 0.0313802 0.0992187 0.0617188 0.00967407
42 0.155859 0.277604 0.268359 0.351042 0.00919342
53 0.447656 0.703646 0.882812 0.561458 0.00867462
41 0.365625 0.0170573 0.109375 0.0325521 0.00790405
40 0.21875 0.143229 0.259375 0.280208 0.00790405
60 0.497656 0.842188 0.926562 0.292708 0.00769424
44 0.361328 0.0114583 0.100781 0.0213542 0.00674438
0 0.537891 0.494792 0.921094 0.989583 0.00666809
60 0.844531 0.685417 0.309375 0.614583 0.00656509
60 0.698047 0.197917 0.519531 0.388542 0.00609589
41 0.939063 0.308594 0.121875 0.186979 0.00551224
60 0.406641 0.235156 0.810156 0.469271 0.00534439
39 0.362891 0.0114583 0.105469 0.0213542 0.00502014
60 0.278711 0 0.537109 0 0.00484848
40 0.22832 0.238607 0.454297 0.475911 0.00471878
60 0.19082 0.296875 0.379297 0.589583 0.00445175
60 0.544922 0.147917 0.896094 0.291146 0.00403976
60 0.851758 0.36875 0.296484 0.725 0.00379562
44 0.220313 0.175456 0.241406 0.236589 0.00358009
41 0.364453 0.0114583 0.108594 0.0229167 0.00340271
41 0.800195 0.0747396 0.155859 0.144792 0.00329781
60 0.807617 0.203385 0.347266 0.401563 0.00324821
42 0.361328 0.0114583 0.100781 0.0213542 0.00321007
42 0.156836 0.239063 0.276953 0.248958 0.00307465
60 0.710547 0.796875 0.575781 0.385417 0.00274658
60 0.380859 0.785417 0.759375 0.40625 0.00253105
42 0.230469 0.150065 0.264453 0.276953 0.00244331
45 0.537109 0.50013 0.925781 0.98099 0.00243378
60 0.20293 0.170378 0.405078 0.334245 0.00239754
56 0.93125 0.0608073 0.09375 0.11901 0.00221634
60 0.157715 0.485417 0.311914 0.935417 0.00196457
40 0.155469 0.154102 0.305469 0.301172 0.00195694
42 0.181592 0.21875 0.229004 0.220833 0.00194931
60 0.167969 0.701042 0.331641 0.572917 0.00194931
60 0.532031 0.735938 0.889063 0.503125 0.00193405
0 0.22832 0.238607 0.454297 0.475911 0.00192642
40 0.294727 0.20651 0.582422 0.407813 0.00175476
44 0.934375 0.059375 0.096875 0.115104 0.0016489
39 0.946875 0.0648438 0.10625 0.127604 0.00162315
42 0.212695 0.189063 0.216797 0.206771 0.00161076
40 0.804688 0.0296875 0.040625 0.05625 0.0015974
41 0.946875 0.0648438 0.10625 0.127604 0.00150108
39 0.191211 0.065625 0.189453 0.126563 0.00144386
45 0.360938 0.0108724 0.107031 0.0217448 0.00142097
53 0.557422 0.342188 0.641406 0.602083 0.00135612
40 0.80625 0.0356771 0.05 0.0682292 0.00133038
60 0.605566 0.814583 0.766992 0.35 0.00133038
40 0.925 0.0614583 0.0875 0.118229 0.00132465
60 0.519531 0.889323 0.85625 0.204688 0.00131512
44 0.206689 0.198958 0.206152 0.194792 0.00130939
41 0.847656 0.0286458 0.0796875 0.0552083 0.00127888
40 0.285938 0.0768229 0.382812 0.148958 0.00127411
60 0.34707 0.667708 0.689453 0.645833 0.00127411
60 0.313477 0.854688 0.622266 0.271875 0.00127411
60 0.896875 0.506771 0.203125 0.955208 0.0012598
42 0.162988 0.0286458 0.0994141 0.0546875 0.0012207
41 0.230029 0.0682292 0.268848 0.132292 0.00119686
60 0.661816 0.852083 0.662305 0.28125 0.00118351
41 0.83125 0.0729167 0.114063 0.14375 0.00117874
53 0.457031 0.8 0.823438 0.366667 0.00117874
44 0.162988 0.0286458 0.0994141 0.0546875 0.00117397
40 0.166504 0.0255208 0.0896484 0.0494792 0.00115585
60 0.11875 0.866406 0.234766 0.258854 0.00115585
53 0.277344 0.711979 0.54375 0.538542 0.00114727
75 0.94375 0.197917 0.1125 0.392708 0.00112438
40 0.161816 0.0169271 0.0908203 0.0322917 0.00109005
53 0.677734 0.308333 0.417969 0.503125 0.00109005
56 0.685547 0.0270833 0.0960938 0.0520833 0.00107288
44 0.954688 0.0466146 0.05 0.0869792 0.00106049
41 0.21875 0.143229 0.259375 0.280208 0.00104046
53 0.448438 0.51263 0.88125 0.94974 0.968262
41 0.940625 0.198958 0.11875 0.397917 0.906738
40 0.800195 0.075 0.155859 0.145833 0.889648
60 0.489063 0.500521 0.978125 0.998958 0.572754
41 0.685547 0.028125 0.0953125 0.05 0.355713
41 0.363477 0.0106771 0.102734 0.0208333 0.315674
39 0.941016 0.200781 0.117969 0.397396 0.0930176
39 0.925781 0.0622396 0.0859375 0.119792 0.0568542
41 0.157031 0.0390625 0.117969 0.0744792 0.0488586
40 0.156445 0.0348958 0.114453 0.0666667 0.0477905
41 0.925 0.0623698 0.084375 0.119531 0.0472412
40 0.158203 0.059375 0.122656 0.114583 0.044342
40 0.363477 0.0106771 0.102734 0.0208333 0.0343628
60 0.228516 0.235938 0.453906 0.465625 0.0314941
40 0.203955 0.0653646 0.215527 0.127604 0.0283356
41 0.159766 0.0611979 0.125391 0.117188 0.0258636
40 0.685547 0.0282552 0.0960938 0.0497396 0.0245209
40 0.942969 0.196875 0.114063 0.39375 0.0245209
60 0.463281 0.180273 0.915625 0.358203 0.0160217
39 0.685547 0.0282552 0.0960938 0.0497396 0.0156021
45 0.93125 0.0608073 0.09375 0.11901 0.0133743
41 0.364648 0.0268229 0.112109 0.0520833 0.0132751
41 0.190967 0.065625 0.188379 0.126563 0.01297
45 0.685938 0.0268229 0.0953125 0.0494792 0.0111618
42 0.156836 0.276823 0.267578 0.348438 0.011116
60 0.392188 0 0.753125 0 0.0101318
41 0.163477 0.0315104 0.0996094 0.0619792 0.0100098
60 0.504687 0.613542 0.939063 0.747917 0.00963593
40 0.219727 0.14349 0.257031 0.280729 0.0086441
53 0.446875 0.703646 0.88125 0.561458 0.00837708
41 0.365625 0.0169271 0.110156 0.0322917 0.00787354
44 0.361328 0.0114583 0.100781 0.0213542 0.00763702
60 0.495313 0.843229 0.921875 0.292708 0.00743103
60 0.844531 0.686458 0.309375 0.6125 0.00712204
0 0.5375 0.494792 0.921875 0.989583 0.00658798
41 0.939063 0.308333 0.121875 0.1875 0.00575256
60 0.698828 0.197396 0.513281 0.3875 0.00553513
39 0.363086 0.0114583 0.105859 0.0213542 0.00494385
40 0.228711 0.238802 0.455078 0.476563 0.00488663
60 0.408594 0.235938 0.814063 0.470833 0.00460815
60 0.281641 0 0.545313 0 0.00457382
60 0.54375 0.147982 0.9 0.291536 0.00391388
60 0.851367 0.322396 0.294141 0.632292 0.00387001
44 0.220898 0.17526 0.242578 0.236458 0.00383949
41 0.364453 0.0114583 0.108594 0.0229167 0.0036068
42 0.361328 0.0114583 0.100781 0.0213542 0.00352478
41 0.800195 0.0749349 0.155859 0.144922 0.00348282
60 0.807617 0.203385 0.344141 0.401563 0.00296974
42 0.231055 0.150781 0.266016 0.277083 0.00291252
60 0.7125 0.796354 0.571875 0.386458 0.00279045
60 0.38252 0.785417 0.763086 0.40625 0.00276756
60 0.203125 0.169792 0.405469 0.333333 0.00237846
60 0.847656 0.48737 0.301563 0.96276 0.00226021
45 0.536719 0.501042 0.926562 0.979167 0.00223351
56 0.93125 0.0608073 0.09375 0.11901 0.00206757
40 0.155469 0.154102 0.303906 0.301172 0.00195694
60 0.169727 0.702083 0.335156 0.570833 0.00193405
60 0.157617 0.485417 0.312109 0.935417 0.00189686
0 0.228711 0.238802 0.455078 0.476563 0.0018177
44 0.934375 0.059375 0.096875 0.115104 0.0018034
42 0.183203 0.218229 0.227344 0.219792 0.0018034
40 0.289648 0.207227 0.572266 0.409505 0.00177479
42 0.21333 0.188542 0.217871 0.207292 0.00168705
60 0.533984 0.736458 0.883594 0.502083 0.00165462
41 0.946875 0.0648438 0.10625 0.127604 0.0015974
40 0.804688 0.0296875 0.040625 0.0559896 0.00159168
39 0.946875 0.0648438 0.10625 0.127604 0.00153637
39 0.190967 0.065625 0.188379 0.126563 0.00151253
40 0.28457 0.0775391 0.380078 0.15013 0.00141048
60 0.118848 0.866406 0.234961 0.258854 0.00141048
60 0.314063 0.855729 0.623438 0.269792 0.00138283
41 0.229492 0.0682292 0.267578 0.132292 0.00137234
45 0.360938 0.0108724 0.107813 0.0217448 0.00136662
41 0.846875 0.0286458 0.08125 0.0549479 0.00136662
53 0.556934 0.339974 0.643945 0.597135 0.00136662
60 0.517969 0.889323 0.859375 0.204688 0.00135612
44 0.206836 0.198438 0.206641 0.194792 0.00130939
60 0.349609 0.671875 0.694531 0.6375 0.00130939
40 0.80625 0.0356771 0.05 0.0677083 0.00129986
40 0.925 0.0614583 0.0875 0.117708 0.00129986
60 0.612598 0.815625 0.751367 0.347917 0.0012846
42 0.163281 0.0286458 0.1 0.0552083 0.00123501
44 0.163281 0.0286458 0.1 0.0552083 0.00122547
40 0.161914 0.0166667 0.0910156 0.03125 0.0012207
40 0.165527 0.0255208 0.0923828 0.0494792 0.0012207
41 0.83125 0.0729167 0.114063 0.14375 0.00121117
41 0.219727 0.14349 0.257031 0.280729 0.0012064
44 0.954688 0.0467448 0.05 0.0872396 0.00117397
60 0.895312 0.506771 0.20625 0.953125 0.00117397
60 0.668652 0.854688 0.650195 0.276042 0.00116062
75 0.94375 0.197917 0.1125 0.392708 0.0011425
53 0.45625 0.801042 0.826563 0.364583 0.0011158
53 0.277734 0.711979 0.54375 0.538542 0.00109005
41 0.376172 0.011849 0.130469 0.0236979 0.00106525
40 0.830469 0.0632813 0.103125 0.122396 0.00104809
43 0.220898 0.17526 0.242578 0.236458 0.00104809
53 0.679688 0.308919 0.415625 0.505078 0.00104046
44 0.156836 0.276823 0.267578 0.348438 0.00102425
60 0.841992 0.872917 0.309766 0.2375 0.00102425
53 0.448438 0.5125 0.88125 0.947917 0.970215
41 0.940625 0.198958 0.11875 0.397917 0.911133
40 0.800195 0.075 0.155859 0.145833 0.898438
60 0.489063 0.501042 0.978125 0.997917 0.57373
41 0.685547 0.0278646 0.0953125 0.05 0.373779
41 0.363477 0.0106771 0.102734 0.0208333 0.313965
39 0.941016 0.200781 0.117969 0.397396 0.0974121
40 0.158789 0.0606771 0.123828 0.117188 0.0616455
40 0.156641 0.0351562 0.116016 0.0671875 0.0611877
39 0.925781 0.0621094 0.0859375 0.119531 0.0558167
41 0.925 0.0623698 0.084375 0.119531 0.0514526
41 0.157324 0.0398438 0.118945 0.0765625 0.0465393
40 0.203516 0.0654948 0.214844 0.127865 0.0406799
40 0.363477 0.0106771 0.102734 0.0208333 0.0377502
60 0.228516 0.236003 0.453906 0.465495 0.0303802
41 0.160156 0.0622396 0.126953 0.119271 0.0270691
40 0.685547 0.028125 0.0960938 0.0497396 0.0262604
40 0.942969 0.196875 0.114063 0.39375 0.0250854
60 0.462109 0.179622 0.913281 0.35638 0.0163422
41 0.19043 0.065625 0.1875 0.126563 0.0150757
42 0.157422 0.275 0.265625 0.34375 0.0147858
39 0.685547 0.028125 0.0960938 0.0497396 0.0146179
41 0.159375 0.0317708 0.103906 0.0625 0.0145035
45 0.93125 0.0609375 0.0953125 0.119271 0.0137939
41 0.364844 0.0269531 0.113281 0.0523438 0.0135345
45 0.685938 0.0268229 0.0953125 0.0494792 0.011467
60 0.396484 0 0.761719 0 0.0100555
40 0.220264 0.143815 0.255566 0.28112 0.00993347
60 0.505859 0.619922 0.938281 0.735156 0.00978088
53 0.446875 0.703646 0.88125 0.561458 0.00878143
44 0.361328 0.0114583 0.101562 0.0213542 0.00809479
60 0.843555 0.686979 0.309766 0.611458 0.00806427
41 0.36582 0.0169271 0.110547 0.0322917 0.00784302
60 0.496875 0.84375 0.926562 0.291667 0.00746155
0 0.538281 0.494792 0.920313 0.989583 0.00638962
41 0.939063 0.308594 0.121875 0.186979 0.00584412
60 0.691406 0.148438 0.54375 0.290625 0.00547028
44 0.221484 0.174414 0.242969 0.236589 0.00502014
39 0.362891 0.0115885 0.10625 0.0210938 0.00486755
40 0.228906 0.238997 0.455469 0.476172 0.00482941
60 0.404687 0.236198 0.80625 0.471354 0.00462723
60 0.281641 0 0.545313 0 0.00434875
42 0.231445 0.151823 0.266406 0.274479 0.00419998
60 0.852344 0.300781 0.29375 0.588021 0.00391388
41 0.364258 0.0114583 0.108984 0.0229167 0.00380898
42 0.361328 0.0114583 0.101562 0.0213542 0.00379562
41 0.800195 0.0747396 0.155859 0.145313 0.00370789
60 0.807617 0.203385 0.341016 0.401563 0.00299263
60 0.382031 0.785417 0.761719 0.40625 0.00298119
60 0.712109 0.795833 0.572656 0.3875 0.00298119
60 0.205859 0.167188 0.410156 0.328125 0.00254059
60 0.848242 0.486458 0.300391 0.960417 0.00219917
40 0.155762 0.153385 0.302539 0.3 0.00214005
42 0.213086 0.188021 0.217578 0.207292 0.00214005
56 0.93125 0.0609375 0.0953125 0.119271 0.00209999
45 0.537891 0.501042 0.924219 0.977083 0.00209999
60 0.736719 0.197135 0.457813 0.389063 0.0020752
42 0.186377 0.216667 0.219434 0.215625 0.00201035
60 0.16416 0.448438 0.324805 0.886458 0.00191212
44 0.934375 0.059375 0.096875 0.115104 0.00183868
40 0.283008 0.0766276 0.376172 0.148828 0.00183105
60 0.16748 0.705208 0.330664 0.564583 0.0018177
0 0.228906 0.238997 0.455469 0.476172 0.00173378
60 0.535156 0.736458 0.882812 0.502083 0.0017004
41 0.227734 0.0682292 0.264062 0.132292 0.00169373
41 0.946875 0.0648438 0.10625 0.127604 0.00165462
40 0.804688 0.0296875 0.040625 0.0557292 0.00162888
60 0.118945 0.866406 0.234766 0.258854 0.00161076
39 0.19043 0.065625 0.1875 0.126563 0.00160408
43 0.221484 0.174414 0.242969 0.236589 0.00150681
60 0.349219 0.858333 0.698438 0.266667 0.00150681
39 0.946875 0.0648438 0.10625 0.127604 0.00150108
44 0.206055 0.197656 0.204688 0.194271 0.00150108
60 0.348828 0.676563 0.692969 0.628125 0.00148392
41 0.846875 0.0285156 0.08125 0.0549479 0.00141048
40 0.925 0.0614583 0.0875 0.117708 0.00140476
60 0.517969 0.889323 0.864062 0.204688 0.00139427
45 0.360938 0.0108073 0.107813 0.0216146 0.00137806
42 0.163477 0.0286458 0.1 0.0552083 0.00132465
40 0.80625 0.0356771 0.05 0.0677083 0.00132465
40 0.165625 0.0255208 0.0929688 0.0494792 0.00130939
60 0.612891 0.816146 0.752344 0.346875 0.00130463
41 0.220264 0.143815 0.255566 0.28112 0.00127411
44 0.163477 0.0286458 0.1 0.0552083 0.00126934
40 0.161816 0.0158854 0.0912109 0.0299479 0.00124931
53 0.554297 0.338411 0.647656 0.59401 0.00123978
41 0.831055 0.0729167 0.112891 0.143229 0.0012064
60 0.66875 0.855729 0.65 0.273958 0.00119686
44 0.954688 0.0466146 0.05 0.0869792 0.00118828
75 0.94375 0.198177 0.1125 0.393229 0.00113392
60 0.895312 0.507292 0.20625 0.952083 0.00113392
53 0.455859 0.802083 0.825781 0.3625 0.00113392
40 0.83125 0.0635417 0.103125 0.122917 0.00112438
43 0.150391 0.259896 0.227344 0.298958 0.00112438
44 0.157422 0.275 0.265625 0.34375 0.0011158
41 0.376172 0.0119792 0.130469 0.0239583 0.00109863
60 0.842188 0.873177 0.310937 0.236979 0.00108147
53 0.277344 0.7125 0.542969 0.5375 0.00104046
44 0.248389 0.149023 0.298535 0.26237 0.00100422
53 0.448438 0.5125 0.879687 0.947917 0.970215
41 0.940625 0.198958 0.11875 0.397917 0.911133
40 0.800195 0.075 0.155859 0.145833 0.898926
60 0.489063 0.500521 0.978125 0.998958 0.574707
41 0.685938 0.0278646 0.0953125 0.05 0.37207
41 0.363281 0.0106771 0.103125 0.0208333 0.312256
39 0.941016 0.200781 0.117969 0.397396 0.0974121
40 0.158789 0.0605469 0.123828 0.116927 0.0611877
40 0.156641 0.0354167 0.116016 0.0671875 0.0609741
39 0.925781 0.0621094 0.0859375 0.119531 0.0558167
41 0.925 0.0623698 0.084375 0.119531 0.0516663
41 0.157324 0.0398438 0.118945 0.0765625 0.0472412
40 0.203516 0.0654948 0.214844 0.127865 0.0403748
40 0.363281 0.0106771 0.103125 0.0208333 0.0377502
60 0.228516 0.236003 0.453906 0.465495 0.0306244
41 0.160156 0.0622396 0.126953 0.119271 0.0272675
40 0.685547 0.028125 0.0960938 0.0497396 0.0262604
40 0.942969 0.196875 0.114063 0.39375 0.0239563
60 0.4625 0.179622 0.914062 0.35638 0.0163422
41 0.190576 0.065625 0.187598 0.126563 0.0151291
42 0.15752 0.27474 0.26543 0.343229 0.0147858
39 0.685547 0.028125 0.0960938 0.0497396 0.0145035
41 0.159375 0.0317708 0.103906 0.0625 0.0144501
60 0.495313 0.583854 0.929688 0.805208 0.0138474
45 0.93125 0.0609375 0.096875 0.119271 0.0137405
41 0.364844 0.0268229 0.113281 0.0520833 0.0135345
45 0.685938 0.0268229 0.0953125 0.0494792 0.011467
60 0.398535 0 0.766992 0 0.0100098
40 0.220117 0.143815 0.255859 0.28112 0.00989532
53 0.446875 0.703646 0.88125 0.561458 0.00878143
60 0.843555 0.686458 0.309766 0.6125 0.00818634
44 0.361328 0.0114583 0.101562 0.0213542 0.00809479
41 0.36582 0.0169271 0.110547 0.0322917 0.00769424
60 0.497656 0.843229 0.926562 0.292708 0.00746155
0 0.538281 0.494792 0.920313 0.989583 0.00643921
41 0.939063 0.308333 0.121875 0.1875 0.00579834
60 0.689844 0.148438 0.546875 0.290625 0.00557709
44 0.221436 0.17474 0.243066 0.236979 0.00500107
39 0.363281 0.0115885 0.10625 0.0210938 0.00486755
40 0.228906 0.238997 0.455469 0.476172 0.00479126
60 0.405469 0.236198 0.807813 0.471354 0.00457382
60 0.283008 0 0.548828 0 0.00434875
42 0.231592 0.152148 0.266504 0.27487 0.00421524
60 0.852344 0.302083 0.29375 0.590625 0.00388527
41 0.364258 0.0114583 0.108984 0.0229167 0.00382423
42 0.361328 0.0114583 0.101562 0.0213542 0.00379562
41 0.800195 0.0747396 0.155859 0.145313 0.00367928
60 0.382031 0.785417 0.761719 0.40625 0.00304031
60 0.807031 0.203385 0.342187 0.401563 0.00300407
60 0.7125 0.795833 0.571875 0.3875 0.00300407
60 0.205469 0.167188 0.410156 0.327604 0.00255013
60 0.847656 0.486458 0.301563 0.960417 0.00222588
40 0.155859 0.153581 0.302734 0.30013 0.00216484
42 0.213086 0.18776 0.217578 0.207813 0.00214958
56 0.93125 0.0609375 0.096875 0.119271 0.00210762
60 0.736719 0.197331 0.457813 0.388672 0.00210762
45 0.5375 0.501042 0.925 0.977083 0.00209999
42 0.186377 0.216667 0.219434 0.215625 0.00201988
60 0.16416 0.448438 0.324805 0.886458 0.00191212
44 0.934375 0.059375 0.096875 0.115104 0.00185299
60 0.16709 0.705208 0.329883 0.564583 0.00183105
40 0.282861 0.0768229 0.376465 0.149479 0.00182438
60 0.534375 0.736458 0.884375 0.502083 0.00176811
0 0.228906 0.238997 0.455469 0.476172 0.00175476
41 0.227734 0.0682292 0.264062 0.132292 0.0017004
41 0.946875 0.0648438 0.10625 0.127604 0.0016613
60 0.118945 0.866406 0.234766 0.258854 0.00163555
40 0.804688 0.0296875 0.040625 0.0557292 0.00161076
39 0.190576 0.065625 0.187598 0.126563 0.00161076
60 0.35 0.858333 0.699219 0.266667 0.00153065
39 0.946875 0.0648438 0.10625 0.127604 0.00151253
43 0.221436 0.17474 0.243066 0.236979 0.00151253
44 0.206201 0.197656 0.204785 0.194271 0.00150108
60 0.348828 0.677083 0.692969 0.627083 0.00149536
41 0.846875 0.0285156 0.08125 0.0549479 0.00141048
40 0.925 0.0614583 0.0875 0.117708 0.00141048
60 0.517969 0.889323 0.864062 0.204688 0.00138855
45 0.361133 0.0108724 0.108203 0.0217448 0.00137806
60 0.612402 0.815625 0.75332 0.347917 0.00132465
42 0.163477 0.0286458 0.1 0.0552083 0.00131512
40 0.80625 0.0356771 0.0515625 0.0682292 0.00130939
40 0.16543 0.0255208 0.0933594 0.0494792 0.00130463
41 0.220117 0.143815 0.255859 0.28112 0.00127888
44 0.163477 0.0286458 0.1 0.0552083 0.00126934
40 0.161816 0.015625 0.0912109 0.0296875 0.00124931
53 0.554004 0.338021 0.648242 0.59375 0.00123501
60 0.668652 0.855729 0.650195 0.273958 0.00121117
41 0.831055 0.0729167 0.112891 0.143229 0.00119686
44 0.954688 0.0466146 0.05 0.0869792 0.00118828
40 0.83125 0.0632813 0.103125 0.122396 0.00113773
41 0.37666 0.0119792 0.131055 0.0239583 0.00113392
75 0.942969 0.198177 0.114063 0.393229 0.00113392
53 0.455859 0.802083 0.825781 0.3625 0.00113392
43 0.150195 0.259896 0.226953 0.298958 0.00112915
60 0.895312 0.507292 0.20625 0.952083 0.00112438
44 0.15752 0.27474 0.26543 0.343229 0.00111198
60 0.842188 0.873177 0.310937 0.236979 0.00109863
53 0.277344 0.7125 0.54375 0.5375 0.00104046
