4 0.682031 0.316372 0.134375 0.126106 0.803223
4 0.687891 0.329646 0.148438 0.0862832 0.0200195
4 0.633984 0.318584 0.0359375 0.0431416 0.00445175
4 0.647656 0.309735 0.207031 0.141593 0.00376511
4 0.656641 0.33573 0.0835937 0.074115 0.00374985
8 0.681641 0.318031 0.135156 0.121681 0.00374985
14 0.859375 0.229535 0.0109375 0.0254425 0.0029583
4 0.651563 0.345133 0.06875 0.0752212 0.00284576
0 0.670313 0.363938 0.0226563 0.0376106 0.00179577
4 0.657813 0.358407 0.0515625 0.0497788 0.00174141
7 0.681641 0.318031 0.135156 0.121681 0.0017271
4 0.644531 0.329093 0.059375 0.0619469 0.00171375
8 0.467969 0.436394 0.0515625 0.0962389 0.0017004
4 0.663281 0.295907 0.101562 0.102876 0.00144386
4 0.66875 0.288717 0.16875 0.159292 0.00138283
4 0.670313 0.363938 0.0226563 0.0376106 0.00122547
4 0.652344 0.352876 0.059375 0.0586283 0.00116062
4 0.696094 0.301438 0.103125 0.103982 0.00113773
4 0.680469 0.268252 0.1375 0.215708 0.00105667
4 0.635156 0.324668 0.0421875 0.050885 0.00105286
4 0.682031 0.315265 0.134375 0.126106 0.810547
4 0.687891 0.329646 0.147656 0.0862832 0.0219421
4 0.633984 0.318584 0.0351562 0.0442478 0.00508118
4 0.654688 0.335177 0.0796875 0.0730089 0.00484848
8 0.68125 0.317478 0.135937 0.121681 0.00399017
4 0.651563 0.34458 0.06875 0.0763274 0.00346947
14 0.859375 0.229535 0.0109375 0.0254425 0.00277901
0 0.670313 0.363938 0.0226563 0.0376106 0.00259018
4 0.64375 0.32854 0.0578125 0.0597345 0.00229645
4 0.642188 0.309735 0.21875 0.141593 0.00229645
4 0.657422 0.357301 0.053125 0.0519911 0.00215721
7 0.68125 0.317478 0.135937 0.121681 0.00199509
8 0.46875 0.435841 0.05 0.0962389 0.00162315
4 0.661719 0.29646 0.096875 0.10177 0.00151253
4 0.696875 0.300885 0.101562 0.103982 0.00150681
4 0.670313 0.363938 0.0226563 0.0376106 0.00144958
4 0.66875 0.288717 0.170313 0.15708 0.0012846
4 0.634766 0.324115 0.0414063 0.050885 0.00121593
0 0.732031 0.293142 0.028125 0.0774336 0.00121117
4 0.680469 0.268252 0.1375 0.215708 0.00117874
7 0.683594 0.337942 0.1375 0.085177 0.00105286
4 0.682031 0.316372 0.134375 0.126106 0.820801
4 0.6875 0.329646 0.151562 0.0951327 0.0255585
4 0.634375 0.318584 0.0359375 0.0442478 0.006073
4 0.654688 0.334624 0.0796875 0.0719027 0.00602722
8 0.68125 0.317478 0.135937 0.121681 0.00385475
4 0.651563 0.345133 0.0671875 0.0752212 0.00383949
4 0.643359 0.327987 0.05625 0.0597345 0.00291252
0 0.670313 0.363938 0.0226563 0.0376106 0.00264168
14 0.859375 0.229535 0.0109375 0.0254425 0.00236893
4 0.657813 0.357301 0.0523438 0.050885 0.00234222
7 0.68125 0.317478 0.135937 0.121681 0.00232315
4 0.697266 0.300885 0.100781 0.102876 0.00188255
8 0.46875 0.435841 0.05 0.0951327 0.0017004
4 0.635156 0.310841 0.232813 0.139381 0.00168705
4 0.651563 0.353429 0.0578125 0.0564159 0.00164223
4 0.661328 0.29646 0.0960938 0.10177 0.0015974
4 0.670313 0.363938 0.0226563 0.0376106 0.00157356
7 0.684375 0.337389 0.139063 0.0840708 0.00139427
4 0.680469 0.268805 0.1375 0.216814 0.00130939
0 0.732031 0.293142 0.028125 0.0774336 0.00118828
7 0.654688 0.334624 0.0796875 0.0719027 0.00118351
8 0.473438 0.436947 0.040625 0.0818584 0.00114727
4 0.668359 0.288164 0.171094 0.155973 0.00110722
4 0.666406 0.359513 0.0421875 0.0464602 0.00107288
4 0.682031 0.316372 0.135156 0.126106 0.817383
4 0.6875 0.329093 0.151562 0.0940266 0.0335999
4 0.653906 0.333518 0.078125 0.0696903 0.00772476
4 0.633984 0.318584 0.0351562 0.0442478 0.00757599
4 0.651563 0.346239 0.0671875 0.0719027 0.0042305
4 0.642969 0.327434 0.0546875 0.0575221 0.00367928
8 0.681641 0.316925 0.135937 0.122788 0.00351143
0 0.670313 0.363938 0.021875 0.0376106 0.00301552
7 0.681641 0.316925 0.135937 0.122788 0.00269318
4 0.658594 0.35896 0.05 0.0475664 0.00266266
4 0.696875 0.299779 0.1 0.10177 0.002388
14 0.859375 0.230089 0.0109375 0.0243363 0.00220871
7 0.683594 0.337389 0.1375 0.0840708 0.00201035
4 0.651563 0.353982 0.0578125 0.0553097 0.00178909
4 0.670313 0.363938 0.021875 0.0376106 0.00174141
7 0.653906 0.333518 0.078125 0.0696903 0.00165462
4 0.660547 0.29646 0.0945313 0.0995575 0.0016489
8 0.465234 0.435288 0.0570313 0.0873894 0.00157356
4 0.669141 0.360619 0.0351562 0.0442478 0.00134087
4 0.680469 0.268805 0.138281 0.216814 0.00133514
8 0.474219 0.436947 0.0390625 0.079646 0.00132465
4 0.625391 0.311394 0.253906 0.138274 0.0012207
0 0.732031 0.292035 0.0273438 0.0752212 0.00111198
7 0.658594 0.35896 0.05 0.0475664 0.00104809
4 0.634375 0.294248 0.0398437 0.0862832 0.00101185
4 0.682031 0.315819 0.135156 0.125 0.825684
4 0.687109 0.32854 0.150781 0.090708 0.0399475
4 0.653125 0.332411 0.075 0.0674779 0.00894928
4 0.633594 0.318584 0.034375 0.0420354 0.00854492
4 0.650781 0.347345 0.065625 0.0685841 0.00426483
4 0.641797 0.326881 0.053125 0.0564159 0.00405502
8 0.681641 0.316372 0.135937 0.121681 0.00382423
0 0.670313 0.363938 0.021875 0.0353982 0.00321007
7 0.681641 0.316372 0.135937 0.121681 0.00321007
4 0.697656 0.299779 0.1 0.0995575 0.00312424
4 0.658594 0.359513 0.0484375 0.045354 0.00275803
7 0.682031 0.337389 0.134375 0.0818584 0.0024929
14 0.859375 0.229535 0.0109375 0.0243363 0.00222588
7 0.653125 0.332411 0.075 0.0674779 0.00194931
4 0.670313 0.363938 0.021875 0.0353982 0.00184631
4 0.650781 0.354535 0.05625 0.0530973 0.00172043
4 0.658594 0.297566 0.0890625 0.0951327 0.00156116
4 0.670703 0.361726 0.03125 0.0420354 0.0015192
8 0.465234 0.434735 0.0570313 0.0862832 0.00148392
4 0.680469 0.267699 0.138281 0.214602 0.00129414
8 0.476562 0.436947 0.034375 0.079646 0.0012846
7 0.670313 0.363938 0.021875 0.0353982 0.00118828
7 0.658594 0.359513 0.0484375 0.045354 0.00115585
4 0.732031 0.292035 0.0273438 0.0730089 0.0011034
8 0.632031 0.316925 0.0359375 0.0431416 0.00108147
2 0.681641 0.316372 0.135937 0.121681 0.00106525
0 0.732031 0.292035 0.0273438 0.0730089 0.00101662
4 0.682031 0.315265 0.135156 0.126106 0.813965
4 0.6875 0.32854 0.151562 0.090708 0.0541992
4 0.678906 0.337389 0.128125 0.0818584 0.0131683
4 0.633594 0.318584 0.034375 0.0409292 0.0121918
4 0.650781 0.331858 0.071875 0.0663717 0.0115051
4 0.640625 0.326327 0.0515625 0.0553097 0.00570679
4 0.697656 0.299226 0.1 0.0984513 0.00473785
4 0.650781 0.347345 0.065625 0.0685841 0.00462723
0 0.671094 0.364491 0.021875 0.0353982 0.00378036
7 0.682031 0.315819 0.135937 0.122788 0.00341606
7 0.678906 0.337389 0.128125 0.0818584 0.00312424
4 0.658984 0.360066 0.0476562 0.0442478 0.00294685
8 0.682031 0.315819 0.135937 0.122788 0.00259018
7 0.650781 0.331858 0.071875 0.0663717 0.00256157
14 0.859375 0.228982 0.0109375 0.0243363 0.00223351
4 0.657031 0.298119 0.0859375 0.0940266 0.00194931
4 0.649609 0.353982 0.05625 0.0542035 0.00192642
4 0.671094 0.364491 0.021875 0.0353982 0.00183105
7 0.671094 0.364491 0.021875 0.0353982 0.00164223
7 0.658984 0.360066 0.0476562 0.0442478 0.00154877
4 0.732031 0.291482 0.0265625 0.074115 0.00135612
8 0.465234 0.434735 0.0570313 0.0862832 0.00133038
4 0.680469 0.267699 0.139063 0.214602 0.00122547
4 0.633594 0.295354 0.0375 0.0818584 0.00121593
8 0.476562 0.436947 0.034375 0.079646 0.00119686
7 0.650781 0.347345 0.065625 0.0685841 0.00112438
2 0.682031 0.315819 0.135937 0.122788 0.0011034
2 0.671094 0.364491 0.021875 0.0353982 0.00108624
4 0.625781 0.311947 0.253906 0.134956 0.00104427
4 0.682031 0.315265 0.134375 0.125 0.806641
4 0.6875 0.32854 0.151562 0.0884956 0.0623169
4 0.633594 0.318584 0.034375 0.039823 0.013588
4 0.676562 0.337389 0.125 0.079646 0.0135345
4 0.650781 0.331858 0.0710938 0.0652655 0.0122375
4 0.640625 0.326327 0.0515625 0.0542035 0.00616837
4 0.697266 0.298673 0.1 0.0973451 0.00508118
4 0.650781 0.349558 0.0640625 0.0641593 0.00455475
0 0.671094 0.365044 0.0210938 0.0353982 0.0039444
7 0.682031 0.315819 0.135937 0.122788 0.00372124
7 0.676562 0.337389 0.125 0.079646 0.00313568
4 0.659375 0.360619 0.046875 0.0420354 0.00304031
7 0.650781 0.331858 0.0710938 0.0652655 0.00251198
8 0.682031 0.315819 0.135937 0.122788 0.00243378
14 0.859375 0.229535 0.0109375 0.0243363 0.00215721
4 0.657031 0.297566 0.0859375 0.0929204 0.0020504
4 0.674219 0.363385 0.021875 0.0376106 0.00200272
7 0.671094 0.365044 0.0210938 0.0353982 0.00197983
4 0.671094 0.365044 0.0210938 0.0353982 0.00188923
7 0.659375 0.360619 0.046875 0.0420354 0.00170708
4 0.732031 0.290929 0.0265625 0.0730089 0.00137806
2 0.671094 0.365044 0.0210938 0.0353982 0.00134563
4 0.633984 0.295354 0.0382813 0.0818584 0.00126934
8 0.465625 0.432522 0.0578125 0.0862832 0.00123501
4 0.680469 0.267699 0.139063 0.214602 0.00111198
7 0.650781 0.349558 0.0640625 0.0641593 0.0011034
8 0.475781 0.436947 0.0359375 0.079646 0.00107765
0 0.674219 0.363385 0.021875 0.0376106 0.00107288
2 0.682031 0.315819 0.135937 0.122788 0.00102806
4 0.682031 0.315265 0.134375 0.123894 0.818848
4 0.6875 0.327434 0.15 0.0862832 0.0656128
4 0.633984 0.318031 0.034375 0.039823 0.0137405
4 0.675 0.336836 0.121875 0.0785398 0.0130692
4 0.65 0.330752 0.0703125 0.0619469 0.0119171
4 0.639844 0.325221 0.0484375 0.0530973 0.00595856
4 0.697656 0.299779 0.1 0.0973451 0.00570679
7 0.681641 0.315265 0.135156 0.121681 0.00450516
0 0.671094 0.365044 0.021875 0.0353982 0.00432968
4 0.651172 0.353982 0.0625 0.0553097 0.00399017
8 0.681641 0.315265 0.135156 0.121681 0.00313568
7 0.675 0.336836 0.121875 0.0785398 0.0029583
4 0.660156 0.361726 0.0445313 0.0409292 0.00292397
7 0.65 0.330752 0.0703125 0.0619469 0.0024147
7 0.671094 0.365044 0.021875 0.0353982 0.00233269
4 0.675 0.363938 0.0203125 0.0365044 0.00209999
4 0.632422 0.324115 0.0359375 0.0486726 0.00209045
4 0.65625 0.297566 0.084375 0.090708 0.00206757
4 0.671094 0.365044 0.021875 0.0353982 0.00187492
14 0.859375 0.228982 0.0109375 0.0243363 0.00186062
7 0.660156 0.361726 0.0445313 0.0409292 0.00183868
8 0.465625 0.431416 0.0578125 0.0884956 0.00171375
2 0.671094 0.365044 0.021875 0.0353982 0.00163555
4 0.732031 0.290929 0.0265625 0.0730089 0.00161076
0 0.675 0.363938 0.0203125 0.0365044 0.00143242
8 0.475 0.436947 0.0375 0.0774336 0.00135136
4 0.633984 0.295354 0.0382813 0.0807522 0.00128937
4 0.680859 0.266593 0.138281 0.212389 0.00112438
8 0.632422 0.317478 0.0351562 0.0420354 0.0011034
2 0.681641 0.315265 0.135156 0.121681 0.00106907
7 0.651172 0.353982 0.0625 0.0553097 0.00101185
4 0.682031 0.315265 0.134375 0.123894 0.839844
4 0.686719 0.327434 0.15 0.085177 0.0651245
4 0.634375 0.318584 0.034375 0.039823 0.0140076
4 0.649609 0.329646 0.06875 0.0619469 0.0115509
4 0.671094 0.336283 0.114063 0.0774336 0.0114212
4 0.639063 0.325221 0.0484375 0.0530973 0.00582123
7 0.681641 0.315265 0.135156 0.120575 0.0051384
4 0.696875 0.299779 0.1 0.0984513 0.00486755
0 0.671484 0.364491 0.021875 0.0365044 0.00363541
4 0.652344 0.358407 0.059375 0.0464602 0.00358009
8 0.681641 0.315265 0.135156 0.120575 0.0030632
8 0.465234 0.432522 0.0585938 0.0884956 0.00283432
7 0.671484 0.364491 0.021875 0.0365044 0.00282288
4 0.660547 0.362832 0.0445313 0.039823 0.00279999
7 0.671094 0.336283 0.114063 0.0774336 0.00271416
7 0.649609 0.329646 0.06875 0.0619469 0.00233269
4 0.675 0.363938 0.0203125 0.0365044 0.00215721
7 0.660547 0.362832 0.0445313 0.039823 0.00210762
2 0.671484 0.364491 0.021875 0.0365044 0.0020504
4 0.655469 0.298119 0.0828125 0.090708 0.00201988
4 0.671484 0.364491 0.021875 0.0365044 0.00183105
8 0.473438 0.436947 0.040625 0.079646 0.0017271
4 0.732422 0.291482 0.0265625 0.0719027 0.00159168
2 0.3875 0.214049 0.05 0.0519911 0.00157928
14 0.859375 0.228982 0.0125 0.0243363 0.00145531
7 0.686719 0.337389 0.145313 0.0884956 0.00145531
4 0.634375 0.295907 0.0390625 0.0807522 0.00128937
0 0.675 0.363938 0.0203125 0.0365044 0.00128937
8 0.632812 0.317478 0.0359375 0.0420354 0.00113773
4 0.68125 0.26604 0.139063 0.213496 0.00113392
2 0.671094 0.336283 0.114063 0.0774336 0.00105667
2 0.681641 0.315265 0.135156 0.120575 0.00104809
2 0.649609 0.329646 0.06875 0.0619469 0.00103188
7 0.652344 0.358407 0.059375 0.0464602 0.00101662
4 0.682031 0.315265 0.134375 0.123894 0.85498
4 0.686719 0.327434 0.15 0.0862832 0.0623169
4 0.633984 0.318584 0.0351562 0.0409292 0.0131683
4 0.649219 0.329646 0.06875 0.0619469 0.0105286
4 0.66875 0.336836 0.109375 0.0785398 0.0100098
7 0.681641 0.314712 0.135156 0.121681 0.00566483
4 0.639063 0.325221 0.0476562 0.0530973 0.00530243
4 0.697266 0.299779 0.100781 0.0995575 0.00385475
4 0.652344 0.358407 0.059375 0.0464602 0.00338936
8 0.465234 0.432522 0.0585938 0.0884956 0.00325966
8 0.681641 0.314712 0.135156 0.121681 0.00323486
7 0.671094 0.363938 0.0234375 0.0376106 0.003088
0 0.671094 0.363938 0.0234375 0.0376106 0.0029583
7 0.66875 0.336836 0.109375 0.0785398 0.00274658
4 0.660156 0.362279 0.0453125 0.0409292 0.00266266
7 0.649219 0.329646 0.06875 0.0619469 0.00239754
7 0.660156 0.362279 0.0453125 0.0409292 0.00235939
2 0.671094 0.363938 0.0234375 0.0376106 0.00235939
2 0.3875 0.215708 0.0507812 0.0553097 0.00215721
4 0.674219 0.363385 0.021875 0.0387168 0.00208282
4 0.65625 0.298673 0.084375 0.090708 0.00195694
7 0.686719 0.337389 0.144531 0.0896018 0.00144386
4 0.732422 0.291482 0.0265625 0.0730089 0.00138283
4 0.635156 0.29646 0.040625 0.0818584 0.00125504
2 0.66875 0.336836 0.109375 0.0785398 0.00123978
14 0.859375 0.229535 0.0125 0.0254425 0.00123501
2 0.649219 0.329646 0.06875 0.0619469 0.00119209
7 0.652344 0.358407 0.059375 0.0464602 0.00113392
8 0.632812 0.317478 0.0359375 0.0431416 0.00112915
4 0.680859 0.265487 0.139063 0.214602 0.00106907
2 0.681641 0.314712 0.135156 0.121681 0.00104046
2 0.660156 0.362279 0.0453125 0.0409292 0.00102806
7 0.633203 0.318584 0.0328125 0.0387168 0.00101185
4 0.682031 0.315819 0.134375 0.127212 0.864258
4 0.6875 0.32854 0.151562 0.090708 0.0488586
4 0.634375 0.318584 0.0359375 0.0409292 0.0116425
4 0.648438 0.330752 0.0671875 0.0641593 0.00793457
4 0.669531 0.337942 0.110937 0.0818584 0.0068779
7 0.681641 0.316372 0.135156 0.126106 0.00559998
2 0.387891 0.215708 0.0507812 0.0553097 0.0045929
4 0.639453 0.325221 0.0484375 0.0530973 0.0045929
7 0.671094 0.363938 0.0234375 0.039823 0.003088
4 0.650781 0.354535 0.0609375 0.0553097 0.0028553
0 0.671094 0.363938 0.0234375 0.039823 0.00257111
7 0.669531 0.337942 0.110937 0.0818584 0.00254059
7 0.648438 0.330752 0.0671875 0.0641593 0.00253105
2 0.671094 0.363938 0.0234375 0.039823 0.0024929
7 0.660156 0.362279 0.046875 0.0420354 0.0024147
8 0.464844 0.432522 0.059375 0.090708 0.00210762
4 0.696875 0.298673 0.101562 0.0973451 0.00208282
4 0.658203 0.298673 0.0890625 0.0929204 0.00194931
4 0.660156 0.362279 0.046875 0.0420354 0.00191879
8 0.681641 0.316372 0.135156 0.126106 0.00162315
7 0.650781 0.354535 0.0609375 0.0553097 0.00147247
2 0.648438 0.330752 0.0671875 0.0641593 0.0012846
4 0.635938 0.29646 0.0421875 0.0818584 0.00127888
4 0.672656 0.362832 0.0234375 0.0420354 0.00122547
2 0.370117 0.232301 0.0160156 0.0387168 0.00119209
2 0.669531 0.337942 0.110937 0.0818584 0.00116539
2 0.870313 0.206305 0.0125 0.0586283 0.0011425
14 0.859375 0.229535 0.0125 0.0254425 0.0011425
7 0.686719 0.337942 0.145313 0.0929204 0.00113773
2 0.681641 0.316372 0.135156 0.126106 0.00106525
7 0.633594 0.318584 0.0328125 0.039823 0.00106049
2 0.859375 0.229535 0.0125 0.0254425 0.00104427
4 0.682031 0.316372 0.134375 0.128319 0.866211
4 0.6875 0.32854 0.152344 0.0951327 0.0390625
4 0.634375 0.318584 0.0359375 0.039823 0.00952148
7 0.681641 0.316372 0.135156 0.128319 0.00634003
4 0.648047 0.330752 0.0664062 0.0641593 0.0055542
2 0.387891 0.214602 0.0507812 0.0530973 0.00544739
4 0.667969 0.338496 0.107813 0.0840708 0.00479126
4 0.639453 0.326327 0.0484375 0.0553097 0.00353813
7 0.671094 0.363938 0.0234375 0.039823 0.00311089
2 0.671094 0.363938 0.0234375 0.039823 0.00275803
7 0.660156 0.362832 0.046875 0.0442478 0.00233269
7 0.648047 0.330752 0.0664062 0.0641593 0.00230598
7 0.667969 0.338496 0.107813 0.0840708 0.00218201
4 0.650391 0.35177 0.0625 0.0619469 0.00218201
0 0.671094 0.363938 0.0234375 0.039823 0.00208282
4 0.637109 0.310841 0.235156 0.139381 0.00179577
4 0.659766 0.298673 0.0921875 0.0929204 0.00170708
7 0.650391 0.35177 0.0625 0.0619469 0.00162315
2 0.370313 0.232301 0.015625 0.0387168 0.00147247
4 0.660156 0.362832 0.046875 0.0442478 0.00146675
4 0.696875 0.297566 0.100781 0.0962389 0.00130939
2 0.648047 0.330752 0.0664062 0.0641593 0.0012846
8 0.465234 0.432522 0.0585938 0.090708 0.00123024
8 0.681641 0.316372 0.135156 0.128319 0.00123024
2 0.870313 0.206305 0.0125 0.0586283 0.0012064
2 0.681641 0.316372 0.135156 0.128319 0.00112915
7 0.387891 0.214602 0.0507812 0.0530973 0.0011158
4 0.636328 0.29646 0.0429688 0.0829646 0.00110722
2 0.667969 0.338496 0.107813 0.0840708 0.00109482
7 0.633594 0.319137 0.0328125 0.0387168 0.00102043
2 0.391406 0.21792 0.0609375 0.0685841 0.00100803
4 0.682031 0.316372 0.134375 0.130531 0.858887
4 0.6875 0.330199 0.152344 0.0973451 0.0333252
4 0.633984 0.318584 0.0359375 0.039823 0.00784302
7 0.681641 0.316925 0.135156 0.130531 0.0064621
2 0.387891 0.213496 0.0507812 0.050885 0.00540543
4 0.642188 0.310841 0.222656 0.141593 0.00400543
4 0.648047 0.331858 0.0664062 0.0663717 0.00388527
4 0.665234 0.339602 0.102344 0.0862832 0.00369263
7 0.670313 0.363938 0.025 0.0420354 0.00300407
2 0.670313 0.363938 0.025 0.0420354 0.00279045
4 0.639844 0.326881 0.05 0.0564159 0.00276756
7 0.659375 0.362279 0.0484375 0.045354 0.00210762
7 0.648047 0.331858 0.0664062 0.0663717 0.00198746
7 0.665234 0.339602 0.102344 0.0862832 0.00190449
7 0.65 0.348451 0.0640625 0.0707965 0.00174141
2 0.388965 0.219027 0.0564453 0.0663717 0.00168705
4 0.65 0.348451 0.0640625 0.0707965 0.00168133
2 0.370313 0.232854 0.015625 0.0376106 0.00162315
0 0.670313 0.363938 0.025 0.0420354 0.0015974
4 0.661719 0.297566 0.096875 0.0929204 0.00147247
7 0.387891 0.213496 0.0507812 0.050885 0.00121117
4 0.659375 0.362279 0.0484375 0.045354 0.00112915
2 0.648047 0.331858 0.0664062 0.0663717 0.00109482
2 0.681641 0.316925 0.135156 0.130531 0.00109005
2 0.450391 0.202987 0.0273438 0.034292 0.00106049
2 0.870313 0.206858 0.0125 0.0586283 0.00105286
2 0.438281 0.205752 0.04375 0.050885 0.00104046
4 0.682031 0.316372 0.134375 0.130531 0.856934
4 0.687109 0.330752 0.152344 0.0995575 0.0362244
4 0.633984 0.318584 0.0359375 0.039823 0.00746155
7 0.681641 0.316925 0.135156 0.131637 0.00634003
4 0.644531 0.311394 0.216406 0.141593 0.00584412
2 0.388281 0.212942 0.05 0.0486726 0.00439835
4 0.662109 0.339602 0.0960938 0.0862832 0.0036068
4 0.647656 0.332965 0.0671875 0.0674779 0.00345612
7 0.670703 0.364491 0.025 0.0420354 0.00342941
2 0.670703 0.364491 0.025 0.0420354 0.00319672
4 0.640234 0.327434 0.0507812 0.0575221 0.00251198
7 0.659375 0.362832 0.0484375 0.0442478 0.00225258
7 0.662109 0.339602 0.0960938 0.0862832 0.00183868
7 0.647656 0.332965 0.0671875 0.0674779 0.00181007
7 0.649609 0.348451 0.0640625 0.0707965 0.00179577
2 0.370313 0.233407 0.0164063 0.0376106 0.00162315
4 0.649609 0.348451 0.0640625 0.0707965 0.00158501
0 0.670703 0.364491 0.025 0.0420354 0.00141621
4 0.663281 0.297566 0.0984375 0.0929204 0.00141048
2 0.389453 0.219027 0.0570313 0.0663717 0.00130463
4 0.659375 0.362832 0.0484375 0.0442478 0.00114727
7 0.388281 0.212942 0.05 0.0486726 0.00108147
2 0.451562 0.202434 0.025 0.0331858 0.00102425
4 0.682031 0.316925 0.134375 0.132743 0.85498
4 0.686719 0.332411 0.151562 0.10177 0.0354004
4 0.646484 0.311947 0.211719 0.143805 0.00952148
4 0.634375 0.318584 0.0359375 0.039823 0.00664139
7 0.681641 0.317478 0.135156 0.132743 0.00641251
2 0.388672 0.211283 0.0484375 0.0442478 0.00391388
7 0.670313 0.363938 0.0265625 0.0420354 0.00319672
4 0.660937 0.340155 0.09375 0.0873894 0.00311089
2 0.670313 0.363938 0.0265625 0.0420354 0.00305176
4 0.648047 0.334071 0.0671875 0.0707965 0.00264168
4 0.697656 1 0.604688 0 0.00230598
4 0.640625 0.32854 0.0515625 0.0597345 0.0020752
7 0.658594 0.361726 0.0507812 0.0475664 0.00196457
2 0.370508 0.233407 0.0160156 0.0376106 0.00185299
7 0.649219 0.345133 0.0640625 0.0785398 0.00174141
7 0.660937 0.340155 0.09375 0.0873894 0.0016613
4 0.666406 0.297566 0.104688 0.0929204 0.00128937
2 0.674219 0.362832 0.021875 0.0442478 0.00126457
2 0.451953 0.202434 0.0242188 0.0331858 0.00122547
4 0.555078 1 0.886719 0 0.00108147
7 0.388672 0.211283 0.0484375 0.0442478 0.00104046
2 0.389453 0.219027 0.0570313 0.0663717 0.00103664
4 0.682031 0.317478 0.134375 0.132743 0.856934
4 0.686719 0.332965 0.151562 0.10177 0.0381775
4 0.648047 0.311947 0.207813 0.143805 0.0103683
4 0.633984 0.318584 0.0367188 0.039823 0.00661469
7 0.681641 0.318031 0.135156 0.13385 0.00612259
2 0.389062 0.21073 0.0476562 0.0431416 0.00372124
2 0.669922 0.364491 0.0265625 0.0431416 0.00327301
7 0.669922 0.364491 0.0265625 0.0431416 0.00322342
4 0.660937 0.340708 0.09375 0.0884956 0.00307465
4 0.648438 0.335177 0.0671875 0.0707965 0.0024929
4 0.702734 1 0.594531 0 0.00234222
2 0.370508 0.233407 0.0160156 0.0365044 0.0019722
4 0.641016 0.329646 0.0523438 0.0597345 0.00196457
7 0.658203 0.361726 0.0523438 0.0486726 0.00188255
7 0.648828 0.34458 0.0648438 0.079646 0.0017004
7 0.660937 0.340708 0.09375 0.0884956 0.00157356
2 0.674219 0.363385 0.021875 0.0442478 0.0015192
4 0.667188 0.297013 0.107031 0.0929204 0.00128937
2 0.451953 0.202434 0.0234375 0.0331858 0.00127411
4 0.664062 0.381084 0.196875 0.264381 0.00116062
4 0.705078 0.313053 0.202344 0.139381 0.00103188
7 0.389062 0.21073 0.0476562 0.0431416 0.00102043
4 0.576563 1 0.846875 0 0.00102043
7 0.685156 0.339602 0.146875 0.0984513 0.00101185
4 0.682031 0.317478 0.134375 0.132743 0.862305
4 0.686719 0.332411 0.151562 0.10177 0.0417786
4 0.648438 0.311947 0.20625 0.143805 0.00967407
4 0.633984 0.318584 0.0367188 0.0387168 0.00712204
7 0.681641 0.318031 0.135156 0.13385 0.00582123
2 0.389062 0.21073 0.0476562 0.0431416 0.00392914
2 0.669922 0.364491 0.0273438 0.0431416 0.0037365
7 0.669922 0.364491 0.0273438 0.0431416 0.00337601
4 0.660937 0.340708 0.09375 0.0884956 0.00324821
4 0.648438 0.335177 0.0671875 0.0707965 0.00269318
2 0.370313 0.233407 0.0164063 0.0365044 0.00214958
4 0.641406 0.329646 0.053125 0.0597345 0.00214005
4 0.712109 1 0.575781 0 0.00200272
7 0.658203 0.361726 0.0523438 0.0486726 0.00191879
7 0.648828 0.345133 0.0648438 0.079646 0.00178909
2 0.674219 0.363385 0.021875 0.0442478 0.00174141
7 0.660937 0.340708 0.09375 0.0884956 0.00158501
4 0.666406 0.297013 0.10625 0.0929204 0.0014267
4 0.70625 0.313053 0.204688 0.137168 0.00134563
2 0.451953 0.202434 0.0234375 0.0331858 0.0012846
4 0.664844 0.380531 0.195312 0.264381 0.00117874
7 0.389062 0.21073 0.0476562 0.0431416 0.00107288
7 0.685547 0.339602 0.146875 0.0984513 0.00102425
2 0.389453 0.218473 0.0570313 0.0652655 0.00101662
4 0.672266 0.264381 0.157031 0.225664 0.00101662
4 0.682031 0.317478 0.134375 0.13385 0.865234
4 0.687109 0.332411 0.152344 0.10177 0.0446777
4 0.65 0.311947 0.204688 0.144911 0.0103683
4 0.634375 0.318584 0.0375 0.039823 0.00775528
7 0.681641 0.318031 0.135156 0.13385 0.00516129
2 0.389453 0.210177 0.046875 0.0420354 0.0041008
2 0.669531 0.363938 0.028125 0.0442478 0.00407028
4 0.659766 0.340708 0.0914062 0.0884956 0.00346947
7 0.669531 0.363938 0.028125 0.0442478 0.00341606
4 0.648438 0.335177 0.0671875 0.0707965 0.00292397
2 0.370508 0.233407 0.0160156 0.0365044 0.00243378
4 0.641406 0.329646 0.053125 0.0597345 0.00234985
4 0.712891 1 0.574219 0 0.00225258
2 0.673828 0.363385 0.021875 0.0442478 0.00198746
7 0.657813 0.361726 0.053125 0.0486726 0.00194168
7 0.648828 0.345133 0.0648438 0.079646 0.00182438
4 0.705469 0.313053 0.203125 0.139381 0.00181007
4 0.666406 0.297013 0.104688 0.0929204 0.00156689
7 0.659766 0.340708 0.0914062 0.0884956 0.00156116
4 0.774023 1 0.451953 0 0.00146675
2 0.452344 0.202434 0.0226563 0.0331858 0.00134563
4 0.664844 0.379425 0.195312 0.263274 0.00129414
4 0.671875 0.264381 0.157813 0.225664 0.00121117
7 0.389453 0.210177 0.046875 0.0420354 0.00112438
2 0.382422 0.222898 0.0414063 0.0564159 0.00108147
2 0.389453 0.218473 0.0570313 0.0652655 0.00104046
7 0.673828 0.363385 0.021875 0.0442478 0.00100803
4 0.682031 0.317478 0.134375 0.134956 0.872559
4 0.686719 0.332965 0.151562 0.10177 0.0453491
4 0.650781 0.311947 0.201563 0.146018 0.0108566
4 0.634375 0.318584 0.0375 0.039823 0.00754929
7 0.681641 0.318584 0.135156 0.134956 0.00534439
2 0.389844 0.210177 0.0460938 0.0420354 0.00432968
2 0.669531 0.363938 0.028125 0.0442478 0.00387001
4 0.660937 0.340708 0.09375 0.0884956 0.00329781
7 0.669531 0.363938 0.028125 0.0442478 0.00311089
2 0.370703 0.233407 0.0164063 0.0365044 0.00282288
4 0.648438 0.335177 0.0671875 0.0707965 0.00276756
4 0.710938 1 0.578125 0 0.00263214
4 0.641406 0.329646 0.053125 0.0608407 0.00222588
4 0.703906 0.313053 0.201563 0.139381 0.00221634
7 0.648438 0.344027 0.065625 0.0807522 0.00182438
4 0.770703 1 0.458594 0 0.00181007
7 0.657031 0.360619 0.0546875 0.050885 0.00179577
4 0.666406 0.297566 0.104688 0.0929204 0.00156116
7 0.660937 0.340708 0.09375 0.0884956 0.0014782
2 0.452344 0.202434 0.021875 0.0331858 0.00144386
4 0.665625 0.379425 0.19375 0.261062 0.00130939
4 0.671875 0.264381 0.157813 0.225664 0.00128937
7 0.389844 0.210177 0.0460938 0.0420354 0.00120163
2 0.380469 0.222345 0.0382813 0.0553097 0.00119209
4 0.588281 1 0.823438 0 0.00109863
2 0.438672 0.206858 0.0453125 0.050885 0.00103664
2 0.389453 0.218473 0.05625 0.0652655 0.00103188
4 0.682031 0.317478 0.134375 0.134956 0.877441
4 0.686719 0.332965 0.152344 0.10177 0.0450134
4 0.651172 0.311947 0.200781 0.144911 0.0107803
4 0.634375 0.318584 0.0375 0.039823 0.00760651
7 0.681641 0.318584 0.135156 0.134956 0.00518036
2 0.390723 0.210177 0.0451172 0.039823 0.00402451
2 0.669531 0.363938 0.028125 0.0442478 0.00385475
4 0.660547 0.340708 0.0929688 0.0884956 0.00328636
7 0.669531 0.363938 0.028125 0.0442478 0.003088
4 0.70625 1 0.5875 0 0.00300407
2 0.370703 0.233407 0.0164063 0.0353982 0.00294685
4 0.648438 0.335177 0.0671875 0.0707965 0.00279045
4 0.703125 0.313606 0.198437 0.138274 0.00253105
4 0.641406 0.329646 0.053125 0.0619469 0.00226021
4 0.76582 1 0.468359 0 0.00211525
7 0.648438 0.344027 0.065625 0.0807522 0.00182438
7 0.656641 0.360619 0.0554687 0.050885 0.00176811
4 0.665625 0.297566 0.104688 0.0929204 0.00161076
4 0.622363 1 0.755273 0 0.00156116
2 0.453125 0.202434 0.021875 0.0320796 0.00141621
7 0.660547 0.340708 0.0929688 0.0884956 0.00141621
4 0.671484 0.264381 0.158594 0.225664 0.00131989
4 0.666406 0.378319 0.190625 0.259956 0.00131512
4 0.748828 1 0.502344 0 0.00131512
2 0.378906 0.223451 0.0351562 0.0553097 0.0011692
7 0.390723 0.210177 0.0451172 0.039823 0.00115585
4 0.799219 1 0.401563 0 0.00114727
4 0.682031 0.317478 0.135156 0.134956 0.877441
4 0.686719 0.332965 0.153125 0.10177 0.0453491
4 0.651172 0.311947 0.200781 0.144911 0.0107803
4 0.634375 0.318584 0.0375 0.039823 0.00763702
7 0.681641 0.318584 0.135156 0.134956 0.00516129
2 0.390723 0.210177 0.0451172 0.039823 0.00397491
2 0.669141 0.363938 0.028125 0.0442478 0.00387001
4 0.660547 0.340708 0.0929688 0.0884956 0.00329781
7 0.669141 0.363938 0.028125 0.0442478 0.00311089
4 0.705859 1 0.588281 0 0.00299263
2 0.370703 0.233407 0.0164063 0.0353982 0.00291252
4 0.648438 0.335177 0.0671875 0.0707965 0.00279999
4 0.703125 0.313053 0.198437 0.139381 0.00253105
4 0.641406 0.330199 0.053125 0.0608407 0.00226974
4 0.765234 1 0.469531 0 0.00212479
7 0.648438 0.344027 0.065625 0.0807522 0.00183105
7 0.657031 0.360619 0.0546875 0.050885 0.00177479
4 0.666406 0.297566 0.104688 0.0929204 0.00160408
2 0.673438 0.362832 0.0234375 0.045354 0.0015974
4 0.621875 1 0.75625 0 0.00154877
7 0.660547 0.340708 0.0929688 0.0884956 0.0014267
2 0.453125 0.202434 0.021875 0.0320796 0.00139427
4 0.748438 1 0.503125 0 0.00133514
4 0.671875 0.264381 0.159375 0.225664 0.00132465
4 0.666406 0.378319 0.190625 0.259956 0.00130939
4 0.799219 1 0.401563 0 0.0011692
7 0.390723 0.210177 0.0451172 0.039823 0.00115585
2 0.378906 0.223451 0.0351562 0.0553097 0.00115585
