0 0.519141 0.587237 0.563281 0.802108 0.790527
40 0.589941 0.398126 0.435742 0.627635 0.466797
76 0.644531 0.544789 0.192188 0.298009 0.115967
44 0.589941 0.398126 0.435742 0.627635 0.0980835
40 0.537109 0.370609 0.325781 0.5726 0.0910645
0 0.590234 0.394028 0.441406 0.631148 0.047699
42 0.64375 0.5363 0.195312 0.325527 0.0462036
38 0.589844 0.396077 0.4375 0.629391 0.0456848
40 0.491797 0.303864 0.249219 0.43267 0.0323486
44 0.644531 0.544789 0.192188 0.298009 0.0245209
39 0.591406 0.398126 0.434375 0.629977 0.0121002
76 0.590625 0.388759 0.439063 0.622951 0.00881195
42 0.667188 0.560304 0.145313 0.276347 0.00874329
0 0.720313 0.572892 0.178125 0.246487 0.00769424
43 0.632031 0.540398 0.160938 0.291569 0.00703812
34 0.591406 0.398126 0.434375 0.629977 0.00629044
36 0.590625 0.388759 0.439063 0.622951 0.00593567
67 0.64375 0.5363 0.195312 0.325527 0.00510025
40 0.683203 0.593091 0.115625 0.220141 0.00508118
44 0.537109 0.370609 0.325781 0.5726 0.00492477
40 0.48125 0.260831 0.214844 0.353044 0.00395966
40 0.64375 0.5363 0.195312 0.325527 0.00338936
42 0.660937 0.583724 0.0890625 0.175644 0.0030632
0 0.537109 0.370609 0.325781 0.5726 0.00301552
40 0.667188 0.560304 0.145313 0.276347 0.00277901
76 0.623047 0.510539 0.148438 0.242389 0.00274658
38 0.533594 0.391028 0.279687 0.399444 0.00259018
79 0.632031 0.540398 0.160938 0.291569 0.00259018
38 0.540625 0.456089 0.265625 0.284543 0.00225258
38 0.644531 0.544789 0.192188 0.298009 0.00225258
42 0.591406 0.398126 0.434375 0.629977 0.00209045
38 0.534473 0.383197 0.32168 0.598946 0.0020504
65 0.694531 0.60363 0.1125 0.145199 0.00196457
26 0.624219 0.538056 0.220313 0.303279 0.00194168
65 0.715625 0.605386 0.157813 0.144028 0.00188923
42 0.623047 0.510539 0.148438 0.242389 0.00186062
42 0.68125 0.578454 0.116406 0.245902 0.00173378
23 0.588184 0.396077 0.433008 0.620023 0.00173378
0 0.392871 0.603191 0.298633 0.763173 0.00169373
44 0.667188 0.560304 0.145313 0.276347 0.00161076
67 0.667188 0.560304 0.145313 0.276347 0.00143814
76 0.660937 0.583724 0.0890625 0.175644 0.00142097
51 0.589941 0.398126 0.435742 0.627635 0.00136662
43 0.612891 0.506148 0.188281 0.265222 0.00136185
42 0.707031 0.576698 0.170313 0.247073 0.00127888
67 0.660937 0.583724 0.0890625 0.175644 0.00124454
78 0.590625 0.388759 0.439063 0.622951 0.00121593
26 0.612891 0.506148 0.188281 0.265222 0.0012064
39 0.48125 0.260831 0.214844 0.353044 0.00117874
44 0.623047 0.510539 0.148438 0.242389 0.00113392
14 0.591406 0.398126 0.434375 0.629977 0.0011158
54 0.696875 0.608314 0.1125 0.148712 0.00110722
39 0.690625 0.612412 0.129688 0.18267 0.00108147
1 0.590625 0.388759 0.439063 0.622951 0.00106907
76 0.667188 0.560304 0.145313 0.276347 0.00106049
0 0.481641 0.272248 0.217969 0.37822 0.00104427
41 0.690625 0.612412 0.129688 0.18267 0.00103188
0 0.517188 0.589139 0.560938 0.800644 0.794434
40 0.589844 0.398712 0.435937 0.627635 0.616699
44 0.591016 0.398419 0.433594 0.631733 0.112793
76 0.64375 0.543911 0.190625 0.298595 0.112
42 0.642969 0.535714 0.195312 0.326698 0.0614319
38 0.589844 0.395785 0.4375 0.629977 0.0614319
40 0.487109 0.293911 0.241406 0.411007 0.0396423
0 0.589844 0.393735 0.442188 0.631733 0.0381775
44 0.64375 0.543911 0.190625 0.298595 0.0282135
40 0.512109 0.336724 0.289062 0.503366 0.0137939
39 0.591016 0.398419 0.433594 0.631733 0.012825
76 0.591016 0.398419 0.433594 0.631733 0.011467
42 0.671484 0.560304 0.135156 0.276347 0.0112915
43 0.631641 0.539227 0.160156 0.289227 0.00844574
0 0.719922 0.572892 0.178906 0.246487 0.00787354
67 0.642969 0.535714 0.195312 0.326698 0.00666809
34 0.591016 0.398419 0.433594 0.631733 0.00666809
36 0.590527 0.388759 0.439258 0.624122 0.00542831
40 0.642969 0.535714 0.195312 0.326698 0.00468063
40 0.682813 0.591481 0.115625 0.224532 0.00460815
42 0.660937 0.581821 0.0890625 0.173595 0.00338936
76 0.622656 0.507611 0.146094 0.237705 0.00332451
79 0.631641 0.539227 0.160156 0.289227 0.00311089
40 0.671484 0.560304 0.135156 0.276347 0.00302696
38 0.540625 0.45404 0.266406 0.288642 0.00284576
42 0.591016 0.398419 0.433594 0.631733 0.00279999
38 0.534375 0.382026 0.278125 0.416276 0.00269318
42 0.622656 0.507611 0.146094 0.237705 0.00265312
38 0.64375 0.543911 0.190625 0.298595 0.00228691
0 0.53916 0.374049 0.331055 0.580943 0.00213242
26 0.624609 0.536885 0.217969 0.303279 0.00201035
44 0.671484 0.560304 0.135156 0.276347 0.00200272
23 0.5875 0.396077 0.432813 0.621194 0.0018034
38 0.53916 0.374049 0.331055 0.580943 0.00175476
0 0.394141 0.603044 0.299219 0.765808 0.0017271
65 0.694531 0.60363 0.110937 0.14637 0.00172043
67 0.671484 0.560304 0.135156 0.276347 0.00162315
43 0.613672 0.503513 0.183594 0.259953 0.00158501
39 0.481152 0.260831 0.214258 0.35363 0.00156116
42 0.700391 0.577869 0.157031 0.245902 0.00154877
65 0.714063 0.605386 0.15625 0.144028 0.00153637
44 0.622656 0.507611 0.146094 0.237705 0.00153637
76 0.660937 0.581821 0.0890625 0.173595 0.00146675
51 0.589844 0.398712 0.435937 0.627635 0.00136662
67 0.660937 0.581821 0.0890625 0.173595 0.00136185
14 0.591016 0.398419 0.433594 0.631733 0.00134563
1 0.591016 0.398419 0.433594 0.631733 0.00126934
26 0.613672 0.503513 0.183594 0.259953 0.00123501
78 0.590527 0.388759 0.439258 0.624122 0.0012064
0 0.574609 0.523419 0.467969 0.885246 0.00109005
76 0.671484 0.560304 0.135156 0.276347 0.00107765
67 0.58916 0.393443 0.437305 0.626464 0.00105667
3 0.590527 0.388759 0.439258 0.624122 0.00104809
54 0.696875 0.607582 0.111719 0.147834 0.00103188
39 0.688281 0.608899 0.125 0.190867 0.00103188
0 0.674219 0.556206 0.270313 0.271663 0.00102425
41 0.688281 0.608899 0.125 0.190867 0.00101662
35 0.719922 0.572892 0.178906 0.246487 0.00100803
0 0.481641 0.273126 0.217969 0.381148 0.00100422
67 0.700391 0.577869 0.157031 0.245902 0.00100422
0 0.512109 0.601874 0.544531 0.786885 0.797363
40 0.589844 0.398712 0.435937 0.628806 0.73877
44 0.591406 0.398126 0.434375 0.632318 0.129395
76 0.643359 0.54274 0.192969 0.300937 0.101562
38 0.591406 0.398126 0.434375 0.632318 0.0708008
42 0.642969 0.535714 0.195312 0.327869 0.0574951
40 0.484766 0.291276 0.2375 0.401639 0.0430298
0 0.589746 0.394028 0.442383 0.631148 0.0284424
44 0.643359 0.54274 0.192969 0.300937 0.0257568
39 0.591406 0.398126 0.434375 0.632318 0.0136337
76 0.591406 0.398126 0.434375 0.632318 0.0121918
42 0.673438 0.560012 0.13125 0.278103 0.0102463
40 0.51084 0.337529 0.287695 0.501756 0.00930023
43 0.632812 0.538349 0.164062 0.289813 0.00847626
67 0.642969 0.535714 0.195312 0.327869 0.00812531
0 0.719922 0.573185 0.178906 0.247073 0.00800323
34 0.591406 0.398126 0.434375 0.632318 0.0055542
36 0.590234 0.389344 0.439844 0.625293 0.00492477
40 0.642969 0.535714 0.195312 0.327869 0.0046463
40 0.683594 0.592506 0.117188 0.222482 0.00382423
42 0.591406 0.398126 0.434375 0.632318 0.00342941
76 0.623438 0.508782 0.15 0.242389 0.00329781
42 0.660937 0.581967 0.090625 0.173302 0.00318527
38 0.540625 0.454625 0.267188 0.287471 0.00298119
79 0.632812 0.538349 0.164062 0.289813 0.00293541
38 0.534766 0.384075 0.277344 0.412178 0.0026722
40 0.673438 0.560012 0.13125 0.278103 0.0026722
42 0.623438 0.508782 0.15 0.242389 0.00265312
38 0.643359 0.54274 0.192969 0.300937 0.00235939
26 0.624219 0.5363 0.221875 0.30445 0.00222588
23 0.586816 0.396077 0.432617 0.622365 0.00206757
39 0.480859 0.260831 0.214844 0.354215 0.00186729
44 0.673438 0.560012 0.13125 0.278103 0.00182438
67 0.673438 0.560012 0.13125 0.278103 0.00179577
14 0.591406 0.398126 0.434375 0.632318 0.00163555
65 0.694141 0.60363 0.111719 0.145199 0.00162888
44 0.623438 0.508782 0.15 0.242389 0.00156689
67 0.589063 0.393443 0.4375 0.626464 0.00156689
43 0.6125 0.505269 0.189063 0.263466 0.00156116
67 0.660937 0.581967 0.090625 0.173302 0.00154305
56 0.591406 0.398126 0.434375 0.632318 0.00154305
65 0.713672 0.60524 0.157031 0.14315 0.00146675
76 0.660937 0.581967 0.090625 0.173302 0.00142097
1 0.591406 0.398126 0.434375 0.632318 0.00141048
0 0.394434 0.601874 0.300195 0.76815 0.00139904
42 0.695312 0.57904 0.146875 0.24356 0.00137806
51 0.591406 0.398126 0.434375 0.632318 0.00131512
26 0.6125 0.505269 0.189063 0.263466 0.0012598
78 0.589063 0.393443 0.4375 0.626464 0.0012064
41 0.590234 0.389344 0.439844 0.625293 0.0011158
67 0.695312 0.57904 0.146875 0.24356 0.00111198
0 0.673438 0.555621 0.271875 0.271663 0.00109482
3 0.590234 0.389344 0.439844 0.625293 0.00109482
40 0.589453 0.398712 0.435156 0.629977 0.858887
0 0.514746 0.601874 0.550195 0.786885 0.806152
44 0.591406 0.398126 0.434375 0.632318 0.144165
76 0.642969 0.540691 0.195312 0.305035 0.0844727
38 0.591406 0.398126 0.434375 0.632318 0.0680542
40 0.480469 0.277225 0.21875 0.376464 0.0526123
42 0.642969 0.534836 0.196094 0.329625 0.0514526
44 0.642969 0.540691 0.195312 0.305035 0.024231
0 0.589453 0.394028 0.442969 0.632318 0.0151901
39 0.591406 0.398126 0.434375 0.632318 0.0142288
76 0.591406 0.398126 0.434375 0.632318 0.0106506
42 0.673438 0.555913 0.13125 0.2863 0.00937653
67 0.642969 0.534836 0.196094 0.329625 0.00894928
43 0.633594 0.537471 0.167187 0.29274 0.00787354
0 0.719531 0.573185 0.178125 0.248244 0.00701141
40 0.509473 0.337749 0.285742 0.497804 0.00547028
36 0.588184 0.395785 0.44082 0.632318 0.00518036
40 0.642969 0.534836 0.196094 0.329625 0.0045929
42 0.591406 0.398126 0.434375 0.632318 0.00424957
40 0.683594 0.59353 0.117188 0.220433 0.00346947
34 0.591406 0.398126 0.434375 0.632318 0.00335121
76 0.623438 0.50966 0.157031 0.25 0.00329781
42 0.660937 0.581967 0.090625 0.172131 0.00281143
38 0.541406 0.454918 0.267188 0.286885 0.00275803
79 0.633594 0.537471 0.167187 0.29274 0.00275803
42 0.623438 0.50966 0.157031 0.25 0.00274658
26 0.621875 0.537763 0.20625 0.301522 0.00254059
67 0.588184 0.395785 0.44082 0.632318 0.00248146
23 0.585547 0.39637 0.430469 0.624122 0.00236893
40 0.673438 0.555913 0.13125 0.2863 0.00232315
38 0.535937 0.390515 0.276563 0.399297 0.00227928
38 0.642969 0.540691 0.195312 0.305035 0.00212479
56 0.591406 0.398126 0.434375 0.632318 0.00211525
41 0.588184 0.395785 0.44082 0.632318 0.00206757
39 0.480859 0.260685 0.214844 0.354508 0.00191212
67 0.673438 0.555913 0.13125 0.2863 0.00186062
44 0.673438 0.555913 0.13125 0.2863 0.00177479
44 0.623438 0.50966 0.157031 0.25 0.0016613
65 0.697266 0.607875 0.111719 0.144906 0.00163555
67 0.660937 0.581967 0.090625 0.172131 0.00159168
43 0.610938 0.507026 0.196875 0.270492 0.0015192
14 0.591406 0.398126 0.434375 0.632318 0.00151253
40 0.571875 0.543325 0.423438 0.850117 0.00148964
65 0.713281 0.605386 0.159375 0.141686 0.00145531
42 0.688281 0.580796 0.13125 0.240047 0.00138855
67 0.688281 0.580796 0.13125 0.240047 0.00127411
54 0.480859 0.260685 0.214844 0.354508 0.00124454
1 0.591406 0.398126 0.434375 0.632318 0.00124454
76 0.660937 0.581967 0.090625 0.172131 0.00120163
78 0.588672 0.39315 0.436719 0.627049 0.00119686
3 0.589746 0.389637 0.44082 0.625878 0.00113392
51 0.591406 0.398126 0.434375 0.632318 0.00112438
75 0.591406 0.398126 0.434375 0.632318 0.00109863
43 0.588184 0.395785 0.44082 0.632318 0.00109863
45 0.591406 0.398126 0.434375 0.632318 0.00107288
0 0.671094 0.554742 0.276563 0.272248 0.00102043
0 0.39541 0.601727 0.301367 0.770784 0.00100803
40 0.588672 0.399883 0.433594 0.631148 0.919434
0 0.516797 0.601874 0.557031 0.789227 0.818359
44 0.591016 0.398712 0.433594 0.632318 0.169922
76 0.641406 0.538056 0.198437 0.311475 0.0710449
40 0.480469 0.276932 0.217969 0.374707 0.0705566
38 0.591016 0.398712 0.433594 0.632318 0.064209
42 0.642188 0.533372 0.196875 0.331382 0.0432129
44 0.641406 0.538056 0.198437 0.311475 0.0262604
39 0.591016 0.398712 0.433594 0.632318 0.0112915
76 0.591016 0.398712 0.433594 0.632318 0.00815582
42 0.675 0.553279 0.128125 0.290398 0.0078125
0 0.589063 0.394321 0.44375 0.632904 0.00763702
67 0.642188 0.533372 0.196875 0.331382 0.00634003
43 0.633984 0.535714 0.171094 0.297424 0.00616837
0 0.719922 0.5726 0.177344 0.247073 0.00575256
42 0.591016 0.398712 0.433594 0.632318 0.0051384
40 0.520703 0.346677 0.294531 0.512734 0.00508118
40 0.642188 0.533372 0.196875 0.331382 0.00492477
36 0.587891 0.395492 0.441406 0.631733 0.00471878
67 0.587891 0.395492 0.441406 0.631733 0.00325966
41 0.587891 0.395492 0.441406 0.631733 0.00317192
40 0.683594 0.593677 0.117188 0.220141 0.00300407
76 0.622266 0.509953 0.167187 0.263466 0.00288963
42 0.622266 0.509953 0.167187 0.263466 0.00275803
34 0.587891 0.395492 0.441406 0.631733 0.0027256
79 0.633984 0.535714 0.171094 0.297424 0.00247192
42 0.660937 0.582114 0.090625 0.173009 0.00245285
56 0.591016 0.398712 0.433594 0.632318 0.00236893
23 0.583984 0.396663 0.427344 0.624707 0.00235939
38 0.541797 0.452576 0.26875 0.291569 0.00234222
40 0.571973 0.53103 0.420117 0.827869 0.00232315
26 0.61875 0.535129 0.215625 0.309133 0.00223351
39 0.481152 0.260831 0.214258 0.355386 0.00214005
40 0.675 0.553279 0.128125 0.290398 0.00210762
38 0.641406 0.538056 0.198437 0.311475 0.00201988
44 0.675 0.553279 0.128125 0.290398 0.00187492
44 0.622266 0.509953 0.167187 0.263466 0.00186062
45 0.591016 0.398712 0.433594 0.632318 0.00184631
38 0.535937 0.388246 0.276563 0.403835 0.00183868
14 0.591016 0.398712 0.433594 0.632318 0.00167465
65 0.697656 0.608314 0.1125 0.144028 0.00149536
43 0.609375 0.50644 0.203906 0.283372 0.00136662
43 0.587891 0.395492 0.441406 0.631733 0.00134087
42 0.686719 0.580211 0.128125 0.241218 0.00133514
75 0.591016 0.398712 0.433594 0.632318 0.00133514
67 0.675 0.553279 0.128125 0.290398 0.00129986
67 0.660937 0.582114 0.090625 0.173009 0.00129414
65 0.713672 0.605386 0.160156 0.140515 0.00121593
78 0.587891 0.395492 0.441406 0.631733 0.00114727
45 0.483594 0.408665 0.14375 0.088993 0.0011158
1 0.589063 0.38993 0.442188 0.627635 0.00107288
40 0.540625 0.417155 0.276563 0.367096 0.00104809
76 0.660937 0.582114 0.090625 0.173009 0.00104046
54 0.481152 0.260831 0.214258 0.355386 0.00103188
40 0.582031 0.399297 0.420312 0.629977 0.958008
0 0.521094 0.60202 0.570312 0.788934 0.820312
44 0.585938 0.398712 0.423438 0.631148 0.195557
40 0.480859 0.276639 0.216406 0.372951 0.0933228
76 0.639063 0.533958 0.204688 0.320843 0.0558167
38 0.585938 0.398712 0.423438 0.631148 0.0448608
42 0.641797 0.531616 0.199219 0.334895 0.0281067
44 0.639063 0.533958 0.204688 0.320843 0.0253754
39 0.584766 0.395785 0.435156 0.627635 0.0110321
67 0.584766 0.395785 0.435156 0.627635 0.0068512
41 0.584766 0.395785 0.435156 0.627635 0.00658798
76 0.587109 0.390808 0.441406 0.625878 0.00651169
42 0.675391 0.550059 0.128125 0.296838 0.00582123
42 0.585938 0.398712 0.423438 0.631148 0.00579834
40 0.522266 0.348946 0.292969 0.512881 0.00547028
0 0.719922 0.573185 0.177344 0.247073 0.00524139
67 0.639844 0.533372 0.203125 0.325527 0.00486755
40 0.639844 0.533372 0.203125 0.325527 0.00438309
45 0.584766 0.395785 0.435156 0.627635 0.00436401
43 0.633594 0.532787 0.179688 0.305621 0.00428009
36 0.584766 0.395785 0.435156 0.627635 0.00383949
0 0.587891 0.394614 0.442969 0.631148 0.00323486
76 0.610156 0.513759 0.201563 0.289813 0.0030632
40 0.683594 0.594262 0.116406 0.21897 0.00274658
42 0.610156 0.513759 0.201563 0.289813 0.00273705
43 0.610156 0.513759 0.201563 0.289813 0.00234222
42 0.660937 0.583284 0.090625 0.175351 0.00227928
44 0.610156 0.513759 0.201563 0.289813 0.00226974
39 0.481348 0.261124 0.213867 0.355972 0.00223351
79 0.633594 0.532787 0.179688 0.305621 0.00222588
23 0.578125 0.397248 0.415625 0.623536 0.00213242
26 0.611719 0.530152 0.234375 0.32377 0.00194931
34 0.584766 0.395785 0.435156 0.627635 0.00190449
44 0.675391 0.550059 0.128125 0.296838 0.00185299
40 0.675391 0.550059 0.128125 0.296838 0.00181007
14 0.584766 0.395785 0.435156 0.627635 0.00176144
79 0.610156 0.513759 0.201563 0.289813 0.00174141
43 0.584766 0.395785 0.435156 0.627635 0.0017271
56 0.585938 0.398712 0.423438 0.631148 0.00157356
75 0.584766 0.395785 0.435156 0.627635 0.00155449
45 0.482812 0.409251 0.14375 0.0901639 0.00138855
38 0.542578 0.451405 0.271094 0.297424 0.00137234
78 0.584766 0.395785 0.435156 0.627635 0.00134563
38 0.639063 0.533958 0.204688 0.320843 0.00134087
65 0.698828 0.608314 0.114844 0.142857 0.00129414
42 0.685156 0.581382 0.123438 0.238876 0.00126934
40 0.542188 0.41774 0.276563 0.365925 0.00123024
67 0.675391 0.550059 0.128125 0.296838 0.00104046
67 0.660937 0.583284 0.090625 0.175351 0.00103664
40 0.574902 0.399297 0.406445 0.628806 0.968262
0 0.522656 0.602459 0.576563 0.788056 0.813965
44 0.578125 0.398712 0.409375 0.627635 0.185913
40 0.481934 0.270785 0.21582 0.378806 0.0894775
76 0.6375 0.532494 0.208594 0.324941 0.0484924
38 0.578125 0.398712 0.409375 0.627635 0.0370483
42 0.626563 0.526347 0.234375 0.334895 0.0244293
44 0.6375 0.532494 0.208594 0.324941 0.0241394
39 0.577344 0.396077 0.421875 0.623536 0.0115967
41 0.577344 0.396077 0.421875 0.623536 0.00831604
67 0.577344 0.396077 0.421875 0.623536 0.00754929
45 0.577344 0.396077 0.421875 0.623536 0.00614548
42 0.578125 0.398712 0.409375 0.627635 0.00579834
0 0.719922 0.57377 0.177344 0.247073 0.00486755
40 0.521875 0.350117 0.292188 0.510539 0.0046463
76 0.583691 0.391686 0.438867 0.622951 0.00443268
42 0.675 0.548595 0.129688 0.297424 0.00438309
40 0.638672 0.532201 0.207031 0.327869 0.00407028
67 0.626563 0.526347 0.234375 0.334895 0.00395966
43 0.632031 0.531323 0.184375 0.309719 0.00349617
76 0.596875 0.514637 0.23125 0.303279 0.00331116
36 0.577344 0.396077 0.421875 0.623536 0.00288963
44 0.596875 0.514637 0.23125 0.303279 0.00284576
40 0.684375 0.596019 0.117188 0.215457 0.00247192
43 0.596875 0.514637 0.23125 0.303279 0.00222588
39 0.48125 0.261417 0.213281 0.355972 0.00219917
79 0.632031 0.531323 0.184375 0.309719 0.0020752
23 0.572656 0.396955 0.40625 0.62178 0.0020504
42 0.660937 0.582992 0.090625 0.175937 0.00201988
0 0.583691 0.391686 0.438867 0.622951 0.00189686
79 0.596875 0.514637 0.23125 0.303279 0.00182438
75 0.577344 0.396077 0.421875 0.623536 0.00162888
26 0.606641 0.527225 0.246094 0.329625 0.00157928
44 0.675 0.548595 0.129688 0.297424 0.00156116
43 0.577344 0.396077 0.421875 0.623536 0.00150108
14 0.577344 0.396077 0.421875 0.623536 0.00148964
40 0.675 0.548595 0.129688 0.297424 0.00147247
34 0.577344 0.396077 0.421875 0.623536 0.00138283
45 0.482812 0.408958 0.14375 0.0901639 0.00132465
65 0.7 0.608314 0.117188 0.141686 0.00124931
40 0.542578 0.421838 0.277344 0.358899 0.00123501
42 0.685156 0.582114 0.123438 0.236241 0.00119686
78 0.577344 0.396077 0.421875 0.623536 0.00118351
38 0.6375 0.532494 0.208594 0.324941 0.00112057
40 0.569922 0.501171 0.477344 0.426229 0.00100422
40 0.572656 0.39959 0.401563 0.627049 0.973633
0 0.523438 0.602459 0.579688 0.785714 0.810059
44 0.575 0.399297 0.403125 0.625293 0.171021
40 0.481641 0.270785 0.216406 0.37822 0.0607605
76 0.636719 0.53103 0.210938 0.327869 0.0450134
38 0.575 0.399297 0.403125 0.625293 0.0435181
44 0.636719 0.53103 0.210938 0.327869 0.0227203
42 0.625391 0.524005 0.238281 0.340749 0.0191193
39 0.572559 0.398126 0.414258 0.618267 0.0100937
41 0.572559 0.398126 0.414258 0.618267 0.00787354
45 0.572559 0.398126 0.414258 0.618267 0.00674438
67 0.572559 0.398126 0.414258 0.618267 0.00656509
42 0.575 0.399297 0.403125 0.625293 0.00510025
0 0.719922 0.574063 0.177344 0.247658 0.00405502
42 0.676172 0.548009 0.128125 0.296253 0.00370789
76 0.572559 0.398126 0.414258 0.618267 0.00352478
40 0.638281 0.531323 0.209375 0.329625 0.00309944
67 0.638281 0.531323 0.209375 0.329625 0.00279999
76 0.589063 0.513173 0.246875 0.308548 0.00279045
36 0.572559 0.398126 0.414258 0.618267 0.00268364
40 0.521875 0.350629 0.292188 0.509514 0.00266266
42 0.589063 0.513173 0.246875 0.308548 0.00264168
44 0.589063 0.513173 0.246875 0.308548 0.00260162
43 0.632031 0.529274 0.186719 0.312646 0.00229645
39 0.480859 0.26171 0.214062 0.355972 0.00209045
23 0.570312 0.396955 0.402344 0.619438 0.00191212
42 0.660937 0.582992 0.090625 0.178279 0.00185299
79 0.632031 0.529274 0.186719 0.312646 0.00181007
40 0.685156 0.596019 0.11875 0.215457 0.00178242
79 0.589063 0.513173 0.246875 0.308548 0.0016489
40 0.566797 0.490632 0.485156 0.449649 0.0015974
0 0.580566 0.39315 0.43418 0.620023 0.00159168
43 0.604688 0.525176 0.253125 0.334895 0.0014782
75 0.572559 0.398126 0.414258 0.618267 0.00141048
14 0.572559 0.398126 0.414258 0.618267 0.00133514
44 0.676172 0.548009 0.128125 0.296253 0.00129986
34 0.572559 0.398126 0.414258 0.618267 0.00126457
56 0.161035 0.664081 0.304102 0.641393 0.00113773
42 0.686719 0.580796 0.126563 0.238876 0.00112438
43 0.572559 0.398126 0.414258 0.618267 0.00112438
38 0.542969 0.451405 0.273438 0.302108 0.00110722
38 0.636719 0.53103 0.210938 0.327869 0.00108147
26 0.621094 0.524005 0.24375 0.334895 0.00105667
29 0.572559 0.398126 0.414258 0.618267 0.00104046
40 0.676172 0.548009 0.128125 0.296253 0.00103188
42 0.653125 0.53308 0.21875 0.301522 0.00101662
65 0.701172 0.608314 0.120313 0.144028 0.00100422
40 0.569629 0.398712 0.395117 0.624122 0.977051
0 0.523438 0.603044 0.578125 0.786885 0.806641
44 0.570215 0.398712 0.393945 0.624122 0.162354
38 0.570215 0.398712 0.393945 0.624122 0.0474243
76 0.639063 0.528103 0.204688 0.334895 0.0405273
40 0.481641 0.27137 0.216406 0.379977 0.0347595
44 0.639063 0.528103 0.204688 0.334895 0.0176392
42 0.625781 0.517564 0.2375 0.35363 0.0123825
39 0.566406 0.397834 0.401563 0.61534 0.00955963
41 0.566406 0.397834 0.401563 0.61534 0.00772476
67 0.566406 0.397834 0.401563 0.61534 0.00643921
45 0.566406 0.397834 0.401563 0.61534 0.0053215
42 0.570215 0.398712 0.393945 0.624122 0.00455475
42 0.653516 0.538642 0.177344 0.306792 0.00416565
0 0.581641 0.418033 0.455469 0.608899 0.00344276
42 0.678906 0.54918 0.123438 0.295082 0.00333786
76 0.566406 0.397834 0.401563 0.61534 0.00328636
0 0.720313 0.574063 0.176563 0.247658 0.003088
36 0.566406 0.397834 0.401563 0.61534 0.00305176
40 0.558984 0.496487 0.500781 0.441452 0.0024147
79 0.633203 0.524297 0.183594 0.321429 0.00214958
44 0.59375 0.510539 0.2375 0.318501 0.00213242
76 0.59375 0.510539 0.2375 0.318501 0.00209999
0 0.558984 0.496487 0.500781 0.441452 0.00205803
42 0.59375 0.510539 0.2375 0.318501 0.00202751
79 0.59375 0.510539 0.2375 0.318501 0.00192642
67 0.639844 0.528981 0.20625 0.334309 0.00191879
39 0.480859 0.262295 0.213281 0.355972 0.00183868
43 0.633203 0.524297 0.183594 0.321429 0.00155449
23 0.56709 0.397248 0.395508 0.617681 0.00152493
40 0.639844 0.528981 0.20625 0.334309 0.00138855
35 0.720313 0.574063 0.176563 0.247658 0.0012846
56 0.160156 0.663934 0.303125 0.641686 0.00123501
42 0.661328 0.583724 0.0914062 0.181499 0.00117874
34 0.566406 0.397834 0.401563 0.61534 0.00117397
40 0.685156 0.594994 0.11875 0.217506 0.00113392
40 0.516016 0.34397 0.304688 0.499415 0.00109863
38 0.639063 0.528103 0.204688 0.334895 0.00106907
57 0.160156 0.663934 0.303125 0.641686 0.00105667
44 0.678906 0.54918 0.123438 0.295082 0.00100803
40 0.569629 0.397834 0.391992 0.624707 0.980469
0 0.524219 0.603191 0.575 0.786592 0.817383
44 0.569531 0.398126 0.390625 0.625293 0.140381
76 0.639844 0.526932 0.203125 0.339578 0.0370483
40 0.482031 0.270931 0.214844 0.379684 0.0335999
38 0.569531 0.398126 0.390625 0.625293 0.024231
44 0.639844 0.526932 0.203125 0.339578 0.0183411
42 0.639844 0.528103 0.204688 0.338407 0.0132217
39 0.564941 0.39637 0.39668 0.618267 0.012291
41 0.564941 0.39637 0.39668 0.618267 0.00898743
67 0.564941 0.39637 0.39668 0.618267 0.00653839
76 0.602344 0.515222 0.253125 0.35363 0.00598145
42 0.678516 0.549766 0.123438 0.295082 0.00503922
0 0.585156 0.416276 0.448438 0.614754 0.00477219
45 0.564941 0.39637 0.39668 0.618267 0.00468063
0 0.720313 0.574356 0.176563 0.248244 0.00369263
42 0.602344 0.515222 0.253125 0.35363 0.00365067
40 0.572559 0.512881 0.473633 0.407494 0.00365067
42 0.569531 0.398126 0.390625 0.625293 0.00349617
76 0.564941 0.39637 0.39668 0.618267 0.00283432
36 0.564941 0.39637 0.39668 0.618267 0.00270462
0 0.572559 0.512881 0.473633 0.407494 0.00261116
44 0.602344 0.515222 0.253125 0.35363 0.00236893
79 0.639844 0.526932 0.203125 0.339578 0.00224304
56 0.161133 0.663788 0.306641 0.641979 0.00182438
67 0.639844 0.528103 0.204688 0.338407 0.0018034
79 0.585547 0.509368 0.253125 0.326698 0.00179577
43 0.632031 0.521663 0.182812 0.325527 0.00178242
44 0.678516 0.549766 0.123438 0.295082 0.00172043
42 0.688281 0.579625 0.129688 0.242389 0.00172043
39 0.481152 0.262734 0.212695 0.357436 0.00165462
23 0.566797 0.396663 0.39375 0.618852 0.00151253
35 0.720313 0.574356 0.176563 0.248244 0.00126457
40 0.683594 0.592506 0.117188 0.221311 0.00123501
16 0.576563 0.39637 0.41875 0.625293 0.0011692
0 0.728906 0.546546 0.157813 0.194965 0.00114727
57 0.161133 0.663788 0.306641 0.641979 0.0011425
42 0.661328 0.583284 0.0921875 0.182377 0.00112057
0 0.505566 0.569965 0.60293 0.289813 0.00110722
43 0.585547 0.509368 0.253125 0.326698 0.00106525
40 0.639844 0.528103 0.204688 0.338407 0.00102806
75 0.571484 0.392857 0.411719 0.620609 0.00100803
29 0.564941 0.39637 0.39668 0.618267 0.00100803
40 0.567187 0.397541 0.3875 0.624122 0.977539
0 0.525391 0.602459 0.575781 0.785714 0.816895
44 0.567187 0.396955 0.385938 0.626464 0.126831
76 0.641406 0.526932 0.2 0.34192 0.0343628
40 0.48125 0.262588 0.2125 0.357728 0.0244293
44 0.641406 0.526932 0.2 0.34192 0.0176392
38 0.566797 0.392272 0.402344 0.622951 0.0163422
42 0.640625 0.52781 0.203125 0.340164 0.0146179
39 0.561328 0.396077 0.389844 0.620023 0.0135345
41 0.561328 0.396077 0.389844 0.620023 0.00891876
0 0.58584 0.41774 0.44707 0.618852 0.00731659
67 0.561328 0.396077 0.389844 0.620023 0.00674438
42 0.678125 0.551229 0.123438 0.294496 0.006073
76 0.600781 0.515222 0.254688 0.354801 0.00530243
40 0.576563 0.533958 0.465625 0.367681 0.00405502
45 0.561328 0.396077 0.389844 0.620023 0.00403976
0 0.720313 0.574063 0.176563 0.248829 0.00370789
0 0.576563 0.533958 0.465625 0.367681 0.0036068
42 0.600781 0.515222 0.254688 0.354801 0.00337601
42 0.567187 0.396955 0.385938 0.626464 0.00283432
79 0.641406 0.526932 0.2 0.34192 0.00270462
56 0.161523 0.66452 0.308203 0.642857 0.0024929
44 0.583984 0.509368 0.255469 0.32904 0.00227928
76 0.561328 0.396077 0.389844 0.620023 0.00226974
79 0.583984 0.509368 0.255469 0.32904 0.00204277
44 0.678125 0.551229 0.123438 0.294496 0.00186062
36 0.561328 0.396077 0.389844 0.620023 0.00183868
43 0.632031 0.521077 0.179688 0.326698 0.00169373
67 0.640625 0.52781 0.203125 0.340164 0.00169373
35 0.720313 0.574063 0.176563 0.248829 0.00166798
0 0.53584 0.572892 0.54082 0.2863 0.00151253
39 0.48125 0.262588 0.2125 0.357728 0.00141621
16 0.571875 0.39637 0.409375 0.626464 0.00132465
57 0.161523 0.66452 0.308203 0.642857 0.0012598
0 0.728906 0.546838 0.157813 0.196721 0.00124454
23 0.564453 0.396663 0.388281 0.618852 0.00118828
40 0.682813 0.59031 0.115625 0.226874 0.0011034
42 0.691406 0.5726 0.139063 0.236534 0.00107765
43 0.583984 0.509368 0.255469 0.32904 0.00103188
40 0.564746 0.397541 0.383008 0.624122 0.97168
0 0.528027 0.602898 0.57832 0.784836 0.802734
44 0.565527 0.396955 0.383008 0.626464 0.118408
76 0.641406 0.526639 0.2 0.344848 0.0302124
40 0.481934 0.27137 0.214258 0.380562 0.0167236
44 0.641406 0.526639 0.2 0.344848 0.0154266
42 0.640234 0.527518 0.202344 0.343091 0.0152512
39 0.558984 0.395785 0.383594 0.620609 0.0142822
38 0.563672 0.391979 0.396094 0.624707 0.0124817
41 0.558984 0.395785 0.383594 0.620609 0.00894928
0 0.585156 0.421838 0.448438 0.625878 0.00717545
67 0.558984 0.395785 0.383594 0.620609 0.00629044
42 0.677734 0.552693 0.123438 0.293911 0.00619125
76 0.596875 0.514051 0.2625 0.360656 0.0046463
40 0.576563 0.538349 0.465625 0.363583 0.00385475
45 0.558984 0.395785 0.383594 0.620609 0.00379562
0 0.576563 0.538349 0.465625 0.363583 0.00378036
42 0.596875 0.514051 0.2625 0.360656 0.00322342
0 0.720313 0.574356 0.176563 0.249415 0.003088
79 0.641406 0.526639 0.2 0.344848 0.00277901
42 0.558984 0.395785 0.383594 0.620609 0.00271416
44 0.575781 0.509953 0.271875 0.336066 0.00212479
56 0.162598 0.66452 0.311914 0.642857 0.00204277
35 0.720313 0.574356 0.176563 0.249415 0.00189686
79 0.575781 0.509953 0.271875 0.336066 0.00187492
76 0.558984 0.395785 0.383594 0.620609 0.00181007
67 0.640234 0.527518 0.202344 0.343091 0.00161648
44 0.677734 0.552693 0.123438 0.293911 0.00161076
43 0.631641 0.521077 0.180469 0.332553 0.00157356
16 0.568652 0.395785 0.401758 0.627635 0.00125504
36 0.558984 0.395785 0.383594 0.620609 0.00124454
39 0.48125 0.263027 0.2125 0.358021 0.0011425
42 0.696094 0.573185 0.148438 0.244731 0.00113392
0 0.401953 0.59719 0.319531 0.778688 0.00106525
57 0.162598 0.66452 0.311914 0.642857 0.00101662
40 0.563672 0.396663 0.382031 0.623536 0.967285
0 0.529004 0.602898 0.579492 0.784836 0.787109
44 0.564453 0.39637 0.382031 0.626464 0.129395
76 0.639844 0.526347 0.201563 0.347775 0.0252686
39 0.557422 0.397248 0.382031 0.617681 0.0141144
42 0.639844 0.527225 0.203125 0.344848 0.0136871
44 0.639844 0.526347 0.201563 0.347775 0.012291
40 0.482129 0.272248 0.21543 0.382318 0.0116425
38 0.563281 0.391686 0.396875 0.625293 0.0115509
41 0.557422 0.397248 0.382031 0.617681 0.00834656
0 0.584277 0.426229 0.450195 0.633489 0.00790405
42 0.677344 0.55445 0.123438 0.291569 0.006073
67 0.557422 0.397248 0.382031 0.617681 0.00524139
0 0.575391 0.548595 0.467969 0.345433 0.00388527
76 0.594141 0.513759 0.269531 0.363583 0.00385475
40 0.575391 0.548595 0.467969 0.345433 0.00329781
45 0.557422 0.397248 0.382031 0.617681 0.00324821
79 0.639844 0.526347 0.201563 0.347775 0.00302696
0 0.720313 0.574063 0.176563 0.25 0.00294685
42 0.619531 0.497658 0.248438 0.393443 0.00277901
42 0.557422 0.397248 0.382031 0.617681 0.00255013
40 0.49541 0.323258 0.248242 0.471751 0.00211525
35 0.720313 0.574063 0.176563 0.25 0.00178242
79 0.570312 0.510539 0.284375 0.340749 0.00175476
44 0.570312 0.510539 0.284375 0.340749 0.00171375
56 0.162695 0.66452 0.313281 0.642857 0.00166798
76 0.557422 0.397248 0.382031 0.617681 0.0016489
67 0.639844 0.527225 0.203125 0.344848 0.00151253
42 0.570312 0.510539 0.284375 0.340749 0.0014267
44 0.677344 0.55445 0.123438 0.291569 0.00134087
44 0.619531 0.497658 0.248438 0.393443 0.00133514
36 0.557422 0.397248 0.382031 0.617681 0.00131512
43 0.630469 0.521955 0.182812 0.336651 0.00129414
0 0.400781 0.59719 0.316406 0.778688 0.00124454
16 0.567285 0.395785 0.401367 0.627635 0.0011692
42 0.704297 0.573185 0.164844 0.249415 0.00115108
57 0.426953 0.66452 0.830469 0.649883 0.00104427
40 0.562598 0.395785 0.381055 0.622951 0.962891
0 0.530469 0.602898 0.579688 0.784836 0.784668
44 0.564063 0.395785 0.38125 0.627635 0.126831
76 0.639063 0.525176 0.203125 0.351288 0.0200958
39 0.55625 0.396663 0.380469 0.618852 0.0131226
42 0.639844 0.526639 0.201563 0.34719 0.0121002
38 0.5625 0.391101 0.395313 0.626464 0.00997162
44 0.639063 0.525176 0.203125 0.351288 0.00930023
40 0.481641 0.272395 0.215625 0.383197 0.00898743
41 0.55625 0.396663 0.380469 0.618852 0.0077858
0 0.584766 0.430913 0.449219 0.64637 0.00703812
42 0.6625 0.549473 0.154688 0.303864 0.00579834
67 0.55625 0.396663 0.380469 0.618852 0.00432968
44 0.6625 0.549473 0.154688 0.303864 0.00383949
76 0.65625 0.55767 0.180469 0.289813 0.00379562
0 0.578516 0.559133 0.461719 0.326698 0.00355148
76 0.592188 0.513173 0.271875 0.367096 0.00338936
40 0.578516 0.559133 0.461719 0.326698 0.00317192
45 0.55625 0.396663 0.380469 0.618852 0.00305176
79 0.639063 0.525176 0.203125 0.351288 0.00302696
0 0.719531 0.574356 0.178125 0.250585 0.00292397
42 0.55625 0.396663 0.380469 0.618852 0.00258064
42 0.61875 0.494438 0.25 0.401054 0.00254059
42 0.685938 0.580211 0.125 0.24356 0.00214005
79 0.567187 0.51171 0.290625 0.348946 0.00165462
40 0.498437 0.324063 0.253906 0.474824 0.00160408
67 0.639844 0.526639 0.201563 0.34719 0.00160408
35 0.719531 0.574356 0.178125 0.250585 0.00146675
44 0.567187 0.51171 0.290625 0.348946 0.00143242
76 0.55625 0.396663 0.380469 0.618852 0.00138855
0 0.400391 0.597775 0.313281 0.777518 0.00134563
54 0.480859 0.263173 0.213281 0.358899 0.00129414
42 0.567187 0.51171 0.290625 0.348946 0.00127888
0 0.728906 0.548888 0.15625 0.20082 0.00126457
0 0.804688 0.425644 0.359375 0.786885 0.00122547
56 0.163086 0.66452 0.316016 0.644028 0.00115585
42 0.709766 0.574063 0.175781 0.251171 0.00112438
44 0.61875 0.494438 0.25 0.401054 0.0011034
43 0.628125 0.522248 0.186719 0.34192 0.00104046
36 0.55625 0.396663 0.380469 0.618852 0.00103188
23 0.558203 0.396955 0.367188 0.622951 0.00101662
16 0.566309 0.395199 0.398633 0.628806 0.00101662
40 0.5625 0.395785 0.38125 0.622951 0.960938
0 0.530859 0.602459 0.578906 0.783372 0.789062
44 0.564453 0.395785 0.382812 0.627635 0.119995
76 0.638672 0.525468 0.203906 0.350703 0.018692
38 0.564453 0.390808 0.4 0.625878 0.0144501
42 0.639844 0.526639 0.201563 0.34719 0.0109482
39 0.557031 0.397541 0.38125 0.617096 0.0108566
0 0.586719 0.430913 0.445312 0.655738 0.0106964
44 0.638672 0.525468 0.203906 0.350703 0.00787354
40 0.481641 0.27298 0.215625 0.384368 0.00717545
41 0.557031 0.397541 0.38125 0.617096 0.00634003
42 0.677344 0.560597 0.121875 0.279274 0.00521851
76 0.658984 0.559719 0.183594 0.285714 0.00383949
40 0.500781 0.313744 0.267188 0.448624 0.00363541
0 0.582715 0.565866 0.45332 0.31089 0.00363541
67 0.557031 0.397541 0.38125 0.617096 0.00331116
79 0.638672 0.525468 0.203906 0.350703 0.00322342
44 0.664062 0.5524 0.151562 0.298009 0.00316048
40 0.582715 0.565866 0.45332 0.31089 0.00311089
76 0.590625 0.513466 0.273438 0.36534 0.00305176
45 0.557031 0.397541 0.38125 0.617096 0.00284576
42 0.557031 0.397541 0.38125 0.617096 0.00281143
0 0.719531 0.574356 0.178125 0.250585 0.0027256
42 0.618359 0.495316 0.250781 0.399297 0.00236893
35 0.719531 0.574356 0.178125 0.250585 0.00200272
79 0.565625 0.513173 0.292188 0.348361 0.00179577
42 0.658984 0.559719 0.183594 0.285714 0.00162315
67 0.639844 0.526639 0.201563 0.34719 0.0015974
0 0.804883 0.431206 0.362109 0.795667 0.00139904
0 0.399219 0.598507 0.310937 0.777225 0.00133514
54 0.480859 0.26332 0.213281 0.359192 0.00130463
44 0.565625 0.513173 0.292188 0.348361 0.00123024
0 0.728906 0.548595 0.15625 0.200234 0.00122547
76 0.557031 0.397541 0.38125 0.617096 0.00121593
42 0.565625 0.513173 0.292188 0.348361 0.00117874
23 0.558203 0.396955 0.367188 0.62178 0.00110722
42 0.714844 0.573478 0.185938 0.254684 0.00104427
36 0.557031 0.397541 0.38125 0.617096 0.00103664
29 0.557031 0.397541 0.38125 0.617096 0.00103188
40 0.5625 0.392272 0.385938 0.620609 0.963867
0 0.531152 0.602898 0.57832 0.782494 0.803223
44 0.563965 0.395785 0.381445 0.625293 0.0994873
76 0.638672 0.526347 0.203906 0.346604 0.0204926
38 0.564844 0.390515 0.400781 0.625293 0.0173035
0 0.587109 0.435012 0.444531 0.669789 0.012146
42 0.639063 0.526347 0.201563 0.345433 0.0104065
44 0.638672 0.526347 0.203906 0.346604 0.00743103
40 0.48125 0.273273 0.216406 0.384953 0.00714874
39 0.557031 0.398126 0.382812 0.613583 0.00712204
42 0.664062 0.553279 0.151562 0.293911 0.00466537
41 0.557031 0.398126 0.382812 0.613583 0.00431442
40 0.503125 0.314696 0.271875 0.451405 0.00428009
76 0.657813 0.562061 0.177344 0.28103 0.0042305
0 0.583691 0.568208 0.451367 0.309719 0.0037365
79 0.627344 0.523419 0.182812 0.336066 0.00355148
76 0.590234 0.514637 0.271094 0.361827 0.00338936
79 0.61875 0.510246 0.242188 0.375293 0.00331116
44 0.657813 0.562061 0.177344 0.28103 0.00288963
40 0.583691 0.568208 0.451367 0.309719 0.00279045
0 0.719531 0.574356 0.178125 0.250585 0.0026722
42 0.617969 0.497951 0.248438 0.391686 0.00265312
79 0.566406 0.512295 0.290625 0.34192 0.00244331
42 0.557031 0.398126 0.382812 0.613583 0.0024147
67 0.557031 0.398126 0.382812 0.613583 0.00239754
45 0.557031 0.398126 0.382812 0.613583 0.00226974
67 0.639063 0.526347 0.201563 0.345433 0.00183868
42 0.695312 0.57904 0.142188 0.244731 0.0018177
0 0.803906 0.437939 0.360938 0.807962 0.00177479
35 0.719531 0.574356 0.178125 0.250585 0.00167465
54 0.480469 0.263466 0.214062 0.359485 0.00141621
42 0.566406 0.512295 0.290625 0.34192 0.00129414
44 0.566406 0.512295 0.290625 0.34192 0.0012598
0 0.397559 0.598214 0.308008 0.775468 0.00124454
56 0.162695 0.66452 0.316016 0.644028 0.0012064
23 0.557422 0.396663 0.366406 0.621194 0.00119686
0 0.728906 0.548302 0.15625 0.199649 0.00117397
57 0.425391 0.664959 0.830469 0.649005 0.00106525
40 0.682813 0.591188 0.114063 0.225117 0.00105667
40 0.56084 0.391686 0.383008 0.619438 0.96582
0 0.53125 0.602459 0.578125 0.78103 0.81543
44 0.5625 0.395199 0.378906 0.624122 0.0881958
76 0.638672 0.527225 0.203906 0.343677 0.0222015
38 0.563281 0.38993 0.399219 0.625293 0.0162811
0 0.586816 0.438525 0.445117 0.680328 0.0131226
42 0.638281 0.525761 0.203906 0.345433 0.0106506
44 0.638672 0.527225 0.203906 0.343677 0.00760651
40 0.48125 0.273126 0.216406 0.38466 0.00754929
39 0.5625 0.395199 0.378906 0.624122 0.00481033
76 0.657813 0.562646 0.175 0.278689 0.00455475
42 0.662891 0.553864 0.153906 0.29274 0.00453949
79 0.626563 0.522834 0.18125 0.331382 0.00434875
0 0.585156 0.574356 0.448438 0.299766 0.00431442
40 0.502734 0.313817 0.271875 0.448478 0.00426483
79 0.618359 0.509953 0.241406 0.373536 0.0037365
76 0.589453 0.514637 0.267969 0.358314 0.00363541
44 0.657813 0.562646 0.175 0.278689 0.00300407
0 0.719531 0.57377 0.178125 0.250585 0.0029583
79 0.567187 0.511124 0.2875 0.338407 0.00290108
41 0.556152 0.398712 0.381445 0.611241 0.00279999
40 0.585156 0.574356 0.448438 0.299766 0.00274658
42 0.589453 0.514637 0.267969 0.358314 0.00226974
0 0.804883 0.442037 0.362109 0.818501 0.00209045
67 0.638281 0.525761 0.203906 0.345433 0.00202751
42 0.556152 0.398712 0.381445 0.611241 0.0019722
42 0.701563 0.578601 0.154688 0.245609 0.00191879
67 0.556152 0.398712 0.381445 0.611241 0.00191212
45 0.556152 0.398712 0.381445 0.611241 0.0017004
54 0.480469 0.263466 0.214844 0.359485 0.00154877
40 0.682813 0.593091 0.114063 0.221311 0.00144386
44 0.567187 0.511124 0.2875 0.338407 0.00137234
23 0.556934 0.395785 0.36582 0.619438 0.00134563
56 0.1625 0.66452 0.315625 0.642857 0.00133038
0 0.753125 0.39637 0.41875 0.750585 0.00131512
35 0.719531 0.57377 0.178125 0.250585 0.00129414
0 0.396875 0.598946 0.307031 0.775176 0.00127411
0 0.729297 0.547424 0.157031 0.197892 0.00124931
67 0.715234 0.57743 0.186719 0.254977 0.00113773
43 0.626563 0.522834 0.18125 0.331382 0.00107765
57 0.423828 0.66452 0.827344 0.648712 0.00103188
77 0.728125 0.574941 0.160938 0.252927 0.00101185
0 0.63125 0.701405 0.354688 0.529274 0.00101185
40 0.558594 0.391686 0.378906 0.619438 0.967285
0 0.530469 0.602459 0.576563 0.78103 0.818848
44 0.560254 0.395199 0.374805 0.624122 0.0786133
76 0.639844 0.528688 0.201563 0.34192 0.0232391
38 0.561621 0.38993 0.395508 0.625293 0.0149536
0 0.586621 0.436768 0.445508 0.676815 0.0139542
42 0.639063 0.526639 0.203125 0.344848 0.0117798
40 0.48125 0.272834 0.216406 0.384075 0.0086441
44 0.639844 0.528688 0.201563 0.34192 0.00837708
79 0.625781 0.524005 0.179688 0.331382 0.0055542
42 0.664062 0.555328 0.151562 0.289813 0.0049057
0 0.58584 0.578601 0.44707 0.290105 0.00477219
76 0.658984 0.56411 0.173438 0.276932 0.00469971
40 0.5 0.310012 0.265625 0.439696 0.00462723
79 0.61875 0.510831 0.240625 0.372951 0.00450516
76 0.589844 0.515222 0.265625 0.358314 0.00421524
39 0.560254 0.395199 0.374805 0.624122 0.00403976
79 0.568359 0.51171 0.285156 0.339578 0.00369263
0 0.719531 0.574356 0.178125 0.250585 0.00323486
44 0.658984 0.56411 0.173438 0.276932 0.00321007
40 0.58584 0.578601 0.44707 0.290105 0.00292397
42 0.589844 0.515222 0.265625 0.358314 0.00270462
0 0.804688 0.437939 0.360938 0.810304 0.00228691
42 0.702734 0.57904 0.157031 0.244731 0.00219917
67 0.639063 0.526639 0.203125 0.344848 0.00217438
54 0.480469 0.263466 0.214844 0.359485 0.00183868
40 0.682813 0.593091 0.114063 0.221311 0.00171375
42 0.560254 0.395199 0.374805 0.624122 0.00168133
44 0.568359 0.51171 0.285156 0.339578 0.00164223
41 0.555078 0.398126 0.380469 0.612412 0.00161648
23 0.55625 0.395785 0.364844 0.619438 0.00145531
0 0.753516 0.392564 0.417969 0.741803 0.00143242
44 0.616406 0.5 0.24375 0.386417 0.00138855
56 0.162695 0.664081 0.316016 0.643735 0.00134563
67 0.715234 0.57743 0.186719 0.254977 0.00131512
0 0.729297 0.546546 0.157031 0.196136 0.00129414
0 0.396875 0.598946 0.307031 0.775176 0.00127411
35 0.719531 0.574356 0.178125 0.250585 0.00126934
67 0.555078 0.398126 0.380469 0.612412 0.00126457
43 0.625781 0.524005 0.179688 0.331382 0.00123978
77 0.728125 0.574941 0.160938 0.252927 0.00119209
0 0.633594 0.701259 0.35 0.527225 0.00117874
0 0.639453 0.711066 0.220313 0.577869 0.00108147
45 0.555078 0.398126 0.380469 0.612412 0.00101185
40 0.557422 0.391393 0.377344 0.618852 0.969238
0 0.529688 0.602459 0.575 0.78103 0.82373
44 0.559375 0.394906 0.372656 0.623536 0.0750122
76 0.640234 0.529274 0.2 0.339578 0.0253754
0 0.586719 0.43267 0.445312 0.672131 0.0146179
38 0.562109 0.389344 0.397656 0.626464 0.0140076
42 0.621875 0.502927 0.2375 0.384075 0.0125732
40 0.48125 0.272687 0.216406 0.383197 0.00993347
44 0.640234 0.529274 0.2 0.339578 0.00881195
79 0.625781 0.524005 0.179688 0.32904 0.00682449
79 0.617969 0.510539 0.239063 0.372365 0.00524139
42 0.664844 0.555621 0.15 0.288056 0.00494385
76 0.660156 0.564403 0.173438 0.275176 0.00488663
76 0.615625 0.501171 0.240625 0.384075 0.00486755
79 0.56875 0.511124 0.282813 0.338407 0.00460815
0 0.586621 0.578601 0.445508 0.285422 0.00457382
39 0.559375 0.394906 0.372656 0.623536 0.00424957
0 0.719531 0.57377 0.178125 0.250585 0.00344276
44 0.664844 0.555621 0.15 0.288056 0.00319672
40 0.586621 0.578601 0.445508 0.285422 0.00296974
0 0.653125 0.583724 0.309375 0.284543 0.00291252
67 0.638672 0.526347 0.202344 0.344262 0.00245285
42 0.625781 0.524005 0.179688 0.32904 0.00234985
42 0.707812 0.578454 0.167187 0.244731 0.00226974
54 0.480566 0.263466 0.21543 0.358899 0.00216484
0 0.805469 0.439696 0.359375 0.814988 0.00209045
40 0.682422 0.594701 0.113281 0.218091 0.00208282
42 0.682031 0.576698 0.114063 0.251756 0.00195694
40 0.496484 0.32377 0.253125 0.474239 0.00191879
42 0.56875 0.511124 0.282813 0.338407 0.00188923
44 0.56875 0.511124 0.282813 0.338407 0.00185299
44 0.615625 0.501171 0.240625 0.384075 0.0016489
42 0.559375 0.394906 0.372656 0.623536 0.00163555
23 0.555566 0.395199 0.363867 0.619438 0.00155449
76 0.56875 0.511124 0.282813 0.338407 0.00154877
67 0.715625 0.577283 0.185938 0.254098 0.0015192
43 0.625781 0.524005 0.179688 0.32904 0.00144386
56 0.162305 0.664081 0.315234 0.643735 0.00142097
0 0.754297 0.387295 0.417969 0.731265 0.00141048
0 0.729688 0.545667 0.15625 0.194379 0.00137234
77 0.728125 0.574356 0.160938 0.251756 0.00136662
0 0.395996 0.598946 0.304883 0.775176 0.00130939
0 0.636719 0.70082 0.34375 0.525761 0.00126457
0 0.638672 0.711797 0.217969 0.576405 0.00124931
35 0.726562 0.570258 0.164062 0.244731 0.00123501
40 0.675 0.553864 0.128125 0.297424 0.00117874
67 0.676562 0.566452 0.122656 0.266393 0.00109005
0 0.738281 0.687207 0.510938 0.590457 0.00106525
0 0.588281 0.7399 0.134375 0.503806 0.00103188
44 0.716406 0.572014 0.185938 0.254098 0.00100422
40 0.557422 0.391686 0.377344 0.619438 0.969238
0 0.529785 0.602459 0.574805 0.78103 0.82373
44 0.559375 0.394906 0.372656 0.623536 0.0761108
76 0.639844 0.529274 0.2 0.339578 0.0250854
0 0.586328 0.432084 0.446094 0.669789 0.0147324
38 0.562109 0.389344 0.396875 0.626464 0.0136337
42 0.621875 0.502635 0.2375 0.38466 0.0123367
40 0.481348 0.272541 0.216992 0.383489 0.00989532
44 0.639844 0.529274 0.2 0.339578 0.0086441
79 0.625781 0.524005 0.179688 0.330211 0.00671768
79 0.617969 0.510539 0.239844 0.372365 0.0051384
42 0.664844 0.555913 0.15 0.287471 0.00486755
76 0.660156 0.564403 0.173438 0.275176 0.00479126
76 0.615625 0.500878 0.240625 0.383489 0.00479126
0 0.586328 0.57904 0.446094 0.284543 0.00468063
79 0.56875 0.511417 0.282813 0.338993 0.00455475
39 0.559375 0.394906 0.372656 0.623536 0.00429916
0 0.719531 0.57377 0.178125 0.250585 0.00344276
44 0.664844 0.555913 0.15 0.287471 0.00312424
40 0.586328 0.57904 0.446094 0.284543 0.00305176
0 0.652734 0.582992 0.310156 0.283665 0.00302696
67 0.638672 0.526347 0.202344 0.344262 0.00244331
42 0.625781 0.524005 0.179688 0.330211 0.00232315
42 0.708203 0.578454 0.167969 0.244731 0.00223351
54 0.480078 0.263466 0.215625 0.358899 0.00220871
40 0.682813 0.594701 0.114063 0.218091 0.00206757
0 0.805469 0.438525 0.359375 0.812646 0.0020504
42 0.682031 0.577137 0.114063 0.250878 0.00193405
40 0.495996 0.32377 0.25332 0.474239 0.00192642
42 0.56875 0.511417 0.282813 0.338993 0.00186729
44 0.56875 0.511417 0.282813 0.338993 0.00182438
42 0.559375 0.394906 0.372656 0.623536 0.0016489
44 0.615625 0.500878 0.240625 0.383489 0.00161076
23 0.555469 0.395199 0.364063 0.619438 0.00157356
76 0.56875 0.511417 0.282813 0.338993 0.00154877
67 0.715625 0.577283 0.185938 0.254098 0.00153065
43 0.625781 0.524005 0.179688 0.330211 0.00142097
0 0.753906 0.387002 0.41875 0.73185 0.00140476
77 0.728125 0.574356 0.160938 0.251756 0.00139427
56 0.1625 0.664081 0.315625 0.643735 0.00139427
0 0.729688 0.545667 0.15625 0.194379 0.00137806
0 0.396484 0.598946 0.305469 0.775176 0.00129414
0 0.636328 0.700088 0.344531 0.524883 0.00127411
35 0.726562 0.570258 0.164062 0.244731 0.00126934
0 0.638672 0.712237 0.217969 0.575527 0.00124454
40 0.675 0.55445 0.128125 0.297424 0.0011692
0 0.738281 0.687207 0.510938 0.590457 0.00109005
67 0.676562 0.566745 0.121875 0.265808 0.00108147
0 0.588281 0.7399 0.134375 0.503806 0.00102425
