20 0.515625 0.663788 0.321875 0.42418 0.92627
20 0.182471 0.676669 0.353809 0.487412 0.922363
20 0.582031 0.785129 0.159375 0.187354 0.806641
20 0.874805 0.633489 0.247266 0.436768 0.756348
20 0.771484 0.734778 0.228906 0.26815 0.370117
20 0.0850586 0.586651 0.16582 0.310304 0.276611
20 0.733203 0.736534 0.152344 0.262295 0.130249
20 0.813281 0.708577 0.159375 0.304157 0.0189056
20 0.775 0.584455 0.053125 0.065281 0.0151291
20 0.806445 0.69555 0.118359 0.288056 0.0141754
20 0.769531 0.707845 0.170313 0.300937 0.013588
20 0.874219 0.558255 0.248438 0.281616 0.0118713
20 0.836133 0.735363 0.183984 0.269321 0.00908661
20 0.828906 0.735363 0.320312 0.283372 0.00898743
20 0.7375 0.711944 0.090625 0.210773 0.00772476
20 0.794531 0.737119 0.11875 0.254098 0.00500107
20 0.805469 0.660421 0.110937 0.199063 0.00446701
20 0.648047 0.813817 0.0476562 0.114754 0.00390053
0 0.648047 0.813817 0.0476562 0.114754 0.00388527
20 0.0286133 0.591335 0.0539063 0.293911 0.00336266
20 0.85625 0.691452 0.21875 0.302108 0.00329781
20 0.860938 0.725995 0.1375 0.299766 0.00298119
20 0.85 0.659836 0.08125 0.151054 0.00282288
0 0.577344 0.783372 0.15 0.187354 0.00260162
20 0.864844 0.776347 0.126563 0.201405 0.00253105
20 0.79375 0.759953 0.0890625 0.206089 0.00243378
20 0.777344 0.600849 0.059375 0.0980679 0.00242424
20 0.85 0.634075 0.078125 0.0913349 0.00225258
20 0.12666 0.463115 0.0794922 0.0567916 0.00216484
20 0.90625 0.531616 0.184375 0.228337 0.00213242
20 0.6 0.680181 0.153125 0.307084 0.00211525
20 0.828125 0.670375 0.160938 0.255269 0.00204277
20 0.753906 0.679303 0.123438 0.250293 0.00194931
20 0.552734 0.666862 0.248438 0.272834 0.00194168
20 0.534375 0.696136 0.204688 0.313817 0.00179577
20 0.739844 0.72014 0.0671875 0.209602 0.0017271
20 0.829688 0.618413 0.159375 0.350995 0.0017271
14 0.597266 0.903981 0.0351562 0.0491803 0.00162315
5 0.182227 0.677986 0.355469 0.485948 0.00161648
20 0.817969 0.764637 0.0796875 0.196721 0.0014782
20 0.882812 0.770492 0.0921875 0.173302 0.00145531
20 0.771875 0.721311 0.126563 0.24356 0.00139904
14 0.608594 0.90281 0.0125 0.0480094 0.00135612
20 0.618359 0.653542 0.117188 0.254977 0.00135136
0 0.0849854 0.588993 0.165186 0.311475 0.00126934
0 0.125 0.462822 0.0808594 0.0579625 0.0012207
20 0.732031 0.681499 0.0828125 0.147541 0.00121593
19 0.0850586 0.586651 0.16582 0.310304 0.00117397
20 0.8125 0.64154 0.10625 0.147834 0.0011692
17 0.0850586 0.586651 0.16582 0.310304 0.00115585
20 0.515625 0.755269 0.171875 0.238876 0.00108147
20 0.910937 0.721897 0.171875 0.314988 0.00107288
14 0.0378906 0.749415 0.0224609 0.0679157 0.00104427
0 0.560156 0.711358 0.0328125 0.0468384 0.00103664
20 0.80293 0.588993 0.112891 0.0796253 0.00103188
20 0.515625 0.66291 0.321875 0.425937 0.93457
20 0.182861 0.6774 0.353027 0.489461 0.92627
20 0.576563 0.785129 0.146875 0.188525 0.812988
20 0.875 0.630123 0.246875 0.432963 0.760742
20 0.7875 0.734192 0.257812 0.269321 0.484375
20 0.0848633 0.586797 0.16543 0.311183 0.390381
20 0.749219 0.736534 0.185938 0.259953 0.324219
20 0.775 0.584309 0.053125 0.0644028 0.0280151
20 0.814844 0.707406 0.154688 0.306499 0.0274811
20 0.835938 0.733021 0.182812 0.276347 0.0189056
20 0.776367 0.70726 0.156641 0.298595 0.0165253
20 0.874805 0.55767 0.247266 0.281616 0.0141754
20 0.799219 0.688671 0.103125 0.27137 0.00952148
20 0.7375 0.711944 0.0890625 0.210773 0.00912476
20 0.798438 0.735948 0.125 0.257611 0.0088501
20 0.80625 0.659836 0.110937 0.197892 0.00638962
20 0.721094 0.737119 0.13125 0.258782 0.005867
20 0.8625 0.725995 0.134375 0.297424 0.00564194
20 0.85 0.659251 0.08125 0.149883 0.00534439
0 0.648047 0.813817 0.0476562 0.114754 0.00457382
20 0.0291504 0.59031 0.0548828 0.294789 0.00453949
20 0.648047 0.813817 0.0476562 0.114754 0.00436401
20 0.776563 0.596165 0.05625 0.0863583 0.00418091
20 0.867188 0.776347 0.121875 0.201405 0.00416565
20 0.849219 0.689842 0.201563 0.273712 0.00413513
20 0.85 0.633489 0.078125 0.0913349 0.00392914
20 0.126563 0.463115 0.0796875 0.0562061 0.00346947
20 0.588281 0.682084 0.179688 0.311475 0.00344276
20 0.803125 0.764637 0.103125 0.203747 0.00341606
0 0.573828 0.783372 0.14375 0.187354 0.00318527
20 0.825781 0.667594 0.15625 0.247951 0.00301552
20 0.90625 0.532494 0.184375 0.230094 0.00288963
20 0.753125 0.671107 0.1125 0.236241 0.00261116
20 0.882812 0.769321 0.0921875 0.17096 0.00255013
20 0.552344 0.666862 0.248438 0.276347 0.0024147
20 0.533594 0.697307 0.205469 0.313817 0.00240517
5 0.182471 0.678571 0.35459 0.487119 0.00223351
20 0.82793 0.613729 0.153516 0.336944 0.00222588
20 0.613281 0.667301 0.126563 0.281323 0.00222588
0 0.124805 0.462822 0.08125 0.057377 0.00190449
20 0.814063 0.642272 0.109375 0.148712 0.00183105
20 0.79082 0.735948 0.0839844 0.23185 0.0016489
20 0.909375 0.723068 0.170313 0.310304 0.0016489
0 0.084668 0.587822 0.164648 0.311475 0.00153637
14 0.596875 0.903981 0.0359375 0.0491803 0.00152493
20 0.772266 0.721897 0.122656 0.241218 0.00151253
20 0.793555 0.587968 0.0941406 0.0769906 0.0014782
0 0.560156 0.711944 0.0328125 0.0468384 0.00147247
20 0.88125 0.747073 0.103125 0.255269 0.00143242
20 0.732031 0.680328 0.0828125 0.142857 0.00138855
20 0.509375 0.754098 0.159375 0.24356 0.00129414
17 0.0848633 0.586797 0.16543 0.311183 0.00127411
14 0.608594 0.90281 0.0125 0.0480094 0.00125504
20 0.114941 0.740047 0.0759766 0.189696 0.00123978
20 0.817187 0.768735 0.08125 0.18267 0.00123978
20 0.896094 0.644614 0.207813 0.444965 0.0012064
19 0.0848633 0.586797 0.16543 0.311183 0.00119686
20 0.875781 0.805621 0.0796875 0.131148 0.00117397
20 0.596875 0.635685 0.117188 0.215749 0.00115108
20 0.778125 0.721311 0.0859375 0.250585 0.00107765
20 0.649609 0.724824 0.0523438 0.201405 0.00105286
20 0.8625 0.672131 0.109375 0.181499 0.00102043
20 0.848437 0.68267 0.090625 0.166276 0.00101662
20 0.515527 0.662763 0.32207 0.426229 0.9375
20 0.181641 0.677986 0.354688 0.48829 0.928711
20 0.575781 0.785129 0.145313 0.188525 0.82666
20 0.875781 0.627781 0.245312 0.428279 0.753418
20 0.7875 0.734192 0.259375 0.269321 0.535156
20 0.0848633 0.586651 0.165625 0.311475 0.403564
20 0.749219 0.736534 0.185938 0.259953 0.379395
20 0.775 0.584309 0.053125 0.0644028 0.0367737
20 0.81582 0.707406 0.155859 0.306499 0.0316162
20 0.835742 0.733021 0.181641 0.274005 0.0230713
20 0.779883 0.706674 0.155859 0.297424 0.0167847
20 0.875 0.557377 0.246875 0.28103 0.0153656
20 0.799219 0.683255 0.104688 0.259953 0.0106964
20 0.800781 0.735363 0.128125 0.257611 0.0106125
20 0.7375 0.711944 0.0890625 0.209602 0.00978088
20 0.808008 0.658665 0.112109 0.19555 0.00734711
20 0.85 0.656909 0.08125 0.145199 0.00671768
20 0.8625 0.725995 0.134375 0.295082 0.00641251
20 0.721094 0.736534 0.13125 0.259953 0.00527954
0 0.648047 0.813817 0.0476562 0.114754 0.00503922
20 0.85 0.632904 0.078125 0.0913349 0.00492477
20 0.648438 0.813817 0.0484375 0.115925 0.00484848
20 0.867188 0.776347 0.121875 0.199063 0.00473785
20 0.0291016 0.59031 0.0548828 0.294789 0.00466537
20 0.126563 0.463115 0.0796875 0.0562061 0.00462723
20 0.803125 0.764637 0.103125 0.203747 0.00416565
20 0.849219 0.685012 0.201563 0.259953 0.00415039
20 0.882812 0.768735 0.0921875 0.168618 0.00341606
0 0.573438 0.783372 0.14375 0.187354 0.00331116
20 0.827344 0.662763 0.157813 0.238876 0.00321007
20 0.586719 0.68267 0.182812 0.312646 0.00312424
20 0.905469 0.532494 0.185938 0.230094 0.00301552
20 0.753125 0.662617 0.110937 0.218091 0.00274658
5 0.182373 0.678571 0.354785 0.48829 0.00274658
20 0.533203 0.697892 0.205469 0.311475 0.00239754
0 0.124414 0.462822 0.0820312 0.057377 0.00235939
20 0.828125 0.608753 0.154688 0.321136 0.00230598
20 0.552344 0.666276 0.248438 0.275176 0.00227928
20 0.815625 0.64154 0.1125 0.147834 0.00222588
20 0.6125 0.667447 0.128125 0.283372 0.00199509
20 0.908594 0.723653 0.16875 0.307963 0.00178242
20 0.817187 0.76815 0.08125 0.18267 0.00170708
20 0.789062 0.587237 0.084375 0.0749414 0.00170708
20 0.792383 0.744731 0.0871094 0.23185 0.0017004
0 0.084668 0.588407 0.164844 0.312646 0.00162315
20 0.879687 0.751171 0.103125 0.244731 0.00160408
20 0.878125 0.800937 0.084375 0.119438 0.00156689
20 0.772656 0.721897 0.123438 0.240047 0.00154877
0 0.560547 0.711944 0.0335938 0.0480094 0.00154305
20 0.114941 0.740047 0.0761719 0.189696 0.00146675
20 0.732031 0.679157 0.0828125 0.141686 0.00146103
20 0.509766 0.754098 0.160156 0.24356 0.00144386
20 0.733594 0.709748 0.229687 0.318208 0.00139904
20 0.848437 0.68267 0.090625 0.163934 0.00136662
20 0.885938 0.643443 0.228125 0.443794 0.00136662
20 0.596484 0.635978 0.117969 0.215164 0.00135612
20 0.8625 0.672131 0.109375 0.180328 0.00130939
17 0.0848633 0.586651 0.165625 0.311475 0.00130463
14 0.596875 0.903981 0.0359375 0.0491803 0.00121593
0 0.804883 0.769321 0.0996094 0.185012 0.00116539
20 0.042273 0.582114 0.081665 0.315867 0.00116062
20 0.649219 0.72541 0.053125 0.202576 0.00115585
19 0.0848633 0.586651 0.165625 0.311475 0.0011425
20 0.662891 0.704918 0.0273438 0.128806 0.00113773
0 0.471484 0.475995 0.0304688 0.0269321 0.00112057
20 0.583594 0.729508 0.09375 0.0796253 0.00105286
20 0.584375 0.717799 0.0875 0.0608899 0.00104427
20 0.75625 0.60202 0.071875 0.0910422 0.00101185
14 0.608203 0.90281 0.0125 0.0468384 0.00100803
20 0.515527 0.662617 0.32207 0.426522 0.943848
20 0.181641 0.678132 0.355078 0.489169 0.936523
20 0.572266 0.785129 0.139063 0.188525 0.831055
20 0.876367 0.628659 0.244141 0.428864 0.762207
20 0.788867 0.734192 0.259766 0.271663 0.622559
20 0.75 0.736534 0.185938 0.262295 0.394287
20 0.0849365 0.587822 0.165674 0.314988 0.345215
20 0.775 0.58548 0.053125 0.059719 0.0417786
20 0.815625 0.707114 0.154688 0.304742 0.0351562
20 0.835742 0.73185 0.181641 0.276347 0.0274811
20 0.875781 0.557377 0.246875 0.282201 0.021286
20 0.785937 0.706674 0.15 0.295082 0.0159607
20 0.8 0.676815 0.10625 0.245902 0.0108185
20 0.737109 0.711944 0.0882813 0.208431 0.0107346
20 0.721875 0.736534 0.135937 0.259953 0.0104065
20 0.85 0.655152 0.08125 0.141686 0.00828552
20 0.8625 0.725995 0.134375 0.295082 0.00743103
20 0.784375 0.736534 0.120313 0.259953 0.00698471
20 0.809375 0.65808 0.114063 0.192037 0.00682449
20 0.85 0.632318 0.078125 0.0913349 0.00600433
0 0.648047 0.813817 0.0476562 0.114754 0.0055542
20 0.867188 0.776347 0.121875 0.200234 0.00530243
20 0.126563 0.463115 0.0796875 0.0556206 0.00475693
20 0.648047 0.813817 0.0484375 0.115925 0.00462723
20 0.803125 0.765222 0.103125 0.202576 0.00438309
20 0.882812 0.76815 0.0921875 0.166276 0.00418091
20 0.851367 0.680913 0.203516 0.247073 0.00415039
20 0.0291504 0.589578 0.0549805 0.296253 0.00405502
0 0.571875 0.783372 0.139844 0.188525 0.00355148
20 0.84375 0.673302 0.0875 0.168618 0.00341606
5 0.182471 0.678571 0.355371 0.489461 0.00323486
20 0.829688 0.662178 0.1625 0.235363 0.003088
20 0.595703 0.78103 0.157031 0.192037 0.00281143
0 0.124219 0.463115 0.0828125 0.057377 0.00266266
20 0.904688 0.532201 0.1875 0.229508 0.00257111
20 0.584766 0.683987 0.1875 0.315867 0.00253105
20 0.753906 0.655738 0.107813 0.206089 0.00250244
20 0.817969 0.641686 0.115625 0.147541 0.00230598
20 0.533203 0.697892 0.205469 0.310304 0.00229645
20 0.829688 0.608899 0.15625 0.307963 0.00205803
20 0.908594 0.724678 0.170313 0.304742 0.00203514
20 0.817187 0.768735 0.08125 0.181499 0.00201035
20 0.878125 0.799766 0.084375 0.119438 0.00197983
20 0.551953 0.666276 0.249219 0.275176 0.00184631
20 0.879687 0.751756 0.103125 0.24356 0.00176811
0 0.0847656 0.590164 0.164844 0.316159 0.00176144
20 0.791992 0.745316 0.0878906 0.23185 0.00175476
20 0.785156 0.586505 0.0765625 0.0728923 0.0017271
20 0.8625 0.672131 0.109375 0.180328 0.0017004
20 0.114941 0.740047 0.0763672 0.188525 0.00165462
20 0.612109 0.67096 0.128906 0.290398 0.00159168
0 0.560938 0.711944 0.034375 0.0480094 0.00156689
20 0.732813 0.679157 0.0828125 0.140515 0.00148964
20 0.510156 0.754098 0.160938 0.242389 0.00146675
20 0.880859 0.644028 0.238281 0.446136 0.00145531
20 0.596094 0.635831 0.117188 0.213115 0.00143242
0 0.471484 0.475995 0.0304688 0.0269321 0.00139427
0 0.804688 0.769906 0.0984375 0.183841 0.00139427
20 0.6625 0.704918 0.0265625 0.128806 0.00123501
20 0.649219 0.727166 0.053125 0.203747 0.00123024
20 0.845313 0.641686 0.078125 0.0702576 0.00111198
20 0.75625 0.601288 0.071875 0.0901639 0.0011034
17 0.0849365 0.587822 0.165674 0.314988 0.0011034
20 0.583594 0.728337 0.09375 0.0772834 0.00107288
14 0.596875 0.903981 0.0359375 0.0491803 0.00107288
0 0.772266 0.586651 0.0523438 0.0608899 0.00105286
20 0.043457 0.580796 0.0841797 0.318501 0.00104046
20 0.584766 0.717799 0.0882813 0.058548 0.00101185
20 0.571094 0.681499 0.132812 0.140515 0.00100422
20 0.515625 0.663349 0.322656 0.4274 0.949219
20 0.181592 0.678571 0.355566 0.489461 0.942871
20 0.570312 0.785129 0.135156 0.188525 0.845703
20 0.876758 0.639491 0.246484 0.449356 0.779785
20 0.789844 0.735363 0.260938 0.274005 0.700684
20 0.750391 0.735948 0.186719 0.262295 0.364746
20 0.0850586 0.589578 0.166211 0.320843 0.246582
20 0.774609 0.58548 0.0523438 0.058548 0.0370483
20 0.814844 0.706089 0.157813 0.302108 0.0350037
20 0.875781 0.557962 0.246875 0.282201 0.0294189
20 0.836719 0.730679 0.18125 0.28103 0.0268555
20 0.786719 0.705943 0.157813 0.297717 0.0149002
20 0.802344 0.673888 0.110937 0.241218 0.00923157
20 0.737891 0.711944 0.0898438 0.209602 0.00912476
20 0.85 0.655738 0.08125 0.142857 0.00834656
20 0.864062 0.725995 0.13125 0.295082 0.00796509
20 0.722266 0.736534 0.136719 0.259953 0.0068779
20 0.85 0.632318 0.078125 0.0913349 0.00582123
20 0.864062 0.775176 0.128125 0.203747 0.00510025
20 0.810742 0.65808 0.116016 0.190867 0.0050621
0 0.648047 0.813817 0.0476562 0.114754 0.00471878
20 0.595313 0.775761 0.159375 0.202576 0.00471878
20 0.776563 0.594848 0.05625 0.0819672 0.00431442
20 0.882812 0.768735 0.0921875 0.167447 0.00424957
20 0.803906 0.765808 0.103125 0.201405 0.00399017
0 0.570312 0.782787 0.1375 0.188525 0.00383949
20 0.126367 0.463115 0.0800781 0.0550351 0.00379562
20 0.648047 0.813817 0.0484375 0.115925 0.00352478
5 0.182764 0.678571 0.355566 0.490632 0.00340271
20 0.853125 0.686183 0.207813 0.257611 0.00325966
0 0.123926 0.462822 0.0833984 0.0567916 0.00319672
20 0.029248 0.588993 0.0554687 0.299766 0.00301552
20 0.833008 0.661007 0.171484 0.235363 0.00260162
20 0.532813 0.696575 0.20625 0.31411 0.00234985
20 0.580469 0.686183 0.195312 0.322014 0.00228691
20 0.753906 0.65442 0.109375 0.20404 0.00220871
20 0.903125 0.53103 0.190625 0.225995 0.00203514
20 0.907813 0.724239 0.16875 0.30445 0.00202751
20 0.817187 0.768735 0.08125 0.181499 0.00201035
20 0.848437 0.68267 0.0875 0.166276 0.00199509
5 0.514746 0.663349 0.323633 0.425059 0.00194931
0 0.0849365 0.592359 0.165283 0.321136 0.00192642
20 0.819531 0.641833 0.120313 0.147248 0.00186729
20 0.878125 0.79918 0.084375 0.124122 0.0018034
20 0.832031 0.608899 0.160938 0.303279 0.00178909
20 0.863281 0.672131 0.110937 0.18267 0.00174141
20 0.879687 0.749415 0.103125 0.250585 0.0016489
20 0.551172 0.666423 0.250781 0.276054 0.00156689
20 0.115039 0.740047 0.0765625 0.189696 0.00147247
20 0.787305 0.586505 0.0816406 0.0728923 0.00143814
20 0.596094 0.635831 0.117188 0.213115 0.0014267
20 0.557813 0.690281 0.238281 0.382904 0.0014267
0 0.805469 0.770492 0.0984375 0.18267 0.00142097
0 0.471875 0.475995 0.0296875 0.0263466 0.00139427
20 0.79375 0.744731 0.090625 0.234192 0.00139427
20 0.494531 0.74356 0.126563 0.263466 0.00136662
20 0.773438 0.722482 0.126563 0.241218 0.00134563
20 0.515234 0.754684 0.171094 0.240047 0.00134563
20 0.826758 0.758782 0.168359 0.217799 0.00131512
0 0.560938 0.711944 0.034375 0.0480094 0.00127411
20 0.611719 0.679157 0.129688 0.307963 0.00125504
0 0.771875 0.586651 0.053125 0.0608899 0.0011425
20 0.733594 0.679742 0.084375 0.141686 0.0011425
20 0.6625 0.704918 0.0273438 0.128806 0.00112057
20 0.649219 0.733021 0.053125 0.210773 0.0011158
20 0.516016 0.663349 0.322656 0.426229 0.95752
20 0.181445 0.678571 0.356641 0.48829 0.94873
20 0.569922 0.784543 0.134375 0.187354 0.872559
20 0.876563 0.640369 0.245312 0.449941 0.799316
20 0.789844 0.735363 0.260938 0.272834 0.743164
20 0.750781 0.735363 0.1875 0.262295 0.375732
20 0.0851563 0.59353 0.165625 0.323478 0.201782
20 0.814844 0.706674 0.157813 0.302108 0.0396423
20 0.774609 0.58548 0.0523438 0.058548 0.0359497
20 0.876758 0.558548 0.246484 0.282201 0.0333252
20 0.836719 0.729508 0.18125 0.283372 0.0266571
20 0.786719 0.706674 0.1625 0.298595 0.0150757
20 0.802344 0.668472 0.109375 0.229801 0.0091629
20 0.737891 0.711944 0.0898438 0.209602 0.00844574
20 0.865625 0.724824 0.128125 0.295082 0.008255
20 0.85 0.656909 0.0796875 0.147541 0.00766754
20 0.722656 0.735363 0.135937 0.259953 0.00616837
20 0.842383 0.765808 0.168359 0.217799 0.00591278
20 0.85 0.631733 0.078125 0.0913349 0.00540543
0 0.648047 0.813817 0.0476562 0.114754 0.00511932
20 0.595313 0.775176 0.159375 0.203747 0.00494385
20 0.864062 0.774005 0.128125 0.203747 0.00481033
5 0.182812 0.678571 0.35625 0.489461 0.00413513
0 0.570312 0.782201 0.135937 0.187354 0.00390053
20 0.882812 0.769321 0.0921875 0.166276 0.00379562
20 0.804688 0.765808 0.101562 0.201405 0.00351143
20 0.126367 0.463115 0.0804688 0.0550351 0.00333786
0 0.12373 0.462529 0.0839844 0.0567916 0.00322342
20 0.852344 0.68911 0.204688 0.263466 0.00313568
20 0.648047 0.813817 0.0476562 0.115925 0.00311089
20 0.532813 0.696136 0.204688 0.31733 0.00277901
20 0.835156 0.660421 0.175 0.233021 0.00254059
20 0.577344 0.686768 0.201563 0.322014 0.00240517
20 0.80625 0.63832 0.115625 0.168326 0.002388
5 0.514453 0.663349 0.324219 0.423888 0.00230598
20 0.0289551 0.588407 0.0547852 0.302108 0.00224304
20 0.753125 0.65442 0.107813 0.20404 0.00215721
20 0.907031 0.723507 0.167187 0.304742 0.00202751
20 0.85 0.68267 0.0875 0.168618 0.00195694
20 0.901563 0.529859 0.19375 0.222482 0.00190449
20 0.817187 0.76815 0.08125 0.18267 0.00186062
20 0.834375 0.609485 0.164062 0.298595 0.00184631
20 0.555469 0.690281 0.24375 0.382904 0.00179577
20 0.550781 0.667594 0.251563 0.27137 0.00171375
0 0.80625 0.769906 0.096875 0.18267 0.00168705
20 0.864062 0.672717 0.1125 0.186183 0.00164223
20 0.878125 0.799766 0.084375 0.124122 0.00160408
0 0.0851563 0.59353 0.165625 0.323478 0.00160408
20 0.782813 0.586066 0.071875 0.0714286 0.00151253
20 0.496094 0.741218 0.129688 0.266979 0.00150108
20 0.879687 0.745902 0.104688 0.255269 0.00150108
0 0.471875 0.475995 0.0296875 0.0263466 0.00147247
20 0.596484 0.635831 0.117188 0.213115 0.00147247
20 0.517578 0.757026 0.175 0.235363 0.00135612
20 0.794531 0.745316 0.0921875 0.235363 0.00130939
20 0.611719 0.680474 0.129688 0.311183 0.00130463
20 0.773438 0.723068 0.126563 0.241218 0.00126934
0 0.772656 0.586066 0.053125 0.0608899 0.00125504
0 0.560156 0.711944 0.034375 0.0480094 0.00124454
20 0.115137 0.740047 0.0763672 0.189696 0.0012207
20 0.639844 0.764637 0.071875 0.217799 0.00115108
20 0.6625 0.704918 0.028125 0.128806 0.0011425
20 0.649219 0.734192 0.053125 0.209602 0.00113773
20 0.845313 0.640515 0.078125 0.0702576 0.00107288
20 0.516016 0.663788 0.322656 0.42418 0.959961
20 0.181445 0.678571 0.357031 0.485948 0.949219
20 0.569531 0.784543 0.134375 0.187354 0.875
20 0.876758 0.640515 0.246484 0.45082 0.816406
20 0.79082 0.735363 0.262109 0.271663 0.756348
20 0.751172 0.735363 0.186719 0.262295 0.352295
20 0.0851563 0.594701 0.16582 0.32582 0.15979
20 0.814844 0.705943 0.157813 0.300059 0.0413208
20 0.876758 0.559133 0.246484 0.283372 0.0359497
20 0.774609 0.585334 0.0523438 0.0588407 0.0302124
20 0.836719 0.727752 0.18125 0.284543 0.0279083
20 0.78418 0.706089 0.169141 0.298595 0.0158997
20 0.865625 0.723507 0.128125 0.295375 0.00894928
20 0.80293 0.671546 0.109766 0.236534 0.00867462
20 0.737891 0.711944 0.0898438 0.210773 0.00775528
20 0.85 0.656909 0.078125 0.148712 0.00709534
20 0.722266 0.735363 0.136719 0.259953 0.00570679
20 0.842969 0.764637 0.167187 0.220141 0.00542831
0 0.647656 0.813817 0.046875 0.113583 0.00521851
20 0.85 0.631148 0.078125 0.0913349 0.00488663
5 0.182617 0.678571 0.35625 0.487119 0.00484848
20 0.595313 0.774005 0.157813 0.203747 0.00482941
0 0.569922 0.782201 0.135156 0.187354 0.00356483
20 0.811719 0.658226 0.117188 0.189403 0.00327301
20 0.882812 0.769321 0.090625 0.167447 0.00312424
20 0.853906 0.692037 0.20625 0.269321 0.0030632
20 0.532031 0.69555 0.203125 0.320843 0.00304031
20 0.804492 0.765808 0.100391 0.201405 0.00293541
20 0.647656 0.813817 0.046875 0.113583 0.00271416
20 0.126367 0.463115 0.0806641 0.0550351 0.00269318
5 0.51416 0.663788 0.324805 0.421838 0.0026722
0 0.123535 0.462529 0.0845703 0.0567916 0.00251198
20 0.837695 0.661007 0.180859 0.235363 0.00236893
20 0.590625 0.700088 0.170313 0.342213 0.00230598
20 0.909375 0.721897 0.171875 0.305621 0.00220871
20 0.752734 0.655738 0.110156 0.20726 0.0020504
20 0.555469 0.689696 0.242188 0.382904 0.00198746
20 0.0281738 0.587676 0.0526367 0.293033 0.00188923
20 0.8375 0.61007 0.171875 0.299766 0.00186062
20 0.85 0.68267 0.0875 0.17096 0.00183105
20 0.8625 0.777518 0.128125 0.199063 0.00182438
20 0.9 0.528688 0.196875 0.21897 0.0018034
0 0.80625 0.769906 0.096875 0.18267 0.00167465
20 0.55 0.668033 0.253125 0.26815 0.00166798
20 0.817187 0.76815 0.08125 0.18267 0.0015974
20 0.497266 0.738876 0.132031 0.271663 0.00152493
20 0.864062 0.673302 0.1125 0.187354 0.00148392
20 0.88125 0.741218 0.10625 0.263466 0.00143814
20 0.596094 0.635831 0.117188 0.211944 0.00138283
0 0.0851563 0.594701 0.16582 0.32582 0.00136662
20 0.785156 0.586066 0.0765625 0.0725995 0.00129414
20 0.641406 0.762881 0.06875 0.21897 0.00129414
20 0.820312 0.642272 0.121875 0.147541 0.0012846
20 0.878125 0.798595 0.084375 0.126464 0.00125504
20 0.51875 0.757611 0.176563 0.234192 0.00123978
20 0.611719 0.680913 0.129688 0.311475 0.00123501
0 0.471875 0.475995 0.0296875 0.0257611 0.00119686
20 0.773828 0.722482 0.127344 0.240047 0.00118351
20 0.649219 0.735363 0.053125 0.208431 0.00117397
0 0.560156 0.711944 0.0335938 0.0468384 0.00116539
0 0.772656 0.586066 0.053125 0.0608899 0.00113392
20 0.662109 0.704918 0.028125 0.126464 0.0011034
20 0.115137 0.739461 0.0763672 0.190867 0.00108624
20 0.79082 0.738876 0.108984 0.254098 0.00106525
20 0.909375 0.634075 0.18125 0.415691 0.00104809
20 0.515527 0.663934 0.32207 0.422717 0.95459
20 0.181445 0.679157 0.356641 0.483607 0.938965
20 0.569531 0.783958 0.132812 0.186183 0.890137
20 0.875781 0.641686 0.246875 0.451991 0.834473
20 0.790625 0.735363 0.260938 0.271663 0.756348
20 0.751172 0.735363 0.186719 0.262295 0.359375
20 0.0854492 0.596019 0.166016 0.327869 0.107788
20 0.814063 0.706089 0.157813 0.299766 0.0455322
20 0.876563 0.559719 0.245312 0.283372 0.0348816
20 0.835938 0.727166 0.18125 0.284543 0.0335999
20 0.774609 0.58548 0.0523438 0.058548 0.0284424
20 0.782813 0.706089 0.171875 0.299766 0.0183411
20 0.865625 0.723653 0.125 0.295082 0.0101318
20 0.801562 0.673888 0.107813 0.240047 0.00881195
20 0.7375 0.712529 0.0890625 0.210773 0.00847626
20 0.85 0.661592 0.078125 0.156909 0.00658798
0 0.647656 0.813817 0.046875 0.112412 0.00624084
20 0.843555 0.763466 0.166016 0.217799 0.00579834
20 0.722266 0.735363 0.136719 0.258782 0.00575256
5 0.182617 0.678571 0.35625 0.485948 0.00547028
20 0.597656 0.772248 0.154688 0.20726 0.00496292
20 0.85 0.631733 0.078125 0.0913349 0.00426483
0 0.569531 0.782201 0.134375 0.187354 0.00336266
20 0.531641 0.695697 0.202344 0.32055 0.00323486
20 0.882812 0.770492 0.0921875 0.168618 0.00317192
5 0.51416 0.664081 0.324805 0.421253 0.00300407
20 0.810742 0.65808 0.116016 0.189696 0.00293541
20 0.853906 0.696575 0.20625 0.276639 0.00276756
20 0.804688 0.765808 0.1 0.201405 0.00271416
20 0.647656 0.813817 0.046875 0.112412 0.0024929
20 0.907031 0.697892 0.182812 0.337237 0.00245285
20 0.559375 0.689842 0.234375 0.38144 0.0024147
20 0.751953 0.65808 0.108594 0.210773 0.00239754
20 0.591016 0.701259 0.169531 0.339871 0.002388
20 0.126367 0.463115 0.0808594 0.0544496 0.00227928
20 0.839063 0.663934 0.184375 0.241218 0.00225258
0 0.123438 0.462529 0.0847656 0.0562061 0.00224304
20 0.0279297 0.588407 0.0521484 0.293911 0.00187492
20 0.863281 0.777518 0.128125 0.199063 0.00184631
20 0.839844 0.614169 0.176563 0.299766 0.00179577
20 0.839063 0.683841 0.0953125 0.168618 0.00178909
20 0.550391 0.669789 0.252344 0.266979 0.00178242
0 0.80625 0.769906 0.0953125 0.181499 0.00176144
20 0.9 0.528396 0.196875 0.217213 0.00168705
20 0.791406 0.73829 0.107813 0.252927 0.00158501
20 0.882031 0.740047 0.109375 0.263466 0.00156689
20 0.642578 0.761124 0.0664062 0.220141 0.00150681
20 0.498828 0.737705 0.135156 0.274005 0.00147247
20 0.817187 0.76815 0.08125 0.181499 0.00143242
20 0.864062 0.673302 0.110937 0.189696 0.00141621
20 0.596094 0.635978 0.117188 0.212822 0.00137806
20 0.773828 0.722482 0.124219 0.241218 0.00129986
20 0.649219 0.735948 0.0523438 0.209602 0.00128937
20 0.612109 0.68267 0.128906 0.314988 0.00127411
20 0.783594 0.586651 0.078125 0.0725995 0.00124931
0 0.560156 0.711358 0.0328125 0.0456674 0.0012064
20 0.662109 0.704918 0.028125 0.126464 0.00117397
20 0.820508 0.643443 0.121484 0.148712 0.00116539
20 0.878125 0.796838 0.084375 0.131148 0.00116539
20 0.51875 0.759953 0.176563 0.227166 0.0011425
20 0.115234 0.738876 0.0761719 0.192037 0.00112915
0 0.0854492 0.596019 0.166016 0.327869 0.00112057
0 0.771875 0.586651 0.053125 0.0608899 0.0011034
0 0.471875 0.475995 0.0296875 0.0257611 0.00109005
20 0.846875 0.623536 0.195312 0.408665 0.00104809
0 0.807813 0.810304 0.0671875 0.0983607 0.00103188
20 0.515723 0.66452 0.32168 0.420375 0.94873
20 0.181445 0.679157 0.355078 0.482436 0.928223
20 0.56875 0.784543 0.132812 0.185012 0.913086
20 0.876758 0.642272 0.246484 0.454333 0.853027
20 0.789844 0.735363 0.260938 0.271663 0.754883
20 0.750781 0.735363 0.185938 0.262295 0.370117
20 0.0857666 0.597775 0.166357 0.331382 0.0772095
20 0.814258 0.705503 0.155859 0.300937 0.0574951
20 0.835938 0.725995 0.18125 0.285714 0.0460205
20 0.878125 0.579625 0.240625 0.323185 0.0304413
20 0.774609 0.585334 0.0523438 0.0588407 0.0249939
20 0.782813 0.705064 0.165625 0.301815 0.0212097
20 0.783594 0.735363 0.121875 0.259953 0.0145035
20 0.867188 0.723068 0.125 0.293911 0.012146
20 0.798633 0.669789 0.102734 0.23185 0.00926971
5 0.182422 0.677986 0.355859 0.484778 0.00666809
20 0.7375 0.713115 0.0890625 0.213115 0.00653839
0 0.647656 0.813817 0.0476562 0.112412 0.0064888
20 0.844531 0.763466 0.164062 0.217799 0.005867
20 0.85 0.665105 0.078125 0.166276 0.00584412
20 0.721484 0.735363 0.138281 0.257611 0.00551224
20 0.601562 0.772834 0.146875 0.206089 0.00502014
0 0.56875 0.782201 0.132812 0.186183 0.00363541
20 0.85 0.632318 0.078125 0.0913349 0.00348282
5 0.513672 0.66452 0.324219 0.419204 0.00333786
20 0.5625 0.69072 0.226562 0.379684 0.00298119
20 0.907813 0.700234 0.18125 0.331382 0.00290108
20 0.53125 0.693062 0.201563 0.31411 0.00287819
20 0.751563 0.654567 0.10625 0.202576 0.00284576
20 0.882812 0.770492 0.090625 0.168618 0.00269318
20 0.592188 0.702576 0.167187 0.337237 0.00237846
0 0.806445 0.769321 0.0933594 0.18267 0.00235939
20 0.810742 0.658665 0.112891 0.190867 0.00234985
20 0.797656 0.764637 0.0984375 0.203747 0.00231361
20 0.841406 0.66613 0.189063 0.246194 0.00222588
20 0.0301636 0.587237 0.0570557 0.310304 0.00194168
20 0.840625 0.683841 0.09375 0.168618 0.00183105
20 0.647656 0.813817 0.0476562 0.112412 0.00179577
20 0.842188 0.617681 0.182812 0.298595 0.00174809
20 0.8625 0.777518 0.128125 0.196721 0.00169373
0 0.123242 0.462529 0.0859375 0.0562061 0.00168705
20 0.885938 0.738876 0.115625 0.264637 0.00166798
20 0.55 0.671546 0.251563 0.263466 0.00165462
20 0.894531 0.539227 0.207813 0.238876 0.00160408
20 0.122559 0.461944 0.0880859 0.0562061 0.00157356
20 0.642188 0.76171 0.0671875 0.220141 0.00144386
20 0.8625 0.673888 0.107813 0.192037 0.00124931
20 0.782813 0.586651 0.08125 0.0737705 0.0012064
20 0.81875 0.765222 0.078125 0.19555 0.00120163
20 0.6125 0.683987 0.128125 0.318208 0.00119686
5 0.789844 0.735363 0.260938 0.271663 0.00117397
20 0.596094 0.637002 0.117188 0.215457 0.00115585
0 0.471875 0.476288 0.0296875 0.0263466 0.00109863
20 0.641406 0.806792 0.0453125 0.128806 0.00107288
0 0.772266 0.586651 0.0539063 0.0620609 0.00104809
0 0.807813 0.81089 0.065625 0.0971897 0.00104427
20 0.503125 0.734192 0.14375 0.28103 0.00103664
20 0.649219 0.736534 0.0523438 0.215457 0.00103188
0 0.807813 0.831382 0.03125 0.0538642 0.00101662
20 0.515723 0.66452 0.32168 0.420375 0.956543
20 0.181055 0.678571 0.354688 0.483607 0.936523
20 0.569141 0.784543 0.132031 0.185012 0.919434
20 0.876758 0.642857 0.246484 0.456674 0.869629
20 0.788867 0.735363 0.259766 0.271663 0.733887
20 0.750781 0.735363 0.1875 0.262295 0.379395
20 0.0853516 0.598946 0.166016 0.332553 0.176636
20 0.81582 0.706089 0.149609 0.309133 0.0881958
20 0.876367 0.559133 0.244141 0.283372 0.0344849
20 0.836133 0.728337 0.180859 0.283372 0.0343628
20 0.775 0.586066 0.053125 0.0608899 0.0233307
20 0.789258 0.735363 0.112109 0.259953 0.0197144
20 0.869531 0.723507 0.11875 0.297717 0.0119171
20 0.796875 0.674619 0.096875 0.240925 0.0114212
5 0.181836 0.6774 0.355469 0.485948 0.00772476
20 0.810938 0.745902 0.139063 0.240047 0.00728989
0 0.647656 0.813817 0.046875 0.112412 0.0068779
20 0.721094 0.735948 0.1375 0.258782 0.00674438
20 0.603906 0.778688 0.140625 0.194379 0.00664139
20 0.845508 0.76815 0.162109 0.213115 0.0064621
20 0.735156 0.716628 0.0796875 0.217799 0.00624084
0 0.807617 0.769321 0.0878906 0.18267 0.00619125
20 0.873438 0.776347 0.109375 0.196721 0.00614548
20 0.85 0.65808 0.078125 0.147541 0.00519943
0 0.569531 0.782201 0.132812 0.187354 0.00383949
20 0.85 0.633489 0.0765625 0.088993 0.00372124
20 0.907031 0.721311 0.160938 0.305621 0.00370789
5 0.514063 0.663788 0.324219 0.419496 0.00351143
20 0.885938 0.698039 0.226562 0.318208 0.00322342
20 0.530469 0.693794 0.198437 0.299766 0.00296974
20 0.839844 0.665691 0.185938 0.244731 0.00290108
20 0.59375 0.707845 0.164062 0.326698 0.00282288
20 0.752344 0.655884 0.10625 0.205796 0.00263214
20 0.0291016 0.590018 0.0547852 0.295375 0.00260162
20 0.5625 0.690281 0.228125 0.380562 0.00257111
20 0.80957 0.658665 0.112109 0.189696 0.00250244
20 0.835938 0.623536 0.176563 0.405152 0.002388
20 0.796094 0.764637 0.0953125 0.201405 0.00224304
20 0.123047 0.461944 0.0875 0.0562061 0.00219917
20 0.647656 0.813817 0.046875 0.112412 0.00208282
20 0.884375 0.761124 0.0890625 0.142857 0.00178242
20 0.550391 0.672131 0.25 0.255269 0.00177479
20 0.642969 0.762295 0.065625 0.220141 0.00168133
20 0.741406 0.693208 0.0984375 0.17096 0.00161648
0 0.807813 0.81089 0.065625 0.0971897 0.00148964
20 0.910937 0.640515 0.176563 0.426229 0.0014782
20 0.957812 0.729508 0.0828125 0.257611 0.00144386
20 0.612109 0.680328 0.128125 0.311475 0.00141621
20 0.781055 0.58548 0.0691406 0.0702576 0.00136662
20 0.9 0.529859 0.196875 0.220141 0.00129414
20 0.840625 0.683841 0.090625 0.166276 0.0012846
0 0.123242 0.462529 0.0859375 0.057377 0.00126934
5 0.788867 0.735363 0.259766 0.271663 0.00123501
0 0.471875 0.476288 0.0296875 0.0263466 0.00119686
0 0.773047 0.586066 0.0507812 0.059719 0.00119209
0 0.0853516 0.598946 0.166016 0.332553 0.00117874
0 0.171484 0.476874 0.0152344 0.0263466 0.00116539
0 0.807813 0.830211 0.028125 0.0562061 0.00116539
20 0.616406 0.751756 0.11875 0.234192 0.0011425
20 0.81875 0.766979 0.078125 0.18267 0.00110722
20 0.65 0.735363 0.0515625 0.208431 0.00107288
20 0.817969 0.644028 0.115625 0.148712 0.00106049
2 0.785937 0.735948 0.25625 0.274005 0.00105667
20 0.621875 0.773419 0.0875 0.197892 0.00104046
0 0.560156 0.710773 0.0328125 0.0444965 0.00101662
20 0.515234 0.66452 0.321094 0.420375 0.955566
20 0.180664 0.678571 0.354688 0.483607 0.932129
20 0.569141 0.784543 0.132031 0.186183 0.910645
20 0.875781 0.643003 0.246875 0.458724 0.880859
20 0.787305 0.735363 0.259766 0.274005 0.672363
20 0.750391 0.735363 0.188281 0.262295 0.307373
20 0.0852539 0.601288 0.166211 0.337237 0.219971
20 0.781445 0.710773 0.202734 0.307963 0.135742
20 0.816992 0.707406 0.147266 0.311183 0.0974121
20 0.778125 0.737705 0.13125 0.255269 0.0574951
20 0.875781 0.558548 0.245312 0.282201 0.0278015
20 0.837695 0.731265 0.180859 0.278689 0.0246124
20 0.775 0.586066 0.053125 0.0608899 0.0173035
20 0.851562 0.759368 0.153125 0.233021 0.0139542
20 0.797656 0.684865 0.0984375 0.260246 0.0106964
20 0.873438 0.723653 0.1125 0.300937 0.00967407
0 0.807813 0.768735 0.084375 0.18267 0.00888062
5 0.181641 0.676961 0.355469 0.486827 0.00861359
20 0.799219 0.751756 0.115625 0.227166 0.00809479
20 0.851367 0.697892 0.203516 0.286885 0.00775528
20 0.720313 0.736534 0.135937 0.259953 0.00661469
20 0.60625 0.78103 0.135937 0.192037 0.00653839
20 0.735156 0.717213 0.078125 0.21897 0.00631332
0 0.820312 0.765808 0.0734375 0.192037 0.00609589
20 0.876563 0.778103 0.103125 0.19555 0.00600433
0 0.647656 0.813817 0.046875 0.112412 0.00564194
20 0.850781 0.650468 0.0765625 0.127635 0.00387001
20 0.901563 0.722482 0.146875 0.306792 0.0036068
5 0.514453 0.663788 0.324219 0.419496 0.00353813
0 0.569531 0.782201 0.132812 0.185012 0.00332451
20 0.85 0.63466 0.075 0.086651 0.00319672
20 0.884375 0.698917 0.229687 0.316452 0.00288963
20 0.83457 0.624122 0.174609 0.403981 0.00276756
20 0.594531 0.715603 0.1625 0.313525 0.00275803
20 0.530469 0.696136 0.196875 0.286885 0.00273705
20 0.564844 0.690866 0.221875 0.379391 0.00265312
20 0.0293823 0.592506 0.0552979 0.297424 0.00261116
20 0.808594 0.658665 0.110937 0.189696 0.00226021
20 0.123438 0.461944 0.0871094 0.057377 0.00219154
20 0.85 0.67096 0.08125 0.174473 0.00212479
20 0.845117 0.627635 0.191016 0.279859 0.00211525
0 0.17168 0.476581 0.0152344 0.0269321 0.00205803
20 0.752344 0.663934 0.107813 0.220141 0.00203514
20 0.647656 0.813817 0.046875 0.112412 0.0018034
0 0.808594 0.811475 0.0625 0.0960187 0.00172043
20 0.644141 0.762881 0.0640625 0.21897 0.00162315
20 0.740625 0.693208 0.096875 0.17096 0.00155449
20 0.550781 0.673302 0.248438 0.250585 0.00154877
20 0.957812 0.728337 0.08125 0.257611 0.00148392
20 0.884375 0.76171 0.0890625 0.144028 0.00143242
20 0.612109 0.680328 0.128125 0.311475 0.00138283
20 0.79082 0.741803 0.0839844 0.221311 0.00134563
20 0.910937 0.642272 0.176563 0.428571 0.00130463
2 0.785156 0.735948 0.254688 0.274005 0.00130463
5 0.787305 0.735363 0.259766 0.274005 0.00125504
20 0.78125 0.721897 0.0859375 0.252927 0.00124931
0 0.807813 0.830211 0.028125 0.0562061 0.00118828
20 0.61875 0.751756 0.114063 0.236534 0.00117397
20 0.807813 0.768735 0.084375 0.18267 0.0011692
0 0.882812 0.771077 0.090625 0.169789 0.00111198
0 0.0852539 0.601288 0.166211 0.337237 0.00109863
20 0.621875 0.77459 0.0835937 0.193208 0.00106907
20 0.783594 0.585334 0.071875 0.0682084 0.00104809
0 0.471875 0.476288 0.0296875 0.0263466 0.00102043
0 0.773438 0.586066 0.05 0.059719 0.00101662
20 0.515234 0.66452 0.321875 0.420375 0.953125
20 0.180469 0.678571 0.354688 0.483607 0.924805
20 0.569141 0.784543 0.132031 0.186183 0.904785
20 0.875195 0.645345 0.246484 0.461066 0.884277
20 0.783594 0.735363 0.253125 0.275176 0.596191
20 0.732813 0.735363 0.151562 0.264637 0.23938
20 0.0852295 0.604362 0.16665 0.34397 0.234375
20 0.791406 0.710626 0.182812 0.309426 0.154053
20 0.81582 0.700381 0.140234 0.297131 0.0755615
20 0.78125 0.737705 0.123438 0.25644 0.0510864
20 0.833594 0.716042 0.184375 0.307963 0.0236053
20 0.875195 0.557962 0.246484 0.28103 0.0228882
20 0.84375 0.761124 0.16875 0.224824 0.0151901
20 0.775 0.586066 0.0546875 0.0620609 0.0129242
20 0.828906 0.737705 0.329688 0.289227 0.0109863
20 0.799219 0.690866 0.103125 0.271663 0.00997162
0 0.808008 0.768735 0.0808594 0.18267 0.00963593
20 0.875 0.723653 0.109375 0.30445 0.00847626
5 0.181299 0.676669 0.355371 0.487412 0.00837708
20 0.796875 0.754684 0.109375 0.223653 0.00775528
0 0.821094 0.765808 0.071875 0.189696 0.00757599
20 0.606641 0.78103 0.135937 0.189696 0.00616837
20 0.878125 0.778688 0.1 0.196721 0.00595856
20 0.735547 0.717799 0.0773438 0.220141 0.00582123
20 0.865625 0.716628 0.15 0.307963 0.00432968
0 0.647656 0.813817 0.046875 0.112412 0.00382423
20 0.901563 0.722482 0.146875 0.310304 0.00369263
20 0.832031 0.625293 0.170313 0.405152 0.00359344
20 0.851562 0.644028 0.075 0.112412 0.00329781
5 0.514453 0.66452 0.324219 0.420375 0.00319672
20 0.886133 0.701405 0.224609 0.314988 0.00293541
20 0.594531 0.720726 0.1625 0.303279 0.00271416
0 0.569531 0.782201 0.132812 0.186183 0.00271416
0 0.17168 0.476581 0.015625 0.0275176 0.00270462
20 0.53125 0.699063 0.195312 0.275176 0.00268364
20 0.565625 0.690281 0.221875 0.379391 0.00264168
20 0.908594 0.644614 0.179688 0.426229 0.00247192
20 0.841406 0.667447 0.1875 0.249415 0.002388
20 0.808594 0.659251 0.110937 0.189696 0.00220871
20 0.0298828 0.594701 0.05625 0.3024 0.00215721
20 0.847656 0.638173 0.078125 0.0796253 0.00206757
20 0.123633 0.461651 0.0871094 0.057377 0.00200272
20 0.75625 0.708577 0.201563 0.325234 0.00167465
20 0.751563 0.67096 0.1125 0.234192 0.00163555
0 0.809375 0.811475 0.0625 0.0960187 0.00161648
20 0.958594 0.728337 0.08125 0.257611 0.00159168
20 0.645312 0.813817 0.0421875 0.115925 0.00157356
20 0.850781 0.67096 0.08125 0.173302 0.00148964
20 0.645312 0.763466 0.0609375 0.217799 0.00148964
20 0.612109 0.681352 0.128125 0.31411 0.00139427
2 0.783594 0.735363 0.253125 0.275176 0.00139427
20 0.740625 0.693208 0.096875 0.168618 0.00136662
20 0.550781 0.675059 0.246875 0.247073 0.00136662
20 0.782031 0.722482 0.084375 0.252927 0.00129986
5 0.792188 0.736534 0.271875 0.278689 0.00123501
20 0.639063 0.686036 0.075 0.248536 0.00119686
20 0.621094 0.751756 0.109375 0.236534 0.00113773
20 0.622656 0.775176 0.0804688 0.190867 0.00111198
20 0.7125 0.73185 0.13125 0.238876 0.00110722
0 0.795313 0.764637 0.090625 0.201405 0.00108147
20 0.884375 0.762295 0.090625 0.145199 0.00104809
0 0.808594 0.827283 0.028125 0.0632318 0.00101662
20 0.514746 0.66452 0.32207 0.420375 0.947266
20 0.180469 0.678132 0.354688 0.484485 0.916016
20 0.56875 0.784543 0.13125 0.187354 0.896484
20 0.874219 0.64637 0.246875 0.4637 0.88623
20 0.782031 0.735363 0.251563 0.275176 0.571777
20 0.733984 0.735363 0.153906 0.264637 0.225464
20 0.0853516 0.606411 0.167187 0.346897 0.188354
20 0.8 0.710919 0.164062 0.311183 0.160278
20 0.782031 0.737705 0.120313 0.255269 0.0483093
20 0.801758 0.705064 0.115234 0.304157 0.0243378
20 0.834375 0.715457 0.184375 0.309133 0.0234222
20 0.875 0.557962 0.246875 0.28103 0.0181885
20 0.844531 0.761124 0.167187 0.224824 0.0143356
20 0.829688 0.737705 0.329688 0.289227 0.0118256
20 0.775 0.586797 0.0546875 0.0629391 0.0108185
0 0.808594 0.768735 0.078125 0.18267 0.00905609
20 0.875 0.7238 0.109375 0.306499 0.00874329
5 0.181299 0.676961 0.355371 0.489169 0.0077858
20 0.796094 0.755269 0.109375 0.222482 0.00757599
0 0.821875 0.765808 0.071875 0.190867 0.00712204
20 0.878906 0.778688 0.0984375 0.199063 0.00624084
20 0.735938 0.718384 0.0765625 0.221311 0.00575256
20 0.606641 0.782201 0.135937 0.189696 0.00524139
20 0.867188 0.716628 0.15 0.310304 0.00413513
20 0.905469 0.722482 0.153125 0.311475 0.00405502
20 0.83125 0.627049 0.170313 0.407494 0.00340271
20 0.850781 0.642857 0.075 0.108899 0.00302696
5 0.514453 0.66452 0.324219 0.420375 0.0029583
20 0.8875 0.700234 0.221875 0.318501 0.00288963
0 0.647656 0.813817 0.046875 0.112412 0.00275803
20 0.566797 0.691013 0.21875 0.379098 0.00259018
20 0.909375 0.645199 0.178125 0.428571 0.00251198
20 0.531641 0.70082 0.19375 0.26815 0.00250244
0 0.17168 0.476581 0.015625 0.0275176 0.0024929
20 0.594531 0.724239 0.1625 0.296253 0.00239754
20 0.842188 0.669789 0.189063 0.255269 0.00219917
0 0.569531 0.782201 0.132812 0.185012 0.00219917
20 0.808594 0.659251 0.110937 0.190867 0.00204277
20 0.850781 0.632318 0.203125 0.283372 0.00201988
20 0.757031 0.708431 0.201563 0.324356 0.00201988
20 0.847656 0.639344 0.078125 0.0796253 0.00197983
20 0.0305542 0.59719 0.0574463 0.307963 0.00178909
20 0.959375 0.728337 0.08125 0.25644 0.00178242
20 0.123633 0.461651 0.0871094 0.0579625 0.00157928
20 0.751563 0.675498 0.114063 0.241511 0.00142097
20 0.791406 0.742974 0.0828125 0.220141 0.00141621
2 0.782031 0.735363 0.251563 0.275176 0.00140476
0 0.807813 0.807962 0.0625 0.103044 0.00138855
20 0.645312 0.813817 0.0421875 0.115925 0.00137806
20 0.782031 0.722482 0.0828125 0.252927 0.00133038
20 0.645703 0.763466 0.0609375 0.217799 0.00131512
20 0.850781 0.670375 0.0796875 0.173302 0.00129986
20 0.6125 0.683841 0.128125 0.318501 0.00126457
20 0.641406 0.688525 0.0703125 0.250585 0.00124454
20 0.896875 0.758782 0.128125 0.241218 0.00122547
20 0.551562 0.676229 0.246875 0.245902 0.00121117
5 0.787695 0.736534 0.265234 0.276347 0.0012064
20 0.740234 0.692037 0.0960938 0.168618 0.00117397
20 0.529688 0.689549 0.242969 0.358607 0.00113392
20 0.712109 0.731265 0.130469 0.238876 0.00113392
20 0.623047 0.775761 0.0789063 0.190867 0.00112915
0 0.795508 0.764637 0.0902344 0.201405 0.00109005
20 0.621094 0.751756 0.109375 0.237705 0.00100803
20 0.514941 0.66452 0.323242 0.420375 0.944824
20 0.180469 0.678132 0.354688 0.484485 0.909668
20 0.56875 0.784543 0.13125 0.187354 0.897461
20 0.874219 0.64637 0.246875 0.4637 0.885742
20 0.779688 0.735363 0.246875 0.276347 0.541016
20 0.732813 0.735363 0.153125 0.266979 0.23938
20 0.0854248 0.607582 0.167432 0.349239 0.188965
20 0.809375 0.710187 0.14375 0.311475 0.181274
20 0.767969 0.730679 0.16875 0.271663 0.125122
20 0.78418 0.737705 0.112891 0.255269 0.0445251
20 0.848633 0.735363 0.162109 0.285714 0.016922
20 0.829688 0.737705 0.33125 0.290398 0.0154266
20 0.875 0.55767 0.246875 0.280445 0.0150757
0 0.808594 0.76815 0.075 0.18267 0.0109482
20 0.775781 0.586066 0.0546875 0.0632318 0.0100555
20 0.800781 0.695404 0.104688 0.281323 0.00971222
20 0.855469 0.698478 0.215625 0.293911 0.00963593
0 0.821875 0.765808 0.06875 0.189696 0.0091629
20 0.796094 0.757611 0.10625 0.217799 0.00912476
20 0.880469 0.745902 0.0984375 0.262295 0.00905609
5 0.181055 0.6774 0.355078 0.48829 0.00748825
20 0.736719 0.71897 0.075 0.222482 0.00619125
20 0.607031 0.783372 0.134375 0.187354 0.00559998
20 0.871875 0.714871 0.153125 0.316159 0.00471878
20 0.907031 0.721897 0.154688 0.316159 0.00471878
20 0.85625 0.771663 0.14375 0.215457 0.00443268
20 0.832031 0.627635 0.170313 0.408665 0.00429916
20 0.850781 0.637002 0.0734375 0.0843091 0.00344276
0 0.171777 0.476581 0.0158203 0.028103 0.00335121
20 0.892188 0.70243 0.209375 0.316452 0.00309944
20 0.910937 0.648712 0.175 0.421546 0.00277901
20 0.533594 0.706674 0.189844 0.251756 0.00270462
20 0.56875 0.689549 0.214844 0.379684 0.00270462
5 0.514453 0.665252 0.324219 0.421253 0.00261116
20 0.594922 0.72541 0.1625 0.296253 0.00252151
0 0.647656 0.813817 0.046875 0.112412 0.00243378
20 0.807813 0.659251 0.110937 0.192037 0.00235939
20 0.850781 0.633343 0.203125 0.290691 0.00211525
20 0.959375 0.728337 0.08125 0.257611 0.00210762
0 0.569531 0.782201 0.132812 0.186183 0.00203514
20 0.030957 0.612412 0.0568359 0.333724 0.00190449
20 0.124219 0.461651 0.0863281 0.0579625 0.00182438
0 0.794531 0.764637 0.0875 0.201405 0.00158501
20 0.782813 0.722482 0.08125 0.252927 0.00155449
20 0.901563 0.758782 0.135937 0.24356 0.00153637
20 0.645312 0.813817 0.0421875 0.114754 0.00148392
20 0.646094 0.689696 0.0609375 0.247073 0.0014782
20 0.612109 0.684865 0.128906 0.321136 0.00143242
0 0.807813 0.81089 0.059375 0.0960187 0.00141621
20 0.882812 0.771663 0.090625 0.17096 0.00135612
20 0.624219 0.776347 0.075 0.188525 0.00129986
20 0.7125 0.730679 0.129688 0.238876 0.00126457
20 0.646875 0.764637 0.059375 0.215457 0.00124454
20 0.632031 0.67784 0.0921875 0.25322 0.00123501
20 0.551953 0.67579 0.246094 0.245609 0.00121117
20 0.752344 0.672278 0.117188 0.236241 0.00120163
20 0.904688 0.574941 0.189063 0.306792 0.00119686
2 0.779688 0.735363 0.246875 0.276347 0.00119209
5 0.785937 0.735948 0.264062 0.277518 0.00117874
20 0.740234 0.691452 0.0960938 0.165105 0.0011692
0 0.814063 0.732436 0.0453125 0.119438 0.00114727
20 0.530469 0.689549 0.240625 0.358607 0.00112438
20 0.851562 0.670375 0.078125 0.17096 0.00108147
20 0.623438 0.751756 0.10625 0.238876 0.00101662
20 0.514941 0.665252 0.323242 0.421253 0.941895
20 0.180664 0.678132 0.354297 0.484485 0.901855
20 0.56875 0.784543 0.13125 0.187354 0.896973
20 0.875 0.64637 0.246875 0.4637 0.882324
20 0.77832 0.735363 0.246484 0.275176 0.527344
20 0.73125 0.735948 0.15 0.265808 0.287842
20 0.0851563 0.607728 0.165625 0.348946 0.258301
20 0.810938 0.710187 0.139063 0.311475 0.20813
20 0.775781 0.729508 0.15 0.274005 0.133911
20 0.785937 0.737705 0.109375 0.25644 0.0497742
20 0.849805 0.734192 0.159766 0.288056 0.0202484
20 0.875 0.557962 0.246875 0.28103 0.0145569
20 0.829883 0.737119 0.330859 0.289227 0.0141754
20 0.775781 0.586505 0.0546875 0.0635246 0.0119171
20 0.88125 0.745902 0.096875 0.264637 0.0112
20 0.853906 0.697307 0.2125 0.29274 0.0107346
20 0.800781 0.69555 0.104688 0.28103 0.0106964
0 0.808008 0.768735 0.0746094 0.183841 0.0105667
0 0.821875 0.765808 0.06875 0.189696 0.00891876
5 0.181201 0.6774 0.354785 0.48829 0.00737381
20 0.736719 0.719555 0.075 0.223653 0.0068512
20 0.79707 0.763466 0.102734 0.206089 0.00614548
20 0.909375 0.721897 0.159375 0.31733 0.00582123
20 0.607031 0.783372 0.134375 0.187354 0.00547028
20 0.875 0.714871 0.148438 0.31733 0.00544739
20 0.85625 0.771663 0.14375 0.217799 0.00519943
20 0.829688 0.628806 0.167187 0.409836 0.00460815
20 0.850781 0.637002 0.0734375 0.0843091 0.00387001
0 0.171875 0.476581 0.0160156 0.028103 0.0036068
20 0.911719 0.650029 0.173438 0.418911 0.00313568
20 0.959375 0.728337 0.0796875 0.255269 0.00294685
20 0.533984 0.707845 0.188281 0.249415 0.00283432
20 0.807813 0.659104 0.110937 0.19233 0.00274658
20 0.573047 0.69072 0.20625 0.377342 0.00273705
20 0.744531 0.717799 0.0546875 0.210773 0.0027256
20 0.0316406 0.612998 0.0581055 0.333724 0.00271416
20 0.595313 0.725995 0.1625 0.295082 0.00270462
0 0.647266 0.813817 0.0460938 0.112412 0.00236893
5 0.514453 0.665105 0.324219 0.420375 0.00234222
20 0.850781 0.63466 0.201563 0.290398 0.00223351
20 0.124414 0.461944 0.0859375 0.057377 0.00215721
20 0.790625 0.74356 0.0828125 0.220141 0.00199509
20 0.903906 0.758197 0.140625 0.244731 0.00194931
0 0.569531 0.782201 0.132812 0.185012 0.00193405
20 0.647656 0.68911 0.0578125 0.24356 0.00172043
20 0.611719 0.685597 0.129688 0.322014 0.00164223
20 0.645312 0.813817 0.0421875 0.114754 0.00156689
0 0.794531 0.764637 0.0875 0.201405 0.00155449
20 0.882812 0.772248 0.090625 0.172131 0.00152493
20 0.635156 0.679011 0.0859375 0.250878 0.00152493
0 0.808594 0.81089 0.059375 0.0960187 0.00146675
20 0.712109 0.730094 0.130469 0.238876 0.00141048
20 0.624609 0.776347 0.0734375 0.187354 0.00139427
20 0.646875 0.764637 0.059375 0.215457 0.00134563
5 0.785742 0.735363 0.262891 0.276347 0.00127888
20 0.0475586 0.611827 0.0896484 0.339578 0.00127411
20 0.90625 0.574941 0.1875 0.306792 0.00127411
20 0.552344 0.675059 0.245312 0.244731 0.0012598
20 0.753516 0.659251 0.116406 0.208431 0.00121593
20 0.531641 0.68911 0.239063 0.359485 0.0012064
20 0.851562 0.669789 0.078125 0.17096 0.00117874
20 0.740625 0.690866 0.0953125 0.163934 0.00115585
20 0.816992 0.643443 0.109766 0.147541 0.00113773
20 0.625781 0.751756 0.101562 0.238876 0.00110722
0 0.813281 0.729508 0.04375 0.112412 0.00105286
2 0.77832 0.735363 0.246484 0.275176 0.00103188
20 0.514941 0.665252 0.323242 0.421253 0.941406
20 0.56875 0.784543 0.13125 0.186183 0.901855
20 0.180811 0.678132 0.354004 0.484485 0.901367
20 0.875 0.646224 0.246875 0.463993 0.880859
20 0.779492 0.735363 0.247266 0.274005 0.525391
20 0.730469 0.735948 0.148438 0.265808 0.325928
20 0.0853271 0.607582 0.167236 0.346897 0.299072
20 0.811719 0.710187 0.139063 0.312646 0.237915
20 0.78125 0.729508 0.139063 0.274005 0.147095
20 0.795313 0.754098 0.101562 0.220141 0.0367737
20 0.841406 0.746487 0.175 0.251756 0.0279083
20 0.875 0.558548 0.246875 0.282201 0.0156021
20 0.775781 0.586066 0.0546875 0.0644028 0.0152512
20 0.88125 0.744731 0.1 0.266979 0.0149536
20 0.83125 0.737119 0.328125 0.289227 0.0144501
20 0.88125 0.779274 0.09375 0.197892 0.0123825
20 0.854492 0.696868 0.212891 0.292447 0.0115967
20 0.8 0.694965 0.104688 0.28103 0.0113297
0 0.807617 0.769321 0.0753906 0.18267 0.0110703
0 0.821875 0.765808 0.06875 0.189696 0.00878143
20 0.736719 0.719555 0.075 0.223653 0.00775528
5 0.181201 0.677986 0.354785 0.487119 0.00772476
20 0.910937 0.722336 0.1625 0.316452 0.00740433
20 0.855469 0.770492 0.145313 0.217799 0.0064888
20 0.875 0.71531 0.15 0.316452 0.00612259
20 0.607422 0.783958 0.134375 0.186183 0.00559998
20 0.959375 0.728337 0.078125 0.255269 0.0046463
20 0.828906 0.628806 0.164062 0.409836 0.0042305
20 0.850781 0.636417 0.0734375 0.0843091 0.00413513
20 0.0324219 0.612412 0.0595703 0.333724 0.00369263
0 0.171875 0.476581 0.0160156 0.028103 0.00365067
20 0.911719 0.648712 0.173438 0.421546 0.00323486
20 0.744531 0.717799 0.0546875 0.210773 0.00312424
20 0.595313 0.727752 0.1625 0.291569 0.00296974
20 0.808594 0.659251 0.110937 0.192037 0.00294685
20 0.533594 0.704918 0.189063 0.255269 0.00279045
20 0.576953 0.691891 0.198437 0.375 0.00271416
0 0.647266 0.813817 0.0460938 0.112412 0.00252151
20 0.124414 0.461651 0.0855469 0.057377 0.0024929
20 0.85 0.635978 0.201563 0.290105 0.0024147
5 0.514453 0.665105 0.325 0.421546 0.00228691
20 0.648828 0.689696 0.0554687 0.240047 0.00205803
0 0.569531 0.782201 0.132812 0.185012 0.00199509
20 0.782813 0.722482 0.078125 0.252927 0.00190449
20 0.612109 0.686183 0.128906 0.322014 0.00184631
20 0.6375 0.679742 0.08125 0.249415 0.00183105
20 0.0472656 0.611827 0.0888672 0.339578 0.0017271
20 0.645312 0.813817 0.0421875 0.114754 0.00170708
20 0.7125 0.729508 0.13125 0.238876 0.00169373
20 0.646484 0.764637 0.059375 0.215457 0.00158501
0 0.794531 0.764637 0.0875 0.201405 0.00155449
20 0.851562 0.669789 0.078125 0.172131 0.00154877
20 0.624609 0.776347 0.0734375 0.187354 0.0015192
0 0.807813 0.811475 0.059375 0.0960187 0.00148964
20 0.755078 0.641686 0.114844 0.174473 0.00141048
5 0.785156 0.736534 0.2625 0.276347 0.00137806
20 0.90625 0.57582 0.185938 0.308548 0.00131512
20 0.817187 0.643443 0.110937 0.148712 0.00127888
20 0.627734 0.751756 0.0976562 0.238876 0.00127411
20 0.532422 0.689842 0.236719 0.360363 0.00126457
20 0.552734 0.674619 0.244531 0.243267 0.00124931
20 0.740625 0.692037 0.096875 0.163934 0.00123024
20 0.884375 0.763466 0.090625 0.147541 0.00107288
20 0.757031 0.721311 0.078125 0.229508 0.00106907
0 0.0853271 0.607728 0.168018 0.351288 0.00102425
20 0.599219 0.783958 0.0664062 0.18267 0.00100803
20 0.514941 0.665105 0.323242 0.421546 0.942383
20 0.56875 0.784543 0.13125 0.186183 0.903809
20 0.180859 0.678571 0.353906 0.483607 0.903809
20 0.875 0.64637 0.246875 0.4637 0.879883
20 0.779688 0.736534 0.248438 0.274005 0.523438
20 0.729688 0.735948 0.146875 0.265808 0.37207
20 0.0853271 0.607143 0.167236 0.346604 0.368408
20 0.810742 0.709455 0.137891 0.311768 0.259766
20 0.766016 0.722482 0.183594 0.288056 0.15918
20 0.782813 0.730094 0.132812 0.272834 0.157104
20 0.795313 0.75644 0.101562 0.215457 0.0450134
20 0.841406 0.752927 0.175 0.237705 0.0310211
20 0.8375 0.709016 0.189063 0.322014 0.0192719
20 0.775781 0.586066 0.0546875 0.0644028 0.0188293
20 0.875 0.557962 0.246875 0.28103 0.0179138
20 0.88125 0.747073 0.1 0.262295 0.0175171
20 0.8 0.694379 0.103125 0.278689 0.0124283
0 0.808594 0.769321 0.0765625 0.18267 0.0122375
20 0.834375 0.737119 0.321875 0.288056 0.011467
0 0.821875 0.765808 0.06875 0.189696 0.00948334
20 0.736719 0.719555 0.075 0.223653 0.00857544
20 0.908594 0.722336 0.157813 0.316452 0.0085144
5 0.181445 0.677986 0.354688 0.487119 0.0085144
20 0.875781 0.715457 0.145313 0.316159 0.00717545
20 0.032312 0.612412 0.0592041 0.332553 0.00521851
20 0.959375 0.727752 0.078125 0.254098 0.0051384
20 0.607813 0.783958 0.134375 0.185012 0.00494385
20 0.82832 0.62822 0.162109 0.408665 0.00484848
20 0.85 0.636417 0.075 0.0843091 0.00468063
0 0.171875 0.476288 0.0160156 0.028103 0.00455475
20 0.807617 0.658665 0.109766 0.192037 0.00355148
20 0.9125 0.652225 0.171875 0.407494 0.00353813
20 0.744922 0.717799 0.0546875 0.210773 0.00352478
20 0.124609 0.461944 0.0851563 0.057377 0.00338936
20 0.595313 0.725995 0.161719 0.295082 0.00333786
20 0.903125 0.758197 0.140625 0.24356 0.00304031
20 0.533203 0.704333 0.190625 0.258782 0.00296974
20 0.58125 0.693062 0.190625 0.372658 0.00284576
0 0.647266 0.813817 0.0460938 0.112412 0.00282288
20 0.0464355 0.611827 0.087207 0.338407 0.00254059
20 0.848437 0.636417 0.196875 0.286885 0.00252151
5 0.514453 0.665105 0.324219 0.421546 0.00232315
20 0.882812 0.772834 0.090625 0.173302 0.00227928
20 0.649219 0.688525 0.0546875 0.237705 0.00218201
20 0.782617 0.722482 0.0785156 0.252927 0.00209999
20 0.611719 0.685597 0.129688 0.320843 0.00209999
0 0.569531 0.782201 0.133594 0.185012 0.0020504
20 0.639844 0.679742 0.0773438 0.247073 0.00201035
20 0.645312 0.813817 0.0421875 0.114754 0.00184631
0 0.794531 0.764637 0.0875 0.201405 0.0017271
20 0.645703 0.765222 0.0609375 0.214286 0.0017271
20 0.850781 0.669789 0.078125 0.17096 0.0017004
0 0.808594 0.811475 0.0609375 0.0960187 0.00161648
5 0.79082 0.736534 0.271484 0.276347 0.00161076
20 0.817187 0.643443 0.110937 0.148712 0.00158501
20 0.624219 0.776347 0.0742188 0.187354 0.00157928
20 0.907813 0.574356 0.184375 0.305621 0.00155449
20 0.757031 0.620755 0.1125 0.133197 0.00153637
20 0.533594 0.689696 0.235938 0.360656 0.00139904
20 0.553125 0.673156 0.24375 0.243852 0.00138283
20 0.627734 0.751756 0.0976562 0.236534 0.00137234
20 0.740625 0.691452 0.096875 0.163934 0.00126457
20 0.633203 0.706674 0.0859375 0.276347 0.00115108
20 0.757031 0.721311 0.078125 0.228337 0.00113773
20 0.878125 0.807962 0.084375 0.131148 0.00102806
20 0.835938 0.650468 0.053125 0.0526932 0.00100422
20 0.515234 0.664959 0.323438 0.421838 0.944824
20 0.56875 0.784543 0.13125 0.186183 0.908691
20 0.180859 0.678571 0.353516 0.483607 0.908203
20 0.875 0.646516 0.246875 0.463407 0.884766
20 0.777344 0.733607 0.245312 0.278689 0.53125
20 0.0854736 0.607143 0.167334 0.345433 0.40918
20 0.728906 0.735948 0.145313 0.265808 0.383057
20 0.810938 0.709455 0.1375 0.311768 0.262939
20 0.766016 0.722482 0.180469 0.289227 0.180054
20 0.785156 0.729508 0.126563 0.274005 0.151978
20 0.795313 0.757611 0.101562 0.213115 0.0456848
20 0.849219 0.736534 0.160938 0.283372 0.0310211
20 0.775781 0.586066 0.0546875 0.0644028 0.0206451
20 0.875 0.55767 0.246875 0.280445 0.0185394
20 0.88125 0.749415 0.096875 0.257611 0.0183411
20 0.855469 0.692037 0.214062 0.283372 0.0130692
20 0.799219 0.693208 0.103125 0.276347 0.0129242
0 0.80957 0.769321 0.0777344 0.18267 0.0126266
20 0.83457 0.737119 0.321484 0.288056 0.0106506
0 0.821875 0.765808 0.06875 0.189696 0.0102463
20 0.736719 0.719555 0.075 0.223653 0.00888062
5 0.181445 0.677986 0.354688 0.487119 0.00871277
20 0.907813 0.721897 0.153125 0.31733 0.00857544
20 0.855469 0.771663 0.145313 0.217799 0.00784302
20 0.876563 0.714871 0.148438 0.31733 0.00766754
20 0.608203 0.784543 0.132812 0.185012 0.00600433
20 0.0317383 0.612559 0.0582031 0.33226 0.00588989
0 0.171875 0.476288 0.0160156 0.028103 0.00568771
20 0.959375 0.727752 0.078125 0.254098 0.00536346
20 0.82793 0.627635 0.162891 0.409836 0.00524139
20 0.850781 0.637002 0.0734375 0.0843091 0.00486755
20 0.124805 0.461944 0.084375 0.0567916 0.00399017
20 0.808594 0.658665 0.109375 0.192037 0.00388527
20 0.744922 0.717213 0.0539063 0.209602 0.00369263
20 0.595313 0.728337 0.161719 0.290398 0.00352478
20 0.9125 0.653981 0.171875 0.398126 0.00351143
20 0.901563 0.758782 0.1375 0.242389 0.00317192
20 0.533594 0.705503 0.190625 0.25644 0.0030632
0 0.647266 0.813817 0.0453125 0.112412 0.00296974
20 0.582812 0.693794 0.185938 0.371194 0.00296974
20 0.0459961 0.611827 0.0863281 0.338407 0.00286674
20 0.848437 0.636417 0.196875 0.289227 0.00259018
20 0.65 0.688671 0.053125 0.236241 0.00242424
20 0.882812 0.772834 0.090625 0.172131 0.00234222
20 0.611719 0.686183 0.129688 0.320843 0.00226021
20 0.782617 0.722482 0.0785156 0.252927 0.00223351
20 0.642969 0.680328 0.071875 0.244731 0.00223351
5 0.514453 0.665105 0.324219 0.421546 0.00219917
20 0.644922 0.813817 0.0414063 0.114754 0.00204277
0 0.569531 0.782201 0.133594 0.185012 0.00201035
20 0.646094 0.764637 0.059375 0.215457 0.00195694
20 0.533594 0.673156 0.210938 0.405445 0.00191212
0 0.79375 0.764637 0.0875 0.200234 0.00179577
20 0.816406 0.642711 0.109375 0.147834 0.00174809
0 0.808594 0.811475 0.059375 0.0960187 0.00171375
5 0.789844 0.735948 0.270313 0.276347 0.00171375
20 0.624219 0.776347 0.0734375 0.187354 0.00166798
20 0.908594 0.573185 0.18125 0.303279 0.00162315
20 0.757422 0.612998 0.111719 0.117096 0.00160408
20 0.850781 0.669789 0.078125 0.17096 0.00156689
20 0.629687 0.751756 0.0929688 0.236534 0.00155449
20 0.553125 0.673888 0.24375 0.242389 0.00137234
20 0.853125 0.647541 0.071875 0.129977 0.00131512
20 0.740625 0.692037 0.096875 0.163934 0.00131512
20 0.634766 0.707845 0.0828125 0.272834 0.00124454
20 0.757031 0.721311 0.078125 0.229508 0.00118828
20 0.878125 0.807962 0.084375 0.131148 0.00106049
20 0.625781 0.742389 0.0523438 0.124122 0.00104427
17 0.0851563 0.607582 0.167578 0.349239 0.00104427
20 0.599219 0.783958 0.0664062 0.18267 0.00103664
20 0.835938 0.651054 0.0515625 0.0515222 0.00101662
20 0.744531 0.771663 0.021875 0.086651 0.00100422
20 0.515234 0.664959 0.323438 0.421838 0.948242
20 0.180859 0.678571 0.353125 0.483607 0.912598
20 0.56875 0.784543 0.13125 0.186183 0.909668
20 0.875 0.645784 0.246875 0.462529 0.888184
20 0.776563 0.734192 0.24375 0.278689 0.544922
20 0.085376 0.607582 0.167139 0.344555 0.44751
20 0.727734 0.735948 0.142969 0.265808 0.399902
20 0.810156 0.709602 0.134375 0.312646 0.262939
20 0.764063 0.722482 0.18125 0.289227 0.185913
20 0.786133 0.728337 0.124609 0.276347 0.150024
20 0.795313 0.757611 0.101562 0.213115 0.0462036
20 0.849219 0.738876 0.160938 0.278689 0.0307922
20 0.775781 0.586066 0.05625 0.0644028 0.0217743
20 0.88125 0.751756 0.096875 0.252927 0.0191193
20 0.875 0.557084 0.246875 0.279274 0.0189056
20 0.838281 0.708431 0.190625 0.323185 0.0187683
20 0.799219 0.692037 0.101562 0.274005 0.0135345
0 0.808594 0.769321 0.078125 0.18267 0.0126266
0 0.821875 0.765808 0.0703125 0.189696 0.0104523
20 0.835938 0.737705 0.31875 0.288056 0.00955963
20 0.736719 0.72014 0.075 0.224824 0.00930023
5 0.181445 0.678571 0.354297 0.485948 0.00930023
20 0.90625 0.721897 0.15 0.31733 0.0086441
20 0.855469 0.771663 0.145313 0.215457 0.00803375
20 0.876563 0.714871 0.15 0.318501 0.00784302
20 0.608984 0.783958 0.13125 0.185012 0.00677109
0 0.171777 0.475995 0.0162109 0.028103 0.00671768
20 0.0314331 0.612559 0.0574463 0.33226 0.00658798
20 0.828125 0.627635 0.1625 0.409836 0.00551224
20 0.959375 0.727752 0.078125 0.252927 0.00530243
20 0.85 0.637002 0.075 0.0831382 0.00488663
20 0.125 0.461944 0.0839844 0.0562061 0.00462723
20 0.807813 0.658665 0.109375 0.190867 0.00416565
20 0.595703 0.727166 0.160938 0.29274 0.00383949
20 0.744922 0.717213 0.0539063 0.209602 0.00380898
20 0.9125 0.657494 0.171875 0.385246 0.00342941
0 0.647266 0.813817 0.0453125 0.112412 0.00331116
20 0.0455566 0.611827 0.0854492 0.338407 0.00329781
20 0.533594 0.706089 0.189844 0.255269 0.00314713
20 0.65 0.688525 0.053125 0.234192 0.0026207
20 0.84668 0.636856 0.194141 0.288349 0.00257111
20 0.611719 0.685597 0.129688 0.320843 0.00250244
20 0.882812 0.772834 0.090625 0.17096 0.00244331
20 0.782813 0.722482 0.078125 0.252927 0.00233269
5 0.514844 0.665105 0.324219 0.422717 0.00218201
20 0.644922 0.813817 0.0414063 0.114754 0.00214958
20 0.533594 0.673888 0.210938 0.406323 0.00214005
20 0.646094 0.764637 0.059375 0.215457 0.00214005
0 0.569531 0.782201 0.132812 0.185012 0.00201988
20 0.573047 0.692037 0.210156 0.316159 0.00190449
5 0.789844 0.736534 0.270313 0.276347 0.00189686
20 0.816406 0.642857 0.107813 0.147541 0.00186729
0 0.808594 0.811475 0.059375 0.0960187 0.00186062
0 0.79375 0.764637 0.0875 0.200234 0.00179577
20 0.909375 0.572892 0.18125 0.301522 0.00171375
20 0.625 0.776347 0.071875 0.187354 0.00168705
20 0.63125 0.751756 0.090625 0.237705 0.00167465
20 0.758594 0.607143 0.110937 0.104215 0.00159168
20 0.917188 0.762881 0.165625 0.244731 0.00156116
20 0.850781 0.669789 0.078125 0.168618 0.00143814
20 0.553125 0.673448 0.242188 0.243267 0.00139904
20 0.635547 0.708431 0.08125 0.270492 0.00134087
20 0.740625 0.692623 0.096875 0.165105 0.00132465
20 0.853125 0.644028 0.071875 0.124122 0.00127411
20 0.757031 0.721311 0.078125 0.229508 0.00123024
20 0.878125 0.808548 0.084375 0.131148 0.0012064
2 0.471875 0.476288 0.0296875 0.0269321 0.00112057
17 0.0851563 0.607728 0.167383 0.348946 0.00112057
20 0.599219 0.783958 0.0664062 0.18267 0.00109482
20 0.626172 0.740632 0.0515625 0.118267 0.00105667
20 0.744531 0.771663 0.021875 0.086651 0.00105286
20 0.834375 0.651639 0.05 0.0503513 0.00100803
0 0.560156 0.709016 0.03125 0.0409836 0.00100422
20 0.515234 0.664959 0.323438 0.421838 0.948242
20 0.180811 0.678571 0.353223 0.483607 0.912598
20 0.56875 0.784543 0.13125 0.186183 0.909668
20 0.875 0.645784 0.246875 0.462529 0.888184
20 0.776563 0.734192 0.24375 0.278689 0.546875
20 0.085376 0.607143 0.167139 0.345433 0.449463
20 0.727734 0.735948 0.142969 0.265808 0.399902
20 0.810156 0.709602 0.135937 0.312646 0.264404
20 0.786133 0.728337 0.124609 0.276347 0.149048
20 0.795313 0.757611 0.101562 0.213115 0.0467224
20 0.849219 0.738876 0.160938 0.278689 0.0309143
20 0.775781 0.586066 0.05625 0.0644028 0.0217743
20 0.88125 0.752342 0.096875 0.251756 0.0192719
20 0.875 0.557084 0.246875 0.279274 0.0191956
20 0.838281 0.708431 0.190625 0.322014 0.018692
20 0.799219 0.692037 0.101562 0.275176 0.0135345
0 0.808594 0.769321 0.078125 0.18267 0.012825
0 0.821875 0.765808 0.0703125 0.189696 0.0105667
20 0.835938 0.737119 0.31875 0.286885 0.00955963
5 0.181445 0.678132 0.354297 0.486827 0.00933838
20 0.736719 0.72014 0.075 0.224824 0.00926971
20 0.90625 0.721897 0.15 0.31733 0.0086441
20 0.855469 0.771663 0.145313 0.215457 0.00803375
20 0.876563 0.714432 0.15 0.318208 0.0078125
0 0.171777 0.475995 0.0162109 0.028103 0.00674438
20 0.608984 0.783958 0.13125 0.185012 0.00669098
20 0.031543 0.612559 0.0576172 0.33226 0.00656509
20 0.82793 0.627635 0.162891 0.409836 0.00547028
20 0.959375 0.727752 0.078125 0.252927 0.00527954
20 0.85 0.637002 0.075 0.0831382 0.0049057
20 0.125 0.461944 0.0839844 0.0562061 0.00466537
20 0.807813 0.658665 0.109375 0.190867 0.00416565
20 0.595313 0.726581 0.160938 0.293911 0.00385475
20 0.745313 0.717213 0.053125 0.209602 0.00380898
20 0.9125 0.656762 0.171875 0.384368 0.00341606
0 0.647266 0.813817 0.0453125 0.112412 0.00333786
20 0.0456543 0.611827 0.0856445 0.338407 0.00329781
20 0.533594 0.706089 0.189063 0.255269 0.00316048
20 0.65 0.688525 0.053125 0.234192 0.00261116
20 0.847656 0.636417 0.195312 0.288056 0.00259018
20 0.611719 0.686183 0.129688 0.320843 0.00251198
20 0.882812 0.772834 0.090625 0.17096 0.00246239
20 0.782813 0.722482 0.078125 0.252927 0.00234222
5 0.514453 0.664959 0.324219 0.421838 0.00218201
20 0.644922 0.813817 0.0414063 0.114754 0.00214958
20 0.533594 0.673888 0.210938 0.406323 0.00214005
20 0.646094 0.764637 0.059375 0.215457 0.00208282
0 0.569531 0.782201 0.132812 0.185012 0.00201988
20 0.573438 0.692037 0.209375 0.316159 0.00192642
5 0.789844 0.736534 0.270313 0.276347 0.00188255
20 0.816406 0.642857 0.107813 0.148712 0.00186729
0 0.808594 0.811475 0.059375 0.0960187 0.00186062
0 0.79375 0.764637 0.0875 0.200234 0.00184631
20 0.909375 0.572014 0.18125 0.300937 0.0017271
20 0.625 0.776347 0.071875 0.187354 0.0017004
20 0.630859 0.751756 0.090625 0.237705 0.0016489
20 0.758594 0.606557 0.110937 0.104215 0.00160408
20 0.917188 0.762881 0.165625 0.244731 0.00157356
20 0.850781 0.669789 0.078125 0.169789 0.00146675
20 0.553516 0.672717 0.242188 0.24356 0.00141048
20 0.740625 0.692623 0.096875 0.166276 0.00132465
20 0.635156 0.708577 0.08125 0.27137 0.00132465
20 0.853125 0.644028 0.071875 0.124122 0.00129414
20 0.757031 0.721311 0.078125 0.229508 0.00123024
20 0.878125 0.808548 0.084375 0.131148 0.00119686
2 0.471875 0.476288 0.0296875 0.0269321 0.00113392
17 0.0850586 0.607728 0.167383 0.348946 0.00112438
20 0.599219 0.783958 0.0664062 0.18267 0.00108624
20 0.626172 0.740632 0.0515625 0.118267 0.00106525
20 0.744531 0.771663 0.021875 0.086651 0.00106049
0 0.560156 0.709016 0.03125 0.0409836 0.00101662
20 0.835156 0.651054 0.05 0.0515222 0.00101185
