53 0.427995 0.487891 0.46901 0.189844 0.618652
53 0.423958 0.45625 0.444792 0.123438 0.183594
69 0.507422 0.478125 0.98099 0.89375 0.143188
53 0.415104 0.592188 0.359375 0.065625 0.112
69 0.510547 0.597559 0.978906 0.618945 0.0859985
69 0.850521 0.549219 0.298958 0.51875 0.0698242
69 0.435938 0.559766 0.502083 0.605469 0.0651245
69 0.414583 0.462891 0.752083 0.683594 0.062561
53 0.432292 0.521875 0.458333 0.120313 0.0583496
53 0.352865 0.603125 0.208854 0.0375 0.0549927
69 0.534375 0.525391 0.747917 0.683594 0.0535889
53 0.514583 0.590625 0.145833 0.059375 0.0446777
53 0.419922 0.538281 0.43724 0.090625 0.0387573
62 0.751042 0.152344 0.497917 0.300781 0.0377502
53 0.363021 0.595313 0.238542 0.0578125 0.0216217
55 0.0643229 0.560938 0.1125 0.115625 0.0209656
53 0.417839 0.475 0.439323 0.0875 0.0166626
72 0.746354 0.455859 0.507292 0.894531 0.0158386
69 0.769792 0.561328 0.458333 0.517969 0.0140076
69 0.439583 0.686719 0.49375 0.351562 0.00905609
60 0.405078 0.494141 0.727344 0.742969 0.0088501
55 0.0641927 0.538281 0.103385 0.0609375 0.00769424
60 0.343294 0.161133 0.490495 0.0679687 0.00701141
69 0.401563 0.246094 0.7125 0.25 0.00698471
69 0.690104 0.461719 0.615625 0.910937 0.00643921
73 0.055599 0.470313 0.109635 0.09375 0.00570679
41 0.751042 0.152344 0.497917 0.302734 0.00570679
68 0.858333 0.543066 0.283333 0.499805 0.00530243
45 0.394271 0.227295 0.710417 0.204004 0.00521851
60 0.509375 0.465625 0.98125 0.928125 0.00518036
0 0.690104 0.461719 0.615625 0.910937 0.00486755
72 0.0953125 0.504687 0.190625 0.564063 0.00468063
72 0.856771 0.544531 0.286458 0.496875 0.00466537
48 0.427604 0.4875 0.467708 0.1875 0.0046463
53 0.4125 0.546094 0.283333 0.0742188 0.00432968
73 0.400521 0.235938 0.458333 0.0914062 0.00432968
72 0.485417 0.533594 0.883333 0.834375 0.00432968
68 0.485417 0.533594 0.883333 0.834375 0.00428009
73 0.340365 0.162402 0.502604 0.0701172 0.0042305
43 0.415495 0.589844 0.348177 0.071875 0.00421524
71 0.436458 0.232031 0.59375 0.101562 0.00374985
48 0.514583 0.590625 0.145833 0.059375 0.00372124
61 0.860417 0.568359 0.279167 0.447656 0.00323486
71 0.394271 0.227295 0.710417 0.204004 0.00322342
45 0.900521 0.741016 0.084375 0.0351562 0.00316048
69 0.426953 0.489063 0.46901 0.1875 0.00286674
60 0.405078 0.218945 0.679427 0.181641 0.00270462
53 0.329688 0.483203 0.261458 0.075 0.00268364
69 0.814583 0.611621 0.366667 0.583008 0.00261116
0 0.511589 0.465234 0.96849 0.922656 0.00259018
25 0.751563 0.15293 0.496875 0.303516 0.00254059
39 0.0184896 0.578906 0.0348958 0.121875 0.00245285
26 0.752083 0.153125 0.495833 0.301953 0.00243378
55 0.352865 0.603125 0.208854 0.0375 0.00239754
45 0.055599 0.470313 0.109635 0.09375 0.00234985
55 0.423958 0.465234 0.45 0.107031 0.00234222
71 0.858333 0.543066 0.283333 0.499805 0.00223351
0 0.752083 0.15293 0.495833 0.302734 0.00221634
55 0.463672 0.238672 0.601823 0.0984375 0.00219917
41 0.238542 0.670313 0.0640625 0.1125 0.00203514
48 0.352865 0.603125 0.208854 0.0375 0.00202751
39 0.0201823 0.460156 0.0403646 0.046875 0.00201988
72 0.103646 0.601562 0.207292 0.56875 0.0019722
69 0.429167 0.735156 0.472917 0.253125 0.00192642
48 0.421354 0.589844 0.338542 0.0734375 0.00191879
56 0.389063 0.216797 0.627083 0.175781 0.00191212
73 0.394271 0.227295 0.710417 0.204004 0.00189686
55 0.0674479 0.589063 0.0994792 0.0609375 0.00186062
43 0.340365 0.162402 0.502604 0.0701172 0.00176144
55 0.419792 0.589844 0.352083 0.06875 0.0017271
39 0.0321615 0.460156 0.0643229 0.0484375 0.00172043
60 0.436458 0.230078 0.621875 0.0960938 0.0017004
69 0.573958 0.650391 0.8 0.452344 0.0016489
73 0.0466146 0.397266 0.0911458 0.0640625 0.00163555
72 0.435938 0.559766 0.502083 0.605469 0.00161076
73 0.0463542 0.4 0.0901042 0.04375 0.00157356
53 0.424479 0.54375 0.379167 0.159375 0.00157356
43 0.515104 0.590234 0.14375 0.0585938 0.00156116
52 0.511458 0.586719 0.145833 0.065625 0.00155449
55 0.511458 0.586719 0.145833 0.065625 0.00153637
53 0.581771 0.508594 0.15625 0.107813 0.00153065
71 0.340365 0.162402 0.502604 0.0701172 0.0015192
54 0.426953 0.489063 0.46901 0.1875 0.00148392
70 0.860417 0.568359 0.279167 0.447656 0.00148392
56 0.752083 0.153125 0.495833 0.301953 0.0014782
48 0.0638021 0.537891 0.103646 0.0632813 0.00144386
69 0.10013 0.565723 0.20026 0.599805 0.00144386
45 0.751042 0.152344 0.497917 0.302734 0.00143242
48 0.0643229 0.560938 0.1125 0.115625 0.00141048
55 0.0276693 0.459375 0.0553385 0.05 0.00136662
45 0.426953 0.489063 0.46901 0.1875 0.00132465
45 0.238542 0.670313 0.0640625 0.1125 0.00130463
46 0.0634115 0.5375 0.103906 0.0664062 0.0012846
11 0.752083 0.153027 0.495833 0.301367 0.0012846
69 0.417188 0.17207 0.717708 0.304688 0.0012598
75 0.751563 0.15293 0.496875 0.301953 0.00124454
58 0.751563 0.15293 0.496875 0.301953 0.00119686
58 0.745833 0.453516 0.508333 0.896094 0.00118828
60 0.520964 0.203711 0.951823 0.405859 0.00117874
68 0.414583 0.462891 0.752083 0.683594 0.0011425
55 0.453125 0.266602 0.6125 0.158984 0.00113392
72 0.414583 0.462891 0.752083 0.683594 0.00113392
45 0.399479 0.459766 0.722917 0.664844 0.0011158
61 0.864063 0.684766 0.271875 0.211719 0.00108147
39 0.752083 0.15293 0.495833 0.302734 0.00108147
52 0.421354 0.589844 0.338542 0.0734375 0.00105667
73 0.0466146 0.384766 0.0921875 0.0914062 0.00105286
69 0.745833 0.5375 0.216667 0.48125 0.00102806
45 0.141406 0.230908 0.190625 0.113184 0.00102425
41 0.23776 0.65625 0.0609375 0.08125 0.00101185
55 0.427604 0.4875 0.467708 0.1875 0.00100422
53 0.427995 0.487891 0.46901 0.192188 0.744629
53 0.42487 0.456641 0.44401 0.124219 0.126831
53 0.414453 0.592188 0.358594 0.0671875 0.110474
69 0.505339 0.478906 0.98099 0.892188 0.10376
69 0.436979 0.561328 0.501042 0.608594 0.069519
69 0.848438 0.545703 0.303125 0.530469 0.0598755
53 0.353125 0.603125 0.208333 0.0390625 0.0541992
53 0.514583 0.590625 0.145833 0.059375 0.0534058
69 0.415104 0.464746 0.754167 0.68457 0.0495911
69 0.50625 0.594141 0.970833 0.614844 0.0458679
53 0.427604 0.537891 0.446875 0.0921875 0.0430298
62 0.751563 0.152734 0.496875 0.301953 0.0413208
72 0.746354 0.4625 0.507292 0.909375 0.0282135
53 0.422396 0.580469 0.379167 0.0882813 0.0257568
53 0.443229 0.522656 0.4375 0.129688 0.0256653
53 0.359375 0.595703 0.23125 0.0578125 0.0190582
60 0.405208 0.496094 0.728125 0.745313 0.0172424
55 0.0658854 0.559375 0.109375 0.120313 0.0158997
53 0.417839 0.475 0.439323 0.0875 0.0127716
73 0.055599 0.471094 0.109635 0.0953125 0.0112915
69 0.440625 0.685156 0.49375 0.360938 0.00952148
60 0.508854 0.467969 0.982292 0.929688 0.00948334
60 0.344206 0.161133 0.488672 0.0683594 0.00941467
72 0.855208 0.538672 0.289583 0.513281 0.00937653
45 0.394792 0.25542 0.716667 0.258691 0.0086441
55 0.0640625 0.538281 0.103646 0.0609375 0.0077858
48 0.427995 0.487891 0.46901 0.192188 0.00720596
41 0.751563 0.152734 0.496875 0.301953 0.00653839
48 0.514583 0.590625 0.145833 0.059375 0.0064621
0 0.711979 0.465625 0.573958 0.920313 0.00641251
73 0.4 0.237109 0.460417 0.0914062 0.00612259
69 0.401563 0.250391 0.7125 0.25 0.00577545
68 0.857292 0.538281 0.285417 0.5125 0.0055542
69 0.711979 0.465625 0.573958 0.920313 0.00527954
53 0.375 0.542969 0.348958 0.0828125 0.00468063
71 0.394792 0.229102 0.7125 0.208203 0.00446701
72 0.0940104 0.510547 0.188021 0.575781 0.00446701
43 0.415495 0.590234 0.348177 0.0726563 0.0042305
71 0.435417 0.232813 0.591667 0.102344 0.00419998
45 0.9 0.740625 0.0833333 0.034375 0.00408554
68 0.486458 0.536328 0.884375 0.830469 0.00405502
53 0.348438 0.608203 0.216667 0.028125 0.00400543
55 0.466536 0.239648 0.60651 0.0992187 0.00400543
72 0.486458 0.536328 0.884375 0.830469 0.00388527
55 0.353125 0.603125 0.208333 0.0390625 0.00355148
45 0.055599 0.471094 0.109635 0.0953125 0.00351143
48 0.417188 0.590625 0.346875 0.0734375 0.00341606
48 0.353125 0.603125 0.208333 0.0390625 0.00328636
55 0.42487 0.456641 0.44401 0.124219 0.00309944
53 0.408854 0.548047 0.291667 0.0695313 0.003088
53 0.364583 0.480469 0.333333 0.08125 0.00307465
60 0.405729 0.223242 0.68125 0.190234 0.00305176
69 0.817708 0.600879 0.3625 0.595117 0.0029583
73 0.341211 0.163086 0.500911 0.0710938 0.00287819
39 0.0197917 0.460156 0.0395833 0.046875 0.00284576
73 0.0463542 0.399609 0.0901042 0.0421875 0.00282288
73 0.0466146 0.397559 0.0911458 0.0642578 0.00275803
73 0.394792 0.229102 0.7125 0.208203 0.00264168
55 0.419792 0.589844 0.353125 0.0703125 0.00261116
58 0.743229 0.454688 0.513542 0.898438 0.00251198
55 0.517708 0.592188 0.141667 0.0578125 0.00247192
55 0.459896 0.263477 0.640625 0.157422 0.00246239
39 0.0330729 0.460938 0.0651042 0.046875 0.00239754
25 0.751042 0.153125 0.497917 0.304688 0.00234222
0 0.510417 0.467969 0.970833 0.928125 0.00232315
43 0.515625 0.589844 0.14375 0.059375 0.00210762
52 0.511979 0.586719 0.145833 0.065625 0.00206757
53 0.471875 0.537109 0.333333 0.0859375 0.00195694
72 0.104297 0.601172 0.208594 0.572656 0.00194168
56 0.752083 0.153516 0.495833 0.303516 0.00188923
53 0.402604 0.507812 0.413542 0.151562 0.00186729
26 0.752083 0.153516 0.495833 0.303516 0.00186729
73 0.0467448 0.385254 0.0919271 0.0919922 0.00185299
61 0.860417 0.567578 0.279167 0.452344 0.00185299
69 0.427604 0.489844 0.469792 0.190625 0.00184631
44 0.221875 0.434375 0.0572917 0.05 0.00177479
48 0.0638021 0.537891 0.103646 0.0632813 0.00174141
71 0.857292 0.538281 0.285417 0.5125 0.00174141
45 0.221615 0.433594 0.0572917 0.0507812 0.0017271
41 0.221615 0.433594 0.0572917 0.0507812 0.00171375
41 0.0266927 0.459375 0.0533854 0.05 0.00171375
60 0.434505 0.230078 0.620573 0.0960938 0.00171375
58 0.752083 0.153125 0.495833 0.302734 0.00171375
56 0.389583 0.219531 0.63125 0.180859 0.00169373
72 0.436979 0.561328 0.501042 0.608594 0.00167465
53 0.415104 0.464746 0.754167 0.68457 0.0016613
53 0.422917 0.544531 0.373958 0.157813 0.00162888
0 0.752083 0.153418 0.495833 0.303711 0.00161648
45 0.0266927 0.459375 0.0533854 0.05 0.0015974
71 0.341211 0.163086 0.500911 0.0710938 0.0015974
46 0.0635417 0.5375 0.104167 0.065625 0.00154877
69 0.43138 0.734766 0.472656 0.257031 0.00153637
55 0.0673177 0.589063 0.0997396 0.0609375 0.00153065
59 0.341211 0.163086 0.500911 0.0710938 0.00152493
11 0.752083 0.153516 0.495833 0.302734 0.00151253
41 0.238542 0.667969 0.0640625 0.107813 0.00150108
45 0.141146 0.231201 0.190625 0.11416 0.00150108
69 0.0998698 0.569141 0.19974 0.600781 0.00150108
55 0.0334635 0.459375 0.0666667 0.05 0.00147247
52 0.421354 0.589844 0.338542 0.075 0.00146103
41 0.0174479 0.460156 0.0348958 0.046875 0.00145531
45 0.0183594 0.459375 0.0367188 0.0476562 0.0014267
45 0.398958 0.4625 0.723958 0.66875 0.00137234
54 0.427604 0.489844 0.469792 0.190625 0.00136662
69 0.576042 0.650781 0.79375 0.4625 0.00136662
53 0.436979 0.233984 0.561458 0.0992187 0.00135612
55 0.0625 0.576563 0.109375 0.0820312 0.00130463
48 0.0643229 0.560938 0.113021 0.115625 0.00127888
45 0.427604 0.489844 0.469792 0.190625 0.00127411
45 0.752083 0.153125 0.495833 0.302734 0.00125504
72 0.415104 0.464746 0.754167 0.68457 0.00124454
39 0.0460938 0.457422 0.0919271 0.0570313 0.00122547
75 0.752083 0.153125 0.495833 0.302734 0.0012207
45 0.238542 0.667969 0.0640625 0.107813 0.0012064
45 0.405729 0.223242 0.68125 0.190234 0.0012064
72 0.751042 0.153125 0.497917 0.304688 0.0012064
45 0.459245 0.266992 0.61901 0.158203 0.00119686
60 0.436979 0.561328 0.501042 0.608594 0.00116062
43 0.221875 0.434375 0.0572917 0.05 0.0011158
60 0.520833 0.223047 0.952083 0.445312 0.00111198
52 0.353125 0.603125 0.208333 0.0390625 0.0011034
61 0.864063 0.686719 0.271875 0.207813 0.00108624
68 0.415104 0.464746 0.754167 0.68457 0.00107288
45 0.0460938 0.457422 0.0919271 0.0570313 0.00106907
71 0.751042 0.153125 0.497917 0.304688 0.00104809
53 0.586458 0.508203 0.147917 0.108594 0.00103188
41 0.0460938 0.457422 0.0919271 0.0570313 0.00102806
45 0.0643229 0.560938 0.113021 0.115625 0.00101662
68 0.751042 0.153125 0.497917 0.304688 0.00101185
53 0.427604 0.487891 0.46875 0.192969 0.777344
53 0.414453 0.591797 0.358594 0.0679687 0.102295
53 0.425911 0.45625 0.44401 0.125 0.100159
69 0.505078 0.482422 0.979427 0.894531 0.0888062
69 0.436979 0.564844 0.498958 0.604688 0.0548096
69 0.853125 0.536719 0.29375 0.517188 0.0492249
53 0.353125 0.602734 0.209375 0.0398437 0.0450134
69 0.508333 0.532129 0.677083 0.68418 0.0440063
62 0.751563 0.152734 0.496875 0.302344 0.0433655
53 0.514583 0.590234 0.145833 0.0601563 0.0427246
72 0.746354 0.465625 0.507292 0.914062 0.0397949
69 0.416536 0.464453 0.758594 0.682031 0.0381775
53 0.427083 0.538281 0.444792 0.0921875 0.0368958
53 0.422396 0.578906 0.380208 0.0921875 0.0237732
53 0.442578 0.523047 0.43776 0.13125 0.0193481
60 0.405208 0.494531 0.729167 0.742188 0.0173798
53 0.357813 0.595313 0.229167 0.059375 0.0164642
69 0.535417 0.590625 0.922917 0.61875 0.0150757
55 0.065625 0.559375 0.109375 0.11875 0.0139008
48 0.427604 0.487891 0.46875 0.192969 0.0130692
73 0.055599 0.470703 0.109635 0.0960938 0.012825
45 0.395313 0.257422 0.717708 0.264844 0.0112915
60 0.508333 0.469922 0.98125 0.932031 0.0104523
53 0.418229 0.475 0.439583 0.0882813 0.0104065
60 0.34375 0.161133 0.488542 0.0683594 0.00993347
41 0.751563 0.152734 0.496875 0.302344 0.00993347
72 0.853125 0.536719 0.29375 0.517188 0.00993347
55 0.0638021 0.538281 0.103125 0.0609375 0.00854492
0 0.726042 0.467969 0.545833 0.923438 0.00809479
69 0.438542 0.7 0.482292 0.33125 0.00772476
48 0.514583 0.590234 0.145833 0.0601563 0.00682449
73 0.39987 0.237109 0.460677 0.0914062 0.00605011
55 0.466797 0.239844 0.608073 0.0992187 0.00542831
68 0.85625 0.536719 0.2875 0.517188 0.00510025
69 0.726042 0.467969 0.545833 0.923438 0.00475693
58 0.747396 0.419531 0.505208 0.835938 0.00432968
69 0.401563 0.250195 0.713542 0.252734 0.00431442
72 0.0932292 0.508984 0.186458 0.564844 0.00424957
53 0.372396 0.542969 0.344792 0.0828125 0.00421524
43 0.415104 0.590234 0.348958 0.0734375 0.00390053
69 0.394271 0.378223 0.730208 0.49668 0.00388527
48 0.417188 0.590625 0.346875 0.0734375 0.00387001
71 0.395052 0.229883 0.713021 0.210938 0.0037365
55 0.353125 0.602734 0.209375 0.0398437 0.00367928
69 0.814583 0.598047 0.36875 0.613281 0.00365067
45 0.055599 0.470703 0.109635 0.0960938 0.00362206
45 0.898958 0.740625 0.08125 0.034375 0.00358009
55 0.461979 0.263672 0.646875 0.15625 0.00358009
55 0.425911 0.45625 0.44401 0.125 0.00355148
48 0.353125 0.602734 0.209375 0.0398437 0.00348282
68 0.490495 0.5375 0.89401 0.828125 0.00329781
72 0.490495 0.5375 0.89401 0.828125 0.00324821
55 0.419792 0.589844 0.354167 0.071875 0.00321007
53 0.348438 0.607813 0.216667 0.028125 0.00318527
73 0.046875 0.403516 0.0921875 0.0523438 0.00309944
39 0.0195313 0.460156 0.0390625 0.046875 0.00300407
73 0.341667 0.163086 0.5 0.0707031 0.00288963
55 0.517708 0.591406 0.14375 0.0578125 0.0028553
72 0.582813 0.460156 0.830208 0.901563 0.00283432
0 0.510547 0.469922 0.972656 0.930469 0.00282288
73 0.395052 0.229883 0.713021 0.210938 0.00275803
71 0.435417 0.232813 0.59375 0.101953 0.00271416
39 0.0333333 0.461719 0.0651042 0.046875 0.0026722
53 0.363542 0.479688 0.332292 0.08125 0.0026207
60 0.405339 0.224805 0.683073 0.193359 0.00247192
53 0.409505 0.547656 0.295573 0.06875 0.00245285
45 0.221875 0.433594 0.0572917 0.0507812 0.00230598
25 0.751042 0.15332 0.497917 0.305078 0.00224304
41 0.221875 0.433594 0.0572917 0.0507812 0.00218201
44 0.221875 0.434375 0.0572917 0.05 0.00212479
43 0.515625 0.589844 0.14375 0.059375 0.00211525
58 0.752083 0.153223 0.495833 0.30293 0.00204277
52 0.511979 0.586328 0.145833 0.065625 0.00203514
26 0.752083 0.154102 0.495833 0.304297 0.00203514
53 0.416536 0.464453 0.758594 0.682031 0.00202751
73 0.0466146 0.385156 0.0916667 0.0914062 0.00193405
54 0.427604 0.489844 0.469792 0.192188 0.00191879
48 0.0638021 0.5375 0.103646 0.0625 0.00187492
56 0.752083 0.154102 0.495833 0.304297 0.00184631
41 0.0265625 0.459375 0.053125 0.05 0.00183105
45 0.4 0.461719 0.723958 0.667188 0.00179577
46 0.0634115 0.5375 0.103906 0.0664062 0.00175476
45 0.141081 0.231055 0.190755 0.114453 0.00174141
11 0.752083 0.153809 0.495833 0.30332 0.00173378
75 0.751563 0.152734 0.496875 0.302344 0.00171375
45 0.0265625 0.459375 0.053125 0.05 0.0017004
72 0.104036 0.610938 0.208073 0.560938 0.00168705
0 0.752083 0.15332 0.495833 0.303125 0.00164223
60 0.433333 0.230078 0.622917 0.0957031 0.00163555
52 0.420964 0.589844 0.339323 0.075 0.00162888
53 0.403125 0.507812 0.414583 0.151562 0.00161648
41 0.0173177 0.460156 0.0346354 0.046875 0.00161076
53 0.325 0.483594 0.253125 0.078125 0.0015974
55 0.0334635 0.459375 0.0666667 0.05 0.00157928
72 0.832292 0.599121 0.335417 0.600195 0.00156689
72 0.751042 0.15332 0.497917 0.305078 0.00156116
45 0.427604 0.489844 0.469792 0.192188 0.00153637
60 0.508333 0.532129 0.677083 0.68418 0.0015192
45 0.0182292 0.459375 0.0364583 0.046875 0.00151253
59 0.341667 0.163086 0.5 0.0707031 0.00148964
56 0.391146 0.221143 0.634375 0.184277 0.00148392
72 0.436979 0.564844 0.498958 0.604688 0.00145531
45 0.752083 0.153223 0.495833 0.30293 0.00143814
69 0.427604 0.489844 0.469792 0.192188 0.00138855
71 0.85625 0.536719 0.2875 0.517188 0.00138855
55 0.427995 0.4875 0.46901 0.19375 0.00136662
41 0.238542 0.667188 0.0640625 0.10625 0.00136185
53 0.421354 0.544531 0.373958 0.15625 0.00136185
45 0.460286 0.267188 0.621094 0.157031 0.00135612
61 0.858333 0.564844 0.283333 0.4625 0.00134563
39 0.0458333 0.457813 0.0911458 0.05625 0.00131512
55 0.0625 0.578125 0.108854 0.078125 0.00130463
63 0.752083 0.153809 0.495833 0.30332 0.00130463
55 0.0671875 0.589063 0.1 0.0601563 0.00129986
45 0.405339 0.224805 0.683073 0.193359 0.00129986
68 0.751563 0.15332 0.496875 0.303516 0.00126934
55 0.4 0.461719 0.723958 0.667188 0.0012598
53 0.438542 0.234375 0.563542 0.0992187 0.00123501
60 0.436979 0.564844 0.498958 0.604688 0.0012207
73 0.0345052 0.461719 0.0658854 0.0515625 0.0012064
71 0.341667 0.163086 0.5 0.0707031 0.00120163
43 0.221875 0.434375 0.0572917 0.05 0.00119686
45 0.414583 0.599219 0.35 0.0898438 0.00119686
69 0.0997396 0.576563 0.199479 0.596875 0.00116539
61 0.832292 0.599121 0.335417 0.600195 0.00116062
64 0.898438 0.739844 0.078125 0.0328125 0.00113392
48 0.0641927 0.561328 0.113281 0.115625 0.00112438
39 0.0434896 0.466406 0.0442708 0.0296875 0.0011158
55 0.395313 0.257422 0.717708 0.264844 0.0011158
60 0.394271 0.378223 0.730208 0.49668 0.00111198
45 0.0458333 0.457813 0.0911458 0.05625 0.00110722
71 0.751042 0.15332 0.497917 0.305078 0.00109005
45 0.238542 0.667188 0.0640625 0.10625 0.00107765
41 0.0458333 0.457813 0.0911458 0.05625 0.00104046
45 0.0641927 0.561328 0.113281 0.115625 0.00103664
49 0.0638021 0.5375 0.103646 0.0625 0.00103188
52 0.353125 0.602734 0.209375 0.0398437 0.00102806
60 0.535417 0.590625 0.922917 0.61875 0.00102806
53 0.427214 0.487891 0.470573 0.192969 0.812988
53 0.414714 0.591797 0.360156 0.06875 0.101562
72 0.746875 0.46875 0.50625 0.921875 0.0859985
53 0.425911 0.45625 0.44401 0.125 0.0838623
69 0.504036 0.485156 0.979427 0.9 0.0708008
69 0.4375 0.567578 0.5 0.605469 0.0422363
53 0.352865 0.602734 0.210938 0.0398437 0.0393372
53 0.514583 0.589844 0.145833 0.0609375 0.037323
62 0.751563 0.15293 0.496875 0.302734 0.0359497
69 0.520833 0.537598 0.702083 0.682617 0.0358276
69 0.849479 0.535156 0.301042 0.521875 0.035553
53 0.426172 0.538281 0.44349 0.0921875 0.0305634
53 0.442188 0.522656 0.432292 0.120313 0.0266571
69 0.421875 0.465625 0.772917 0.684375 0.0259552
53 0.422396 0.574609 0.38125 0.100781 0.02034
60 0.405208 0.495215 0.733333 0.743945 0.0149536
73 0.0554688 0.471094 0.109375 0.096875 0.0146713
53 0.357292 0.595313 0.229167 0.059375 0.0144501
69 0.538542 0.598535 0.916667 0.60918 0.0141144
45 0.395833 0.255469 0.71875 0.260938 0.0126724
72 0.849479 0.535156 0.301042 0.521875 0.011116
60 0.507422 0.471875 0.98099 0.934375 0.0109024
60 0.34375 0.160938 0.488542 0.0679687 0.0102463
55 0.065625 0.559375 0.109375 0.120313 0.00959778
0 0.740104 0.469922 0.519792 0.928906 0.00912476
41 0.751563 0.15293 0.496875 0.302734 0.00888062
55 0.467708 0.240625 0.609375 0.0996094 0.00757599
69 0.654688 0.517578 0.688542 0.702344 0.00714874
69 0.438672 0.701563 0.483073 0.329688 0.00677109
55 0.0638021 0.538281 0.103646 0.0609375 0.00656509
53 0.41888 0.475 0.439323 0.0882813 0.00619125
69 0.814583 0.588281 0.36875 0.639063 0.00609589
48 0.427214 0.487891 0.470573 0.192969 0.00593567
58 0.746875 0.423828 0.50625 0.842969 0.00588989
55 0.465104 0.264062 0.65625 0.154688 0.00547028
48 0.514583 0.589844 0.145833 0.0609375 0.00542831
72 0.625911 0.463672 0.746094 0.910156 0.00538635
73 0.400521 0.2375 0.461458 0.0914062 0.00534439
69 0.740104 0.469922 0.519792 0.928906 0.00466537
72 0.0919271 0.508203 0.183854 0.564844 0.0041008
68 0.854167 0.535059 0.291667 0.52207 0.00372124
0 0.509896 0.471875 0.976042 0.934375 0.00367928
53 0.369792 0.542969 0.338542 0.084375 0.00362206
45 0.0554688 0.471094 0.109375 0.096875 0.00351143
48 0.416797 0.590625 0.347656 0.075 0.00332451
43 0.415755 0.590234 0.34974 0.0742188 0.00322342
72 0.750521 0.153223 0.498958 0.304492 0.00309944
73 0.046875 0.403125 0.0921875 0.053125 0.00300407
72 0.820833 0.584473 0.358333 0.643555 0.00293541
45 0.898958 0.740625 0.08125 0.034375 0.00283432
69 0.394792 0.355469 0.73125 0.45 0.00282288
39 0.0189453 0.460156 0.0378906 0.046875 0.00279999
72 0.501042 0.539062 0.91875 0.83125 0.00273705
55 0.352865 0.602734 0.210938 0.0398437 0.0027256
53 0.347656 0.607813 0.217188 0.028125 0.0027256
68 0.501042 0.539062 0.91875 0.83125 0.0026722
73 0.395313 0.229492 0.714583 0.209766 0.00265312
48 0.352865 0.602734 0.210938 0.0398437 0.00263214
53 0.421875 0.465625 0.772917 0.684375 0.00255013
39 0.0334635 0.461719 0.0648438 0.0453125 0.00253105
55 0.517708 0.591406 0.14375 0.0578125 0.0024929
55 0.419661 0.590234 0.354427 0.0726563 0.00248146
71 0.395313 0.229492 0.714583 0.209766 0.00248146
41 0.221875 0.433594 0.0572917 0.0507812 0.00247192
45 0.221875 0.433594 0.0572917 0.0507812 0.00247192
53 0.411458 0.546094 0.291667 0.0742188 0.00247192
73 0.341732 0.163281 0.49987 0.0707031 0.002388
44 0.221875 0.434375 0.0572917 0.05 0.00226974
55 0.395833 0.255469 0.71875 0.260938 0.00225258
69 0.401563 0.249219 0.715625 0.251172 0.00221634
60 0.405208 0.227295 0.695833 0.200098 0.00212479
55 0.425911 0.45625 0.44401 0.125 0.00198746
73 0.0466146 0.385156 0.0916667 0.0914062 0.00189686
53 0.361979 0.479688 0.328125 0.08125 0.00181007
45 0.141406 0.230859 0.191146 0.114063 0.00179577
58 0.752083 0.153418 0.495833 0.30332 0.00178909
53 0.438542 0.234766 0.564583 0.0984375 0.00176811
41 0.0260417 0.459375 0.0520833 0.05 0.00175476
71 0.415495 0.229687 0.596094 0.0960938 0.0017004
63 0.752083 0.154492 0.495833 0.304297 0.00166798
55 0.39974 0.460938 0.725521 0.665625 0.00163555
73 0.0345052 0.461719 0.0658854 0.0515625 0.00161648
45 0.0260417 0.459375 0.0520833 0.05 0.00158501
41 0.0171875 0.460156 0.034375 0.046875 0.00158501
45 0.39974 0.460938 0.725521 0.665625 0.00157356
43 0.515625 0.589844 0.14375 0.059375 0.00156116
56 0.751563 0.154785 0.496875 0.305273 0.00154877
46 0.0634115 0.5375 0.104167 0.0664062 0.00150108
59 0.341732 0.163281 0.49987 0.0707031 0.00150108
60 0.43138 0.229883 0.62474 0.0949219 0.00150108
25 0.750521 0.153223 0.498958 0.304492 0.00148964
72 0.104036 0.61875 0.208073 0.559375 0.00148964
75 0.751563 0.154785 0.496875 0.305273 0.00146675
52 0.420703 0.589453 0.339844 0.0757812 0.00144958
61 0.820833 0.584473 0.358333 0.643555 0.00144958
71 0.750521 0.153223 0.498958 0.304492 0.00144386
45 0.018099 0.459375 0.0361979 0.046875 0.00141048
52 0.5125 0.586719 0.145833 0.065625 0.00141048
26 0.751563 0.154785 0.496875 0.305273 0.00141048
68 0.751563 0.153613 0.496875 0.303711 0.00140476
48 0.0638021 0.537891 0.104167 0.0632813 0.00139904
0 0.752083 0.153711 0.495833 0.303516 0.00139904
55 0.0333333 0.459375 0.0666667 0.05 0.00138855
45 0.461328 0.267578 0.62526 0.155859 0.00138855
45 0.394792 0.355469 0.73125 0.45 0.00130463
53 0.402083 0.507812 0.4125 0.151562 0.00129414
12 0.746875 0.466406 0.50625 0.920313 0.00129414
54 0.428125 0.489844 0.470833 0.192188 0.00129414
10 0.743229 0.454688 0.513542 0.9 0.0012846
53 0.420313 0.544141 0.375 0.157031 0.00127888
55 0.341732 0.163281 0.49987 0.0707031 0.00126457
72 0.4375 0.567578 0.5 0.605469 0.00124454
60 0.520833 0.537598 0.702083 0.682617 0.0012207
39 0.0457031 0.457422 0.090625 0.05625 0.00121117
11 0.752083 0.154492 0.495833 0.304297 0.0012064
49 0.0638021 0.537891 0.104167 0.0632813 0.00118828
71 0.432292 0.243945 0.675 0.124609 0.00118828
56 0.391667 0.223047 0.6375 0.187109 0.00117874
45 0.752083 0.153418 0.495833 0.30332 0.00115585
43 0.221875 0.434375 0.0572917 0.05 0.00114727
39 0.75 0.458594 0.5 0.907813 0.00109482
60 0.394792 0.355469 0.73125 0.45 0.00109482
45 0.428125 0.489844 0.470833 0.192188 0.00109482
39 0.0434896 0.466797 0.0442708 0.0296875 0.00109005
45 0.416536 0.589844 0.348177 0.0734375 0.00109005
41 0.238542 0.666406 0.0640625 0.103125 0.00105667
59 0.405208 0.227295 0.695833 0.200098 0.00103188
45 0.0457031 0.457422 0.090625 0.05625 0.00102425
64 0.898438 0.739453 0.078125 0.0328125 0.00102043
69 0.097526 0.548828 0.195052 0.692969 0.00101662
55 0.395313 0.235742 0.451042 0.0898438 0.00100803
53 0.427214 0.488281 0.470573 0.192188 0.850098
72 0.747396 0.469531 0.505208 0.925 0.119995
53 0.415625 0.591797 0.360417 0.0679687 0.0913696
53 0.426563 0.45625 0.442708 0.125 0.0675659
69 0.507812 0.503516 0.971875 0.835156 0.0600891
53 0.353125 0.602344 0.211458 0.0398437 0.0367737
53 0.514583 0.589844 0.145833 0.0601563 0.0328369
69 0.846875 0.533496 0.30625 0.523633 0.0328369
69 0.435417 0.575098 0.504167 0.593555 0.0311432
62 0.751042 0.15293 0.497917 0.302344 0.0281067
53 0.425 0.538281 0.440625 0.0921875 0.0269623
69 0.542188 0.552344 0.769792 0.6625 0.0258636
53 0.442188 0.522656 0.430208 0.120313 0.0232391
69 0.429688 0.469141 0.790625 0.689844 0.0190582
73 0.0554688 0.471094 0.109375 0.0953125 0.0177765
53 0.422917 0.569922 0.38125 0.110156 0.0168457
45 0.395313 0.252148 0.719792 0.255078 0.0147858
53 0.352083 0.596094 0.21875 0.059375 0.0142822
60 0.405339 0.496094 0.735156 0.746875 0.0125275
72 0.846875 0.533496 0.30625 0.523633 0.0115967
60 0.50625 0.474219 0.98125 0.935938 0.0112457
60 0.342773 0.160742 0.489453 0.0671875 0.011116
55 0.466667 0.241406 0.60625 0.0992187 0.00861359
55 0.0657552 0.559766 0.109375 0.119531 0.00772476
0 0.74375 0.470313 0.5125 0.929688 0.00763702
69 0.659896 0.465625 0.678125 0.9125 0.00728989
41 0.751042 0.15293 0.497917 0.302344 0.00720596
69 0.691146 0.522266 0.615625 0.692969 0.00720596
58 0.746875 0.424609 0.50625 0.844531 0.00703812
69 0.814063 0.589063 0.369792 0.639063 0.00636292
55 0.0639323 0.538281 0.103385 0.0609375 0.00621796
55 0.465495 0.265039 0.652344 0.153906 0.00551224
69 0.438542 0.703906 0.483333 0.326562 0.0051384
53 0.41862 0.475 0.43776 0.0875 0.00503922
73 0.398438 0.237695 0.457292 0.0902344 0.00488663
68 0.851563 0.533203 0.296875 0.524219 0.00446701
48 0.428646 0.487891 0.469792 0.192969 0.00431442
48 0.514583 0.589844 0.145833 0.0601563 0.00429916
45 0.0554688 0.471094 0.109375 0.0953125 0.00429916
53 0.363542 0.542578 0.327083 0.0835937 0.0037365
72 0.0908854 0.505078 0.181771 0.558594 0.0037365
55 0.395313 0.252148 0.719792 0.255078 0.00367928
72 0.750521 0.152734 0.498958 0.303125 0.00359344
53 0.429688 0.469141 0.790625 0.689844 0.00323486
0 0.508464 0.472656 0.978906 0.935938 0.00317192
69 0.760417 0.448438 0.479167 0.876563 0.00309944
39 0.0180339 0.460156 0.0360677 0.046875 0.00307465
72 0.817708 0.582422 0.364583 0.647656 0.00307465
45 0.141146 0.230859 0.190625 0.113672 0.00301552
73 0.046875 0.403125 0.0921875 0.0523438 0.00300407
45 0.221875 0.433594 0.0583333 0.0515625 0.00300407
41 0.221875 0.433594 0.0572917 0.0507812 0.00291252
44 0.222135 0.434375 0.0578125 0.05 0.00271416
48 0.417188 0.590625 0.346875 0.0734375 0.0026722
39 0.0333333 0.459375 0.0666667 0.0507812 0.00259018
53 0.347917 0.607813 0.217708 0.028125 0.00250244
45 0.899479 0.740625 0.0822917 0.034375 0.00243378
73 0.394792 0.229492 0.715625 0.209375 0.00239754
43 0.415755 0.590625 0.34974 0.0734375 0.00235939
60 0.403125 0.227734 0.7 0.200391 0.00233269
55 0.353125 0.602344 0.211458 0.0398437 0.00223351
55 0.517708 0.591406 0.14375 0.0578125 0.00222588
53 0.43737 0.235156 0.560677 0.0984375 0.00220871
73 0.341927 0.163086 0.498438 0.0699219 0.00212479
68 0.513021 0.539844 0.944792 0.83125 0.00209999
72 0.513021 0.539844 0.944792 0.83125 0.00209999
48 0.353125 0.602344 0.211458 0.0398437 0.00209045
69 0.394271 0.345313 0.732292 0.429688 0.00204277
55 0.415755 0.590625 0.34974 0.0734375 0.00197983
41 0.0253906 0.459375 0.0507813 0.05 0.0019722
53 0.4125 0.546094 0.290625 0.0734375 0.0019722
53 0.357813 0.479688 0.319792 0.08125 0.00194168
73 0.046875 0.38584 0.0921875 0.0876953 0.00181007
41 0.0180339 0.460156 0.0360677 0.046875 0.00181007
49 0.0638021 0.5375 0.104167 0.0625 0.0018034
45 0.0253906 0.459375 0.0507813 0.05 0.00175476
63 0.752083 0.15459 0.495833 0.304102 0.00171375
45 0.0178385 0.458984 0.0356771 0.046875 0.0016613
55 0.341927 0.163086 0.498438 0.0699219 0.0016613
55 0.405339 0.496094 0.735156 0.746875 0.00165462
59 0.403125 0.227734 0.7 0.200391 0.00164223
71 0.394792 0.229492 0.715625 0.209375 0.00161076
45 0.46237 0.268359 0.621094 0.154688 0.00160408
73 0.0339844 0.461719 0.0645833 0.05 0.00158501
46 0.0635417 0.5375 0.104167 0.065625 0.00154305
59 0.341927 0.163086 0.498438 0.0699219 0.0014782
71 0.750521 0.152734 0.498958 0.303125 0.0014782
0 0.752083 0.153418 0.495833 0.302539 0.00145531
68 0.751563 0.153711 0.496875 0.303516 0.00145531
60 0.429688 0.230078 0.623958 0.0945313 0.00144386
71 0.413672 0.230078 0.595573 0.0957031 0.00141048
45 0.398958 0.463184 0.725 0.670508 0.00139904
53 0.4 0.508203 0.408333 0.150781 0.00135136
48 0.0638021 0.5375 0.104167 0.0625 0.00134563
45 0.416667 0.590234 0.347917 0.0734375 0.00132465
55 0.426563 0.45625 0.442708 0.125 0.00130463
43 0.516667 0.589453 0.14375 0.059375 0.00129986
69 0.395313 0.252148 0.719792 0.255078 0.00126934
45 0.466667 0.241406 0.60625 0.0992187 0.00126457
58 0.752083 0.153516 0.495833 0.303125 0.00126457
25 0.750521 0.152734 0.498958 0.303125 0.00123501
43 0.222135 0.434375 0.0578125 0.05 0.00123024
39 0.0450521 0.457813 0.0893229 0.0546875 0.0012207
55 0.0253906 0.459375 0.0507813 0.05 0.00121117
52 0.421354 0.589844 0.339583 0.075 0.0012064
72 0.102865 0.622266 0.205729 0.549219 0.0012064
53 0.320833 0.483594 0.24375 0.078125 0.00120163
72 0.435417 0.575098 0.504167 0.593555 0.00115108
55 0.39375 0.235938 0.444792 0.0898438 0.00113392
10 0.74375 0.454688 0.5125 0.9 0.00113392
39 0.0447917 0.466406 0.0416667 0.028125 0.00112438
56 0.751563 0.15498 0.496875 0.305273 0.00112438
50 0.0447917 0.466406 0.0416667 0.028125 0.00110722
45 0.0627604 0.537891 0.103125 0.065625 0.00109863
45 0.0450521 0.457813 0.0893229 0.0546875 0.00108624
53 0.423438 0.544141 0.365625 0.155469 0.00108147
44 0.14069 0.230811 0.192578 0.116504 0.00107765
71 0.851563 0.533203 0.296875 0.524219 0.00106525
45 0.394271 0.345313 0.732292 0.429688 0.00106049
41 0.0334635 0.4625 0.0645833 0.04375 0.00105667
56 0.342773 0.160742 0.489453 0.0671875 0.00105667
60 0.542188 0.552344 0.769792 0.6625 0.00105667
64 0.898958 0.739062 0.0791667 0.0328125 0.00105286
12 0.746875 0.467187 0.50625 0.921875 0.00105286
52 0.5125 0.586719 0.146875 0.0648438 0.00104427
60 0.394271 0.345313 0.732292 0.429688 0.00102806
54 0.428646 0.489844 0.471875 0.190625 0.00100422
53 0.427214 0.488281 0.470573 0.191406 0.868164
72 0.747396 0.469922 0.505208 0.924219 0.161377
53 0.415625 0.592188 0.360417 0.0671875 0.0907593
53 0.43125 0.457031 0.44375 0.123438 0.0570679
69 0.50625 0.512109 0.975 0.819531 0.0528259
53 0.353125 0.602344 0.211458 0.0390625 0.0351562
69 0.845313 0.532813 0.309375 0.525 0.0307922
69 0.432292 0.577344 0.5125 0.592188 0.028656
53 0.514583 0.589844 0.146875 0.0609375 0.0284424
62 0.751042 0.152832 0.497917 0.301367 0.0231476
53 0.424089 0.538281 0.439323 0.0914062 0.0227203
69 0.55625 0.554785 0.829167 0.662305 0.0219421
73 0.0554688 0.470703 0.109115 0.0953125 0.0209656
53 0.441536 0.522266 0.429427 0.121094 0.0191956
53 0.422917 0.570312 0.380208 0.109375 0.0166626
45 0.394531 0.248877 0.721354 0.24834 0.0149002
53 0.351563 0.596094 0.217708 0.0578125 0.014389
69 0.43138 0.469922 0.795573 0.691406 0.0141144
72 0.845313 0.532813 0.309375 0.525 0.012146
60 0.341732 0.160645 0.491536 0.0666016 0.0112457
60 0.505208 0.475391 0.98125 0.936719 0.0104523
60 0.403125 0.49375 0.733333 0.74375 0.00974274
55 0.464583 0.241797 0.602083 0.0992187 0.00905609
58 0.746354 0.425 0.507292 0.84375 0.0077858
0 0.746354 0.469922 0.507292 0.928906 0.0077858
41 0.751042 0.152832 0.497917 0.301367 0.00740433
69 0.732813 0.521484 0.532292 0.691406 0.0068512
69 0.8125 0.588672 0.372917 0.641406 0.0068512
55 0.0657552 0.559375 0.109635 0.120313 0.0064888
69 0.697917 0.466406 0.602083 0.914062 0.00638962
68 0.850521 0.532715 0.298958 0.525195 0.00588989
55 0.0640625 0.538281 0.103646 0.0609375 0.00544739
55 0.463672 0.265625 0.653906 0.153906 0.00538635
55 0.394531 0.248877 0.721354 0.24834 0.00527954
72 0.750521 0.152246 0.498958 0.301758 0.00473785
73 0.397917 0.2375 0.45625 0.0898438 0.00450516
69 0.438672 0.705078 0.485156 0.322656 0.00426483
72 0.0907552 0.502734 0.18099 0.563281 0.00387001
53 0.41862 0.475391 0.43776 0.0875 0.00378036
45 0.0554688 0.470703 0.109115 0.0953125 0.00374985
53 0.43138 0.469922 0.795573 0.691406 0.00370789
72 0.815625 0.579785 0.36875 0.65293 0.00367928
53 0.361979 0.542578 0.323958 0.0835937 0.00351143
0 0.507292 0.473438 0.98125 0.9375 0.00338936
48 0.428646 0.487891 0.469792 0.192969 0.00335121
45 0.141146 0.230664 0.190625 0.112891 0.00329781
48 0.514583 0.589844 0.146875 0.0609375 0.00323486
41 0.221875 0.433594 0.0572917 0.0507812 0.00312424
73 0.0463542 0.399219 0.090625 0.040625 0.00305176
44 0.222135 0.434375 0.0578125 0.05 0.00296974
73 0.0471354 0.394922 0.0927083 0.0695313 0.00286674
45 0.221875 0.433594 0.0583333 0.0515625 0.00284576
53 0.418229 0.238672 0.494792 0.0914062 0.0026722
39 0.0178385 0.460156 0.0356771 0.046875 0.00261116
60 0.400911 0.22793 0.704427 0.201172 0.0024147
73 0.394271 0.229248 0.715625 0.208691 0.00237846
53 0.347917 0.607813 0.217708 0.028125 0.00231361
39 0.0335938 0.4625 0.0645833 0.04375 0.00228691
49 0.0639323 0.5375 0.104427 0.0625 0.00219154
63 0.752083 0.154492 0.495833 0.303516 0.00215721
48 0.417708 0.590625 0.346875 0.0734375 0.0020504
59 0.400911 0.22793 0.704427 0.201172 0.00203514
68 0.751042 0.152832 0.497917 0.301367 0.00201035
43 0.415625 0.590625 0.348958 0.0734375 0.00196457
55 0.403125 0.49375 0.733333 0.74375 0.00195694
73 0.341732 0.162793 0.498828 0.0693359 0.00194168
53 0.354167 0.479688 0.3125 0.0796875 0.00192642
0 0.752083 0.153125 0.495833 0.301563 0.00189686
45 0.898958 0.740234 0.08125 0.0335938 0.00187492
72 0.518229 0.539844 0.957292 0.832812 0.00186729
68 0.518229 0.539844 0.957292 0.832812 0.00182438
55 0.341732 0.162793 0.498828 0.0693359 0.00174141
73 0.0341146 0.461719 0.0645833 0.0507812 0.00173378
48 0.353125 0.602344 0.211458 0.0390625 0.00170708
45 0.460938 0.26875 0.621875 0.154297 0.0017004
55 0.353125 0.602344 0.211458 0.0390625 0.00169373
41 0.0254557 0.459375 0.0509115 0.0492188 0.0016613
55 0.517708 0.591406 0.14375 0.0578125 0.0016613
41 0.0178385 0.460156 0.0356771 0.046875 0.00161076
69 0.39375 0.335156 0.733333 0.409375 0.0015974
53 0.413411 0.546094 0.289844 0.0734375 0.00153637
55 0.419922 0.591797 0.353906 0.0695313 0.00153637
46 0.0635417 0.5375 0.104167 0.065625 0.00150108
39 0.0254557 0.459375 0.0509115 0.0492188 0.00147247
53 0.394531 0.248877 0.721354 0.24834 0.0014267
45 0.464583 0.241797 0.602083 0.0992187 0.00142097
45 0.0254557 0.459375 0.0509115 0.0492188 0.00141048
45 0.0177734 0.458594 0.0355469 0.046875 0.00134087
59 0.341732 0.162793 0.498828 0.0693359 0.00134087
44 0.14069 0.230859 0.192578 0.116016 0.00133038
72 0.432292 0.577344 0.5125 0.592188 0.00131512
53 0.397917 0.508203 0.404167 0.15 0.00130463
71 0.410938 0.230273 0.596875 0.0957031 0.00129414
43 0.222135 0.434375 0.0578125 0.05 0.0012846
60 0.410938 0.230273 0.596875 0.0957031 0.0012846
71 0.75 0.152148 0.5 0.301172 0.0012846
72 0.101693 0.619531 0.202865 0.559375 0.00123501
48 0.0639323 0.5375 0.104427 0.0625 0.00123024
69 0.0947917 0.546094 0.189583 0.685938 0.00121117
71 0.394271 0.229248 0.715625 0.208691 0.00119686
55 0.392708 0.236133 0.441667 0.0894531 0.00118828
43 0.516667 0.589063 0.14375 0.059375 0.0011692
41 0.238542 0.667578 0.0640625 0.107031 0.0011692
69 0.394531 0.248877 0.721354 0.24834 0.00115585
53 0.432292 0.628125 0.48125 0.484375 0.00115108
53 0.31875 0.484375 0.240625 0.078125 0.00114727
10 0.743229 0.453516 0.513542 0.896094 0.0011425
71 0.850521 0.532715 0.298958 0.525195 0.0011425
45 0.397656 0.459375 0.725521 0.6625 0.00113773
39 0.0450521 0.457813 0.0890625 0.0554687 0.00110722
25 0.750521 0.152246 0.498958 0.301758 0.00110722
45 0.409896 0.405469 0.386458 0.059375 0.00109863
72 0.553255 0.611035 0.891406 0.59668 0.00109863
58 0.752604 0.152344 0.494792 0.301563 0.00109005
51 0.14069 0.230859 0.192578 0.116016 0.00108147
50 0.0447917 0.466797 0.0416667 0.028125 0.00107765
52 0.422005 0.589453 0.339323 0.075 0.00107765
45 0.0627604 0.5375 0.103125 0.065625 0.00106525
45 0.416667 0.590625 0.347917 0.0734375 0.00106525
39 0.0447917 0.466797 0.0416667 0.028125 0.00104046
56 0.391667 0.223242 0.641667 0.1875 0.00101185
73 0.0489583 0.349609 0.0958333 0.160938 0.00100422
53 0.427214 0.488281 0.470573 0.189063 0.877441
72 0.747396 0.471484 0.505208 0.925781 0.212769
53 0.415625 0.592188 0.360417 0.0671875 0.0894775
69 0.504688 0.498437 0.978125 0.85 0.0632324
53 0.430729 0.457813 0.445833 0.121875 0.0458679
53 0.353125 0.602734 0.2125 0.0390625 0.0293121
69 0.429688 0.576953 0.51875 0.596094 0.0265503
73 0.0554688 0.470703 0.109375 0.0953125 0.0248871
69 0.844271 0.531641 0.311458 0.525781 0.0243378
53 0.514583 0.589844 0.147917 0.0601563 0.0224609
53 0.42513 0.538281 0.441406 0.090625 0.0183411
62 0.751042 0.15293 0.497917 0.301172 0.0172424
53 0.422786 0.571875 0.379427 0.10625 0.0165253
69 0.532422 0.605371 0.928906 0.598633 0.0157776
53 0.441146 0.521484 0.43125 0.122656 0.0155411
45 0.39349 0.247656 0.723438 0.246875 0.0155411
72 0.844271 0.531641 0.311458 0.525781 0.0127258
53 0.354167 0.596484 0.222917 0.0585938 0.0123825
60 0.503125 0.475781 0.983333 0.9375 0.011734
69 0.430208 0.472656 0.795833 0.698438 0.0109024
60 0.340039 0.161035 0.494922 0.0666016 0.00993347
0 0.747396 0.471094 0.503125 0.929688 0.00926971
69 0.720313 0.467187 0.557292 0.915625 0.00847626
41 0.751042 0.15293 0.497917 0.301172 0.00754929
72 0.750521 0.151758 0.498958 0.300391 0.00740433
60 0.402083 0.492188 0.732292 0.740625 0.00671768
55 0.464714 0.242773 0.603906 0.100391 0.00664139
55 0.39349 0.247656 0.723438 0.246875 0.00656509
69 0.810417 0.576172 0.377083 0.666406 0.00626373
58 0.746354 0.425781 0.507292 0.845313 0.00624084
68 0.848958 0.530469 0.302083 0.529688 0.00588989
55 0.065625 0.559375 0.110417 0.120313 0.00518036
0 0.505729 0.473438 0.984375 0.9375 0.0049057
72 0.0914063 0.503906 0.181771 0.595313 0.00460815
55 0.460417 0.269531 0.627083 0.154688 0.00426483
73 0.402214 0.2375 0.46224 0.090625 0.00402451
72 0.814063 0.562109 0.371875 0.688281 0.00402451
55 0.0639323 0.537891 0.104427 0.0601563 0.00395966
53 0.430208 0.472656 0.795833 0.698438 0.00391388
44 0.222135 0.434375 0.0578125 0.05 0.00312424
53 0.417839 0.475391 0.43724 0.0875 0.00294685
53 0.366667 0.542578 0.334375 0.0835937 0.00290108
69 0.439063 0.703906 0.484375 0.323438 0.00288963
45 0.0554688 0.470703 0.109375 0.0953125 0.00282288
41 0.221875 0.433594 0.0572917 0.0507812 0.00266266
63 0.752083 0.154688 0.495833 0.303125 0.00258064
68 0.751042 0.15293 0.497917 0.301172 0.00237846
73 0.393229 0.229297 0.717708 0.209375 0.00237846
43 0.415625 0.590625 0.348958 0.0734375 0.00228691
53 0.420703 0.239063 0.498177 0.0914062 0.00227928
73 0.0544271 0.451953 0.106771 0.135156 0.00226974
39 0.017513 0.460156 0.035026 0.046875 0.00226021
48 0.514583 0.589844 0.147917 0.0601563 0.00225258
45 0.141927 0.230664 0.191146 0.114453 0.00218201
55 0.402083 0.492188 0.732292 0.740625 0.00218201
72 0.519271 0.540234 0.961458 0.836719 0.00218201
48 0.428646 0.488281 0.469792 0.190625 0.00218201
73 0.0466146 0.399219 0.090625 0.04375 0.00217438
39 0.0330729 0.459375 0.0661458 0.0507812 0.00216484
60 0.398958 0.228076 0.708333 0.20166 0.00211525
0 0.752083 0.15293 0.495833 0.300781 0.00210762
68 0.504688 0.498437 0.978125 0.85 0.00202751
73 0.0471354 0.391406 0.0932292 0.078125 0.00198746
59 0.398958 0.228076 0.708333 0.20166 0.00197983
72 0.429688 0.576953 0.51875 0.596094 0.00194168
45 0.460417 0.269531 0.627083 0.154688 0.00192642
45 0.221875 0.433594 0.0583333 0.0515625 0.00190449
53 0.347396 0.607813 0.21875 0.0265625 0.00184631
49 0.0639323 0.5375 0.104688 0.0625 0.00181007
45 0.464714 0.242773 0.603906 0.100391 0.00167465
71 0.393229 0.229297 0.717708 0.209375 0.00167465
53 0.39349 0.247656 0.723438 0.246875 0.00167465
73 0.0346354 0.461719 0.0661458 0.0515625 0.0016613
71 0.425911 0.23457 0.60026 0.103516 0.0016489
72 0.55 0.600879 0.897917 0.61543 0.0016489
72 0.102344 0.616797 0.203646 0.594531 0.00157356
53 0.432292 0.630078 0.48125 0.483594 0.00156116
73 0.341667 0.163281 0.5 0.0695313 0.00153637
48 0.417188 0.590625 0.346875 0.0734375 0.00151253
10 0.743229 0.453516 0.513542 0.896094 0.00148964
12 0.745833 0.469141 0.508333 0.924219 0.0014782
71 0.750521 0.151758 0.498958 0.300391 0.00146675
69 0.392708 0.341602 0.7375 0.423047 0.00144958
55 0.420313 0.591406 0.354167 0.0703125 0.00143242
41 0.017513 0.460156 0.035026 0.046875 0.00142097
55 0.426042 0.24707 0.6875 0.128516 0.00141048
71 0.848958 0.530469 0.302083 0.529688 0.00137806
55 0.517708 0.591406 0.14375 0.0578125 0.00136185
43 0.222135 0.434375 0.0578125 0.05 0.00135612
55 0.353125 0.602734 0.2125 0.0390625 0.00134087
41 0.0251302 0.459375 0.0502604 0.0492188 0.00133514
45 0.898958 0.740625 0.08125 0.0328125 0.00130463
44 0.141146 0.230811 0.192708 0.115723 0.00129414
46 0.0635417 0.5375 0.104688 0.065625 0.00128937
25 0.750521 0.151758 0.498958 0.300391 0.00127411
69 0.0953125 0.552734 0.190104 0.728906 0.00126934
11 0.751042 0.15293 0.497917 0.301172 0.00126457
48 0.353125 0.602734 0.2125 0.0390625 0.00122547
53 0.356771 0.480469 0.316667 0.08125 0.00119209
60 0.406771 0.230859 0.603125 0.0960938 0.00117874
43 0.516667 0.589063 0.144792 0.059375 0.00116539
71 0.341667 0.163281 0.5 0.0695313 0.00116062
69 0.39349 0.247656 0.723438 0.246875 0.00115585
61 0.747917 0.425781 0.502083 0.845313 0.00113392
53 0.4125 0.546094 0.290625 0.0734375 0.00112438
45 0.410286 0.405469 0.389844 0.059375 0.00112438
59 0.341667 0.163281 0.5 0.0695313 0.00110722
53 0.398958 0.508203 0.40625 0.15 0.00110722
59 0.402083 0.492188 0.732292 0.740625 0.00109005
45 0.396875 0.45625 0.725 0.65625 0.00106907
41 0.238542 0.667188 0.0640625 0.10625 0.00106049
55 0.341667 0.163281 0.5 0.0695313 0.00105667
45 0.417188 0.590625 0.347917 0.071875 0.00104809
39 0.0450521 0.466797 0.0411458 0.0273438 0.00103188
39 0.0453125 0.457813 0.0898438 0.05625 0.00102425
56 0.392188 0.224609 0.646875 0.189063 0.00102425
53 0.427604 0.488672 0.46875 0.1875 0.888184
72 0.746875 0.470703 0.50625 0.927344 0.352295
69 0.496875 0.489453 0.979167 0.900781 0.0859985
53 0.415625 0.592188 0.360417 0.0671875 0.064209
53 0.430339 0.458594 0.447656 0.121875 0.0390625
73 0.0552083 0.470313 0.109375 0.0953125 0.0359497
69 0.429688 0.576172 0.521875 0.599219 0.0239563
53 0.352604 0.603125 0.2125 0.0390625 0.0209656
72 0.751563 0.154492 0.496875 0.304297 0.0174408
69 0.842188 0.528516 0.315625 0.530469 0.0170441
53 0.425521 0.538281 0.445833 0.090625 0.0157166
72 0.811979 0.500781 0.376042 0.645312 0.0156708
69 0.552604 0.544434 0.871875 0.686133 0.0153656
62 0.751042 0.153125 0.497917 0.301172 0.0147324
72 0.842188 0.528516 0.315625 0.530469 0.014389
53 0.513542 0.589844 0.147917 0.0601563 0.0137405
45 0.392708 0.244922 0.723958 0.241797 0.0137405
53 0.440625 0.520703 0.432292 0.124219 0.0119629
53 0.422005 0.569141 0.38099 0.111719 0.0118256
69 0.427604 0.482031 0.789583 0.720313 0.0116882
60 0.501563 0.473047 0.986458 0.938281 0.0106964
69 0.728125 0.464844 0.539583 0.914062 0.0101318
69 0.797396 0.542578 0.403125 0.611719 0.00963593
60 0.337956 0.161133 0.499089 0.0660156 0.00926971
0 0.747396 0.469531 0.503125 0.929688 0.0086441
53 0.364583 0.596094 0.24375 0.059375 0.00763702
55 0.392708 0.244922 0.723958 0.241797 0.00561905
72 0.0917969 0.507422 0.182031 0.636719 0.00534439
41 0.751042 0.153125 0.497917 0.301172 0.00496292
73 0.405208 0.2375 0.466667 0.0914062 0.00482941
60 0.401563 0.494141 0.730208 0.749219 0.00469971
68 0.846875 0.523438 0.30625 0.540625 0.00438309
0 0.505339 0.471875 0.985156 0.9375 0.00428009
58 0.742708 0.453125 0.514583 0.895312 0.00421524
55 0.464453 0.243359 0.602344 0.101172 0.00399017
72 0.515755 0.539062 0.95599 0.840625 0.00397491
53 0.427604 0.482031 0.789583 0.720313 0.00388527
55 0.065625 0.559766 0.110938 0.121094 0.00349617
44 0.221875 0.434375 0.0583333 0.05 0.00329781
43 0.417188 0.590625 0.346875 0.0734375 0.00329781
68 0.751042 0.153125 0.497917 0.301172 0.00329781
53 0.417708 0.475781 0.435417 0.0875 0.00309944
73 0.0542969 0.445703 0.107031 0.148438 0.00300407
73 0.392708 0.228076 0.71875 0.207129 0.00300407
41 0.221875 0.433594 0.0572917 0.0507812 0.00291252
55 0.0638021 0.538281 0.104688 0.0609375 0.00291252
68 0.496875 0.489453 0.979167 0.900781 0.00282288
63 0.752083 0.154785 0.495833 0.30332 0.00281143
71 0.422005 0.234766 0.61224 0.103125 0.00270462
71 0.392708 0.228076 0.71875 0.207129 0.00269318
72 0.429688 0.576172 0.521875 0.599219 0.00261116
69 0.751563 0.154492 0.496875 0.304297 0.00251198
55 0.457813 0.269922 0.626042 0.155469 0.00232315
53 0.373958 0.542578 0.348958 0.0835937 0.00231361
45 0.464453 0.243359 0.602344 0.101172 0.00223351
73 0.0464844 0.4 0.0908854 0.0429688 0.00221634
45 0.0552083 0.470313 0.109375 0.0953125 0.00214958
39 0.0330729 0.459375 0.0661458 0.0507812 0.00213242
45 0.457813 0.269922 0.626042 0.155469 0.00213242
59 0.398958 0.226562 0.70625 0.198047 0.0020504
39 0.0173177 0.460156 0.0346354 0.046875 0.00204277
0 0.752083 0.153125 0.495833 0.300781 0.00190449
73 0.0471354 0.391406 0.0932292 0.078125 0.00187492
73 0.0364583 0.462109 0.0700521 0.0523438 0.00183868
55 0.401563 0.494141 0.730208 0.749219 0.00183868
72 0.102344 0.614062 0.203125 0.617188 0.00183105
69 0.438672 0.644531 0.49349 0.440625 0.00183105
45 0.221875 0.433594 0.0583333 0.0515625 0.00181007
71 0.342448 0.163379 0.500521 0.0693359 0.00177479
73 0.342448 0.163379 0.500521 0.0693359 0.00175476
69 0.439583 0.730078 0.48125 0.264844 0.0017271
45 0.141927 0.230469 0.190625 0.114063 0.0016613
12 0.744792 0.46875 0.510417 0.925 0.0016489
69 0.392708 0.244922 0.723958 0.241797 0.00157356
71 0.422917 0.248047 0.695833 0.129688 0.00150108
41 0.0173177 0.460156 0.0346354 0.046875 0.00148964
71 0.750521 0.151074 0.498958 0.298633 0.00148964
48 0.513542 0.589844 0.147917 0.0601563 0.00147247
53 0.42513 0.239453 0.50599 0.0914062 0.00140476
10 0.742708 0.453125 0.514583 0.895312 0.00140476
48 0.428255 0.488281 0.46849 0.189063 0.00140476
73 0.053776 0.402441 0.10651 0.293555 0.00139904
59 0.401563 0.494141 0.730208 0.749219 0.00139427
60 0.398958 0.226562 0.70625 0.198047 0.00135612
41 0.0244792 0.459375 0.0489583 0.05 0.00133514
61 0.747917 0.426563 0.502083 0.846875 0.00133514
53 0.392708 0.244922 0.723958 0.241797 0.00132465
43 0.221875 0.434375 0.0583333 0.05 0.00129986
53 0.347396 0.607813 0.21875 0.0265625 0.0012598
45 0.420833 0.591406 0.354167 0.0703125 0.00124454
11 0.751042 0.153125 0.497917 0.301172 0.00119686
49 0.0638021 0.538281 0.104688 0.0625 0.0011692
60 0.402083 0.23125 0.6125 0.0960938 0.0011692
42 0.417188 0.590625 0.346875 0.0734375 0.0011425
45 0.414453 0.40625 0.398177 0.059375 0.00113392
55 0.420833 0.591406 0.354167 0.0703125 0.00112438
43 0.516667 0.589063 0.145833 0.059375 0.0011158
55 0.352604 0.603125 0.2125 0.0390625 0.00111198
69 0.0945313 0.552734 0.188021 0.763281 0.00110722
45 0.898958 0.740625 0.08125 0.0328125 0.00106049
46 0.0635417 0.537891 0.104688 0.065625 0.00104809
53 0.433333 0.63125 0.48125 0.485938 0.00104809
39 0.0481771 0.457813 0.0791667 0.05625 0.00104046
60 0.429688 0.576172 0.521875 0.599219 0.00104046
2 0.0330729 0.459375 0.0661458 0.0507812 0.00103188
39 0.0453125 0.466406 0.040625 0.0265625 0.00102043
44 0.141211 0.230859 0.192578 0.116016 0.00100422
53 0.427604 0.488672 0.46875 0.1875 0.901367
72 0.746875 0.46875 0.50625 0.925 0.414795
69 0.496354 0.485938 0.978125 0.901563 0.0977173
53 0.415495 0.592188 0.360677 0.0671875 0.0455322
73 0.0552083 0.470703 0.109375 0.0953125 0.0372009
53 0.430208 0.458594 0.447917 0.123438 0.0311432
69 0.430078 0.574121 0.521094 0.604883 0.0220337
72 0.751563 0.154492 0.496875 0.304297 0.0187683
72 0.807292 0.482031 0.385417 0.676562 0.0163422
53 0.352604 0.602734 0.2125 0.0398437 0.016098
72 0.841146 0.523828 0.317708 0.539844 0.0144501
45 0.392448 0.244727 0.723438 0.241797 0.0129242
69 0.55625 0.540625 0.864583 0.69375 0.0125275
69 0.841146 0.523828 0.317708 0.539844 0.0119629
53 0.425521 0.538281 0.446875 0.0921875 0.0119171
69 0.423047 0.48291 0.78099 0.72793 0.0117798
60 0.501042 0.470313 0.9875 0.9375 0.0115967
62 0.751563 0.15332 0.496875 0.301563 0.011467
69 0.733333 0.461328 0.529167 0.908594 0.00993347
53 0.421745 0.567187 0.38151 0.115625 0.00955963
0 0.747396 0.467578 0.503125 0.927344 0.00948334
53 0.513542 0.589844 0.15 0.0609375 0.0086441
53 0.439714 0.519531 0.433073 0.126563 0.00861359
60 0.336523 0.16123 0.501953 0.0662109 0.00769424
69 0.807292 0.482031 0.385417 0.676562 0.0068512
55 0.392448 0.244727 0.723438 0.241797 0.00619125
73 0.0546875 0.443848 0.108594 0.157617 0.00570679
53 0.383333 0.596094 0.283333 0.0601563 0.00518036
72 0.505339 0.475 0.98099 0.921875 0.00486755
0 0.505729 0.464844 0.988542 0.915625 0.00473785
43 0.417188 0.590625 0.347917 0.075 0.00469971
72 0.0914063 0.510254 0.18125 0.645117 0.0046463
41 0.751563 0.15332 0.496875 0.301563 0.00419998
73 0.407292 0.237109 0.46875 0.0921875 0.00392914
53 0.423047 0.48291 0.78099 0.72793 0.00392914
58 0.743229 0.451562 0.513542 0.89375 0.00372124
60 0.400521 0.489844 0.728125 0.746875 0.00349617
44 0.221875 0.434375 0.0578125 0.05 0.00348282
71 0.419922 0.235156 0.61849 0.103906 0.00348282
71 0.392708 0.228125 0.717708 0.207422 0.00348282
55 0.463542 0.243359 0.602083 0.102344 0.00329781
68 0.845833 0.517188 0.308333 0.553125 0.00322342
68 0.496354 0.485938 0.978125 0.901563 0.00316048
41 0.221875 0.433594 0.0572917 0.0507812 0.00296974
55 0.0635417 0.561328 0.117188 0.117969 0.00279999
73 0.392708 0.228125 0.717708 0.207422 0.00275803
72 0.430078 0.574121 0.521094 0.604883 0.00271416
68 0.751563 0.15332 0.496875 0.301563 0.00260162
53 0.417578 0.475781 0.433594 0.0875 0.00251198
63 0.752083 0.154883 0.495833 0.303516 0.00245285
71 0.342188 0.163477 0.501042 0.0691406 0.002388
55 0.0638021 0.538281 0.105208 0.0609375 0.00234222
69 0.751563 0.154492 0.496875 0.304297 0.00232315
45 0.463542 0.243359 0.602083 0.102344 0.00216484
53 0.351042 0.598047 0.210417 0.0585938 0.00213242
45 0.456771 0.269531 0.626042 0.157031 0.00210762
39 0.0330078 0.459375 0.0660156 0.0515625 0.0020504
55 0.456771 0.269531 0.626042 0.157031 0.00198746
71 0.420964 0.248828 0.69974 0.132031 0.00196457
73 0.0466146 0.4 0.090625 0.0453125 0.00194168
39 0.0173177 0.460156 0.0346354 0.046875 0.00193405
45 0.0552083 0.470703 0.109375 0.0953125 0.00185299
45 0.221875 0.433594 0.0583333 0.0515625 0.00178242
55 0.400521 0.489844 0.728125 0.746875 0.00178242
59 0.399479 0.225977 0.705208 0.198047 0.00170708
73 0.0384115 0.4625 0.0742188 0.053125 0.00168705
0 0.752604 0.153223 0.494792 0.300977 0.00168705
73 0.0471354 0.390234 0.09375 0.0820312 0.00163555
12 0.745833 0.467187 0.508333 0.925 0.00163555
42 0.417188 0.590625 0.347917 0.075 0.00161648
72 0.102344 0.614844 0.203125 0.621875 0.0015974
73 0.0539063 0.401953 0.106771 0.294531 0.00158501
69 0.438672 0.642578 0.49349 0.444531 0.00156689
41 0.0173177 0.460156 0.0346354 0.046875 0.00156116
69 0.392448 0.244727 0.723438 0.241797 0.00156116
73 0.342188 0.163477 0.501042 0.0691406 0.00154305
72 0.529036 0.592285 0.93776 0.618555 0.00153637
45 0.420833 0.591016 0.355208 0.071875 0.00146675
61 0.747917 0.426953 0.502083 0.847656 0.00145531
10 0.743229 0.451562 0.513542 0.89375 0.00142097
41 0.024349 0.459375 0.0486979 0.05 0.00138855
45 0.141927 0.230469 0.190104 0.114063 0.00135612
59 0.400521 0.489844 0.728125 0.746875 0.00131989
69 0.439583 0.728125 0.48125 0.26875 0.00129414
43 0.221875 0.434375 0.0578125 0.05 0.00117874
71 0.751042 0.150195 0.497917 0.296484 0.00116062
60 0.430078 0.574121 0.521094 0.604883 0.00115585
53 0.426953 0.239453 0.508594 0.0914062 0.00113773
53 0.392448 0.244727 0.723438 0.241797 0.00113392
43 0.516146 0.589063 0.145833 0.059375 0.0011034
45 0.414583 0.40625 0.401042 0.059375 0.00109863
39 0.0479167 0.458203 0.0794271 0.05625 0.00104809
2 0.0330078 0.459375 0.0660156 0.0515625 0.00104046
71 0.751042 0.427344 0.497917 0.848437 0.00104046
23 0.427214 0.489063 0.46849 0.185938 0.00103188
48 0.428125 0.488281 0.467708 0.189063 0.00102425
48 0.513542 0.589844 0.15 0.0609375 0.00101662
11 0.751563 0.15332 0.496875 0.301563 0.00101662
53 0.433333 0.630469 0.480208 0.489063 0.00100803
53 0.427214 0.488281 0.46849 0.1875 0.919434
72 0.746875 0.465625 0.50625 0.920313 0.565918
69 0.497917 0.517969 0.975 0.79375 0.0943604
53 0.415625 0.592188 0.359375 0.0671875 0.0409851
73 0.0552083 0.471094 0.109635 0.0953125 0.0402527
53 0.430208 0.458984 0.448958 0.125 0.0265503
72 0.751563 0.153906 0.496875 0.303125 0.0241394
69 0.435938 0.58125 0.50625 0.590625 0.0240479
72 0.811458 0.458594 0.377083 0.714063 0.0234222
53 0.352604 0.603125 0.210417 0.0390625 0.0192719
72 0.841146 0.524609 0.317708 0.538281 0.018692
69 0.841146 0.524609 0.317708 0.538281 0.0144501
62 0.752083 0.153125 0.495833 0.301563 0.0121002
69 0.400521 0.485156 0.721875 0.740625 0.0115509
60 0.428255 0.485938 0.810156 0.853125 0.0113297
0 0.747917 0.465234 0.502083 0.922656 0.0107803
53 0.421875 0.569141 0.379167 0.111719 0.0106964
53 0.423828 0.538672 0.441927 0.0921875 0.0104904
69 0.540625 0.597754 0.916667 0.606055 0.00974274
69 0.739583 0.45625 0.51875 0.898438 0.00861359
60 0.337435 0.16123 0.50013 0.0658203 0.00857544
53 0.513542 0.589844 0.15 0.0609375 0.00809479
45 0.392708 0.241602 0.71875 0.236719 0.00746155
53 0.440625 0.519531 0.43125 0.128125 0.0068779
55 0.39349 0.226562 0.713021 0.205078 0.00664139
55 0.460547 0.244141 0.59349 0.103125 0.00631332
53 0.352604 0.596094 0.220833 0.0585938 0.00631332
69 0.811458 0.458594 0.377083 0.714063 0.00609589
72 0.0921875 0.5 0.184375 0.6 0.005867
72 0.492188 0.527734 0.905208 0.835156 0.0055542
0 0.507943 0.464453 0.984115 0.914844 0.00538635
43 0.417188 0.589844 0.346875 0.0742188 0.00481033
53 0.414583 0.483594 0.758333 0.732813 0.00466537
58 0.744792 0.45 0.510417 0.890625 0.00462723
55 0.0638021 0.561719 0.115104 0.115625 0.00399017
73 0.401042 0.236914 0.458333 0.0902344 0.0037365
55 0.0638021 0.538672 0.103646 0.0601563 0.00365067
68 0.492188 0.527734 0.905208 0.835156 0.00329781
55 0.454297 0.269531 0.610156 0.157031 0.00313568
41 0.221875 0.433594 0.0572917 0.0515625 0.00307465
68 0.845313 0.519922 0.309375 0.546094 0.00300407
45 0.0552083 0.471094 0.109635 0.0953125 0.00281143
72 0.435938 0.58125 0.50625 0.590625 0.00259018
69 0.439583 0.730469 0.479167 0.264062 0.00253105
44 0.221875 0.434375 0.0578125 0.05 0.00252151
71 0.423438 0.236719 0.613542 0.107422 0.0024929
41 0.752604 0.153613 0.494792 0.301758 0.00243378
39 0.0332031 0.459375 0.0664062 0.0507812 0.00237846
53 0.417578 0.475781 0.433594 0.0875 0.00232315
71 0.342188 0.163281 0.501042 0.06875 0.00231361
45 0.460547 0.244141 0.59349 0.103125 0.00231361
63 0.752604 0.15459 0.494792 0.30293 0.00226974
39 0.0165365 0.460547 0.0330729 0.046875 0.00221634
41 0.0229167 0.459375 0.0458333 0.0492188 0.00218201
41 0.0165365 0.460547 0.0330729 0.046875 0.00216484
45 0.454297 0.269531 0.610156 0.157031 0.00213242
68 0.752083 0.153906 0.495833 0.303125 0.00203514
55 0.400521 0.485156 0.721875 0.740625 0.00203514
0 0.752604 0.153125 0.494792 0.300391 0.00198746
73 0.39349 0.226562 0.713021 0.205078 0.00198746
72 0.101302 0.622656 0.201563 0.6125 0.00190449
73 0.0464844 0.400391 0.0908854 0.0421875 0.00189686
45 0.221875 0.433594 0.0583333 0.0515625 0.00188255
45 0.899479 0.741016 0.0822917 0.034375 0.00184631
69 0.751563 0.153906 0.496875 0.303125 0.00178242
71 0.39349 0.226562 0.713021 0.205078 0.00178242
11 0.752083 0.153125 0.495833 0.301563 0.00174809
45 0.141146 0.23042 0.188542 0.11416 0.0017004
69 0.0927083 0.544531 0.185417 0.732813 0.0016613
60 0.501953 0.567578 0.98776 0.688281 0.00160408
41 0.0332031 0.459375 0.0664062 0.0507812 0.0015974
53 0.364063 0.542969 0.327083 0.084375 0.00158501
42 0.417188 0.589844 0.346875 0.0742188 0.00158501
72 0.540625 0.597754 0.916667 0.606055 0.00157356
12 0.746354 0.463281 0.507292 0.917188 0.00156116
73 0.0471354 0.392969 0.0932292 0.075 0.00150108
10 0.744792 0.45 0.510417 0.890625 0.00148964
39 0.0229167 0.459375 0.0458333 0.0492188 0.00144386
53 0.433854 0.630859 0.478125 0.488281 0.00141048
59 0.40013 0.224268 0.69974 0.194434 0.00139904
69 0.392708 0.241602 0.71875 0.236719 0.00139904
50 0.0458333 0.466406 0.0393229 0.0265625 0.00131512
53 0.347917 0.607813 0.21875 0.028125 0.00129414
73 0.342188 0.163281 0.501042 0.06875 0.00128937
53 0.422917 0.239453 0.5 0.0914062 0.00123501
45 0.0628906 0.538672 0.103906 0.065625 0.0012064
73 0.0354167 0.4625 0.0682292 0.05 0.00117874
2 0.0332031 0.459375 0.0664062 0.0507812 0.00115585
60 0.295573 0.119238 0.396354 0.0353516 0.00113773
39 0.0453125 0.466016 0.0385417 0.0289063 0.00113392
39 0.0501302 0.457422 0.0710938 0.053125 0.00112438
60 0.751042 0.427734 0.497917 0.849219 0.0011158
45 0.409505 0.406641 0.389323 0.059375 0.00111198
59 0.400521 0.485156 0.721875 0.740625 0.00109863
2 0.0229167 0.459375 0.0458333 0.0492188 0.00107765
45 0.350521 0.597656 0.210417 0.0578125 0.00106525
60 0.393229 0.44209 0.738542 0.63457 0.00105286
41 0.0446615 0.457813 0.0893229 0.0546875 0.00104809
23 0.427214 0.488672 0.46849 0.186719 0.00103664
45 0.0229167 0.459375 0.0458333 0.0492188 0.00103188
39 0.0657552 0.560156 0.110677 0.120313 0.00102425
73 0.0536458 0.4 0.106771 0.291406 0.00102425
60 0.4 0.224414 0.683333 0.187891 0.00102425
46 0.0635417 0.538281 0.104688 0.065625 0.00101185
45 0.0171875 0.458594 0.034375 0.0453125 0.00100803
53 0.427214 0.488281 0.46849 0.1875 0.910645
72 0.746875 0.464844 0.50625 0.920313 0.647949
69 0.498438 0.512891 0.971875 0.803906 0.0970459
73 0.0552083 0.471094 0.109896 0.0960938 0.0354004
72 0.751563 0.153711 0.496875 0.302734 0.0311432
72 0.802083 0.430469 0.395833 0.771875 0.0310211
53 0.415625 0.592188 0.359375 0.0671875 0.0270691
69 0.43737 0.582031 0.502344 0.590625 0.0188293
53 0.425521 0.457422 0.439583 0.125 0.0181885
72 0.841667 0.521094 0.316667 0.54375 0.0181274
53 0.352604 0.603125 0.209375 0.0390625 0.0139008
69 0.841667 0.521094 0.316667 0.54375 0.0123367
0 0.747917 0.464063 0.502083 0.921875 0.0121918
60 0.434245 0.483203 0.81901 0.858594 0.0114212
69 0.581771 0.553125 0.809375 0.670313 0.0109482
69 0.400521 0.485547 0.719792 0.747656 0.00955963
55 0.459505 0.244531 0.591406 0.105469 0.00908661
53 0.422005 0.570312 0.378906 0.109375 0.0088501
69 0.742708 0.453516 0.5125 0.896094 0.00834656
60 0.336979 0.161328 0.5 0.065625 0.00787354
55 0.39375 0.226123 0.7125 0.204785 0.00740433
0 0.509245 0.462109 0.98151 0.913281 0.00695801
62 0.752604 0.15459 0.494792 0.30293 0.00679779
72 0.482943 0.525 0.886198 0.834375 0.0064621
72 0.0919271 0.491406 0.183854 0.592188 0.00609589
45 0.39375 0.226123 0.7125 0.204785 0.00577545
53 0.423438 0.539062 0.442708 0.09375 0.00575256
53 0.440625 0.519531 0.43125 0.13125 0.00500107
53 0.350521 0.595703 0.217708 0.0585938 0.00477219
43 0.417578 0.589453 0.346094 0.0742188 0.00469971
53 0.408854 0.489453 0.744792 0.749219 0.00468063
55 0.453125 0.269727 0.60625 0.158203 0.00457382
58 0.745313 0.448047 0.509375 0.888281 0.00439835
53 0.5125 0.589844 0.15 0.0609375 0.00436401
69 0.802083 0.430469 0.395833 0.771875 0.00429916
55 0.0638021 0.561719 0.114583 0.115625 0.00415039
55 0.0638021 0.538672 0.103646 0.0601563 0.00336266
68 0.498438 0.512891 0.971875 0.803906 0.00307465
45 0.0552083 0.471094 0.109896 0.0960938 0.00288963
41 0.221875 0.433594 0.0572917 0.0515625 0.00273705
73 0.398438 0.236719 0.453125 0.0894531 0.00273705
45 0.900521 0.741406 0.084375 0.034375 0.00271416
72 0.43737 0.582031 0.502344 0.590625 0.00255013
69 0.439714 0.730469 0.478906 0.267188 0.00248146
55 0.400521 0.485547 0.719792 0.747656 0.00247192
41 0.022526 0.459375 0.0450521 0.0492188 0.0024147
39 0.0332031 0.459375 0.0664062 0.0515625 0.00239754
71 0.342188 0.163281 0.501042 0.06875 0.00237846
69 0.439453 0.658594 0.489844 0.415625 0.00236893
41 0.0163411 0.460547 0.0326823 0.046875 0.00228691
39 0.0163411 0.460547 0.0326823 0.046875 0.00223351
53 0.417188 0.476562 0.433333 0.0890625 0.00208282
44 0.221875 0.433594 0.0583333 0.0523438 0.0020752
45 0.453125 0.269727 0.60625 0.158203 0.00203514
71 0.424089 0.238477 0.616406 0.111328 0.00198746
45 0.459505 0.244531 0.591406 0.105469 0.00198746
68 0.845833 0.516406 0.308333 0.551562 0.00185299
63 0.752604 0.15459 0.494792 0.30293 0.00183868
11 0.752083 0.153418 0.495833 0.301758 0.0018034
39 0.0348958 0.464453 0.0619792 0.0382813 0.00179577
41 0.752604 0.153906 0.494792 0.301953 0.00176144
0 0.751563 0.153711 0.496875 0.302734 0.00173378
41 0.0332031 0.459375 0.0664062 0.0515625 0.00172043
69 0.0927083 0.524609 0.185417 0.707031 0.00168705
72 0.547005 0.59209 0.90599 0.61582 0.00166798
69 0.751563 0.153711 0.496875 0.302734 0.00163555
72 0.100521 0.622266 0.200521 0.600781 0.00163555
45 0.221875 0.433594 0.0583333 0.0523438 0.00161076
53 0.434505 0.630469 0.476823 0.4875 0.00157356
42 0.417578 0.589453 0.346094 0.0742188 0.00154877
72 0.814063 0.547266 0.371875 0.711719 0.00151253
10 0.745313 0.448047 0.509375 0.888281 0.00150108
12 0.748958 0.428125 0.5 0.85 0.00146103
39 0.022526 0.459375 0.0450521 0.0492188 0.00145531
45 0.141146 0.230273 0.1875 0.114844 0.00134563
68 0.752083 0.154297 0.495833 0.303125 0.00134087
41 0.0348958 0.464453 0.0619792 0.0382813 0.00129414
2 0.0332031 0.459375 0.0664062 0.0515625 0.00126934
60 0.295313 0.119238 0.394792 0.0353516 0.0012598
45 0.0630208 0.539062 0.103646 0.065625 0.00124454
73 0.39375 0.226123 0.7125 0.204785 0.00122547
50 0.0458333 0.466406 0.0393229 0.028125 0.00121117
2 0.022526 0.459375 0.0450521 0.0492188 0.00118828
71 0.39375 0.226123 0.7125 0.204785 0.00118828
39 0.0509115 0.457422 0.0690104 0.053125 0.00113392
45 0.350521 0.597266 0.210417 0.0578125 0.00113392
45 0.405208 0.406641 0.382292 0.0585938 0.00112915
73 0.0466146 0.4 0.0911458 0.0460938 0.00112438
39 0.0455729 0.466406 0.0385417 0.0296875 0.0011158
23 0.427083 0.488281 0.46875 0.1875 0.00106907
53 0.348177 0.607813 0.218229 0.028125 0.00106525
45 0.0658854 0.560156 0.110938 0.119531 0.00104046
71 0.292969 0.119141 0.393229 0.0339844 0.00103188
45 0.022526 0.459375 0.0450521 0.0492188 0.00102425
55 0.423958 0.250781 0.697917 0.135937 0.00102425
53 0.356771 0.542969 0.311458 0.084375 0.00102425
13 0.047526 0.347656 0.0929688 0.164062 0.00101662
39 0.0658854 0.560156 0.110938 0.119531 0.00100803
53 0.427083 0.488281 0.46875 0.1875 0.900391
72 0.746875 0.464844 0.50625 0.921875 0.658203
69 0.500521 0.50625 0.976042 0.825 0.104492
72 0.751563 0.153711 0.496875 0.302344 0.0358276
53 0.417578 0.589844 0.348177 0.071875 0.0231476
73 0.0546875 0.471875 0.108854 0.096875 0.0225372
72 0.842708 0.518359 0.314583 0.547656 0.0158386
53 0.425 0.457031 0.438542 0.126563 0.0155411
69 0.434245 0.579688 0.508594 0.603125 0.0129242
55 0.460286 0.245508 0.591927 0.107422 0.0123825
0 0.747917 0.464453 0.502083 0.922656 0.0112915
0 0.509375 0.460938 0.98125 0.9125 0.00993347
53 0.352604 0.603125 0.209375 0.0390625 0.00985718
72 0.509245 0.469922 0.973177 0.860156 0.00948334
69 0.579688 0.547754 0.819792 0.688867 0.00908661
69 0.842708 0.518359 0.314583 0.547656 0.00894928
60 0.452604 0.479297 0.859375 0.872656 0.00834656
53 0.420313 0.569531 0.378125 0.109375 0.00790405
69 0.401042 0.491406 0.71875 0.770312 0.0077858
55 0.39375 0.225586 0.710417 0.205078 0.00728989
69 0.742708 0.455469 0.5125 0.9 0.00712204
72 0.0920573 0.482812 0.184115 0.601562 0.00619125
60 0.336393 0.161426 0.501172 0.0654297 0.00605011
55 0.454036 0.269922 0.60651 0.159375 0.00572968
62 0.752604 0.154492 0.494792 0.302734 0.00471878
53 0.404688 0.542969 0.405208 0.0859375 0.00424957
53 0.440625 0.51875 0.43125 0.134375 0.00421524
53 0.406771 0.496484 0.739583 0.772656 0.00399017
53 0.349479 0.595313 0.217708 0.0585938 0.00392914
43 0.417708 0.589063 0.346875 0.075 0.00388527
68 0.500521 0.50625 0.976042 0.825 0.00388527
45 0.39375 0.225586 0.710417 0.205078 0.00385475
55 0.0635417 0.561719 0.115104 0.115625 0.00344276
58 0.745313 0.446094 0.509375 0.885938 0.00337601
45 0.901042 0.741406 0.0854167 0.0359375 0.00317192
53 0.5125 0.589844 0.15 0.0609375 0.00253105
41 0.0228516 0.459375 0.0457031 0.05 0.0024929
55 0.401042 0.491406 0.71875 0.770312 0.0024929
45 0.0552083 0.471094 0.109896 0.0960938 0.00245285
55 0.0638021 0.538672 0.103646 0.0601563 0.00236893
72 0.434245 0.579688 0.508594 0.603125 0.00223351
41 0.222135 0.433594 0.0583333 0.0523438 0.00221634
41 0.016276 0.460156 0.0325521 0.046875 0.00216484
39 0.0333984 0.459375 0.0667969 0.0515625 0.00216484
71 0.341927 0.163281 0.501563 0.0683594 0.0020504
39 0.016276 0.460156 0.0325521 0.046875 0.00203514
0 0.751563 0.153711 0.496875 0.302344 0.00182438
73 0.396875 0.236328 0.45 0.0882813 0.00178242
69 0.438411 0.729297 0.479427 0.272656 0.00168705
41 0.0333984 0.459375 0.0667969 0.0515625 0.00167465
72 0.806771 0.538184 0.386458 0.729883 0.0016613
45 0.454036 0.269922 0.60651 0.159375 0.00162888
53 0.417839 0.476562 0.435156 0.0890625 0.00161076
12 0.75 0.428125 0.5 0.85 0.00161076
44 0.221875 0.433594 0.0583333 0.053125 0.00157356
45 0.460286 0.245508 0.591927 0.107422 0.00156689
69 0.751563 0.153711 0.496875 0.302344 0.00153637
69 0.0929688 0.507422 0.185938 0.697656 0.00144958
63 0.752604 0.154492 0.494792 0.302734 0.00144386
39 0.0228516 0.459375 0.0457031 0.05 0.00137806
72 0.545833 0.589063 0.908333 0.623438 0.00136662
69 0.439583 0.665234 0.491667 0.407031 0.00136185
71 0.426172 0.240039 0.622656 0.115234 0.00135612
10 0.745313 0.446094 0.509375 0.885938 0.00132465
71 0.0436198 0.283789 0.0859375 0.0570313 0.00131989
55 0.424479 0.251758 0.703125 0.138672 0.00130463
72 0.0997396 0.614453 0.199479 0.563281 0.00129414
45 0.0635417 0.538281 0.104948 0.065625 0.0012598
42 0.417708 0.589063 0.346875 0.075 0.0012598
71 0.0442708 0.302539 0.0875 0.08125 0.00125504
11 0.752604 0.154492 0.494792 0.302734 0.00121593
2 0.0333984 0.459375 0.0667969 0.0515625 0.00121117
45 0.221875 0.433594 0.0583333 0.053125 0.00116539
2 0.0228516 0.459375 0.0457031 0.05 0.00115108
60 0.295247 0.119141 0.394922 0.0355469 0.00115108
39 0.0505208 0.457422 0.0697917 0.0539063 0.0011158
71 0.293294 0.119141 0.394661 0.0339844 0.0011158
69 0.806771 0.538184 0.386458 0.729883 0.00109482
72 0.371875 0.508203 0.720833 0.822656 0.00108624
45 0.350521 0.596875 0.211458 0.0578125 0.00108147
41 0.753125 0.153906 0.49375 0.302344 0.00107288
13 0.0446615 0.298438 0.0877604 0.0828125 0.00106525
45 0.0657552 0.560156 0.111198 0.119531 0.00105667
39 0.0455729 0.466406 0.0390625 0.0296875 0.00104809
45 0.141146 0.230273 0.186979 0.115234 0.00103188
39 0.0657552 0.560156 0.111198 0.119531 0.00101185
50 0.0458333 0.466406 0.0395833 0.028125 0.00100803
53 0.427083 0.487891 0.469792 0.188281 0.876465
72 0.746875 0.464063 0.50625 0.920313 0.710449
69 0.500911 0.500781 0.97526 0.835938 0.103027
72 0.751042 0.15332 0.497917 0.301953 0.0405273
73 0.0549479 0.471875 0.108854 0.0976562 0.0204163
53 0.417839 0.590234 0.34974 0.0710938 0.0173798
72 0.842188 0.510938 0.315625 0.5625 0.0150757
53 0.426563 0.458984 0.453125 0.133594 0.0135345
0 0.510938 0.458984 0.978125 0.910156 0.0132751
72 0.509896 0.467969 0.971875 0.864062 0.0126266
55 0.461328 0.246094 0.59401 0.109375 0.0107803
69 0.433854 0.578027 0.515625 0.611133 0.00974274
0 0.748438 0.463281 0.503125 0.920313 0.00854492
69 0.402995 0.491797 0.723177 0.780469 0.0068779
53 0.352083 0.602734 0.209375 0.0398437 0.0068512
60 0.461589 0.473438 0.876823 0.876563 0.00653839
53 0.41875 0.567187 0.380208 0.115625 0.0064888
69 0.742188 0.455078 0.513542 0.899219 0.00561905
72 0.0923177 0.486719 0.184635 0.595313 0.00510025
60 0.336393 0.161719 0.501172 0.065625 0.00503922
69 0.842188 0.510938 0.315625 0.5625 0.00496292
69 0.578125 0.563672 0.83125 0.667969 0.00460815
55 0.455078 0.270117 0.60651 0.160156 0.00452042
55 0.393229 0.224414 0.711458 0.205469 0.00445175
68 0.500911 0.500781 0.97526 0.835938 0.00432968
53 0.440755 0.51875 0.433073 0.1375 0.00374985
43 0.417839 0.589063 0.347656 0.075 0.00372124
62 0.752604 0.154492 0.494792 0.302344 0.00351143
45 0.901042 0.741406 0.0854167 0.0359375 0.00318527
53 0.401563 0.544922 0.4 0.0898438 0.00313568
53 0.406771 0.498047 0.740625 0.782031 0.00307465
53 0.34974 0.595313 0.219271 0.059375 0.0028553
72 0.751042 0.328125 0.495833 0.650781 0.00258064
41 0.0231771 0.459375 0.0463542 0.05 0.0024929
55 0.063151 0.561719 0.116146 0.115625 0.0024929
58 0.745833 0.444922 0.508333 0.883594 0.00248146
55 0.402995 0.491797 0.723177 0.780469 0.00221634
41 0.016276 0.460156 0.0325521 0.046875 0.00213242
72 0.433854 0.578027 0.515625 0.611133 0.00208282
71 0.341667 0.163477 0.502083 0.06875 0.00206757
39 0.0333984 0.459375 0.0667969 0.0515625 0.0019722
41 0.222135 0.433594 0.0583333 0.0523438 0.00189686
45 0.393229 0.224414 0.711458 0.205469 0.00183868
12 0.750521 0.428125 0.498958 0.851562 0.00182438
39 0.016276 0.460156 0.0325521 0.046875 0.00179577
45 0.0554688 0.471094 0.109896 0.096875 0.00174141
41 0.0333984 0.459375 0.0667969 0.0515625 0.00167465
0 0.751563 0.155469 0.494792 0.304688 0.00167465
71 0.0434896 0.283594 0.0859375 0.0578125 0.00165462
53 0.511458 0.589453 0.152083 0.0609375 0.00159168
72 0.805208 0.536328 0.389583 0.732031 0.00152493
69 0.751042 0.15332 0.497917 0.301953 0.00151253
73 0.396875 0.236328 0.45 0.0890625 0.00148964
71 0.0441406 0.302344 0.0875 0.0820312 0.00148392
45 0.455078 0.270117 0.60651 0.160156 0.0014782
45 0.461328 0.246094 0.59401 0.109375 0.00146675
55 0.0639323 0.538672 0.104427 0.0609375 0.00139427
71 0.426042 0.24082 0.626042 0.116797 0.00131989
53 0.41862 0.475781 0.435677 0.090625 0.00131512
39 0.0231771 0.459375 0.0463542 0.05 0.00126934
44 0.221875 0.433594 0.0583333 0.053125 0.00124931
2 0.0333984 0.459375 0.0667969 0.0515625 0.00122547
69 0.0933594 0.505469 0.186719 0.689063 0.0012207
42 0.415625 0.589844 0.357292 0.071875 0.00118351
72 0.545703 0.587109 0.908594 0.628906 0.00117874
2 0.0231771 0.459375 0.0463542 0.05 0.0011692
69 0.438411 0.726562 0.48151 0.28125 0.0011692
63 0.752604 0.154492 0.494792 0.302344 0.00115108
10 0.745833 0.444922 0.508333 0.883594 0.00115108
45 0.0635417 0.538281 0.105729 0.065625 0.00113773
72 0.402995 0.491797 0.723177 0.780469 0.00112438
72 0.0998698 0.614941 0.19974 0.545117 0.00112057
39 0.05 0.457813 0.0713542 0.0546875 0.00111198
13 0.0445313 0.298047 0.0875 0.0835937 0.00110722
71 0.293815 0.119141 0.395703 0.0339844 0.0011034
60 0.392969 0.476172 0.739063 0.722656 0.0011034
11 0.752604 0.154492 0.494792 0.302344 0.00107288
60 0.294857 0.119336 0.395703 0.0355469 0.00106525
55 0.425521 0.252734 0.70625 0.140625 0.00105667
69 0.0606771 0.525781 0.120313 0.214062 0.00104427
53 0.427214 0.488281 0.470573 0.189063 0.861328
72 0.751042 0.428906 0.497917 0.851562 0.733887
69 0.502214 0.495313 0.976823 0.854688 0.0997925
72 0.751042 0.15293 0.497917 0.300781 0.0288696
72 0.511328 0.466016 0.96901 0.874219 0.0193481
53 0.416797 0.589844 0.34974 0.0703125 0.0188293
0 0.511979 0.459375 0.976042 0.909375 0.0159607
55 0.461458 0.247266 0.59375 0.111719 0.0154266
73 0.0549479 0.471875 0.108854 0.096875 0.014389
53 0.427214 0.460156 0.453906 0.1375 0.0127716
72 0.841667 0.492578 0.316667 0.599219 0.0126724
69 0.440495 0.571094 0.53151 0.629687 0.00698471
53 0.417839 0.567187 0.378906 0.115625 0.00666809
0 0.742188 0.458984 0.515625 0.903906 0.00634003
55 0.455729 0.270313 0.605208 0.160938 0.00609589
69 0.407813 0.495703 0.73125 0.797656 0.00602722
53 0.352083 0.602734 0.208333 0.0398437 0.00548935
68 0.502214 0.495313 0.976823 0.854688 0.00518036
72 0.0927083 0.483984 0.185417 0.599219 0.0051384
69 0.750521 0.45 0.498958 0.892188 0.0049057
60 0.473958 0.471484 0.902083 0.883594 0.00457382
60 0.335872 0.161523 0.501172 0.065625 0.00436401
45 0.901042 0.741406 0.0875 0.0359375 0.0039444
55 0.39375 0.222656 0.710417 0.20625 0.00327301
69 0.841667 0.492578 0.316667 0.599219 0.00312424
43 0.417839 0.589063 0.347656 0.075 0.003088
53 0.440625 0.518359 0.432292 0.142969 0.0030632
53 0.348958 0.594531 0.21875 0.059375 0.00305176
62 0.752604 0.154102 0.494792 0.301953 0.00294685
55 0.0627604 0.561719 0.116146 0.115625 0.00281143
41 0.0233724 0.458984 0.0467448 0.0492188 0.00265312
53 0.393229 0.551953 0.383333 0.103906 0.00264168
69 0.544271 0.580859 0.911458 0.642969 0.00254059
53 0.410938 0.502441 0.746875 0.795117 0.00230598
41 0.0162109 0.460156 0.0324219 0.0476562 0.00225258
55 0.4 0.4875 0.717708 0.75 0.0020504
39 0.0334635 0.459375 0.0669271 0.0515625 0.0019722
58 0.746354 0.445312 0.507292 0.884375 0.00192642
71 0.0434896 0.282813 0.0856771 0.0578125 0.00186729
12 0.751042 0.428906 0.497917 0.851562 0.00182438
41 0.0334635 0.459375 0.0669271 0.0515625 0.00173378
39 0.0162109 0.460156 0.0324219 0.0476562 0.00171375
71 0.340625 0.163477 0.503125 0.06875 0.00171375
72 0.788021 0.519629 0.423958 0.635742 0.00168705
71 0.0440104 0.302148 0.0872396 0.0824219 0.00162888
41 0.222396 0.433594 0.0583333 0.0523438 0.00157928
72 0.440495 0.571094 0.53151 0.629687 0.00157928
45 0.455729 0.270313 0.605208 0.160938 0.00148964
0 0.751042 0.154883 0.495833 0.303906 0.00147247
45 0.461458 0.247266 0.59375 0.111719 0.00140476
61 0 0.788867 0 0.422266 0.00139904
45 0.0557292 0.471094 0.110417 0.096875 0.00136662
55 0.434375 0.239453 0.520833 0.0890625 0.00134563
55 0.0638021 0.538281 0.104688 0.0609375 0.00134087
72 0.407813 0.495703 0.73125 0.797656 0.00129986
73 0.395052 0.236133 0.447396 0.0878906 0.00127888
53 0.511458 0.589453 0.152083 0.0609375 0.00123024
39 0.0233724 0.458984 0.0467448 0.0492188 0.00121117
53 0.41875 0.476172 0.436458 0.0914062 0.00120163
45 0.39375 0.222656 0.710417 0.20625 0.00116062
71 0.293685 0.119141 0.395964 0.0341797 0.0011425
13 0.0445313 0.296875 0.0875 0.0867188 0.00112915
72 0.0990885 0.612891 0.198177 0.508594 0.0011158
2 0.0334635 0.459375 0.0669271 0.0515625 0.00111198
45 0.0634115 0.538281 0.10599 0.065625 0.00111198
39 0.0502604 0.457813 0.0705729 0.053125 0.00110722
45 0.35026 0.596484 0.214063 0.0578125 0.00109005
2 0.0233724 0.458984 0.0467448 0.0492188 0.00108147
69 0.751042 0.15293 0.497917 0.300781 0.00108147
71 0.429167 0.242383 0.627083 0.120703 0.00104809
69 0.788021 0.519629 0.423958 0.635742 0.00104809
39 0.0453125 0.466406 0.0401042 0.03125 0.00103188
44 0.221875 0.433594 0.0583333 0.053125 0.00101662
60 0.294531 0.119336 0.396354 0.0357422 0.00101185
53 0.427083 0.488281 0.470833 0.190625 0.84082
72 0.751042 0.429688 0.497917 0.853125 0.775879
69 0.503255 0.491406 0.97474 0.857813 0.0994873
72 0.751042 0.152539 0.497917 0.3 0.0252686
72 0.51263 0.464063 0.966406 0.873438 0.0215302
0 0.513021 0.459375 0.973958 0.909375 0.0174408
53 0.416536 0.589844 0.35026 0.0703125 0.0158997
55 0.461979 0.248047 0.594792 0.113672 0.0151291
73 0.0548177 0.471875 0.108594 0.096875 0.0134277
53 0.426563 0.460547 0.454167 0.139063 0.0121918
72 0.841146 0.475781 0.317708 0.632812 0.012146
69 0.441146 0.569922 0.523958 0.632031 0.00763702
55 0.45612 0.270703 0.604427 0.162109 0.00638962
53 0.416667 0.564844 0.379167 0.120313 0.00598145
68 0.503255 0.491406 0.97474 0.857813 0.00548935
69 0.750521 0.45 0.498958 0.89375 0.00538635
69 0.39375 0.477441 0.739583 0.735742 0.00538635
0 0.742188 0.457813 0.515625 0.9 0.00498199
72 0.0929688 0.488379 0.185938 0.588867 0.00482941
55 0.426563 0.240234 0.504167 0.09375 0.00448608
53 0.352083 0.602344 0.208333 0.040625 0.00426483
60 0.336523 0.161523 0.49987 0.065625 0.00416565
60 0.473438 0.46875 0.9 0.884375 0.00376511
45 0.901042 0.741406 0.0875 0.0359375 0.00374985
43 0.417188 0.588672 0.347917 0.075 0.00302696
55 0.0626302 0.561328 0.116406 0.116406 0.00300407
53 0.440625 0.518359 0.433333 0.147656 0.00291252
62 0.752604 0.153809 0.494792 0.301367 0.00269318
41 0.0231771 0.458984 0.0463542 0.0492188 0.00268364
69 0.841146 0.475781 0.317708 0.632812 0.00261116
53 0.348698 0.594531 0.219271 0.059375 0.00254059
41 0.0162109 0.460156 0.0324219 0.0476562 0.00229645
55 0.39401 0.221875 0.710938 0.209375 0.00226974
69 0.547526 0.579785 0.904948 0.64668 0.00217438
61 0 0.792969 0 0.414062 0.00199509
71 0.0434896 0.282813 0.0854167 0.0570313 0.00196457
39 0.0335286 0.459375 0.0670573 0.0515625 0.00191879
71 0.340104 0.163477 0.503125 0.0691406 0.00191879
55 0.400521 0.487891 0.717708 0.750781 0.00189686
53 0.413672 0.502441 0.751823 0.791992 0.00185299
12 0.751042 0.429688 0.497917 0.853125 0.00174809
41 0.0335286 0.459375 0.0670573 0.0515625 0.0017271
72 0.789583 0.510938 0.420833 0.66875 0.0017271
71 0.0440104 0.302344 0.0869792 0.0820312 0.00169373
45 0.45612 0.270703 0.604427 0.162109 0.00169373
58 0.746354 0.445312 0.507292 0.884375 0.0016489
72 0.441146 0.569922 0.523958 0.632031 0.0016489
41 0.222396 0.433594 0.0583333 0.0523438 0.00162315
39 0.0162109 0.460156 0.0324219 0.0476562 0.00162315
45 0.461979 0.248047 0.594792 0.113672 0.00145531
72 0.411979 0.495703 0.7375 0.796094 0.00142097
73 0.394271 0.235938 0.445833 0.0875 0.00132465
13 0.044401 0.29707 0.0875 0.0863281 0.00127411
53 0.41888 0.475781 0.43724 0.0921875 0.0012598
0 0.751042 0.154492 0.495833 0.303516 0.00123501
55 0.0638021 0.538281 0.105208 0.0609375 0.0012207
71 0.29401 0.119141 0.397396 0.034375 0.00119686
53 0.421875 0.549609 0.442708 0.129688 0.00119686
45 0.0557292 0.471094 0.110417 0.096875 0.00117874
39 0.0231771 0.458984 0.0463542 0.0492188 0.0011692
71 0.430729 0.243164 0.628125 0.122656 0.00116062
72 0.0992188 0.621094 0.198438 0.498437 0.00112438
13 0.0473958 0.347461 0.0932292 0.164453 0.00110722
45 0.35 0.596484 0.214583 0.0578125 0.00109005
2 0.0335286 0.459375 0.0670573 0.0515625 0.00108624
72 0.630208 0.369727 0.739583 0.734766 0.00106049
2 0.0231771 0.458984 0.0463542 0.0492188 0.00105667
45 0.0632813 0.538281 0.10625 0.065625 0.00104809
45 0.0645833 0.559766 0.113542 0.121094 0.00104809
39 0.050651 0.457422 0.0705729 0.0539063 0.00103188
44 0.221875 0.433594 0.0583333 0.053125 0.00102425
41 0.0458333 0.466406 0.0398438 0.0289063 0.00101662
72 0.857292 0.544922 0.285417 0.492969 0.00101185
53 0.427083 0.489063 0.470833 0.192188 0.827637
72 0.751042 0.428906 0.497917 0.851562 0.810547
69 0.504036 0.489844 0.971094 0.851562 0.0970459
72 0.751042 0.152148 0.497917 0.299609 0.0223694
72 0.514063 0.462891 0.963542 0.867969 0.0222931
0 0.514063 0.458594 0.971875 0.90625 0.0174408
55 0.4625 0.248828 0.595833 0.115625 0.0155411
73 0.0549479 0.471094 0.108854 0.096875 0.0139542
53 0.416797 0.589844 0.351823 0.0703125 0.0134277
72 0.841667 0.474219 0.316667 0.635938 0.0126724
53 0.426953 0.460547 0.454427 0.139063 0.0115509
69 0.438411 0.571875 0.516927 0.625 0.00894928
55 0.455729 0.271094 0.604167 0.163281 0.00728989
69 0.750521 0.449219 0.498958 0.892188 0.00595856
68 0.504036 0.489844 0.971094 0.851562 0.00579834
69 0.394271 0.474219 0.739583 0.729688 0.00542831
0 0.741667 0.454688 0.516667 0.890625 0.00534439
72 0.0932292 0.495313 0.186458 0.579688 0.00526047
53 0.415755 0.563281 0.38099 0.123438 0.00521851
55 0.426953 0.240234 0.504427 0.09375 0.00481033
60 0.33724 0.161523 0.499479 0.0660156 0.00431442
53 0.352083 0.602344 0.208333 0.040625 0.00405502
60 0.470703 0.466406 0.891927 0.878125 0.00387001
45 0.901042 0.741797 0.0875 0.0359375 0.00344276
55 0.0626302 0.561328 0.116927 0.117188 0.00314713
53 0.440755 0.517969 0.435156 0.150781 0.00312424
43 0.417188 0.588281 0.347917 0.075 0.0030632
62 0.752604 0.153516 0.494792 0.301172 0.00301552
69 0.841667 0.474219 0.316667 0.635938 0.00282288
41 0.023112 0.458984 0.046224 0.0492188 0.0026722
41 0.0162109 0.460156 0.0324219 0.0476562 0.00236893
53 0.348958 0.594531 0.219792 0.059375 0.00218201
69 0.549609 0.581934 0.900781 0.642383 0.00216484
71 0.339844 0.163477 0.503646 0.0695313 0.00214958
55 0.394271 0.22207 0.711458 0.213281 0.00213242
61 0 0.798438 0 0.403125 0.0020752
41 0.222396 0.433594 0.0583333 0.053125 0.00205803
72 0.438411 0.571875 0.516927 0.625 0.0020504
45 0.455729 0.271094 0.604167 0.163281 0.00201988
39 0.0335286 0.459375 0.0670573 0.0515625 0.00191879
55 0.401042 0.485156 0.71875 0.74375 0.00189686
41 0.0335286 0.459375 0.0670573 0.0515625 0.00179577
71 0.0434896 0.283203 0.0854167 0.05625 0.00176144
58 0.746875 0.444531 0.50625 0.882812 0.0017271
53 0.416536 0.501172 0.75651 0.786719 0.0017004
12 0.751042 0.428906 0.497917 0.851562 0.00167465
39 0.0162109 0.460156 0.0324219 0.0476562 0.00158501
71 0.0440104 0.302539 0.0869792 0.0816406 0.00154305
45 0.4625 0.248828 0.595833 0.115625 0.00154305
73 0.395573 0.236133 0.448438 0.0882813 0.00145531
72 0.807813 0.544531 0.384375 0.7125 0.00144386
53 0.418229 0.475781 0.436458 0.0921875 0.00138283
13 0.0445313 0.297266 0.0880208 0.0855469 0.00136662
72 0.0989583 0.625781 0.197917 0.495313 0.00135612
13 0.0473958 0.347461 0.0932292 0.164453 0.00129414
71 0.430208 0.24375 0.628125 0.123438 0.00126457
44 0.221875 0.433594 0.0583333 0.053125 0.00125504
72 0.629297 0.367383 0.741406 0.730078 0.00118828
45 0.35 0.596094 0.214583 0.0578125 0.00118351
39 0.023112 0.458984 0.046224 0.0492188 0.00115108
71 0.294531 0.119141 0.398438 0.034375 0.00115108
48 0.425 0.494531 0.466667 0.203125 0.00115108
0 0.751042 0.154297 0.495833 0.303125 0.00114727
2 0.0335286 0.459375 0.0670573 0.0515625 0.00112438
55 0.0639323 0.538281 0.105469 0.0609375 0.00112057
69 0.438672 0.721094 0.485156 0.296875 0.0011034
69 0.0940104 0.503516 0.188021 0.638281 0.00109005
72 0.853125 0.562891 0.291667 0.474219 0.00109005
2 0.023112 0.458984 0.046224 0.0492188 0.00105667
45 0.0645833 0.559375 0.114063 0.121875 0.00105667
39 0.050651 0.457422 0.0713542 0.0539063 0.00103188
41 0.0458333 0.466406 0.0401042 0.0289063 0.00103188
45 0.0632813 0.538281 0.106771 0.065625 0.00100803
53 0.427083 0.489063 0.470833 0.192188 0.834473
72 0.751042 0.428125 0.497917 0.85 0.822266
69 0.504297 0.492969 0.970573 0.839063 0.0917358
72 0.751042 0.152148 0.497917 0.299609 0.02034
72 0.514714 0.464063 0.96224 0.860938 0.0179901
0 0.514063 0.458984 0.971875 0.905469 0.0175781
55 0.461458 0.249023 0.59375 0.116016 0.0165863
53 0.416667 0.589844 0.351042 0.0703125 0.0148392
73 0.0549479 0.471094 0.108854 0.0953125 0.0136337
72 0.842188 0.491504 0.315625 0.599805 0.0132751
69 0.435938 0.576953 0.513542 0.614844 0.011116
53 0.426563 0.460156 0.455208 0.139063 0.0103683
55 0.454688 0.271094 0.601042 0.163672 0.00806427
69 0.750521 0.449219 0.498958 0.890625 0.00677109
0 0.742188 0.453125 0.515625 0.884375 0.00577545
69 0.395313 0.474902 0.740625 0.72832 0.00553513
68 0.504297 0.492969 0.970573 0.839063 0.0053215
53 0.416146 0.562891 0.38125 0.124219 0.00527954
72 0.0934896 0.501172 0.186979 0.572656 0.00526047
55 0.426563 0.240234 0.504167 0.0941406 0.00510025
60 0.33776 0.161328 0.498438 0.0660156 0.00500107
53 0.352083 0.602344 0.208333 0.040625 0.00484848
60 0.47513 0.466016 0.89974 0.877344 0.00395966
55 0.0627604 0.561719 0.116667 0.117188 0.00358009
53 0.440755 0.51875 0.435156 0.148438 0.00352478
45 0.901042 0.741797 0.0875 0.0359375 0.00346947
69 0.842188 0.491504 0.315625 0.599805 0.00345612
62 0.752604 0.153418 0.494792 0.300977 0.00338936
43 0.417188 0.588672 0.347917 0.075 0.00305176
41 0.0229167 0.458984 0.0458333 0.0492188 0.00286674
69 0.550911 0.588965 0.898177 0.62832 0.00286674
41 0.222396 0.433594 0.0583333 0.053125 0.00263214
41 0.0162109 0.460156 0.0324219 0.0476562 0.0026207
45 0.454688 0.271094 0.601042 0.163672 0.00251198
53 0.348438 0.594531 0.219792 0.059375 0.00251198
71 0.339583 0.163574 0.504167 0.0697266 0.00247192
72 0.435938 0.576953 0.513542 0.614844 0.00230598
55 0.395313 0.222705 0.710417 0.210059 0.00212479
41 0.0335286 0.459375 0.0670573 0.0515625 0.00197983
39 0.0335286 0.459375 0.0670573 0.0515625 0.00193405
58 0.747396 0.444531 0.505208 0.882812 0.00189686
45 0.461458 0.249023 0.59375 0.116016 0.00182438
53 0.422396 0.501563 0.767708 0.784375 0.00182438
71 0.0434896 0.283594 0.0854167 0.05625 0.00176811
61 0 0.802734 0 0.394531 0.00168705
39 0.0162109 0.460156 0.0324219 0.0476562 0.00158501
73 0.395313 0.236133 0.447917 0.0882813 0.00156116
71 0.0440104 0.302734 0.0869792 0.08125 0.00155449
55 0.401563 0.487109 0.719792 0.744531 0.00148964
72 0.855729 0.56875 0.286458 0.448438 0.00143242
44 0.221875 0.433594 0.0583333 0.053125 0.00142097
13 0.0445313 0.297656 0.0880208 0.0851563 0.00142097
72 0.808333 0.557422 0.383333 0.685156 0.00142097
53 0.417708 0.476172 0.435417 0.0914062 0.00139904
0 0.752604 0.152344 0.494792 0.298438 0.00139427
13 0.0473958 0.347461 0.09375 0.164453 0.00138855
12 0.751042 0.428125 0.497917 0.85 0.00138855
72 0.0989583 0.632031 0.197917 0.492188 0.00137806
45 0.35 0.596094 0.214583 0.0578125 0.00134563
69 0.438672 0.721094 0.485156 0.295312 0.00133514
71 0.43125 0.24375 0.625 0.123828 0.00132465
55 0.0639323 0.538281 0.105469 0.0609375 0.00124931
71 0.294531 0.119141 0.398438 0.034375 0.00123978
69 0.0954427 0.563184 0.190885 0.529883 0.00121593
41 0.0458333 0.466406 0.0401042 0.0289063 0.00117874
53 0.511458 0.589453 0.152083 0.0609375 0.00117397
41 0.239583 0.671875 0.065625 0.11875 0.00116062
45 0.404167 0.407031 0.383333 0.0601563 0.00115585
39 0.0229167 0.458984 0.0458333 0.0492188 0.00112915
60 0.294271 0.119434 0.398958 0.0361328 0.00111198
45 0.221875 0.433594 0.0583333 0.053125 0.0011034
69 0.438542 0.654688 0.498958 0.434375 0.00109863
2 0.0335286 0.459375 0.0670573 0.0515625 0.00108147
45 0.0632813 0.538281 0.106771 0.065625 0.00107288
45 0.0645833 0.559375 0.114063 0.121875 0.00107288
72 0.620313 0.360938 0.759375 0.717188 0.00106525
48 0.425 0.494141 0.466667 0.203125 0.00106049
63 0.752083 0.154004 0.495833 0.301367 0.00103188
41 0.0634115 0.5375 0.10625 0.0625 0.00101185
41 0.0645833 0.559375 0.114063 0.121875 0.00100803
53 0.427083 0.489063 0.470833 0.192188 0.84082
72 0.751042 0.428125 0.497917 0.85 0.832031
69 0.504688 0.493359 0.969792 0.835156 0.0891113
55 0.460417 0.249609 0.590625 0.117188 0.0207214
72 0.516536 0.464063 0.958594 0.859375 0.0175171
72 0.751563 0.152344 0.496875 0.3 0.0173798
0 0.513151 0.458594 0.973698 0.904688 0.0161591
53 0.416667 0.589844 0.351042 0.0703125 0.0158386
69 0.435417 0.577734 0.508333 0.608594 0.0136871
72 0.843229 0.500391 0.313542 0.582031 0.0134277
73 0.0549479 0.470703 0.108854 0.09375 0.0118256
53 0.426563 0.459766 0.455208 0.138281 0.00959778
55 0.452995 0.268359 0.654427 0.163281 0.00901794
69 0.751042 0.449219 0.497917 0.890625 0.00703812
55 0.424479 0.24043 0.501042 0.0945313 0.00664139
0 0.741667 0.453516 0.516667 0.883594 0.00656509
72 0.0941406 0.514453 0.188281 0.607031 0.00609589
53 0.352083 0.602344 0.207292 0.040625 0.00534439
53 0.416667 0.5625 0.38125 0.125 0.00526047
68 0.504688 0.493359 0.969792 0.835156 0.00500107
60 0.338021 0.161328 0.498958 0.0660156 0.00498199
69 0.395833 0.474219 0.740625 0.726562 0.00492477
69 0.581771 0.548047 0.823958 0.692969 0.00481033
69 0.843229 0.500391 0.313542 0.582031 0.00445175
55 0.0627604 0.561328 0.116146 0.116406 0.00439835
60 0.477083 0.465625 0.903125 0.876563 0.00431442
53 0.441146 0.519531 0.435417 0.146875 0.00418091
45 0.901042 0.741797 0.0875 0.0359375 0.0036068
62 0.752604 0.15332 0.494792 0.300781 0.00353813
41 0.222396 0.433594 0.0583333 0.053125 0.00314713
55 0.395313 0.223828 0.709375 0.207422 0.00307465
43 0.417578 0.588281 0.348177 0.075 0.0030632
41 0.022526 0.458984 0.0450521 0.0492188 0.00298119
45 0.453646 0.271094 0.598958 0.163281 0.00288963
41 0.0161458 0.460156 0.0322917 0.0476562 0.0027256
53 0.348438 0.594531 0.219792 0.059375 0.0027256
72 0.435417 0.577734 0.508333 0.608594 0.0026722
58 0.747396 0.444531 0.505208 0.88125 0.00219154
71 0.339844 0.163574 0.503646 0.0697266 0.00209999
41 0.0335286 0.459375 0.0670573 0.0515625 0.00205803
39 0.0335286 0.459375 0.0670573 0.0515625 0.0019722
0 0.752604 0.152246 0.494792 0.298242 0.00185299
53 0.426042 0.501172 0.772917 0.782031 0.00184631
71 0.0433594 0.283594 0.0856771 0.0554687 0.00176811
45 0.35 0.596094 0.214583 0.0578125 0.00165462
44 0.221875 0.433594 0.0583333 0.053125 0.0016489
53 0.417188 0.476562 0.434375 0.090625 0.00162888
71 0.0440104 0.302734 0.0869792 0.08125 0.00161076
69 0.438021 0.720703 0.484375 0.296094 0.0015974
39 0.0161458 0.460156 0.0322917 0.0476562 0.00158501
41 0.239583 0.671875 0.065625 0.11875 0.00157356
53 0.397917 0.50625 0.402083 0.135937 0.00156116
72 0.0981771 0.63125 0.196354 0.478125 0.00154305
61 0 0.807422 0 0.385156 0.00152493
72 0.857292 0.573047 0.283333 0.436719 0.00152493
55 0.41875 0.495996 0.75 0.786133 0.00150681
39 0.0359375 0.464844 0.0609375 0.0375 0.00148964
55 0.0640625 0.538281 0.104948 0.0609375 0.00148964
45 0.395313 0.223828 0.709375 0.207422 0.00148964
13 0.0445313 0.297461 0.0880208 0.0851563 0.00144958
73 0.39375 0.236328 0.445833 0.0875 0.00144386
69 0.438542 0.65625 0.497917 0.429688 0.00143242
53 0.508333 0.590234 0.1625 0.0601563 0.00138855
72 0.8125 0.589941 0.375 0.62168 0.00137806
41 0.0359375 0.464844 0.0609375 0.0375 0.00136662
45 0.221875 0.433594 0.0583333 0.053125 0.00135612
45 0.402083 0.406641 0.375 0.059375 0.00135612
13 0.0473958 0.347461 0.09375 0.164453 0.00126934
41 0.0459635 0.466406 0.0398438 0.0296875 0.00126457
69 0.0953125 0.563965 0.190625 0.51582 0.00126457
48 0.425 0.494531 0.466667 0.204688 0.00124454
12 0.751042 0.428125 0.497917 0.85 0.00123024
71 0.431771 0.244141 0.619792 0.124609 0.00116539
39 0.022526 0.458984 0.0450521 0.0492188 0.00115585
41 0.234375 0.61875 0.0572917 0.08125 0.00112438
71 0.248372 0.11875 0.310547 0.0335938 0.00112057
72 0.584896 0.550391 0.826042 0.702344 0.0011158
63 0.752083 0.153906 0.495833 0.301172 0.00109005
45 0.239583 0.671875 0.065625 0.11875 0.00108147
45 0.0645833 0.559375 0.113542 0.121875 0.00106525
45 0.0634115 0.538281 0.10599 0.0648438 0.00105667
41 0.0634115 0.5375 0.10599 0.0625 0.00105667
42 0.415104 0.588281 0.360417 0.0734375 0.00105286
45 0.234375 0.61875 0.0572917 0.08125 0.00103188
53 0.325521 0.488281 0.254167 0.08125 0.00103188
39 0.0455729 0.466406 0.0401042 0.0304688 0.00102425
53 0.427083 0.489063 0.470833 0.192188 0.850098
72 0.751042 0.427344 0.497917 0.85 0.842773
69 0.504688 0.494922 0.967708 0.825781 0.0792236
55 0.459896 0.249609 0.589583 0.117188 0.0234222
53 0.416667 0.589844 0.351042 0.0703125 0.0180511
0 0.513021 0.458984 0.973958 0.903906 0.016098
72 0.517708 0.464844 0.95625 0.854688 0.016098
72 0.751042 0.153906 0.495833 0.302734 0.0157776
69 0.434505 0.58125 0.50599 0.601562 0.0149536
72 0.838542 0.448828 0.322917 0.749219 0.0131226
73 0.0548177 0.470313 0.108594 0.0921875 0.0116882
55 0.453125 0.268555 0.65 0.162891 0.0109863
53 0.426563 0.459375 0.455208 0.1375 0.00901794
55 0.423958 0.240625 0.5 0.0949219 0.00728989
69 0.751042 0.449219 0.497917 0.890625 0.00717545
0 0.741667 0.453125 0.516667 0.88125 0.00703812
53 0.352083 0.602344 0.207292 0.040625 0.00629044
72 0.0941406 0.517188 0.188281 0.595313 0.00629044
53 0.416667 0.5625 0.38125 0.124219 0.00547028
60 0.338086 0.16123 0.498828 0.0658203 0.00544739
69 0.581771 0.554297 0.821875 0.678906 0.00542831
55 0.0627604 0.561328 0.115625 0.116406 0.0051384
69 0.843229 0.508984 0.313542 0.564844 0.00510025
69 0.395833 0.473438 0.741667 0.725 0.0049057
53 0.441797 0.519922 0.435156 0.14375 0.00446701
68 0.504688 0.494922 0.967708 0.825781 0.00439835
45 0.902083 0.741797 0.0875 0.0359375 0.00426483
60 0.479167 0.464063 0.908333 0.876563 0.0042305
72 0.851563 0.516016 0.296875 0.552344 0.00419998
62 0.753125 0.153125 0.49375 0.301563 0.00395966
55 0.395833 0.224609 0.708333 0.205469 0.00390053
41 0.222396 0.433594 0.0583333 0.053125 0.00363541
53 0.348438 0.594531 0.219792 0.059375 0.00318527
41 0.0221354 0.458594 0.0442708 0.0484375 0.00317192
45 0.453646 0.271094 0.596875 0.1625 0.00298119
43 0.417188 0.588281 0.347917 0.075 0.00298119
41 0.0161458 0.460156 0.0322917 0.046875 0.00293541
72 0.434505 0.58125 0.50599 0.601562 0.00273705
58 0.747396 0.444531 0.505208 0.88125 0.0024147
41 0.030013 0.460156 0.060026 0.0484375 0.00235939
0 0.752604 0.152246 0.494792 0.298633 0.00231361
41 0.043099 0.457031 0.0861979 0.0546875 0.00209999
39 0.0335286 0.459375 0.0670573 0.0515625 0.00203514
45 0.395833 0.224609 0.708333 0.205469 0.00200272
71 0.339844 0.163477 0.503646 0.0699219 0.00196457
53 0.427214 0.500391 0.77474 0.777344 0.00195694
53 0.416536 0.476562 0.433594 0.0898438 0.00184631
53 0.508854 0.590234 0.1625 0.0601563 0.00178909
41 0.239583 0.671875 0.065625 0.11875 0.00178242
45 0.35 0.596094 0.214583 0.0578125 0.00178242
69 0.438021 0.721094 0.484375 0.295312 0.00176811
44 0.221875 0.433984 0.0583333 0.0523438 0.00175476
55 0.0640625 0.538281 0.104688 0.0609375 0.00174141
53 0.397917 0.504687 0.401042 0.132031 0.00173378
71 0.0433594 0.283594 0.0854167 0.0546875 0.0017271
39 0.0161458 0.460156 0.0322917 0.046875 0.00162315
72 0.0976563 0.630469 0.195313 0.471875 0.00159168
45 0.221875 0.433984 0.0583333 0.0523438 0.00157356
55 0.419792 0.495703 0.752083 0.780469 0.00157356
13 0.0445313 0.297656 0.0880208 0.084375 0.00156689
71 0.0440104 0.30293 0.0869792 0.0808594 0.00154305
39 0.0367188 0.464844 0.0596354 0.0375 0.00150681
41 0.0367188 0.464844 0.0596354 0.0375 0.00145531
73 0.393229 0.236328 0.445833 0.0875 0.00145531
45 0.401563 0.40625 0.370833 0.059375 0.00144958
41 0.0459635 0.466406 0.0398438 0.028125 0.00143242
72 0.584896 0.557129 0.828125 0.688867 0.00138283
61 0 0.810156 0 0.379688 0.00136662
13 0.0473958 0.347266 0.09375 0.164844 0.00135136
69 0.0950521 0.568359 0.190104 0.502344 0.00133514
72 0.8125 0.595996 0.375 0.60957 0.00130463
45 0.239583 0.671875 0.065625 0.11875 0.00121593
53 0.32474 0.4875 0.252604 0.0796875 0.0012064
69 0.414063 0.589453 0.698958 0.655469 0.00120163
39 0.0221354 0.458594 0.0442708 0.0484375 0.00118351
63 0.752083 0.153809 0.495833 0.301367 0.00118351
41 0.234375 0.61875 0.0572917 0.0796875 0.0011692
12 0.751042 0.427344 0.497917 0.85 0.00112915
48 0.425 0.49375 0.466667 0.203125 0.00112915
72 0.752083 0.261719 0.495833 0.51875 0.00112438
71 0.248177 0.11875 0.309896 0.0335938 0.00111198
72 0.858333 0.610156 0.28125 0.35625 0.00110722
11 0.752604 0.152246 0.494792 0.298633 0.00109863
41 0.0635417 0.5375 0.105729 0.0625 0.00109005
45 0.0634115 0.538281 0.105729 0.0648438 0.00108147
45 0.234375 0.61875 0.0572917 0.0796875 0.00107765
39 0.0455729 0.466406 0.0398438 0.0296875 0.00106525
45 0.0645833 0.559375 0.113281 0.121094 0.00104809
71 0.432292 0.244141 0.61875 0.125 0.00104809
42 0.417188 0.588281 0.347917 0.075 0.00102425
45 0.234896 0.637109 0.0546875 0.0429688 0.00101662
45 0.14056 0.230469 0.186589 0.116406 0.00101662
53 0.427083 0.489063 0.470833 0.192188 0.851074
72 0.751042 0.428125 0.497917 0.85 0.842773
69 0.504688 0.494531 0.967708 0.826563 0.0809326
55 0.459896 0.249805 0.589583 0.116797 0.0241394
53 0.416667 0.589844 0.351042 0.0703125 0.0183411
72 0.517708 0.464063 0.95625 0.85625 0.0164642
0 0.513021 0.458984 0.973958 0.903906 0.0158997
72 0.751042 0.154004 0.495833 0.30293 0.0152512
69 0.433854 0.58125 0.507292 0.601562 0.0149536
72 0.838021 0.447656 0.323958 0.751563 0.012825
73 0.0548177 0.470313 0.108594 0.0929688 0.0118256
55 0.453125 0.268555 0.65 0.162891 0.0112
53 0.426563 0.459375 0.455208 0.1375 0.00901794
55 0.423828 0.240625 0.50026 0.0949219 0.00740433
69 0.751042 0.449219 0.497917 0.890625 0.00731659
0 0.741667 0.452734 0.516667 0.882031 0.00703812
53 0.352083 0.602344 0.207292 0.040625 0.00638962
72 0.0942708 0.517578 0.188542 0.596094 0.00626373
53 0.416667 0.5625 0.38125 0.123438 0.0055542
60 0.338281 0.161328 0.498438 0.065625 0.00542831
69 0.581771 0.554004 0.823958 0.679492 0.00526047
55 0.0627604 0.561328 0.115625 0.116406 0.00502014
69 0.395833 0.473438 0.741667 0.725 0.00498199
69 0.843229 0.507812 0.313542 0.567187 0.00498199
53 0.441797 0.520312 0.435156 0.14375 0.00450516
68 0.504688 0.494531 0.967708 0.826563 0.00445175
45 0.902083 0.741797 0.0875 0.0359375 0.00429916
60 0.479688 0.464063 0.909375 0.876563 0.00428009
72 0.851042 0.515723 0.297917 0.55293 0.0041008
62 0.753125 0.153125 0.49375 0.301563 0.00391388
55 0.395833 0.224609 0.708333 0.205469 0.00388527
41 0.222396 0.433594 0.0583333 0.053125 0.00362206
53 0.348698 0.594531 0.219271 0.059375 0.00321007
41 0.0222005 0.458594 0.044401 0.0484375 0.00317192
45 0.453646 0.271094 0.596875 0.1625 0.00300407
43 0.417188 0.588281 0.347917 0.075 0.00300407
41 0.0161458 0.460156 0.0322917 0.046875 0.0029583
72 0.433854 0.58125 0.507292 0.601562 0.00271416
58 0.747396 0.444531 0.505208 0.88125 0.00237846
41 0.0300781 0.460156 0.0601563 0.0484375 0.00235939
0 0.752604 0.152246 0.494792 0.298633 0.00235939
41 0.043099 0.457031 0.0861979 0.0546875 0.00210762
39 0.0335286 0.459375 0.0670573 0.0515625 0.0020504
45 0.395833 0.224609 0.708333 0.205469 0.00198746
71 0.339844 0.163574 0.503646 0.0697266 0.00196457
53 0.427995 0.500391 0.77526 0.777344 0.00194168
53 0.416667 0.476562 0.433333 0.0898438 0.00186729
41 0.239583 0.671875 0.065625 0.11875 0.00178242
45 0.35 0.596094 0.214583 0.0578125 0.00178242
44 0.221875 0.433594 0.0583333 0.053125 0.00175476
53 0.508854 0.590234 0.1625 0.0601563 0.00175476
55 0.0640625 0.538281 0.104688 0.0609375 0.0017271
71 0.0432292 0.283594 0.0854167 0.0546875 0.00172043
69 0.43763 0.721094 0.485156 0.295312 0.00171375
53 0.397917 0.504687 0.402083 0.13125 0.00170708
39 0.0161458 0.460156 0.0322917 0.046875 0.00163555
55 0.420313 0.495703 0.752083 0.780469 0.00160408
72 0.0976563 0.630469 0.195313 0.473438 0.00159168
13 0.0445313 0.297656 0.0880208 0.084375 0.00156116
45 0.221875 0.433594 0.0583333 0.053125 0.00155449
71 0.0440104 0.30293 0.0869792 0.0808594 0.00154305
39 0.0367188 0.464844 0.0598958 0.0375 0.00152493
73 0.393229 0.236328 0.445833 0.0875 0.0014782
41 0.0367188 0.464844 0.0598958 0.0375 0.00146103
45 0.401563 0.40625 0.371875 0.059375 0.00145531
41 0.0459635 0.466406 0.0398438 0.028125 0.00143242
61 0 0.810156 0 0.379688 0.00137806
13 0.0473958 0.347266 0.09375 0.164844 0.00135136
69 0.0950521 0.568066 0.190104 0.504492 0.00133038
72 0.584896 0.557031 0.828125 0.689063 0.0012846
72 0.8125 0.596094 0.375 0.609375 0.00127888
45 0.239583 0.671875 0.065625 0.11875 0.00123024
69 0.413021 0.589453 0.701042 0.655469 0.00122547
53 0.32474 0.4875 0.252604 0.0796875 0.00119209
39 0.0222005 0.458594 0.044401 0.0484375 0.00118828
63 0.752083 0.153711 0.495833 0.301172 0.0011692
41 0.234635 0.61875 0.0572917 0.0804688 0.00116539
72 0.752083 0.259766 0.495833 0.514844 0.0011425
12 0.751042 0.428125 0.497917 0.85 0.00113773
11 0.752604 0.152246 0.494792 0.298633 0.00113392
48 0.425 0.49375 0.466667 0.203125 0.00110722
45 0.0632813 0.538281 0.105729 0.0648438 0.00108147
41 0.0634115 0.5375 0.10599 0.0625 0.00108147
45 0.234635 0.61875 0.0572917 0.0804688 0.00108147
72 0.858333 0.609766 0.28125 0.357031 0.00108147
71 0.247982 0.11875 0.310286 0.0335938 0.00107765
39 0.0455729 0.466406 0.0398438 0.0296875 0.00107288
45 0.0645833 0.559375 0.113542 0.120313 0.00104809
71 0.432292 0.244336 0.61875 0.124609 0.00104046
42 0.417188 0.588281 0.347917 0.075 0.00103664
45 0.234896 0.637109 0.0546875 0.0429688 0.00101185
45 0.140625 0.230469 0.186979 0.116406 0.00100803
