4 0.514063 0.455882 0.932813 0.768235 0.901367
4 0.455469 0.304118 0.779688 0.461765 0.00602722
4 0.477441 0.253824 0.645117 0.369412 0.00273705
0 0.255078 0.433529 0.0175781 0.0223529 0.00223351
4 0.779688 0.432353 0.385938 0.382353 0.00136662
4 0.55166 0.237353 0.498242 0.334706 0.00104046
4 0.513281 0.455882 0.932813 0.770588 0.905762
4 0.452734 0.302059 0.775781 0.461765 0.00559998
0 0.255078 0.433235 0.0175781 0.0217647 0.00260162
4 0.77793 0.432279 0.387891 0.383676 0.00127411
4 0.532813 0.239853 0.534375 0.341471 0.00107765
4 0.514063 0.455882 0.932813 0.771765 0.904785
4 0.453223 0.302059 0.77793 0.463529 0.00547028
0 0.255078 0.433529 0.0171875 0.0223529 0.00319672
0 0.27793 0.434706 0.0175781 0.02 0.00104427
4 0.514844 0.456471 0.932813 0.774118 0.907227
4 0.456348 0.301691 0.782617 0.464853 0.00439835
0 0.255078 0.433235 0.0171875 0.0217647 0.00340271
0 0.278125 0.434706 0.0171875 0.02 0.00118351
0 0.34668 0.435294 0.0140625 0.0211765 0.00102425
4 0.5125 0.450882 0.921875 0.778235 0.916016
4 0.459277 0.299118 0.78457 0.460588 0.00382423
0 0.255078 0.432941 0.0171875 0.0211765 0.00358009
0 0.278125 0.434706 0.0171875 0.02 0.00140476
0 0.346875 0.435588 0.0140625 0.0205882 0.00113392
0 0.273047 0.433529 0.01875 0.0235294 0.00110722
4 0.5125 0.451765 0.921875 0.777647 0.928223
4 0.458496 0.297941 0.781445 0.457059 0.00424957
0 0.255078 0.432941 0.0171875 0.0211765 0.00408554
0 0.278125 0.434706 0.0171875 0.02 0.0017004
0 0.273242 0.433529 0.0183594 0.0235294 0.00131512
0 0.346875 0.435588 0.0140625 0.0205882 0.00124454
4 0.513281 0.452353 0.923438 0.775294 0.93457
4 0.453906 0.297132 0.771875 0.453971 0.00446701
0 0.255078 0.433529 0.0171875 0.0211765 0.00279999
0 0.278125 0.434706 0.0167969 0.02 0.00120163
0 0.346875 0.435588 0.0140625 0.0205882 0.00106907
4 0.513281 0.453529 0.925 0.771765 0.930664
4 0.453516 0.299118 0.771094 0.454706 0.00358009
0 0.255078 0.433529 0.0171875 0.02 0.00191879
4 0.513281 0.453529 0.926562 0.772941 0.915527
4 0.453809 0.293235 0.768945 0.440588 0.00275803
4 0.514453 0.452941 0.927344 0.774118 0.924316
4 0.453125 0.290882 0.757812 0.435294 0.00286674
0 0.255469 0.433529 0.0171875 0.0205882 0.00145531
4 0.514844 0.452941 0.926562 0.774118 0.915527
4 0.453809 0.289338 0.745508 0.430735 0.00255013
0 0.255469 0.433529 0.0171875 0.0211765 0.00165462
4 0.514844 0.452059 0.926562 0.775882 0.896484
4 0.45459 0.289706 0.73457 0.431176 0.00219154
0 0.255469 0.433529 0.0175781 0.0211765 0.00175476
4 0.669141 0.353015 0.477344 0.246912 0.00119686
4 0.514844 0.451765 0.926562 0.776471 0.874023
4 0.45625 0.288824 0.732813 0.43 0.00218201
0 0.255469 0.433529 0.0179687 0.0211765 0.00162315
4 0.66875 0.353456 0.476562 0.247206 0.00144958
4 0.514844 0.451176 0.926562 0.777647 0.863281
4 0.456641 0.287647 0.727344 0.427059 0.00198746
4 0.66875 0.354412 0.478125 0.248824 0.00197983
0 0.255469 0.433529 0.0179687 0.0217647 0.0018034
4 0.514844 0.450882 0.926562 0.777059 0.858887
4 0.66875 0.354412 0.478125 0.248824 0.00220871
4 0.456348 0.289412 0.73418 0.430588 0.00198746
0 0.255469 0.433529 0.0183594 0.0217647 0.00178242
4 0.514844 0.450588 0.925 0.776471 0.855957
4 0.66875 0.353529 0.478125 0.247059 0.00226974
4 0.458594 0.292647 0.746875 0.437647 0.00209045
0 0.255273 0.433529 0.0183594 0.0217647 0.00171375
4 0.514844 0.450588 0.923438 0.774118 0.858887
4 0.669531 0.352647 0.476562 0.244118 0.00234985
4 0.460938 0.295 0.75625 0.442941 0.00226974
0 0.255469 0.433529 0.01875 0.0223529 0.00198746
4 0.514844 0.450588 0.923438 0.772941 0.862305
4 0.461719 0.298309 0.7625 0.449265 0.00245285
4 0.670313 0.352353 0.475 0.243529 0.002388
0 0.255273 0.433529 0.01875 0.0223529 0.00233269
4 0.514844 0.450588 0.923438 0.772941 0.868652
0 0.255078 0.433529 0.01875 0.0223529 0.00277901
4 0.463379 0.299338 0.768555 0.451912 0.0026207
4 0.670703 0.351765 0.474219 0.241765 0.00239754
4 0.514844 0.450588 0.923438 0.772941 0.868652
0 0.255078 0.433529 0.01875 0.0223529 0.00290108
4 0.463379 0.299412 0.768555 0.451765 0.00261116
4 0.670703 0.351765 0.474219 0.241765 0.00239754
