0 0.173311 0.634375 0.342792 0.473438 0.902344
38 0.224582 0.658203 0.118384 0.0734375 0.679199
38 0.211003 0.651563 0.144847 0.0875 0.0110321
0 0.0807799 0.00599365 0.130919 0.0119873 0.00806427
74 0.607242 0.156152 0.119777 0.108789 0.0064621
0 0.0898329 0.00766602 0.171309 0.015332 0.00397491
74 0.237465 0.657813 0.091922 0.0734375 0.00299263
0 0.117688 0.00644531 0.116992 0.0128906 0.00205803
0 0.174008 0.530469 0.344185 0.265625 0.00142097
0 0.173311 0.634766 0.342792 0.475781 0.907227
38 0.223538 0.657813 0.12117 0.0734375 0.692871
0 0.0825209 0.00600586 0.123259 0.0120117 0.0143356
74 0.607242 0.156055 0.119777 0.109375 0.00985718
38 0.212047 0.646875 0.142758 0.0992187 0.00677109
0 0.0814763 0.00759277 0.158774 0.0151855 0.00408554
74 0.238162 0.657813 0.091922 0.0734375 0.00367928
0 0.119081 0.00638428 0.111421 0.0127686 0.00305176
38 0.240599 0.659375 0.0870474 0.071875 0.00250244
1 0.228412 0.657813 0.111421 0.075 0.00109482
0 0.0188893 0.00664063 0.0360376 0.0126953 0.00103664
0 0.17305 0.634766 0.342618 0.477344 0.907227
38 0.227716 0.657813 0.112117 0.0734375 0.682617
0 0.0839136 0.00595703 0.119777 0.0119141 0.0181885
38 0.211003 0.652344 0.14624 0.0859375 0.0100937
74 0.606546 0.156055 0.12117 0.109375 0.00847626
0 0.0806929 0.00754395 0.157556 0.0150879 0.00486755
74 0.238162 0.658203 0.091922 0.0726563 0.00416565
0 0.119081 0.00632324 0.110028 0.0126465 0.00382423
0 0.0188893 0.00664063 0.0360376 0.0125977 0.00136185
0 0.160167 0.00531006 0.0389972 0.0106201 0.00118351
1 0.231198 0.657813 0.10585 0.075 0.00114727
11 0.607242 0.155859 0.119777 0.109766 0.00102043
0 0.173398 0.635156 0.343315 0.478125 0.909668
38 0.236421 0.658594 0.0940111 0.071875 0.694336
38 0.215877 0.658203 0.13649 0.0742188 0.525391
0 0.0832173 0.00593262 0.12117 0.0118652 0.0200653
74 0.607242 0.156055 0.12117 0.108984 0.00743103
0 0.0807799 0.00751953 0.157382 0.0149414 0.00518036
74 0.238162 0.658594 0.091922 0.071875 0.00492477
0 0.118384 0.00625 0.110028 0.0125 0.00407028
38 0.212047 0.646094 0.141365 0.100781 0.00268364
0 0.0191504 0.00664063 0.0369081 0.0125977 0.00132465
0 0.160167 0.00528564 0.0389972 0.0105713 0.00122547
0 0.174008 0.634766 0.342792 0.477344 0.916504
38 0.238858 0.658594 0.0891365 0.0710938 0.700684
38 0.221448 0.658203 0.125348 0.0734375 0.345215
0 0.0814763 0.00598145 0.128134 0.0119629 0.0245667
0 0.0821727 0.00756836 0.159471 0.0146484 0.00695801
74 0.237813 0.658594 0.0926184 0.071875 0.00643921
74 0.607242 0.155859 0.12117 0.108984 0.00577545
0 0.118384 0.00622559 0.111421 0.0124512 0.00530243
0 0.160167 0.00534668 0.0389972 0.0106934 0.00143242
38 0.211699 0.645312 0.141365 0.103125 0.00138855
0 0.0209784 0.00668945 0.0402159 0.0126953 0.00132465
40 0.238858 0.658594 0.0891365 0.0710938 0.0012846
32 0.238858 0.658984 0.0898329 0.0703125 0.00107765
1 0.236769 0.658594 0.0947075 0.0734375 0.00102043
0 0.174095 0.635156 0.341226 0.476562 0.92041
38 0.239554 0.658594 0.0877437 0.0703125 0.673828
38 0.222493 0.658594 0.123259 0.0734375 0.246582
0 0.0821727 0.00598145 0.128134 0.0119629 0.0272675
0 0.082782 0.00761719 0.160341 0.0143555 0.00809479
74 0.237465 0.658594 0.091922 0.071875 0.00656509
0 0.118733 0.00622559 0.111421 0.0124512 0.00602722
74 0.607939 0.155371 0.119777 0.10918 0.0050621
0 0.0208043 0.00673828 0.0405641 0.0125977 0.00154877
0 0.160167 0.00535889 0.0389972 0.0107178 0.00150108
40 0.239554 0.658594 0.0877437 0.0703125 0.00128937
32 0.237813 0.659375 0.0940111 0.0695313 0.00116539
38 0.211003 0.644922 0.142061 0.102344 0.00105667
0 0.173398 0.635156 0.339833 0.475 0.920898
38 0.239554 0.658594 0.0870474 0.0703125 0.638672
38 0.219359 0.658203 0.129526 0.0726563 0.233765
0 0.0835655 0.00598145 0.122563 0.0119629 0.024231
0 0.0821727 0.00771484 0.158774 0.0141602 0.00703812
74 0.237465 0.658594 0.091922 0.071875 0.00641251
0 0.119081 0.00617676 0.109331 0.0123535 0.00518036
74 0.607242 0.155273 0.119777 0.108594 0.00518036
0 0.0209784 0.00673828 0.0402159 0.0125 0.00160408
0 0.160167 0.00534668 0.0389972 0.0106934 0.00139427
40 0.239554 0.658594 0.0870474 0.0703125 0.00112438
1 0.235376 0.658203 0.0961003 0.0726563 0.00107288
32 0.237465 0.659375 0.0933148 0.06875 0.00104427
0 0.172702 0.635156 0.33844 0.475 0.918945
38 0.239554 0.658594 0.0877437 0.0703125 0.625977
38 0.219359 0.658594 0.129526 0.071875 0.156128
0 0.0853064 0.00600586 0.119777 0.0120117 0.0220337
0 0.0813893 0.00776367 0.157556 0.0139648 0.00629044
74 0.237117 0.658594 0.0926184 0.071875 0.00559998
74 0.607242 0.155273 0.119777 0.108203 0.00544739
0 0.119081 0.00621338 0.109331 0.0124268 0.00446701
0 0.0208914 0.00683594 0.04039 0.0125977 0.00148964
0 0.160167 0.00541992 0.0389972 0.0108398 0.0011692
1 0.235376 0.658594 0.0961003 0.0734375 0.00116062
40 0.239554 0.658594 0.0877437 0.0703125 0.00109005
0 0.172702 0.635156 0.337744 0.475 0.917969
38 0.239206 0.658594 0.0884401 0.0703125 0.620605
38 0.218315 0.658594 0.131616 0.0734375 0.181274
0 0.0828691 0.0060791 0.126741 0.0121582 0.019455
0 0.0821727 0.00778809 0.158774 0.0140137 0.00621796
74 0.236769 0.658594 0.0933148 0.071875 0.00536346
74 0.607242 0.155176 0.119777 0.108398 0.00530243
0 0.118384 0.00629883 0.111421 0.0125977 0.00372124
1 0.234331 0.658594 0.0981894 0.0734375 0.00121117
0 0.0229805 0.00683594 0.0445682 0.012793 0.00113773
40 0.239206 0.658594 0.0884401 0.0703125 0.00113773
0 0.172789 0.635156 0.338266 0.475 0.929199
38 0.239554 0.658594 0.0877437 0.0703125 0.645996
38 0.219359 0.658203 0.129526 0.0734375 0.20813
0 0.0814763 0.00615234 0.137883 0.0123047 0.0269165
0 0.0912256 0.00742187 0.171309 0.0142578 0.012825
0 0.117688 0.00632324 0.116992 0.0126465 0.00561905
74 0.607242 0.155273 0.119777 0.108203 0.00544739
74 0.236769 0.658594 0.0933148 0.071875 0.00527954
40 0.239554 0.658594 0.0877437 0.0703125 0.00125504
1 0.233983 0.658203 0.0988858 0.0734375 0.00123024
56 0.0727716 0.00679932 0.141365 0.0135986 0.00113392
0 0.160864 0.00562744 0.0389972 0.0112549 0.00110722
0 0.027507 0.00683594 0.0543175 0.0129883 0.00108624
56 0.231894 0.658594 0.103064 0.071875 0.00100422
0 0.172615 0.635156 0.338614 0.475 0.928223
38 0.240251 0.658594 0.0877437 0.0703125 0.65332
38 0.222841 0.658594 0.122563 0.0734375 0.140381
0 0.0820857 0.00620117 0.143628 0.0124023 0.0274353
0 0.0920091 0.00737305 0.172528 0.0142578 0.016983
0 0.116992 0.00629883 0.119777 0.0125977 0.00570679
74 0.236769 0.658594 0.0933148 0.071875 0.00510025
74 0.607242 0.155371 0.119777 0.108398 0.00436401
56 0.0727716 0.00683594 0.141365 0.0136719 0.00127411
40 0.240251 0.658594 0.0877437 0.0703125 0.00117397
1 0.235028 0.658594 0.0967967 0.0734375 0.00102806
56 0.233983 0.658594 0.0988858 0.071875 0.00102043
0 0.160864 0.00566406 0.0389972 0.0113281 0.00100803
0 0.17305 0.635156 0.339833 0.473438 0.92041
38 0.240251 0.658594 0.0877437 0.0703125 0.635254
0 0.0832173 0.00623779 0.14624 0.0124756 0.0266571
0 0.0883531 0.00744629 0.170091 0.0140137 0.0146179
0 0.116992 0.00627441 0.12117 0.0125488 0.00600433
74 0.236769 0.658594 0.0933148 0.071875 0.0049057
74 0.607242 0.155566 0.119777 0.108398 0.00353813
38 0.212047 0.653125 0.142061 0.0828125 0.00283432
0 0.193593 0.00754395 0.331476 0.014502 0.0017004
56 0.0727716 0.00684814 0.141365 0.0136963 0.00146675
56 0.0348189 0.00686035 0.0682451 0.0131348 0.00108147
0 0.171309 0.635156 0.341226 0.471875 0.914062
38 0.240251 0.658594 0.086351 0.0703125 0.620605
0 0.0828691 0.00617676 0.144847 0.0123535 0.0255585
0 0.0890494 0.00737305 0.170091 0.0140137 0.0141144
0 0.116992 0.00625 0.12117 0.0125 0.00572968
74 0.236769 0.658594 0.0933148 0.071875 0.00500107
74 0.607242 0.155566 0.119777 0.108398 0.00279999
38 0.212047 0.653906 0.141365 0.0828125 0.00270462
0 0.19429 0.00749512 0.330084 0.014502 0.00221634
56 0.0724234 0.00681152 0.140669 0.013623 0.00151253
56 0.0327298 0.00686035 0.0647632 0.0131348 0.00111198
11 0.607242 0.155566 0.116992 0.10957 0.00109482
56 0.235028 0.00720215 0.188719 0.0133301 0.00109005
0 0.171657 0.634766 0.341922 0.471094 0.915039
38 0.240251 0.658594 0.086351 0.0710938 0.609375
38 0.223538 0.657813 0.120474 0.075 0.2323
0 0.0839136 0.00612793 0.144847 0.0122559 0.0248413
0 0.0936629 0.00715332 0.172702 0.014209 0.0212097
0 0.11734 0.00617676 0.12117 0.0123535 0.00584412
74 0.236421 0.658594 0.0926184 0.071875 0.00534439
0 0 0.199219 0 0.396875 0.00312424
0 0.19429 0.00742187 0.331476 0.0145508 0.00274658
74 0.607242 0.155664 0.119777 0.108203 0.00264168
0 0 0.269922 0 0.413281 0.00196457
0 0 0.15293 0 0.305859 0.00190449
56 0.0725104 0.0067627 0.140494 0.0135254 0.00139904
0 0 0.137793 0 0.275586 0.00136662
0 0 0.833789 0 0.332422 0.00135612
0 0 0.346484 0 0.410938 0.00134087
56 0.231894 0.00695801 0.188022 0.013623 0.00117397
11 0.607242 0.155469 0.116992 0.109766 0.00112915
0 0.171657 0.634766 0.341922 0.471094 0.916504
38 0.239902 0.658594 0.0870474 0.071875 0.616699
38 0.222841 0.657813 0.122563 0.075 0.250977
0 0.0835655 0.00609131 0.144847 0.0121826 0.0237732
0 0.0939241 0.00712891 0.172876 0.0141602 0.0207672
74 0.236072 0.658203 0.0933148 0.0726563 0.00588989
0 0.117688 0.00614014 0.12117 0.0122803 0.0055542
0 0 0.196875 0 0.39375 0.00318527
0 0.193593 0.00739746 0.332869 0.0145996 0.00298119
0 0 0.153906 0 0.307813 0.00292397
74 0.607242 0.155566 0.119777 0.108398 0.00257111
0 0 0.268945 0 0.401953 0.00197983
0 0 0.136426 0 0.272852 0.00141048
56 0.0720752 0.00672607 0.139972 0.0134521 0.00138855
0 0 0.345703 0 0.399219 0.00138283
0 0 0.835938 0 0.328125 0.00127411
11 0.607242 0.155566 0.116992 0.109961 0.0012598
56 0.231894 0.00693359 0.188022 0.0135742 0.0012207
0 0.174095 0.529297 0.344011 0.260938 0.00109863
1 0.232242 0.658203 0.101671 0.0734375 0.00102806
0 0 0.419434 0 0.39082 0.00102425
0 0.172006 0.634766 0.342618 0.471094 0.920898
38 0.239554 0.658594 0.0877437 0.071875 0.633301
38 0.222145 0.657813 0.122563 0.075 0.269043
0 0.0834784 0.00610352 0.145021 0.012207 0.0215759
0 0.0940982 0.00717773 0.173921 0.0141602 0.0183411
74 0.236072 0.658594 0.0933148 0.071875 0.00629044
0 0.116295 0.00611572 0.123955 0.0122314 0.00477219
0 0 0.152832 0 0.305664 0.00370789
0 0.192201 0.00744629 0.33844 0.0145996 0.00276756
74 0.606546 0.155566 0.118384 0.108398 0.00274658
0 0 0.193359 0 0.38125 0.00240517
11 0.607242 0.155566 0.116992 0.109961 0.0017271
0 0 0.268018 0 0.382715 0.00149536
0 0.174008 0.528906 0.344185 0.260938 0.00145531
56 0.0720752 0.00671387 0.139972 0.0134277 0.00127411
56 0.231894 0.00693359 0.189415 0.0134766 0.00113773
0 0 0.344922 0 0.379688 0.00112915
0 0 0.840625 0 0.31875 0.00110722
1 0.231894 0.658203 0.101671 0.0734375 0.00109863
38 0.207521 0.652734 0.14624 0.0882813 0.00106907
0 0.172006 0.634766 0.342618 0.471094 0.92627
38 0.239554 0.658594 0.0877437 0.0710938 0.642578
38 0.221797 0.657813 0.123955 0.075 0.27832
0 0.0832173 0.00606689 0.14624 0.0121338 0.0200653
0 0.0940111 0.00722656 0.174095 0.0141602 0.0161591
74 0.236072 0.658594 0.0933148 0.071875 0.00658798
0 0.115599 0.00610352 0.125348 0.012207 0.00429916
0 0 0.15293 0 0.305859 0.00329781
74 0.606546 0.155664 0.118384 0.108203 0.00291252
0 0.191504 0.0074707 0.341226 0.0145508 0.00268364
0 0.174095 0.528906 0.344708 0.260938 0.00217438
11 0.606546 0.155664 0.116992 0.109766 0.00209999
0 0 0.191992 0 0.373828 0.00171375
56 0.0720752 0.00671387 0.139972 0.0134277 0.00121593
1 0.231894 0.658203 0.103064 0.0734375 0.00121117
38 0.207173 0.652734 0.149025 0.0882813 0.00115585
56 0.231894 0.00688477 0.189415 0.0134766 0.00112438
0 0 0.26792 0 0.371191 0.00107288
0 0.172006 0.634766 0.342618 0.471094 0.931152
38 0.239554 0.658594 0.0877437 0.0710938 0.662109
38 0.222493 0.657813 0.122563 0.075 0.286133
0 0.0825209 0.00605469 0.14624 0.0121094 0.0179901
0 0.0936629 0.00725098 0.174791 0.014209 0.0127716
74 0.236421 0.658594 0.0926184 0.071875 0.00712204
0 0.114206 0.00610352 0.127437 0.012207 0.00358009
74 0.60585 0.155664 0.119777 0.108203 0.00298119
11 0.60585 0.155762 0.116992 0.10957 0.0026207
0 0.190111 0.00751953 0.344011 0.0146484 0.00255013
0 0.174095 0.528906 0.344708 0.260156 0.00236893
0 0 0.153516 0 0.307031 0.00191212
1 0.232242 0.658203 0.101671 0.0734375 0.00124931
38 0.206825 0.652734 0.149025 0.0882813 0.00123501
56 0.0720752 0.00671387 0.139972 0.0134277 0.0011034
56 0.231894 0.00688477 0.190808 0.0133789 0.00108147
0 0 0.191064 0 0.367871 0.00106525
0 0.172093 0.634766 0.342444 0.471094 0.93457
38 0.239554 0.658594 0.0877437 0.0710938 0.666992
38 0.222145 0.657813 0.123955 0.075 0.286133
0 0.0820857 0.00604248 0.146414 0.012085 0.0170441
0 0.0936629 0.00727539 0.174791 0.0142578 0.0110703
74 0.236421 0.658594 0.0926184 0.071875 0.00734711
0 0.112813 0.0060791 0.129526 0.0121582 0.00329781
74 0.60585 0.155664 0.119777 0.108203 0.00294685
11 0.60585 0.155957 0.116992 0.10957 0.00294685
0 0.189763 0.00751953 0.3461 0.0146484 0.00244331
0 0.174182 0.528906 0.34523 0.260156 0.00220871
0 0 0.153223 0 0.306445 0.00139904
1 0.232591 0.658203 0.100975 0.0734375 0.00127888
38 0.206825 0.653125 0.149721 0.0875 0.00125504
56 0.232242 0.00683594 0.191504 0.0132813 0.00102806
56 0.0718141 0.00667725 0.140494 0.0133545 0.00100803
0 0.172006 0.634766 0.342618 0.471094 0.93457
38 0.239554 0.658594 0.0877437 0.0710938 0.666992
38 0.222145 0.657813 0.123955 0.075 0.286133
0 0.0821727 0.00605469 0.146936 0.0121094 0.016922
0 0.0936629 0.00727539 0.174791 0.0142578 0.0109863
74 0.236421 0.658594 0.0926184 0.071875 0.00737381
0 0.112813 0.00609131 0.130223 0.0121826 0.00324821
11 0.60585 0.155859 0.116992 0.109766 0.00294685
74 0.60585 0.155664 0.119777 0.108203 0.00292397
0 0.189763 0.00756836 0.3461 0.0146484 0.00240517
0 0.174182 0.528906 0.34523 0.259375 0.00219154
0 0 0.153418 0 0.306836 0.00131512
1 0.232591 0.658203 0.101671 0.0734375 0.0012846
38 0.206825 0.653125 0.150418 0.0875 0.00125504
56 0.0718141 0.00667725 0.140494 0.0133545 0.00102043
56 0.232242 0.00683594 0.191504 0.0132813 0.00102043
