3 0.473653 0.638672 0.877049 0.544531 0.890137
0 0.509953 0.432422 0.529274 0.61875 0.796387
0 0.588407 0.289062 0.228337 0.284375 0.0923462
0 0.440281 0.273877 0.377049 0.313184 0.0409851
0 0.428571 0.460938 0.505855 0.684375 0.019455
3 0.587968 0.746875 0.601581 0.314063 0.00971222
0 0.545082 0.403809 0.309133 0.350195 0.00527954
3 0.29274 0.642578 0.508197 0.525781 0.00494385
0 0.714286 0.560938 0.227166 0.370313 0.00481033
0 0.639344 0.551562 0.274005 0.35 0.00445175
1 0.736534 0.431348 0.234192 0.131055 0.00407028
0 0.451405 0.296533 0.476581 0.355371 0.00405502
1 0.727166 0.454688 0.263466 0.178906 0.00365067
1 0.713115 0.535547 0.293911 0.339844 0.00359344
1 0.737705 0.500781 0.250585 0.267969 0.00322342
1 0.770492 0.432813 0.169789 0.132812 0.00294685
0 0.355679 0.416016 0.607143 0.436719 0.00266266
0 0.730679 0.69375 0.0960187 0.119531 0.00246239
0 0.615925 0.31582 0.154567 0.234766 0.00235939
1 0.582992 0.744531 0.611534 0.320312 0.00205803
0 0.644614 0.289453 0.352459 0.288281 0.00197983
0 0.376464 0.556934 0.660421 0.493945 0.00197983
1 0.473653 0.638672 0.877049 0.544531 0.00176811
1 0.641686 0.654688 0.405152 0.267188 0.00175476
24 0.388173 0.320703 0.28103 0.186719 0.00168705
60 0.473653 0.638672 0.877049 0.544531 0.00156116
0 0.563232 0.554688 0.41452 0.335938 0.00144958
0 0.647541 0.210156 0.106557 0.125 0.00144386
2 0.473653 0.638672 0.877049 0.544531 0.00143242
0 0.590164 0.35625 0.189696 0.18125 0.00139904
1 0.2863 0.769531 0.31733 0.251563 0.00136662
0 0.608899 0.236719 0.18267 0.180859 0.00136185
0 0.541569 0.382031 0.436768 0.316406 0.00134563
3 0.734192 0.55166 0.248244 0.373242 0.00123978
0 0.361314 0.308154 0.584163 0.308691 0.00113392
0 0.424473 0.347266 0.358314 0.225 0.0011158
0 0.706089 0.636719 0.215457 0.229687 0.00108624
26 0.762295 0.563281 0.100703 0.10625 0.00106049
1 0.742389 0.4375 0.177986 0.119531 0.00101662
0 0.539813 0.286914 0.290398 0.303516 0.00101662
3 0.466042 0.635254 0.861827 0.551367 0.900391
0 0.522248 0.435937 0.557377 0.635156 0.833496
0 0.586066 0.287939 0.233021 0.283496 0.112976
0 0.442037 0.273389 0.386417 0.312598 0.0645142
0 0.538495 0.285156 0.323478 0.283594 0.0406799
0 0.430328 0.460547 0.501171 0.685156 0.0216217
0 0.639344 0.55 0.271663 0.351562 0.00664139
3 0.588993 0.753125 0.599532 0.304688 0.00656509
0 0.715457 0.560156 0.221311 0.371875 0.0064888
1 0.735948 0.430859 0.235363 0.132031 0.00570679
0 0.539666 0.395215 0.316452 0.320508 0.00484848
1 0.736534 0.495703 0.252927 0.259375 0.00460815
1 0.714286 0.529785 0.288056 0.331055 0.00443268
0 0.581821 0.543652 0.407787 0.339258 0.00426483
0 0.73185 0.690625 0.0913349 0.110937 0.00421524
3 0.295082 0.64375 0.51171 0.528125 0.00388527
0 0.614754 0.314258 0.154567 0.235547 0.00268364
0 0.353337 0.413184 0.604801 0.442383 0.00213242
60 0.472922 0.639453 0.873829 0.542969 0.00192642
0 0.486095 0.297705 0.482143 0.362402 0.00182438
0 0.509514 0.555469 0.444672 0.34375 0.00179577
0 0.376464 0.564844 0.659251 0.498437 0.00177479
0 0.662178 0.541797 0.385246 0.350781 0.00174141
24 0.389344 0.319922 0.283372 0.188281 0.00171375
0 0.588993 0.355859 0.190867 0.179688 0.0016489
3 0.733607 0.546973 0.247073 0.36543 0.00160408
1 0.774005 0.438184 0.180328 0.143945 0.00157928
0 0.608314 0.235938 0.18267 0.180469 0.00157356
0 0.537324 0.385156 0.43589 0.307813 0.00155449
0 0.426083 0.345703 0.360948 0.221094 0.00154305
0 0.648126 0.209766 0.106557 0.127734 0.00147247
0 0.708431 0.6375 0.208431 0.226562 0.00147247
1 0.472922 0.639453 0.873829 0.542969 0.00147247
0 0.642857 0.287891 0.374707 0.286719 0.00145531
36 0.337163 0.493066 0.558694 0.251367 0.0012846
2 0.472922 0.639453 0.873829 0.542969 0.00119686
1 0.638173 0.656641 0.398126 0.264844 0.00116539
4 0.472922 0.639453 0.873829 0.542969 0.00116062
1 0.659251 0.50166 0.423888 0.268555 0.0011425
1 0.285129 0.767578 0.316159 0.255469 0.0011425
29 0.522834 0.315234 0.0807962 0.0804688 0.00112438
1 0.742389 0.4375 0.177986 0.11875 0.00110722
0 0.548595 0.462109 0.461358 0.163281 0.00105667
1 0.582553 0.749219 0.612412 0.3125 0.00104809
0 0.478337 0.284375 0.199063 0.292188 0.00103188
0 0.412324 0.289844 0.329918 0.253125 0.00101185
3 0.466628 0.636328 0.860656 0.549219 0.913574
0 0.523419 0.436035 0.559719 0.63418 0.836914
0 0.58548 0.287695 0.234192 0.283984 0.113159
0 0.456089 0.279687 0.415691 0.328125 0.0797729
0 0.531616 0.285156 0.338407 0.284375 0.0314941
0 0.4274 0.457129 0.508197 0.679492 0.0207672
0 0.637588 0.548828 0.272834 0.351562 0.00714874
1 0.735948 0.430469 0.236534 0.132031 0.00656509
0 0.714286 0.559473 0.222482 0.37168 0.00619125
3 0.588993 0.759766 0.59719 0.291406 0.00551224
0 0.731265 0.690625 0.0913349 0.110937 0.00518036
0 0.575966 0.543066 0.419496 0.337305 0.0051384
1 0.736534 0.492969 0.252927 0.255469 0.00481033
0 0.535275 0.389844 0.327576 0.301563 0.00436401
1 0.715457 0.524121 0.286885 0.320508 0.00432968
0 0.613583 0.317188 0.155738 0.229687 0.00266266
3 0.297424 0.644531 0.516393 0.526563 0.00261116
60 0.474239 0.63916 0.877049 0.54043 0.00199509
0 0.35363 0.405566 0.606557 0.418555 0.00193405
24 0.38993 0.319531 0.284543 0.188281 0.00186729
0 0.65281 0.539844 0.405152 0.349219 0.00177479
0 0.587822 0.355469 0.193208 0.178906 0.00168705
0 0.4274 0.345117 0.362998 0.219141 0.00160408
0 0.54918 0.462109 0.460187 0.1625 0.00159168
0 0.379977 0.568652 0.666276 0.487695 0.00156116
3 0.733021 0.543066 0.248244 0.35918 0.00154305
1 0.77459 0.437891 0.181499 0.142969 0.0015192
0 0.607728 0.235205 0.18267 0.17959 0.00150681
29 0.522834 0.315039 0.0807962 0.0804688 0.00148964
0 0.709602 0.637109 0.206089 0.226562 0.0014782
0 0.643443 0.205859 0.113583 0.117969 0.00135612
1 0.474239 0.63916 0.877049 0.54043 0.00134563
4 0.474239 0.63916 0.877049 0.54043 0.00123978
0 0.617096 0.283398 0.17096 0.272266 0.00123501
0 0.412763 0.292578 0.32904 0.246875 0.0011692
36 0.340749 0.492285 0.565574 0.248242 0.0011692
1 0.649883 0.486328 0.443794 0.239063 0.0011158
0 0.644028 0.287305 0.393443 0.286328 0.0011158
2 0.474239 0.63916 0.877049 0.54043 0.00111198
26 0.522834 0.314063 0.0819672 0.08125 0.0011034
1 0.742389 0.4375 0.177986 0.11875 0.0011034
67 0.644028 0.232422 0.0351288 0.0199219 0.00104809
3 0.467799 0.635938 0.861827 0.551562 0.927246
0 0.517564 0.435156 0.539813 0.628125 0.845215
0 0.587822 0.2875 0.23185 0.284375 0.0943604
0 0.460334 0.279248 0.425937 0.327441 0.0739746
0 0.525761 0.285156 0.351288 0.285156 0.0218658
0 0.419789 0.459375 0.528103 0.684375 0.016983
0 0.619438 0.548438 0.299766 0.348438 0.00734711
0 0.731265 0.690625 0.0925058 0.110937 0.00526047
0 0.712529 0.559766 0.225995 0.373437 0.00511932
0 0.57377 0.542969 0.425059 0.340625 0.00500107
1 0.735363 0.430078 0.234192 0.132031 0.00441742
0 0.53103 0.386621 0.333724 0.295508 0.00408554
1 0.735948 0.49209 0.251756 0.254883 0.00331116
1 0.713115 0.523047 0.288056 0.319531 0.00298119
0 0.612998 0.30957 0.156909 0.244922 0.00265312
60 0.473653 0.639063 0.877049 0.540625 0.00224304
24 0.390515 0.319141 0.286885 0.189063 0.00219154
29 0.522834 0.315039 0.0807962 0.0804688 0.00216484
3 0.590749 0.7625 0.593677 0.284375 0.00208282
0 0.646955 0.540723 0.413349 0.35293 0.0017004
0 0.353337 0.4 0.607143 0.389062 0.00167465
0 0.54918 0.461719 0.459016 0.1625 0.00162888
0 0.428425 0.344336 0.365632 0.217578 0.00161648
3 0.301815 0.64375 0.525176 0.526563 0.00153637
0 0.587822 0.354688 0.192037 0.178906 0.00150108
0 0.608899 0.235547 0.18267 0.180469 0.0014782
4 0.473653 0.639063 0.877049 0.540625 0.00146675
0 0.382318 0.573438 0.67096 0.484375 0.00132465
0 0.642857 0.206299 0.113583 0.118652 0.00127411
0 0.413349 0.291602 0.330211 0.248047 0.00127411
2 0.473653 0.639063 0.877049 0.540625 0.00125504
26 0.522248 0.314063 0.0819672 0.08125 0.00122547
0 0.708431 0.635938 0.209602 0.228125 0.00118828
67 0.644028 0.232422 0.0351288 0.0203125 0.00115108
1 0.774005 0.4375 0.175644 0.142969 0.00115108
0 0.482582 0.263721 0.212822 0.283496 0.00113392
1 0.473653 0.639063 0.877049 0.540625 0.00113392
3 0.73185 0.541406 0.245902 0.357031 0.00109863
46 0.522834 0.315039 0.0807962 0.0804688 0.00104046
3 0.467799 0.635547 0.860656 0.552344 0.941406
0 0.521663 0.435937 0.54918 0.629687 0.871582
0 0.589578 0.286279 0.227166 0.282129 0.0883179
0 0.462383 0.27832 0.431206 0.324609 0.0733032
0 0.524737 0.284717 0.353337 0.28291 0.0235138
0 0.41452 0.460254 0.54918 0.685742 0.0127716
0 0.61534 0.54834 0.307963 0.348633 0.00787354
0 0.734192 0.693359 0.103044 0.120313 0.00624084
0 0.531616 0.384375 0.32904 0.28125 0.0055542
0 0.558548 0.548438 0.428571 0.335938 0.00530243
0 0.709602 0.560059 0.229508 0.373633 0.00419998
1 0.735948 0.429688 0.23185 0.13125 0.00418091
29 0.523419 0.314844 0.0819672 0.0804688 0.00385475
0 0.612998 0.315625 0.154567 0.228125 0.00325966
24 0.392272 0.319141 0.289227 0.189063 0.0028553
1 0.733607 0.500781 0.249415 0.277344 0.0028553
0 0.729508 0.687109 0.0796253 0.107813 0.00228691
0 0.430328 0.343359 0.368852 0.217969 0.00223351
46 0.523419 0.314844 0.0819672 0.0804688 0.00219917
0 0.608899 0.236133 0.18267 0.182031 0.00214958
0 0.588993 0.353711 0.189696 0.178516 0.00201035
0 0.551376 0.478906 0.487412 0.196875 0.00193405
0 0.414374 0.28833 0.330503 0.25459 0.00192642
60 0.47014 0.637598 0.874707 0.54043 0.00192642
0 0.482436 0.262109 0.210773 0.28125 0.00186729
0 0.642857 0.206299 0.113583 0.118652 0.00154305
4 0.47014 0.637598 0.874707 0.54043 0.00142097
0 0.355972 0.402344 0.612412 0.376563 0.00139904
67 0.644028 0.232227 0.0351288 0.0203125 0.00138283
26 0.522248 0.314063 0.0831382 0.08125 0.00137806
0 0.52942 0.447266 0.451698 0.183594 0.00134563
67 0.64637 0.239453 0.0374707 0.0402344 0.00121593
1 0.774005 0.437598 0.173302 0.143555 0.00113392
2 0.47014 0.637598 0.874707 0.54043 0.00108147
67 0.663934 0.242188 0.0468384 0.0601563 0.00106525
0 0.389783 0.320703 0.286007 0.1875 0.00105667
3 0.730094 0.538281 0.245902 0.350781 0.00101662
3 0.467799 0.636719 0.861827 0.548438 0.943848
0 0.526932 0.436719 0.559719 0.63125 0.88916
0 0.58548 0.285352 0.234192 0.280078 0.0647583
0 0.4637 0.276953 0.435597 0.321094 0.0531921
0 0.51815 0.283984 0.366511 0.282031 0.0171814
0 0.393443 0.460938 0.598361 0.685938 0.0109024
0 0.608314 0.549219 0.320843 0.342187 0.00844574
0 0.529274 0.383594 0.333724 0.273438 0.00679779
0 0.729508 0.692969 0.0983607 0.11875 0.00624084
29 0.523419 0.314844 0.0819672 0.0804688 0.00553513
0 0.549766 0.532031 0.482436 0.298438 0.00510025
1 0.736534 0.429688 0.229508 0.130469 0.00399017
24 0.394614 0.318945 0.293911 0.188672 0.00369263
46 0.523419 0.314844 0.0819672 0.0804688 0.00365067
0 0.612412 0.32793 0.152225 0.198828 0.00332451
0 0.705503 0.559375 0.235363 0.371094 0.00290108
0 0.432084 0.342578 0.372365 0.217969 0.00271416
1 0.735363 0.489941 0.250585 0.249805 0.00254059
0 0.41452 0.288672 0.330211 0.252344 0.00248146
0 0.608899 0.235986 0.180328 0.181934 0.00245285
0 0.479947 0.257617 0.211066 0.271484 0.00244331
0 0.549034 0.483594 0.489754 0.207813 0.00243378
0 0.588993 0.352734 0.189696 0.177344 0.00228691
67 0.644028 0.232227 0.0351288 0.0207031 0.00205803
60 0.468384 0.6375 0.873536 0.5375 0.00201035
4 0.468384 0.6375 0.873536 0.5375 0.00195694
67 0.64637 0.239648 0.0374707 0.0417969 0.00187492
67 0.662763 0.242188 0.0468384 0.0601563 0.00167465
0 0.642857 0.20625 0.113583 0.11875 0.00158501
0 0.528103 0.284375 0.259953 0.294531 0.00152493
1 0.728337 0.53584 0.245902 0.345508 0.00143242
0 0.5 0.200977 0.124122 0.0527344 0.00141048
67 0.656909 0.232813 0.0421546 0.0402344 0.00140476
0 0.523273 0.44375 0.466335 0.191406 0.00139904
0 0.357728 0.400781 0.617096 0.378906 0.00139427
26 0.522248 0.314063 0.0831382 0.0808594 0.00136662
2 0.468384 0.6375 0.873536 0.5375 0.00131512
0 0.393443 0.320312 0.29274 0.1875 0.00118828
36 0.338115 0.490527 0.562646 0.251758 0.00105667
3 0.468384 0.637891 0.862998 0.542969 0.938477
0 0.532201 0.4375 0.571429 0.632812 0.891602
0 0.607143 0.280273 0.180328 0.275391 0.0527039
0 0.574941 0.285156 0.255269 0.279687 0.0462036
0 0.455503 0.272656 0.418033 0.307813 0.0368958
0 0.604215 0.550781 0.330211 0.3375 0.0106125
0 0.402664 0.464453 0.578747 0.692969 0.0103302
0 0.529274 0.383594 0.334895 0.275781 0.00698471
0 0.548156 0.532031 0.482143 0.296875 0.00664139
0 0.734192 0.692969 0.103044 0.121094 0.00661469
29 0.522834 0.314844 0.0807962 0.0804688 0.00588989
24 0.395931 0.319141 0.297131 0.188281 0.00471878
46 0.522834 0.314844 0.0807962 0.0804688 0.00424957
1 0.736534 0.429688 0.227166 0.129688 0.00338936
0 0.612998 0.334766 0.151054 0.182031 0.00316048
0 0.418179 0.32793 0.336944 0.183984 0.00293541
0 0.474824 0.25625 0.220141 0.267969 0.00292397
0 0.437939 0.363086 0.393443 0.269141 0.00290108
0 0.546838 0.487891 0.491803 0.216406 0.00271416
4 0.467213 0.637402 0.871194 0.53457 0.00260162
0 0.703747 0.560547 0.236534 0.36875 0.00248146
0 0.587822 0.352148 0.192037 0.176172 0.002388
0 0.608899 0.236133 0.180328 0.181641 0.00237846
67 0.644614 0.232227 0.0339578 0.0207031 0.00234222
0 0.729508 0.686719 0.0796253 0.107813 0.00234222
67 0.64637 0.240039 0.0374707 0.0425781 0.00223351
1 0.733021 0.505566 0.245902 0.28418 0.00214958
67 0.662763 0.242383 0.0468384 0.0597656 0.00212479
0 0.44716 0.283203 0.257904 0.279687 0.00193405
60 0.467213 0.637402 0.871194 0.53457 0.00192642
0 0.437354 0.2875 0.551522 0.334375 0.00186729
67 0.656909 0.231836 0.0398126 0.0378906 0.00164223
0 0.642857 0.206689 0.113583 0.119434 0.00155449
36 0.334968 0.491797 0.559573 0.255469 0.00148964
0 0.5 0.201172 0.124122 0.0523438 0.00143242
0 0.520053 0.435156 0.475117 0.210156 0.00140476
2 0.467213 0.637402 0.871194 0.53457 0.00140476
0 0.52459 0.283789 0.262295 0.291797 0.00138283
0 0.362705 0.439453 0.62822 0.461719 0.00137806
26 0.522248 0.314063 0.0831382 0.0804688 0.00136662
24 0.41452 0.292188 0.330211 0.244531 0.00125504
67 0.661592 0.255664 0.0398126 0.0332031 0.00123024
67 0.651054 0.253516 0.0515222 0.040625 0.00121593
0 0.686768 0.678125 0.174473 0.140625 0.00106907
0 0.538495 0.253076 0.318794 0.235254 0.00101185
3 0.472482 0.641016 0.870023 0.536719 0.933105
0 0.533372 0.437891 0.5726 0.635156 0.891602
0 0.606557 0.279297 0.180328 0.274219 0.0517578
0 0.57377 0.284961 0.257611 0.278516 0.0401001
0 0.456674 0.272705 0.420375 0.307715 0.0306702
0 0.603044 0.551562 0.330211 0.3375 0.014389
0 0.419057 0.464844 0.548302 0.692187 0.0108566
0 0.548009 0.532422 0.477752 0.297656 0.00978088
0 0.532201 0.381934 0.330211 0.279883 0.00803375
0 0.734192 0.692969 0.104215 0.121875 0.00748825
0 0.588407 0.305469 0.200234 0.253906 0.00658798
24 0.397102 0.319141 0.299473 0.189063 0.00651169
29 0.522834 0.314844 0.0819672 0.0804688 0.00575256
0 0.440427 0.371484 0.395492 0.288281 0.00397491
46 0.522834 0.314844 0.0819672 0.0804688 0.00390053
0 0.471897 0.255908 0.227166 0.267871 0.00379562
1 0.735363 0.429688 0.225995 0.129688 0.00356483
0 0.41452 0.292773 0.330211 0.243359 0.00349617
0 0.612412 0.335547 0.152225 0.178906 0.00333786
67 0.645199 0.232422 0.0351288 0.0210938 0.00273705
0 0.586066 0.351953 0.19555 0.175 0.00270462
67 0.64637 0.240234 0.0374707 0.04375 0.00266266
0 0.729508 0.686719 0.0796253 0.107031 0.00263214
0 0.551376 0.470703 0.473361 0.192969 0.00258064
67 0.662763 0.242578 0.0456674 0.059375 0.00257111
0 0.699649 0.562891 0.242389 0.369531 0.00234985
0 0.607728 0.236914 0.18267 0.181641 0.00227928
0 0.532201 0.387891 0.443794 0.299219 0.00208282
1 0.73185 0.508594 0.245902 0.289844 0.00202751
67 0.656909 0.23125 0.0398126 0.0359375 0.00186729
0 0.499415 0.302734 0.522248 0.367969 0.00181007
24 0.41452 0.27168 0.327869 0.282422 0.0017004
0 0.483607 0.45625 0.538642 0.18125 0.00159168
0 0.516393 0.427344 0.478923 0.226562 0.00157356
0 0.522395 0.283008 0.273712 0.291797 0.00156689
0 0.642857 0.207031 0.114754 0.120313 0.00153065
0 0.398126 0.321094 0.302108 0.188281 0.00151253
60 0.464871 0.635938 0.864169 0.540625 0.00151253
0 0.687354 0.676953 0.173302 0.142969 0.00149536
67 0.661592 0.255859 0.0398126 0.0328125 0.00148392
26 0.522834 0.313867 0.0807962 0.0808594 0.0014782
67 0.651054 0.253516 0.0515222 0.0410156 0.00144958
0 0.367096 0.461621 0.63466 0.498633 0.00143814
36 0.336066 0.493066 0.563232 0.25918 0.00142097
24 0.439696 0.339063 0.384075 0.221875 0.00141048
0 0.553279 0.351172 0.263466 0.185938 0.00135612
0 0.498829 0.201563 0.119438 0.0511719 0.00117874
0 0.334309 0.398047 0.203747 0.124219 0.00104427
0 0.433255 0.342773 0.388759 0.204297 0.00102425
67 0.64637 0.262109 0.0398126 0.0261719 0.00101662
3 0.471311 0.640625 0.868852 0.5375 0.933105
0 0.533958 0.437891 0.5726 0.638281 0.891602
0 0.606557 0.278711 0.180328 0.273828 0.0478821
0 0.5726 0.285107 0.261124 0.279004 0.033844
0 0.467067 0.275391 0.442916 0.317188 0.025177
0 0.601874 0.551172 0.332553 0.339063 0.0170441
0 0.421399 0.467871 0.54596 0.698633 0.0124817
0 0.547424 0.532813 0.47541 0.3 0.0116425
0 0.417447 0.266797 0.334895 0.292188 0.00861359
0 0.534104 0.381348 0.327576 0.29043 0.00790405
0 0.734192 0.692578 0.104215 0.121875 0.00740433
24 0.397541 0.319141 0.299766 0.189844 0.00712204
0 0.587237 0.303711 0.202576 0.258203 0.0069313
29 0.522834 0.314844 0.0819672 0.0804688 0.00519943
0 0.472922 0.256982 0.225117 0.27041 0.00385475
0 0.440281 0.374805 0.394614 0.296484 0.00382423
0 0.612412 0.332031 0.152225 0.185938 0.00324821
1 0.735363 0.42959 0.224824 0.129883 0.00318527
67 0.645199 0.232227 0.0351288 0.0210938 0.00301552
0 0.418618 0.328125 0.337237 0.182812 0.00301552
46 0.522834 0.314844 0.0819672 0.0804688 0.00299263
67 0.646955 0.240234 0.0374707 0.04375 0.00286674
0 0.584895 0.352539 0.197892 0.175391 0.00270462
0 0.551376 0.471777 0.473361 0.198633 0.0026722
67 0.662763 0.242578 0.0456674 0.059375 0.00263214
0 0.729508 0.686719 0.0796253 0.107813 0.00258064
0 0.672717 0.553223 0.30445 0.35918 0.0024147
0 0.607728 0.237549 0.18267 0.182715 0.00196457
24 0.41452 0.271875 0.327869 0.282813 0.00196457
67 0.655738 0.230859 0.0374707 0.0351562 0.00189686
1 0.730679 0.513281 0.24356 0.3 0.00183868
1 0.733021 0.452734 0.236534 0.18125 0.0018177
0 0.521077 0.282617 0.278689 0.294141 0.00176144
0 0.367681 0.470215 0.637002 0.514258 0.0017271
0 0.687354 0.676953 0.173302 0.144531 0.00168705
60 0.464871 0.635547 0.86534 0.541406 0.00156116
67 0.651054 0.253516 0.0515222 0.0414063 0.00154305
24 0.440135 0.339258 0.384368 0.222266 0.00152493
0 0.516393 0.419922 0.477752 0.242188 0.0015192
0 0.483753 0.455859 0.538349 0.183594 0.00151253
67 0.661592 0.256055 0.0398126 0.0332031 0.00150681
0 0.642857 0.207471 0.114754 0.120996 0.00148964
26 0.522248 0.314453 0.0843091 0.0808594 0.00141621
0 0.552693 0.350781 0.264637 0.1875 0.00131512
67 0.64637 0.262109 0.0398126 0.0265625 0.0011692
36 0.337529 0.493066 0.566159 0.262305 0.00116062
0 0.334602 0.39834 0.204333 0.125195 0.00111198
0 0.434573 0.343359 0.416569 0.215625 0.00104427
3 0.471897 0.639063 0.868852 0.540625 0.930664
0 0.531616 0.438672 0.566745 0.636719 0.897461
0 0.583138 0.285352 0.241218 0.278516 0.0719604
0 0.463847 0.275 0.435304 0.317188 0.0360107
0 0.604215 0.55 0.325527 0.339063 0.0220795
0 0.521663 0.284717 0.358314 0.282129 0.0174408
0 0.460041 0.463281 0.417155 0.685938 0.0171051
0 0.54918 0.53125 0.469555 0.300781 0.0143356
0 0.544496 0.380078 0.307963 0.298438 0.0106125
0 0.729508 0.691797 0.100703 0.121094 0.00828552
24 0.397102 0.318359 0.299473 0.192188 0.00775528
1 0.734192 0.429297 0.229508 0.13125 0.00706482
0 0.477166 0.261719 0.217799 0.28125 0.00595856
0 0.441452 0.377734 0.394614 0.30625 0.00502014
0 0.611241 0.324609 0.154567 0.20625 0.00486755
0 0.414666 0.285742 0.329918 0.258984 0.00479126
67 0.645199 0.232227 0.0339578 0.0207031 0.00434875
0 0.583138 0.353125 0.203747 0.178125 0.00416565
0 0.701405 0.564453 0.240047 0.375781 0.00411606
29 0.523419 0.314844 0.0819672 0.0804688 0.00383949
67 0.647541 0.239844 0.0374707 0.0429688 0.00378036
67 0.662178 0.242969 0.0444965 0.059375 0.00340271
0 0.418618 0.326562 0.337237 0.189844 0.0030632
24 0.413934 0.272852 0.326698 0.281641 0.0029583
0 0.552547 0.471973 0.463993 0.201367 0.0029583
0 0.494731 0.312305 0.509368 0.387891 0.00282288
1 0.730094 0.503809 0.247073 0.283008 0.00281143
46 0.523419 0.314844 0.0819672 0.0804688 0.00253105
67 0.655738 0.229883 0.0351288 0.0324219 0.00252151
0 0.61534 0.278857 0.172131 0.268066 0.00206757
67 0.651054 0.253516 0.0515222 0.0425781 0.00201988
67 0.644028 0.263281 0.0374707 0.025 0.00195694
0 0.642857 0.206836 0.114754 0.119922 0.00187492
67 0.661592 0.255859 0.0398126 0.034375 0.0018034
0 0.605972 0.239404 0.186183 0.186035 0.00172043
0 0.521663 0.419434 0.460187 0.242383 0.00172043
0 0.36329 0.450098 0.624707 0.468555 0.00161648
24 0.440867 0.339258 0.385246 0.225391 0.00160408
0 0.518735 0.304688 0.23185 0.255469 0.00157356
0 0.445111 0.311719 0.334602 0.244531 0.00155449
0 0.687354 0.676172 0.174473 0.146094 0.00152493
26 0.522834 0.313867 0.0819672 0.08125 0.00151253
0 0.485948 0.454688 0.522248 0.184375 0.00146675
60 0.462383 0.635547 0.864461 0.541406 0.0014267
0 0.576112 0.378027 0.264637 0.254883 0.00113392
0 0.498975 0.469629 0.528981 0.270117 0.00102425
3 0.472482 0.637891 0.870023 0.541406 0.913574
0 0.534982 0.442871 0.574063 0.648633 0.888184
0 0.581967 0.285742 0.24356 0.279297 0.0779419
0 0.463115 0.275586 0.434426 0.318359 0.0322266
0 0.605972 0.550781 0.323185 0.339844 0.0211182
0 0.526786 0.285156 0.346897 0.282813 0.018692
0 0.459016 0.467871 0.416862 0.695508 0.0175171
0 0.549766 0.530859 0.468384 0.302344 0.0142822
0 0.54918 0.379688 0.302108 0.3125 0.0109863
1 0.734778 0.429297 0.230679 0.13125 0.00967407
0 0.729508 0.691406 0.100703 0.121875 0.00784302
0 0.479069 0.2625 0.215164 0.284375 0.00677109
24 0.410861 0.311719 0.321136 0.210938 0.0064888
0 0.607143 0.273242 0.185012 0.256641 0.00624084
0 0.442477 0.380078 0.396077 0.313281 0.00511932
67 0.645199 0.232227 0.0339578 0.0210938 0.00484848
0 0.611241 0.321094 0.156909 0.214844 0.00473785
0 0.413934 0.283984 0.32904 0.2625 0.00466537
0 0.700234 0.566016 0.241218 0.378125 0.00432968
0 0.581967 0.353125 0.204918 0.179688 0.00418091
67 0.647541 0.239063 0.0374707 0.0421875 0.00370789
29 0.522834 0.314844 0.0819672 0.0804688 0.00336266
0 0.49356 0.31333 0.504684 0.390527 0.00332451
67 0.661592 0.242969 0.0444965 0.0589844 0.00316048
0 0.577869 0.554004 0.503513 0.41543 0.00307465
1 0.734192 0.49209 0.252927 0.256445 0.00301552
0 0.418033 0.324414 0.337237 0.195703 0.00263214
0 0.553279 0.472656 0.461358 0.204688 0.00261116
67 0.654567 0.229297 0.0327869 0.0304688 0.00252151
67 0.642857 0.263477 0.0351288 0.0246094 0.00219917
46 0.523419 0.314453 0.0819672 0.0820312 0.00208282
0 0.519906 0.300732 0.227166 0.262598 0.00200272
67 0.651054 0.253516 0.0515222 0.0429688 0.00191212
0 0.361534 0.430469 0.621194 0.429688 0.00178909
0 0.461505 0.304688 0.297131 0.257812 0.00176144
0 0.643443 0.206641 0.113583 0.119531 0.00171375
1 0.724824 0.549121 0.24356 0.373633 0.00169373
67 0.661592 0.255859 0.0409836 0.034375 0.00156689
0 0.524737 0.41416 0.45404 0.254492 0.00153065
60 0.459016 0.634766 0.868852 0.544531 0.00148392
24 0.442623 0.339063 0.388759 0.226562 0.00139904
0 0.687354 0.675781 0.175644 0.148438 0.00139427
26 0.522248 0.314063 0.0819672 0.08125 0.00134563
0 0.361241 0.313672 0.607728 0.300781 0.00127411
0 0.609485 0.236914 0.180328 0.183203 0.00123978
1 0.661592 0.432422 0.391101 0.129688 0.00117397
1 0.771663 0.436719 0.174473 0.144531 0.00116539
0 0.574941 0.376563 0.276347 0.258594 0.00116062
0 0.501756 0.466406 0.535129 0.28125 0.00110722
0 0.487119 0.454297 0.518735 0.185156 0.00106049
24 0.416862 0.267236 0.332553 0.293652 0.00105667
0 0.662178 0.285889 0.443794 0.28291 0.00101185
3 0.474385 0.637402 0.875585 0.54082 0.882324
0 0.535275 0.445312 0.57582 0.654688 0.871094
0 0.578454 0.286328 0.250585 0.280469 0.0499573
0 0.607728 0.28125 0.180328 0.278125 0.0371094
0 0.465018 0.276904 0.439988 0.321191 0.0197601
0 0.456674 0.47334 0.412178 0.706445 0.0193787
0 0.608899 0.553125 0.318501 0.340625 0.0157776
0 0.548595 0.53125 0.469555 0.304688 0.0114212
1 0.735363 0.429297 0.229508 0.132031 0.0106125
0 0.550937 0.38125 0.305621 0.334375 0.00898743
0 0.417008 0.266992 0.33226 0.294141 0.00844574
0 0.522395 0.285156 0.358021 0.284375 0.00841522
0 0.729508 0.691406 0.100703 0.123438 0.00664139
0 0.479508 0.262695 0.214286 0.285547 0.00561905
24 0.410861 0.310937 0.321136 0.2125 0.00477219
0 0.444379 0.383203 0.399297 0.320312 0.00439835
67 0.645199 0.232227 0.0339578 0.0210938 0.00411606
0 0.69555 0.567578 0.250585 0.378906 0.00363541
0 0.574941 0.561328 0.512881 0.409375 0.00356483
0 0.61007 0.32168 0.159251 0.214453 0.00345612
0 0.434426 0.321924 0.571429 0.396777 0.00335121
0 0.581967 0.353125 0.206089 0.18125 0.00317192
1 0.734192 0.493066 0.252927 0.260742 0.00294685
67 0.646955 0.238477 0.0362998 0.0402344 0.00283432
29 0.522834 0.314844 0.0819672 0.0804688 0.00271416
67 0.661007 0.242773 0.0433255 0.0585938 0.00214005
0 0.359192 0.427344 0.618852 0.429688 0.0020504
0 0.521077 0.298047 0.23185 0.267969 0.00199509
0 0.417008 0.322656 0.336944 0.2 0.00197983
67 0.655152 0.228516 0.030445 0.0296875 0.00194168
67 0.642272 0.264258 0.0327869 0.0230469 0.00183868
0 0.551522 0.474121 0.4637 0.211133 0.00174809
0 0.47058 0.301563 0.271955 0.263281 0.00171375
1 0.724824 0.553906 0.242389 0.384375 0.00165462
0 0.356557 0.315186 0.607728 0.302441 0.00162315
46 0.522248 0.314063 0.0819672 0.08125 0.0015974
67 0.651054 0.253906 0.0515222 0.0425781 0.00141621
0 0.502488 0.460547 0.538349 0.301563 0.00125504
0 0.643443 0.20625 0.113583 0.11875 0.00122547
0 0.521224 0.400684 0.468091 0.281445 0.00122547
1 0.771663 0.436719 0.177986 0.145313 0.00116539
0 0.687939 0.676562 0.179157 0.15 0.00109482
67 0.661592 0.256641 0.0398126 0.0335938 0.00108624
26 0.522248 0.314453 0.0843091 0.08125 0.00108147
1 0.656909 0.432813 0.400468 0.129688 0.00104427
0 0.433255 0.338086 0.416862 0.233984 0.00103664
0 0.535714 0.448438 0.576112 0.660937 0.849121
3 0.477166 0.636816 0.880562 0.541992 0.845703
0 0.587822 0.288086 0.220141 0.292578 0.0323486
0 0.455503 0.477344 0.409836 0.714063 0.0177155
0 0.40764 0.478906 0.596897 0.721875 0.0142822
0 0.466188 0.277686 0.447014 0.322754 0.0120544
0 0.611241 0.554688 0.313817 0.342187 0.0112457
1 0.736534 0.429004 0.227166 0.132617 0.0106964
0 0.546838 0.532031 0.473068 0.307813 0.00933838
0 0.553279 0.38125 0.311475 0.346875 0.00723267
0 0.415837 0.266797 0.33226 0.29375 0.00616837
0 0.730094 0.691016 0.101874 0.125 0.00566483
67 0.645199 0.232227 0.0351288 0.0210938 0.0041008
0 0.478923 0.260596 0.214286 0.282715 0.00402451
0 0.422131 0.341211 0.606557 0.437109 0.00397491
0 0.44555 0.386621 0.401639 0.325195 0.00355148
24 0.411007 0.310937 0.320843 0.210938 0.00349617
0 0.544496 0.279492 0.302108 0.286328 0.00332451
0 0.572014 0.56416 0.518735 0.410742 0.00327301
1 0.734192 0.494141 0.252927 0.2625 0.00282288
29 0.522834 0.314844 0.0819672 0.0804688 0.0027256
0 0.358899 0.430469 0.619438 0.44375 0.00269318
0 0.686183 0.56875 0.266979 0.378125 0.00264168
67 0.646955 0.238281 0.0362998 0.0398437 0.0026207
0 0.61007 0.325195 0.161592 0.207422 0.00248146
0 0.581967 0.352344 0.206089 0.183594 0.00248146
0 0.607728 0.269482 0.183841 0.248535 0.00223351
0 0.354215 0.316406 0.607728 0.305469 0.00223351
67 0.661007 0.242773 0.0421546 0.0582031 0.00181007
67 0.641686 0.264453 0.0327869 0.0226563 0.00181007
67 0.655738 0.228516 0.028103 0.0289063 0.00176811
0 0.415837 0.323047 0.334602 0.196875 0.00154305
0 0.468384 0.300732 0.274005 0.262598 0.00151253
1 0.723653 0.554004 0.241218 0.385742 0.00148964
46 0.522834 0.314063 0.0807962 0.08125 0.0012846
67 0.650468 0.254297 0.0515222 0.0417969 0.00127888
0 0.547863 0.475879 0.468677 0.218555 0.00126934
0 0.546838 0.378906 0.419204 0.319531 0.00126457
0 0.502196 0.455371 0.541276 0.31582 0.00122547
4 0.46897 0.632812 0.867681 0.534375 0.0011692
1 0.771077 0.436719 0.179157 0.145313 0.00115585
26 0.604801 0.482031 0.210773 0.1125 0.00107288
60 0.46897 0.632812 0.867681 0.534375 0.00106049
0 0.535129 0.451172 0.576112 0.666406 0.835449
3 0.480094 0.637109 0.887588 0.541406 0.810547
0 0.587822 0.288086 0.220141 0.291016 0.0243378
0 0.453747 0.481152 0.408665 0.72207 0.0164642
0 0.393443 0.48125 0.63466 0.728125 0.0157776
1 0.737705 0.429004 0.227166 0.132617 0.0121918
0 0.467213 0.27832 0.451991 0.324609 0.00945282
0 0.62822 0.556641 0.283372 0.346094 0.00941467
0 0.545521 0.532031 0.475703 0.309375 0.00769424
0 0.557377 0.382129 0.320843 0.354492 0.006073
0 0.563232 0.300195 0.337237 0.309766 0.0050621
67 0.645199 0.232227 0.0351288 0.0214844 0.00498199
0 0.730679 0.690625 0.101874 0.125781 0.00498199
0 0.415691 0.266602 0.331382 0.293359 0.00498199
0 0.39798 0.349219 0.663056 0.454688 0.00486755
0 0.358607 0.432422 0.623536 0.458594 0.00369263
0 0.478923 0.258984 0.211944 0.278906 0.00337601
0 0.447892 0.38584 0.406323 0.323633 0.00319672
0 0.352752 0.316602 0.610656 0.306641 0.00313568
29 0.522834 0.314648 0.0819672 0.0804688 0.00309944
1 0.735363 0.49375 0.255269 0.263281 0.00298119
0 0.497073 0.332422 0.514051 0.429688 0.0029583
67 0.646955 0.237695 0.0362998 0.0386719 0.00279999
24 0.410422 0.310937 0.320843 0.210938 0.00265312
0 0.567916 0.566504 0.532787 0.410742 0.00250244
0 0.581967 0.351172 0.208431 0.186719 0.00213242
67 0.640515 0.265234 0.030445 0.021875 0.00202751
67 0.655738 0.228125 0.028103 0.028125 0.00198746
0 0.61007 0.330859 0.163934 0.196094 0.00189686
67 0.660421 0.242578 0.0409836 0.0574219 0.00186729
0 0.678571 0.56875 0.283372 0.376563 0.00183868
1 0.771663 0.436719 0.18267 0.144531 0.00154305
1 0.723068 0.554297 0.24356 0.386719 0.00150108
0 0.608314 0.263086 0.18267 0.235547 0.00148392
0 0.521077 0.296289 0.241218 0.269141 0.00147247
46 0.522834 0.314063 0.0807962 0.08125 0.00144386
67 0.650468 0.254492 0.0515222 0.0421875 0.0012846
0 0.505855 0.453906 0.552693 0.316406 0.00123978
0 0.480679 0.3 0.24356 0.257812 0.00119686
0 0.414374 0.323242 0.332845 0.194141 0.00116062
26 0.606557 0.482031 0.213115 0.1125 0.0011158
1 0.748244 0.436719 0.159251 0.117188 0.00105667
0 0.543325 0.477734 0.477752 0.227344 0.00102425
0 0.534104 0.452246 0.57582 0.667383 0.827148
3 0.482289 0.637402 0.890222 0.54082 0.799316
0 0.384368 0.481641 0.657494 0.730469 0.0213623
0 0.587822 0.288232 0.221311 0.290723 0.0211182
0 0.454918 0.482031 0.412178 0.723437 0.0167847
1 0.737705 0.429004 0.227166 0.132617 0.0123825
0 0.629391 0.556641 0.282201 0.344531 0.00923157
0 0.467799 0.278711 0.454333 0.325391 0.00841522
0 0.544496 0.532031 0.477752 0.310937 0.00706482
0 0.385246 0.352734 0.690866 0.464063 0.0068512
0 0.559719 0.379297 0.327869 0.353906 0.00579834
0 0.357436 0.434375 0.622365 0.48125 0.00572968
67 0.645199 0.232227 0.0351288 0.0214844 0.00536346
0 0.730679 0.690625 0.103044 0.126563 0.00521851
0 0.351581 0.314258 0.611827 0.311328 0.00488663
0 0.555035 0.302393 0.361827 0.314746 0.00468063
0 0.415105 0.266406 0.331382 0.292188 0.00436401
29 0.522834 0.314648 0.0819672 0.0804688 0.00319672
1 0.735363 0.495215 0.255269 0.26582 0.00314713
0 0.497512 0.331055 0.515515 0.426953 0.0030632
0 0.447453 0.384766 0.407201 0.320312 0.0029583
67 0.646955 0.237305 0.0362998 0.0378906 0.00279045
0 0.479508 0.256836 0.209602 0.273828 0.00274658
0 0.569087 0.567285 0.530445 0.410742 0.002388
24 0.409982 0.310547 0.32055 0.211719 0.00217438
0 0.581967 0.35 0.208431 0.189063 0.00206757
67 0.640515 0.265234 0.030445 0.021875 0.00204277
67 0.655738 0.228125 0.0269321 0.028125 0.00203514
0 0.528688 0.280664 0.279859 0.296484 0.00182438
67 0.660421 0.242578 0.0398126 0.0570313 0.00177479
0 0.61007 0.33125 0.163934 0.194531 0.0017271
1 0.771663 0.436328 0.18267 0.144531 0.00170708
0 0.676815 0.56875 0.285714 0.375 0.0017004
1 0.722482 0.553809 0.24356 0.386133 0.00164223
0 0.608314 0.257422 0.18267 0.224219 0.0012598
67 0.650468 0.254492 0.0515222 0.0421875 0.00124931
0 0.504684 0.454297 0.552693 0.311719 0.00124931
46 0.522834 0.313867 0.0807962 0.0808594 0.00124454
1 0.748244 0.436719 0.156909 0.117188 0.00119209
26 0.607728 0.482812 0.215457 0.110937 0.00113392
0 0.414666 0.322656 0.33226 0.19375 0.00109482
0 0.484192 0.29917 0.23185 0.256348 0.00109005
0 0.533958 0.451953 0.574941 0.664844 0.831055
3 0.482436 0.6375 0.891101 0.540625 0.808105
0 0.38144 0.479297 0.670375 0.727344 0.0288696
0 0.588407 0.288232 0.221311 0.290723 0.0214539
0 0.45565 0.479297 0.414227 0.716406 0.0175781
1 0.738876 0.428906 0.227166 0.132031 0.0128708
0 0.380855 0.355664 0.701991 0.473047 0.0101318
0 0.357436 0.436035 0.622365 0.50918 0.00898743
0 0.45887 0.274951 0.459309 0.315723 0.00854492
0 0.629977 0.557422 0.28103 0.342969 0.00831604
0 0.351874 0.311719 0.612412 0.317188 0.00754929
67 0.645199 0.232422 0.0351288 0.021875 0.00621796
0 0.543911 0.532813 0.478923 0.309375 0.00614548
0 0.56089 0.378125 0.327869 0.348438 0.00605011
0 0.557962 0.301758 0.357143 0.313672 0.00547028
0 0.730679 0.690625 0.103044 0.125781 0.00542831
0 0.415105 0.266016 0.331382 0.291406 0.00428009
1 0.735363 0.495313 0.255269 0.267188 0.00358009
29 0.522248 0.314844 0.0819672 0.0804688 0.00337601
67 0.64637 0.237109 0.0351288 0.0375 0.00312424
0 0.497804 0.331836 0.519614 0.428516 0.00312424
0 0.446721 0.384375 0.406323 0.319531 0.00305176
0 0.48024 0.255273 0.208138 0.270703 0.00265312
0 0.581967 0.349805 0.20726 0.188672 0.00234985
67 0.655152 0.228125 0.0269321 0.028125 0.00226974
67 0.641101 0.264844 0.030445 0.021875 0.00215721
24 0.409836 0.310156 0.319672 0.211719 0.00214958
0 0.571429 0.566309 0.52459 0.40957 0.00212479
67 0.659836 0.242578 0.0398126 0.0570313 0.00192642
1 0.723068 0.550391 0.24356 0.379688 0.00190449
0 0.530445 0.280078 0.284543 0.297656 0.00185299
0 0.611241 0.331641 0.161592 0.192969 0.00183868
0 0.679742 0.56875 0.277518 0.373437 0.00179577
1 0.772248 0.436328 0.18267 0.14375 0.00176811
67 0.650468 0.254492 0.0515222 0.0421875 0.00135612
0 0.607728 0.254688 0.183841 0.21875 0.00133514
0 0.499854 0.454297 0.543618 0.309375 0.00126934
1 0.748244 0.436719 0.154567 0.117188 0.00124931
26 0.608899 0.483203 0.217799 0.109375 0.00117874
0 0.413349 0.322656 0.330211 0.192188 0.00112057
0 0.483021 0.299023 0.235363 0.256641 0.00112057
46 0.522834 0.314063 0.0807962 0.0804688 0.00110722
3 0.545082 0.560059 0.635831 0.393945 0.00102043
0 0.533811 0.450879 0.574063 0.660742 0.84082
3 0.483607 0.638184 0.891101 0.539258 0.827637
0 0.379977 0.476953 0.67096 0.722656 0.0333252
0 0.587822 0.288281 0.222482 0.289844 0.0234222
0 0.454918 0.477344 0.413349 0.710938 0.0190125
1 0.738876 0.428906 0.227166 0.132031 0.0146179
0 0.380855 0.353125 0.701991 0.467187 0.012291
0 0.466628 0.27793 0.451991 0.323828 0.0115509
0 0.358021 0.437109 0.622365 0.509375 0.0114212
0 0.351874 0.311523 0.612412 0.314453 0.00952148
0 0.631148 0.557031 0.28103 0.342187 0.00844574
0 0.567916 0.299219 0.332553 0.307813 0.00763702
67 0.645199 0.232422 0.0351288 0.021875 0.00712204
0 0.551669 0.546875 0.435304 0.325781 0.0068512
0 0.56089 0.376172 0.334895 0.339844 0.00682449
0 0.730679 0.690625 0.103044 0.125 0.00624084
0 0.415105 0.26582 0.331382 0.289453 0.00446701
1 0.735363 0.49375 0.255269 0.263281 0.00411606
0 0.446721 0.382812 0.407494 0.315625 0.0036068
29 0.522248 0.314844 0.0819672 0.0804688 0.00358009
67 0.64637 0.237109 0.0374707 0.0375 0.00351143
0 0.497658 0.328906 0.519906 0.422656 0.00329781
0 0.480679 0.25332 0.206089 0.266016 0.00304031
0 0.581967 0.349219 0.208431 0.188281 0.00291252
67 0.655738 0.228125 0.0257611 0.0273438 0.00261116
67 0.641101 0.264844 0.030445 0.021875 0.00244331
1 0.723653 0.546777 0.24356 0.37207 0.00223351
67 0.659836 0.242578 0.0398126 0.0570313 0.00219917
0 0.611241 0.330859 0.161592 0.19375 0.00219154
1 0.772834 0.436328 0.18267 0.14375 0.00214005
24 0.409251 0.309766 0.319672 0.2125 0.0020752
0 0.571429 0.565234 0.525761 0.407031 0.0020504
0 0.684426 0.567969 0.26815 0.371875 0.00203514
0 0.522834 0.294189 0.247073 0.274121 0.00188255
67 0.650468 0.254297 0.0515222 0.0421875 0.0015192
0 0.607143 0.25293 0.185012 0.215234 0.0015192
1 0.748244 0.437109 0.156909 0.116406 0.00146675
0 0.497512 0.458203 0.536592 0.298438 0.00144386
0 0.437793 0.342578 0.389051 0.226562 0.00126934
0 0.529274 0.454688 0.496487 0.190625 0.00126934
3 0.564988 0.560254 0.59719 0.393555 0.00124454
26 0.61007 0.484375 0.220141 0.10625 0.00119686
0 0.490779 0.530078 0.458724 0.342187 0.00117397
0 0.661007 0.288086 0.565574 0.287891 0.00115108
0 0.347775 0.421094 0.632318 0.363281 0.0011425
67 0.661592 0.257422 0.0386417 0.0320312 0.00111198
0 0.644028 0.205664 0.112412 0.116797 0.00109863
46 0.522834 0.314063 0.0807962 0.0804688 0.00108147
1 0.67096 0.449219 0.194379 0.110937 0.00106525
1 0.667447 0.442969 0.156909 0.084375 0.00104809
0 0.68911 0.678125 0.185012 0.148438 0.00104427
1 0.660421 0.434375 0.388759 0.125781 0.00104427
26 0.618267 0.492969 0.293911 0.0945313 0.00101662
0 0.401054 0.53291 0.374707 0.343555 0.00100803
0 0.532787 0.451172 0.57377 0.657031 0.84668
3 0.48346 0.637891 0.890222 0.538281 0.836426
0 0.37822 0.475781 0.672131 0.720313 0.0389709
0 0.570258 0.286768 0.26815 0.282715 0.0315552
0 0.454918 0.476465 0.413349 0.708008 0.0185089
0 0.606557 0.280811 0.185012 0.274316 0.016922
0 0.464725 0.277734 0.4476 0.323438 0.0154877
1 0.738876 0.428906 0.227166 0.132031 0.0149536
0 0.379098 0.351953 0.699649 0.465625 0.0147324
0 0.35685 0.432813 0.621194 0.516406 0.0139008
0 0.351874 0.310156 0.612412 0.317188 0.0116425
0 0.631733 0.556641 0.279859 0.341406 0.00905609
0 0.559719 0.375879 0.332553 0.337305 0.0078125
0 0.544643 0.532031 0.477459 0.30625 0.00748825
67 0.645199 0.232422 0.0351288 0.021875 0.00679779
0 0.730094 0.690625 0.101874 0.124219 0.00664139
0 0.415105 0.26582 0.331382 0.288672 0.0050621
0 0.446721 0.381934 0.407494 0.312695 0.00441742
1 0.735948 0.494141 0.255269 0.264062 0.00431442
29 0.522248 0.314648 0.0819672 0.0804688 0.00380898
0 0.497512 0.325781 0.517857 0.417188 0.00374985
0 0.480679 0.253711 0.204918 0.266016 0.00362206
0 0.581382 0.349609 0.208431 0.186719 0.00345612
0 0.574941 0.298438 0.203747 0.2625 0.00325966
67 0.64637 0.236914 0.0362998 0.0367188 0.00324821
0 0.612412 0.33125 0.159251 0.192188 0.00251198
67 0.655738 0.228125 0.0257611 0.0273438 0.00248146
0 0.5726 0.564746 0.523419 0.404883 0.002388
1 0.724824 0.54541 0.24356 0.370117 0.00234222
67 0.641101 0.265039 0.030445 0.021875 0.00219917
1 0.772834 0.436035 0.185012 0.143555 0.00219154
0 0.687939 0.567187 0.259953 0.371875 0.00219154
0 0.523419 0.29375 0.245902 0.275 0.00216484
24 0.409251 0.308984 0.319672 0.214844 0.00210762
67 0.659836 0.242578 0.0398126 0.0566406 0.00202751
0 0.495316 0.459766 0.533958 0.294531 0.00157928
0 0.539227 0.480078 0.483607 0.232031 0.00153065
1 0.748244 0.437109 0.156909 0.116406 0.00149536
0 0.437354 0.342187 0.388759 0.227344 0.00145531
67 0.650468 0.254297 0.0515222 0.0421875 0.00141621
3 0.599532 0.559766 0.529274 0.392969 0.00139904
0 0.347482 0.417969 0.630562 0.35625 0.00134563
0 0.667447 0.287305 0.557377 0.285547 0.00128937
0 0.412032 0.322656 0.328162 0.189844 0.0012846
26 0.61007 0.485156 0.220141 0.10625 0.00124454
0 0.68911 0.678125 0.183841 0.147656 0.00116062
0 0.644028 0.205469 0.112412 0.116406 0.00113392
1 0.661007 0.434375 0.38993 0.125781 0.00112915
46 0.522834 0.314063 0.0807962 0.0804688 0.0011158
1 0.667447 0.442188 0.156909 0.084375 0.00111198
1 0.648712 0.453906 0.24356 0.103125 0.00109482
0 0.54918 0.4625 0.454333 0.167187 0.00108147
67 0.661592 0.257617 0.0386417 0.0316406 0.00107765
26 0.618267 0.492969 0.29274 0.09375 0.00106525
1 0.668033 0.424219 0.159251 0.0765625 0.00104809
0 0.467799 0.530469 0.368852 0.349219 0.00104809
0 0.515076 0.395996 0.501464 0.293945 0.00102043
0 0.401639 0.532422 0.370023 0.339844 0.00102043
1 0.737705 0.740234 0.302108 0.263281 0.00101185
0 0.531616 0.451172 0.571429 0.655469 0.851074
3 0.48346 0.637891 0.890222 0.538281 0.850098
0 0.377635 0.475879 0.673302 0.720117 0.0453491
0 0.574356 0.286914 0.258782 0.282422 0.0451965
0 0.606557 0.281055 0.185012 0.274609 0.0192719
0 0.462383 0.277539 0.442916 0.323047 0.0181274
0 0.454918 0.476562 0.41452 0.707812 0.0178528
0 0.37822 0.348047 0.697892 0.458594 0.0164032
0 0.356557 0.429297 0.619438 0.519531 0.0159607
1 0.738876 0.428906 0.229508 0.13125 0.0157166
0 0.351874 0.308789 0.61007 0.316797 0.0131226
0 0.632318 0.55625 0.278689 0.340625 0.00963593
0 0.561475 0.374902 0.327869 0.33457 0.00834656
67 0.645199 0.232422 0.0351288 0.021875 0.00812531
0 0.54435 0.532031 0.475703 0.30625 0.00772476
0 0.729508 0.690625 0.100703 0.123438 0.00714874
0 0.415105 0.266016 0.331382 0.288281 0.00496292
0 0.445989 0.382031 0.405445 0.313281 0.0045929
1 0.736534 0.493848 0.255269 0.263867 0.00443268
0 0.496487 0.322852 0.517564 0.410547 0.00403976
29 0.522248 0.314648 0.0819672 0.0804688 0.00392914
0 0.481411 0.254102 0.203454 0.266016 0.00390053
0 0.581382 0.348242 0.208431 0.189453 0.00390053
67 0.64637 0.236719 0.0362998 0.0367188 0.00378036
67 0.655738 0.228125 0.0257611 0.0273438 0.00298119
0 0.612998 0.328516 0.15808 0.198437 0.00291252
0 0.528688 0.279736 0.271663 0.294434 0.00290108
1 0.724824 0.544629 0.24356 0.368555 0.0024929
0 0.5726 0.564453 0.52459 0.404687 0.0024929
67 0.641101 0.265039 0.030445 0.021875 0.00246239
0 0.689696 0.567187 0.255269 0.371875 0.00239754
1 0.772834 0.436328 0.185012 0.142969 0.00237846
67 0.659251 0.242578 0.0398126 0.05625 0.00234985
24 0.409251 0.308398 0.319672 0.216016 0.00216484
0 0.539813 0.481152 0.480094 0.233008 0.00174141
1 0.748244 0.437109 0.156909 0.116406 0.00158501
0 0.492828 0.461621 0.529567 0.289258 0.00157928
67 0.650468 0.254297 0.0515222 0.0421875 0.00156116
3 0.611241 0.559375 0.505855 0.392188 0.00151253
0 0.34719 0.4125 0.628806 0.342187 0.00150108
0 0.672717 0.287109 0.542155 0.284375 0.00144386
0 0.436183 0.342187 0.386417 0.227344 0.00142097
0 0.494731 0.295898 0.197892 0.257422 0.00138855
26 0.610656 0.485156 0.220141 0.104688 0.00127411
0 0.644028 0.205469 0.112412 0.116406 0.0012598
0 0.688525 0.678125 0.18267 0.147656 0.0012598
67 0.661592 0.257422 0.0386417 0.0320312 0.00121117
1 0.666276 0.434375 0.379391 0.125781 0.00120163
0 0.54918 0.4625 0.454333 0.167187 0.00119686
1 0.649297 0.453906 0.241218 0.101562 0.00117397
1 0.668033 0.442578 0.156909 0.084375 0.0011692
0 0.467067 0.530469 0.367974 0.346875 0.00111198
26 0.618267 0.493359 0.290398 0.09375 0.00110722
1 0.668618 0.424609 0.159251 0.0757812 0.00109482
1 0.737705 0.741016 0.302108 0.261719 0.00109482
0 0.401054 0.53291 0.368852 0.337305 0.00108624
0 0.516979 0.396094 0.496487 0.29375 0.00107288
1 0.752927 0.440234 0.105386 0.110156 0.00106049
46 0.522834 0.314063 0.0807962 0.0804688 0.00103188
36 0.348068 0.499121 0.596604 0.262695 0.00103188
0 0.415105 0.23418 0.495316 0.231641 0.00103188
3 0.567916 0.771484 0.633489 0.267969 0.00103188
0 0.724824 0.583594 0.241218 0.353125 0.00102806
0 0.531616 0.451172 0.571429 0.655469 0.851074
3 0.483607 0.638184 0.88993 0.537695 0.851074
0 0.574941 0.286719 0.257611 0.282031 0.0466309
0 0.377342 0.475879 0.672717 0.720117 0.045105
0 0.606557 0.280859 0.185012 0.274219 0.019455
0 0.462383 0.277539 0.442916 0.323047 0.0184326
0 0.454918 0.476562 0.413349 0.707812 0.0181885
0 0.37822 0.347266 0.697892 0.457031 0.0162811
0 0.356557 0.430371 0.619438 0.518945 0.0159607
1 0.738876 0.428906 0.229508 0.13125 0.0158997
0 0.351874 0.308984 0.61007 0.316406 0.0130234
0 0.632318 0.556641 0.278689 0.341406 0.00981903
0 0.562061 0.375 0.327869 0.334375 0.00844574
67 0.645199 0.232422 0.0351288 0.021875 0.00809479
0 0.543911 0.532031 0.476581 0.30625 0.00775528
0 0.729508 0.690625 0.100703 0.123438 0.00706482
0 0.415105 0.266064 0.331382 0.288184 0.00498199
0 0.445989 0.381641 0.405445 0.313281 0.00469971
1 0.736534 0.493652 0.255269 0.262695 0.00450516
0 0.495902 0.32207 0.516393 0.408984 0.0041008
0 0.481411 0.254102 0.203454 0.266016 0.00395966
0 0.581382 0.348438 0.208431 0.189063 0.00392914
29 0.522248 0.314648 0.0819672 0.0804688 0.00390053
67 0.64637 0.236719 0.0362998 0.0367188 0.00374985
67 0.655738 0.228125 0.0257611 0.0273438 0.00296974
0 0.529274 0.279736 0.271663 0.294434 0.00293541
0 0.612998 0.328516 0.15808 0.198437 0.00293541
1 0.724824 0.544531 0.24356 0.367188 0.00253105
0 0.5726 0.564453 0.52459 0.404687 0.00250244
67 0.641101 0.265039 0.030445 0.021875 0.0024929
0 0.689696 0.567187 0.255269 0.371875 0.00245285
1 0.772834 0.436328 0.186183 0.142969 0.00243378
67 0.659251 0.242578 0.0398126 0.05625 0.00233269
24 0.409251 0.308203 0.319672 0.216406 0.00217438
0 0.539813 0.480859 0.480094 0.232813 0.00175476
0 0.492974 0.461816 0.529274 0.288867 0.00161648
1 0.747658 0.437109 0.156909 0.116406 0.00160408
67 0.650468 0.254297 0.0515222 0.0421875 0.00156116
3 0.611388 0.559375 0.505562 0.392188 0.00152493
0 0.34719 0.413281 0.627635 0.34375 0.00150681
0 0.672717 0.286914 0.539813 0.283984 0.0014782
0 0.436183 0.342383 0.386417 0.227734 0.00144386
0 0.495316 0.295752 0.199063 0.257715 0.00140476
0 0.644028 0.205469 0.112412 0.116406 0.00127411
26 0.610656 0.485156 0.220141 0.104688 0.00126934
0 0.688525 0.678125 0.18267 0.148438 0.00124454
0 0.411153 0.32207 0.327576 0.190234 0.00124454
1 0.666862 0.434375 0.379391 0.125781 0.00123024
67 0.661592 0.257422 0.0386417 0.0320312 0.0012064
0 0.549034 0.4625 0.454625 0.167187 0.0012064
1 0.648712 0.453906 0.241218 0.101562 0.00119209
1 0.667447 0.442578 0.156909 0.084375 0.00117874
0 0.467799 0.530469 0.370023 0.346875 0.00111198
1 0.668618 0.424609 0.159251 0.0757812 0.0011034
26 0.618267 0.49375 0.290398 0.09375 0.00109863
0 0.401054 0.53291 0.368852 0.337305 0.00109863
0 0.516979 0.396191 0.496487 0.293555 0.00109482
1 0.752927 0.440234 0.105386 0.110156 0.00107288
1 0.737705 0.740625 0.302108 0.2625 0.00107288
3 0.567916 0.771484 0.63466 0.267969 0.00104809
0 0.724824 0.582812 0.241218 0.354688 0.00104427
46 0.522834 0.314063 0.0807962 0.0804688 0.00104046
0 0.415837 0.23418 0.493852 0.231641 0.00103664
36 0.347848 0.499121 0.597043 0.262695 0.00101185
2 0.910421 0.74375 0.179157 0.14375 0.00100803
