61 0.442578 0.558594 0.53776 0.857813 0.885742
61 0.445313 0.747266 0.541667 0.432031 0.0267639
61 0.502083 0.721094 0.995833 0.526563 0.0086441
71 0.166732 0.717969 0.33112 0.514063 0.0049057
61 0.514583 0.567578 0.947917 0.828906 0.00457382
71 0.502083 0.721094 0.995833 0.526563 0.00405502
71 0.472005 0.332031 0.428906 0.395313 0.00319672
61 0.470313 0.333643 0.434375 0.39834 0.00296974
2 0.896354 0.434375 0.207292 0.853125 0.0029583
14 0.376302 0.733594 0.0322917 0.0375 0.00271416
64 0.472005 0.332031 0.428906 0.395313 0.00134563
71 0.445964 0.749219 0.54349 0.428125 0.0011034
61 0.446875 0.555859 0.541667 0.850781 0.905273
61 0.445313 0.746875 0.540625 0.434375 0.0231476
71 0.472396 0.331445 0.429167 0.396484 0.006073
61 0.470313 0.333154 0.435417 0.399316 0.00595856
71 0.167773 0.715625 0.334245 0.510938 0.00540543
61 0.502214 0.719922 0.995573 0.525781 0.00359344
71 0.402604 0.722656 0.797917 0.525 0.00329781
2 0.897396 0.414844 0.205208 0.815625 0.00234222
14 0.376563 0.733594 0.03125 0.0359375 0.00206757
64 0.472396 0.331445 0.429167 0.396484 0.00138855
61 0.510547 0.572656 0.94974 0.815625 0.00138855
71 0.445313 0.746875 0.540625 0.434375 0.00136662
61 0.446875 0.55625 0.541667 0.85 0.913086
61 0.444792 0.739844 0.539583 0.448438 0.0175171
71 0.472396 0.331445 0.429167 0.396484 0.00861359
61 0.470703 0.332617 0.433594 0.398828 0.00717545
71 0.168685 0.712891 0.335547 0.505469 0.00380898
2 0.896875 0.409375 0.20625 0.803125 0.00257111
71 0.405208 0.721484 0.804167 0.522656 0.00251198
61 0.502214 0.71875 0.995573 0.525 0.00213242
14 0.376563 0.732813 0.0307292 0.034375 0.0018034
64 0.472396 0.331445 0.429167 0.396484 0.00169373
71 0.444792 0.739844 0.539583 0.448438 0.00138855
61 0.447005 0.557422 0.54349 0.850781 0.917969
61 0.445313 0.741016 0.540625 0.447656 0.0158997
71 0.472396 0.331445 0.430208 0.396484 0.00985718
61 0.471745 0.332764 0.433594 0.398535 0.0064621
71 0.16901 0.711719 0.336458 0.504687 0.0027256
2 0.896875 0.417969 0.20625 0.821875 0.00251198
71 0.407813 0.721484 0.809375 0.522656 0.00219154
71 0.445313 0.741016 0.540625 0.447656 0.0018177
6 0.898438 0.3625 0.203125 0.717188 0.00162315
61 0.502214 0.719531 0.995573 0.523438 0.0014782
64 0.472396 0.331445 0.430208 0.396484 0.00125504
55 0.446745 0.704688 0.327344 0.2375 0.0011425
14 0.376823 0.73125 0.0296875 0.03125 0.00102425
61 0.446354 0.558984 0.544792 0.850781 0.922363
61 0.444792 0.743359 0.541667 0.442969 0.0134811
71 0.472786 0.331641 0.429427 0.396094 0.012146
61 0.472786 0.33208 0.43151 0.396777 0.00564194
6 0.898438 0.362891 0.203125 0.719531 0.00391388
2 0.896875 0.420312 0.20625 0.828125 0.00316048
71 0.502214 0.719922 0.995573 0.522656 0.0027256
71 0.171354 0.717188 0.340625 0.50625 0.00261116
71 0.444792 0.743359 0.541667 0.442969 0.0024929
61 0.502214 0.719922 0.995573 0.522656 0.00126457
64 0.472786 0.331641 0.429427 0.396094 0.00125504
55 0.446875 0.709375 0.327083 0.248438 0.00121593
45 0.444792 0.743359 0.541667 0.442969 0.00116062
61 0.446354 0.559375 0.544792 0.85 0.92041
71 0.472396 0.332031 0.428125 0.395313 0.0149536
61 0.444271 0.745313 0.541667 0.4375 0.0117798
6 0.897917 0.363477 0.204167 0.721484 0.00891876
61 0.472396 0.332031 0.428125 0.395313 0.0069046
2 0.896875 0.419141 0.20625 0.827344 0.00439835
71 0.502474 0.719922 0.995052 0.521094 0.00322342
71 0.444271 0.745313 0.541667 0.4375 0.0026207
71 0.171875 0.717188 0.340625 0.504687 0.00259018
55 0.446875 0.709375 0.327083 0.246875 0.00139904
64 0.472396 0.332031 0.428125 0.395313 0.00130939
71 0.365885 0.717188 0.724479 0.520312 0.0012064
45 0.444271 0.745313 0.541667 0.4375 0.00115108
61 0.502474 0.719922 0.995052 0.521094 0.0011158
7 0.896875 0.419141 0.20625 0.827344 0.00101662
61 0.444271 0.559375 0.548958 0.8125 0.915527
6 0.898438 0.364258 0.203125 0.726172 0.0151901
71 0.473047 0.332422 0.428906 0.394531 0.0129242
61 0.444922 0.74375 0.541406 0.440625 0.00901794
61 0.473047 0.332422 0.428906 0.394531 0.00757599
2 0.896875 0.421094 0.20625 0.832812 0.0037365
71 0.502604 0.719531 0.994792 0.520312 0.00257111
71 0.171875 0.717578 0.340625 0.505469 0.00190449
71 0.444922 0.74375 0.541406 0.440625 0.00177479
6 0.861458 0.424219 0.277083 0.845313 0.00137806
55 0.446875 0.716406 0.327083 0.260938 0.00124454
7 0.896875 0.421094 0.20625 0.832812 0.00104046
61 0.446354 0.557813 0.545833 0.85 0.906738
6 0.898438 0.363281 0.203125 0.726562 0.0234222
71 0.472917 0.332764 0.427083 0.393848 0.0100555
61 0.472917 0.332764 0.427083 0.393848 0.00626373
61 0.444922 0.742188 0.541406 0.44375 0.00595856
2 0.896875 0.41875 0.20625 0.83125 0.00211525
71 0.49362 0.71875 0.97526 0.520312 0.00203514
6 0.86875 0.414453 0.2625 0.828906 0.0019722
71 0.171094 0.717969 0.339583 0.504687 0.00132465
61 0.446354 0.557813 0.544792 0.85 0.903809
6 0.898958 0.363281 0.202083 0.726562 0.0190582
71 0.472917 0.333008 0.427083 0.394141 0.00766754
61 0.472917 0.333008 0.427083 0.394141 0.00510025
61 0.444661 0.739062 0.539844 0.45 0.00335121
71 0.489453 0.717969 0.966927 0.520312 0.00203514
6 0.840104 0.467969 0.319792 0.926562 0.00161076
71 0.170833 0.717969 0.338542 0.504687 0.00108147
2 0.897917 0.414844 0.204167 0.826563 0.00102806
61 0.446875 0.557813 0.54375 0.85 0.91748
6 0.896354 0.364453 0.207292 0.728906 0.0639648
71 0.472917 0.332813 0.425 0.39375 0.00997162
61 0.472917 0.332813 0.425 0.39375 0.0068512
61 0.444792 0.741797 0.539583 0.444531 0.0051384
6 0.852604 0.470313 0.294792 0.93125 0.00432968
71 0.454688 0.71875 0.897917 0.520312 0.00253105
2 0.897917 0.420312 0.204167 0.8375 0.00124931
61 0.454688 0.71875 0.897917 0.520312 0.00112057
5 0.898958 0.365039 0.202083 0.730078 0.00100803
61 0.447005 0.557422 0.54349 0.850781 0.916504
6 0.896354 0.367383 0.207292 0.734766 0.0859985
71 0.472917 0.332813 0.423958 0.39375 0.0104065
61 0.472917 0.332813 0.423958 0.39375 0.00821686
61 0.444792 0.743359 0.538542 0.439844 0.00595856
6 0.86875 0.41875 0.2625 0.8375 0.00553513
71 0.425911 0.719141 0.841927 0.519531 0.00273705
5 0.896354 0.367383 0.207292 0.734766 0.00117874
61 0.425911 0.719141 0.841927 0.519531 0.00115108
61 0.448047 0.557813 0.54349 0.853125 0.90918
6 0.896354 0.370313 0.207292 0.740625 0.0878906
71 0.472917 0.332813 0.422917 0.392969 0.0137405
61 0.472917 0.332813 0.422917 0.392969 0.00941467
61 0.444792 0.745313 0.538542 0.435937 0.0068512
6 0.83125 0.429297 0.3375 0.858594 0.0049057
71 0.415104 0.719531 0.820833 0.51875 0.00265312
5 0.896354 0.370313 0.207292 0.740625 0.00122547
6 0.621354 0.477734 0.755208 0.941406 0.00112915
61 0.448047 0.557813 0.54349 0.854688 0.903809
6 0.896354 0.371094 0.207292 0.742188 0.0772095
71 0.473047 0.332617 0.422656 0.392578 0.0131226
61 0.473047 0.332617 0.422656 0.392578 0.00898743
61 0.444661 0.745703 0.53776 0.435156 0.00572968
6 0.760417 0.472266 0.479167 0.933594 0.00469971
71 0.439583 0.721094 0.870833 0.51875 0.00235939
6 0.620313 0.476562 0.759375 0.9375 0.00156116
5 0.896354 0.371094 0.207292 0.742188 0.00120163
61 0.448438 0.557813 0.542708 0.85625 0.901367
6 0.896354 0.373047 0.207292 0.746094 0.0750122
71 0.473958 0.333008 0.422917 0.392578 0.0139542
61 0.473438 0.333008 0.422917 0.392578 0.00790405
61 0.444661 0.746875 0.53776 0.432813 0.00584412
6 0.855208 0.464453 0.289583 0.927344 0.00471878
6 0.764063 0.448438 0.471875 0.896875 0.00460815
6 0.604167 0.479688 0.791667 0.946875 0.00298119
15 0.590625 0.110449 0.7875 0.211914 0.00237846
71 0.446875 0.721484 0.886458 0.519531 0.0019722
64 0.473438 0.333008 0.422917 0.392578 0.00159168
2 0.897917 0.424219 0.204167 0.842188 0.00132465
5 0.896354 0.373047 0.207292 0.746094 0.00129414
4 0.896354 0.364844 0.207292 0.722656 0.00115108
15 0.566146 0.254297 0.851042 0.500781 0.00102425
61 0.448958 0.556641 0.54375 0.855469 0.898926
6 0.896354 0.372266 0.207292 0.74375 0.069519
71 0.473828 0.333203 0.423177 0.392969 0.0129242
61 0.473438 0.333008 0.422917 0.392578 0.00754929
61 0.444661 0.746875 0.53776 0.432813 0.00527954
6 0.839583 0.463281 0.320833 0.923438 0.00502014
6 0.754167 0.45 0.491667 0.9 0.00479126
15 0.585938 0.111621 0.798958 0.215039 0.00365067
6 0.595833 0.479688 0.808333 0.946875 0.00345612
71 0.454297 0.721484 0.901823 0.519531 0.00200272
15 0.559375 0.275586 0.866667 0.543359 0.0017271
2 0.898438 0.422656 0.203125 0.8375 0.00156689
64 0.473438 0.333008 0.422917 0.392578 0.00152493
5 0.896354 0.372266 0.207292 0.74375 0.00136185
14 0.189518 0.244336 0.249089 0.101172 0.00126457
71 0.501563 0.535156 0.996875 0.9 0.00126457
4 0.896354 0.362109 0.207292 0.715625 0.00123501
7 0.898958 0.364258 0.2 0.727734 0.00109482
16 0.572396 0.139063 0.834375 0.269531 0.00106525
71 0.316406 0.721094 0.628646 0.514063 0.00104809
61 0.448828 0.55625 0.54401 0.854688 0.900391
6 0.896354 0.369531 0.207292 0.735938 0.0685425
71 0.473828 0.333545 0.423177 0.393066 0.01297
61 0.473828 0.333203 0.423177 0.392969 0.00912476
6 0.854167 0.451953 0.291667 0.899219 0.00530243
6 0.755729 0.439063 0.488542 0.876563 0.00502014
61 0.444661 0.745313 0.53776 0.434375 0.00446701
6 0.598438 0.477344 0.803125 0.939063 0.00370789
15 0.585286 0.108398 0.80026 0.208984 0.00293541
71 0.453255 0.721094 0.89974 0.51875 0.00203514
2 0.898958 0.413672 0.202083 0.817969 0.00200272
5 0.896354 0.369531 0.207292 0.735938 0.00158501
71 0.501563 0.534375 0.996875 0.9 0.00139427
14 0.189323 0.244531 0.248438 0.100781 0.00138855
15 0.560417 0.278906 0.866667 0.550781 0.00137234
64 0.473828 0.333203 0.423177 0.392969 0.00134087
7 0.9 0.362109 0.2 0.721094 0.00134087
4 0.896354 0.359961 0.207292 0.708984 0.00130463
71 0.315104 0.721094 0.626042 0.514063 0.00104809
71 0.448828 0.725 0.327344 0.285938 0.00101662
16 0.571354 0.132422 0.836458 0.256641 0.00101662
61 0.449479 0.55625 0.544792 0.853125 0.900391
6 0.896875 0.36875 0.20625 0.73125 0.0634766
71 0.474479 0.333643 0.423958 0.393652 0.0136337
61 0.473438 0.333008 0.423958 0.392578 0.00908661
6 0.853125 0.446484 0.29375 0.885156 0.00534439
6 0.755729 0.435156 0.488542 0.867188 0.00462723
61 0.444661 0.745313 0.53776 0.434375 0.00419998
6 0.601042 0.476562 0.797917 0.9375 0.00336266
71 0.455208 0.721484 0.904167 0.517969 0.00269318
15 0.585547 0.105566 0.801823 0.20332 0.00259018
2 0.898958 0.410938 0.202083 0.809375 0.00255013
71 0.501563 0.532813 0.996875 0.901563 0.00192642
5 0.896875 0.36875 0.20625 0.73125 0.00177479
7 0.9 0.362109 0.2 0.717969 0.00161076
4 0.896354 0.359961 0.207292 0.704297 0.00152493
14 0.189323 0.244531 0.248438 0.100781 0.00148392
71 0.311719 0.721094 0.620313 0.514063 0.0012846
64 0.473438 0.333008 0.423958 0.392578 0.00125504
15 0.561458 0.279297 0.864583 0.550781 0.00114727
16 0.572005 0.12373 0.835156 0.239258 0.00105286
14 0.376302 0.732422 0.0328125 0.0328125 0.00101662
61 0.448958 0.55625 0.544792 0.853125 0.904785
6 0.897396 0.368164 0.205208 0.727734 0.0562439
71 0.474479 0.333936 0.423958 0.393848 0.0130692
61 0.473438 0.333203 0.423958 0.392969 0.0106506
6 0.851042 0.444531 0.297917 0.879687 0.00530243
6 0.754167 0.433203 0.491667 0.861719 0.00432968
61 0.444271 0.744922 0.5375 0.435156 0.00349617
6 0.597917 0.476562 0.804167 0.935938 0.00345612
2 0.899479 0.410156 0.201042 0.80625 0.00298119
15 0.583464 0.10354 0.808073 0.199561 0.0029583
71 0.455208 0.721484 0.904167 0.517969 0.00282288
71 0.501432 0.533594 0.997135 0.9 0.00227928
5 0.897396 0.368164 0.205208 0.727734 0.00191212
14 0.188997 0.244531 0.248047 0.100781 0.00169373
7 0.901042 0.362109 0.197917 0.714844 0.00167465
4 0.896875 0.359961 0.20625 0.701953 0.00162315
14 0.376042 0.732813 0.0333333 0.0335938 0.00153637
64 0.473438 0.333203 0.423958 0.392969 0.00133514
15 0.559896 0.280859 0.869792 0.553906 0.0012846
71 0.307031 0.721094 0.610938 0.514063 0.00127888
16 0.571875 0.118848 0.839583 0.229492 0.00122547
61 0.448958 0.557031 0.544792 0.851562 0.909668
6 0.897396 0.367969 0.205208 0.725781 0.0548096
71 0.474479 0.333936 0.423958 0.393848 0.0120087
61 0.473438 0.333203 0.423958 0.392969 0.0109863
6 0.855208 0.441406 0.289583 0.870313 0.00538635
6 0.756771 0.430469 0.486458 0.854688 0.00434875
6 0.604037 0.475781 0.791927 0.932813 0.00324821
61 0.444661 0.744531 0.53776 0.435937 0.00302696
2 0.9 0.409375 0.2 0.804688 0.00293541
71 0.449089 0.721094 0.891406 0.517188 0.0026722
71 0.501172 0.535156 0.997656 0.895312 0.00216484
5 0.897396 0.367969 0.205208 0.725781 0.00196457
15 0.584896 0.101465 0.805208 0.195508 0.00195694
14 0.376042 0.732813 0.0333333 0.034375 0.00181007
14 0.188607 0.244531 0.247786 0.1 0.00181007
7 0.901563 0.3625 0.196875 0.714063 0.0016489
4 0.897396 0.360547 0.205208 0.700781 0.0015974
64 0.473438 0.333203 0.423958 0.392969 0.00118828
71 0.304948 0.721094 0.606771 0.514063 0.00111198
16 0.572396 0.112891 0.838542 0.217969 0.00102425
61 0.448958 0.557031 0.544792 0.851562 0.90918
6 0.897396 0.368359 0.205208 0.725781 0.0541992
71 0.474479 0.333936 0.423958 0.393848 0.0120087
61 0.473438 0.333203 0.423958 0.392969 0.0110703
6 0.852083 0.442188 0.295833 0.873438 0.00538635
6 0.755729 0.43125 0.488542 0.85625 0.00434875
6 0.603255 0.475781 0.79349 0.932813 0.00324821
61 0.444271 0.744531 0.5375 0.435937 0.00309944
2 0.9 0.409766 0.2 0.805469 0.00298119
71 0.449089 0.721094 0.891406 0.517188 0.00271416
71 0.501432 0.535156 0.997135 0.895312 0.00218201
15 0.584896 0.101465 0.805208 0.195508 0.00204277
5 0.897396 0.368359 0.205208 0.725781 0.00198746
14 0.188607 0.244531 0.247786 0.1 0.00183868
14 0.376042 0.732813 0.0333333 0.0335938 0.00179577
7 0.901563 0.3625 0.196875 0.714844 0.00167465
4 0.897396 0.360547 0.205208 0.700781 0.00160408
64 0.473438 0.333203 0.423958 0.392969 0.00117874
71 0.304948 0.721094 0.606771 0.514063 0.00109863
16 0.571875 0.113086 0.839583 0.218359 0.00104046
