9 0.533594 0.921875 0.08125 0.153125 0.0107346
11 0.533594 0.921875 0.08125 0.153125 0.00446701
74 0.348047 0.253646 0.01875 0.0484375 0.00222588
9 0.770703 0.816146 0.353906 0.344792 0.00188255
11 0.552344 0.925521 0.0453125 0.144792 0.00129986
9 0.533594 0.921875 0.08125 0.153125 0.00874329
11 0.533594 0.921875 0.08125 0.153125 0.0036068
74 0.347656 0.253646 0.0179687 0.0479167 0.00254059
9 0.771094 0.816146 0.353125 0.346875 0.00145531
11 0.551562 0.925521 0.0453125 0.144792 0.00113392
74 0.352539 0.24349 0.0289063 0.0619792 0.0011158
74 0.352734 0.254427 0.0265625 0.0463542 0.00107765
74 0.348828 0.261719 0.021875 0.0619792 0.00105286
9 0.533594 0.921875 0.08125 0.154167 0.00828552
11 0.533594 0.921875 0.08125 0.154167 0.00345612
74 0.347656 0.253581 0.0179687 0.0480469 0.00318527
74 0.352344 0.243685 0.0289063 0.0615885 0.00141621
74 0.352734 0.254688 0.0265625 0.0463542 0.00136185
74 0.348633 0.261979 0.0210938 0.0619792 0.00128937
11 0.551172 0.925521 0.046875 0.144792 0.00117397
9 0.533594 0.921875 0.08125 0.154167 0.00828552
74 0.347656 0.25306 0.0179687 0.0480469 0.00342941
11 0.533594 0.921875 0.08125 0.154167 0.00319672
74 0.352539 0.243164 0.0285156 0.0605469 0.00162315
74 0.352734 0.254102 0.0265625 0.0459635 0.00156116
74 0.348438 0.261979 0.0207031 0.0614583 0.00134563
11 0.550781 0.925521 0.0476562 0.144792 0.00124454
9 0.533594 0.921875 0.08125 0.154167 0.00638962
74 0.347266 0.252865 0.0171875 0.0479167 0.00307465
11 0.533594 0.921875 0.08125 0.154167 0.00247192
74 0.352344 0.243229 0.028125 0.059375 0.00145531
74 0.352734 0.253906 0.0257812 0.0453125 0.0014267
74 0.348047 0.261458 0.0195312 0.0604167 0.0011692
11 0.55 0.926042 0.0484375 0.14375 0.00113392
9 0.533594 0.921354 0.08125 0.153125 0.00473785
74 0.347266 0.252865 0.0171875 0.0473958 0.00304031
11 0.533594 0.921354 0.08125 0.153125 0.00190449
74 0.352344 0.243229 0.028125 0.0583333 0.00141621
74 0.352734 0.253906 0.0257812 0.0447917 0.00141621
11 0.55 0.925521 0.0484375 0.14375 0.00116539
74 0.347656 0.261719 0.01875 0.0598958 0.00113773
9 0.533594 0.921354 0.08125 0.152083 0.00367928
74 0.34707 0.252604 0.0167969 0.0473958 0.00291252
11 0.533594 0.921354 0.08125 0.152083 0.00172043
74 0.352344 0.243294 0.028125 0.0582031 0.00138855
74 0.352734 0.253385 0.0257812 0.0447917 0.00138283
11 0.55 0.925521 0.0492188 0.14375 0.00131512
74 0.347461 0.261458 0.01875 0.059375 0.00105667
9 0.533984 0.921875 0.0804688 0.152083 0.00299263
74 0.347266 0.252604 0.0171875 0.0473958 0.00216484
11 0.533984 0.921875 0.0804688 0.152083 0.00153637
11 0.549609 0.925521 0.0492188 0.14375 0.00134563
74 0.35293 0.253385 0.0257812 0.0442708 0.00110722
74 0.352344 0.242708 0.028125 0.0583333 0.00106907
9 0.533984 0.921875 0.0804688 0.152083 0.00201035
74 0.347461 0.252604 0.0175781 0.046875 0.00177479
11 0.549609 0.925 0.0492188 0.14375 0.00135612
11 0.533984 0.921875 0.0804688 0.152083 0.00118351
9 0.534375 0.921875 0.08125 0.152083 0.00157356
74 0.347656 0.252604 0.0179687 0.0473958 0.0014267
11 0.549609 0.925 0.0492188 0.14375 0.00136185
11 0.534375 0.921875 0.08125 0.152083 0.00109005
11 0.55 0.925 0.0484375 0.14375 0.00209045
74 0.347461 0.253385 0.0175781 0.0458333 0.00194168
9 0.534375 0.921354 0.08125 0.152083 0.0018177
11 0.534375 0.922917 0.0804688 0.15 0.00150681
74 0.352539 0.253906 0.0261719 0.04375 0.00107288
74 0.352344 0.243229 0.028125 0.0588542 0.00105286
11 0.550391 0.925 0.0476562 0.14375 0.00231361
74 0.347656 0.253906 0.0179687 0.0453125 0.00194931
11 0.534375 0.922917 0.0796875 0.15 0.00165462
9 0.534375 0.921354 0.08125 0.152083 0.00164223
74 0.352539 0.243164 0.0285156 0.0605469 0.00113773
74 0.352539 0.253646 0.0261719 0.0447917 0.00113392
11 0.550391 0.925 0.0476562 0.14375 0.0026722
11 0.534375 0.922917 0.0804688 0.15 0.00209045
74 0.347656 0.254167 0.0179687 0.0453125 0.00198746
9 0.533984 0.921875 0.0804688 0.152083 0.00181007
74 0.352539 0.242969 0.0289063 0.0630208 0.00129986
74 0.352344 0.253125 0.0265625 0.0463542 0.00123024
11 0.550391 0.925 0.0476562 0.14375 0.00283432
11 0.535937 0.922917 0.0765625 0.151042 0.00261116
74 0.347852 0.254232 0.0183594 0.0457031 0.00190449
9 0.534375 0.921875 0.08125 0.152083 0.00185299
74 0.352734 0.242969 0.0289063 0.0640625 0.00142097
74 0.352344 0.252344 0.0265625 0.0479167 0.00130939
11 0.535937 0.922917 0.078125 0.152083 0.00392914
11 0.550781 0.925 0.046875 0.14375 0.00331116
9 0.534375 0.921875 0.08125 0.152083 0.00209045
74 0.348242 0.254427 0.0191406 0.0463542 0.00191879
74 0.35293 0.242708 0.0296875 0.0666667 0.00183105
74 0.352344 0.251563 0.0273438 0.0510417 0.00154305
11 0.535156 0.922917 0.078125 0.152083 0.00584412
11 0.550781 0.925 0.046875 0.14375 0.00388527
74 0.353125 0.242253 0.0296875 0.0686198 0.00239754
9 0.534375 0.921875 0.0804688 0.153125 0.00226974
74 0.348438 0.254753 0.0195312 0.0467448 0.00220871
74 0.352539 0.251042 0.0277344 0.0526042 0.00191212
11 0.535937 0.923438 0.078125 0.151042 0.00796509
11 0.550781 0.925 0.046875 0.14375 0.00448608
74 0.353125 0.242188 0.0304688 0.0697917 0.00265312
9 0.534375 0.921875 0.08125 0.153125 0.00248146
74 0.348828 0.254622 0.0203125 0.0470052 0.00228691
74 0.352734 0.251042 0.028125 0.053125 0.00209999
11 0.535547 0.922917 0.0789063 0.15 0.0104523
11 0.551172 0.925 0.0460938 0.14375 0.00510025
74 0.353125 0.242188 0.0304688 0.0703125 0.00307465
9 0.534375 0.921875 0.08125 0.153125 0.00270462
74 0.349023 0.254427 0.0210938 0.0479167 0.00245285
74 0.352734 0.250781 0.028125 0.0541667 0.00235939
6 0.460938 0.454427 0.294531 0.580729 0.0012207
11 0.535156 0.922917 0.0796875 0.15 0.0128708
11 0.551562 0.925 0.0453125 0.14375 0.00544739
74 0.353125 0.242253 0.0304688 0.0717448 0.00358009
74 0.349219 0.254688 0.0214844 0.0479167 0.00270462
9 0.534375 0.921875 0.08125 0.152083 0.0026722
74 0.350977 0.249479 0.0257812 0.0567708 0.00200272
6 0.462402 0.454167 0.29082 0.583333 0.00165462
11 0.535156 0.922917 0.0796875 0.15 0.0142288
11 0.551562 0.925 0.0453125 0.14375 0.00575256
74 0.353125 0.242188 0.0304688 0.071875 0.00383949
74 0.352734 0.251302 0.028125 0.0536458 0.00293541
74 0.349219 0.254948 0.0214844 0.0473958 0.00288963
9 0.534375 0.921875 0.08125 0.152083 0.00274658
6 0.4625 0.454688 0.289062 0.584375 0.00198746
11 0.569922 0.924479 0.0585938 0.14375 0.00104809
11 0.535156 0.922917 0.0796875 0.15 0.0139008
11 0.551562 0.925 0.0453125 0.14375 0.00577545
74 0.353125 0.242188 0.0304688 0.071875 0.00374985
74 0.352734 0.251302 0.0285156 0.0541667 0.00288963
74 0.349219 0.254948 0.0214844 0.0473958 0.00282288
9 0.534375 0.921875 0.08125 0.152083 0.00277901
6 0.4625 0.454427 0.289062 0.584896 0.00195694
11 0.569531 0.924479 0.0578125 0.14375 0.00105667
