22 0.34375 0.496471 0.6875 0.888235 0.900391
22 0.206445 0.303824 0.388672 0.498235 0.00104809
22 0.34375 0.497059 0.6875 0.890588 0.90332
22 0.473047 0.395882 0.424219 0.677647 0.00255013
22 0.553516 0.537647 0.269531 0.712941 0.00134563
22 0.205469 0.305809 0.389062 0.503676 0.00126457
22 0.344922 0.502353 0.689844 0.894118 0.899902
22 0.473535 0.394412 0.426367 0.674706 0.00201988
22 0.20542 0.301765 0.390723 0.496471 0.00118828
22 0.552344 0.539118 0.273438 0.708824 0.00113392
22 0.344922 0.498529 0.689844 0.891176 0.904785
22 0.223047 0.307941 0.438281 0.514118 0.00157356
22 0.463281 0.488824 0.454688 0.852941 0.00146103
22 0.473438 0.376471 0.427344 0.637647 0.00143242
22 0.345508 0.499412 0.691016 0.892941 0.914062
22 0.224414 0.301176 0.441016 0.501176 0.00194931
22 0.344727 0.5 0.689453 0.890588 0.928223
22 0.224219 0.297941 0.439844 0.494706 0.00177479
6 0.347266 0.500294 0.694531 0.891176 0.00165462
22 0.344531 0.501176 0.6875 0.887059 0.932617
6 0.347656 0.500588 0.695312 0.887059 0.00263214
22 0.222266 0.293529 0.435156 0.484706 0.00158501
22 0.344336 0.500294 0.687891 0.884118 0.925781
6 0.347656 0.500588 0.695312 0.883529 0.00340271
22 0.222852 0.296544 0.435547 0.489265 0.00129986
23 0.347656 0.500588 0.695312 0.883529 0.00106525
22 0.346875 0.498235 0.69375 0.895294 0.906738
6 0.346484 0.495882 0.692969 0.890588 0.00503922
22 0.467871 0.452647 0.426758 0.794706 0.00141621
22 0.223047 0.307941 0.432813 0.512941 0.00117874
22 0.344922 0.496471 0.689844 0.896471 0.921875
6 0.344922 0.494118 0.689844 0.894118 0.0064888
22 0.46709 0.438529 0.431445 0.77 0.00174141
22 0.220313 0.303824 0.428125 0.505294 0.00102425
22 0.344531 0.496471 0.689063 0.898823 0.918457
6 0.344531 0.491176 0.689063 0.897647 0.0064888
22 0.464844 0.435882 0.435937 0.767059 0.00153637
22 0.344922 0.496176 0.689844 0.901765 0.903809
6 0.344922 0.489706 0.689844 0.900588 0.00568771
22 0.461328 0.434706 0.442969 0.765882 0.00141048
22 0.343945 0.497059 0.685547 0.885882 0.891113
6 0.345898 0.489412 0.691797 0.901176 0.0042305
22 0.455469 0.438529 0.453125 0.774706 0.00106525
22 0.344531 0.495882 0.686719 0.885882 0.895508
6 0.34668 0.488824 0.693359 0.9 0.00323486
22 0.345117 0.494706 0.687891 0.884706 0.897461
6 0.347266 0.489412 0.694531 0.9 0.00247192
22 0.44834 0.434118 0.467383 0.765882 0.0011158
22 0.34668 0.498529 0.686328 0.892353 0.905762
6 0.347266 0.488824 0.694531 0.9 0.00193405
22 0.451562 0.431471 0.461719 0.760588 0.00141621
22 0.347266 0.498235 0.686719 0.890588 0.918457
22 0.467187 0.364706 0.441406 0.615294 0.00215721
6 0.347656 0.489118 0.695312 0.899412 0.00163555
22 0.194141 0.302868 0.384375 0.496618 0.00115108
22 0.554297 0.536765 0.273438 0.681765 0.00107765
22 0.347266 0.497647 0.686719 0.889412 0.926758
22 0.467285 0.365294 0.441992 0.616471 0.00275803
6 0.347656 0.489412 0.695312 0.897647 0.00146103
22 0.193408 0.301176 0.383496 0.494118 0.00133514
22 0.554688 0.536765 0.271875 0.682941 0.00130939
22 0.347266 0.497647 0.686719 0.888235 0.934082
22 0.467578 0.365588 0.441406 0.617059 0.00349617
22 0.192773 0.301544 0.382422 0.494559 0.00147247
22 0.554688 0.534706 0.270313 0.674118 0.00145531
6 0.347656 0.489412 0.695312 0.896471 0.00134563
22 0.406641 0.317647 0.535156 0.530588 0.00110722
22 0.347266 0.497647 0.686719 0.888235 0.934082
22 0.467578 0.365588 0.441406 0.617059 0.00348282
22 0.192773 0.300882 0.382422 0.493529 0.00146103
22 0.554688 0.534412 0.270313 0.673529 0.0014267
6 0.347656 0.489118 0.695312 0.897059 0.00133514
22 0.40625 0.317353 0.535937 0.53 0.00109005
