29 0.648047 0.542655 0.564844 0.480974 0.999023
16 0.615625 0.846972 0.365625 0.219313 0.654785
16 0.475781 0.487725 0.951563 0.932897 0.401611
16 0.779492 0.454583 0.406641 0.851882 0.310791
29 0.476172 0.479133 0.952344 0.930442 0.147095
16 0.782813 0.211538 0.396875 0.36743 0.0792236
17 0.353125 0.451719 0.703125 0.841244 0.055603
16 0.653516 0.475041 0.652344 0.896072 0.0380249
16 0.353125 0.451719 0.703125 0.841244 0.0343628
32 0.648828 0.541019 0.566406 0.48261 0.0273743
16 0.705859 0.829787 0.183594 0.189853 0.0238647
19 0.353125 0.451719 0.703125 0.841244 0.0204926
18 0.353125 0.451719 0.703125 0.841244 0.0176392
16 0.658594 0.828355 0.278125 0.189444 0.0175781
29 0.654688 0.462357 0.589063 0.842881 0.00997162
21 0.353125 0.451719 0.703125 0.841244 0.00584412
14 0.353125 0.451719 0.703125 0.841244 0.00498199
15 0.614844 0.845336 0.367188 0.219313 0.0046463
15 0.353125 0.451719 0.703125 0.841244 0.00432968
16 0.215234 0.400982 0.425781 0.708674 0.00428009
54 0.649121 0.544599 0.56582 0.477087 0.00411606
18 0.0582031 0.141571 0.114453 0.204992 0.00362206
17 0.215234 0.400982 0.425781 0.708674 0.0036068
17 0.479688 0.468494 0.95625 0.886252 0.00353813
18 0.466406 0.487725 0.932813 0.895254 0.00342941
23 0.353125 0.451719 0.703125 0.841244 0.00319672
31 0.466406 0.487725 0.932813 0.895254 0.00298119
0 0.353125 0.451719 0.703125 0.841244 0.00294685
29 0.767969 0.44599 0.434375 0.837971 0.00263214
3 0.476172 0.479133 0.952344 0.930442 0.00234222
18 0.260938 0.39689 0.517188 0.716858 0.00219154
19 0.465234 0.391571 0.930469 0.716858 0.00211525
20 0.353125 0.451719 0.703125 0.841244 0.00192642
19 0.215234 0.400982 0.425781 0.708674 0.00190449
45 0.648828 0.541019 0.566406 0.48261 0.00185299
21 0.215234 0.400982 0.425781 0.708674 0.00181007
16 0.544141 0.852496 0.222656 0.200082 0.00175476
16 0.623047 0.567103 0.453906 0.777414 0.00172043
15 0.260938 0.39689 0.517188 0.716858 0.00162888
0 0.466406 0.487725 0.932813 0.895254 0.00158501
38 0.648047 0.542655 0.564844 0.480974 0.00151253
16 0.503906 0.855974 0.146875 0.198036 0.00150108
18 0.614844 0.845336 0.367188 0.219313 0.0014267
35 0.645312 0.541326 0.559375 0.481178 0.00138283
18 0.658594 0.828355 0.278125 0.189444 0.00136662
18 0.705859 0.829787 0.183594 0.189853 0.00136662
36 0.466406 0.487725 0.932813 0.895254 0.00121593
54 0.466406 0.487725 0.932813 0.895254 0.0011692
15 0.705859 0.829787 0.183594 0.189853 0.00113392
16 0.525 0.222381 0.8875 0.383388 0.00111198
14 0.465234 0.391571 0.930469 0.716858 0.00109005
16 0.497656 0.69108 0.978125 0.52946 0.00107288
15 0.782813 0.210362 0.4 0.368146 0.00106525
29 0.632031 0.596563 0.5875 0.653028 0.00106049
16 0.671484 0.217267 0.617969 0.375614 0.00105667
0 0.782813 0.210362 0.4 0.368146 0.00102425
37 0.645703 0.542553 0.560156 0.481178 0.00100422
29 0.647266 0.542553 0.563281 0.481178 0.999512
16 0.616016 0.846972 0.366406 0.220949 0.629883
16 0.472656 0.481178 0.945312 0.92635 0.350342
16 0.780469 0.451309 0.40625 0.846972 0.350342
16 0.783594 0.21118 0.396875 0.368146 0.164551
29 0.485938 0.47545 0.923438 0.913257 0.105225
16 0.678516 0.472177 0.602344 0.89198 0.0359497
16 0.334766 0.473813 0.665625 0.905074 0.0335999
17 0.334766 0.473813 0.665625 0.905074 0.0328369
16 0.707812 0.829787 0.179688 0.189853 0.0275879
32 0.64834 0.540917 0.564258 0.482815 0.0231476
16 0.664062 0.828151 0.267188 0.189853 0.0187683
18 0.334766 0.473813 0.665625 0.905074 0.0171051
29 0.655078 0.462357 0.583594 0.837971 0.0154266
19 0.334766 0.473813 0.665625 0.905074 0.0133743
21 0.322266 0.443535 0.641406 0.826514 0.00898743
18 0.0580566 0.143029 0.114355 0.208623 0.00775528
15 0.357422 0.418576 0.708594 0.783142 0.00582123
16 0.215234 0.398936 0.425781 0.706219 0.00518036
14 0.322266 0.443535 0.641406 0.826514 0.00477219
16 0.428516 0.371522 0.855469 0.688216 0.00471878
15 0.614844 0.845336 0.367188 0.220949 0.00366402
18 0.465625 0.483224 0.93125 0.889525 0.00333786
29 0.768359 0.443126 0.433594 0.833879 0.00309944
17 0.215234 0.398936 0.425781 0.706219 0.00302696
21 0.215234 0.398936 0.425781 0.706219 0.00302696
54 0.648047 0.544088 0.563281 0.47811 0.00291252
23 0.322266 0.443535 0.641406 0.826514 0.00271416
0 0.322266 0.443535 0.641406 0.826514 0.00255013
16 0.544141 0.852496 0.222656 0.200082 0.00247192
17 0.46875 0.464812 0.934375 0.880524 0.002388
31 0.465625 0.483224 0.93125 0.889525 0.00214005
15 0.215234 0.398936 0.425781 0.706219 0.00213242
16 0.0580566 0.143029 0.114355 0.208623 0.00206757
18 0.238086 0.393208 0.470703 0.712766 0.00203514
45 0.64834 0.540917 0.564258 0.482815 0.00201988
16 0.54375 0.224018 0.873438 0.388298 0.00188255
3 0.475781 0.477905 0.951563 0.929624 0.00188255
16 0.650879 0.585925 0.55293 0.736498 0.00186729
16 0.503906 0.856178 0.146875 0.199264 0.00185299
38 0.647266 0.542553 0.563281 0.481178 0.00183868
20 0.322266 0.443535 0.641406 0.826514 0.00182438
18 0.0589844 0.259411 0.115625 0.433715 0.0017004
19 0.215234 0.398936 0.425781 0.706219 0.0016489
21 0.0645996 0.401698 0.128223 0.721972 0.00156116
18 0.707812 0.829787 0.179688 0.189853 0.00153065
19 0.464063 0.383797 0.928125 0.707038 0.0014782
18 0.664062 0.828151 0.267188 0.189853 0.00145531
0 0.465625 0.483224 0.93125 0.889525 0.00138855
16 0.689453 0.216858 0.580469 0.374795 0.00136662
35 0.646094 0.542451 0.560938 0.481383 0.00126457
15 0.707812 0.829787 0.179688 0.189853 0.00125504
29 0.625391 0.598609 0.600781 0.653846 0.00120163
14 0.0580566 0.143029 0.114355 0.208623 0.00119209
0 0.783008 0.209851 0.399609 0.367533 0.0011425
18 0.544141 0.852496 0.222656 0.200082 0.00113392
0 0.0580566 0.143029 0.114355 0.208623 0.0011158
18 0.428516 0.371522 0.855469 0.688216 0.0011158
15 0.783008 0.209851 0.399609 0.367533 0.00110722
18 0.614844 0.845336 0.367188 0.222586 0.00106049
77 0.783008 0.209851 0.399609 0.367533 0.00102043
29 0.646484 0.542553 0.561719 0.481178 0.999512
16 0.616016 0.846972 0.366406 0.222586 0.57373
16 0.780469 0.450491 0.407813 0.845336 0.338135
16 0.472656 0.482815 0.945312 0.932897 0.269043
16 0.782813 0.210925 0.398438 0.36784 0.209473
29 0.4875 0.475859 0.91875 0.914075 0.11676
16 0.657129 0.472177 0.64668 0.89198 0.0316162
29 0.655469 0.462766 0.58125 0.835516 0.0284424
16 0.708203 0.829583 0.178906 0.190262 0.0246124
16 0.312109 0.439034 0.620313 0.817512 0.0229797
32 0.647656 0.540917 0.564063 0.483633 0.0196381
16 0.621094 0.793781 0.392188 0.327332 0.0193481
17 0.312109 0.439034 0.620313 0.817512 0.0175171
16 0.660156 0.828151 0.276563 0.189853 0.0173798
18 0.323633 0.472995 0.643359 0.903437 0.011467
18 0.0582031 0.144845 0.114844 0.211948 0.00985718
21 0.312109 0.439034 0.620313 0.817512 0.00803375
19 0.312109 0.439034 0.620313 0.817512 0.00677109
15 0.336328 0.405074 0.664844 0.759411 0.0049057
16 0.217188 0.398629 0.429688 0.70356 0.00426483
14 0.312109 0.439034 0.620313 0.817512 0.00388527
16 0.410938 0.365998 0.820312 0.682079 0.00362206
16 0.563281 0.222995 0.832812 0.386252 0.00328636
16 0.0584473 0.151596 0.115137 0.223813 0.00327301
15 0.614844 0.845336 0.367188 0.222586 0.00313568
29 0.765625 0.440978 0.440625 0.828355 0.00296974
21 0.217188 0.398629 0.429688 0.70356 0.00282288
16 0.54375 0.856178 0.223438 0.199264 0.00275803
17 0.46875 0.466448 0.934375 0.878887 0.00251198
0 0.312109 0.439034 0.620313 0.817512 0.00247192
38 0.646484 0.542553 0.561719 0.481178 0.00243378
16 0.626953 0.569456 0.485156 0.774345 0.00239754
18 0.465625 0.484043 0.93125 0.894435 0.00237846
45 0.647656 0.540917 0.564063 0.483633 0.00235939
16 0.692187 0.216397 0.573438 0.374079 0.00234222
21 0.0645508 0.401391 0.12793 0.721768 0.00223351
17 0.217188 0.398629 0.429688 0.70356 0.00218201
15 0.217188 0.398629 0.429688 0.70356 0.00200272
54 0.647656 0.544599 0.5625 0.478723 0.00200272
3 0.473047 0.482406 0.946094 0.928805 0.0019722
18 0.0589844 0.249795 0.115625 0.413666 0.00195694
23 0.312109 0.439034 0.620313 0.817512 0.00185299
14 0.0582031 0.144845 0.114844 0.211948 0.00179577
16 0.504297 0.855974 0.147656 0.198036 0.0017271
31 0.465625 0.484043 0.93125 0.894435 0.00168705
0 0.0584473 0.151596 0.115137 0.223813 0.0016613
0 0.465625 0.484043 0.93125 0.894435 0.0015974
18 0.233398 0.39239 0.461328 0.709493 0.00147247
20 0.312109 0.439034 0.620313 0.817512 0.00143242
18 0.708203 0.829583 0.178906 0.190262 0.00138855
18 0.660156 0.828151 0.276563 0.189853 0.00137806
77 0.782813 0.209083 0.4 0.366612 0.00135612
29 0.620215 0.599427 0.612695 0.65712 0.00134563
16 0.647656 0.544599 0.5625 0.478723 0.00130463
35 0.646094 0.542451 0.560938 0.481383 0.00126457
15 0.708203 0.829583 0.178906 0.190262 0.00124454
18 0.544141 0.851882 0.223438 0.201309 0.00121593
15 0.782813 0.209083 0.4 0.366612 0.00113773
0 0.782813 0.209083 0.4 0.366612 0.00108147
19 0.217188 0.398629 0.429688 0.70356 0.00106907
15 0.0645508 0.401391 0.12793 0.721768 0.00106525
18 0.0645508 0.401391 0.12793 0.721768 0.00103188
29 0.646875 0.542655 0.5625 0.48261 0.999512
16 0.616406 0.847586 0.367188 0.222995 0.521484
16 0.780469 0.454992 0.409375 0.854337 0.319092
16 0.472656 0.484861 0.945312 0.938625 0.272705
16 0.783008 0.210516 0.399609 0.36784 0.248657
29 0.489844 0.476678 0.914062 0.912439 0.11438
29 0.655859 0.483224 0.578906 0.788052 0.0269623
16 0.708594 0.828969 0.179688 0.191489 0.0238647
16 0.655078 0.473813 0.649219 0.893617 0.0231476
16 0.31543 0.438625 0.626953 0.816694 0.0217743
16 0.657031 0.827332 0.282813 0.191489 0.0173798
32 0.647754 0.540917 0.563867 0.484452 0.0172424
16 0.622656 0.795213 0.398438 0.324468 0.0172424
17 0.31543 0.438625 0.626953 0.816694 0.0132217
18 0.0584961 0.145356 0.11543 0.21338 0.0104065
18 0.326953 0.472177 0.649219 0.9018 0.00974274
21 0.31543 0.438625 0.626953 0.816694 0.00714874
15 0.31543 0.438625 0.626953 0.816694 0.00542831
16 0.0585938 0.1518 0.115625 0.224223 0.00500107
19 0.31543 0.438625 0.626953 0.816694 0.00469971
16 0.565625 0.222791 0.828125 0.386661 0.00457382
16 0.417969 0.364566 0.832812 0.683306 0.00370789
14 0.31543 0.438625 0.626953 0.816694 0.00370789
16 0.218555 0.399345 0.432422 0.702946 0.00370789
16 0.689844 0.215681 0.578125 0.373875 0.00322342
16 0.54375 0.855974 0.223438 0.199673 0.00305176
15 0.615625 0.845336 0.367188 0.222586 0.0029583
0 0.31543 0.438625 0.626953 0.816694 0.00291252
38 0.646875 0.542655 0.5625 0.48261 0.00290108
45 0.647754 0.540917 0.563867 0.484452 0.00257111
14 0.0585938 0.1518 0.115625 0.224223 0.0024929
29 0.762891 0.442001 0.447656 0.831219 0.00246239
21 0.239844 0.393617 0.474219 0.710311 0.00243378
16 0.628516 0.57457 0.496094 0.765753 0.00243378
17 0.474219 0.467676 0.94375 0.876432 0.0024147
0 0.0585938 0.1518 0.115625 0.224223 0.00229645
3 0.473438 0.483633 0.946875 0.929624 0.00226021
21 0.0644043 0.402619 0.127637 0.724223 0.00222588
16 0.648047 0.544599 0.563281 0.479542 0.00221634
0 0.466406 0.486498 0.932813 0.900982 0.00206757
15 0.239844 0.393617 0.474219 0.710311 0.00198746
18 0.466406 0.486498 0.932813 0.900982 0.00198746
18 0.0589844 0.24243 0.11582 0.398118 0.00194168
23 0.31543 0.438625 0.626953 0.816694 0.00181007
17 0.218555 0.399345 0.432422 0.702946 0.00174141
54 0.648047 0.544599 0.563281 0.479542 0.00155449
35 0.646484 0.542553 0.561719 0.482815 0.00144386
29 0.649902 0.601473 0.554883 0.708674 0.00143242
18 0.657031 0.827332 0.282813 0.191489 0.00142097
16 0.504687 0.855974 0.148438 0.198036 0.00141048
18 0.708594 0.828969 0.179688 0.191489 0.00138855
77 0.782813 0.208879 0.4 0.366203 0.00137806
31 0.466406 0.486498 0.932813 0.900982 0.00137806
18 0.239844 0.393617 0.474219 0.710311 0.00125504
15 0.0585938 0.1518 0.115625 0.224223 0.00122547
20 0.31543 0.438625 0.626953 0.816694 0.00121593
18 0.54375 0.855974 0.223438 0.199673 0.0012064
15 0.708594 0.828969 0.179688 0.191489 0.00117874
15 0.782813 0.208879 0.4 0.366203 0.00115108
0 0.782813 0.208879 0.4 0.366203 0.00107288
18 0.0644043 0.402619 0.127637 0.724223 0.00107288
15 0.0644043 0.402619 0.127637 0.724223 0.00102425
29 0.647266 0.542655 0.563281 0.48261 1
16 0.616406 0.847586 0.36875 0.222995 0.44751
16 0.78125 0.462766 0.409375 0.869885 0.373779
16 0.78457 0.205759 0.396484 0.355258 0.364746
16 0.474219 0.49018 0.948438 0.94108 0.162354
29 0.493359 0.477496 0.907031 0.914075 0.115967
29 0.656641 0.515651 0.580469 0.734656 0.0324707
16 0.637891 0.494272 0.692969 0.939444 0.0257568
16 0.710938 0.828151 0.175 0.191489 0.0207214
32 0.648438 0.541019 0.565625 0.484247 0.016983
16 0.316016 0.440262 0.628125 0.818331 0.0156708
16 0.649219 0.826514 0.298438 0.191489 0.0152512
16 0.625781 0.749591 0.410938 0.417349 0.0142822
18 0.0586914 0.145254 0.11582 0.213584 0.0102921
16 0.495703 0.313421 0.946094 0.567921 0.00837708
16 0.0587891 0.152209 0.116016 0.22545 0.00709534
17 0.316016 0.440262 0.628125 0.818331 0.00682449
16 0.615723 0.221972 0.72793 0.384206 0.00636292
18 0.316016 0.440262 0.628125 0.818331 0.00510025
15 0.316016 0.440262 0.628125 0.818331 0.00445175
21 0.316016 0.440262 0.628125 0.818331 0.00416565
14 0.0587891 0.152209 0.116016 0.22545 0.00378036
16 0.65 0.606792 0.55625 0.699673 0.00367928
16 0.649219 0.544599 0.565625 0.48036 0.00363541
21 0.0647461 0.41653 0.128125 0.752864 0.00362206
16 0.544531 0.855974 0.225 0.199673 0.00336266
0 0.316016 0.440262 0.628125 0.818331 0.00331116
14 0.316016 0.440262 0.628125 0.818331 0.00328636
38 0.647266 0.542655 0.563281 0.48261 0.00305176
0 0.0587891 0.152209 0.116016 0.22545 0.00294685
45 0.648438 0.541019 0.565625 0.484247 0.00293541
17 0.476953 0.468903 0.949219 0.873977 0.00277901
16 0.221484 0.401698 0.438281 0.705606 0.00265312
15 0.616406 0.847586 0.36875 0.222995 0.00263214
29 0.764844 0.448445 0.44375 0.842881 0.00253105
0 0.466016 0.48527 0.932031 0.900164 0.00246239
19 0.316016 0.440262 0.628125 0.818331 0.00245285
3 0.473438 0.484043 0.946875 0.930442 0.00229645
18 0.0589355 0.234043 0.115723 0.381342 0.0020752
77 0.782617 0.20847 0.400391 0.365385 0.0020504
15 0.0647461 0.41653 0.128125 0.752864 0.0017271
15 0.0587891 0.152209 0.116016 0.22545 0.00167465
21 0.250391 0.397811 0.494531 0.715016 0.00163555
15 0.250391 0.397811 0.494531 0.715016 0.00161076
18 0.0647461 0.41653 0.128125 0.752864 0.00151253
35 0.645996 0.542451 0.561133 0.48302 0.00150108
54 0.649219 0.544599 0.565625 0.48036 0.00149536
18 0.476953 0.468903 0.949219 0.873977 0.00140476
15 0.783008 0.210516 0.399609 0.36784 0.00139904
16 0.0647461 0.41653 0.128125 0.752864 0.00139904
23 0.316016 0.440262 0.628125 0.818331 0.00135136
0 0.782617 0.20847 0.400391 0.365385 0.00129414
29 0.619629 0.608122 0.612305 0.646277 0.00129414
18 0.649219 0.826514 0.298438 0.191489 0.0012846
18 0.544531 0.855974 0.225 0.199673 0.00127411
0 0.0698242 0.391162 0.139063 0.682488 0.0012598
18 0.710938 0.828151 0.175 0.191489 0.00122547
31 0.466016 0.48527 0.932031 0.900164 0.00115108
21 0.100952 0.38748 0.196533 0.684943 0.00113392
15 0.710938 0.828151 0.175 0.191489 0.00112915
17 0.221484 0.401698 0.438281 0.705606 0.0011158
29 0.646875 0.542553 0.5625 0.481178 1
16 0.781445 0.468494 0.408984 0.879705 0.443604
16 0.784375 0.204941 0.396875 0.352803 0.411133
16 0.616016 0.847791 0.369531 0.222586 0.357666
16 0.473438 0.486088 0.946875 0.927987 0.163452
29 0.492969 0.479542 0.910937 0.91653 0.123352
29 0.65625 0.493044 0.582812 0.799509 0.0577087
16 0.697656 0.479133 0.565625 0.904255 0.0279083
16 0.7125 0.828151 0.171875 0.189853 0.0194244
32 0.647656 0.541326 0.564063 0.482815 0.0166626
16 0.319922 0.44108 0.635938 0.816694 0.0160217
16 0.650781 0.826514 0.295312 0.189853 0.0137405
16 0.625781 0.694763 0.423438 0.527005 0.0121918
16 0.627734 0.579276 0.591406 0.753069 0.0119629
16 0.497656 0.298282 0.942187 0.536007 0.00989532
18 0.0589355 0.145663 0.116113 0.214403 0.00674438
16 0.0588867 0.153028 0.116016 0.227087 0.00674438
16 0.634473 0.222126 0.688867 0.383081 0.00674438
45 0.647656 0.541326 0.564063 0.482815 0.00591278
15 0.319922 0.44108 0.635938 0.816694 0.00477219
17 0.319922 0.44108 0.635938 0.816694 0.00436401
16 0.646484 0.544292 0.558594 0.479337 0.00391388
18 0.319922 0.44108 0.635938 0.816694 0.00353813
3 0.473438 0.486088 0.946875 0.927987 0.00329781
14 0.0588867 0.153028 0.116016 0.227087 0.00324821
21 0.0647461 0.422668 0.128125 0.765139 0.00324821
16 0.544531 0.855974 0.225 0.199673 0.00318527
0 0.319922 0.44108 0.635938 0.816694 0.00318527
14 0.319922 0.44108 0.635938 0.816694 0.00305176
29 0.768359 0.454174 0.436719 0.852701 0.00287819
16 0.224609 0.404664 0.444531 0.709493 0.00286674
38 0.646875 0.542553 0.5625 0.481178 0.00282288
0 0.0588867 0.153028 0.116016 0.227087 0.00279045
21 0.319922 0.44108 0.635938 0.816694 0.00257111
0 0.466406 0.49018 0.932813 0.903437 0.00244331
17 0.478906 0.473813 0.954688 0.865794 0.00228691
15 0.0647461 0.422668 0.128125 0.765139 0.00220871
77 0.782813 0.208061 0.4 0.364566 0.00213242
15 0.616016 0.847791 0.369531 0.222586 0.00211525
19 0.319922 0.44108 0.635938 0.816694 0.00192642
15 0.224609 0.404664 0.444531 0.709493 0.00186729
16 0.410156 0.356383 0.817187 0.670213 0.00183868
16 0.0647461 0.422668 0.128125 0.765139 0.00179577
54 0.648535 0.544599 0.56543 0.479542 0.00173378
15 0.0588867 0.153028 0.116016 0.227087 0.00171375
15 0.783008 0.210106 0.399609 0.366203 0.00162315
18 0.0588379 0.235475 0.115332 0.385025 0.00159168
0 0.0647461 0.389628 0.12832 0.69865 0.00150108
35 0.644922 0.542553 0.560156 0.481997 0.00145531
0 0.782813 0.208061 0.4 0.364566 0.00139904
18 0.0647461 0.422668 0.128125 0.765139 0.00129986
23 0.319922 0.44108 0.635938 0.816694 0.00124454
18 0.544531 0.855974 0.225 0.199673 0.0012064
15 0.7125 0.828151 0.171875 0.189853 0.00119686
18 0.478906 0.473813 0.954688 0.865794 0.00116062
21 0.224609 0.404664 0.444531 0.709493 0.0011425
18 0.650781 0.826514 0.295312 0.189853 0.00110722
18 0.7125 0.828151 0.171875 0.189853 0.00109863
21 0.0898682 0.388707 0.174561 0.687398 0.00109863
31 0.466406 0.49018 0.932813 0.903437 0.00104046
29 0.645703 0.542451 0.560156 0.479746 1
16 0.781445 0.472995 0.408984 0.88707 0.616699
16 0.783008 0.210106 0.399609 0.364566 0.439697
16 0.614062 0.849632 0.375 0.218903 0.354004
16 0.472656 0.488134 0.945312 0.927169 0.246582
29 0.491016 0.481997 0.911719 0.918167 0.162354
29 0.655859 0.503682 0.582031 0.778232 0.0753174
16 0.323047 0.436989 0.642969 0.805237 0.0262604
16 0.658496 0.495908 0.648633 0.939444 0.0239563
16 0.711719 0.828151 0.171875 0.189853 0.016922
32 0.646875 0.541633 0.5625 0.481383 0.0145569
16 0.637891 0.826514 0.321094 0.189853 0.0134277
16 0.622656 0.669394 0.428125 0.576105 0.0109863
16 0.632129 0.596563 0.582617 0.718494 0.0106125
16 0.497266 0.317103 0.939844 0.572013 0.00989532
15 0.323047 0.436989 0.642969 0.805237 0.00775528
16 0.0591797 0.153028 0.116406 0.227496 0.0064888
45 0.646875 0.541633 0.5625 0.481383 0.00614548
16 0.635156 0.222944 0.685938 0.383081 0.00572968
29 0.771875 0.456219 0.429688 0.853519 0.00534439
16 0.225195 0.405176 0.446484 0.710106 0.00457382
18 0.0591797 0.145561 0.116406 0.214198 0.00453949
17 0.323047 0.436989 0.642969 0.805237 0.00431442
18 0.328125 0.472177 0.651563 0.88707 0.00380898
3 0.472656 0.488134 0.945312 0.927169 0.00376511
16 0.645703 0.54419 0.558594 0.476268 0.00370789
14 0.323047 0.436989 0.642969 0.805237 0.00369263
0 0.323047 0.436989 0.642969 0.805237 0.00342941
15 0.225195 0.405176 0.446484 0.710106 0.00331116
21 0.323047 0.436989 0.642969 0.805237 0.00318527
21 0.0649414 0.42144 0.12832 0.761047 0.00307465
0 0.465625 0.492635 0.93125 0.903437 0.00299263
16 0.544531 0.855974 0.224219 0.199673 0.00286674
38 0.645703 0.542451 0.560156 0.479746 0.00281143
0 0.0591797 0.153028 0.116406 0.227496 0.00274658
15 0.0649414 0.42144 0.12832 0.761047 0.00263214
14 0.0591797 0.153028 0.116406 0.227496 0.00232315
16 0.0649414 0.42144 0.12832 0.761047 0.00228691
17 0.477344 0.476678 0.951563 0.855156 0.00228691
19 0.323047 0.436989 0.642969 0.805237 0.00218201
77 0.782031 0.21026 0.398438 0.360986 0.0020752
54 0.647266 0.54419 0.563281 0.477087 0.00192642
16 0.495703 0.614975 0.977344 0.662029 0.00186729
15 0.615625 0.847791 0.370313 0.222586 0.00181007
15 0.782031 0.21026 0.398438 0.360986 0.0017271
15 0.0591797 0.153028 0.116406 0.227496 0.0016613
23 0.323047 0.436989 0.642969 0.805237 0.00162888
21 0.225195 0.405176 0.446484 0.710106 0.00154305
35 0.644531 0.542144 0.559375 0.48036 0.00148964
0 0.0648926 0.390241 0.128418 0.700696 0.00145531
0 0.782031 0.207856 0.401563 0.363339 0.00139904
18 0.0649414 0.42144 0.12832 0.761047 0.00139904
15 0.0882813 0.389525 0.171484 0.689034 0.00138855
18 0.0590332 0.239362 0.115918 0.393617 0.0012846
46 0.644531 0.541019 0.559375 0.480974 0.00126457
18 0.477344 0.476678 0.951563 0.855156 0.00122547
21 0.0882813 0.389525 0.171484 0.689034 0.00121593
16 0.0882813 0.389525 0.171484 0.689034 0.00116062
15 0.711719 0.828151 0.171875 0.189853 0.0011158
31 0.465625 0.492635 0.93125 0.903437 0.0011034
20 0.0648926 0.390241 0.128418 0.700696 0.00107288
18 0.544531 0.855974 0.224219 0.199673 0.00105286
29 0.645703 0.541735 0.558594 0.478723 1
16 0.78125 0.475859 0.407813 0.891162 0.716797
16 0.472656 0.489362 0.945312 0.92635 0.381104
16 0.782031 0.210106 0.4 0.362111 0.379395
16 0.613672 0.849223 0.375781 0.216448 0.329346
29 0.489844 0.483633 0.91875 0.919804 0.221313
29 0.65459 0.473813 0.586133 0.852701 0.125122
16 0.327539 0.442308 0.651953 0.814239 0.0323486
16 0.652344 0.497136 0.660937 0.940262 0.03125
16 0.713281 0.828151 0.170313 0.188216 0.0138474
32 0.647266 0.541326 0.561719 0.48036 0.0135345
16 0.625781 0.589914 0.595313 0.730155 0.0133743
15 0.327539 0.442308 0.651953 0.814239 0.0127258
16 0.496875 0.318331 0.942187 0.572013 0.0126724
16 0.635547 0.826719 0.325781 0.189444 0.0115509
16 0.622266 0.619579 0.442969 0.6741 0.0106125
29 0.775 0.459902 0.425 0.859247 0.00666809
45 0.647266 0.541326 0.561719 0.48036 0.00600433
16 0.613672 0.224018 0.728906 0.383388 0.00582123
16 0.0592773 0.153335 0.116211 0.227701 0.00547028
15 0.229492 0.408449 0.455078 0.71829 0.0051384
16 0.229492 0.408449 0.455078 0.71829 0.00510025
16 0.646484 0.544088 0.558594 0.474836 0.00439835
29 0.625781 0.589914 0.595313 0.730155 0.00434875
14 0.327539 0.442308 0.651953 0.814239 0.00413513
21 0.327539 0.442308 0.651953 0.814239 0.00413513
3 0.472656 0.489362 0.945312 0.92635 0.00411606
17 0.327539 0.442308 0.651953 0.814239 0.00402451
18 0.330859 0.477087 0.658594 0.893617 0.00383949
18 0.0594727 0.144845 0.116406 0.212357 0.00363541
0 0.465234 0.493863 0.930469 0.904255 0.00318527
16 0.492969 0.615794 0.976562 0.665303 0.00312424
21 0.0651855 0.421849 0.128613 0.760229 0.00284576
0 0.327539 0.442308 0.651953 0.814239 0.00276756
38 0.644922 0.541837 0.560156 0.479337 0.00261116
15 0.0651855 0.421849 0.128613 0.760229 0.00251198
0 0.0592773 0.153335 0.116211 0.227701 0.00227928
19 0.327539 0.442308 0.651953 0.814239 0.00225258
16 0.544531 0.855974 0.223438 0.198036 0.00223351
16 0.0651855 0.421849 0.128613 0.760229 0.00221634
77 0.781445 0.209953 0.399609 0.358327 0.00219917
23 0.327539 0.442308 0.651953 0.814239 0.00208282
54 0.647656 0.544292 0.5625 0.476064 0.0020752
17 0.472656 0.479542 0.942187 0.852701 0.00189686
21 0.229492 0.408449 0.455078 0.71829 0.00186729
15 0.781445 0.209953 0.399609 0.358327 0.00175476
14 0.0592773 0.153335 0.116211 0.227701 0.0016613
15 0.0892822 0.390344 0.173779 0.690671 0.00161076
15 0.615625 0.848609 0.370313 0.220949 0.00152493
18 0.059082 0.25 0.11582 0.414894 0.00137806
18 0.0651855 0.421849 0.128613 0.760229 0.00137806
15 0.0592773 0.153335 0.116211 0.227701 0.00135612
0 0.782813 0.208214 0.4 0.357713 0.00133038
16 0.0892822 0.390344 0.173779 0.690671 0.00129986
21 0.0892822 0.390344 0.173779 0.690671 0.00123978
18 0.472656 0.479542 0.942187 0.852701 0.00123501
20 0.0652344 0.392083 0.128906 0.70356 0.00122547
35 0.644922 0.541837 0.560156 0.479337 0.00121117
0 0.0652344 0.392083 0.128906 0.70356 0.00118828
46 0.645312 0.540917 0.559375 0.479542 0.0011692
31 0.465234 0.493863 0.930469 0.904255 0.0011425
15 0.713281 0.828151 0.170313 0.188216 0.00105667
29 0.646094 0.541326 0.557813 0.477905 1
16 0.78125 0.477905 0.407813 0.89689 0.746094
16 0.472656 0.488543 0.945312 0.929624 0.635254
16 0.782031 0.209902 0.4 0.360065 0.300781
29 0.472656 0.481997 0.945312 0.918167 0.282959
16 0.6125 0.849427 0.378125 0.216039 0.281494
29 0.653027 0.467267 0.589258 0.87234 0.151001
16 0.783594 0.307283 0.398438 0.5491 0.0797729
16 0.612598 0.499591 0.74043 0.945172 0.0524292
16 0.330469 0.449161 0.657031 0.829992 0.0354004
15 0.330469 0.449161 0.657031 0.829992 0.024704
16 0.496875 0.322627 0.942187 0.580606 0.0165253
16 0.60459 0.570479 0.637695 0.76739 0.0141144
32 0.646875 0.540507 0.559375 0.48036 0.0124283
16 0.61875 0.598609 0.457813 0.716039 0.0117798
16 0.712891 0.827946 0.169531 0.186989 0.0106125
16 0.635938 0.827332 0.325 0.188216 0.00981903
15 0.234961 0.410393 0.466016 0.727496 0.0091629
16 0.571875 0.225246 0.814063 0.385025 0.00674438
21 0.330469 0.449161 0.657031 0.829992 0.0064621
29 0.775195 0.459493 0.424609 0.861702 0.00636292
45 0.646875 0.540507 0.559375 0.48036 0.00634003
16 0.234961 0.410393 0.466016 0.727496 0.00521851
16 0.0592773 0.153437 0.116016 0.227905 0.00519943
16 0.647266 0.544088 0.558594 0.474836 0.0050621
14 0.330469 0.449161 0.657031 0.829992 0.00500107
18 0.338281 0.48036 0.673438 0.9018 0.00460815
3 0.472656 0.488543 0.945312 0.929624 0.00438309
16 0.702734 0.4509 0.541406 0.852701 0.00424957
16 0.682813 0.215426 0.5875 0.369476 0.00367928
0 0.464063 0.493044 0.928125 0.907529 0.00345612
29 0.60459 0.570479 0.637695 0.76739 0.00345612
17 0.330469 0.449161 0.657031 0.829992 0.00329781
18 0.059375 0.145151 0.116211 0.212971 0.00290108
54 0.647266 0.544088 0.558594 0.474836 0.00261116
23 0.330469 0.449161 0.657031 0.829992 0.00259018
21 0.234961 0.410393 0.466016 0.727496 0.00257111
15 0.0645996 0.420622 0.127246 0.757774 0.00251198
38 0.645703 0.541326 0.558594 0.478723 0.00251198
16 0.470313 0.644026 0.896875 0.617021 0.00250244
21 0.0648926 0.391264 0.128223 0.70356 0.0024929
19 0.330469 0.449161 0.657031 0.829992 0.00240517
0 0.0592773 0.153437 0.116016 0.227905 0.00209045
77 0.782031 0.208061 0.4 0.361293 0.00203514
16 0.0645996 0.420622 0.127246 0.757774 0.00203514
0 0.330469 0.449161 0.657031 0.829992 0.00200272
15 0.0936523 0.389935 0.182227 0.693126 0.00195694
16 0.544531 0.856178 0.223438 0.199264 0.00192642
20 0.330469 0.449161 0.657031 0.829992 0.00185299
18 0.059082 0.261457 0.11582 0.437807 0.00164223
15 0.78125 0.209697 0.398438 0.356383 0.00158501
20 0.0648926 0.391264 0.128223 0.70356 0.00141048
17 0.466016 0.481178 0.928906 0.865794 0.00136662
16 0.0936523 0.389935 0.182227 0.693126 0.00133514
18 0.0645996 0.420622 0.127246 0.757774 0.00131512
15 0.615234 0.848609 0.371094 0.219313 0.00130463
15 0.0592773 0.153437 0.116016 0.227905 0.00129414
15 0.464063 0.493044 0.928125 0.907529 0.00124454
14 0.0592773 0.153437 0.116016 0.227905 0.0012207
21 0.0936523 0.389935 0.182227 0.693126 0.00118351
0 0.782813 0.207856 0.4 0.356792 0.00117874
31 0.464063 0.493044 0.928125 0.907529 0.00114727
77 0.0592773 0.153437 0.116016 0.227905 0.00110722
46 0.645703 0.541019 0.558594 0.479337 0.00109863
35 0.645703 0.541326 0.558594 0.478723 0.00103188
29 0.645996 0.540814 0.556445 0.47811 1
16 0.78125 0.478314 0.407813 0.899345 0.764648
16 0.472266 0.486498 0.944531 0.932079 0.713867
29 0.472656 0.481997 0.945312 0.92144 0.368408
16 0.782031 0.209902 0.4 0.360884 0.258301
16 0.610938 0.849632 0.38125 0.21563 0.228149
29 0.651563 0.464812 0.592188 0.873977 0.174438
16 0.340234 0.481178 0.676562 0.90671 0.036499
15 0.330664 0.454174 0.657422 0.842881 0.029541
16 0.496094 0.331424 0.942187 0.5982 0.0173798
16 0.590234 0.560454 0.666406 0.787439 0.0126266
16 0.616016 0.595336 0.467969 0.722586 0.0117798
32 0.646484 0.540098 0.558594 0.481178 0.0116425
15 0.237695 0.412848 0.471484 0.738953 0.0110703
21 0.330664 0.454174 0.657422 0.842881 0.00754929
16 0.7125 0.828969 0.170313 0.188216 0.00698471
16 0.564063 0.225246 0.828125 0.385843 0.00695801
29 0.775781 0.457038 0.423438 0.858429 0.00634003
45 0.646484 0.540098 0.558594 0.481178 0.00591278
16 0.707031 0.448445 0.532813 0.847791 0.00582123
14 0.330664 0.454174 0.657422 0.842881 0.00536346
18 0.340234 0.481178 0.676562 0.90671 0.00530243
16 0.647559 0.543474 0.558008 0.476064 0.00526047
16 0.237695 0.412848 0.471484 0.738953 0.00521851
16 0.0592773 0.153028 0.116016 0.227496 0.00438309
16 0.469922 0.644026 0.897656 0.618658 0.00416565
3 0.472266 0.486498 0.944531 0.932079 0.00413513
0 0.462891 0.491817 0.925781 0.908347 0.00376511
16 0.680078 0.215221 0.592969 0.369885 0.00370789
17 0.330664 0.454174 0.657422 0.842881 0.00323486
54 0.647559 0.543474 0.558008 0.476064 0.00313568
19 0.340234 0.481178 0.676562 0.90671 0.0029583
21 0.237695 0.412848 0.471484 0.738953 0.0028553
29 0.590234 0.560454 0.666406 0.787439 0.00279999
23 0.330664 0.454174 0.657422 0.842881 0.00276756
20 0.330664 0.454174 0.657422 0.842881 0.00263214
38 0.646094 0.541019 0.557813 0.479337 0.00247192
15 0.0641113 0.42052 0.12627 0.759615 0.00242424
21 0.0645996 0.391162 0.127441 0.705401 0.00235939
18 0.0592773 0.153028 0.116016 0.227496 0.00223351
15 0.0936523 0.389525 0.182227 0.694763 0.00216484
77 0.781445 0.208061 0.399609 0.362111 0.00188923
16 0.0641113 0.42052 0.12627 0.759615 0.00184631
0 0.330664 0.454174 0.657422 0.842881 0.00178242
0 0.0592773 0.153028 0.116016 0.227496 0.00175476
15 0.462891 0.491817 0.925781 0.908347 0.00161076
15 0.78125 0.209493 0.396875 0.356792 0.00159168
20 0.0645996 0.391162 0.127441 0.705401 0.0014782
16 0.544531 0.854133 0.223438 0.200082 0.00144958
18 0.0592285 0.264935 0.115918 0.445581 0.0014267
16 0.0936523 0.389525 0.182227 0.694763 0.00131512
31 0.462891 0.491817 0.925781 0.908347 0.00131512
18 0.0641113 0.42052 0.12627 0.759615 0.00121593
15 0.615625 0.847791 0.371875 0.212766 0.00118828
17 0.463281 0.481178 0.923438 0.880524 0.00117874
21 0.0936523 0.389525 0.182227 0.694763 0.00116539
0 0.782813 0.207856 0.4 0.35761 0.00115108
15 0.0592773 0.153028 0.116016 0.227496 0.00112915
46 0.646484 0.539996 0.558594 0.479746 0.0011158
15 0.168945 0.391878 0.332813 0.697422 0.00110722
37 0.646094 0.541019 0.557813 0.479337 0.00100803
29 0.644922 0.541019 0.553906 0.479337 1
16 0.472656 0.486498 0.945312 0.932079 0.796875
16 0.78125 0.472995 0.407813 0.89198 0.725098
29 0.476562 0.484861 0.953125 0.935352 0.352295
16 0.782031 0.209083 0.398438 0.360884 0.262939
16 0.610156 0.849632 0.38125 0.21563 0.248657
29 0.650781 0.458265 0.592188 0.86252 0.233765
16 0.696094 0.480769 0.571875 0.907529 0.113586
16 0.340625 0.478723 0.676562 0.90671 0.0539856
15 0.321094 0.439853 0.638281 0.817512 0.0393372
15 0.236328 0.409165 0.467969 0.731588 0.0179138
16 0.610156 0.595029 0.471875 0.7232 0.0166626
16 0.636328 0.827332 0.324219 0.188216 0.0137939
16 0.710156 0.828969 0.175 0.188216 0.0126266
16 0.5 0.319149 0.934375 0.574468 0.0120087
16 0.489063 0.634615 0.96875 0.639116 0.0102081
32 0.645703 0.539689 0.555469 0.481997 0.00981903
21 0.321094 0.439853 0.638281 0.817512 0.00926971
16 0.236328 0.409165 0.467969 0.731588 0.00746155
16 0.597656 0.223609 0.760938 0.384206 0.00723267
18 0.340625 0.478723 0.676562 0.90671 0.00619125
14 0.321094 0.439853 0.638281 0.817512 0.00591278
54 0.648047 0.542962 0.557031 0.476268 0.00588989
16 0.398828 0.368658 0.797656 0.698036 0.00570679
16 0.648047 0.542962 0.557031 0.476268 0.0055542
29 0.775195 0.449264 0.424609 0.842881 0.0049057
21 0.236328 0.409165 0.467969 0.731588 0.00445175
45 0.645703 0.539689 0.555469 0.481997 0.00431442
23 0.321094 0.439853 0.638281 0.817512 0.00418091
17 0.340625 0.478723 0.676562 0.90671 0.00411606
16 0.059082 0.153437 0.11543 0.229542 0.00374985
18 0.0591797 0.147606 0.115625 0.219108 0.00309944
19 0.340625 0.478723 0.676562 0.90671 0.00293541
20 0.321094 0.439853 0.638281 0.817512 0.00284576
3 0.472656 0.486498 0.945312 0.932079 0.00283432
0 0.461719 0.491817 0.923438 0.908347 0.00256157
15 0.459375 0.483633 0.914062 0.88216 0.00211525
29 0.614062 0.577844 0.615625 0.751023 0.00209045
21 0.064502 0.390753 0.127246 0.702946 0.00203514
0 0.321094 0.439853 0.638281 0.817512 0.00203514
18 0.0589355 0.263093 0.115332 0.442717 0.00201988
15 0.0974854 0.389525 0.190186 0.694763 0.00183105
20 0.064502 0.390753 0.127246 0.702946 0.00177479
38 0.646191 0.541326 0.557617 0.48036 0.00174141
16 0.491406 0.746727 0.973437 0.42635 0.00161076
15 0.0638672 0.411211 0.125781 0.742226 0.00160408
15 0.78125 0.208879 0.396875 0.357201 0.0015974
16 0.544531 0.854337 0.223438 0.202946 0.00153065
14 0.236328 0.409165 0.467969 0.731588 0.00139904
0 0.059082 0.153437 0.11543 0.229542 0.00131989
18 0.0638672 0.411211 0.125781 0.742226 0.00129986
46 0.646484 0.539689 0.557031 0.48036 0.00127411
15 0.170801 0.39198 0.336914 0.697218 0.00126457
15 0.614844 0.847995 0.370313 0.212357 0.00123501
16 0.064502 0.390753 0.127246 0.702946 0.00123024
21 0.0974854 0.389525 0.190186 0.694763 0.0012064
0 0.783008 0.207242 0.399609 0.35802 0.00120163
77 0.78125 0.207856 0.398438 0.363339 0.00113773
16 0.0974854 0.389525 0.190186 0.694763 0.00113392
20 0.236328 0.409165 0.467969 0.731588 0.00113392
31 0.461719 0.491817 0.923438 0.908347 0.00112438
18 0.265625 0.39689 0.526563 0.720131 0.00107765
15 0.398828 0.368658 0.797656 0.698036 0.00105667
16 0.655859 0.652619 0.541406 0.590016 0.00104427
16 0.467187 0.833265 0.678125 0.25491 0.00102043
14 0.059082 0.153437 0.11543 0.229542 0.00100803
29 0.644922 0.540917 0.553906 0.479542 1
16 0.472656 0.48527 0.945312 0.934534 0.824219
16 0.781445 0.472177 0.408984 0.89198 0.629883
29 0.476562 0.484043 0.953125 0.938625 0.430176
29 0.649121 0.461948 0.59707 0.873159 0.24939
16 0.782031 0.208879 0.398438 0.361293 0.184204
16 0.614062 0.847995 0.36875 0.212357 0.153076
16 0.66875 0.479542 0.626563 0.90671 0.132568
16 0.319336 0.448854 0.634766 0.838789 0.0507202
15 0.319336 0.448854 0.634766 0.838789 0.0440063
15 0.23418 0.412439 0.464453 0.741408 0.0237732
16 0.609375 0.589198 0.48125 0.733224 0.0237732
16 0.467578 0.664075 0.900781 0.580196 0.0163422
16 0.707812 0.828969 0.179688 0.188216 0.0123825
54 0.648047 0.542553 0.557031 0.476268 0.00937653
16 0.23418 0.412439 0.464453 0.741408 0.0091629
32 0.645312 0.53928 0.554688 0.482815 0.00812531
21 0.319336 0.448854 0.634766 0.838789 0.00809479
18 0.345313 0.479951 0.685938 0.914075 0.00575256
14 0.319336 0.448854 0.634766 0.838789 0.00568771
16 0.614453 0.222637 0.727344 0.383695 0.00540543
16 0.394531 0.380115 0.789062 0.724223 0.00518036
16 0.648047 0.542553 0.557031 0.476268 0.0050621
17 0.345313 0.479951 0.685938 0.914075 0.00471878
23 0.319336 0.448854 0.634766 0.838789 0.00455475
21 0.23418 0.412439 0.464453 0.741408 0.00438309
45 0.645312 0.53928 0.554688 0.482815 0.00363541
29 0.775 0.446809 0.425 0.841244 0.00342941
16 0.489063 0.743863 0.96875 0.430442 0.00296974
0 0.319336 0.448854 0.634766 0.838789 0.00279999
19 0.345313 0.479951 0.685938 0.914075 0.00273705
20 0.319336 0.448854 0.634766 0.838789 0.00259018
0 0.461719 0.490998 0.923438 0.91162 0.00251198
18 0.0588867 0.149652 0.115039 0.223609 0.00243378
3 0.476562 0.484043 0.953125 0.938625 0.002388
16 0.0587891 0.153846 0.114844 0.231588 0.00213242
15 0.458594 0.484043 0.914062 0.900982 0.00197983
16 0.465234 0.833061 0.686719 0.255319 0.00195694
16 0.646875 0.829787 0.301563 0.188216 0.00189686
29 0.643848 0.61252 0.562305 0.683306 0.00185299
18 0.0586914 0.259411 0.114648 0.436989 0.00173378
15 0.0970947 0.388707 0.189795 0.694763 0.00167465
20 0.0646484 0.389116 0.127344 0.699673 0.00158501
14 0.23418 0.412439 0.464453 0.741408 0.00156116
15 0.158594 0.391571 0.312891 0.696399 0.00141048
15 0.78125 0.20847 0.396875 0.357201 0.00138855
21 0.0638672 0.402209 0.125781 0.725041 0.00136185
16 0.4625 0.802169 0.9 0.32365 0.00133514
20 0.23418 0.412439 0.464453 0.741408 0.00124931
16 0.657031 0.664894 0.539062 0.56383 0.00123501
46 0.645312 0.53928 0.554688 0.482815 0.0012064
15 0.0646484 0.389116 0.127344 0.699673 0.0011692
77 0.319336 0.448854 0.634766 0.838789 0.00116062
29 0.492188 0.582651 0.86875 0.713584 0.00115585
16 0.544922 0.853519 0.225781 0.204583 0.00113392
23 0.23418 0.412439 0.464453 0.741408 0.00112438
0 0.782813 0.207242 0.4 0.358838 0.00112057
18 0.258984 0.398936 0.513281 0.726678 0.00112057
38 0.645996 0.540814 0.556445 0.479746 0.00112057
31 0.461719 0.490998 0.923438 0.91162 0.00110722
18 0.0638672 0.402209 0.125781 0.725041 0.00109863
54 0.461719 0.490998 0.923438 0.91162 0.00106907
15 0.614062 0.847995 0.36875 0.212357 0.00106525
29 0.645215 0.540507 0.55332 0.479542 1
16 0.478906 0.487725 0.948438 0.94599 0.875977
29 0.473438 0.481997 0.946875 0.92144 0.602051
16 0.778906 0.474223 0.4125 0.899345 0.460938
16 0.703906 0.498363 0.557813 0.944354 0.341553
29 0.636719 0.47054 0.626563 0.89198 0.26123
16 0.612891 0.845949 0.367969 0.213175 0.0923462
16 0.780469 0.208674 0.4 0.361702 0.0653687
16 0.323633 0.461129 0.643359 0.866612 0.055603
15 0.323633 0.461129 0.643359 0.866612 0.0538025
15 0.231836 0.421338 0.459766 0.761252 0.0299835
16 0.465625 0.669804 0.903125 0.570376 0.0219421
16 0.609375 0.584186 0.484375 0.743249 0.0186157
16 0.702734 0.829787 0.189844 0.188216 0.0113297
16 0.231836 0.421338 0.459766 0.761252 0.0105286
54 0.647656 0.542655 0.55625 0.476064 0.0102921
32 0.645996 0.538462 0.554883 0.482815 0.00723267
21 0.323633 0.461129 0.643359 0.866612 0.00671768
14 0.323633 0.461129 0.643359 0.866612 0.00551224
16 0.402344 0.396481 0.804688 0.760229 0.00521851
17 0.357422 0.48036 0.710938 0.919804 0.00494385
18 0.357422 0.48036 0.710938 0.919804 0.00443268
23 0.323633 0.461129 0.643359 0.866612 0.00438309
16 0.457129 0.832242 0.704492 0.256956 0.00426483
21 0.231836 0.421338 0.459766 0.761252 0.00400543
16 0.647656 0.542655 0.55625 0.476064 0.00359344
16 0.605566 0.222791 0.74668 0.385025 0.00342941
45 0.645996 0.538462 0.554883 0.482815 0.00341606
0 0.323633 0.461129 0.643359 0.866612 0.00331116
16 0.4625 0.816899 0.9 0.290917 0.00284576
19 0.323633 0.461129 0.643359 0.866612 0.00223351
16 0.573828 0.820172 0.552344 0.271277 0.0020504
15 0.4625 0.488134 0.925 0.917349 0.00200272
0 0.4625 0.488134 0.925 0.917349 0.0019722
29 0.773828 0.450082 0.427344 0.851064 0.00178909
3 0.473047 0.484043 0.946094 0.936989 0.00172043
14 0.231836 0.421338 0.459766 0.761252 0.00161076
29 0.642578 0.603928 0.563281 0.698854 0.00161076
20 0.323633 0.461129 0.643359 0.866612 0.00154877
18 0.0587891 0.150573 0.114648 0.225859 0.00153065
15 0.149902 0.391571 0.295508 0.692308 0.00141048
15 0.0969727 0.388809 0.189648 0.69374 0.00136185
54 0.4625 0.488134 0.925 0.917349 0.00129414
18 0.0584961 0.257774 0.114258 0.433715 0.0012064
23 0.231836 0.421338 0.459766 0.761252 0.00115585
31 0.4625 0.488134 0.925 0.917349 0.00109005
77 0.323633 0.461129 0.643359 0.866612 0.00106525
16 0.657031 0.67635 0.539062 0.540917 0.00106525
20 0.0641602 0.393208 0.126758 0.707038 0.00104809
18 0.627344 0.828151 0.340625 0.188216 0.00103188
46 0.645996 0.538462 0.554883 0.482815 0.00103188
16 0.703125 0.209953 0.507812 0.370601 0.00102425
0 0.627344 0.828151 0.340625 0.188216 0.00102043
29 0.645996 0.539996 0.554883 0.479746 1
16 0.479297 0.486088 0.950781 0.94599 0.905273
29 0.474219 0.483633 0.948438 0.924714 0.645996
16 0.754687 0.480769 0.4625 0.912439 0.352295
29 0.618359 0.475859 0.667969 0.904255 0.233765
16 0.65166 0.497954 0.660742 0.945172 0.218628
15 0.323633 0.468494 0.643359 0.881342 0.0621033
16 0.323633 0.468494 0.643359 0.881342 0.0592041
16 0.6125 0.846154 0.36875 0.214403 0.0541992
15 0.230664 0.428908 0.457422 0.77721 0.0311432
16 0.781055 0.208674 0.397266 0.358429 0.0302124
16 0.464844 0.671849 0.904688 0.566285 0.0200195
16 0.608203 0.58347 0.483594 0.744681 0.011734
16 0.230664 0.428908 0.457422 0.77721 0.0106125
16 0.696875 0.829992 0.203125 0.189444 0.00908661
54 0.647266 0.542144 0.555469 0.47545 0.00837708
32 0.646191 0.538359 0.556055 0.48302 0.00616837
16 0.454297 0.831424 0.707031 0.256956 0.00559998
21 0.323633 0.468494 0.643359 0.881342 0.00538635
17 0.359766 0.48036 0.715625 0.92144 0.00502014
14 0.323633 0.468494 0.643359 0.881342 0.00482941
0 0.323633 0.468494 0.643359 0.881342 0.00388527
23 0.323633 0.468494 0.643359 0.881342 0.00379562
18 0.359766 0.48036 0.715625 0.92144 0.00346947
21 0.230664 0.428908 0.457422 0.77721 0.00328636
45 0.646191 0.538359 0.556055 0.48302 0.00298119
16 0.690625 0.214351 0.571875 0.371624 0.0024929
16 0.647266 0.542144 0.555469 0.47545 0.00239754
16 0.559766 0.824059 0.577344 0.263502 0.00239754
19 0.323633 0.468494 0.643359 0.881342 0.00218201
15 0.463281 0.486088 0.926562 0.919804 0.00218201
0 0.463281 0.486088 0.926562 0.919804 0.0016613
14 0.230664 0.428908 0.457422 0.77721 0.00146675
54 0.463281 0.486088 0.926562 0.919804 0.00135612
15 0.140625 0.391264 0.276953 0.687193 0.00129986
3 0.477734 0.482815 0.955469 0.94108 0.00128937
29 0.64209 0.5982 0.564258 0.708674 0.0012846
15 0.0957031 0.389116 0.1875 0.691489 0.00119686
16 0.507812 0.219926 0.884375 0.393208 0.00117874
18 0.0585938 0.150573 0.114453 0.226268 0.00116062
0 0.616016 0.828355 0.364844 0.189444 0.00112915
20 0.323633 0.468494 0.643359 0.881342 0.00110722
18 0.616016 0.828355 0.364844 0.189444 0.00103188
23 0.230664 0.428908 0.457422 0.77721 0.00102425
29 0.646094 0.540098 0.55625 0.48036 1
16 0.478906 0.48527 0.953125 0.944354 0.911621
29 0.472656 0.486907 0.945312 0.934534 0.586914
29 0.607813 0.477496 0.69375 0.907529 0.248047
16 0.738281 0.481997 0.495313 0.914894 0.242188
15 0.33418 0.469313 0.664453 0.884615 0.0853882
16 0.33418 0.469313 0.664453 0.884615 0.0661011
15 0.231445 0.429624 0.458984 0.779051 0.0380249
16 0.610547 0.845336 0.371094 0.217676 0.0317383
16 0.463281 0.673077 0.907813 0.56383 0.0189819
16 0.780469 0.208879 0.398438 0.359656 0.0166626
16 0.554688 0.833061 0.49375 0.243863 0.0120544
16 0.231445 0.429624 0.458984 0.779051 0.0106125
16 0.688672 0.829992 0.219531 0.189444 0.0100098
16 0.441504 0.831424 0.735742 0.256956 0.00993347
54 0.647266 0.542144 0.555469 0.474632 0.00854492
16 0.604297 0.581935 0.482031 0.74775 0.00614548
14 0.33418 0.469313 0.664453 0.884615 0.0050621
32 0.646777 0.538052 0.556445 0.483633 0.00494385
21 0.33418 0.469313 0.664453 0.884615 0.00488663
17 0.383594 0.48036 0.763281 0.92144 0.00471878
23 0.33418 0.469313 0.664453 0.884615 0.00419998
16 0.607813 0.477496 0.69375 0.907529 0.00379562
21 0.231445 0.429624 0.458984 0.779051 0.00311089
0 0.33418 0.469313 0.664453 0.884615 0.00307465
16 0.720703 0.830606 0.153906 0.191489 0.00266266
18 0.383594 0.48036 0.763281 0.92144 0.00259018
15 0.464063 0.484452 0.928125 0.923077 0.00234222
45 0.646777 0.538052 0.556445 0.483633 0.00225258
16 0.679297 0.214403 0.596094 0.37234 0.00186062
19 0.33418 0.469313 0.664453 0.884615 0.00171375
14 0.231445 0.429624 0.458984 0.779051 0.00144386
16 0.647266 0.542144 0.555469 0.474632 0.00132465
54 0.464063 0.484452 0.928125 0.923077 0.00131512
0 0.6125 0.828969 0.371875 0.188216 0.00123978
16 0.467578 0.830606 0.371094 0.250409 0.00122547
46 0.646777 0.538052 0.556445 0.483633 0.00119686
15 0.151855 0.390753 0.299805 0.682488 0.00118828
18 0.6125 0.828969 0.371875 0.188216 0.00109005
29 0.641309 0.594006 0.564258 0.715426 0.00106525
77 0.33418 0.469313 0.664453 0.884615 0.00105667
15 0.104883 0.387786 0.205859 0.687602 0.00104427
0 0.784375 0.210311 0.404687 0.378887 0.00103188
3 0.473828 0.482815 0.947656 0.93617 0.00102425
29 0.646484 0.539996 0.557031 0.479746 0.999512
16 0.479688 0.484861 0.953125 0.945172 0.916504
29 0.473438 0.486907 0.946875 0.934534 0.558105
16 0.735938 0.481997 0.5 0.914894 0.216064
15 0.339844 0.468085 0.675781 0.88216 0.0933228
16 0.339844 0.468085 0.675781 0.88216 0.0692749
15 0.232031 0.426248 0.460938 0.772709 0.0396423
16 0.610156 0.845336 0.371875 0.217676 0.0268555
29 0.64375 0.469722 0.65625 0.883797 0.0176392
16 0.781055 0.209135 0.397266 0.360782 0.016922
16 0.463672 0.672668 0.910156 0.566285 0.0168457
16 0.552734 0.833061 0.497656 0.243863 0.0123825
16 0.43584 0.831424 0.74707 0.256956 0.0121918
16 0.232031 0.426248 0.460938 0.772709 0.011116
16 0.685938 0.830606 0.225 0.188216 0.00971222
54 0.646973 0.541837 0.556055 0.474427 0.00754929
14 0.339844 0.468085 0.675781 0.88216 0.00540543
21 0.339844 0.468085 0.675781 0.88216 0.00527954
16 0.602344 0.581424 0.479688 0.748773 0.0050621
23 0.339844 0.468085 0.675781 0.88216 0.00468063
17 0.339844 0.468085 0.675781 0.88216 0.00457382
32 0.647559 0.538359 0.558008 0.48302 0.00438309
16 0.719141 0.831424 0.158594 0.188216 0.00340271
21 0.232031 0.426248 0.460938 0.772709 0.00317192
0 0.339844 0.468085 0.675781 0.88216 0.00307465
15 0.464844 0.483633 0.929688 0.924714 0.00253105
18 0.339844 0.468085 0.675781 0.88216 0.00239754
16 0.783594 0.399754 0.396875 0.743863 0.00223351
16 0.676172 0.214198 0.603906 0.371931 0.00176811
45 0.647559 0.538359 0.558008 0.48302 0.00176144
16 0.465234 0.831424 0.367188 0.250409 0.0016613
19 0.339844 0.468085 0.675781 0.88216 0.0016613
14 0.232031 0.426248 0.460938 0.772709 0.00142097
0 0.612109 0.828969 0.372656 0.188216 0.00137806
46 0.647559 0.538359 0.558008 0.48302 0.00132465
18 0.0582031 0.150982 0.113867 0.227496 0.00121593
16 0.648828 0.536927 0.557031 0.471154 0.00121593
15 0.154785 0.390344 0.306055 0.681669 0.0012064
18 0.464844 0.483633 0.929688 0.924714 0.00117874
54 0.464844 0.483633 0.929688 0.924714 0.0011692
16 0.417188 0.740589 0.823438 0.440262 0.00116062
18 0.612109 0.828969 0.372656 0.188216 0.00113392
15 0.109766 0.38707 0.215625 0.685761 0.00108147
16 0.478516 0.250205 0.919531 0.460311 0.00107288
77 0.339844 0.468085 0.675781 0.88216 0.00106907
0 0.785156 0.210311 0.403125 0.378069 0.00104427
29 0.646875 0.539996 0.557813 0.479746 0.999512
16 0.479688 0.484452 0.953125 0.94599 0.918457
29 0.473438 0.486088 0.946875 0.934534 0.517578
16 0.737109 0.480769 0.499219 0.910802 0.206299
15 0.338672 0.46563 0.673438 0.878887 0.100525
16 0.338672 0.46563 0.673438 0.878887 0.0703125
15 0.233594 0.422259 0.464063 0.765957 0.0391846
16 0.609766 0.845336 0.372656 0.217676 0.0270691
29 0.639746 0.47054 0.667383 0.885434 0.018692
16 0.781055 0.208879 0.397266 0.359656 0.0171814
16 0.464063 0.67144 0.909375 0.56874 0.0160217
16 0.437891 0.831424 0.744531 0.256956 0.0142822
16 0.551172 0.833061 0.500781 0.243863 0.0141144
16 0.233594 0.422259 0.464063 0.765957 0.0118256
16 0.685547 0.830606 0.225781 0.188216 0.0103683
54 0.646875 0.541735 0.55625 0.474632 0.0064888
21 0.338672 0.46563 0.673438 0.878887 0.0064621
14 0.338672 0.46563 0.673438 0.878887 0.00575256
16 0.460547 0.756137 0.913281 0.400982 0.00538635
23 0.338672 0.46563 0.673438 0.878887 0.00473785
16 0.616504 0.562602 0.610742 0.773322 0.0046463
32 0.647559 0.538359 0.558008 0.48302 0.00438309
17 0.338672 0.46563 0.673438 0.878887 0.00405502
0 0.338672 0.46563 0.673438 0.878887 0.00362206
21 0.233594 0.422259 0.464063 0.765957 0.00338936
15 0.465625 0.483224 0.93125 0.923895 0.00286674
16 0.720313 0.831219 0.154688 0.190262 0.00261116
16 0.463184 0.831629 0.362695 0.251637 0.00247192
18 0.338672 0.46563 0.673438 0.878887 0.00233269
16 0.78418 0.359247 0.397266 0.662848 0.00211525
18 0.0581055 0.151698 0.113477 0.228519 0.00186729
16 0.697266 0.207907 0.516406 0.36651 0.0017271
19 0.338672 0.46563 0.673438 0.878887 0.0016613
45 0.647559 0.538359 0.558008 0.48302 0.00152493
0 0.611719 0.828969 0.373437 0.188216 0.00146103
14 0.25332 0.405892 0.502734 0.745499 0.00136185
15 0.15459 0.389935 0.305664 0.683306 0.00134087
46 0.647559 0.538359 0.558008 0.48302 0.00130939
77 0.338672 0.46563 0.673438 0.878887 0.00129414
18 0.465625 0.483224 0.93125 0.923895 0.0012846
18 0.0581055 0.241817 0.112891 0.405074 0.00124931
16 0.478906 0.257979 0.923438 0.477496 0.00122547
54 0.465625 0.483224 0.93125 0.923895 0.00121593
16 0.648828 0.536723 0.558594 0.469926 0.00121593
0 0.467969 0.486498 0.935938 0.938625 0.00118828
18 0.611719 0.828969 0.373437 0.188216 0.00116062
0 0.785156 0.209902 0.404687 0.37725 0.00104046
20 0.338672 0.46563 0.673438 0.878887 0.00103188
29 0.646875 0.539996 0.557813 0.479746 0.999512
16 0.478906 0.48527 0.953125 0.94599 0.916016
29 0.478125 0.483224 0.95625 0.941899 0.476562
16 0.740234 0.479951 0.492969 0.909165 0.208862
15 0.337891 0.46072 0.672656 0.869067 0.111267
16 0.337891 0.46072 0.672656 0.869067 0.072876
15 0.235547 0.415712 0.467969 0.752864 0.0414734
16 0.610547 0.845336 0.372656 0.217676 0.028656
16 0.782031 0.208725 0.396875 0.359963 0.0200195
29 0.641016 0.470131 0.664844 0.882979 0.0192719
16 0.436328 0.831219 0.749219 0.255728 0.0162811
16 0.550391 0.833061 0.502344 0.243863 0.0151901
16 0.464063 0.670622 0.909375 0.56874 0.0147858
16 0.235547 0.415712 0.467969 0.752864 0.0125275
16 0.686328 0.830606 0.224219 0.188216 0.0117798
21 0.337891 0.46072 0.672656 0.869067 0.00634003
16 0.460547 0.757774 0.913281 0.397709 0.00605011
54 0.646875 0.541735 0.55625 0.47545 0.00598145
14 0.337891 0.46072 0.672656 0.869067 0.00588989
23 0.337891 0.46072 0.672656 0.869067 0.00511932
16 0.623438 0.570376 0.595313 0.757774 0.0049057
32 0.647266 0.538052 0.558594 0.482815 0.00408554
0 0.337891 0.46072 0.672656 0.869067 0.00388527
17 0.337891 0.46072 0.672656 0.869067 0.00348282
16 0.460254 0.831629 0.357617 0.251637 0.00336266
21 0.235547 0.415712 0.467969 0.752864 0.00331116
16 0.721094 0.831424 0.154688 0.189853 0.00311089
15 0.466406 0.483633 0.932813 0.92144 0.00300407
16 0.784375 0.306465 0.396875 0.556465 0.00273705
18 0.0580566 0.151903 0.113379 0.228928 0.00243378
18 0.337891 0.46072 0.672656 0.869067 0.00195694
16 0.697266 0.207447 0.521094 0.365794 0.00191879
16 0.480469 0.254092 0.925 0.469722 0.00158501
0 0.612109 0.829992 0.372656 0.189444 0.00155449
46 0.647266 0.538052 0.558594 0.482815 0.00148964
45 0.647266 0.538052 0.558594 0.482815 0.0014782
14 0.257227 0.401391 0.510547 0.735679 0.00146675
0 0.46875 0.486907 0.9375 0.93617 0.00145531
19 0.337891 0.46072 0.672656 0.869067 0.00144386
18 0.0580078 0.236088 0.112891 0.393617 0.00142097
15 0.166211 0.389935 0.328906 0.683306 0.00138283
77 0.337891 0.46072 0.672656 0.869067 0.00137234
15 0.117383 0.386252 0.23125 0.682488 0.00136662
18 0.466406 0.483633 0.932813 0.92144 0.0012846
16 0.646875 0.541735 0.55625 0.47545 0.00121593
18 0.612109 0.829992 0.372656 0.189444 0.00117874
54 0.466406 0.483633 0.932813 0.92144 0.0011158
16 0.407031 0.375205 0.814063 0.706219 0.00109005
16 0.65625 0.689853 0.539062 0.509002 0.00105286
0 0.785156 0.209493 0.404687 0.376432 0.00103664
29 0.646875 0.539689 0.557813 0.479542 0.999512
16 0.478516 0.484452 0.952344 0.944354 0.916016
29 0.478125 0.483224 0.95625 0.941899 0.462891
16 0.741406 0.478723 0.490625 0.905074 0.19812
15 0.334375 0.454992 0.665625 0.855974 0.11554
16 0.334375 0.454992 0.665625 0.855974 0.0715942
15 0.238672 0.408756 0.474219 0.735679 0.0411377
16 0.609766 0.844722 0.372656 0.218903 0.028656
16 0.782031 0.208725 0.396875 0.359963 0.0225372
16 0.433594 0.831219 0.760938 0.255728 0.02211
29 0.64209 0.466448 0.65957 0.875614 0.021698
16 0.547266 0.833061 0.508594 0.245499 0.0189819
16 0.463281 0.714403 0.914062 0.482815 0.0141144
16 0.689844 0.830606 0.217188 0.188216 0.0134277
16 0.238672 0.408756 0.474219 0.735679 0.012291
54 0.646777 0.541735 0.556445 0.47545 0.0064888
21 0.334375 0.454992 0.665625 0.855974 0.00584412
14 0.334375 0.454992 0.665625 0.855974 0.00551224
23 0.334375 0.454992 0.665625 0.855974 0.00518036
16 0.458496 0.831424 0.35332 0.250409 0.00443268
16 0.625391 0.576207 0.591406 0.746113 0.00426483
32 0.647266 0.538052 0.558594 0.482815 0.00374985
0 0.334375 0.454992 0.665625 0.855974 0.00367928
18 0.0580078 0.152107 0.113281 0.229337 0.00316048
17 0.334375 0.454992 0.665625 0.855974 0.00314713
15 0.466406 0.483633 0.932813 0.92144 0.00314713
21 0.238672 0.408756 0.474219 0.735679 0.003088
16 0.697266 0.207856 0.525781 0.366612 0.0020752
16 0.479688 0.248773 0.923438 0.458265 0.00190449
18 0.334375 0.454992 0.665625 0.855974 0.0016613
46 0.647266 0.538052 0.558594 0.482815 0.00163555
18 0.0577148 0.231536 0.112305 0.384718 0.00162315
0 0.614062 0.828969 0.36875 0.188216 0.0015192
0 0.46875 0.486907 0.9375 0.934534 0.0015192
14 0.260352 0.39689 0.516797 0.725041 0.00141048
45 0.647266 0.538052 0.558594 0.482815 0.00138855
15 0.120801 0.385843 0.238086 0.681669 0.00136662
16 0.402344 0.369272 0.804688 0.69108 0.00134563
77 0.334375 0.454992 0.665625 0.855974 0.00132465
15 0.171484 0.390344 0.339844 0.683306 0.00129414
19 0.334375 0.454992 0.665625 0.855974 0.0012846
18 0.466406 0.483633 0.932813 0.92144 0.00125504
18 0.614062 0.828969 0.36875 0.188216 0.00118828
15 0.458496 0.831424 0.35332 0.250409 0.0011692
16 0.655859 0.694354 0.539844 0.498363 0.00115585
16 0.646777 0.541735 0.556445 0.47545 0.00115108
16 0.28418 0.830606 0.553516 0.258592 0.00115108
54 0.466406 0.483633 0.932813 0.92144 0.00109863
16 0.721094 0.833879 0.154688 0.184943 0.00108147
0 0.785156 0.208879 0.404687 0.374386 0.00100803
29 0.646875 0.539382 0.557813 0.479337 0.999512
16 0.478125 0.484452 0.951563 0.944354 0.910645
29 0.477344 0.483224 0.954688 0.941899 0.44165
16 0.741797 0.477905 0.488281 0.903437 0.201172
15 0.32832 0.450491 0.653516 0.846972 0.103394
16 0.32832 0.450491 0.653516 0.846972 0.0687866
15 0.239063 0.405074 0.475 0.725859 0.0384521
16 0.610156 0.844722 0.371875 0.218903 0.0301056
29 0.644922 0.466448 0.653906 0.873977 0.0257568
16 0.783008 0.208725 0.396484 0.359963 0.0245209
16 0.433984 0.831219 0.766406 0.255728 0.0244293
16 0.546875 0.833061 0.509375 0.245499 0.0202484
16 0.691406 0.831219 0.214062 0.186989 0.0149002
16 0.463672 0.717676 0.913281 0.476268 0.0147858
16 0.239063 0.405074 0.475 0.725859 0.0118256
54 0.646777 0.541735 0.556445 0.47545 0.00679779
16 0.456641 0.831424 0.35 0.250409 0.00547028
23 0.32832 0.450491 0.653516 0.846972 0.00519943
21 0.32832 0.450491 0.653516 0.846972 0.00508118
14 0.32832 0.450491 0.653516 0.846972 0.00488663
16 0.628027 0.582754 0.586133 0.731383 0.00400543
18 0.0579102 0.152312 0.113086 0.229746 0.00399017
0 0.32832 0.450491 0.653516 0.846972 0.00370789
32 0.647559 0.538564 0.558008 0.48261 0.00346947
17 0.32832 0.450491 0.653516 0.846972 0.00323486
21 0.239063 0.405074 0.475 0.725859 0.00298119
15 0.466016 0.483224 0.932031 0.918985 0.00274658
16 0.698438 0.208061 0.526563 0.366203 0.00221634
16 0.480469 0.239362 0.923438 0.437807 0.00216484
18 0.0574219 0.226882 0.111719 0.376023 0.00188923
0 0.46875 0.486907 0.9375 0.934534 0.00169373
46 0.647559 0.538564 0.558008 0.48261 0.0016489
0 0.615625 0.829787 0.365625 0.188216 0.00153065
18 0.32832 0.450491 0.653516 0.846972 0.0014782
16 0.394629 0.366203 0.788867 0.682488 0.00138855
15 0.119824 0.385843 0.236133 0.682488 0.00134563
15 0.456641 0.831424 0.35 0.250409 0.00133038
14 0.259766 0.394435 0.515625 0.718494 0.00129414
16 0.281445 0.831219 0.545703 0.255728 0.00127888
18 0.466016 0.483224 0.932031 0.918985 0.0012598
16 0.65625 0.696809 0.539062 0.493453 0.00125504
15 0.174219 0.390753 0.344922 0.684124 0.00124931
16 0.646777 0.541735 0.556445 0.47545 0.00123978
19 0.32832 0.450491 0.653516 0.846972 0.00121593
14 0.0581055 0.154255 0.113281 0.235679 0.00118828
18 0.615625 0.829787 0.365625 0.188216 0.00117874
45 0.647559 0.538564 0.558008 0.48261 0.0011692
16 0.554688 0.850246 0.247656 0.211129 0.00116062
77 0.32832 0.450491 0.653516 0.846972 0.00113392
29 0.646484 0.539382 0.557031 0.479337 0.999512
16 0.478906 0.484452 0.951563 0.94599 0.90918
29 0.477344 0.483224 0.954688 0.941899 0.44165
16 0.741406 0.478314 0.489063 0.904255 0.199951
15 0.327734 0.4509 0.652344 0.847791 0.100525
16 0.327734 0.4509 0.652344 0.847791 0.0680542
15 0.239258 0.405483 0.475391 0.726678 0.0383301
16 0.610156 0.845336 0.371875 0.217676 0.0302124
29 0.644922 0.466039 0.653906 0.874795 0.0257568
16 0.783008 0.208674 0.396484 0.360065 0.024704
16 0.433203 0.831219 0.766406 0.255728 0.0235138
16 0.547266 0.833061 0.508594 0.245499 0.0195618
16 0.691406 0.830606 0.214062 0.188216 0.0147324
16 0.463672 0.716448 0.913281 0.478723 0.0146713
16 0.239258 0.405483 0.475391 0.726678 0.011734
16 0.78418 0.415712 0.397266 0.777414 0.00775528
54 0.646484 0.541735 0.557031 0.47545 0.00674438
16 0.457129 0.831424 0.351367 0.250409 0.0053215
23 0.327734 0.4509 0.652344 0.847791 0.00519943
21 0.327734 0.4509 0.652344 0.847791 0.00494385
14 0.327734 0.4509 0.652344 0.847791 0.00492477
16 0.627441 0.582651 0.587305 0.731588 0.00395966
18 0.0579102 0.152312 0.113086 0.229746 0.00383949
0 0.327734 0.4509 0.652344 0.847791 0.00376511
32 0.647266 0.538564 0.558594 0.48261 0.00344276
17 0.327734 0.4509 0.652344 0.847791 0.00319672
21 0.239258 0.405483 0.475391 0.726678 0.0029583
15 0.466016 0.483224 0.932031 0.918985 0.00263214
16 0.698438 0.208061 0.526563 0.366203 0.00223351
16 0.480469 0.238953 0.923438 0.436989 0.00219917
18 0.0573242 0.226268 0.111523 0.374795 0.00185299
0 0.46875 0.486907 0.9375 0.934534 0.00174141
46 0.647266 0.538564 0.558594 0.48261 0.0016613
0 0.615625 0.829787 0.365625 0.188216 0.00154877
18 0.327734 0.4509 0.652344 0.847791 0.0014782
16 0.394531 0.366612 0.7875 0.683306 0.00136662
15 0.118848 0.385843 0.23418 0.681669 0.00131989
14 0.259961 0.394845 0.516016 0.719313 0.00131512
15 0.457129 0.831424 0.351367 0.250409 0.00129986
16 0.65625 0.696809 0.539062 0.493453 0.00124931
18 0.466016 0.483224 0.932031 0.918985 0.00124454
15 0.173438 0.390753 0.34375 0.683306 0.00124454
16 0.721094 0.833879 0.154688 0.184943 0.00123501
16 0.646484 0.541735 0.557031 0.47545 0.00122547
16 0.282422 0.831424 0.547656 0.256956 0.00122547
19 0.327734 0.4509 0.652344 0.847791 0.0012064
14 0.0581055 0.154255 0.113281 0.235679 0.00119686
18 0.615625 0.829787 0.365625 0.188216 0.00117874
45 0.647266 0.538564 0.558594 0.48261 0.00116539
16 0.554688 0.850246 0.246875 0.211129 0.00115108
77 0.327734 0.4509 0.652344 0.847791 0.00109005
