16 0.773047 0.593229 0.280469 0.361458 0.878906
29 0.602344 0.884375 0.110937 0.229167 0.762207
2 0.638672 0.118229 0.0726563 0.0317708 0.71875
45 0.602344 0.883333 0.111719 0.227083 0.0246124
7 0.639063 0.117969 0.071875 0.0322917 0.0220337
25 0.639063 0.117969 0.0734375 0.0317708 0.0186157
15 0.771875 0.592708 0.279687 0.3625 0.0127716
32 0.602344 0.884375 0.110937 0.229167 0.00997162
41 0.601953 0.883854 0.111719 0.226042 0.00993347
49 0.602344 0.883333 0.111719 0.227083 0.00974274
18 0.639844 0.119271 0.0703125 0.0328125 0.00356483
2 0.582031 0.115625 0.0484375 0.0265625 0.00349617
2 0.629687 0.116927 0.0554687 0.0278646 0.00327301
39 0.602344 0.884375 0.110937 0.229167 0.00275803
13 0.639844 0.119271 0.0703125 0.0328125 0.00257111
46 0.602344 0.883333 0.111719 0.227083 0.00194168
32 0.603125 0.905208 0.0703125 0.18125 0.00191212
2 0.585547 0.115365 0.034375 0.0270833 0.00183868
29 0.773047 0.592578 0.280469 0.360677 0.00164223
8 0.639063 0.117448 0.0726563 0.0322917 0.00157356
37 0.602344 0.884375 0.110937 0.229167 0.0015192
46 0.602344 0.893229 0.0703125 0.196875 0.00145531
44 0.602344 0.884375 0.110937 0.227083 0.00144958
61 0.602344 0.884375 0.110937 0.229167 0.00130463
18 0.322266 0.10612 0.01875 0.00963542 0.00125504
29 0.603125 0.905208 0.0703125 0.18125 0.00123501
40 0.602344 0.884375 0.110937 0.229167 0.0012064
47 0.602344 0.883333 0.111719 0.227083 0.00108147
0 0.196094 0.0958333 0.0101563 0.0138021 0.00106049
16 0.772266 0.592839 0.278906 0.36224 0.887207
29 0.601953 0.883854 0.111719 0.230208 0.812988
2 0.639063 0.118229 0.071875 0.0322917 0.751953
45 0.602344 0.883333 0.110937 0.227083 0.024704
7 0.639063 0.118099 0.071875 0.0325521 0.024231
25 0.639063 0.117969 0.071875 0.0317708 0.0179138
41 0.601953 0.883333 0.111719 0.227083 0.0110321
15 0.771875 0.592708 0.278125 0.3625 0.0100555
32 0.601953 0.883854 0.111719 0.230208 0.00948334
49 0.602344 0.883333 0.110937 0.227083 0.00923157
18 0.639844 0.119401 0.0695313 0.0325521 0.00441742
2 0.628516 0.116797 0.053125 0.0278646 0.00408554
2 0.58125 0.115495 0.046875 0.0268229 0.00376511
39 0.601953 0.883854 0.111719 0.230208 0.00319672
13 0.639844 0.119401 0.0695313 0.0325521 0.00298119
46 0.602344 0.883333 0.110937 0.227083 0.00184631
8 0.639063 0.117448 0.071875 0.0322917 0.0017004
0 0.195898 0.0958984 0.0105469 0.0139323 0.00169373
37 0.602344 0.883854 0.110937 0.230208 0.00168705
32 0.603125 0.905729 0.0703125 0.180208 0.00162315
18 0.32207 0.10599 0.01875 0.00989583 0.00152493
29 0.772656 0.592708 0.279687 0.3625 0.00150681
40 0.601953 0.883854 0.111719 0.230208 0.00148964
29 0.603125 0.905729 0.0703125 0.180208 0.00133038
44 0.602344 0.883854 0.110937 0.228125 0.00129414
61 0.602344 0.883854 0.110937 0.230208 0.0012846
2 0.195898 0.0958984 0.0105469 0.0139323 0.00125504
3 0.638281 0.119271 0.071875 0.0338542 0.00123024
2 0.219141 0.0858073 0.0375 0.0351562 0.0011425
46 0.602734 0.89375 0.0703125 0.197917 0.00109863
18 0.326562 0.105241 0.01875 0.0119141 0.00101662
16 0.772656 0.592839 0.279687 0.36224 0.890137
29 0.601953 0.884375 0.111719 0.23125 0.829102
2 0.639063 0.118099 0.071875 0.0320313 0.775879
7 0.639063 0.117969 0.071875 0.0325521 0.0269623
45 0.602344 0.883854 0.111719 0.228125 0.0231476
25 0.639063 0.117969 0.071875 0.0317708 0.0175781
15 0.771875 0.592708 0.278125 0.3625 0.0107803
32 0.601953 0.884375 0.111719 0.23125 0.0103683
41 0.602344 0.883333 0.1125 0.227083 0.0100555
49 0.602344 0.883854 0.111719 0.228125 0.00828552
2 0.628906 0.116667 0.053125 0.0278646 0.00519943
18 0.639844 0.119271 0.0695313 0.0322917 0.00403976
2 0.58125 0.115365 0.0484375 0.0270833 0.00388527
39 0.601953 0.884375 0.111719 0.23125 0.00388527
2 0.585547 0.115104 0.034375 0.0270833 0.00335121
13 0.639844 0.119271 0.0695313 0.0322917 0.00314713
0 0.195898 0.0958333 0.0105469 0.0140625 0.00212479
46 0.602344 0.883854 0.111719 0.228125 0.00206757
2 0.219141 0.0858073 0.0375 0.0351562 0.00200272
8 0.639063 0.117188 0.071875 0.0322917 0.00190449
2 0.195898 0.0958333 0.0105469 0.0140625 0.00185299
37 0.601953 0.883854 0.111719 0.230208 0.00156689
32 0.603125 0.90625 0.0703125 0.179167 0.00155449
40 0.601953 0.884375 0.111719 0.23125 0.00150108
29 0.773047 0.592708 0.280469 0.3625 0.00146103
18 0.322266 0.105859 0.01875 0.00989583 0.00144958
3 0.638281 0.119271 0.071875 0.0338542 0.00139904
0 0.583203 0.114063 0.0351562 0.0270833 0.00118828
29 0.603125 0.90625 0.0703125 0.179167 0.00118828
44 0.602344 0.883854 0.111719 0.228125 0.00118351
38 0.601953 0.884375 0.111719 0.23125 0.00116539
61 0.601953 0.883854 0.111719 0.230208 0.00109863
2 0.202344 0.0921224 0.0199219 0.0214844 0.00104809
47 0.602344 0.883854 0.111719 0.228125 0.00102425
16 0.772656 0.592188 0.279687 0.361458 0.895508
29 0.601953 0.883854 0.111719 0.23125 0.827637
2 0.639063 0.117969 0.071875 0.0317708 0.79834
7 0.639063 0.117708 0.071875 0.0322917 0.0290833
45 0.602344 0.883333 0.1125 0.229167 0.0215302
15 0.771484 0.592708 0.278906 0.3625 0.0180511
25 0.639063 0.117708 0.071875 0.0315104 0.0171051
41 0.601953 0.883333 0.1125 0.227083 0.0107346
32 0.601953 0.883854 0.111719 0.23125 0.0101318
49 0.602344 0.883333 0.1125 0.229167 0.0088501
2 0.628516 0.116406 0.053125 0.0276042 0.00734711
39 0.601953 0.883854 0.111719 0.23125 0.00460815
2 0.585547 0.115104 0.034375 0.0270833 0.0041008
2 0.580859 0.115365 0.0484375 0.0265625 0.00382423
2 0.218945 0.0856771 0.0375 0.0351562 0.00345612
13 0.639844 0.119271 0.0695313 0.0320313 0.00325966
18 0.639844 0.119271 0.0695313 0.0320313 0.00301552
2 0.196094 0.0958333 0.0109375 0.0138021 0.00277901
46 0.602344 0.883333 0.1125 0.229167 0.00260162
0 0.196094 0.0958333 0.0109375 0.0138021 0.00245285
8 0.639063 0.117057 0.071875 0.0317708 0.00177479
32 0.603125 0.906771 0.0703125 0.177083 0.00177479
2 0.20293 0.0914063 0.0214844 0.0226563 0.00168705
40 0.601953 0.883854 0.111719 0.23125 0.00166798
3 0.638281 0.119141 0.071875 0.0335938 0.00144958
37 0.601953 0.883333 0.111719 0.23125 0.00144958
29 0.773047 0.592188 0.278906 0.361458 0.00130463
38 0.601953 0.883854 0.111719 0.23125 0.00126934
0 0.582812 0.114063 0.034375 0.0270833 0.00126457
44 0.602344 0.883854 0.1125 0.228125 0.00126457
47 0.602344 0.883333 0.1125 0.229167 0.00118828
29 0.603125 0.906771 0.0703125 0.177083 0.00117397
18 0.32207 0.105729 0.01875 0.00989583 0.0011158
39 0.766406 0.605729 0.0296875 0.075 0.00102806
16 0.772266 0.592188 0.278906 0.361458 0.908203
29 0.601562 0.883854 0.1125 0.23125 0.830078
2 0.639063 0.117708 0.071875 0.03125 0.808105
7 0.638672 0.117708 0.071875 0.0317708 0.0284424
15 0.771875 0.592708 0.278125 0.3625 0.0179901
25 0.638672 0.117708 0.071875 0.0317708 0.0164642
45 0.602344 0.883333 0.1125 0.229167 0.0161591
32 0.601562 0.883854 0.1125 0.23125 0.0105286
2 0.628906 0.116406 0.053125 0.0270833 0.00963593
41 0.601953 0.883333 0.1125 0.227083 0.00881195
49 0.602344 0.883333 0.1125 0.229167 0.00847626
39 0.601562 0.883854 0.1125 0.23125 0.00521851
2 0.21875 0.0856771 0.0382813 0.0348958 0.00503922
2 0.583594 0.114193 0.0351562 0.0278646 0.00481033
2 0.58125 0.115234 0.05 0.0260417 0.00356483
2 0.196094 0.0957031 0.0109375 0.0138021 0.00335121
13 0.639844 0.119271 0.0695313 0.0317708 0.00316048
46 0.602344 0.883333 0.1125 0.229167 0.00311089
2 0.205273 0.0900391 0.0269531 0.0248698 0.00226974
0 0.196094 0.0957031 0.0109375 0.0138021 0.00224304
18 0.639844 0.119271 0.0695313 0.0317708 0.00205803
32 0.603125 0.907292 0.0703125 0.177083 0.00182438
3 0.638281 0.119141 0.071875 0.0330729 0.00157928
40 0.601562 0.883854 0.1125 0.23125 0.00157356
38 0.601562 0.883854 0.1125 0.23125 0.00154305
8 0.639063 0.116927 0.071875 0.03125 0.0015192
37 0.601953 0.883333 0.111719 0.23125 0.00138855
29 0.772656 0.591667 0.278125 0.360417 0.00135612
47 0.602344 0.883333 0.1125 0.229167 0.00127411
0 0.583203 0.114063 0.034375 0.0265625 0.0012598
44 0.602344 0.883333 0.1125 0.229167 0.00124454
39 0.766406 0.605729 0.0296875 0.075 0.00110722
2 0.181836 0.0970052 0.0171875 0.0145833 0.00109863
29 0.603125 0.907292 0.0703125 0.177083 0.00109863
46 0.602734 0.894271 0.0703125 0.194792 0.00103188
16 0.771875 0.591146 0.279687 0.359375 0.927246
29 0.601953 0.883333 0.111719 0.23125 0.848145
2 0.639063 0.117578 0.071875 0.0304688 0.806641
7 0.638281 0.118229 0.0703125 0.0291667 0.0256653
25 0.639063 0.117448 0.071875 0.03125 0.014061
15 0.771875 0.592188 0.278125 0.360417 0.0129242
45 0.602344 0.883333 0.110937 0.229167 0.0128708
2 0.628125 0.116146 0.053125 0.0268229 0.0116425
32 0.601953 0.883333 0.111719 0.23125 0.0102463
49 0.602344 0.883333 0.110937 0.229167 0.00937653
41 0.601562 0.883333 0.1125 0.227083 0.00757599
2 0.218555 0.0855469 0.0378906 0.0346354 0.00595856
39 0.601953 0.883333 0.111719 0.23125 0.00593567
2 0.583984 0.114063 0.0351562 0.0276042 0.00582123
2 0.196094 0.095638 0.0109375 0.0136719 0.00376511
2 0.58125 0.115234 0.05 0.0255208 0.0037365
13 0.639844 0.11901 0.0695313 0.03125 0.0026722
2 0.206641 0.0895182 0.0304688 0.025651 0.00261116
46 0.602344 0.883333 0.110937 0.229167 0.0024929
0 0.196094 0.095638 0.0109375 0.0136719 0.00218201
32 0.603516 0.908333 0.0703125 0.175 0.00190449
38 0.601953 0.883333 0.111719 0.23125 0.00155449
47 0.602344 0.883333 0.110937 0.229167 0.00138855
40 0.601953 0.883333 0.111719 0.23125 0.00137806
29 0.772266 0.591797 0.278906 0.358073 0.00135136
3 0.637891 0.11901 0.071875 0.0322917 0.00130463
2 0.181836 0.0970052 0.0171875 0.0145833 0.00126934
37 0.602344 0.883333 0.110937 0.23125 0.00124931
0 0.583594 0.114063 0.034375 0.0260417 0.00119686
18 0.639844 0.11901 0.0695313 0.03125 0.00112438
39 0.766406 0.605729 0.0296875 0.075 0.00109863
8 0.639063 0.116667 0.0726563 0.0307292 0.00104427
65 0.601953 0.883333 0.111719 0.229167 0.00103664
2 0.673438 0.122135 0.034375 0.0296875 0.00102425
16 0.772266 0.591146 0.278906 0.357292 0.941895
29 0.601953 0.883854 0.111719 0.230208 0.853027
2 0.639063 0.117448 0.071875 0.0302083 0.790527
7 0.639063 0.116667 0.0734375 0.0307292 0.0212097
2 0.628906 0.115885 0.053125 0.0265625 0.0126266
25 0.639063 0.117448 0.0734375 0.0309896 0.0115967
45 0.602344 0.883854 0.110937 0.228125 0.0100098
15 0.771875 0.590495 0.278125 0.35651 0.00930023
32 0.601953 0.883854 0.111719 0.230208 0.00901794
49 0.602344 0.883854 0.110937 0.228125 0.00847626
2 0.218359 0.0855469 0.0382813 0.0346354 0.00638962
2 0.584375 0.114063 0.0359375 0.0270833 0.00638962
39 0.601953 0.883854 0.111719 0.230208 0.00600433
41 0.601953 0.883333 0.111719 0.227083 0.00566483
2 0.196094 0.0955078 0.0109375 0.0136719 0.00390053
2 0.58125 0.115104 0.05 0.0252604 0.00362206
2 0.208398 0.0889974 0.0335938 0.0266927 0.00286674
0 0.196094 0.0955078 0.0109375 0.0136719 0.00217438
13 0.639844 0.11901 0.0695313 0.03125 0.00214005
29 0.787305 0.624089 0.200391 0.28099 0.00209045
46 0.602344 0.883854 0.110937 0.228125 0.00194931
32 0.603516 0.908854 0.0703125 0.173958 0.00174809
29 0.771875 0.591146 0.278125 0.35625 0.00156689
38 0.601953 0.883854 0.111719 0.230208 0.00148964
2 0.673438 0.121875 0.034375 0.0302083 0.00136662
2 0.181836 0.096875 0.0171875 0.0145833 0.00132465
47 0.602344 0.883854 0.110937 0.228125 0.0012846
0 0.583594 0.114063 0.034375 0.0260417 0.00109482
40 0.601953 0.883854 0.111719 0.230208 0.00105667
65 0.602344 0.883854 0.110937 0.228125 0.00101185
16 0.772266 0.590625 0.278906 0.354167 0.950195
29 0.602344 0.883333 0.110937 0.229167 0.856934
2 0.639063 0.117448 0.071875 0.0296875 0.775879
7 0.639063 0.116536 0.0734375 0.0302083 0.0174408
2 0.627734 0.115885 0.0515625 0.0260417 0.0139008
32 0.602344 0.883333 0.110937 0.229167 0.0091629
25 0.639063 0.117448 0.0734375 0.0307292 0.00854492
45 0.602344 0.883854 0.110937 0.228125 0.00703812
2 0.584375 0.114063 0.0359375 0.0270833 0.0068779
15 0.771875 0.590495 0.278125 0.354427 0.00674438
2 0.218359 0.0855469 0.0386719 0.034375 0.00666809
49 0.602344 0.883854 0.110937 0.228125 0.00557709
39 0.602344 0.883333 0.110937 0.229167 0.00445175
2 0.196094 0.0954427 0.0113281 0.0138021 0.00376511
2 0.58125 0.115104 0.053125 0.025 0.00342941
41 0.602344 0.883333 0.110937 0.227083 0.00337601
2 0.210938 0.0878906 0.0390625 0.0286458 0.00324821
29 0.788281 0.622786 0.2 0.279427 0.00239754
32 0.602734 0.895313 0.0695313 0.192708 0.00208282
0 0.196094 0.0954427 0.0113281 0.0138021 0.00203514
13 0.639844 0.11901 0.0695313 0.0307292 0.00179577
29 0.771875 0.590755 0.278125 0.353906 0.00172043
2 0.673047 0.121615 0.0359375 0.0307292 0.0017004
46 0.602344 0.883854 0.110937 0.228125 0.00168133
38 0.602344 0.883333 0.110937 0.229167 0.00168133
2 0.182031 0.0968099 0.0171875 0.0147135 0.0012598
29 0.602734 0.895313 0.0695313 0.192708 0.00107288
65 0.602344 0.883854 0.110937 0.228125 0.00106525
47 0.602344 0.883854 0.110937 0.228125 0.00104427
37 0.602344 0.883333 0.110937 0.229167 0.00102806
16 0.771875 0.589583 0.278125 0.352083 0.956543
29 0.602344 0.883333 0.110937 0.229167 0.875
2 0.639063 0.117708 0.071875 0.0302083 0.773438
2 0.627344 0.116016 0.0515625 0.0263021 0.0161591
7 0.639844 0.11901 0.0695313 0.03125 0.0156708
32 0.602344 0.883333 0.110937 0.229167 0.00871277
2 0.585156 0.114063 0.0375 0.0270833 0.00857544
2 0.218164 0.0856771 0.0390625 0.034375 0.00806427
15 0.771875 0.589063 0.276563 0.352083 0.00598145
45 0.602344 0.884375 0.110937 0.229167 0.00572968
25 0.639063 0.117448 0.0734375 0.03125 0.00521851
2 0.196094 0.0954427 0.0117188 0.0140625 0.00439835
2 0.2125 0.0869792 0.04375 0.0307292 0.00428009
49 0.602344 0.884375 0.110937 0.229167 0.00416565
2 0.58125 0.115104 0.0546875 0.0252604 0.00385475
39 0.602344 0.883333 0.110937 0.229167 0.00342941
41 0.602344 0.884375 0.110937 0.229167 0.00261116
29 0.788281 0.620964 0.2 0.28099 0.002388
2 0.672266 0.121094 0.0375 0.0317708 0.00234222
0 0.196094 0.0954427 0.0117188 0.0140625 0.00188923
38 0.602344 0.883333 0.110937 0.229167 0.00183868
32 0.602734 0.895313 0.0695313 0.19375 0.00169373
13 0.639844 0.11901 0.0695313 0.03125 0.00154877
2 0.18208 0.0967448 0.0178711 0.0148438 0.00150108
46 0.602344 0.884375 0.110937 0.229167 0.00148964
29 0.771875 0.589714 0.278125 0.351823 0.00148964
37 0.601953 0.883333 0.110937 0.229167 0.00115108
65 0.602344 0.884375 0.110937 0.227083 0.00107765
2 0.230469 0.0860026 0.0605469 0.0376302 0.00106907
29 0.602734 0.895313 0.0695313 0.19375 0.00103664
16 0.771875 0.589063 0.278125 0.353125 0.961914
29 0.602344 0.883333 0.110937 0.229167 0.897461
2 0.638672 0.117708 0.0726563 0.0304688 0.763672
7 0.6375 0.119531 0.071875 0.0328125 0.0165253
2 0.628125 0.116016 0.053125 0.0270833 0.0164032
2 0.217969 0.0856771 0.0394531 0.0346354 0.00908661
2 0.585156 0.113932 0.0390625 0.0278646 0.00901794
32 0.602344 0.883854 0.110937 0.230208 0.00784302
15 0.771875 0.589063 0.276563 0.353125 0.00572968
45 0.602344 0.884375 0.110937 0.229167 0.00479126
2 0.196094 0.0953125 0.0117188 0.0145833 0.00429916
2 0.581641 0.114974 0.0585938 0.0257813 0.00408554
25 0.639063 0.117448 0.0734375 0.0317708 0.00366402
49 0.602344 0.884375 0.110937 0.229167 0.00329781
2 0.671094 0.120573 0.040625 0.0328125 0.00283432
39 0.602344 0.883854 0.110937 0.230208 0.00242424
41 0.602344 0.884375 0.110937 0.229167 0.00221634
38 0.602344 0.883854 0.110937 0.230208 0.00187492
0 0.196094 0.0953125 0.0117188 0.0145833 0.00168705
2 0.182227 0.0967448 0.0179687 0.0151042 0.00146675
29 0.772266 0.589583 0.277344 0.352083 0.00129986
2 0.230664 0.0860677 0.0613281 0.0377604 0.00123501
13 0.639844 0.11901 0.0703125 0.0315104 0.00122547
32 0.602734 0.895833 0.0695313 0.19375 0.00117874
2 0.209766 0.0855469 0.0476562 0.0354167 0.00116062
46 0.602344 0.884375 0.110937 0.229167 0.00109005
29 0.789062 0.616667 0.201563 0.291667 0.00102043
16 0.773047 0.589063 0.278906 0.353125 0.973633
29 0.602344 0.883333 0.110937 0.229167 0.917969
2 0.639063 0.117839 0.0734375 0.0307292 0.764648
7 0.6375 0.119401 0.071875 0.0330729 0.0228882
2 0.626172 0.116146 0.0484375 0.0265625 0.0148392
2 0.585938 0.114063 0.0390625 0.0276042 0.00818634
32 0.602344 0.883854 0.110937 0.230208 0.00582123
15 0.772266 0.589063 0.277344 0.354167 0.00484848
2 0.218359 0.0856771 0.0390625 0.0348958 0.0046463
2 0.196094 0.0957031 0.0117188 0.0138021 0.00424957
2 0.58125 0.114844 0.0546875 0.0255208 0.00403976
49 0.602344 0.884375 0.110937 0.229167 0.00400543
45 0.602344 0.884375 0.110937 0.229167 0.00362206
25 0.639063 0.117448 0.0734375 0.0320313 0.00356483
2 0.671875 0.121094 0.0390625 0.0320313 0.00300407
2 0.210547 0.0890625 0.0386719 0.0270833 0.00255013
29 0.789062 0.61862 0.2 0.28776 0.00194931
41 0.602344 0.884375 0.110937 0.229167 0.00194168
38 0.602344 0.883854 0.110937 0.230208 0.00178909
29 0.773047 0.589453 0.278906 0.352344 0.00156116
0 0.196094 0.0957031 0.0117188 0.0138021 0.00153065
39 0.602344 0.883854 0.110937 0.230208 0.00142097
13 0.639844 0.11875 0.0703125 0.0317708 0.00134087
2 0.182227 0.0969401 0.0175781 0.0147135 0.00129414
2 0.322656 0.10612 0.0195312 0.00989583 0.00104809
16 0.773438 0.589063 0.279687 0.354167 0.974609
29 0.602344 0.883333 0.110937 0.229167 0.916016
2 0.638281 0.118099 0.0734375 0.0309896 0.749023
7 0.6375 0.119141 0.071875 0.0330729 0.0273743
2 0.625781 0.116146 0.0476562 0.0265625 0.0138474
2 0.585938 0.114063 0.0390625 0.0276042 0.0068512
15 0.772656 0.589063 0.278125 0.353125 0.00452042
32 0.602344 0.884375 0.110156 0.23125 0.00446701
49 0.602344 0.884375 0.110937 0.229167 0.00416565
2 0.582031 0.114844 0.0539063 0.0255208 0.00341606
2 0.196289 0.0957682 0.0117188 0.0136719 0.00335121
25 0.639063 0.117448 0.0734375 0.0322917 0.00328636
2 0.672656 0.121224 0.0375 0.0315104 0.00302696
45 0.602344 0.884375 0.110937 0.229167 0.00288963
2 0.218359 0.085612 0.0390625 0.035026 0.0024929
38 0.602344 0.884375 0.110156 0.23125 0.00181007
29 0.790625 0.617839 0.201563 0.291406 0.00164223
41 0.602344 0.884375 0.110937 0.229167 0.00161076
2 0.208594 0.0904948 0.034375 0.0242188 0.00148964
29 0.773438 0.589714 0.279687 0.353906 0.0014267
13 0.639844 0.11875 0.0703125 0.0320313 0.00136662
0 0.196289 0.0957682 0.0117188 0.0136719 0.00123978
2 0.322656 0.10625 0.0199219 0.00989583 0.00114727
16 0.773828 0.589453 0.280469 0.354427 0.972168
29 0.602344 0.884375 0.110156 0.229167 0.905762
2 0.638281 0.118229 0.0734375 0.03125 0.728027
7 0.6375 0.11901 0.0726563 0.0328125 0.0293121
2 0.626563 0.116146 0.0484375 0.0265625 0.011467
2 0.585938 0.114193 0.0390625 0.0278646 0.00536346
49 0.602344 0.884375 0.110937 0.229167 0.00466537
15 0.773047 0.589453 0.278906 0.354427 0.0046463
32 0.602344 0.884375 0.110156 0.23125 0.00363541
25 0.639063 0.117578 0.0734375 0.0325521 0.00296974
2 0.582812 0.114974 0.0546875 0.0252604 0.00279999
2 0.673047 0.121354 0.0367188 0.03125 0.00255013
2 0.196094 0.0958333 0.0117188 0.0135417 0.00229645
45 0.602344 0.884375 0.110937 0.229167 0.00216484
38 0.602344 0.884375 0.110156 0.23125 0.00189686
13 0.639453 0.11875 0.0710938 0.0322917 0.00140476
2 0.214844 0.0849609 0.0445313 0.0355469 0.00124454
41 0.602344 0.884375 0.110937 0.229167 0.00124454
29 0.773828 0.589583 0.280469 0.354167 0.00108624
2 0.322656 0.10638 0.0203125 0.00963542 0.00107288
16 0.773438 0.589063 0.28125 0.354167 0.966309
29 0.602344 0.884375 0.110937 0.229167 0.90332
2 0.638672 0.118229 0.0734375 0.03125 0.712402
7 0.6375 0.11901 0.0726563 0.0328125 0.0311432
2 0.627344 0.116276 0.05 0.0268229 0.0104065
15 0.772656 0.589453 0.279687 0.354427 0.00460815
2 0.585547 0.114323 0.0398437 0.0276042 0.00443268
49 0.602344 0.884375 0.110937 0.229167 0.00415039
32 0.602344 0.884375 0.109375 0.23125 0.00283432
25 0.639063 0.117578 0.0734375 0.0325521 0.00256157
2 0.582812 0.114974 0.05625 0.0255208 0.00235939
2 0.673438 0.121615 0.0359375 0.03125 0.00218201
38 0.602344 0.884375 0.109375 0.23125 0.00190449
2 0.196094 0.0959635 0.0117188 0.0135417 0.00189686
45 0.602344 0.884375 0.110937 0.229167 0.0016613
13 0.639453 0.11875 0.0710938 0.0322917 0.00146675
16 0.773828 0.589453 0.282031 0.354427 0.961914
29 0.602734 0.884375 0.110156 0.229167 0.911621
2 0.638672 0.118229 0.0734375 0.03125 0.697754
7 0.6375 0.11888 0.071875 0.0328125 0.0333252
2 0.627344 0.116406 0.0507812 0.0265625 0.00959778
49 0.602734 0.884375 0.110156 0.229167 0.00477219
15 0.773047 0.589583 0.280469 0.355208 0.00383949
2 0.585547 0.114323 0.0382813 0.0276042 0.00369263
25 0.639453 0.117708 0.0734375 0.0325521 0.00274658
32 0.602344 0.884375 0.109375 0.23125 0.00232315
2 0.582812 0.114974 0.0546875 0.0252604 0.0020504
38 0.602344 0.884375 0.109375 0.23125 0.0018177
2 0.674219 0.121875 0.034375 0.0302083 0.00181007
13 0.639453 0.11875 0.0710938 0.0322917 0.00152493
45 0.602734 0.884375 0.110156 0.229167 0.00151253
2 0.196094 0.0959635 0.0117188 0.0132813 0.00124931
5 0.6375 0.11888 0.071875 0.0328125 0.00109863
16 0.773438 0.589714 0.28125 0.35599 0.959473
29 0.602734 0.884375 0.110156 0.229167 0.922852
2 0.638672 0.118229 0.0734375 0.03125 0.695801
7 0.6375 0.11888 0.071875 0.0328125 0.0344849
2 0.627344 0.116406 0.0507812 0.0265625 0.00948334
49 0.602734 0.884375 0.110156 0.229167 0.00434875
2 0.585156 0.114323 0.0375 0.0276042 0.00365067
15 0.771875 0.589583 0.28125 0.352083 0.00312424
25 0.639453 0.117708 0.0734375 0.0325521 0.00269318
2 0.582031 0.114844 0.053125 0.025 0.00234222
32 0.602344 0.884375 0.109375 0.23125 0.00215721
38 0.602344 0.884375 0.109375 0.23125 0.00183868
2 0.674219 0.121875 0.034375 0.0302083 0.00171375
13 0.639453 0.11875 0.0710938 0.0322917 0.00154877
45 0.602734 0.884375 0.110156 0.229167 0.00135136
5 0.6375 0.11888 0.071875 0.0328125 0.00118828
2 0.196094 0.0959635 0.0117188 0.0132813 0.00114727
16 0.773828 0.589583 0.282031 0.35625 0.958496
29 0.602344 0.884375 0.110937 0.229167 0.932129
2 0.638672 0.118229 0.0734375 0.03125 0.716797
7 0.6375 0.11901 0.071875 0.0328125 0.0332031
2 0.627344 0.116406 0.05 0.0265625 0.0102921
2 0.585156 0.114323 0.0375 0.0276042 0.00419998
49 0.602344 0.883854 0.110937 0.228125 0.00380898
15 0.771875 0.589583 0.28125 0.352083 0.00351143
2 0.58125 0.114844 0.0515625 0.025 0.00305176
25 0.639453 0.117708 0.0734375 0.0322917 0.00265312
32 0.602344 0.884375 0.109375 0.23125 0.00248146
38 0.602344 0.884375 0.109375 0.23125 0.00193405
2 0.674219 0.121875 0.034375 0.0302083 0.00179577
13 0.639453 0.11862 0.0710938 0.0325521 0.00150681
45 0.602344 0.883854 0.110937 0.228125 0.0014267
2 0.196094 0.0959635 0.0117188 0.0132813 0.0012846
5 0.6375 0.11901 0.071875 0.0328125 0.00107288
41 0.602344 0.883854 0.110937 0.228125 0.00103188
16 0.773438 0.589583 0.28125 0.355208 0.959961
29 0.602344 0.884375 0.110937 0.229167 0.938477
2 0.638672 0.118229 0.0734375 0.03125 0.737305
7 0.6375 0.11901 0.071875 0.0328125 0.0318604
2 0.626563 0.116406 0.0492188 0.0265625 0.0110321
2 0.585156 0.114323 0.0375 0.0276042 0.00469971
49 0.602344 0.883854 0.110937 0.228125 0.00399017
2 0.58125 0.114844 0.0515625 0.025 0.00365067
15 0.771875 0.589583 0.28125 0.352083 0.00345612
25 0.639453 0.117708 0.0734375 0.0322917 0.00283432
32 0.602344 0.884375 0.109375 0.23125 0.00263214
38 0.602344 0.884375 0.109375 0.23125 0.00190449
2 0.674219 0.121875 0.034375 0.0302083 0.00183105
13 0.639453 0.11875 0.0710938 0.0322917 0.00153637
45 0.602344 0.883854 0.110937 0.228125 0.0014782
2 0.196289 0.0958333 0.0117188 0.0132813 0.00143242
41 0.602344 0.883854 0.110937 0.228125 0.00108147
5 0.6375 0.11901 0.071875 0.0328125 0.00101662
16 0.773438 0.589714 0.28125 0.35599 0.961426
29 0.602344 0.884375 0.110937 0.229167 0.940918
2 0.638672 0.118229 0.0734375 0.03125 0.749023
7 0.6375 0.11901 0.071875 0.0328125 0.0314941
2 0.626563 0.116406 0.0484375 0.0265625 0.0113297
2 0.584375 0.114323 0.0359375 0.0276042 0.00492477
49 0.602344 0.883854 0.110937 0.228125 0.00438309
2 0.580469 0.114844 0.05 0.025 0.00421524
15 0.771875 0.589583 0.28125 0.352083 0.00363541
25 0.639453 0.117708 0.0734375 0.0322917 0.00331116
32 0.602344 0.884375 0.110156 0.23125 0.00279999
38 0.602344 0.884375 0.110156 0.23125 0.00201988
2 0.674609 0.121875 0.0335938 0.0302083 0.00179577
13 0.639453 0.11849 0.0710938 0.0322917 0.00163555
45 0.602344 0.883854 0.110937 0.228125 0.00157356
2 0.196289 0.0958333 0.0117188 0.0132813 0.00143242
41 0.602344 0.883854 0.110937 0.228125 0.00113773
37 0.602344 0.884375 0.110156 0.23125 0.00112438
5 0.6375 0.11901 0.071875 0.0328125 0.00104809
16 0.773438 0.589583 0.28125 0.35625 0.962891
29 0.602344 0.884896 0.110937 0.228125 0.943359
2 0.638672 0.118229 0.0734375 0.03125 0.754883
7 0.6375 0.11901 0.071875 0.0330729 0.0327148
2 0.625781 0.116276 0.0476562 0.0263021 0.0119171
2 0.584375 0.114323 0.0359375 0.0276042 0.00536346
2 0.580469 0.114844 0.0484375 0.025 0.0049057
49 0.602344 0.883854 0.110937 0.228125 0.00450516
25 0.639453 0.117708 0.0734375 0.0322917 0.00358009
15 0.771875 0.589583 0.28125 0.352083 0.00342941
32 0.602344 0.884375 0.110156 0.23125 0.00281143
38 0.602344 0.884375 0.110156 0.23125 0.00202751
2 0.675 0.121875 0.0328125 0.0299479 0.00178909
13 0.639453 0.11849 0.0710938 0.0322917 0.00168705
45 0.602344 0.883854 0.110937 0.228125 0.00151253
2 0.196484 0.0958333 0.0117188 0.0132813 0.00146675
37 0.602344 0.884375 0.110156 0.23125 0.00136662
5 0.6375 0.11901 0.071875 0.0330729 0.0011425
41 0.602344 0.883854 0.110937 0.228125 0.0011425
16 0.773438 0.589583 0.28125 0.35625 0.963379
29 0.602344 0.884896 0.110937 0.228125 0.943848
2 0.638672 0.118229 0.0734375 0.03125 0.756348
7 0.6375 0.11901 0.071875 0.0330729 0.0327148
2 0.625781 0.116146 0.046875 0.0260417 0.0119629
2 0.584375 0.114453 0.0359375 0.0273438 0.00547028
2 0.580469 0.114714 0.0484375 0.0252604 0.0050621
49 0.602344 0.883854 0.110937 0.228125 0.00450516
25 0.639453 0.117708 0.0734375 0.0322917 0.00356483
15 0.771875 0.589583 0.28125 0.352083 0.00342941
32 0.602344 0.884375 0.110156 0.23125 0.00279999
38 0.602344 0.884375 0.110156 0.23125 0.00201988
2 0.675 0.121875 0.0328125 0.0302083 0.00181007
13 0.639453 0.11862 0.0710938 0.0325521 0.00166798
45 0.602344 0.883854 0.110937 0.228125 0.00150108
2 0.196484 0.0958333 0.0117188 0.0132813 0.00148964
37 0.602344 0.884375 0.110156 0.23125 0.00134563
5 0.6375 0.11901 0.071875 0.0330729 0.0011425
41 0.602344 0.883854 0.110937 0.228125 0.00112915
