28 0.838407 0.766016 0.323185 0.346094 0.906738
0 0.496341 0.519141 0.344555 0.849219 0.85498
0 0.327576 0.663281 0.327283 0.542188 0.836426
56 0.523419 0.934375 0.922717 0.11875 0.0223694
13 0.523419 0.934375 0.922717 0.11875 0.0142288
0 0.318501 0.597656 0.298595 0.410938 0.013588
28 0.53147 0.932813 0.925351 0.117188 0.0130692
56 0.108314 0.934375 0.0995316 0.125 0.0114212
59 0.53147 0.932813 0.925351 0.117188 0.0100937
26 0.838407 0.765234 0.323185 0.347656 0.00763702
62 0.838407 0.766406 0.323185 0.348438 0.00540543
65 0.194087 0.759375 0.0386417 0.0640625 0.00439835
41 0.497658 0.482031 0.059719 0.046875 0.00431442
28 0.845433 0.785937 0.306792 0.170313 0.00388527
0 0.509368 0.123633 0.0608899 0.0585938 0.00366402
57 0.523419 0.934375 0.922717 0.11875 0.00351143
60 0.5363 0.959375 0.922717 0.059375 0.00331116
59 0.539227 0.960156 0.912178 0.0578125 0.00317192
60 0.529274 0.945312 0.920375 0.090625 0.00305176
71 0.53147 0.932813 0.925351 0.117188 0.0029583
28 0.844262 0.821094 0.311475 0.235938 0.00286674
28 0.370023 0.836133 0.113583 0.180859 0.00253105
24 0.838407 0.765234 0.323185 0.347656 0.00240517
13 0.539227 0.960156 0.912178 0.0578125 0.00239754
56 0.837822 0.766406 0.322014 0.348438 0.00237846
69 0.53147 0.932813 0.925351 0.117188 0.00225258
56 0.369731 0.935156 0.611827 0.125 0.00217438
40 0.194087 0.759375 0.0386417 0.0640625 0.00210762
57 0.837822 0.766406 0.322014 0.348438 0.00197983
70 0.838407 0.766016 0.323185 0.346094 0.00183105
24 0.569672 0.196289 0.115925 0.120703 0.00168133
65 0.487119 0.924219 0.25644 0.0296875 0.00168133
0 0.498829 0.12207 0.0444965 0.0605469 0.0016489
68 0.838407 0.766406 0.323185 0.348438 0.00161076
41 0.192623 0.758203 0.0433255 0.0617188 0.00157928
56 0.318501 0.597656 0.298595 0.410938 0.00152493
67 0.838407 0.766406 0.323185 0.348438 0.00146103
28 0.838993 0.659375 0.31733 0.132812 0.00145531
26 0.593677 0.484375 0.145199 0.122656 0.00141048
72 0.493999 0.512109 0.346897 0.846094 0.00138283
26 0.370023 0.836133 0.113583 0.180859 0.00131512
62 0.539227 0.960156 0.912178 0.0578125 0.00130463
71 0.521663 0.959375 0.778688 0.059375 0.0012846
57 0.539227 0.960156 0.912178 0.0578125 0.00124454
69 0.837822 0.766406 0.322014 0.348438 0.00123978
26 0.571429 0.261133 0.175644 0.226172 0.00118351
65 0.18911 0.760156 0.0515222 0.06875 0.00115585
28 0.539227 0.960156 0.912178 0.0578125 0.00110722
13 0.527078 0.8625 0.924766 0.248438 0.00106525
68 0.529274 0.945312 0.920375 0.090625 0.00106525
56 0.507611 0.832617 0.791569 0.241016 0.00104046
8 0.53147 0.932813 0.925351 0.117188 0.00103188
65 0.361827 0.773438 0.0796253 0.06875 0.00102806
28 0.838407 0.765625 0.323185 0.346875 0.916504
0 0.494731 0.510938 0.348946 0.848437 0.864258
0 0.327869 0.663672 0.325527 0.544531 0.848145
56 0.53103 0.934375 0.937939 0.11875 0.0245209
56 0.108241 0.934375 0.099678 0.125 0.0128708
13 0.525176 0.934375 0.925058 0.11875 0.0125275
28 0.53103 0.932813 0.923888 0.11875 0.0124817
59 0.53103 0.932813 0.923888 0.11875 0.0116882
26 0.838407 0.765625 0.323185 0.348438 0.00775528
41 0.497658 0.482031 0.058548 0.046875 0.00600433
0 0.317623 0.581641 0.298009 0.383594 0.005867
65 0.193794 0.758984 0.0386417 0.0632813 0.00460815
0 0.507026 0.122754 0.0562061 0.0615234 0.00450516
28 0.845433 0.786719 0.306792 0.16875 0.00407028
57 0.525176 0.934375 0.925058 0.11875 0.00400543
60 0.537617 0.959375 0.920082 0.059375 0.0039444
60 0.52942 0.945312 0.91774 0.0875 0.00385475
71 0.53103 0.932813 0.923888 0.11875 0.00376511
28 0.844262 0.821094 0.311475 0.235938 0.00341606
62 0.838993 0.766016 0.322014 0.349219 0.00332451
59 0.540398 0.959375 0.909836 0.05625 0.00314713
28 0.370023 0.836719 0.113583 0.179688 0.00292397
40 0.193794 0.758984 0.0386417 0.0632813 0.00259018
57 0.838407 0.766406 0.323185 0.35 0.00245285
41 0.192623 0.758203 0.04274 0.0617188 0.0024147
24 0.838407 0.765625 0.323185 0.348438 0.00239754
65 0.48829 0.921875 0.264637 0.03125 0.002388
69 0.53103 0.932813 0.923888 0.11875 0.00234222
56 0.32377 0.935938 0.521077 0.125 0.00222588
56 0.838407 0.766406 0.323185 0.35 0.00221634
0 0.497658 0.121875 0.0421546 0.0601563 0.00194168
13 0.540398 0.959375 0.909836 0.05625 0.00178242
26 0.593677 0.484375 0.14637 0.121875 0.0017271
24 0.570258 0.196436 0.117096 0.121191 0.00170708
56 0.318501 0.601562 0.297424 0.420312 0.00170708
71 0.522834 0.959375 0.779859 0.059375 0.00167465
28 0.838993 0.658984 0.31733 0.132812 0.0016613
70 0.838407 0.765625 0.323185 0.346875 0.00157928
26 0.571429 0.263672 0.175644 0.233594 0.00142097
56 0.144028 0.935938 0.166862 0.123438 0.00139904
26 0.369438 0.828906 0.112412 0.192188 0.00138855
57 0.540398 0.959375 0.909836 0.05625 0.00124931
65 0.361827 0.772656 0.0796253 0.06875 0.00123024
67 0.838993 0.766016 0.322014 0.349219 0.00121593
65 0.18911 0.760156 0.0515222 0.06875 0.00116539
72 0.495316 0.511328 0.345433 0.846094 0.00116062
59 0.838407 0.766406 0.323185 0.35 0.00114727
61 0.522834 0.934375 0.919204 0.11875 0.00114727
39 0.193794 0.758984 0.0386417 0.0632813 0.0011158
68 0.838993 0.766016 0.322014 0.349219 0.0011158
65 0.483607 0.928125 0.248244 0.025 0.00105667
8 0.53103 0.932813 0.923888 0.11875 0.00102425
40 0.18911 0.760156 0.0515222 0.06875 0.00102043
28 0.838407 0.766016 0.323185 0.347656 0.915527
0 0.495316 0.510547 0.348946 0.847656 0.86377
0 0.327283 0.663672 0.324356 0.544531 0.850586
56 0.531177 0.934375 0.937646 0.11875 0.0253754
56 0.108314 0.935156 0.0995316 0.125 0.0146713
59 0.53103 0.93125 0.923888 0.11875 0.0127716
13 0.525176 0.934375 0.926229 0.11875 0.0120087
28 0.53103 0.93125 0.923888 0.11875 0.011734
41 0.497658 0.482031 0.058548 0.0460938 0.00717545
26 0.838407 0.765234 0.323185 0.349219 0.00709534
0 0.317916 0.583203 0.298595 0.386719 0.00616837
65 0.193794 0.758984 0.0380562 0.0632813 0.00460815
0 0.50644 0.122656 0.0562061 0.0613281 0.00453949
71 0.53103 0.93125 0.923888 0.11875 0.00450516
57 0.525176 0.934375 0.926229 0.11875 0.00421524
60 0.530299 0.946875 0.915984 0.0875 0.00421524
28 0.845433 0.7875 0.30445 0.167187 0.00413513
60 0.539666 0.960156 0.918325 0.0578125 0.00376511
28 0.844262 0.82168 0.311475 0.234766 0.00370789
28 0.370023 0.837305 0.113583 0.178516 0.00298119
59 0.540984 0.960156 0.908665 0.05625 0.0029583
62 0.838993 0.765625 0.322014 0.35 0.00291252
65 0.48829 0.921875 0.265808 0.03125 0.00274658
41 0.192623 0.758203 0.0421546 0.0617188 0.00271416
57 0.838407 0.766406 0.323185 0.35 0.00245285
69 0.53103 0.93125 0.923888 0.11875 0.00239754
40 0.193794 0.758984 0.0380562 0.0632813 0.00235939
56 0.325527 0.935938 0.52459 0.125 0.00224304
24 0.838407 0.765234 0.323185 0.349219 0.00221634
56 0.838407 0.766406 0.323185 0.35 0.00214958
0 0.497073 0.12168 0.0398126 0.0597656 0.00195694
26 0.593677 0.484375 0.14637 0.121875 0.00195694
28 0.838993 0.658984 0.31733 0.132812 0.00176811
71 0.525176 0.959375 0.783372 0.0578125 0.0017004
60 0.530884 0.934375 0.938232 0.121875 0.0017004
56 0.319087 0.600391 0.298595 0.417969 0.00168133
65 0.468384 0.921094 0.213115 0.0265625 0.00161076
24 0.570258 0.196289 0.117096 0.120703 0.00160408
70 0.838407 0.766016 0.323185 0.347656 0.00158501
26 0.571429 0.263867 0.175644 0.233203 0.00148964
56 0.153469 0.935938 0.186036 0.123438 0.00148964
26 0.369438 0.829688 0.112412 0.192188 0.00137806
59 0.838407 0.766406 0.323185 0.35 0.00137806
13 0.540984 0.960156 0.908665 0.05625 0.00136185
72 0.49517 0.510938 0.344555 0.845313 0.00124454
67 0.838993 0.765625 0.322014 0.35 0.00124454
61 0.523566 0.934375 0.920082 0.11875 0.00124454
65 0.431499 0.920313 0.140515 0.028125 0.00118828
65 0.361827 0.772656 0.0796253 0.06875 0.00117397
39 0.193794 0.758984 0.0380562 0.0632813 0.00116062
57 0.540984 0.960156 0.908665 0.05625 0.00113392
65 0.483607 0.928906 0.248244 0.025 0.0011158
65 0.18911 0.760156 0.0509368 0.06875 0.00107288
28 0.837822 0.765625 0.324356 0.348438 0.911133
0 0.497512 0.51875 0.344555 0.848437 0.862793
0 0.327283 0.664062 0.324356 0.545313 0.849609
56 0.531177 0.934375 0.937646 0.121875 0.0290833
56 0.108241 0.934375 0.099678 0.125 0.0167236
59 0.53103 0.93125 0.923888 0.120313 0.0142288
28 0.53103 0.93125 0.923888 0.120313 0.011116
0 0.317916 0.580469 0.299766 0.38125 0.0102921
13 0.526932 0.934375 0.9274 0.120313 0.00967407
41 0.497658 0.482031 0.058548 0.0460938 0.00812531
26 0.837822 0.765625 0.324356 0.35 0.00766754
71 0.53103 0.93125 0.923888 0.120313 0.0055542
65 0.194087 0.758984 0.0368852 0.0617188 0.00534439
60 0.530445 0.947656 0.915691 0.0859375 0.00518036
28 0.844262 0.791406 0.309133 0.182812 0.00460815
57 0.524005 0.934375 0.920375 0.11875 0.00439835
60 0.540984 0.960938 0.915691 0.059375 0.0039444
0 0.505855 0.122656 0.0550351 0.0609375 0.00378036
65 0.488144 0.920313 0.26493 0.03125 0.00372124
59 0.542301 0.960938 0.90603 0.05625 0.00345612
41 0.192623 0.757812 0.0421546 0.0609375 0.00274658
69 0.53103 0.93125 0.923888 0.120313 0.00255013
28 0.370023 0.836133 0.113583 0.180859 0.00252151
24 0.838407 0.766016 0.323185 0.350781 0.00251198
65 0.460041 0.921094 0.197014 0.0265625 0.002388
56 0.32721 0.935938 0.527078 0.125 0.00235939
40 0.194087 0.758984 0.0368852 0.0617188 0.00229645
26 0.593677 0.483594 0.14637 0.120313 0.00221634
57 0.838407 0.766016 0.323185 0.350781 0.00209999
56 0.318501 0.597266 0.299766 0.411719 0.00199509
60 0.525615 0.933594 0.913642 0.121875 0.00194931
0 0.495902 0.283789 0.336066 0.377734 0.00193405
65 0.426815 0.920313 0.132318 0.028125 0.00191212
62 0.838407 0.766016 0.323185 0.350781 0.00189686
28 0.838993 0.658594 0.31733 0.132812 0.00188255
65 0.485948 0.926562 0.259953 0.03125 0.00178242
56 0.156323 0.935938 0.191452 0.123438 0.00176811
0 0.496487 0.121289 0.0374707 0.0589844 0.00169373
71 0.526786 0.959375 0.787178 0.059375 0.0016489
65 0.361827 0.773438 0.0784543 0.065625 0.00160408
56 0.838407 0.766016 0.323185 0.350781 0.00160408
24 0.570258 0.195752 0.117096 0.119434 0.00155449
73 0.426815 0.920313 0.132318 0.028125 0.00148964
59 0.838407 0.766016 0.323185 0.350781 0.00148964
26 0.571429 0.2625 0.175644 0.229687 0.0014782
70 0.837822 0.765625 0.324356 0.348438 0.00144386
61 0.524005 0.934375 0.920375 0.11875 0.00140476
26 0.369438 0.829688 0.112412 0.19375 0.00139904
57 0.542301 0.960938 0.90603 0.05625 0.00126457
72 0.494731 0.511719 0.345433 0.845313 0.00122547
56 0.530445 0.947656 0.915691 0.0859375 0.0012064
13 0.542301 0.960938 0.90603 0.05625 0.0012064
65 0.18911 0.760156 0.0515222 0.06875 0.00115108
39 0.194087 0.758984 0.0368852 0.0617188 0.00107765
28 0.838407 0.766406 0.323185 0.348438 0.909668
0 0.497512 0.519141 0.344555 0.849219 0.862305
0 0.325234 0.664062 0.321429 0.546875 0.835938
56 0.531616 0.934375 0.936768 0.120313 0.0278015
56 0.108241 0.934375 0.099678 0.125 0.0144501
0 0.317916 0.580469 0.299766 0.38125 0.0137939
59 0.531616 0.932031 0.922717 0.120313 0.0137939
13 0.528688 0.934375 0.930913 0.11875 0.00926971
26 0.838407 0.766016 0.323185 0.350781 0.00847626
28 0.531616 0.932031 0.922717 0.120313 0.00818634
41 0.497658 0.482031 0.058548 0.0460938 0.00698471
59 0.53103 0.954688 0.91452 0.071875 0.00664139
71 0.531616 0.932031 0.922717 0.120313 0.00616837
60 0.53103 0.954688 0.91452 0.071875 0.00508118
28 0.844848 0.790625 0.307963 0.178125 0.00469971
60 0.531616 0.932031 0.922717 0.120313 0.00419998
65 0.194379 0.759375 0.0362998 0.0609375 0.00415039
57 0.524737 0.934375 0.920082 0.11875 0.00397491
65 0.486973 0.920313 0.26493 0.03125 0.00358009
24 0.838407 0.766016 0.323185 0.350781 0.00283432
0 0.504684 0.122656 0.0538642 0.0605469 0.00263214
65 0.454333 0.921094 0.185012 0.0265625 0.00255013
71 0.53103 0.954688 0.91452 0.071875 0.00248146
69 0.531616 0.932031 0.922717 0.120313 0.00239754
28 0.840749 0.8125 0.309133 0.25 0.00225258
56 0.328162 0.935938 0.528688 0.125 0.00218201
65 0.425059 0.920313 0.127635 0.028125 0.00213242
41 0.192623 0.757422 0.0409836 0.0601563 0.00201035
26 0.594262 0.483594 0.145199 0.11875 0.00195694
0 0.496341 0.282813 0.335187 0.375781 0.00192642
28 0.53103 0.954688 0.91452 0.071875 0.00191879
69 0.53103 0.954688 0.91452 0.071875 0.00189686
0 0.420375 0.507812 0.507026 0.840625 0.00187492
73 0.417447 0.920313 0.111241 0.028125 0.00186729
57 0.53103 0.954688 0.91452 0.071875 0.00186729
28 0.838993 0.658594 0.31733 0.132812 0.00177479
56 0.170887 0.935938 0.220287 0.123438 0.00163555
56 0.317916 0.592578 0.298595 0.402344 0.00161076
28 0.370023 0.835938 0.113583 0.18125 0.00157928
65 0.485363 0.926562 0.261124 0.03125 0.0014782
57 0.838407 0.766016 0.323185 0.350781 0.00146675
65 0.361827 0.773438 0.0784543 0.065625 0.00143242
72 0.494145 0.512109 0.347775 0.847656 0.00142097
61 0.524737 0.934375 0.920082 0.11875 0.00130463
40 0.194379 0.759375 0.0362998 0.0609375 0.00127411
24 0.571429 0.195508 0.117096 0.118359 0.00125504
0 0.495902 0.120996 0.0362998 0.0580078 0.00124454
59 0.838407 0.766016 0.323185 0.350781 0.00123978
70 0.838407 0.766406 0.323185 0.348438 0.00123024
56 0.838407 0.766016 0.323185 0.350781 0.00123024
62 0.838407 0.766016 0.323185 0.350781 0.00119209
26 0.571429 0.260547 0.175644 0.226562 0.00110722
56 0.322892 0.666797 0.315574 0.550781 0.00109005
26 0.369438 0.828125 0.112412 0.196875 0.00103664
56 0.53103 0.954688 0.91452 0.071875 0.00100422
28 0.837822 0.766016 0.322014 0.347656 0.90918
0 0.497804 0.519141 0.34397 0.850781 0.859375
0 0.32377 0.664062 0.31733 0.545313 0.820801
56 0.532055 0.934375 0.93589 0.120313 0.0288696
0 0.31733 0.576953 0.297424 0.374219 0.0222015
56 0.108021 0.934375 0.0995316 0.125 0.0155411
59 0.531616 0.932031 0.920375 0.11875 0.0135345
71 0.531616 0.932031 0.920375 0.11875 0.0104523
26 0.838993 0.766016 0.322014 0.349219 0.0078125
13 0.530591 0.934375 0.934133 0.11875 0.00679779
41 0.497658 0.482031 0.059719 0.0453125 0.00638962
59 0.53147 0.957812 0.9113 0.065625 0.00626373
28 0.531616 0.932031 0.920375 0.11875 0.00593567
60 0.53147 0.957812 0.9113 0.065625 0.00591278
0 0.419204 0.507812 0.509368 0.840625 0.00469971
60 0.531616 0.932031 0.920375 0.11875 0.0046463
71 0.53147 0.957812 0.9113 0.065625 0.0045929
28 0.844262 0.790625 0.309133 0.1875 0.00443268
65 0.194379 0.758984 0.0362998 0.0617188 0.00365067
57 0.525761 0.934375 0.919204 0.11875 0.00365067
65 0.486973 0.920313 0.26493 0.03125 0.00328636
0 0.504684 0.122656 0.0538642 0.0605469 0.00291252
65 0.446282 0.921094 0.168326 0.0265625 0.0026207
69 0.531616 0.932031 0.920375 0.11875 0.00257111
65 0.417447 0.920313 0.11007 0.028125 0.0024929
24 0.838993 0.766016 0.322014 0.349219 0.0024929
56 0.328454 0.935938 0.528103 0.125 0.00235939
0 0.496487 0.280811 0.334895 0.371191 0.00235939
26 0.593677 0.483594 0.145199 0.11875 0.00214958
73 0.417447 0.920313 0.11007 0.028125 0.00214958
69 0.53147 0.957812 0.9113 0.065625 0.00214958
56 0.151713 0.935938 0.181352 0.123438 0.00206757
41 0.192623 0.757422 0.0409836 0.0601563 0.00179577
57 0.53147 0.957812 0.9113 0.065625 0.0016613
65 0.361827 0.774219 0.0784543 0.0640625 0.00157356
61 0.525761 0.934375 0.919204 0.11875 0.00156116
56 0.31733 0.576953 0.297424 0.374219 0.00155449
28 0.53147 0.957812 0.9113 0.065625 0.00153065
28 0.838993 0.658984 0.31733 0.132031 0.00151253
59 0.838993 0.766016 0.322014 0.349219 0.00141048
0 0.495902 0.120801 0.0362998 0.0576172 0.00137234
56 0.320843 0.667188 0.311475 0.55 0.00133038
72 0.49356 0.512891 0.347775 0.849219 0.00131989
57 0.838993 0.766016 0.322014 0.349219 0.00124931
65 0.485363 0.926562 0.262295 0.028125 0.0012207
70 0.837822 0.766016 0.322014 0.347656 0.00116539
62 0.838993 0.766016 0.322014 0.349219 0.00115585
24 0.571429 0.195898 0.117096 0.118359 0.00107288
40 0.194379 0.758984 0.0362998 0.0617188 0.00104809
28 0.370023 0.835742 0.113583 0.181641 0.00104809
28 0.837822 0.765234 0.322014 0.344531 0.90918
0 0.496487 0.51875 0.34192 0.846875 0.869141
0 0.321721 0.664062 0.312061 0.54375 0.806152
56 0.53147 0.935156 0.934719 0.11875 0.0282135
0 0.31733 0.576563 0.296253 0.371875 0.0250397
56 0.108021 0.934375 0.0995316 0.125 0.0156021
71 0.531616 0.932813 0.920375 0.117188 0.0124283
59 0.531616 0.932813 0.920375 0.117188 0.0113297
0 0.420375 0.508203 0.504684 0.839844 0.0091629
26 0.838407 0.766016 0.320843 0.347656 0.00674438
60 0.530445 0.957812 0.911007 0.065625 0.00638962
41 0.497658 0.482031 0.059719 0.0453125 0.00559998
13 0.53147 0.935156 0.934719 0.11875 0.00530243
28 0.844262 0.794531 0.309133 0.1875 0.00518036
71 0.530445 0.957812 0.911007 0.065625 0.00516129
60 0.531616 0.932813 0.920375 0.117188 0.00500107
59 0.530445 0.957812 0.911007 0.065625 0.0049057
28 0.531616 0.932813 0.920375 0.117188 0.00366402
65 0.194379 0.758594 0.0362998 0.0609375 0.00345612
65 0.486534 0.920313 0.265808 0.0296875 0.00333786
0 0.496341 0.280078 0.332845 0.369531 0.00333786
0 0.504684 0.122559 0.0538642 0.0603516 0.00286674
65 0.442623 0.921094 0.160422 0.0265625 0.00283432
56 0.128806 0.935938 0.135831 0.121875 0.00279045
57 0.526347 0.934375 0.918033 0.117188 0.00276756
26 0.593677 0.483984 0.145199 0.11875 0.00275803
65 0.417447 0.920313 0.11007 0.0265625 0.0027256
56 0.328528 0.935938 0.529128 0.123438 0.00265312
73 0.417447 0.920313 0.11007 0.0265625 0.00228691
69 0.531616 0.932813 0.920375 0.117188 0.00228691
24 0.838407 0.766016 0.320843 0.347656 0.00214958
69 0.530445 0.957812 0.911007 0.065625 0.00186729
28 0.838407 0.658984 0.316159 0.132031 0.00177479
56 0.31733 0.576563 0.296253 0.371875 0.00172043
41 0.192623 0.757031 0.0409836 0.059375 0.00163555
65 0.361241 0.771875 0.0784543 0.06875 0.00154877
56 0.319379 0.666797 0.306206 0.549219 0.00150681
61 0.526347 0.934375 0.918033 0.117188 0.00136662
0 0.495902 0.120508 0.0362998 0.0570313 0.00130939
59 0.838407 0.766016 0.320843 0.347656 0.0012846
72 0.492828 0.513281 0.346897 0.848437 0.00124931
56 0.246487 0.936719 0.367681 0.123438 0.00123501
57 0.530445 0.957812 0.911007 0.065625 0.00119686
65 0.484778 0.927344 0.263466 0.028125 0.00112438
70 0.838407 0.766016 0.320843 0.346094 0.00112438
67 0.43911 0.152539 0.0257611 0.0226563 0.00109005
40 0.194379 0.758594 0.0362998 0.0609375 0.00108147
62 0.838407 0.766016 0.320843 0.347656 0.00108147
26 0.845433 0.785937 0.30445 0.16875 0.00100803
28 0.837237 0.765625 0.320843 0.342187 0.907227
0 0.496341 0.518359 0.339871 0.844531 0.875977
0 0.320258 0.664453 0.309133 0.542969 0.805176
0 0.31733 0.576563 0.295082 0.370313 0.0288696
56 0.532201 0.935156 0.935597 0.117188 0.0239563
0 0.422131 0.507812 0.498829 0.842188 0.0143356
56 0.107802 0.934375 0.0993852 0.125 0.0115967
71 0.531616 0.933594 0.920375 0.115625 0.0113297
59 0.531616 0.933594 0.920375 0.115625 0.00881195
28 0.844848 0.794531 0.307963 0.184375 0.00636292
60 0.530591 0.958594 0.910714 0.0640625 0.00521851
13 0.532201 0.935156 0.935597 0.117188 0.00518036
26 0.838407 0.766016 0.320843 0.346094 0.00511932
41 0.497073 0.482031 0.059719 0.0453125 0.00446701
0 0.495902 0.280029 0.331382 0.368066 0.00446701
71 0.530591 0.958594 0.910714 0.0640625 0.00436401
60 0.531616 0.933594 0.920375 0.115625 0.00403976
59 0.530591 0.958594 0.910714 0.0640625 0.00365067
26 0.593677 0.483984 0.145199 0.11875 0.00296974
65 0.194379 0.758203 0.0374707 0.0601563 0.0029583
56 0.134368 0.935938 0.147541 0.121875 0.00259018
0 0.504684 0.122461 0.0538642 0.0597656 0.00257111
65 0.486095 0.920313 0.266686 0.0296875 0.00252151
56 0.329113 0.935938 0.530299 0.123438 0.0024929
65 0.436768 0.921094 0.148712 0.0265625 0.00233269
65 0.417008 0.920313 0.109778 0.0265625 0.00230598
28 0.526932 0.934375 0.916862 0.115625 0.00226974
73 0.417008 0.920313 0.109778 0.0265625 0.00221634
69 0.531616 0.933594 0.920375 0.115625 0.00211525
28 0.838407 0.659375 0.316159 0.132812 0.00182438
57 0.532201 0.935156 0.935597 0.117188 0.00182438
62 0.838407 0.766016 0.320843 0.346094 0.0017271
41 0.192623 0.756641 0.0409836 0.0585938 0.0016489
56 0.31733 0.576563 0.295082 0.370313 0.00162315
69 0.530591 0.958594 0.910714 0.0640625 0.00161076
24 0.838407 0.766016 0.320843 0.346094 0.00153065
70 0.837237 0.766016 0.320843 0.344531 0.00137806
72 0.491803 0.512891 0.346604 0.849219 0.0012598
65 0.361534 0.774219 0.0778688 0.0640625 0.00124454
26 0.845433 0.785937 0.30445 0.16875 0.00120163
56 0.318501 0.666797 0.303279 0.547656 0.00118351
0 0.495902 0.120313 0.0362998 0.05625 0.00116539
67 0.43911 0.152539 0.0257611 0.0226563 0.00116539
61 0.526932 0.934375 0.916862 0.115625 0.00113773
37 0.525761 0.517188 0.285714 0.84375 0.00112438
40 0.194379 0.758203 0.0374707 0.0601563 0.00112057
59 0.838407 0.766016 0.320843 0.346094 0.00105286
28 0.837822 0.765625 0.319672 0.342187 0.917969
0 0.495902 0.517188 0.338407 0.84375 0.875
0 0.317916 0.664453 0.303279 0.542969 0.79248
0 0.31733 0.574219 0.293911 0.365625 0.0274353
56 0.532201 0.935156 0.935597 0.117188 0.0209656
71 0.531762 0.932813 0.920082 0.115625 0.012146
56 0.107655 0.934375 0.099678 0.125 0.0108566
59 0.531762 0.932813 0.920082 0.115625 0.00748825
28 0.844848 0.79668 0.307963 0.194141 0.0069046
13 0.532201 0.935156 0.935597 0.117188 0.0055542
60 0.531616 0.957812 0.907494 0.065625 0.0055542
0 0.496487 0.280078 0.330211 0.367969 0.00475693
71 0.531616 0.957812 0.907494 0.065625 0.00460815
60 0.531762 0.932813 0.920082 0.115625 0.00426483
26 0.838407 0.766406 0.318501 0.345313 0.00372124
41 0.497658 0.482031 0.0608899 0.0453125 0.00359344
59 0.531616 0.957812 0.907494 0.065625 0.00292397
56 0.135246 0.935938 0.150468 0.121875 0.00279999
65 0.194379 0.758203 0.0374707 0.0601563 0.00271416
69 0.531762 0.932813 0.920082 0.115625 0.00271416
56 0.328747 0.935938 0.529859 0.123438 0.00255013
28 0.528103 0.935156 0.918033 0.115625 0.00231361
26 0.593677 0.483594 0.145199 0.119531 0.00225258
0 0.508782 0.123828 0.0608899 0.0574219 0.00220871
73 0.417447 0.920313 0.11007 0.025 0.00220871
41 0.192916 0.756641 0.0415691 0.0585938 0.00216484
65 0.486534 0.920313 0.26815 0.0296875 0.00201035
65 0.438525 0.921094 0.152225 0.0265625 0.00196457
0 0.498829 0.123047 0.0468384 0.059375 0.00194168
69 0.531616 0.957812 0.907494 0.065625 0.00191879
62 0.838407 0.766406 0.318501 0.345313 0.00188255
65 0.417447 0.920313 0.11007 0.025 0.00182438
57 0.532201 0.935156 0.935597 0.117188 0.00163555
28 0.838407 0.660156 0.316159 0.132812 0.00157356
56 0.31733 0.574219 0.293911 0.365625 0.00143242
72 0.491803 0.512109 0.344262 0.849219 0.00133514
71 0.520492 0.957812 0.774005 0.053125 0.00130463
26 0.370023 0.826563 0.11007 0.198437 0.00119209
70 0.838407 0.766016 0.318501 0.342969 0.00118828
8 0.532055 0.935156 0.93589 0.117188 0.0011692
40 0.194379 0.758203 0.0374707 0.0601563 0.00116539
67 0.43911 0.152637 0.0257611 0.0224609 0.0011158
26 0.845433 0.785937 0.30445 0.170313 0.00104046
61 0.528103 0.935156 0.918033 0.115625 0.00104046
28 0.838407 0.766406 0.318501 0.342187 0.925781
0 0.495902 0.516016 0.338407 0.841406 0.866211
0 0.317623 0.664453 0.301522 0.542969 0.776855
0 0.31733 0.573047 0.293911 0.363281 0.0294189
0 0.421692 0.505469 0.496194 0.845313 0.0214844
56 0.532201 0.935156 0.935597 0.117188 0.0210419
71 0.532641 0.932813 0.918325 0.11875 0.0178528
56 0.11007 0.935156 0.0983607 0.120313 0.0115967
71 0.532787 0.957812 0.903981 0.065625 0.00679779
59 0.532641 0.932813 0.918325 0.11875 0.00643921
60 0.532787 0.957812 0.903981 0.065625 0.00614548
0 0.496487 0.28125 0.330211 0.370313 0.00540543
28 0.844262 0.798633 0.309133 0.212109 0.00524139
60 0.532641 0.932813 0.918325 0.11875 0.0046463
13 0.532201 0.935156 0.935597 0.117188 0.00436401
69 0.532641 0.932813 0.918325 0.11875 0.00322342
26 0.838993 0.766016 0.31733 0.346094 0.00296974
41 0.497658 0.482031 0.0608899 0.0453125 0.00287819
56 0.137076 0.935938 0.15442 0.123438 0.00284576
59 0.532787 0.957812 0.903981 0.065625 0.00253105
56 0.329918 0.935938 0.532201 0.125 0.00243378
69 0.532787 0.957812 0.903981 0.065625 0.00225258
65 0.194379 0.757812 0.0374707 0.0609375 0.00222588
0 0.508197 0.123828 0.0608899 0.0574219 0.00215721
28 0.528103 0.928906 0.918033 0.13125 0.00215721
41 0.193208 0.757031 0.0409836 0.059375 0.00200272
65 0.440427 0.921094 0.156616 0.0265625 0.00197983
65 0.486534 0.920313 0.26815 0.03125 0.00191879
0 0.498829 0.123047 0.0456674 0.0597656 0.00182438
71 0.519321 0.957812 0.772834 0.053125 0.0018177
65 0.417447 0.920313 0.111241 0.0265625 0.00176811
62 0.838993 0.766016 0.31733 0.346094 0.00174809
73 0.417447 0.920313 0.111241 0.0265625 0.00171375
57 0.532201 0.935156 0.935597 0.117188 0.0017004
26 0.593677 0.483203 0.144028 0.120313 0.00157356
72 0.490486 0.510547 0.344555 0.850781 0.00138855
8 0.531762 0.935938 0.936475 0.11875 0.00131512
56 0.31733 0.573047 0.293911 0.363281 0.00129414
61 0.528835 0.935156 0.918911 0.115625 0.00127411
71 0.446282 0.966406 0.596897 0.065625 0.00119209
28 0.838407 0.660937 0.316159 0.135937 0.00117874
67 0.439696 0.152734 0.0257611 0.0226563 0.00109482
40 0.194379 0.757812 0.0374707 0.0609375 0.00102806
71 0.484778 0.926562 0.264637 0.028125 0.00102043
70 0.838407 0.765625 0.318501 0.34375 0.00101185
28 0.838407 0.766406 0.318501 0.34375 0.935547
0 0.495463 0.515625 0.339286 0.840625 0.858887
0 0.317916 0.664453 0.299766 0.544531 0.78418
0 0.317916 0.570703 0.293911 0.359375 0.0282135
56 0.532348 0.935938 0.935304 0.11875 0.0244293
56 0.109558 0.935938 0.0982143 0.121875 0.0215302
0 0.421546 0.504687 0.496487 0.845313 0.0181274
71 0.532787 0.932813 0.918033 0.121875 0.0171814
0 0.497073 0.281836 0.331382 0.372266 0.00841522
59 0.532787 0.932813 0.918033 0.121875 0.00695801
71 0.532787 0.953125 0.903981 0.078125 0.00634003
60 0.532787 0.953125 0.903981 0.078125 0.00602722
60 0.532787 0.932813 0.918033 0.121875 0.00468063
13 0.532348 0.935938 0.935304 0.11875 0.00416565
69 0.532787 0.932813 0.918033 0.121875 0.00388527
28 0.846019 0.782813 0.303279 0.178125 0.00351143
56 0.328528 0.935938 0.530299 0.125 0.00286674
59 0.532787 0.953125 0.903981 0.078125 0.00274658
71 0.516393 0.959375 0.772834 0.05625 0.00270462
28 0.844262 0.819531 0.309133 0.239063 0.00256157
69 0.532787 0.953125 0.903981 0.078125 0.00235939
0 0.503513 0.122852 0.0515222 0.0601563 0.00225258
28 0.528835 0.935938 0.918911 0.115625 0.00224304
26 0.839578 0.766016 0.316159 0.346094 0.00223351
57 0.532348 0.935938 0.935304 0.11875 0.00209999
56 0.250659 0.936719 0.376903 0.123438 0.0020752
65 0.438085 0.920313 0.151932 0.028125 0.00191879
65 0.486534 0.920313 0.26815 0.03125 0.0017004
71 0.484778 0.927344 0.264637 0.0296875 0.00158501
71 0.444379 0.966406 0.591335 0.065625 0.00151253
8 0.531616 0.935938 0.936768 0.11875 0.00143242
73 0.422717 0.920313 0.125293 0.028125 0.00133514
62 0.839578 0.766016 0.316159 0.346094 0.00129414
41 0.497073 0.482422 0.059719 0.0453125 0.00127411
72 0.490047 0.510547 0.347775 0.850781 0.00127411
65 0.194379 0.758594 0.0368852 0.0625 0.00123501
67 0.439696 0.152734 0.0257611 0.0226563 0.00117874
61 0.528835 0.935938 0.918911 0.115625 0.00117874
41 0.193208 0.757031 0.0409836 0.059375 0.0011692
28 0.838407 0.661719 0.316159 0.1375 0.00106525
65 0.417447 0.921875 0.108899 0.028125 0.00104046
0 0.495316 0.12041 0.0351288 0.0566406 0.00102806
56 0.317916 0.570703 0.293911 0.359375 0.00102806
28 0.838407 0.766016 0.318501 0.344531 0.933594
0 0.495902 0.514844 0.340749 0.839063 0.86084
0 0.318208 0.664062 0.300351 0.54375 0.792969
56 0.109485 0.935938 0.0977752 0.121875 0.0305634
0 0.318794 0.56875 0.294496 0.35625 0.0270691
56 0.532787 0.935156 0.934426 0.11875 0.0230713
0 0.427547 0.504297 0.482143 0.846094 0.0179138
71 0.531762 0.93125 0.920082 0.125 0.0126266
0 0.497804 0.282031 0.33226 0.372656 0.00815582
59 0.531762 0.93125 0.920082 0.125 0.00712204
60 0.532201 0.942187 0.907494 0.1 0.00482941
13 0.532787 0.935156 0.934426 0.11875 0.00419998
69 0.531762 0.93125 0.920082 0.125 0.00346947
56 0.32721 0.935938 0.528249 0.125 0.00327301
28 0.845433 0.780469 0.30445 0.182812 0.00307465
56 0.17923 0.9375 0.234046 0.125 0.0029583
71 0.517564 0.960938 0.774005 0.059375 0.00229645
0 0.502927 0.122852 0.0491803 0.0597656 0.00212479
26 0.838993 0.766016 0.31733 0.346094 0.00211525
28 0.844262 0.819531 0.309133 0.2375 0.00201988
60 0.540398 0.963281 0.898126 0.059375 0.00198746
57 0.532787 0.935156 0.934426 0.11875 0.00192642
28 0.528688 0.935938 0.919204 0.11875 0.00182438
65 0.430328 0.920313 0.135831 0.028125 0.00176811
8 0.531762 0.935938 0.936475 0.11875 0.00157356
65 0.485948 0.920313 0.26815 0.03125 0.00150681
59 0.540398 0.963281 0.898126 0.059375 0.00150108
72 0.489315 0.510156 0.349239 0.851562 0.00143242
71 0.444379 0.966406 0.593677 0.065625 0.00134563
71 0.484778 0.927344 0.264637 0.0296875 0.00134087
60 0.530591 0.923438 0.922424 0.14375 0.00120163
67 0.440281 0.152734 0.0257611 0.0226563 0.0011692
62 0.838993 0.766016 0.31733 0.346094 0.0011158
26 0.370023 0.829883 0.111241 0.190234 0.00108147
28 0.838407 0.766016 0.318501 0.342969 0.935547
0 0.49517 0.514844 0.342213 0.839063 0.86377
0 0.318501 0.664062 0.300937 0.54375 0.795898
56 0.109485 0.935938 0.0983607 0.121875 0.0333252
0 0.319087 0.567969 0.295082 0.354688 0.026062
56 0.532933 0.935938 0.934133 0.11875 0.021286
71 0.532201 0.932813 0.921546 0.125 0.008255
0 0.497073 0.282227 0.333724 0.373047 0.00714874
59 0.532201 0.932813 0.921546 0.125 0.00605011
60 0.531616 0.939063 0.908665 0.109375 0.00408554
13 0.532933 0.935938 0.934133 0.11875 0.00407028
56 0.152518 0.9375 0.181499 0.125 0.00338936
56 0.326991 0.935938 0.528688 0.125 0.00329781
28 0.845433 0.779492 0.30445 0.184766 0.00312424
28 0.844262 0.815625 0.309133 0.240625 0.0028553
69 0.532201 0.932813 0.921546 0.125 0.0024147
26 0.839578 0.74375 0.320843 0.307813 0.00234985
65 0.4274 0.920313 0.129977 0.028125 0.00197983
71 0.51815 0.960938 0.776347 0.059375 0.00193405
57 0.532933 0.935938 0.934133 0.11875 0.00191212
0 0.503513 0.122656 0.0491803 0.059375 0.00188923
65 0.485948 0.920313 0.266979 0.03125 0.00170708
60 0.538788 0.9625 0.901347 0.059375 0.0016613
72 0.48829 0.509766 0.351288 0.849219 0.00144958
59 0.538788 0.9625 0.901347 0.059375 0.00131512
8 0.531762 0.935938 0.936475 0.11875 0.00130463
28 0.528688 0.935938 0.919204 0.11875 0.00130463
26 0.369438 0.831055 0.112412 0.187891 0.00124931
67 0.440281 0.152734 0.0257611 0.0226563 0.0012207
71 0.44555 0.967188 0.596019 0.065625 0.00116539
71 0.484924 0.926562 0.264344 0.028125 0.00112438
62 0.838407 0.766406 0.318501 0.345313 0.00112438
56 0.318501 0.664062 0.297424 0.542188 0.00107765
28 0.838993 0.766406 0.319672 0.34375 0.938477
0 0.497658 0.5125 0.34192 0.8375 0.867676
0 0.318501 0.664062 0.300937 0.54375 0.758301
56 0.109778 0.935938 0.0983607 0.121875 0.0384521
0 0.319087 0.565625 0.296253 0.35 0.0269623
56 0.533372 0.935938 0.933255 0.11875 0.0193481
0 0.424473 0.503516 0.489461 0.849219 0.00919342
71 0.532641 0.932813 0.920667 0.125 0.00602722
0 0.497804 0.281836 0.334602 0.372266 0.00484848
59 0.532201 0.935938 0.935597 0.11875 0.00475693
60 0.531762 0.9375 0.910714 0.1125 0.00345612
13 0.533372 0.935938 0.933255 0.11875 0.00327301
56 0.328381 0.935938 0.531762 0.125 0.00317192
28 0.844262 0.814844 0.309133 0.242188 0.00253105
26 0.838407 0.766406 0.318501 0.345313 0.00239754
56 0.245975 0.935938 0.372219 0.125 0.00229645
65 0.428571 0.920313 0.132318 0.028125 0.00191879
72 0.488144 0.509766 0.351581 0.849219 0.00185299
57 0.533372 0.935938 0.933255 0.11875 0.00183868
28 0.844848 0.773828 0.305621 0.197656 0.00168705
60 0.538642 0.964063 0.903981 0.0625 0.00162315
0 0.507026 0.123438 0.058548 0.0582031 0.00159168
65 0.486534 0.920313 0.26815 0.03125 0.00159168
69 0.532641 0.932813 0.920667 0.125 0.0015192
71 0.522248 0.960938 0.784543 0.059375 0.00150681
56 0.318501 0.663672 0.297424 0.541406 0.00147247
56 0.458431 0.915625 0.789227 0.1625 0.00133038
59 0.538642 0.964063 0.903981 0.0625 0.00119686
67 0.440281 0.152734 0.0257611 0.0222656 0.00115585
56 0.319087 0.565625 0.296253 0.35 0.0011425
0 0.496487 0.122852 0.0398126 0.0589844 0.0011034
71 0.447892 0.966406 0.601874 0.065625 0.00102806
28 0.838407 0.766797 0.318501 0.346094 0.949219
0 0.497658 0.511719 0.340749 0.835938 0.870605
0 0.318208 0.663672 0.300351 0.542969 0.756348
56 0.11007 0.935938 0.0983607 0.121875 0.0430298
0 0.319087 0.567187 0.296253 0.351562 0.024704
56 0.533958 0.935938 0.932084 0.11875 0.0171051
0 0.419204 0.503516 0.501171 0.853906 0.00559998
71 0.533372 0.933594 0.921546 0.123438 0.00405502
59 0.532787 0.935938 0.934426 0.11875 0.00362206
0 0.497073 0.281641 0.333724 0.372656 0.00346947
60 0.532201 0.939063 0.909836 0.1125 0.00324821
56 0.327869 0.935938 0.531616 0.125 0.00322342
13 0.533958 0.935938 0.932084 0.11875 0.00284576
56 0.240047 0.935938 0.360656 0.125 0.00253105
26 0.838407 0.766016 0.318501 0.346094 0.00247192
72 0.487119 0.509375 0.354801 0.85 0.00228691
28 0.844262 0.815625 0.309133 0.240625 0.00226974
65 0.426815 0.920313 0.127635 0.028125 0.00219917
65 0.486534 0.920313 0.26815 0.03125 0.00178242
56 0.408519 0.914844 0.688817 0.164062 0.00156116
60 0.537471 0.964063 0.906323 0.0625 0.00154877
57 0.533958 0.935938 0.932084 0.11875 0.00154305
56 0.318208 0.663672 0.296838 0.541406 0.00152493
71 0.516393 0.960938 0.770492 0.059375 0.0012598
0 0.507026 0.123438 0.0562061 0.0574219 0.0012207
67 0.439696 0.152734 0.0257611 0.0224609 0.00119209
56 0.319087 0.567187 0.296253 0.351562 0.00116062
72 0.838407 0.766016 0.318501 0.346094 0.00112915
28 0.844848 0.771875 0.305621 0.204688 0.00109005
69 0.533372 0.933594 0.921546 0.123438 0.00101662
28 0.837822 0.766406 0.319672 0.346875 0.961426
0 0.497658 0.510938 0.339578 0.834375 0.879395
0 0.317623 0.663672 0.300351 0.542969 0.792969
56 0.108021 0.935938 0.0966042 0.125 0.0437012
0 0.318208 0.570703 0.296838 0.359375 0.0263519
56 0.534543 0.935938 0.930913 0.120313 0.0153656
0 0.418179 0.503125 0.50322 0.85625 0.00429916
56 0.327796 0.935938 0.531762 0.125 0.00340271
60 0.532787 0.941406 0.908665 0.107813 0.00301552
26 0.838407 0.766016 0.318501 0.346094 0.00288963
0 0.497073 0.281055 0.333724 0.371484 0.0028553
56 0.234265 0.935938 0.349971 0.125 0.00279045
71 0.533958 0.934375 0.920375 0.121875 0.00277901
65 0.425644 0.920313 0.125293 0.028125 0.00271416
72 0.486534 0.508984 0.354801 0.850781 0.00271416
59 0.534543 0.935938 0.930913 0.120313 0.00270462
28 0.844262 0.81543 0.309133 0.241016 0.00245285
13 0.534543 0.935938 0.930913 0.120313 0.00237846
65 0.486095 0.920313 0.266686 0.03125 0.00224304
56 0.369438 0.908594 0.61007 0.178125 0.00187492
56 0.31733 0.664062 0.296253 0.542188 0.00157356
60 0.536885 0.964063 0.907494 0.0625 0.00145531
71 0.516247 0.960156 0.770784 0.059375 0.00125504
57 0.534543 0.935938 0.930913 0.120313 0.00121593
56 0.318208 0.570703 0.296838 0.359375 0.00118828
28 0.837237 0.766406 0.320843 0.345313 0.96875
0 0.497658 0.510156 0.339578 0.832812 0.888184
0 0.31733 0.663281 0.300937 0.542188 0.837402
56 0.108021 0.935938 0.0966042 0.125 0.0470886
0 0.31733 0.569922 0.297424 0.358594 0.0284882
56 0.534982 0.935938 0.930035 0.120313 0.0139542
0 0.416862 0.502734 0.507026 0.857031 0.00385475
56 0.326771 0.935938 0.53147 0.125 0.00378036
56 0.223653 0.935938 0.32904 0.125 0.00327301
26 0.837822 0.766016 0.319672 0.346094 0.00324821
65 0.422717 0.920313 0.119438 0.028125 0.00305176
72 0.485948 0.508203 0.358314 0.850781 0.00294685
60 0.532933 0.946875 0.90603 0.096875 0.00290108
0 0.496633 0.28125 0.334602 0.371875 0.00277901
56 0.532201 0.907813 0.935597 0.184375 0.00268364
65 0.484924 0.920313 0.264344 0.0296875 0.0024147
56 0.328454 0.903125 0.528103 0.190625 0.00226021
13 0.534982 0.935938 0.930035 0.120313 0.00216484
59 0.534982 0.935938 0.930035 0.120313 0.0018034
28 0.844262 0.814258 0.309133 0.243359 0.00158501
56 0.317037 0.664453 0.296838 0.542969 0.00141048
71 0.533958 0.935938 0.918033 0.11875 0.00138855
60 0.536885 0.964063 0.907494 0.0625 0.00133514
71 0.516393 0.960156 0.770492 0.059375 0.0011692
59 0.532201 0.907813 0.935597 0.184375 0.0011158
56 0.31733 0.569922 0.297424 0.358594 0.00106525
28 0.837237 0.766016 0.323185 0.346094 0.975586
0 0.497804 0.510156 0.341628 0.832812 0.898926
0 0.317037 0.663281 0.302693 0.542188 0.862793
56 0.107728 0.935938 0.0960187 0.125 0.0548096
0 0.317623 0.567578 0.29918 0.353906 0.0390625
56 0.535129 0.935938 0.929742 0.120313 0.0132751
56 0.375293 0.935938 0.62178 0.120313 0.012146
26 0.837237 0.766016 0.320843 0.346094 0.00403976
56 0.218677 0.935938 0.320258 0.125 0.00383949
0 0.415837 0.501563 0.512588 0.857813 0.00367928
72 0.485363 0.507812 0.361827 0.85 0.00305176
65 0.421546 0.920313 0.118267 0.028125 0.00279999
56 0.291569 0.902344 0.454333 0.189063 0.0027256
56 0.532787 0.903125 0.934426 0.19375 0.00258064
0 0.497073 0.281445 0.336066 0.372266 0.00250244
60 0.531762 0.949219 0.903688 0.0921875 0.00248146
65 0.484631 0.920313 0.262588 0.03125 0.00226021
13 0.535129 0.935938 0.929742 0.120313 0.00191879
59 0.535129 0.935938 0.929742 0.120313 0.00137234
60 0.534543 0.935938 0.930913 0.11875 0.00128937
28 0.843677 0.814844 0.310304 0.242188 0.00126457
56 0.316745 0.664453 0.298595 0.542969 0.00121593
60 0.536885 0.963281 0.907494 0.0640625 0.00111198
28 0.836066 0.766016 0.323185 0.346094 0.979004
0 0.498244 0.509766 0.339578 0.832031 0.915039
0 0.316745 0.663672 0.303279 0.542969 0.87793
56 0.107216 0.935938 0.0958724 0.125 0.0503235
0 0.31733 0.565625 0.299766 0.35 0.0382385
56 0.53469 0.935938 0.930621 0.120313 0.0137405
56 0.370023 0.935938 0.611241 0.120313 0.0129242
56 0.5 0.9125 0.86534 0.175 0.00568771
26 0.837237 0.766016 0.320843 0.346094 0.0041008
56 0.21692 0.935938 0.31733 0.125 0.00383949
56 0.118852 0.914844 0.119438 0.167187 0.00355148
72 0.486095 0.507422 0.362705 0.850781 0.0029583
56 0.281323 0.895312 0.435012 0.20625 0.00271416
0 0.497073 0.281201 0.336066 0.371973 0.00237846
65 0.420375 0.920313 0.115925 0.028125 0.00228691
13 0.53469 0.935938 0.930621 0.120313 0.00226021
60 0.530591 0.947656 0.903688 0.0953125 0.00201988
0 0.415691 0.5 0.514051 0.85625 0.00200272
65 0.484192 0.920313 0.262295 0.03125 0.00186729
59 0.53469 0.935938 0.930621 0.120313 0.00143242
28 0.843091 0.815625 0.309133 0.240625 0.00142097
26 0.368267 0.83125 0.113583 0.184375 0.00121593
26 0.107216 0.936719 0.0947014 0.125 0.00104046
28 0.836651 0.766016 0.322014 0.346094 0.979492
0 0.498683 0.509375 0.337529 0.83125 0.920898
0 0.316745 0.664062 0.303279 0.542188 0.87793
56 0.10707 0.935938 0.0949941 0.123438 0.0516663
0 0.317623 0.565625 0.29918 0.35 0.0413208
56 0.337895 0.935938 0.546692 0.11875 0.0147324
56 0.535275 0.935938 0.92945 0.120313 0.0134277
56 0.493999 0.908594 0.852752 0.182812 0.00530243
26 0.837237 0.766016 0.320843 0.346094 0.00428009
56 0.11856 0.915625 0.118852 0.165625 0.00379562
56 0.212237 0.935938 0.307963 0.125 0.00370789
72 0.486534 0.50625 0.361827 0.85 0.00342941
56 0.237705 0.892188 0.346604 0.209375 0.00342941
0 0.498244 0.280859 0.336066 0.371094 0.00239754
65 0.420375 0.920313 0.115925 0.028125 0.00188923
13 0.535275 0.935938 0.92945 0.120313 0.00179577
60 0.530445 0.948438 0.899297 0.09375 0.00178909
65 0.484192 0.920313 0.262295 0.03125 0.00158501
59 0.535275 0.935938 0.92945 0.120313 0.00143242
28 0.843091 0.817187 0.309133 0.2375 0.0012846
26 0.36856 0.830469 0.114169 0.185938 0.00127411
0 0.409982 0.596191 0.496194 0.660742 0.00119209
26 0.106557 0.936719 0.0942623 0.125 0.00105667
60 0.535275 0.935938 0.92945 0.11875 0.00100803
28 0.837237 0.765625 0.320843 0.345313 0.978516
0 0.5 0.509766 0.334895 0.830469 0.92041
0 0.317623 0.664062 0.301522 0.54375 0.873535
56 0.10685 0.935938 0.0930913 0.125 0.0522461
0 0.318501 0.567187 0.298595 0.353125 0.0331421
56 0.335992 0.935938 0.54113 0.11875 0.0159607
56 0.534982 0.935938 0.925351 0.120313 0.0139008
56 0.489315 0.910937 0.841042 0.178125 0.00526047
26 0.837822 0.766016 0.319672 0.346094 0.00424957
56 0.210846 0.935938 0.304303 0.125 0.00382423
56 0.118194 0.925 0.117242 0.146875 0.00379562
56 0.240925 0.89375 0.351874 0.20625 0.00374985
72 0.487119 0.50625 0.360656 0.85 0.00327301
0 0.499415 0.280078 0.334895 0.369531 0.00228691
65 0.419789 0.920313 0.114754 0.028125 0.00227928
60 0.530591 0.95 0.899005 0.0875 0.00199509
65 0.483021 0.920313 0.259953 0.03125 0.00188255
13 0.534982 0.935938 0.925351 0.120313 0.00155449
28 0.844848 0.817969 0.307963 0.235938 0.00150108
59 0.534982 0.935938 0.925351 0.120313 0.00137806
26 0.368852 0.830469 0.113583 0.1875 0.00116062
26 0.106557 0.936719 0.0936768 0.125 0.00109005
0 0.408811 0.61875 0.491511 0.614062 0.00101185
28 0.838407 0.765625 0.320843 0.345313 0.977051
0 0.500585 0.510547 0.333724 0.832031 0.918945
0 0.318208 0.664062 0.300351 0.54375 0.867676
56 0.10685 0.935938 0.0930913 0.125 0.0450134
0 0.319087 0.569531 0.298595 0.357812 0.0255585
56 0.356045 0.935938 0.58065 0.11875 0.0167847
56 0.532201 0.935938 0.919204 0.11875 0.0158997
56 0.490632 0.915625 0.84192 0.16875 0.00595856
26 0.838407 0.766016 0.318501 0.346094 0.00434875
56 0.212529 0.935938 0.306792 0.125 0.0037365
56 0.266686 0.89375 0.402225 0.20625 0.00362206
72 0.488876 0.50625 0.358314 0.85 0.00325966
56 0.118194 0.926562 0.117242 0.142188 0.00304031
65 0.41935 0.920313 0.114461 0.028125 0.00290108
28 0.845433 0.818945 0.306792 0.233984 0.00254059
0 0.5 0.278906 0.334895 0.367188 0.00237846
65 0.483021 0.920313 0.258782 0.03125 0.00236893
60 0.532933 0.950781 0.899005 0.0859375 0.00226974
59 0.532201 0.935938 0.919204 0.11875 0.0015192
13 0.532201 0.935938 0.919204 0.11875 0.00144386
67 0.43911 0.152539 0.0269321 0.0240234 0.00115585
26 0.106557 0.936719 0.0930913 0.125 0.00109005
59 0.490632 0.915625 0.84192 0.16875 0.00101662
28 0.838407 0.765625 0.320843 0.346875 0.976074
0 0.500585 0.511328 0.333724 0.833594 0.918457
0 0.318501 0.664453 0.299766 0.544531 0.864746
56 0.10685 0.935938 0.0936768 0.125 0.0379028
0 0.319672 0.571484 0.298595 0.361719 0.0219421
56 0.364242 0.935938 0.597043 0.11875 0.0162811
56 0.529859 0.935938 0.91452 0.11875 0.0152512
26 0.838407 0.765625 0.318501 0.346875 0.00411606
72 0.490047 0.50625 0.355972 0.85 0.00369263
56 0.212456 0.935938 0.306938 0.123438 0.00352478
56 0.277518 0.903125 0.423888 0.1875 0.00342941
65 0.419204 0.920313 0.114754 0.028125 0.00281143
0 0.5 0.278467 0.334895 0.366504 0.00245285
28 0.846604 0.817383 0.30445 0.230859 0.0024147
65 0.483021 0.920313 0.258782 0.03125 0.00234985
56 0.535568 0.917188 0.928864 0.1625 0.00230598
60 0.533958 0.95 0.898126 0.0859375 0.00214005
13 0.529859 0.935938 0.91452 0.11875 0.00165462
59 0.529859 0.935938 0.91452 0.11875 0.00160408
67 0.43911 0.152539 0.0269321 0.0242188 0.0011692
0 0.51654 0.676953 0.33226 0.517969 0.00112915
59 0.535568 0.917188 0.928864 0.1625 0.00105286
26 0.106631 0.9375 0.0935304 0.125 0.00104427
28 0.838407 0.765625 0.320843 0.346875 0.973633
0 0.500585 0.511719 0.333724 0.832812 0.919922
0 0.318501 0.664844 0.299766 0.54375 0.860352
56 0.10685 0.935938 0.0942623 0.125 0.0305634
0 0.319379 0.572656 0.29918 0.3625 0.0210114
56 0.53147 0.935938 0.920667 0.11875 0.0141754
56 0.389783 0.935938 0.649005 0.11875 0.0124283
72 0.490047 0.506641 0.357143 0.849219 0.00413513
26 0.838407 0.766016 0.318501 0.347656 0.00359344
56 0.213407 0.935938 0.309719 0.123438 0.00329781
0 0.499854 0.278467 0.335187 0.366504 0.00279999
56 0.297717 0.909375 0.465457 0.171875 0.00279045
65 0.419789 0.920313 0.115925 0.028125 0.00250244
65 0.483607 0.921094 0.259953 0.0296875 0.00214005
60 0.533372 0.948438 0.901639 0.0875 0.00212479
28 0.84719 0.814258 0.303279 0.221484 0.00195694
59 0.53147 0.935938 0.920667 0.11875 0.00174809
13 0.53147 0.935938 0.920667 0.11875 0.0017271
67 0.43911 0.152539 0.0269321 0.0242188 0.00104809
0 0.51654 0.678906 0.33226 0.514063 0.00101662
28 0.838407 0.765625 0.320843 0.346875 0.970703
0 0.500585 0.511719 0.334895 0.832812 0.917969
0 0.318501 0.664844 0.300937 0.545313 0.873535
56 0.10707 0.935938 0.0949941 0.125 0.0261536
0 0.319379 0.576563 0.300351 0.370313 0.0179901
56 0.529274 0.935938 0.920375 0.11875 0.0133743
56 0.129684 0.936719 0.138173 0.123438 0.00582123
72 0.489461 0.50625 0.360656 0.85 0.00436401
56 0.337749 0.935938 0.546985 0.121875 0.00369263
26 0.838407 0.766016 0.318501 0.347656 0.00331116
56 0.214578 0.935938 0.313232 0.123438 0.00322342
0 0.498975 0.278711 0.336944 0.366797 0.00242424
65 0.42096 0.920313 0.118267 0.028125 0.00216484
56 0.314476 0.910156 0.501025 0.171875 0.00216484
65 0.484631 0.921094 0.260246 0.0296875 0.00198746
60 0.532787 0.945312 0.906323 0.09375 0.00191212
13 0.529274 0.935938 0.920375 0.11875 0.00178909
59 0.529274 0.935938 0.920375 0.11875 0.00176144
28 0.846604 0.8125 0.30445 0.217188 0.00145531
28 0.837822 0.765625 0.322014 0.346875 0.966309
0 0.500585 0.511719 0.336066 0.832812 0.913086
0 0.317916 0.664453 0.302108 0.544531 0.881348
56 0.107143 0.935938 0.0960187 0.125 0.0233307
0 0.318794 0.579688 0.300351 0.376563 0.0164642
56 0.528103 0.935938 0.919204 0.117188 0.0112
56 0.133782 0.936719 0.146955 0.123438 0.00538635
72 0.495902 0.504687 0.347775 0.85625 0.0049057
56 0.33731 0.935938 0.547863 0.121875 0.00374985
26 0.837822 0.766016 0.319672 0.347656 0.00317192
56 0.215749 0.935938 0.316745 0.123438 0.00296974
65 0.421546 0.920313 0.120609 0.028125 0.00257111
65 0.484192 0.921875 0.259953 0.028125 0.00235939
0 0.498829 0.279102 0.337237 0.367578 0.00216484
60 0.532787 0.945312 0.908665 0.09375 0.00197983
59 0.533372 0.935938 0.91452 0.1125 0.00178242
13 0.528103 0.935938 0.919204 0.117188 0.00171375
28 0.846604 0.810156 0.30445 0.210938 0.00120163
28 0.838407 0.766016 0.320843 0.347656 0.964355
0 0.500585 0.511719 0.336066 0.834375 0.909668
0 0.317623 0.664453 0.302693 0.544531 0.887695
56 0.107143 0.936719 0.0960187 0.125 0.025177
0 0.318501 0.580469 0.300937 0.378125 0.0148392
56 0.527518 0.935938 0.919204 0.11875 0.01017
56 0.13649 0.936719 0.152078 0.123438 0.00572968
72 0.495902 0.504687 0.347775 0.85625 0.0049057
56 0.336651 0.935938 0.546838 0.121875 0.00397491
26 0.838407 0.766406 0.318501 0.348438 0.00328636
56 0.21553 0.935938 0.317184 0.123438 0.00296974
65 0.423302 0.921094 0.122951 0.0265625 0.00256157
65 0.484778 0.921875 0.259953 0.028125 0.00243378
60 0.532787 0.945312 0.909836 0.09375 0.00197983
59 0.533372 0.935938 0.91452 0.1125 0.00183868
13 0.527518 0.935938 0.919204 0.11875 0.00174141
0 0.499415 0.279297 0.337237 0.367969 0.00161076
28 0.846604 0.809375 0.30445 0.207813 0.00115585
28 0.838407 0.765625 0.320843 0.35 0.964355
0 0.501317 0.512891 0.336944 0.835156 0.900391
0 0.317916 0.664062 0.303279 0.54375 0.881348
56 0.107436 0.936719 0.0966042 0.125 0.0195618
0 0.318208 0.58125 0.301522 0.38125 0.0141144
56 0.527957 0.935938 0.920667 0.11875 0.00751877
56 0.127927 0.935938 0.138173 0.125 0.00591278
72 0.495463 0.506641 0.348653 0.857031 0.00530243
56 0.335992 0.935938 0.544643 0.121875 0.00370789
26 0.838407 0.766016 0.318501 0.349219 0.00351143
65 0.424473 0.921094 0.125293 0.0265625 0.00273705
65 0.484778 0.921875 0.259953 0.028125 0.00268364
56 0.216701 0.935938 0.319526 0.123438 0.00252151
59 0.533811 0.935938 0.913642 0.1125 0.0019722
60 0.533958 0.945312 0.908665 0.09375 0.00186729
13 0.527957 0.935938 0.920667 0.11875 0.00167465
28 0.846604 0.810156 0.30445 0.210938 0.00109005
28 0.838407 0.765625 0.320843 0.35 0.964355
0 0.501171 0.513281 0.337237 0.835938 0.888184
0 0.317623 0.663281 0.303864 0.54375 0.87207
56 0.107728 0.936719 0.0966042 0.125 0.0181274
56 0.525176 0.935938 0.916862 0.11875 0.00728989
72 0.49517 0.506641 0.349239 0.858594 0.00564194
56 0.133782 0.935938 0.148712 0.125 0.00542831
56 0.335187 0.935938 0.54274 0.121875 0.00365067
26 0.838993 0.765625 0.319672 0.35 0.00342941
65 0.484924 0.921875 0.262002 0.0296875 0.00252151
65 0.427986 0.921094 0.132318 0.028125 0.00251198
56 0.218677 0.935938 0.32377 0.123438 0.00236893
59 0.533958 0.9375 0.913349 0.1125 0.00228691
60 0.535275 0.948438 0.90603 0.0875 0.00218201
65 0.415544 0.923438 0.108021 0.025 0.00186062
13 0.525176 0.935938 0.916862 0.11875 0.0016489
28 0.846604 0.812695 0.30445 0.215234 0.00104809
28 0.838993 0.765625 0.319672 0.35 0.964355
0 0.501756 0.513281 0.337237 0.8375 0.882324
0 0.317916 0.663281 0.30445 0.54375 0.86377
56 0.107802 0.936719 0.0970433 0.125 0.0194244
56 0.523419 0.935938 0.913349 0.11875 0.00800323
56 0.136929 0.935938 0.154713 0.125 0.00568771
72 0.485802 0.507031 0.372658 0.85625 0.00526047
56 0.334895 0.935938 0.542155 0.121875 0.00376511
26 0.838993 0.766016 0.319672 0.350781 0.00345612
59 0.534982 0.9375 0.9113 0.110937 0.00257111
60 0.536885 0.949219 0.90281 0.0859375 0.00251198
56 0.218091 0.935938 0.3226 0.123438 0.0024929
65 0.484924 0.921875 0.262002 0.0296875 0.00227928
65 0.428571 0.921094 0.133489 0.028125 0.00221634
65 0.415691 0.923438 0.108899 0.025 0.00178242
59 0.533372 0.924219 0.933255 0.15 0.0017271
13 0.523419 0.935938 0.913349 0.11875 0.00163555
71 0.534982 0.9375 0.9113 0.110937 0.00115108
60 0.532201 0.929688 0.919204 0.13125 0.0011425
69 0.534982 0.9375 0.9113 0.110937 0.0011425
8 0.534982 0.9375 0.9113 0.110937 0.00112057
56 0.0787471 0.935938 0.153396 0.125 0.00104046
28 0.534982 0.9375 0.9113 0.110937 0.00102425
28 0.839578 0.765625 0.320843 0.35 0.964844
0 0.502196 0.514453 0.337529 0.839844 0.883301
0 0.317916 0.662891 0.30445 0.542969 0.855469
56 0.108021 0.935938 0.0966042 0.125 0.0145035
56 0.52459 0.935938 0.91452 0.11875 0.00720596
72 0.485802 0.507031 0.372658 0.857813 0.0055542
56 0.144101 0.935938 0.168472 0.125 0.00460815
26 0.838993 0.766016 0.319672 0.350781 0.0037365
56 0.336066 0.935938 0.543325 0.121875 0.00340271
59 0.535714 0.9375 0.912178 0.110937 0.00264168
60 0.537617 0.948438 0.903688 0.0875 0.00257111
56 0.218384 0.935938 0.322014 0.123438 0.00228691
65 0.485363 0.921875 0.262295 0.0296875 0.00186729
65 0.429596 0.921094 0.136124 0.028125 0.00179577
59 0.533519 0.923438 0.932962 0.153125 0.00163555
65 0.415691 0.923438 0.108899 0.025 0.00146103
71 0.535714 0.9375 0.912178 0.110937 0.00144386
69 0.535714 0.9375 0.912178 0.110937 0.00132465
13 0.52459 0.935938 0.91452 0.11875 0.00127888
8 0.535714 0.9375 0.912178 0.110937 0.00127888
60 0.532933 0.928906 0.920082 0.132812 0.00117397
28 0.535714 0.9375 0.912178 0.110937 0.00106525
28 0.839578 0.765625 0.320843 0.35 0.963867
0 0.502342 0.515625 0.337237 0.840625 0.896484
0 0.317916 0.6625 0.30445 0.542188 0.856934
56 0.108021 0.935938 0.0966042 0.125 0.0153046
56 0.522834 0.935938 0.912178 0.11875 0.0078125
72 0.487119 0.507031 0.371194 0.857813 0.00559998
56 0.14637 0.935938 0.173302 0.125 0.00486755
56 0.335992 0.935938 0.543472 0.121875 0.0037365
26 0.838407 0.765625 0.320843 0.35 0.00359344
59 0.534982 0.9375 0.913642 0.110937 0.0029583
60 0.537471 0.947656 0.906323 0.0890625 0.00275803
56 0.216628 0.935938 0.318501 0.123438 0.00255013
8 0.534982 0.9375 0.913642 0.110937 0.00182438
65 0.485363 0.921875 0.262295 0.0296875 0.00165462
59 0.533226 0.923438 0.933548 0.151562 0.00162315
65 0.432231 0.921094 0.140222 0.028125 0.00152493
71 0.534982 0.9375 0.913642 0.110937 0.00150108
69 0.534982 0.9375 0.913642 0.110937 0.00146675
65 0.415691 0.923438 0.108899 0.025 0.00127411
60 0.532787 0.929688 0.920375 0.13125 0.00121593
13 0.522834 0.935938 0.912178 0.11875 0.00120163
28 0.844262 0.823242 0.311475 0.228516 0.00113773
28 0.534982 0.9375 0.913642 0.110937 0.00112438
0 0.00526932 0.401172 0.0105386 0.611719 0.00103188
28 0.839578 0.765625 0.320843 0.35 0.963867
0 0.502488 0.514844 0.336944 0.839063 0.906738
0 0.317916 0.6625 0.30445 0.542188 0.852539
56 0.107728 0.935938 0.0960187 0.125 0.0200195
56 0.517564 0.935938 0.900468 0.11875 0.00878143
56 0.144321 0.935938 0.169204 0.125 0.00595856
72 0.487705 0.507031 0.370023 0.85625 0.00471878
56 0.334968 0.935938 0.542008 0.121875 0.00416565
26 0.838407 0.765625 0.320843 0.35 0.00395966
60 0.537324 0.948438 0.904274 0.0875 0.00358009
59 0.534982 0.9375 0.913642 0.110937 0.00336266
56 0.2137 0.935938 0.312646 0.123438 0.00298119
65 0.485363 0.921875 0.262295 0.0296875 0.00192642
65 0.431499 0.920313 0.140515 0.028125 0.00178242
59 0.532787 0.924219 0.934426 0.15 0.00168705
8 0.534982 0.9375 0.913642 0.110937 0.00168705
69 0.534982 0.9375 0.913642 0.110937 0.00162315
60 0.532641 0.929688 0.920667 0.13125 0.00149536
71 0.534982 0.9375 0.913642 0.110937 0.00146675
65 0.415691 0.923438 0.108899 0.025 0.00145531
28 0.844262 0.823242 0.311475 0.228516 0.00138855
0 0.00431792 0.401563 0.00863583 0.592969 0.00133514
28 0.534982 0.9375 0.913642 0.110937 0.00122547
13 0.517564 0.935938 0.900468 0.11875 0.00112057
26 0.107436 0.9375 0.0971897 0.125 0.00110722
8 0.545082 0.959375 0.900468 0.0625 0.00106049
28 0.838993 0.765625 0.322014 0.348438 0.961426
0 0.502342 0.514844 0.336066 0.839063 0.916016
0 0.317623 0.662891 0.305035 0.541406 0.854492
56 0.104801 0.935938 0.103044 0.125 0.0189056
56 0.513466 0.935938 0.892272 0.11875 0.00888062
56 0.146297 0.935938 0.172278 0.125 0.00568771
72 0.48829 0.50625 0.368852 0.85625 0.00494385
26 0.838407 0.765625 0.323185 0.35 0.00421524
56 0.335992 0.936719 0.542301 0.121875 0.00403976
60 0.537324 0.948438 0.906616 0.0875 0.00380898
59 0.534104 0.9375 0.915398 0.110937 0.00348282
56 0.211285 0.935938 0.306938 0.123438 0.00312424
8 0.534104 0.9375 0.915398 0.110937 0.00195694
0 0.00300059 0.407031 0.00600117 0.567187 0.00189686
65 0.485802 0.921875 0.262588 0.028125 0.00183105
65 0.431499 0.920313 0.140515 0.028125 0.00176144
60 0.532201 0.928906 0.921546 0.132812 0.0016613
69 0.534104 0.9375 0.915398 0.110937 0.00158501
28 0.843091 0.823242 0.311475 0.228516 0.00156116
59 0.532641 0.921875 0.934719 0.153125 0.00154877
65 0.416276 0.923438 0.108899 0.025 0.00148964
71 0.534104 0.9375 0.915398 0.110937 0.00139904
8 0.544496 0.959375 0.901639 0.0625 0.00135612
26 0.107436 0.9375 0.0966042 0.125 0.00133038
28 0.534104 0.9375 0.915398 0.110937 0.00129414
57 0.534104 0.9375 0.915398 0.110937 0.00101662
28 0.838993 0.765234 0.322014 0.347656 0.957031
0 0.501756 0.514453 0.336066 0.838281 0.923828
0 0.31733 0.662891 0.306792 0.541406 0.85498
56 0.107436 0.935938 0.0960187 0.125 0.0179901
56 0.512295 0.935938 0.88993 0.11875 0.00919342
56 0.148785 0.935938 0.17784 0.125 0.00538635
72 0.488144 0.505469 0.367974 0.854688 0.00496292
26 0.838407 0.765625 0.323185 0.348438 0.00405502
56 0.335553 0.936719 0.542008 0.121875 0.00400543
60 0.536885 0.948438 0.907494 0.0859375 0.00387001
59 0.534104 0.9375 0.915398 0.109375 0.00356483
56 0.209602 0.935938 0.303279 0.123438 0.00328636
0 0.00182963 0.41084 0.00365925 0.57207 0.00322342
8 0.534104 0.9375 0.915398 0.109375 0.00205803
65 0.485802 0.921875 0.262588 0.028125 0.00186729
65 0.431499 0.921094 0.140515 0.0265625 0.00186062
28 0.844848 0.818555 0.307963 0.234766 0.00184631
60 0.532201 0.929688 0.921546 0.13125 0.00181007
65 0.416276 0.923438 0.108899 0.025 0.00158501
8 0.543911 0.959375 0.90281 0.0625 0.00152493
59 0.532201 0.920313 0.935597 0.157813 0.0015192
69 0.534104 0.9375 0.915398 0.109375 0.00148964
26 0.107216 0.9375 0.0970433 0.125 0.0014782
28 0.534104 0.9375 0.915398 0.109375 0.00133514
56 0.532201 0.920313 0.935597 0.157813 0.00121117
71 0.534104 0.9375 0.915398 0.109375 0.00115108
57 0.534104 0.9375 0.915398 0.109375 0.00106049
13 0.512295 0.935938 0.88993 0.11875 0.00102043
28 0.838993 0.765234 0.322014 0.347656 0.952148
0 0.501025 0.514063 0.337529 0.8375 0.931152
0 0.31733 0.662891 0.306792 0.541406 0.865723
56 0.107143 0.935938 0.0960187 0.125 0.0189056
56 0.512734 0.935938 0.890222 0.11875 0.00933838
56 0.148126 0.935938 0.17623 0.125 0.00542831
72 0.488144 0.505469 0.367974 0.851562 0.0046463
26 0.838407 0.765625 0.323185 0.348438 0.00432968
60 0.537324 0.95 0.906616 0.0828125 0.00432968
0 0.00131733 0.40625 0.00263466 0.60625 0.0042305
56 0.335773 0.936719 0.541569 0.121875 0.00391388
59 0.534104 0.938281 0.915398 0.109375 0.00351143
56 0.207187 0.935938 0.298741 0.123438 0.00342941
65 0.429742 0.921094 0.137002 0.0265625 0.00250244
65 0.486095 0.921875 0.264344 0.028125 0.00234985
28 0.844848 0.818945 0.307963 0.233984 0.00234222
65 0.416276 0.923438 0.108899 0.0234375 0.00213242
60 0.532201 0.929688 0.921546 0.13125 0.00205803
8 0.534104 0.938281 0.915398 0.109375 0.00198746
8 0.543911 0.959375 0.90281 0.0625 0.00163555
26 0.10685 0.9375 0.0966042 0.125 0.00160408
69 0.534104 0.938281 0.915398 0.109375 0.00141621
59 0.532201 0.917969 0.935597 0.1625 0.00136185
56 0.532201 0.917969 0.935597 0.1625 0.0012846
28 0.534104 0.938281 0.915398 0.109375 0.00122547
57 0.534104 0.938281 0.915398 0.109375 0.00104809
26 0.369145 0.835156 0.112998 0.182812 0.00102806
71 0.534104 0.938281 0.915398 0.109375 0.00102425
28 0.838993 0.765234 0.322014 0.347656 0.95166
0 0.500585 0.514063 0.339578 0.8375 0.93457
0 0.317037 0.663281 0.307377 0.542188 0.868164
56 0.107143 0.935938 0.0960187 0.125 0.0189056
56 0.508782 0.935938 0.882904 0.11875 0.00941467
56 0.150176 0.935938 0.180328 0.125 0.00530243
72 0.48829 0.505469 0.368852 0.85 0.00475693
60 0.537471 0.95 0.906323 0.08125 0.00445175
26 0.838993 0.765625 0.322014 0.348438 0.00416565
0 0.00139052 0.409375 0.00278103 0.6 0.00400543
56 0.335773 0.935938 0.540398 0.121875 0.00385475
56 0.207553 0.935938 0.29918 0.123438 0.00340271
59 0.534104 0.939063 0.915398 0.109375 0.00327301
65 0.430913 0.921094 0.139344 0.0265625 0.00290108
65 0.486534 0.921875 0.264637 0.028125 0.00268364
28 0.843091 0.823438 0.311475 0.229687 0.00257111
65 0.416276 0.923438 0.11007 0.0234375 0.00246239
60 0.532201 0.93125 0.921546 0.128125 0.00222588
8 0.534104 0.939063 0.915398 0.109375 0.00208282
8 0.543472 0.959375 0.903688 0.0625 0.00185299
26 0.10685 0.9375 0.0966042 0.125 0.0016489
56 0.531762 0.917969 0.936475 0.1625 0.00131512
59 0.531762 0.917969 0.936475 0.1625 0.00127411
69 0.534104 0.939063 0.915398 0.109375 0.00120163
28 0.534104 0.939063 0.915398 0.109375 0.00118351
65 0.482289 0.927344 0.250878 0.021875 0.0011034
73 0.43267 0.919531 0.14637 0.0296875 0.00104427
26 0.369145 0.835156 0.112998 0.182812 0.00104046
13 0.532201 0.93125 0.921546 0.128125 0.00101185
57 0.534104 0.939063 0.915398 0.109375 0.00100422
28 0.838993 0.764844 0.322014 0.348438 0.955078
0 0.5 0.513672 0.340749 0.836719 0.936523
0 0.316745 0.663281 0.307963 0.542188 0.86084
56 0.10707 0.935938 0.0961651 0.125 0.0191956
56 0.510539 0.935938 0.887588 0.11875 0.00989532
72 0.488437 0.505469 0.369731 0.846875 0.00518036
56 0.150176 0.935938 0.180913 0.125 0.0051384
60 0.536885 0.95 0.907494 0.0828125 0.00448608
26 0.839578 0.765625 0.320843 0.348438 0.00421524
56 0.336358 0.935938 0.541569 0.121875 0.00388527
59 0.533958 0.939063 0.915691 0.109375 0.00341606
56 0.20726 0.935938 0.298595 0.123438 0.00338936
65 0.433841 0.921875 0.144028 0.025 0.00314713
0 0.00182963 0.4 0.00365925 0.603125 0.003088
65 0.486973 0.921875 0.26493 0.028125 0.0028553
65 0.416862 0.923438 0.11007 0.0234375 0.00270462
28 0.844262 0.823438 0.311475 0.229687 0.00255013
60 0.532201 0.93125 0.921546 0.128125 0.00232315
8 0.533958 0.939063 0.915691 0.109375 0.00197983
8 0.543472 0.959375 0.903688 0.0625 0.00179577
26 0.10685 0.9375 0.0971897 0.125 0.00166798
56 0.531616 0.914062 0.936768 0.16875 0.00136662
59 0.531616 0.914062 0.936768 0.16875 0.00132465
28 0.533958 0.939063 0.915691 0.109375 0.00125504
65 0.482289 0.927344 0.250878 0.021875 0.00124931
73 0.434573 0.920313 0.14959 0.028125 0.00122547
69 0.533958 0.939063 0.915691 0.109375 0.00121593
26 0.369438 0.835156 0.112412 0.182812 0.00110722
60 0.516979 0.957812 0.776347 0.05625 0.00107288
67 0.433841 0.921875 0.144028 0.025 0.00106049
28 0.838993 0.764844 0.322014 0.348438 0.95752
0 0.500146 0.513281 0.341628 0.835938 0.937012
0 0.317037 0.663281 0.307377 0.542188 0.861816
56 0.105094 0.935938 0.101288 0.125 0.026062
56 0.516393 0.935938 0.898126 0.11875 0.01017
56 0.14637 0.935938 0.173302 0.125 0.00609589
72 0.487705 0.505078 0.371194 0.844531 0.00530243
60 0.537324 0.95 0.906616 0.08125 0.00436401
26 0.839578 0.765625 0.320843 0.348438 0.00432968
56 0.380562 0.935938 0.637002 0.120313 0.00432968
65 0.43267 0.921875 0.142857 0.025 0.00397491
65 0.487119 0.921875 0.265808 0.028125 0.00358009
56 0.206674 0.935938 0.297424 0.125 0.00353813
65 0.416715 0.923438 0.110363 0.0234375 0.00349617
59 0.533372 0.939063 0.91452 0.107813 0.00309944
28 0.843091 0.823242 0.311475 0.228516 0.00283432
0 0.001976 0.396094 0.00395199 0.589844 0.00273705
60 0.531616 0.932031 0.920375 0.126563 0.00231361
26 0.10685 0.9375 0.0971897 0.125 0.00209045
8 0.533372 0.939063 0.91452 0.107813 0.00177479
8 0.543911 0.959375 0.90281 0.0625 0.00174141
65 0.482436 0.927344 0.250585 0.021875 0.00160408
73 0.43267 0.920313 0.14637 0.028125 0.00153637
56 0.531616 0.911719 0.936768 0.176563 0.00146675
56 0.336944 0.91875 0.549766 0.157813 0.0014267
67 0.416276 0.921875 0.108899 0.025 0.00141048
26 0.369438 0.835938 0.112412 0.182812 0.00137806
28 0.533372 0.939063 0.91452 0.107813 0.00127888
59 0.531616 0.911719 0.936768 0.176563 0.00123978
69 0.533372 0.939063 0.91452 0.107813 0.00122547
60 0.516979 0.957812 0.776347 0.05625 0.0011158
59 0.476581 0.928906 0.818501 0.139063 0.0011034
28 0.846604 0.776758 0.302108 0.187109 0.00109482
56 0.0786007 0.935938 0.153103 0.125 0.00100422
59 0.539813 0.957812 0.913349 0.06875 0.00100422
28 0.838993 0.764844 0.322014 0.348438 0.958008
0 0.499415 0.513281 0.343091 0.835938 0.935059
0 0.316745 0.663281 0.306792 0.54375 0.859863
56 0.107216 0.935938 0.0970433 0.125 0.0298767
56 0.519467 0.935938 0.902517 0.11875 0.00933838
56 0.145199 0.935938 0.17096 0.125 0.00624084
72 0.487119 0.505078 0.372365 0.842969 0.00577545
56 0.380562 0.935938 0.637002 0.120313 0.0045929
26 0.839578 0.765625 0.318501 0.348438 0.00431442
60 0.538056 0.95 0.90281 0.08125 0.00405502
65 0.434426 0.921875 0.14637 0.025 0.00383949
65 0.416715 0.923438 0.110363 0.0234375 0.00356483
65 0.487119 0.921875 0.265808 0.028125 0.00345612
56 0.20726 0.935938 0.29918 0.125 0.00340271
28 0.843091 0.823438 0.311475 0.229687 0.00299263
59 0.533958 0.939063 0.913349 0.10625 0.00277901
26 0.106484 0.936719 0.0973361 0.125 0.00234222
0 0.00234192 0.403906 0.00468384 0.552344 0.00219917
60 0.532641 0.932813 0.918325 0.126563 0.00215721
8 0.533958 0.939063 0.913349 0.10625 0.00168705
8 0.544496 0.958594 0.901639 0.0640625 0.00166798
65 0.482289 0.926562 0.250878 0.021875 0.00163555
73 0.433255 0.920313 0.147541 0.028125 0.00159168
56 0.328454 0.91875 0.532787 0.157813 0.00154305
67 0.416276 0.921875 0.108899 0.025 0.00151253
26 0.369438 0.835938 0.112412 0.182812 0.00146103
56 0.531762 0.907813 0.936475 0.184375 0.00134563
28 0.533958 0.939063 0.913349 0.10625 0.00129414
69 0.533958 0.939063 0.913349 0.10625 0.00123501
28 0.846604 0.778906 0.302108 0.182812 0.0012064
26 0.484631 0.91875 0.250878 0.034375 0.0012064
60 0.516393 0.957812 0.775176 0.05625 0.00115108
59 0.531762 0.907813 0.936475 0.184375 0.0011158
26 0.490486 0.853906 0.267272 0.164062 0.00106525
59 0.478484 0.928125 0.82055 0.142188 0.00103188
28 0.838993 0.764844 0.322014 0.348438 0.96582
0 0.499415 0.5125 0.34192 0.834375 0.938965
0 0.317916 0.664062 0.305621 0.542188 0.882812
56 0.10546 0.935938 0.100556 0.125 0.0472412
56 0.311549 0.935938 0.501025 0.11875 0.0124283
56 0.502927 0.935938 0.871194 0.11875 0.0108185
56 0.144906 0.935938 0.171546 0.125 0.00955963
72 0.487119 0.50625 0.371194 0.835938 0.00559998
56 0.206089 0.935938 0.297424 0.125 0.00426483
60 0.534104 0.939063 0.91774 0.10625 0.00399017
26 0.839578 0.765234 0.318501 0.349219 0.00367928
65 0.416862 0.923438 0.111241 0.0234375 0.00362206
28 0.843677 0.823438 0.310304 0.229687 0.00353813
26 0.10685 0.936719 0.0977752 0.125 0.00301552
59 0.534104 0.939063 0.91774 0.10625 0.00279999
65 0.433109 0.921875 0.14315 0.025 0.00276756
26 0.484631 0.919531 0.250878 0.0328125 0.00271416
65 0.483607 0.922656 0.262295 0.028125 0.00268364
26 0.369438 0.836719 0.112412 0.18125 0.00248146
8 0.544496 0.958594 0.903981 0.0640625 0.00230598
8 0.534104 0.939063 0.91774 0.10625 0.00223351
60 0.527518 0.923438 0.908665 0.153125 0.00221634
0 0.00124415 0.386328 0.00248829 0.585156 0.00219154
28 0.845433 0.785156 0.302108 0.171875 0.0020504
59 0.527518 0.923438 0.908665 0.153125 0.00196457
0 0.426376 0.506641 0.500878 0.835156 0.00194168
65 0.482436 0.926562 0.249415 0.021875 0.00191879
56 0.0784543 0.935938 0.15281 0.125 0.00186729
67 0.417008 0.921875 0.109778 0.025 0.00179577
56 0.531616 0.910937 0.936768 0.178125 0.00178242
56 0.446721 0.868555 0.669789 0.228516 0.00166798
73 0.436915 0.920313 0.156616 0.0296875 0.0016613
13 0.533372 0.934375 0.919204 0.125 0.00162315
28 0.845433 0.884375 0.309133 0.1125 0.00161076
26 0.491218 0.854688 0.26815 0.1625 0.00158501
60 0.544496 0.958594 0.903981 0.0640625 0.0014782
28 0.534104 0.939063 0.91774 0.10625 0.00145531
26 0.48829 0.882031 0.269321 0.10625 0.00127411
56 0.31733 0.664062 0.306792 0.546875 0.0011425
26 0.199356 0.83125 0.0819672 0.18125 0.00106525
43 0.10685 0.936719 0.0977752 0.125 0.00103188
28 0.839578 0.764844 0.320843 0.348438 0.970215
0 0.499415 0.512109 0.34192 0.835156 0.937988
0 0.318208 0.664062 0.303864 0.542188 0.889648
56 0.105972 0.935938 0.101288 0.125 0.0618896
56 0.254977 0.935938 0.389344 0.11875 0.0196381
56 0.136929 0.935938 0.157055 0.125 0.0130234
56 0.485948 0.935938 0.837237 0.11875 0.0109024
28 0.847775 0.794531 0.297424 0.171875 0.00605011
26 0.486095 0.919531 0.252635 0.0328125 0.0055542
72 0.487119 0.50625 0.370023 0.83125 0.00521851
60 0.526347 0.9375 0.909836 0.1125 0.00376511
56 0.332845 0.936719 0.535714 0.123438 0.00367928
26 0.840749 0.765234 0.318501 0.349219 0.00338936
26 0.369438 0.836719 0.111241 0.182812 0.003088
28 0.845433 0.885938 0.309133 0.109375 0.00293541
56 0.0784543 0.935938 0.153396 0.125 0.00284576
59 0.526347 0.9375 0.909836 0.1125 0.00281143
8 0.544643 0.959375 0.90603 0.065625 0.00277901
65 0.416862 0.923438 0.112412 0.025 0.00276756
60 0.537324 0.953125 0.901932 0.078125 0.00274658
26 0.10707 0.936719 0.098507 0.125 0.00269318
60 0.526347 0.920313 0.905152 0.159375 0.00257111
8 0.533958 0.940625 0.915691 0.104688 0.00235939
65 0.48346 0.923438 0.260246 0.03125 0.00226021
26 0.491218 0.854688 0.26815 0.1625 0.00216484
56 0.415691 0.866406 0.58548 0.225 0.00212479
13 0.533958 0.935156 0.915691 0.125 0.00191879
59 0.526347 0.920313 0.905152 0.159375 0.00188923
26 0.488876 0.88125 0.269321 0.107813 0.00181007
56 0.526932 0.912109 0.925058 0.175781 0.0017271
65 0.43428 0.921875 0.145492 0.025 0.00162888
36 0.485363 0.91875 0.259953 0.034375 0.00162888
67 0.416862 0.921875 0.111241 0.025 0.00154877
65 0.444965 0.920313 0.172131 0.03125 0.00153065
73 0.444965 0.920313 0.172131 0.03125 0.00139427
28 0.533958 0.940625 0.915691 0.104688 0.00134563
60 0.507172 0.960938 0.763173 0.0625 0.00131989
26 0.199941 0.831055 0.0813817 0.181641 0.00124454
56 0.10707 0.925 0.0844555 0.103125 0.00121593
56 0.317623 0.664062 0.306206 0.546875 0.0011158
67 0.43911 0.152344 0.028103 0.0246094 0.00108147
62 0.485948 0.935938 0.837237 0.11875 0.00106525
0 0.00043911 0.377344 0.00087822 0.596875 0.00105667
65 0.481265 0.926562 0.250585 0.01875 0.00101185
28 0.840164 0.764844 0.319672 0.35 0.972656
0 0.499415 0.5125 0.34192 0.834375 0.93457
0 0.318501 0.664062 0.303279 0.542188 0.896484
56 0.105899 0.935938 0.100849 0.125 0.0750122
56 0.223727 0.935938 0.326551 0.11875 0.0232391
56 0.132904 0.935938 0.149297 0.125 0.0153656
56 0.474239 0.935938 0.812646 0.120313 0.0112
26 0.485948 0.919531 0.252927 0.0328125 0.00967407
28 0.848946 0.79375 0.295082 0.170313 0.00784302
56 0.305694 0.935938 0.492828 0.125 0.00526047
28 0.845433 0.885938 0.309133 0.10625 0.00450516
72 0.487705 0.507031 0.368852 0.829688 0.00436401
26 0.369438 0.837305 0.111241 0.181641 0.00426483
60 0.526932 0.9375 0.907494 0.114063 0.00405502
56 0.078308 0.935938 0.153103 0.125 0.00359344
26 0.840749 0.765234 0.318501 0.349219 0.00327301
8 0.544496 0.959375 0.906323 0.065625 0.00327301
26 0.491218 0.854883 0.26815 0.162109 0.0029583
59 0.526932 0.9375 0.907494 0.114063 0.00294685
26 0.491218 0.889063 0.262295 0.09375 0.00261116
26 0.107436 0.936719 0.0989461 0.125 0.00260162
8 0.534543 0.940625 0.91452 0.103125 0.00260162
56 0.384075 0.863281 0.502342 0.221875 0.00259018
60 0.526347 0.914062 0.901639 0.171875 0.00247192
36 0.485948 0.91875 0.261124 0.034375 0.00224304
60 0.537471 0.953125 0.901639 0.078125 0.00215721
65 0.417447 0.923438 0.112412 0.025 0.00213242
13 0.534543 0.935938 0.912178 0.125 0.00208282
65 0.484631 0.922656 0.260246 0.03125 0.00197983
59 0.526347 0.914062 0.901639 0.171875 0.00183868
26 0.200234 0.833008 0.0813817 0.183984 0.00182438
56 0.51654 0.908594 0.901347 0.182812 0.00163555
60 0.504684 0.9625 0.758782 0.065625 0.0015974
28 0.534543 0.940625 0.91452 0.103125 0.00140476
56 0.10685 0.925 0.0843091 0.101562 0.00139904
28 0.370609 0.832812 0.115925 0.184375 0.00138855
67 0.417447 0.921875 0.111241 0.0265625 0.00134563
67 0.43911 0.152539 0.028103 0.025 0.00133514
26 0.305035 0.835156 0.241218 0.182812 0.00133038
0 0.515369 0.687109 0.329918 0.496094 0.00127411
73 0.446721 0.920313 0.176815 0.03125 0.00118828
26 0.234778 0.83418 0.14637 0.197266 0.00109863
65 0.433841 0.921875 0.145199 0.0265625 0.00104046
65 0.446721 0.920313 0.176815 0.03125 0.00103664
28 0.840164 0.764844 0.319672 0.35 0.973145
0 0.500146 0.512109 0.341628 0.835156 0.931152
0 0.318501 0.664062 0.302108 0.540625 0.897461
56 0.106265 0.935938 0.100703 0.125 0.0809326
56 0.213115 0.935156 0.306206 0.120313 0.0272675
56 0.129098 0.935938 0.142272 0.125 0.0161591
56 0.465457 0.935938 0.796253 0.120313 0.0120544
26 0.486534 0.919531 0.252927 0.0328125 0.0106125
56 0.163934 0.936719 0.207845 0.125 0.00919342
28 0.848946 0.794531 0.295082 0.170313 0.00854492
56 0.305328 0.935938 0.492389 0.125 0.00521851
28 0.845433 0.885938 0.309133 0.10625 0.00471878
26 0.370023 0.837305 0.11007 0.181641 0.00453949
56 0.0781616 0.935938 0.15281 0.125 0.00405502
72 0.487705 0.507031 0.367681 0.826563 0.00359344
60 0.528103 0.9375 0.906323 0.114063 0.00358009
8 0.545082 0.959375 0.905152 0.065625 0.00351143
59 0.528103 0.9375 0.906323 0.114063 0.00307465
26 0.841335 0.765234 0.31733 0.349219 0.00301552
56 0.359485 0.860156 0.437939 0.217188 0.00291252
26 0.49195 0.854688 0.269028 0.1625 0.00287819
8 0.534982 0.940625 0.9113 0.103125 0.0027256
36 0.486534 0.919531 0.261124 0.034375 0.0026207
26 0.491218 0.8875 0.263466 0.096875 0.00256157
26 0.200527 0.832617 0.0802108 0.184766 0.00223351
26 0.107436 0.936719 0.0989461 0.125 0.00213242
13 0.535714 0.935938 0.909836 0.126563 0.00212479
60 0.526932 0.910937 0.898126 0.178125 0.00210762
60 0 0.892969 0 0.214062 0.0020752
59 0.526932 0.910937 0.898126 0.178125 0.00179577
13 0.526932 0.910937 0.898126 0.178125 0.00178242
28 0.370609 0.832617 0.114754 0.181641 0.00174809
0 0.514637 0.688281 0.330211 0.49375 0.00166798
60 0.502488 0.9625 0.753806 0.065625 0.0016489
67 0.43911 0.152734 0.028103 0.0253906 0.00161648
65 0.416715 0.923438 0.112705 0.025 0.00157356
65 0.484778 0.922656 0.259953 0.03125 0.00157356
56 0.509953 0.908203 0.886417 0.183594 0.00150108
60 0.538495 0.953906 0.89959 0.078125 0.00148964
26 0.312939 0.835156 0.22541 0.182812 0.00144386
59 0.00424473 0.482422 0.00848946 0.907031 0.00138283
56 0.10685 0.925 0.0843091 0.1 0.00135136
26 0.230679 0.83418 0.136417 0.197266 0.00131512
28 0.534982 0.940625 0.9113 0.103125 0.00124454
60 0.00424473 0.482422 0.00848946 0.907031 0.00112915
59 0.415544 0.934375 0.695843 0.126563 0.00108624
67 0.417008 0.921875 0.112119 0.0265625 0.00102806
28 0.840164 0.764844 0.319672 0.35 0.974609
0 0.499854 0.5125 0.339871 0.834375 0.927734
0 0.318501 0.664062 0.302108 0.540625 0.895508
56 0.106557 0.935938 0.100703 0.125 0.0806274
56 0.213993 0.935156 0.308548 0.120313 0.0297546
56 0.130635 0.935938 0.145053 0.125 0.0160217
56 0.460773 0.935938 0.788056 0.121875 0.012825
26 0.486095 0.920313 0.252635 0.034375 0.0111618
28 0.848946 0.79668 0.295082 0.175391 0.00923157
56 0.304742 0.935938 0.491218 0.125 0.00530243
26 0.370023 0.837305 0.11007 0.181641 0.00426483
56 0.0780152 0.935938 0.153103 0.126563 0.0042305
28 0.846019 0.885938 0.307963 0.107813 0.00413513
8 0.545082 0.959375 0.905152 0.0671875 0.00403976
59 0.527518 0.9375 0.905152 0.114063 0.00322342
72 0.487705 0.507031 0.367681 0.826563 0.0030632
8 0.534543 0.940625 0.912178 0.104688 0.00301552
56 0.351288 0.859375 0.416862 0.215625 0.00300407
60 0.527518 0.9375 0.905152 0.114063 0.00300407
26 0.84192 0.765234 0.316159 0.349219 0.00288963
26 0.49195 0.855469 0.269028 0.1625 0.00287819
26 0.489315 0.879687 0.269614 0.1125 0.00263214
36 0.485802 0.919531 0.260246 0.034375 0.00255013
26 0.200527 0.832812 0.0802108 0.185938 0.00250244
60 0 0.9 0 0.2 0.00224304
13 0.535129 0.935938 0.908665 0.125 0.00203514
28 0.370609 0.833594 0.114754 0.182812 0.00201988
60 0.50644 0.910547 0.879391 0.178906 0.00192642
26 0.107436 0.936719 0.0989461 0.125 0.00188255
0 0.311183 0.59375 0.285129 0.4 0.00187492
60 0.00234192 0.496094 0.00468384 0.920313 0.00186729
67 0.43911 0.152734 0.028103 0.0255859 0.00183105
0 0.514198 0.6875 0.329918 0.495313 0.00181007
59 0.526347 0.910937 0.895784 0.178125 0.00178242
60 0.501756 0.963281 0.750585 0.0671875 0.00176144
13 0.526347 0.910937 0.895784 0.178125 0.00171375
26 0.22541 0.834375 0.125293 0.196875 0.00146675
59 0.108021 0.407813 0.192037 0.78125 0.00146103
56 0.50644 0.910547 0.879391 0.178906 0.00143242
26 0.320843 0.835156 0.209602 0.182812 0.00139904
65 0.484631 0.923438 0.260246 0.03125 0.00138855
56 0.10685 0.923438 0.0843091 0.1 0.0012846
28 0.534543 0.940625 0.912178 0.104688 0.00121593
65 0.416715 0.923438 0.112705 0.025 0.00121117
59 0.00234192 0.496094 0.00468384 0.920313 0.00120163
59 0.415105 0.935156 0.696721 0.126563 0.00117397
60 0 0.848437 0 0.303125 0.00105667
62 0.460773 0.935938 0.788056 0.121875 0.00104809
56 0.199063 0.836133 0.0737705 0.193359 0.00103664
60 0.538642 0.953125 0.901639 0.078125 0.00103188
28 0.997658 0.814258 0.00468384 0.349609 0.00102806
28 0.840749 0.764844 0.318501 0.348438 0.974609
0 0.499854 0.5125 0.339871 0.835938 0.922852
0 0.318501 0.664062 0.300937 0.540625 0.893066
56 0.106484 0.935938 0.100849 0.125 0.0726318
56 0.217799 0.935156 0.316159 0.120313 0.029541
56 0.128513 0.935938 0.141101 0.125 0.0149536
56 0.455503 0.935938 0.778688 0.120313 0.0125275
26 0.486095 0.920313 0.252635 0.034375 0.00941467
28 0.848946 0.8 0.297424 0.184375 0.00857544
56 0.30445 0.935938 0.490632 0.125 0.00498199
8 0.545521 0.959375 0.904274 0.0671875 0.00436401
56 0.0778688 0.935938 0.153396 0.126563 0.00413513
26 0.370023 0.837695 0.11007 0.183984 0.00348282
8 0.534982 0.940625 0.9113 0.104688 0.00340271
59 0.527371 0.9375 0.905445 0.114063 0.00328636
28 0.846019 0.885938 0.307963 0.109375 0.00325966
56 0.346604 0.857813 0.400468 0.2125 0.00305176
26 0.84192 0.765234 0.316159 0.349219 0.00276756
72 0.487705 0.507422 0.366511 0.825781 0.00273705
26 0.491218 0.855469 0.26815 0.1625 0.00257111
26 0.489315 0.879687 0.269614 0.1125 0.00256157
26 0.201112 0.833008 0.0802108 0.187109 0.00250244
60 0.527371 0.9375 0.905445 0.114063 0.00245285
36 0.485802 0.919531 0.260246 0.034375 0.00242424
67 0.43911 0.152734 0.028103 0.0257812 0.00206757
28 0.370609 0.83418 0.114754 0.181641 0.00205803
13 0.535714 0.935938 0.909836 0.125 0.0019722
0 0.311183 0.592578 0.283958 0.397656 0.00195694
0 0.514051 0.687891 0.330211 0.494531 0.00194931
60 0 0.899219 0 0.201563 0.00183868
60 0.504684 0.912109 0.875878 0.175781 0.0018177
59 0.526347 0.911719 0.895784 0.176563 0.00179577
60 0.500585 0.963281 0.747073 0.0671875 0.0017271
13 0.526347 0.911719 0.895784 0.176563 0.0017004
59 0.108241 0.405566 0.191013 0.776367 0.00168705
26 0.107728 0.936719 0.0989461 0.125 0.0015974
60 0.00182963 0.502344 0.00365925 0.909375 0.00157928
26 0.222482 0.834375 0.118267 0.196875 0.00144958
56 0.504684 0.912109 0.875878 0.175781 0.00135136
65 0.485363 0.923438 0.259953 0.03125 0.00128937
56 0.10685 0.923438 0.0843091 0.1 0.00125504
26 0.322892 0.835156 0.205504 0.182812 0.0012064
28 0.997658 0.814844 0.00468384 0.353125 0.00118828
28 0.534982 0.940625 0.9113 0.104688 0.00105286
65 0.416862 0.923438 0.112412 0.025 0.00102425
62 0.455503 0.935938 0.778688 0.120313 0.00101185
28 0.840749 0.764844 0.318501 0.348438 0.974121
0 0.499854 0.512891 0.339871 0.836719 0.921875
0 0.317916 0.663281 0.300937 0.542188 0.890625
56 0.106484 0.935938 0.100849 0.125 0.0678101
56 0.212822 0.935156 0.306792 0.120313 0.0290833
56 0.448331 0.935938 0.763759 0.120313 0.0119629
26 0.486095 0.920313 0.252635 0.034375 0.00908661
28 0.848946 0.802344 0.297424 0.1875 0.00812531
56 0.303937 0.935938 0.490486 0.125 0.00479126
8 0.546253 0.959375 0.90281 0.0671875 0.00446701
56 0.0778688 0.935938 0.153396 0.126563 0.0041008
8 0.535714 0.942187 0.909836 0.103125 0.00324821
28 0.846019 0.885938 0.307963 0.109375 0.00311089
56 0.337237 0.857617 0.37822 0.209766 0.00307465
26 0.370023 0.836719 0.11007 0.184375 0.00293541
59 0.528688 0.9375 0.90281 0.1125 0.00292397
26 0.84192 0.765625 0.316159 0.348438 0.00263214
26 0.489461 0.879687 0.269321 0.1125 0.0026207
26 0.201112 0.833008 0.0802108 0.187109 0.00257111
72 0.488144 0.507812 0.365632 0.826563 0.00247192
26 0.491218 0.855469 0.26815 0.1625 0.00242424
60 0.528688 0.9375 0.90281 0.1125 0.00229645
36 0.485802 0.919531 0.260246 0.034375 0.00228691
67 0.43911 0.15293 0.028103 0.0257812 0.00225258
0 0.514051 0.6875 0.330211 0.495313 0.00214958
28 0.370609 0.83457 0.114754 0.180859 0.00188923
0 0.31089 0.592188 0.283372 0.395313 0.00187492
59 0.108241 0.404785 0.189842 0.774805 0.00178909
60 0.499854 0.964063 0.742681 0.06875 0.00178242
13 0.536153 0.935938 0.906616 0.125 0.00176144
60 0.500732 0.912891 0.867389 0.174219 0.0017271
60 0 0.898438 0 0.203125 0.00161648
59 0.525615 0.913281 0.892564 0.173438 0.0015974
13 0.525615 0.913281 0.892564 0.173438 0.00156116
26 0.220141 0.834375 0.112998 0.196875 0.00150108
60 0 0.475 0 0.839063 0.00147247
26 0.107728 0.936719 0.0995316 0.125 0.00143242
59 0.407933 0.935156 0.682962 0.125 0.00134563
56 0.500732 0.912891 0.867389 0.174219 0.00128937
56 0.106484 0.923438 0.0844555 0.1 0.00126934
65 0.484924 0.923438 0.25966 0.03125 0.00124454
28 0.997658 0.816406 0.00468384 0.35625 0.00112438
32 0.185304 0.276953 0.0269321 0.0257812 0.00107765
26 0.327869 0.836133 0.19555 0.183984 0.00106525
0 0.411592 0.789062 0.193208 0.285938 0.00105286
62 0.448331 0.935938 0.763759 0.120313 0.00103188
60 0 0.939844 0 0.120313 0.00101185
28 0.840749 0.764844 0.318501 0.348438 0.972168
0 0.5 0.512891 0.339578 0.836719 0.921387
0 0.31733 0.663672 0.300937 0.541406 0.890137
56 0.106557 0.935938 0.100703 0.125 0.0703125
56 0.210187 0.935156 0.302108 0.120313 0.0292053
56 0.442623 0.935938 0.752927 0.120313 0.0115967
26 0.486095 0.920313 0.252635 0.034375 0.00844574
28 0.848946 0.803906 0.297424 0.192188 0.00821686
8 0.547863 0.959375 0.89959 0.0671875 0.00471878
56 0.303279 0.935938 0.489461 0.125 0.00468063
56 0.0778688 0.935938 0.153396 0.126563 0.00431442
8 0.537471 0.942969 0.908665 0.1 0.00338936
56 0.334895 0.857813 0.370023 0.207813 0.00312424
28 0.846019 0.885938 0.307963 0.109375 0.00305176
59 0.529859 0.9375 0.901639 0.1125 0.00268364
26 0.20082 0.832617 0.0796253 0.187891 0.00259018
26 0.489461 0.879687 0.269321 0.1125 0.00259018
26 0.84192 0.765625 0.316159 0.348438 0.00253105
67 0.43911 0.15293 0.028103 0.0257812 0.00240517
26 0.370023 0.836719 0.11007 0.184375 0.00235939
0 0.514051 0.685938 0.330211 0.498437 0.00221634
26 0.490632 0.852344 0.272834 0.16875 0.00219917
36 0.485802 0.919531 0.260246 0.034375 0.00219154
72 0.488437 0.508594 0.365047 0.826563 0.00216484
60 0.529859 0.9375 0.901639 0.1125 0.00212479
0 0.31089 0.590625 0.282201 0.39375 0.00186729
60 0.499415 0.964063 0.740047 0.06875 0.00176811
28 0.370609 0.834375 0.114754 0.18125 0.00174141
59 0.109412 0.404687 0.1875 0.771875 0.00174141
60 0.499415 0.915625 0.866511 0.16875 0.0017004
13 0.536885 0.935938 0.905152 0.125 0.00163555
60 0 0.897656 0 0.204688 0.00163555
60 0 0.475 0 0.83125 0.00161648
59 0.499415 0.915625 0.866511 0.16875 0.00150681
26 0.217213 0.834375 0.106557 0.196875 0.00149536
26 0.107728 0.936719 0.0995316 0.125 0.00143242
59 0.405299 0.935156 0.678864 0.125 0.00139904
56 0.106557 0.922656 0.0848946 0.0984375 0.00132465
56 0.499415 0.915625 0.866511 0.16875 0.00124454
65 0.484924 0.923438 0.25966 0.03125 0.00123978
65 0.484778 0.926562 0.244731 0.021875 0.00117397
0 0.411592 0.789258 0.193208 0.287109 0.00113392
32 0.185304 0.276953 0.0269321 0.0257812 0.0011158
60 0 0.939844 0 0.120313 0.00109005
56 0.199649 0.836133 0.0714286 0.193359 0.00102425
59 0.334895 0.857813 0.370023 0.207813 0.00101185
28 0.840749 0.764844 0.318501 0.348438 0.97168
0 0.499854 0.5125 0.339871 0.835938 0.920898
0 0.31733 0.663281 0.300937 0.542188 0.890625
56 0.106557 0.935938 0.100703 0.125 0.0715942
56 0.201698 0.935156 0.285129 0.120313 0.0276947
56 0.437354 0.935938 0.742389 0.11875 0.0107346
56 0.155445 0.935938 0.192623 0.125 0.0091629
26 0.486095 0.920313 0.252635 0.034375 0.00847626
28 0.848946 0.806055 0.297424 0.197266 0.00818634
56 0.303205 0.935938 0.489608 0.125 0.00445175
56 0.0780152 0.935938 0.153103 0.125 0.00443268
8 0.548595 0.959375 0.898126 0.0671875 0.00421524
56 0.330796 0.856445 0.357143 0.205859 0.00317192
8 0.538642 0.944531 0.903981 0.096875 0.00302696
28 0.846019 0.885156 0.307963 0.109375 0.00276756
36 0.485802 0.919531 0.260246 0.034375 0.00259018
0 0.510392 0.709766 0.304742 0.450781 0.00257111
26 0.489461 0.878906 0.269321 0.1125 0.00253105
67 0.43911 0.15293 0.028103 0.0253906 0.00247192
26 0.84192 0.765625 0.316159 0.348438 0.00247192
26 0.201405 0.832617 0.0796253 0.187891 0.00231361
59 0.531177 0.9375 0.897834 0.1125 0.00224304
26 0.491218 0.854688 0.26815 0.1625 0.00214005
26 0.370023 0.836719 0.11007 0.184375 0.0020752
60 0.531177 0.9375 0.897834 0.1125 0.00201988
72 0.488876 0.504687 0.362998 0.8375 0.00196457
0 0.311475 0.590625 0.282201 0.392188 0.00183868
60 0.498244 0.964063 0.736534 0.06875 0.00176811
28 0.370609 0.834375 0.114754 0.18125 0.00174809
60 0.496926 0.915625 0.860948 0.16875 0.00160408
13 0.526347 0.917188 0.891101 0.165625 0.00145531
60 0 0.473047 0 0.816406 0.00144958
56 0.106631 0.923438 0.0853337 0.1 0.00139904
0 0.411592 0.788281 0.193208 0.2875 0.00137806
59 0.109485 0.403223 0.186183 0.763867 0.00137234
59 0.401493 0.935156 0.670082 0.125 0.00136185
26 0.107728 0.936719 0.0995316 0.125 0.00135612
59 0.496926 0.915625 0.860948 0.16875 0.00133514
60 0 0.899219 0 0.201563 0.00133038
26 0.215457 0.83418 0.103044 0.197266 0.0012846
56 0.496926 0.915625 0.860948 0.16875 0.00119686
65 0.484924 0.923438 0.25966 0.03125 0.00113773
65 0.484778 0.926562 0.244731 0.021875 0.00109863
32 0.185597 0.276953 0.0269321 0.0257812 0.00106525
28 0.840749 0.764844 0.318501 0.348438 0.970703
0 0.499854 0.5125 0.339871 0.835938 0.92041
0 0.317623 0.663672 0.300351 0.541406 0.88916
56 0.106484 0.935938 0.100849 0.125 0.0700684
56 0.205504 0.935156 0.29274 0.120313 0.0270691
56 0.432084 0.935938 0.733021 0.11875 0.0103302
56 0.153689 0.935938 0.18911 0.125 0.00898743
26 0.485948 0.920313 0.251756 0.034375 0.00834656
28 0.848946 0.80625 0.297424 0.196875 0.00806427
8 0.54918 0.959375 0.896955 0.0671875 0.00441742
56 0.303279 0.935938 0.489461 0.125 0.00432968
56 0.0780152 0.935938 0.153103 0.125 0.0042305
8 0.538788 0.945312 0.903688 0.096875 0.00324821
56 0.330211 0.857031 0.355972 0.207813 0.00314713
28 0.846019 0.885938 0.307963 0.109375 0.00288963
0 0.514051 0.687109 0.32904 0.496094 0.0028553
36 0.485948 0.920313 0.259953 0.034375 0.00274658
26 0.489608 0.878125 0.269028 0.1125 0.00253105
67 0.43911 0.153027 0.028103 0.0255859 0.00252151
26 0.84192 0.765625 0.316159 0.348438 0.0024929
26 0.201405 0.832812 0.0796253 0.189063 0.00215721
59 0.53103 0.9375 0.895784 0.1125 0.00213242
26 0.491218 0.854688 0.26815 0.1625 0.00210762
60 0.53103 0.9375 0.895784 0.1125 0.00199509
26 0.370023 0.836719 0.11007 0.184375 0.00189686
0 0.311475 0.590234 0.282201 0.391406 0.00182438
60 0.497804 0.963281 0.73507 0.0671875 0.00178242
72 0.488876 0.504687 0.362998 0.835938 0.00175476
28 0.370609 0.834375 0.114754 0.18125 0.00167465
60 0.494731 0.91875 0.858314 0.1625 0.00164223
13 0.525907 0.920313 0.891979 0.159375 0.00143242
56 0.106631 0.923438 0.0853337 0.1 0.00137806
59 0.396955 0.934375 0.662763 0.125 0.00137806
0 0.411592 0.788281 0.193208 0.2875 0.00136662
26 0.107728 0.936719 0.0995316 0.125 0.00134563
60 0 0.899219 0 0.201563 0.00134563
59 0.494731 0.91875 0.858314 0.1625 0.00134087
59 0.109778 0.401465 0.185597 0.756445 0.00131512
26 0.215457 0.833594 0.103044 0.198437 0.0011692
65 0.484778 0.923438 0.258782 0.03125 0.00116539
56 0.494731 0.91875 0.858314 0.1625 0.00115585
65 0.484631 0.926562 0.243852 0.021875 0.00114727
60 0 0.471094 0 0.795313 0.00108624
32 0.185304 0.276953 0.0269321 0.0257812 0.00104427
59 0.330211 0.857031 0.355972 0.207813 0.00101662
28 0.840164 0.764844 0.319672 0.35 0.972656
0 0.499415 0.5125 0.34192 0.834375 0.935059
0 0.318501 0.663672 0.303279 0.541406 0.895996
56 0.105899 0.935938 0.100849 0.125 0.0747681
56 0.222995 0.935938 0.325673 0.11875 0.0233307
56 0.132977 0.935938 0.149737 0.125 0.0153656
56 0.472922 0.935938 0.810597 0.120313 0.0112457
26 0.485948 0.919531 0.252927 0.0328125 0.00997162
28 0.848946 0.79375 0.295082 0.170313 0.0078125
56 0.305913 0.935938 0.492389 0.125 0.00524139
28 0.845433 0.885938 0.309133 0.10625 0.00452042
72 0.487705 0.506641 0.368852 0.828906 0.00436401
26 0.369438 0.837305 0.111241 0.181641 0.00426483
60 0.526932 0.9375 0.907494 0.114063 0.00407028
56 0.0781616 0.935938 0.153396 0.125 0.00353813
26 0.840749 0.765234 0.318501 0.349219 0.00324821
8 0.544496 0.959375 0.906323 0.065625 0.00324821
26 0.491218 0.854883 0.26815 0.162109 0.0030632
59 0.526932 0.9375 0.907494 0.114063 0.00298119
26 0.491218 0.889063 0.262295 0.09375 0.00268364
26 0.107436 0.936719 0.0989461 0.125 0.0026207
56 0.38466 0.864062 0.504684 0.221875 0.00261116
8 0.533958 0.940625 0.913349 0.103125 0.00261116
60 0.526347 0.914062 0.901639 0.171875 0.00247192
36 0.485802 0.91875 0.260246 0.034375 0.00221634
60 0.537471 0.953125 0.901639 0.078125 0.00214958
65 0.417447 0.923438 0.112412 0.025 0.00214005
13 0.534543 0.935938 0.912178 0.125 0.00208282
65 0.484631 0.922656 0.260246 0.03125 0.00195694
59 0.526347 0.914062 0.901639 0.171875 0.00186062
26 0.200234 0.833008 0.0813817 0.183984 0.00181007
56 0.516393 0.909375 0.901639 0.18125 0.0016489
60 0.504684 0.9625 0.758782 0.065625 0.0015974
28 0.533958 0.940625 0.913349 0.103125 0.00139904
28 0.370609 0.832812 0.115925 0.184375 0.00139427
56 0.10685 0.925 0.0843091 0.101562 0.00139427
67 0.417447 0.921875 0.111241 0.0265625 0.00134087
67 0.43911 0.152539 0.028103 0.025 0.00133514
26 0.305035 0.835156 0.241218 0.182812 0.00131512
0 0.515222 0.687109 0.330211 0.496094 0.00126457
73 0.446282 0.920313 0.175351 0.03125 0.00119209
26 0.234778 0.83418 0.14637 0.197266 0.00109863
65 0.446282 0.920313 0.175351 0.03125 0.00104809
65 0.433109 0.921875 0.14315 0.0265625 0.00104427
