9 0.533594 0.921875 0.08125 0.153125 0.0107346
11 0.533594 0.921875 0.08125 0.153125 0.00446701
74 0.348047 0.253646 0.01875 0.0484375 0.00222588
9 0.770703 0.816146 0.353906 0.344792 0.00188255
11 0.552344 0.925521 0.0453125 0.144792 0.00129986
9 0.533594 0.921875 0.08125 0.153125 0.0086441
11 0.533594 0.921875 0.08125 0.153125 0.0036068
74 0.347656 0.253646 0.0179687 0.0479167 0.00254059
9 0.771094 0.816146 0.353125 0.346875 0.00145531
11 0.551562 0.925521 0.0460938 0.144792 0.00114727
74 0.352539 0.24349 0.0289063 0.0619792 0.0011158
74 0.352734 0.254427 0.0265625 0.0463542 0.00107765
74 0.348828 0.261719 0.021875 0.0619792 0.00105286
9 0.533594 0.921875 0.08125 0.154167 0.00831604
11 0.533594 0.921875 0.08125 0.154167 0.00342941
74 0.347656 0.253646 0.0179687 0.0479167 0.00322342
74 0.352344 0.24349 0.0289063 0.0614583 0.00143242
74 0.352734 0.254688 0.0265625 0.0463542 0.00138855
74 0.348633 0.261914 0.0210938 0.0615885 0.00130463
11 0.551172 0.925521 0.046875 0.144792 0.00119209
9 0.533594 0.921875 0.08125 0.154167 0.00800323
74 0.347656 0.253385 0.0179687 0.0479167 0.0036068
11 0.533594 0.921875 0.08125 0.154167 0.0030632
74 0.352539 0.24349 0.0285156 0.0604167 0.00170708
74 0.352734 0.254427 0.0261719 0.0458333 0.00165462
74 0.348438 0.261979 0.0207031 0.0614583 0.00141621
11 0.550781 0.925521 0.046875 0.144792 0.00130463
9 0.533594 0.921875 0.08125 0.154167 0.00551224
74 0.347266 0.253125 0.0171875 0.0473958 0.00323486
11 0.533594 0.921875 0.08125 0.154167 0.00215721
74 0.352539 0.243229 0.028125 0.0588542 0.0015192
74 0.352734 0.254167 0.0257812 0.0447917 0.00150681
74 0.347656 0.261979 0.0195312 0.0598958 0.00121593
11 0.55 0.926042 0.0484375 0.14375 0.00115585
9 0.667188 0.675 0.0453125 0.102083 0.00102425
9 0.533594 0.921354 0.08125 0.153125 0.00356483
74 0.34707 0.25306 0.0167969 0.0470052 0.00301552
74 0.352734 0.253906 0.0257812 0.0442708 0.00143242
11 0.533594 0.921354 0.08125 0.153125 0.0014267
74 0.352344 0.243229 0.028125 0.0583333 0.00139427
11 0.55 0.925521 0.0484375 0.14375 0.00114727
74 0.347461 0.262044 0.01875 0.0592448 0.00113392
9 0.667969 0.675 0.04375 0.1 0.00100803
74 0.347266 0.252604 0.0171875 0.0473958 0.00279045
9 0.533984 0.921354 0.0804688 0.152083 0.00229645
74 0.352734 0.253385 0.0257812 0.0453125 0.00139427
74 0.352539 0.242643 0.028125 0.0584635 0.00136185
11 0.55 0.925521 0.0492188 0.14375 0.00120163
11 0.533984 0.921354 0.0804688 0.152083 0.00112915
74 0.347461 0.261719 0.01875 0.0588542 0.00104046
74 0.347266 0.252604 0.0171875 0.046875 0.00198746
9 0.533984 0.921354 0.0804688 0.151042 0.00148964
11 0.549609 0.925 0.0492188 0.14375 0.00120163
74 0.35293 0.253646 0.0261719 0.04375 0.00106049
74 0.347656 0.252669 0.0179687 0.0467448 0.00148964
11 0.55 0.925 0.0484375 0.14375 0.00109863
74 0.347656 0.252865 0.0179687 0.046875 0.00112915
11 0.55 0.925 0.05 0.14375 0.00105286
11 0.55 0.925 0.0492188 0.14375 0.00122547
11 0.549609 0.925 0.0492188 0.14375 0.00105286
11 0.549219 0.925 0.05 0.14375 0.0011158
11 0.546875 0.923958 0.0546875 0.14375 0.00109005
11 0.546094 0.923958 0.0546875 0.14375 0.00129414
11 0.546094 0.923958 0.0546875 0.14375 0.00134087
11 0.545313 0.923958 0.0554687 0.144792 0.00141048
11 0.545313 0.923958 0.05625 0.144792 0.00113773
74 0.348633 0.254167 0.0183594 0.0442708 0.00102425
74 0.348438 0.254427 0.0179687 0.04375 0.0012064
74 0.348438 0.254622 0.0179687 0.0428385 0.00116539
74 0.348438 0.254948 0.0179687 0.0427083 0.00112057
74 0.348242 0.255208 0.0175781 0.0416667 0.00122547
11 0.54375 0.923958 0.0609375 0.141667 0.00106049
74 0.348047 0.25599 0.0171875 0.0401042 0.0012207
11 0.543359 0.925 0.0617188 0.141667 0.00108624
74 0.347852 0.25625 0.0167969 0.0390625 0.00115108
11 0.542969 0.925 0.0625 0.141667 0.00112438
11 0.542969 0.925 0.0625 0.141667 0.00124454
74 0.347656 0.256771 0.0164063 0.0385417 0.00116539
74 0.347656 0.256771 0.0164063 0.0380208 0.00116062
11 0.542969 0.925 0.0625 0.141667 0.00112057
74 0.347656 0.256771 0.0164063 0.0375 0.00126934
11 0.542969 0.924479 0.0625 0.142708 0.00119686
74 0.347656 0.257292 0.0164063 0.0375 0.0012846
11 0.542969 0.924479 0.0625 0.142708 0.00124454
74 0.347266 0.258073 0.0164063 0.0364583 0.00188255
74 0.352344 0.259115 0.0226563 0.0328125 0.00110722
74 0.347461 0.258333 0.0160156 0.0364583 0.00242424
74 0.352148 0.259115 0.0230469 0.0338542 0.0014267
74 0.347656 0.258333 0.0164063 0.0364583 0.00271416
74 0.351953 0.258854 0.0234375 0.0354167 0.00168705
74 0.352344 0.249023 0.0265625 0.0498698 0.00104427
74 0.347656 0.258594 0.0164063 0.0369792 0.00312424
74 0.351758 0.258594 0.0238281 0.0364583 0.00191879
74 0.352344 0.249219 0.0265625 0.0505208 0.00123501
74 0.347656 0.258854 0.0171875 0.0375 0.00321007
74 0.351758 0.258333 0.0242188 0.0380208 0.0020504
74 0.352344 0.249219 0.0269531 0.0520833 0.00136185
74 0.347852 0.258854 0.0171875 0.0375 0.00318527
74 0.351562 0.258073 0.0242188 0.0390625 0.00210762
74 0.352344 0.249219 0.0273438 0.0526042 0.0014267
74 0.347852 0.258854 0.0171875 0.0375 0.00340271
74 0.351758 0.257812 0.0246094 0.0395833 0.00231361
74 0.352344 0.249219 0.0273438 0.053125 0.00159168
9 0.535937 0.921875 0.0804688 0.154167 0.00106049
11 0.534766 0.921875 0.0796875 0.153125 0.00103664
74 0.348047 0.258854 0.0171875 0.0380208 0.00345612
74 0.351562 0.257812 0.025 0.0395833 0.00233269
74 0.352539 0.249219 0.0273438 0.0536458 0.00162888
11 0.534766 0.921875 0.0789063 0.153125 0.00118828
9 0.535937 0.921875 0.0796875 0.154167 0.00114727
74 0.348047 0.258854 0.0175781 0.0385417 0.00353813
74 0.351562 0.257812 0.025 0.0401042 0.00244331
74 0.352539 0.249219 0.0277344 0.0536458 0.00171375
11 0.534766 0.921875 0.0789063 0.153125 0.00124454
9 0.535937 0.921875 0.0796875 0.154167 0.00116062
74 0.348047 0.258854 0.0179687 0.0385417 0.00387001
74 0.351758 0.257812 0.025 0.040625 0.0027256
74 0.352539 0.248893 0.0277344 0.0542969 0.00194931
11 0.534375 0.921875 0.078125 0.152083 0.00164223
9 0.535547 0.921875 0.0796875 0.154167 0.00142097
11 0.544531 0.923438 0.0578125 0.141667 0.00105286
74 0.347656 0.258594 0.0164063 0.0369792 0.00269318
74 0.351953 0.258854 0.0234375 0.0354167 0.00167465
74 0.352344 0.249023 0.0265625 0.0498698 0.00103188
