22 0.440867 0.747266 0.798595 0.497656 0.943359
22 0.412763 0.410938 0.647541 0.223438 0.934082
22 0.675059 0.196924 0.234192 0.0936523 0.912598
22 0.509368 0.463281 0.107728 0.115625 0.00894928
22 0.75 0.20083 0.087822 0.0842773 0.00363541
14 0.666276 0.514453 0.0456674 0.0195312 0.00294685
22 0.617096 0.197461 0.117096 0.0839844 0.00252151
0 0.532201 0.0100342 0.0222482 0.0160645 0.0017004
22 0.387588 0.357812 0.604215 0.115625 0.00139427
22 0.440867 0.747656 0.798595 0.498437 0.945312
22 0.412763 0.411035 0.647541 0.224805 0.941406
22 0.675059 0.196924 0.234192 0.0944336 0.912598
22 0.509368 0.462891 0.107728 0.116406 0.00760651
14 0.666276 0.514453 0.0444965 0.0195312 0.00374985
22 0.749415 0.200732 0.088993 0.0844727 0.00337601
22 0.617096 0.197461 0.117096 0.0839844 0.00281143
0 0.532201 0.00996094 0.0222482 0.0161133 0.00240517
22 0.384734 0.357812 0.598214 0.116406 0.00151253
14 0.532201 0.00996094 0.0222482 0.0161133 0.00112438
22 0.63466 0.362891 0.202576 0.120313 0.00102425
22 0.441452 0.747266 0.800937 0.499219 0.942383
22 0.413495 0.410547 0.648419 0.225 0.940918
22 0.675059 0.196924 0.234192 0.0944336 0.908203
22 0.508782 0.462891 0.107728 0.116406 0.00564194
14 0.666276 0.514453 0.0444965 0.0195312 0.00408554
0 0.532201 0.00996094 0.0222482 0.0161133 0.00312424
22 0.749415 0.200732 0.088993 0.0844727 0.00275803
22 0.612412 0.198242 0.108899 0.0796875 0.00237846
22 0.389344 0.357812 0.606557 0.116406 0.00129986
14 0.532201 0.00996094 0.0222482 0.0161133 0.00118828
32 0.667447 0.515625 0.0491803 0.0203125 0.00106525
22 0.442037 0.747656 0.802108 0.5 0.944336
22 0.413349 0.410547 0.648712 0.225 0.941406
22 0.674473 0.19707 0.234192 0.09375 0.897461
14 0.666276 0.514063 0.0444965 0.01875 0.00446701
22 0.508782 0.463281 0.107728 0.115625 0.00428009
0 0.532201 0.00991211 0.0222482 0.015918 0.00366402
22 0.748244 0.200342 0.088993 0.0844727 0.00213242
22 0.612412 0.198242 0.107728 0.0796875 0.00208282
32 0.667447 0.515234 0.0480094 0.0195312 0.00139427
14 0.532201 0.00991211 0.0222482 0.015918 0.0012064
22 0.442623 0.747266 0.803279 0.500781 0.949219
22 0.413349 0.410254 0.649883 0.224805 0.940918
22 0.675059 0.19707 0.235363 0.0933594 0.891602
14 0.666276 0.514063 0.0444965 0.01875 0.00462723
0 0.532201 0.0098877 0.0222482 0.0156738 0.00342941
22 0.509368 0.457813 0.107728 0.128125 0.00237846
32 0.667447 0.515625 0.0468384 0.01875 0.00153065
22 0.612412 0.198242 0.108899 0.0796875 0.00116539
22 0.748244 0.200195 0.0901639 0.0851563 0.00115108
14 0.532201 0.0098877 0.0222482 0.0156738 0.0011158
22 0.443794 0.746094 0.807962 0.50625 0.956055
22 0.413495 0.410156 0.650761 0.223438 0.940918
22 0.675059 0.196924 0.235363 0.0928711 0.883301
14 0.666276 0.514063 0.0444965 0.0179687 0.00479126
0 0.532201 0.00983887 0.0222482 0.0154785 0.00362206
22 0.509368 0.457422 0.107728 0.128906 0.00172043
32 0.667447 0.515234 0.0468384 0.01875 0.00165462
22 0.443208 0.746484 0.807962 0.503906 0.955078
22 0.413495 0.410156 0.650761 0.221875 0.939941
22 0.674473 0.196875 0.234192 0.0921875 0.866211
14 0.665691 0.514063 0.0433255 0.0179687 0.00418091
0 0.532201 0.00976562 0.0222482 0.015332 0.00348282
32 0.667447 0.514844 0.0468384 0.01875 0.00159168
22 0.509368 0.457813 0.107728 0.128125 0.00126457
22 0.443794 0.747656 0.807962 0.501563 0.947754
22 0.413934 0.410156 0.649883 0.221094 0.935547
22 0.674473 0.196875 0.234192 0.0917969 0.854004
14 0.665691 0.514063 0.0433255 0.0171875 0.00309944
0 0.532201 0.00976562 0.0222482 0.0151367 0.00288963
32 0.667447 0.514844 0.0468384 0.01875 0.00129414
6 0.441452 0.747266 0.805621 0.497656 0.00126934
22 0.444818 0.748047 0.808255 0.500781 0.937988
22 0.41452 0.410254 0.648712 0.220117 0.933594
22 0.674473 0.196826 0.234192 0.0915039 0.847168
6 0.441306 0.747656 0.805913 0.496875 0.00213242
14 0.665691 0.514063 0.0433255 0.0179687 0.0020504
0 0.532787 0.00979004 0.0234192 0.0150879 0.00196457
2 0.674473 0.196875 0.234192 0.0914062 0.00116062
22 0.415105 0.409766 0.647541 0.220313 0.93457
22 0.44555 0.748047 0.807962 0.500781 0.93457
22 0.674473 0.19707 0.233021 0.0921875 0.842773
6 0.441452 0.746875 0.805621 0.496875 0.00287819
0 0.532787 0.00976562 0.0234192 0.0152344 0.00153637
14 0.665105 0.514063 0.0421546 0.0179687 0.00150108
2 0.674473 0.196875 0.233021 0.0921875 0.00133038
22 0.446136 0.748438 0.806792 0.501563 0.951172
22 0.414666 0.409375 0.646077 0.221094 0.941895
22 0.674473 0.197461 0.23185 0.0929688 0.842773
6 0.442037 0.747266 0.80445 0.497656 0.00318527
2 0.674473 0.196924 0.23185 0.0928711 0.0016489
14 0.665105 0.514063 0.0421546 0.01875 0.00113773
0 0.532787 0.0097168 0.0234192 0.0155273 0.00111198
22 0.44555 0.748828 0.806792 0.500781 0.961426
22 0.414666 0.408984 0.646077 0.221875 0.939941
22 0.674473 0.197705 0.23185 0.0936523 0.838867
6 0.442623 0.747656 0.805621 0.496875 0.00259018
2 0.674473 0.19707 0.230679 0.0929688 0.00181007
22 0.474385 0.61875 0.877927 0.68125 0.0012064
22 0.444965 0.749219 0.805621 0.5 0.961426
22 0.413934 0.408984 0.64637 0.221875 0.935059
22 0.674473 0.197314 0.23185 0.0936523 0.844727
6 0.443208 0.747656 0.805621 0.496875 0.00225258
2 0.674473 0.19707 0.230679 0.0929688 0.00176144
22 0.473653 0.618359 0.877049 0.682031 0.00102043
22 0.444818 0.749219 0.805913 0.5 0.956543
22 0.413349 0.408984 0.647541 0.222656 0.924805
22 0.675644 0.19707 0.23185 0.0941406 0.865234
6 0.443208 0.747656 0.806792 0.496875 0.00176811
2 0.674473 0.196875 0.230679 0.0933594 0.0017271
22 0.480094 0.616016 0.901639 0.703906 0.0011034
22 0.444379 0.749219 0.806792 0.498437 0.953613
22 0.413349 0.408984 0.647541 0.223438 0.916504
22 0.675644 0.196924 0.23185 0.0952148 0.895508
2 0.674473 0.196826 0.230679 0.0938477 0.00179577
22 0.486534 0.613281 0.919204 0.71875 0.00127411
6 0.443208 0.747656 0.807962 0.496875 0.00123501
22 0.444379 0.749219 0.809133 0.498437 0.959473
22 0.412763 0.409277 0.648712 0.223633 0.925293
22 0.675059 0.19668 0.233021 0.0953125 0.924805
2 0.674473 0.19668 0.23185 0.0945313 0.00188255
22 0.494292 0.609375 0.934133 0.734375 0.0015974
22 0.444965 0.748828 0.812646 0.497656 0.963867
22 0.674473 0.19668 0.234192 0.0953125 0.941406
22 0.412032 0.409375 0.649005 0.224219 0.935059
2 0.673888 0.196484 0.23185 0.0949219 0.00185299
22 0.498829 0.614062 0.93911 0.728125 0.00159168
22 0.444965 0.748438 0.814988 0.496875 0.966309
22 0.674473 0.19668 0.234192 0.0949219 0.94873
22 0.411592 0.409766 0.649883 0.224219 0.943359
2 0.673302 0.196436 0.23185 0.0946289 0.00186729
22 0.498829 0.615625 0.936768 0.725 0.00171375
22 0.443648 0.748047 0.812939 0.496094 0.969727
22 0.674473 0.19668 0.234192 0.0945313 0.953613
22 0.410861 0.409766 0.649005 0.224219 0.952637
2 0.673302 0.196484 0.23185 0.0945313 0.00174141
22 0.496487 0.616406 0.929742 0.725 0.0016489
22 0.441452 0.748047 0.810304 0.496094 0.970215
22 0.674473 0.196826 0.233021 0.0938477 0.955078
22 0.409836 0.409766 0.648712 0.224219 0.95459
22 0.489608 0.615625 0.913056 0.726562 0.00160408
2 0.673302 0.196484 0.23185 0.0941406 0.00158501
22 0.43911 0.746875 0.807962 0.495313 0.97168
22 0.409982 0.409766 0.648419 0.224219 0.958008
22 0.674473 0.196875 0.23185 0.0941406 0.955078
2 0.673302 0.19707 0.23185 0.09375 0.00159168
22 0.485363 0.61875 0.899297 0.71875 0.00127411
22 0.439696 0.747656 0.806792 0.496875 0.974121
22 0.409836 0.409766 0.64637 0.224219 0.960449
22 0.675059 0.196924 0.23185 0.0944336 0.95752
2 0.673302 0.196924 0.23185 0.0936523 0.00181007
22 0.487266 0.614062 0.903688 0.73125 0.00122547
22 0.440135 0.747656 0.805913 0.498437 0.976074
22 0.409836 0.409766 0.64637 0.224219 0.962402
22 0.675059 0.196484 0.23185 0.0945313 0.955078
2 0.673888 0.19668 0.23185 0.0933594 0.00176811
22 0.487266 0.612109 0.903688 0.735156 0.00110722
22 0.440867 0.747656 0.806792 0.5 0.977539
22 0.409836 0.410059 0.647541 0.225195 0.965332
22 0.675644 0.196289 0.23185 0.0945313 0.950195
2 0.674473 0.196484 0.23185 0.0933594 0.0016613
22 0.492828 0.607129 0.918325 0.74668 0.00100803
22 0.441452 0.748047 0.807962 0.500781 0.978027
22 0.409982 0.410059 0.648419 0.225195 0.96582
22 0.675059 0.196094 0.233021 0.0945313 0.944824
2 0.674473 0.196436 0.233021 0.0930664 0.00179577
22 0.441452 0.747656 0.809133 0.501563 0.977539
22 0.409982 0.410059 0.648419 0.225195 0.96582
22 0.675059 0.196094 0.233021 0.0941406 0.946777
2 0.674473 0.196289 0.233021 0.0925781 0.00183868
22 0.442477 0.747656 0.810597 0.5 0.975098
22 0.409982 0.409277 0.648419 0.225195 0.964355
22 0.675059 0.196045 0.233021 0.0938477 0.951172
2 0.674473 0.196289 0.234192 0.0925781 0.00188255
22 0.500146 0.579688 0.945843 0.807813 0.00104046
22 0.442623 0.747266 0.812646 0.499219 0.975586
22 0.411007 0.409375 0.648712 0.225 0.964355
22 0.675059 0.195898 0.233021 0.0941406 0.95459
2 0.674473 0.196143 0.233021 0.0928711 0.00183868
22 0.5 0.571094 0.95082 0.829688 0.00118828
22 0.442623 0.747266 0.812646 0.499219 0.976074
22 0.411007 0.409375 0.648712 0.225 0.965332
22 0.675059 0.196094 0.233021 0.0949219 0.952637
2 0.674473 0.196289 0.233021 0.0933594 0.00165462
22 0.501317 0.563281 0.955211 0.846875 0.00123978
22 0.442623 0.747656 0.812646 0.498437 0.976562
22 0.411007 0.409473 0.648712 0.224805 0.965332
22 0.675644 0.196289 0.234192 0.0953125 0.951172
2 0.674473 0.196484 0.23185 0.0941406 0.00139904
22 0.506001 0.55625 0.96692 0.8625 0.00131512
22 0.440867 0.748828 0.811475 0.502344 0.977539
22 0.411007 0.409473 0.648712 0.224805 0.965332
22 0.675644 0.196289 0.234192 0.0960938 0.94873
22 0.509368 0.544922 0.981265 0.888281 0.00148964
2 0.674473 0.196484 0.23185 0.0945313 0.00117874
17 0.40969 0.409375 0.663056 0.222656 0.0011425
0 0.40969 0.409375 0.663056 0.222656 0.00105667
22 0.440867 0.749219 0.809133 0.501563 0.977539
22 0.411007 0.409473 0.649883 0.223242 0.963867
22 0.675644 0.196045 0.234192 0.0961914 0.945801
22 0.508782 0.5375 0.982436 0.90625 0.00175476
17 0.409836 0.409375 0.662763 0.221875 0.00130939
0 0.409836 0.409375 0.662763 0.221875 0.00112915
22 0.440281 0.749609 0.806792 0.500781 0.974609
22 0.411153 0.409375 0.650761 0.222656 0.962891
22 0.675644 0.196094 0.234192 0.0960938 0.940918
22 0.509368 0.535156 0.981265 0.909375 0.00157356
17 0.409836 0.409375 0.662763 0.221875 0.00141048
0 0.409836 0.409375 0.662763 0.221875 0.00113392
22 0.43911 0.747656 0.80445 0.498437 0.972656
22 0.411153 0.409375 0.650761 0.222656 0.962891
22 0.675059 0.196143 0.233021 0.0959961 0.933105
17 0.409836 0.409473 0.662763 0.22168 0.0015974
22 0.509221 0.532031 0.981557 0.915625 0.00151253
0 0.409836 0.409473 0.662763 0.22168 0.00123978
22 0.439696 0.747656 0.80445 0.5 0.96875
22 0.411153 0.409375 0.650761 0.221875 0.960449
22 0.675644 0.196045 0.234192 0.0954102 0.925781
17 0.409836 0.408984 0.662763 0.221094 0.00163555
22 0.509807 0.530859 0.980386 0.919531 0.00162888
0 0.409836 0.408984 0.662763 0.221094 0.0012598
22 0.440281 0.747656 0.806792 0.5 0.966797
22 0.411592 0.409375 0.652225 0.221875 0.959473
22 0.675644 0.195898 0.234192 0.0953125 0.922363
17 0.410422 0.408984 0.663934 0.220313 0.0016489
22 0.509953 0.533594 0.980094 0.914062 0.00144386
0 0.410422 0.408984 0.663934 0.220313 0.00129414
22 0.441452 0.747656 0.807962 0.5 0.962891
22 0.411592 0.409375 0.652225 0.221875 0.956543
22 0.675644 0.195703 0.234192 0.0953125 0.922852
17 0.410422 0.408984 0.663934 0.220313 0.00166798
22 0.510685 0.533594 0.97863 0.914062 0.00141048
0 0.410422 0.408984 0.663934 0.220313 0.00127888
22 0.442769 0.747656 0.810012 0.5 0.961426
22 0.412324 0.409277 0.653103 0.22207 0.956055
22 0.675644 0.195752 0.234192 0.0952148 0.932129
17 0.410861 0.408594 0.663056 0.220313 0.00154305
22 0.510392 0.533984 0.976874 0.913281 0.0014782
0 0.410861 0.408594 0.663056 0.220313 0.00118828
22 0.442623 0.747656 0.810304 0.5 0.959961
22 0.411592 0.409375 0.653396 0.222656 0.956543
22 0.675644 0.195703 0.234192 0.0953125 0.94043
17 0.411007 0.408594 0.662763 0.220313 0.00168705
22 0.508782 0.536719 0.97541 0.907813 0.00122547
0 0.411007 0.408594 0.662763 0.220313 0.0012064
22 0.442623 0.747266 0.810304 0.500781 0.957031
22 0.412178 0.409375 0.653396 0.222656 0.954102
22 0.675644 0.195654 0.234192 0.0954102 0.944824
17 0.411007 0.408594 0.662763 0.221094 0.00154305
0 0.411007 0.408594 0.662763 0.221094 0.0011425
22 0.505855 0.539844 0.967213 0.9 0.00108147
22 0.443794 0.747266 0.811475 0.500781 0.963867
22 0.411592 0.409277 0.653396 0.223633 0.960938
22 0.675644 0.195654 0.234192 0.0954102 0.949219
17 0.411592 0.408691 0.661592 0.22168 0.00148964
0 0.411592 0.408691 0.661592 0.22168 0.00103188
22 0.444379 0.746875 0.811475 0.501563 0.967773
22 0.412324 0.409766 0.653103 0.224219 0.963867
22 0.675644 0.195654 0.234192 0.0954102 0.951172
17 0.411592 0.408691 0.661592 0.22168 0.00131512
22 0.44555 0.746875 0.812646 0.501563 0.96875
22 0.412178 0.409766 0.652225 0.224219 0.962891
22 0.676229 0.195703 0.235363 0.0957031 0.95166
17 0.411592 0.408691 0.661592 0.22168 0.00106525
22 0.44555 0.746484 0.813817 0.500781 0.969727
22 0.412032 0.410156 0.651347 0.224219 0.962891
22 0.676229 0.195703 0.235363 0.0957031 0.952148
60 0 0.901563 0 0.196875 0.00231361
22 0.446136 0.746484 0.812646 0.500781 0.970703
22 0.412178 0.410156 0.651054 0.224219 0.962891
22 0.676229 0.195654 0.235363 0.0954102 0.95166
60 0 0.903125 0 0.19375 0.00337601
60 0 0.857422 0 0.285156 0.00139904
60 0 0.934375 0 0.13125 0.00129986
22 0.446721 0.746484 0.813817 0.500781 0.969727
22 0.412178 0.410156 0.651054 0.224219 0.961426
22 0.676229 0.196045 0.235363 0.0954102 0.950195
60 0 0.901563 0 0.196875 0.00314713
60 0 0.934375 0 0.13125 0.00191212
60 0 0.855859 0 0.288281 0.00136185
60 1 0.879883 0 0.240234 0.00109863
22 0.446721 0.746484 0.813817 0.500781 0.970215
22 0.412178 0.410059 0.651054 0.223633 0.960938
22 0.676815 0.196094 0.236534 0.0953125 0.94873
60 0 0.899219 0 0.201563 0.00263214
60 0 0.934375 0 0.13125 0.00189686
60 0 0.854492 0 0.291016 0.00123024
60 1 0.876367 0 0.247266 0.00112057
2 0.675644 0.195898 0.235363 0.0960938 0.00104809
22 0.446721 0.746484 0.813817 0.500781 0.969727
22 0.412178 0.410059 0.651054 0.223633 0.960449
22 0.676229 0.196094 0.235363 0.0949219 0.945801
60 0 0.897656 0 0.204688 0.00246239
60 0 0.933984 0 0.132031 0.00191879
60 0 0.854297 0 0.291406 0.0012064
60 1 0.902734 0 0.194531 0.00113392
2 0.675644 0.195898 0.235363 0.0957031 0.00104046
22 0.446721 0.746484 0.813817 0.500781 0.969727
22 0.412178 0.410059 0.651054 0.223633 0.959961
22 0.676815 0.196094 0.236534 0.0949219 0.943848
60 0 0.897656 0 0.204688 0.00191212
60 0 0.935156 0 0.129688 0.00157356
2 0.675644 0.196094 0.235363 0.0957031 0.00112438
60 1 0.903125 0 0.19375 0.00105286
22 0.446721 0.746484 0.813817 0.500781 0.969727
22 0.412178 0.410059 0.651054 0.223633 0.959473
22 0.676815 0.196143 0.236534 0.0952148 0.942383
60 0 0.896875 0 0.20625 0.00181007
60 0 0.935547 0 0.128906 0.00152493
2 0.675644 0.196094 0.235363 0.0957031 0.0011425
60 1 0.902344 0 0.195312 0.00107288
22 0.444818 0.746875 0.812939 0.501563 0.96875
22 0.412178 0.409766 0.652225 0.224219 0.962891
22 0.676229 0.195703 0.235363 0.0957031 0.95166
17 0.412032 0.408691 0.660714 0.22168 0.00106525
