23 0.339304 0.653445 0.38171 0.685804 0.943359
23 0.760883 0.566806 0.263127 0.469729 0.928711
0 0.0556803 0.5762 0.111165 0.830898 0.64502
0 0.053338 0.804802 0.105114 0.375783 0.373047
0 0.0836425 0.570981 0.167285 0.826722 0.0328979
0 0.331837 0.651488 0.398205 0.684499 0.0317383
0 0.0609995 0.381785 0.118876 0.444155 0.0233307
0 0.04187 0.623173 0.0821785 0.716075 0.0213623
26 0.161624 0.907098 0.100722 0.175365 0.0181274
0 0.0575835 0.262526 0.113215 0.210856 0.0116882
23 0.706618 0.538622 0.153036 0.361169 0.008255
23 0.690221 0.551018 0.118681 0.325939 0.00815582
0 0.335156 0.406576 0.0753466 0.111169 0.006073
56 0.161624 0.907098 0.100722 0.175365 0.00477219
0 0.0824713 0.547495 0.0999416 0.569937 0.00471878
0 0.0450054 0.743215 0.0880101 0.237996 0.00431442
23 0.804217 0.568894 0.171775 0.4238 0.00387001
23 0.712864 0.419102 0.163967 0.174322 0.00369263
23 0.712864 0.454593 0.16709 0.23904 0.0036068
0 0.350576 0.368476 0.0171775 0.0433194 0.00333786
0 0.338864 0.383612 0.0687098 0.0730689 0.00333786
26 0.163674 0.868476 0.104822 0.25261 0.00331116
0 0.0410405 0.526227 0.0795433 0.444416 0.00300407
0 0.0523132 0.716075 0.102674 0.267223 0.00293541
0 0.332618 0.387265 0.0593403 0.0605428 0.00291252
0 0.326372 0.413883 0.0523131 0.091858 0.00288963
0 0.169042 0.60595 0.338084 0.771399 0.00287819
26 0.096916 0.941545 0.0316221 0.112735 0.00268364
58 0.702714 0.570068 0.0538748 0.227296 0.00265312
56 0.180949 0.874739 0.135468 0.24739 0.00265312
0 0.0655378 0.55167 0.125805 0.525052 0.00260162
23 0.670702 0.553758 0.0780793 0.265136 0.00259018
56 0.096916 0.941545 0.0316221 0.112735 0.00247192
22 0.690221 0.551018 0.118681 0.325939 0.00240517
41 0.706618 0.658664 0.0390397 0.0876827 0.00224304
41 0.706618 0.620042 0.041382 0.141962 0.00202751
0 0.318173 0.416754 0.045286 0.0981211 0.00191212
0 0.319344 0.393006 0.0324029 0.0485387 0.00177479
0 0.477065 0.293058 0.117119 0.131524 0.00166798
0 0.67929 0.553236 0.0952568 0.263048 0.00163555
14 0.65899 0.463727 0.0593403 0.0741128 0.00161076
0 0.349015 0.374217 0.0203006 0.0542798 0.00156116
16 0.331837 0.651488 0.398205 0.684499 0.00149536
58 0.332618 0.387265 0.0593403 0.0605428 0.00146103
23 0.687879 0.55167 0.0858873 0.295407 0.00134087
0 0.304119 0.43476 0.139762 0.153445 0.00133514
0 0.315831 0.403706 0.0288894 0.0704593 0.00130463
58 0.338864 0.383612 0.0687098 0.0730689 0.0012207
23 0.759712 0.433194 0.259223 0.201461 0.00121593
0 0.658599 0.475992 0.0569979 0.0981211 0.00117397
23 0.733555 0.564718 0.105407 0.388309 0.00112057
56 0.163479 0.862213 0.106383 0.262004 0.00109482
23 0.707399 0.407098 0.131173 0.156576 0.00104046
23 0.340621 0.652923 0.379856 0.687892 0.952637
23 0.761274 0.567328 0.262347 0.470773 0.933594
0 0.0553875 0.575679 0.11058 0.832985 0.662109
0 0.053094 0.805846 0.104822 0.373695 0.42627
0 0.331642 0.651879 0.399376 0.685804 0.0292511
0 0.0835693 0.570459 0.167041 0.827766 0.0245667
0 0.0611947 0.376044 0.119071 0.433716 0.0227203
0 0.0414797 0.617432 0.0813977 0.718163 0.0211182
26 0.161527 0.90762 0.100918 0.174321 0.0200958
0 0.0577787 0.262004 0.112825 0.209812 0.0104904
23 0.706618 0.537448 0.153036 0.363518 0.00847626
56 0.161527 0.90762 0.100918 0.174321 0.00769424
23 0.682804 0.548539 0.101503 0.290188 0.00748825
0 0.33496 0.406315 0.0749562 0.111169 0.00619125
0 0.350576 0.368476 0.0171775 0.0433194 0.00538635
23 0.713645 0.448852 0.16709 0.228601 0.00530243
0 0.0821785 0.543841 0.100332 0.56785 0.00518036
0 0.337888 0.383612 0.0659771 0.0730689 0.00488663
23 0.803436 0.567328 0.171775 0.4238 0.00441742
23 0.694906 0.417015 0.126489 0.172234 0.00436401
0 0.325591 0.413883 0.0499708 0.0913361 0.00413513
0 0.331447 0.387787 0.0569979 0.059499 0.00408554
0 0.0438342 0.743737 0.0856677 0.23904 0.0039444
0 0.0407111 0.519311 0.0790309 0.431107 0.00379562
56 0.180412 0.876827 0.13498 0.244259 0.00345612
22 0.691002 0.551148 0.120242 0.32881 0.00338936
26 0.163576 0.868476 0.105407 0.25261 0.00319672
23 0.722234 0.41858 0.185829 0.177453 0.003088
56 0.096916 0.941545 0.0314269 0.112735 0.00305176
0 0.0653915 0.547103 0.125708 0.517484 0.00291252
0 0.318954 0.393267 0.0320125 0.0490606 0.00268364
0 0.317588 0.416754 0.0441148 0.0981211 0.00266266
58 0.702714 0.570459 0.0546555 0.227557 0.002388
14 0.65899 0.463987 0.0593403 0.0741128 0.00214005
26 0.096916 0.941545 0.0314269 0.112735 0.00206757
0 0.0479212 0.595512 0.0938904 0.557411 0.00202751
41 0.706618 0.658664 0.0390397 0.0876827 0.00200272
58 0.331447 0.387787 0.0569979 0.059499 0.00191879
0 0.315636 0.407098 0.028499 0.0772443 0.00184631
0 0.168651 0.603862 0.337303 0.777662 0.00183868
16 0.331642 0.651879 0.399376 0.685804 0.00179577
41 0.706618 0.621086 0.041382 0.139875 0.00178242
0 0.477065 0.292798 0.117119 0.131524 0.00169373
0 0.314465 0.389353 0.0210814 0.0417537 0.0015974
0 0.67929 0.552192 0.0952568 0.264092 0.00153065
56 0.163186 0.863257 0.106969 0.26096 0.0014782
58 0.337888 0.383612 0.0659771 0.0730689 0.00144958
0 0.65899 0.475992 0.0562171 0.0981211 0.00138855
23 0.759712 0.433977 0.257662 0.203027 0.00131512
0 0.0531916 0.698852 0.104041 0.318372 0.00129414
0 0.305485 0.433716 0.136248 0.153445 0.00125504
23 0.739021 0.564849 0.0960376 0.388048 0.00119209
56 0.100918 0.871607 0.047238 0.256785 0.00117874
14 0.350576 0.370042 0.0179583 0.0448852 0.0011692
13 0.161527 0.90762 0.100918 0.174321 0.00111198
23 0.711303 0.378393 0.116338 0.101253 0.00109482
23 0.668359 0.555454 0.0749562 0.264875 0.00105667
0 0.358775 0.368998 0.0351357 0.0464509 0.00104809
58 0.337108 0.408925 0.071833 0.0902923 0.00103664
23 0.341939 0.653314 0.378002 0.689196 0.958008
23 0.761274 0.567328 0.263908 0.47286 0.934082
0 0.0562659 0.575679 0.112337 0.832985 0.702637
0 0.0532891 0.805846 0.105017 0.373695 0.429199
0 0.0611947 0.368411 0.119266 0.418711 0.0192413
26 0.161527 0.90762 0.101308 0.174321 0.0183411
0 0.041565 0.613779 0.0814221 0.715031 0.0175171
0 0.0839597 0.569937 0.167431 0.827766 0.0171051
0 0.332032 0.651357 0.399376 0.686848 0.0130234
0 0.0580715 0.262004 0.11341 0.209812 0.00993347
56 0.161527 0.90762 0.101308 0.174321 0.0078125
0 0.350576 0.368476 0.0171775 0.0433194 0.00731659
23 0.706618 0.537056 0.153036 0.364301 0.00634003
0 0.334765 0.406054 0.0745658 0.110647 0.00629044
0 0.337303 0.383612 0.0648059 0.0720251 0.00624084
23 0.683194 0.547886 0.102284 0.290449 0.00559998
23 0.712864 0.418319 0.163967 0.174843 0.00524139
0 0.330471 0.388309 0.0546555 0.0574113 0.00516129
0 0.324615 0.413883 0.0484092 0.0908142 0.00498199
0 0.0667578 0.555846 0.126489 0.560543 0.00439835
0 0.0407965 0.512657 0.0792505 0.419363 0.00383949
0 0.318954 0.393006 0.0312317 0.0490606 0.00367928
0 0.0438098 0.744259 0.0853261 0.240084 0.00365067
22 0.691002 0.551148 0.121804 0.329854 0.00338936
56 0.180754 0.877871 0.13742 0.241127 0.00333786
0 0.317002 0.416754 0.0429436 0.0981211 0.00325966
23 0.803436 0.566284 0.173336 0.4238 0.00293541
56 0.0970136 0.941545 0.0312317 0.112735 0.00288963
0 0.0816905 0.520877 0.095452 0.574113 0.00282288
14 0.65899 0.463727 0.0593403 0.0735908 0.00259018
26 0.163576 0.868998 0.106188 0.251566 0.00256157
0 0.315441 0.40762 0.0281086 0.0782881 0.0024147
0 0.314465 0.389353 0.0214718 0.0417537 0.00227928
58 0.330471 0.388309 0.0546555 0.0574113 0.00223351
58 0.702714 0.570459 0.0546555 0.226514 0.00215721
23 0.670702 0.552192 0.0780793 0.267223 0.00201988
41 0.706618 0.659708 0.0390397 0.0876827 0.00191212
0 0.477065 0.292276 0.116338 0.13048 0.00178909
16 0.332032 0.651357 0.399376 0.686848 0.00176811
41 0.706618 0.621086 0.041382 0.139875 0.00173378
0 0.0481164 0.584551 0.0942808 0.535491 0.0016613
26 0.0970136 0.941545 0.0312317 0.112735 0.00162315
0 0.65899 0.476514 0.0562171 0.0981211 0.00155449
23 0.704276 0.403967 0.118681 0.151357 0.00151253
58 0.337303 0.383612 0.0648059 0.0720251 0.00149536
0 0.169432 0.600731 0.338864 0.783925 0.0014782
0 0.67929 0.551279 0.0960376 0.264875 0.0014267
23 0.723795 0.397704 0.160843 0.138831 0.00137234
23 0.75737 0.419102 0.249854 0.178497 0.00136662
56 0.162795 0.864301 0.10853 0.258873 0.00134563
0 0.358775 0.368998 0.0351357 0.045929 0.00129986
0 0.0532891 0.707725 0.104236 0.300626 0.0012846
14 0.350576 0.370042 0.0179583 0.0448852 0.00126457
0 0.306461 0.433716 0.134296 0.153445 0.00123501
41 0.706228 0.651357 0.0366973 0.0647182 0.00120163
58 0.336717 0.408664 0.0706618 0.0887265 0.00118828
13 0.161527 0.90762 0.101308 0.174321 0.00118828
23 0.710912 0.378393 0.115557 0.101253 0.00117397
26 0.0542163 0.807933 0.106285 0.373695 0.00103188
56 0.10082 0.871608 0.0470428 0.254697 0.00102806
23 0.73824 0.56524 0.0975992 0.388309 0.00101662
23 0.342329 0.653445 0.377221 0.691023 0.962402
23 0.761274 0.56798 0.263908 0.473643 0.934082
0 0.0570955 0.575679 0.113996 0.835073 0.743164
0 0.0533867 0.805846 0.105212 0.373695 0.375732
26 0.161527 0.907098 0.101308 0.175365 0.0206451
0 0.0609995 0.36143 0.119461 0.405532 0.0115051
0 0.0414919 0.612604 0.0815685 0.724687 0.0114212
0 0.0847405 0.570981 0.168603 0.82881 0.0109863
0 0.350576 0.368476 0.0171775 0.0427975 0.00933838
0 0.0580715 0.262265 0.113996 0.210856 0.00815582
56 0.161527 0.907098 0.101308 0.175365 0.0078125
0 0.336912 0.383351 0.0640251 0.0720251 0.00728989
0 0.332423 0.651357 0.397814 0.686848 0.00674438
0 0.33457 0.406054 0.0741754 0.109603 0.00634003
0 0.3293 0.388831 0.0519228 0.0563674 0.00614548
0 0.323834 0.413883 0.0464572 0.0908142 0.005867
0 0.318759 0.393267 0.0312317 0.0490606 0.00484848
23 0.712084 0.418058 0.162405 0.173278 0.00439835
0 0.317002 0.416754 0.0421628 0.0981211 0.00390053
0 0.0451884 0.55167 0.0884249 0.52714 0.00372124
22 0.691783 0.551148 0.121804 0.330898 0.00345612
0 0.066465 0.553236 0.126293 0.559499 0.00338936
56 0.180705 0.877349 0.137517 0.242171 0.00325966
23 0.706228 0.537056 0.152255 0.362213 0.00323486
23 0.683194 0.547495 0.102284 0.291232 0.00319672
26 0.163479 0.868998 0.106383 0.251566 0.00314713
0 0.315245 0.408664 0.0277182 0.0803758 0.00311089
14 0.65899 0.463466 0.0593403 0.0730689 0.00307465
0 0.314465 0.389353 0.0214718 0.0417537 0.00305176
0 0.0432852 0.745303 0.0844233 0.243215 0.00302696
58 0.3293 0.388831 0.0519228 0.0563674 0.00255013
56 0.0972088 0.941545 0.0312317 0.112735 0.00253105
58 0.702714 0.570459 0.0546555 0.224426 0.00193405
41 0.706618 0.659708 0.0390397 0.0876827 0.00183105
0 0.477065 0.291754 0.116338 0.129958 0.0018177
41 0.706618 0.621086 0.041382 0.141962 0.00169373
23 0.804412 0.565632 0.174507 0.424061 0.00158501
0 0.358775 0.368998 0.0351357 0.045929 0.00156116
0 0.658599 0.477296 0.0562171 0.0996869 0.00154305
58 0.336912 0.383351 0.0640251 0.0720251 0.00151253
16 0.332423 0.651357 0.397814 0.686848 0.0014782
58 0.335936 0.408664 0.0691002 0.0876827 0.00138855
0 0.307047 0.433716 0.132344 0.152401 0.00138855
26 0.0972088 0.941545 0.0312317 0.112735 0.00134563
0 0.168261 0.591336 0.336522 0.804802 0.00131512
56 0.162795 0.865345 0.109311 0.255741 0.00127411
23 0.75737 0.418841 0.249854 0.176931 0.0012598
23 0.721844 0.397182 0.15694 0.138831 0.00124454
14 0.350576 0.369781 0.0175678 0.0448852 0.00122547
23 0.701933 0.402401 0.113215 0.148225 0.00122547
0 0.30529 0.419624 0.0484092 0.104384 0.00121593
24 0.161527 0.907098 0.101308 0.175365 0.0011692
13 0.161917 0.889353 0.109506 0.210856 0.0011692
0 0.67929 0.549582 0.0968184 0.26618 0.00115585
23 0.710522 0.378393 0.114777 0.101253 0.00112915
0 0.0534843 0.683716 0.104626 0.352818 0.00109863
26 0.0541675 0.807933 0.106383 0.371608 0.00107765
23 0.339596 0.653967 0.382686 0.692067 0.963379
23 0.761664 0.56785 0.263127 0.473904 0.930664
0 0.0586083 0.575679 0.116826 0.837161 0.773438
0 0.0535331 0.805324 0.105505 0.374739 0.343262
26 0.161819 0.90762 0.101113 0.174321 0.0139008
0 0.0855213 0.572156 0.169774 0.832725 0.00793457
0 0.350576 0.368476 0.0171775 0.0427975 0.00743103
0 0.336912 0.383612 0.0640251 0.0720251 0.0068512
56 0.161819 0.90762 0.101113 0.174321 0.0068512
0 0.329104 0.38857 0.0515324 0.0563674 0.00621796
0 0.0431876 0.590292 0.0842281 0.641962 0.006073
0 0.33457 0.406315 0.0753466 0.110125 0.00584412
0 0.324029 0.413883 0.0468476 0.0908142 0.00570679
0 0.0585107 0.262265 0.115069 0.210856 0.00559998
0 0.0609995 0.354384 0.119852 0.392484 0.00508118
0 0.318954 0.393267 0.0312317 0.0490606 0.00492477
0 0.329885 0.651227 0.404451 0.687109 0.00438309
0 0.317002 0.417015 0.0421628 0.098643 0.00372124
0 0.315245 0.408664 0.0277182 0.0814196 0.00307465
14 0.658599 0.463466 0.0585595 0.072025 0.0030632
23 0.711693 0.417015 0.161624 0.172234 0.00287819
0 0.31466 0.388831 0.0218622 0.0407098 0.00286674
56 0.182315 0.876827 0.140933 0.242171 0.0026207
58 0.329104 0.38857 0.0515324 0.0563674 0.00255013
0 0.0407477 0.505219 0.0789577 0.409186 0.00245285
0 0.0429924 0.74739 0.0840329 0.248434 0.00243378
56 0.0972088 0.941545 0.0308413 0.112735 0.00194168
0 0.0660746 0.552714 0.126293 0.56263 0.00187492
23 0.70896 0.534447 0.15772 0.36952 0.00179577
22 0.694906 0.549582 0.12805 0.344468 0.00178242
23 0.683194 0.542928 0.103065 0.300365 0.00176811
58 0.336912 0.383612 0.0640251 0.0720251 0.00154877
26 0.163771 0.868476 0.106578 0.25261 0.00153637
0 0.15733 0.57881 0.31466 0.829854 0.0015192
58 0.335741 0.408664 0.0687098 0.0876827 0.00143814
0 0.477846 0.292341 0.118681 0.131394 0.00142097
16 0.329885 0.651227 0.404451 0.687109 0.00141048
0 0.306461 0.433455 0.133516 0.151879 0.00135136
0 0.658209 0.477557 0.0562172 0.099165 0.00131512
0 0.358775 0.368998 0.0351357 0.045929 0.00129986
58 0.701933 0.569416 0.0546555 0.227557 0.00123501
0 0.3049 0.419624 0.0484092 0.104384 0.00122547
13 0.161819 0.90762 0.101113 0.174321 0.00113773
41 0.706618 0.660752 0.0390397 0.0876827 0.00109482
26 0.0542651 0.807411 0.106578 0.372651 0.00107288
41 0.706618 0.621086 0.041382 0.14405 0.00100803
23 0.336571 0.654489 0.387176 0.691023 0.966797
23 0.761664 0.56785 0.263127 0.47286 0.929199
0 0.0585595 0.574635 0.116533 0.838205 0.769531
0 0.0535819 0.804802 0.105212 0.373695 0.317383
26 0.161917 0.908142 0.100918 0.175365 0.00930023
0 0.0536307 0.715945 0.10531 0.555585 0.00881195
0 0.350576 0.368476 0.0171775 0.0427975 0.00815582
0 0.336522 0.38309 0.0632443 0.072025 0.00695801
0 0.328324 0.388831 0.0495804 0.0542798 0.00634003
0 0.0588523 0.262004 0.115557 0.209812 0.00579834
0 0.323248 0.413883 0.0445052 0.0908142 0.0055542
0 0.0431388 0.590292 0.0839353 0.646138 0.00551224
0 0.318954 0.393006 0.0316221 0.0490606 0.00519943
0 0.340426 0.397704 0.0741754 0.0965553 0.00508118
0 0.335156 0.408664 0.0667578 0.0866388 0.00479126
0 0.0609507 0.348643 0.119364 0.381002 0.00479126
0 0.0946956 0.572547 0.188903 0.831942 0.00469971
56 0.161917 0.908142 0.100918 0.175365 0.00460815
0 0.316807 0.417015 0.0413821 0.099165 0.00379562
14 0.658599 0.463466 0.0585595 0.072025 0.00358009
0 0.31505 0.408142 0.0273278 0.0803758 0.00329781
0 0.31466 0.38857 0.0218622 0.0401879 0.00328636
58 0.328324 0.388831 0.0495804 0.0542798 0.00279999
0 0.0434804 0.748434 0.0848137 0.25261 0.0024147
0 0.0406501 0.497912 0.0783721 0.394572 0.00235939
23 0.711303 0.417015 0.160843 0.170146 0.00227928
56 0.18212 0.876827 0.139762 0.242171 0.00214958
16 0.328714 0.651488 0.406793 0.686587 0.00190449
58 0.336522 0.38309 0.0632443 0.072025 0.00163555
58 0.335156 0.408664 0.0667578 0.0866388 0.00155449
0 0.328714 0.651488 0.406793 0.686587 0.00147247
56 0.097404 0.941545 0.0308413 0.112735 0.00142097
0 0.0656842 0.552192 0.125708 0.560543 0.00140476
0 0.359165 0.368998 0.0351357 0.045929 0.00135612
0 0.658209 0.477818 0.0554363 0.100731 0.00131989
22 0.695297 0.549061 0.129612 0.346555 0.00131512
26 0.0543139 0.806889 0.106286 0.371608 0.00129414
0 0.3049 0.419624 0.0480188 0.104384 0.00124931
14 0.656647 0.455115 0.0538748 0.0542798 0.00117874
0 0.153231 0.578158 0.306461 0.829071 0.00113392
74 0.1179 0.278706 0.0138591 0.0307933 0.00112438
58 0.701933 0.56785 0.0546555 0.228601 0.0011158
0 0.305485 0.433716 0.136248 0.151357 0.00110722
23 0.709741 0.532881 0.159282 0.366388 0.00109863
0 0.477065 0.29071 0.116338 0.126827 0.00105286
23 0.683194 0.541884 0.101503 0.300365 0.00104427
0 0.333789 0.409186 0.0815929 0.118998 0.00102043
13 0.161917 0.908142 0.100918 0.175365 0.00100803
23 0.335936 0.65501 0.387664 0.689979 0.969727
23 0.761274 0.567719 0.262347 0.46999 0.941406
0 0.0569491 0.574635 0.113313 0.837161 0.751465
0 0.053338 0.804802 0.104919 0.373695 0.303223
0 0.0609507 0.34786 0.118583 0.378393 0.00952148
0 0.0590475 0.261743 0.114972 0.208246 0.0085144
0 0.350576 0.368476 0.0171775 0.0417537 0.00809479
0 0.0432852 0.589248 0.0842281 0.643006 0.00706482
26 0.162015 0.908142 0.101113 0.174321 0.00695801
0 0.336522 0.38309 0.0624634 0.0709812 0.005867
0 0.327933 0.389353 0.0484092 0.0532359 0.00538635
0 0.0535331 0.694285 0.104919 0.598904 0.00432968
0 0.322468 0.413883 0.0429436 0.0908142 0.00426483
0 0.340231 0.397182 0.073785 0.0955115 0.00405502
0 0.33496 0.408925 0.0655866 0.0861169 0.00397491
0 0.318954 0.393006 0.0312317 0.0480167 0.0039444
0 0.347258 0.381524 0.0542651 0.0678497 0.00356483
56 0.162015 0.908142 0.101113 0.174321 0.00352478
14 0.658599 0.463205 0.0585595 0.0715031 0.00332451
0 0.316612 0.417015 0.0398205 0.099165 0.00300407
0 0.31466 0.387787 0.0214718 0.0381002 0.00299263
0 0.043822 0.75261 0.0853017 0.258873 0.00283432
0 0.0864485 0.572938 0.170652 0.831159 0.00279045
0 0.0405891 0.494781 0.0782989 0.385177 0.00277901
0 0.31505 0.407881 0.026547 0.07881 0.00263214
58 0.327933 0.389353 0.0484092 0.0532359 0.00250244
56 0.181534 0.876827 0.138591 0.241127 0.00212479
16 0.329495 0.651879 0.404451 0.685804 0.00178242
0 0.0643179 0.531185 0.124146 0.482516 0.00172043
23 0.712084 0.417015 0.160843 0.169102 0.00162315
26 0.0541675 0.805846 0.105798 0.371608 0.0014782
58 0.336522 0.38309 0.0624634 0.0709812 0.00142097
58 0.33496 0.408925 0.0655866 0.0861169 0.00137806
74 0.1179 0.278706 0.0140543 0.0307933 0.0012846
22 0.696468 0.550626 0.131173 0.344468 0.00127411
56 0.0973064 0.941545 0.0306461 0.112735 0.00123978
0 0.332032 0.376827 0.0601211 0.0563674 0.00123501
0 0.359165 0.368737 0.0351357 0.0454071 0.00123501
14 0.656647 0.454332 0.053094 0.0516701 0.00104809
0 0.3049 0.419885 0.0476284 0.104906 0.00104046
0 0.658209 0.478079 0.0554363 0.101253 0.00104046
58 0.701933 0.567719 0.0546555 0.227818 0.00101662
23 0.336864 0.655402 0.38581 0.687109 0.969727
23 0.761274 0.568894 0.262347 0.467641 0.946289
0 0.0562659 0.574635 0.111751 0.835073 0.731934
0 0.0533868 0.804802 0.105017 0.373695 0.300781
0 0.0609995 0.35334 0.11829 0.389353 0.0137405
0 0.0593403 0.261417 0.115167 0.206811 0.0100098
0 0.350576 0.368476 0.0171775 0.0417537 0.00793457
0 0.043334 0.59499 0.0845209 0.662839 0.00769424
26 0.16221 0.908142 0.100722 0.175365 0.00643921
0 0.336522 0.38309 0.0624634 0.072025 0.00492477
0 0.328324 0.388831 0.0495804 0.0548017 0.00436401
0 0.340231 0.398226 0.073785 0.0970773 0.00353813
0 0.33496 0.409708 0.0663674 0.0876827 0.00340271
0 0.322077 0.413883 0.0421628 0.0908142 0.00333786
0 0.0438342 0.755741 0.0852773 0.265136 0.00319672
56 0.16221 0.908142 0.100722 0.175365 0.00284576
0 0.349015 0.381524 0.0507516 0.0678497 0.00282288
0 0.0405159 0.504045 0.0782501 0.401096 0.00276756
0 0.318564 0.393528 0.0312318 0.0490605 0.00271416
0 0.31466 0.387787 0.0218622 0.0375783 0.00263214
14 0.658599 0.463466 0.0585595 0.0715031 0.00260162
0 0.0862533 0.573069 0.170262 0.830898 0.00231361
0 0.314855 0.409186 0.0261566 0.0814196 0.00196457
58 0.328324 0.388831 0.0495804 0.0548017 0.00190449
0 0.0640251 0.536013 0.123365 0.492693 0.00183868
56 0.181583 0.877871 0.137322 0.23904 0.00163555
22 0.69881 0.552062 0.135858 0.348904 0.0015192
26 0.0542651 0.805846 0.105798 0.371608 0.0014782
16 0.331642 0.652401 0.400157 0.68476 0.00123501
74 0.1179 0.278706 0.0142495 0.0302714 0.00119209
0 0.359165 0.368737 0.0351357 0.0454071 0.00114727
58 0.33496 0.409708 0.0663674 0.0876827 0.00112438
0 0.312122 0.419363 0.0468476 0.100731 0.00112438
23 0.713255 0.417276 0.163186 0.167537 0.0011158
0 0.0485068 0.561456 0.0948664 0.497129 0.00110722
58 0.336522 0.38309 0.0624634 0.072025 0.00109005
13 0.163771 0.890397 0.105017 0.208768 0.00109005
0 0.332032 0.376305 0.0601211 0.0553236 0.00104046
22 0.683194 0.544363 0.101503 0.291232 0.00102806
23 0.339304 0.655532 0.380149 0.686848 0.968262
23 0.761274 0.569416 0.262347 0.466597 0.949707
0 0.0555827 0.575026 0.110385 0.833246 0.712402
0 0.0533867 0.804802 0.104822 0.373695 0.320068
0 0.0608531 0.360125 0.117802 0.402923 0.0173035
0 0.0591451 0.261221 0.114777 0.206681 0.01017
0 0.0434804 0.597599 0.0848137 0.674322 0.00831604
0 0.350576 0.368476 0.0175678 0.0417537 0.00674438
26 0.162307 0.908142 0.100918 0.175365 0.00436401
0 0.336522 0.38309 0.0624634 0.0709812 0.00369263
0 0.043822 0.758873 0.0853017 0.271399 0.00356483
0 0.328324 0.389092 0.04919 0.0548017 0.00340271
0 0.0404915 0.513048 0.0781037 0.41858 0.00300407
0 0.329885 0.403706 0.0616827 0.0871607 0.00290108
0 0.340426 0.397704 0.0741754 0.0970772 0.00282288
0 0.322272 0.413883 0.0425532 0.0897704 0.00273705
56 0.162307 0.908142 0.100918 0.175365 0.00259018
0 0.350967 0.381524 0.0476284 0.0668058 0.00210762
0 0.318759 0.39405 0.0316221 0.0490606 0.0020752
0 0.31466 0.388048 0.0218622 0.0375783 0.00206757
14 0.658209 0.463466 0.0593403 0.072025 0.00197983
0 0.316221 0.417015 0.0390397 0.0981211 0.0019722
0 0.0638299 0.541232 0.12317 0.504175 0.00193405
58 0.328324 0.389092 0.04919 0.0548017 0.00188923
22 0.697249 0.553236 0.134297 0.346555 0.00176144
0 0.0859849 0.572547 0.169432 0.831942 0.00161648
0 0.314855 0.408664 0.0261566 0.0793319 0.00148392
0 0.0533867 0.732777 0.104431 0.258873 0.00145531
26 0.0542651 0.805846 0.105798 0.371608 0.00139904
74 0.1179 0.278706 0.0144447 0.0302714 0.00139427
13 0.163674 0.892484 0.104431 0.204593 0.00121593
22 0.682413 0.545929 0.0999415 0.2881 0.00116062
58 0.33457 0.409708 0.0655866 0.0876827 0.00112438
58 0.336522 0.38309 0.0624634 0.0709812 0.00103188
56 0.180168 0.878915 0.133125 0.237996 0.00102043
0 0.359165 0.368476 0.0351357 0.0448852 0.00100422
23 0.342183 0.65501 0.37439 0.687892 0.963867
23 0.761664 0.567328 0.260004 0.468685 0.94873
0 0.0555827 0.574113 0.110189 0.832985 0.689453
0 0.0533867 0.80428 0.104822 0.374739 0.339844
0 0.0609507 0.361952 0.117802 0.40762 0.0200958
0 0.0594379 0.261548 0.115167 0.207594 0.0109863
0 0.0439318 0.59499 0.0854725 0.676409 0.00828552
0 0.350576 0.368737 0.0179583 0.0422756 0.00600433
0 0.0442124 0.758873 0.0860825 0.273486 0.00365067
0 0.336912 0.383612 0.0632443 0.0730689 0.00362206
0 0.328714 0.388831 0.0507516 0.0584551 0.00345612
0 0.0411869 0.515658 0.0788601 0.438413 0.00328636
0 0.330276 0.403967 0.0632443 0.0908142 0.00321007
0 0.340231 0.398747 0.073785 0.0991649 0.0030632
26 0.16221 0.908142 0.100722 0.175365 0.00298119
0 0.322077 0.413622 0.0421628 0.0902923 0.0026207
22 0.697249 0.553236 0.132735 0.347599 0.00240517
56 0.16221 0.908142 0.100722 0.175365 0.00239754
0 0.314855 0.389353 0.022643 0.0407098 0.00206757
0 0.316221 0.417015 0.0390397 0.0981211 0.00193405
0 0.318564 0.395094 0.0320125 0.052192 0.00192642
0 0.349405 0.381524 0.0507516 0.0678497 0.00192642
0 0.0640251 0.547495 0.123561 0.518789 0.00191879
22 0.682413 0.546451 0.0999415 0.289144 0.00161076
58 0.328714 0.388831 0.0507516 0.0584551 0.00148392
0 0.0534843 0.734864 0.104236 0.254697 0.00148392
0 0.314855 0.41023 0.0261566 0.0824635 0.00139427
14 0.658599 0.463987 0.0593403 0.0730689 0.00136185
0 0.0858873 0.571503 0.168847 0.832985 0.00136185
74 0.118095 0.278967 0.0144447 0.0307933 0.00129414
13 0.163576 0.895616 0.103846 0.19833 0.00127411
26 0.0543627 0.805324 0.105798 0.372651 0.0012598
0 0.359165 0.368737 0.0351357 0.0454071 0.00102043
23 0.34594 0.654489 0.368437 0.688935 0.963867
23 0.761664 0.56785 0.260004 0.469729 0.944824
0 0.0554851 0.575157 0.109994 0.830898 0.669922
0 0.0534843 0.803758 0.105017 0.375783 0.376709
0 0.0609995 0.368998 0.117509 0.422756 0.0244293
0 0.0595355 0.261221 0.115167 0.208246 0.0115051
0 0.0447492 0.59499 0.0877417 0.675365 0.00800323
0 0.350771 0.368476 0.0175679 0.0427975 0.00575256
0 0.0463596 0.762004 0.0903768 0.277662 0.00416565
0 0.0413333 0.519703 0.0795433 0.447025 0.00342941
0 0.336912 0.384656 0.0632443 0.0751566 0.00341606
0 0.330276 0.406054 0.0632443 0.0960334 0.00341606
0 0.329104 0.389353 0.0523132 0.0626305 0.00337601
0 0.340426 0.399791 0.0733946 0.101253 0.00286674
0 0.322077 0.413883 0.0421628 0.0908142 0.00250244
0 0.0613411 0.469729 0.122487 0.624217 0.00250244
0 0.31505 0.390919 0.022643 0.0448852 0.00196457
0 0.315831 0.417015 0.0382589 0.0981211 0.00193405
0 0.0861069 0.570459 0.168993 0.831942 0.00193405
56 0.162112 0.908142 0.100918 0.175365 0.00188255
0 0.318564 0.398747 0.0316221 0.0605428 0.0018177
22 0.69842 0.552192 0.135858 0.359082 0.00176811
0 0.350576 0.381785 0.0484092 0.0683716 0.00157356
13 0.163674 0.897704 0.10365 0.196242 0.00143242
26 0.162112 0.908142 0.100918 0.175365 0.00138855
22 0.682413 0.548017 0.0999415 0.293319 0.00127411
74 0.118095 0.278967 0.0144447 0.0313152 0.0012598
0 0.31466 0.411795 0.0257662 0.0866388 0.0012598
58 0.329104 0.389353 0.0523132 0.0626305 0.00118828
0 0.0702226 0.543841 0.122487 0.580376 0.00116539
26 0.0544603 0.804802 0.106188 0.373695 0.00109005
0 0.35936 0.368476 0.0347453 0.045929 0.00106907
0 0.0536307 0.703027 0.104334 0.58142 0.00100803
23 0.347258 0.654489 0.365802 0.688935 0.963379
23 0.762054 0.56785 0.260785 0.469729 0.939453
0 0.0554363 0.578288 0.109701 0.823591 0.678223
0 0.0534843 0.80428 0.105017 0.376827 0.351318
0 0.0612435 0.374478 0.117607 0.433716 0.0269165
0 0.0597307 0.26096 0.115167 0.207724 0.0112457
0 0.0456764 0.596947 0.0897912 0.670407 0.00634003
0 0.350771 0.368476 0.0171774 0.0427975 0.00559998
0 0.0462742 0.76618 0.0901572 0.286013 0.0042305
0 0.331837 0.386221 0.0577787 0.0683716 0.00309944
0 0.329885 0.407098 0.0616827 0.0981211 0.00287819
0 0.0414308 0.521921 0.0799337 0.453027 0.00274658
0 0.340036 0.400313 0.0726138 0.102296 0.00273705
0 0.0859849 0.570459 0.168847 0.827766 0.00252151
0 0.321687 0.413622 0.0413821 0.0902923 0.00220871
0 0.0528012 0.733299 0.10326 0.245303 0.00214958
13 0.163381 0.900835 0.103846 0.192067 0.00201988
56 0.162015 0.908664 0.100722 0.175365 0.00195694
0 0.31505 0.391441 0.022643 0.045929 0.00186062
0 0.315441 0.417015 0.0374781 0.0981211 0.00177479
0 0.0643179 0.552062 0.125122 0.528445 0.00176144
22 0.69881 0.551018 0.135858 0.365606 0.00170708
0 0.318368 0.403967 0.0308413 0.0699374 0.00158501
0 0.353309 0.382046 0.0429436 0.0678497 0.00119209
22 0.682413 0.549582 0.0999415 0.298539 0.00116539
74 0.118095 0.278706 0.0140543 0.0313152 0.00108624
0 0.314465 0.412578 0.0253758 0.0882046 0.00107765
0 0.359555 0.368737 0.0351357 0.045929 0.00104809
26 0.0545091 0.804802 0.106286 0.375783 0.00102425
23 0.347843 0.654489 0.366192 0.688935 0.961914
23 0.762054 0.56785 0.260785 0.469729 0.934082
0 0.0558267 0.578288 0.110677 0.822547 0.689453
0 0.0535819 0.803758 0.105407 0.377871 0.345947
0 0.0613899 0.379371 0.118095 0.442719 0.0214539
0 0.0599259 0.261026 0.115557 0.207594 0.00874329
0 0.350771 0.368476 0.0171774 0.0427975 0.0055542
0 0.0459692 0.599165 0.0903768 0.670146 0.00521851
0 0.0470916 0.768267 0.0916456 0.290188 0.00418091
0 0.331837 0.385699 0.0577787 0.0688935 0.00298119
0 0.0859849 0.570459 0.168847 0.825679 0.00282288
0 0.330276 0.408142 0.0632443 0.101253 0.00258064
0 0.340036 0.400313 0.0726138 0.102296 0.00254059
0 0.0414797 0.520877 0.0800313 0.451983 0.00231361
13 0.163381 0.900835 0.104236 0.191023 0.00219917
0 0.0529964 0.732777 0.10365 0.250522 0.00213242
56 0.162015 0.909186 0.101113 0.175365 0.0020504
22 0.69881 0.552192 0.135858 0.363257 0.00198746
0 0.322272 0.413622 0.0421628 0.0902923 0.00192642
0 0.0645131 0.552714 0.125513 0.531315 0.00153065
0 0.315831 0.417276 0.0382589 0.0981211 0.00150681
0 0.314855 0.391441 0.022643 0.0448852 0.00148964
0 0.318564 0.403445 0.0312318 0.0688935 0.00135612
22 0.682804 0.551148 0.100722 0.300626 0.00120163
0 0.352528 0.382046 0.0437244 0.0678497 0.00113392
74 0.118095 0.278967 0.0140543 0.0307933 0.00106525
0 0.0541675 0.618998 0.106383 0.529228 0.00106049
23 0.348283 0.65501 0.365314 0.687892 0.947754
23 0.762054 0.568894 0.260785 0.469729 0.915039
0 0.0562171 0.578158 0.111263 0.822808 0.693359
0 0.0536795 0.803758 0.105212 0.377871 0.338135
0 0.0614875 0.390658 0.11829 0.465031 0.0151291
0 0.0600235 0.260895 0.116143 0.206811 0.0069046
0 0.350967 0.368476 0.0171775 0.0422756 0.00445175
0 0.0420164 0.619128 0.0820809 0.734603 0.00397491
0 0.0858629 0.570459 0.16831 0.822547 0.00325966
0 0.048397 0.556498 0.0956716 0.555063 0.00266266
0 0.331837 0.385438 0.0577787 0.0694155 0.00226974
13 0.163283 0.901879 0.105212 0.189979 0.00226974
0 0.330666 0.408664 0.0648059 0.104384 0.00209999
56 0.163283 0.901879 0.105212 0.189979 0.00209999
0 0.340036 0.400835 0.0726138 0.102296 0.00198746
0 0.0415285 0.522965 0.0801289 0.455115 0.00197983
0 0.0531916 0.734864 0.103846 0.246347 0.00191212
0 0.322858 0.413883 0.043334 0.0908142 0.00148392
22 0.699981 0.550626 0.1382 0.374739 0.0012598
0 0.315636 0.417537 0.0382589 0.0981211 0.00110722
0 0.0655866 0.565762 0.127269 0.613779 0.00109863
23 0.348575 0.65501 0.364728 0.687892 0.92627
23 0.762054 0.569024 0.259223 0.471555 0.892578
0 0.0564123 0.57607 0.111653 0.824896 0.702637
0 0.0536307 0.803758 0.105114 0.379958 0.329346
0 0.0613899 0.399791 0.118681 0.483299 0.0118713
0 0.0599259 0.26096 0.116533 0.206681 0.0053215
0 0.0855213 0.570068 0.168212 0.820198 0.0045929
0 0.04187 0.620172 0.0817881 0.734603 0.00351143
0 0.350967 0.368476 0.0171775 0.0417537 0.00322342
56 0.163088 0.902401 0.105602 0.189979 0.00235939
0 0.04797 0.56785 0.094964 0.579332 0.00234985
13 0.163088 0.902401 0.105602 0.189979 0.00225258
0 0.0532891 0.735908 0.103846 0.248434 0.00188255
0 0.0414308 0.52453 0.0797385 0.458246 0.00184631
0 0.330861 0.408664 0.0667578 0.107516 0.00174141
0 0.331837 0.385177 0.0585595 0.0699374 0.0017004
0 0.340036 0.400835 0.0726138 0.102296 0.00156689
0 0.323834 0.413883 0.0456764 0.0908142 0.00116062
56 0.0979896 0.941023 0.0304509 0.113779 0.00109863
22 0.6992 0.551148 0.136639 0.377871 0.00104809
23 0.348039 0.65501 0.36424 0.687892 0.924316
23 0.762054 0.568763 0.259223 0.472077 0.898926
0 0.0560219 0.577766 0.111068 0.821503 0.709961
0 0.0536307 0.804802 0.104724 0.382046 0.335449
0 0.0611947 0.401422 0.118876 0.487343 0.012825
0 0.0853993 0.570068 0.168261 0.820198 0.00790405
0 0.0597795 0.26096 0.116826 0.207203 0.00519943
0 0.0419676 0.620955 0.0821785 0.733038 0.00359344
56 0.162112 0.909186 0.100527 0.176409 0.00275803
0 0.350967 0.368476 0.0171775 0.0417537 0.0024929
13 0.162893 0.902923 0.105212 0.189979 0.00234222
0 0.0519716 0.594076 0.102967 0.588466 0.00232315
0 0.0532404 0.726514 0.103943 0.272443 0.00214958
0 0.0412722 0.525574 0.0802509 0.446764 0.00182438
22 0.698029 0.549191 0.135858 0.37761 0.00151253
0 0.335351 0.409708 0.0675386 0.0949896 0.00146675
0 0.331837 0.384656 0.0585595 0.0699374 0.00146103
56 0.0977944 0.941545 0.0335741 0.113779 0.00125504
23 0.347502 0.654619 0.365314 0.686587 0.922852
23 0.762054 0.56785 0.259223 0.471816 0.908203
0 0.0563147 0.577114 0.111849 0.822808 0.737793
0 0.0537771 0.803236 0.104822 0.384134 0.299805
0 0.065977 0.492693 0.129417 0.672234 0.0915527
0 0.0611947 0.399335 0.119266 0.483168 0.0126266
0 0.0854969 0.569937 0.169042 0.820459 0.0121002
0 0.0598283 0.26096 0.117705 0.207203 0.00479126
0 0.0424068 0.619911 0.0830569 0.733038 0.00338936
56 0.162015 0.909186 0.100722 0.177453 0.00302696
13 0.162698 0.902923 0.105602 0.187891 0.00247192
0 0.0534843 0.694676 0.104236 0.343424 0.00237846
0 0.05285 0.597599 0.104724 0.60334 0.00236893
0 0.350771 0.368215 0.0171774 0.0417537 0.00206757
22 0.699591 0.547495 0.13742 0.375783 0.00176811
0 0.0412967 0.521399 0.0803973 0.440501 0.00173378
0 0.335546 0.408664 0.0683194 0.0970772 0.00139427
0 0.331837 0.384134 0.0585595 0.0704593 0.00130939
56 0.0977944 0.941545 0.0331837 0.113779 0.0012846
53 0.348039 0.65501 0.365802 0.679541 0.00109005
23 0.346867 0.653445 0.366582 0.685804 0.917969
23 0.762054 0.566806 0.259223 0.469729 0.91748
0 0.0570955 0.57607 0.113605 0.822808 0.773926
0 0.0539723 0.800626 0.105212 0.388309 0.226807
0 0.0663674 0.482255 0.130588 0.652401 0.09552
0 0.0856921 0.570981 0.169823 0.822547 0.0215759
0 0.0611947 0.396138 0.119657 0.475992 0.0112457
0 0.0598771 0.261026 0.118388 0.207594 0.00482941
56 0.161917 0.909186 0.101308 0.177453 0.00359344
0 0.0429314 0.620042 0.0839597 0.73382 0.00274658
13 0.162405 0.903967 0.106578 0.185804 0.00263214
0 0.0536795 0.646268 0.104626 0.461117 0.00259018
22 0.700762 0.546451 0.141324 0.373695 0.00254059
0 0.350771 0.368476 0.0171774 0.0417537 0.0016613
22 0.681633 0.553758 0.0999415 0.307933 0.00154305
0 0.041626 0.521007 0.0809097 0.44024 0.00139427
56 0.0977944 0.941545 0.0331837 0.113779 0.00138855
53 0.347502 0.654619 0.366875 0.680324 0.0012598
26 0.163186 0.904489 0.107749 0.185804 0.00124931
0 0.335741 0.40762 0.0687098 0.0991649 0.0012064
0 0.331837 0.383873 0.0589499 0.0709812 0.00106907
23 0.762054 0.565632 0.257662 0.467902 0.933594
23 0.346867 0.652401 0.366582 0.68476 0.931641
0 0.0578763 0.575026 0.115167 0.826983 0.800293
0 0.0538747 0.798539 0.105407 0.392484 0.211426
0 0.065977 0.47834 0.130197 0.644572 0.0977173
0 0.0852041 0.571503 0.169237 0.821503 0.0273743
0 0.0610483 0.392223 0.119559 0.468163 0.00923157
0 0.0598283 0.261026 0.118485 0.207594 0.00388527
0 0.0559731 0.627349 0.11058 0.597077 0.00356483
56 0.161917 0.909186 0.101698 0.178497 0.00351143
0 0.0427484 0.620042 0.0835449 0.727558 0.00283432
13 0.16221 0.903967 0.106578 0.185804 0.00264168
22 0.701933 0.544885 0.143666 0.375783 0.00260162
22 0.680852 0.553366 0.0999415 0.302453 0.00175476
0 0.350576 0.368215 0.0171775 0.0422756 0.0015974
26 0.163186 0.904489 0.107359 0.185804 0.00150108
0 0.0414308 0.512657 0.0805193 0.425626 0.00143242
56 0.0975992 0.941545 0.0331837 0.114823 0.00134563
53 0.346672 0.654489 0.366973 0.679541 0.00131512
0 0.335351 0.40762 0.0679291 0.0991649 0.0011692
0 0.331837 0.383612 0.0585595 0.0709812 0.0011158
53 0.761274 0.564718 0.260785 0.464509 0.00100803
23 0.762054 0.564196 0.257662 0.466597 0.943848
23 0.346672 0.652531 0.366973 0.684499 0.936523
0 0.0588523 0.574113 0.117119 0.82881 0.811035
0 0.0538747 0.796973 0.105407 0.39666 0.194336
0 0.0658794 0.470773 0.129807 0.629436 0.0953369
0 0.0849357 0.572156 0.168603 0.822286 0.0337219
0 0.0609019 0.384917 0.119071 0.453549 0.00894928
0 0.0559243 0.626435 0.110873 0.598904 0.00413513
56 0.162015 0.909186 0.101503 0.179541 0.00366402
0 0.0597307 0.261482 0.118095 0.207724 0.00327301
0 0.0424556 0.618998 0.0829593 0.720251 0.00317192
22 0.701933 0.544885 0.143666 0.375783 0.00294685
13 0.162405 0.903967 0.106188 0.183716 0.00271416
0 0.0481652 0.555193 0.09594 0.553497 0.00226021
22 0.680852 0.55428 0.0999415 0.298539 0.0020504
0 0.0410893 0.505219 0.0800313 0.411274 0.0015974
56 0.0976968 0.941545 0.0329885 0.114823 0.0014267
26 0.163283 0.905011 0.106774 0.185804 0.00127888
53 0.346672 0.654489 0.366973 0.678497 0.00121593
0 0.350771 0.368215 0.0175679 0.0422756 0.00111198
56 0.0627563 0.628393 0.121609 0.73382 0.00106907
0 0.335546 0.407098 0.0683194 0.100209 0.00103188
53 0.760493 0.564196 0.260785 0.463466 0.00103188
0 0.164357 0.584682 0.32442 0.811848 0.00101185
23 0.762835 0.563674 0.2561 0.465553 0.945312
23 0.346867 0.652401 0.367363 0.68476 0.936523
0 0.0598283 0.573591 0.118876 0.829854 0.820801
0 0.0537771 0.796973 0.105407 0.39666 0.200562
0 0.0658306 0.470251 0.129124 0.628393 0.0880127
0 0.0848137 0.572025 0.16748 0.822547 0.0342407
0 0.0608043 0.378393 0.11829 0.439457 0.00812531
56 0.162015 0.909186 0.101894 0.179541 0.0046463
0 0.0558267 0.624739 0.110482 0.59499 0.00408554
0 0.042114 0.615345 0.0820809 0.708768 0.00367928
13 0.162503 0.905011 0.105602 0.183716 0.00296974
22 0.702714 0.544755 0.143666 0.376044 0.00288963
0 0.0597795 0.261417 0.117802 0.207855 0.00279999
0 0.0470306 0.538492 0.0933292 0.515919 0.00269318
22 0.680852 0.55428 0.0983799 0.295407 0.00201035
0 0.0407477 0.499739 0.0791529 0.401357 0.00194168
56 0.0977944 0.941545 0.0327933 0.114823 0.0018034
0 0.335741 0.407098 0.067929 0.0981211 0.00140476
0 0.350967 0.368476 0.0171775 0.0422756 0.00128937
0 0.331837 0.383612 0.0585595 0.0709812 0.00121117
56 0.0633419 0.628262 0.12278 0.733038 0.00119209
0 0.167871 0.583507 0.330276 0.812109 0.00117874
53 0.346867 0.653967 0.371267 0.677453 0.00109863
26 0.163381 0.905011 0.106188 0.18476 0.00102425
23 0.762054 0.563152 0.2561 0.464509 0.944824
23 0.347063 0.65227 0.365411 0.682933 0.933105
0 0.0602187 0.573199 0.119266 0.830637 0.830566
0 0.0535819 0.794363 0.104822 0.401879 0.216675
0 0.0851309 0.561065 0.167041 0.787056 0.00959778
0 0.0606091 0.37376 0.117509 0.429932 0.00831604
56 0.16221 0.909186 0.101894 0.179541 0.005867
0 0.0554851 0.623695 0.109604 0.592902 0.0042305
0 0.0415772 0.613257 0.0808121 0.702505 0.00416565
13 0.162405 0.905011 0.104626 0.183716 0.00363541
22 0.701543 0.54606 0.141324 0.375522 0.00329781
0 0.0458228 0.531185 0.0906696 0.499217 0.00311089
0 0.0595843 0.261417 0.117021 0.207855 0.0027256
22 0.680852 0.553758 0.0983799 0.294363 0.00219917
0 0.0404549 0.498956 0.0783721 0.400835 0.00218201
56 0.0977944 0.941545 0.0327933 0.114823 0.00216484
0 0.335741 0.40762 0.067929 0.0970772 0.00183868
0 0.350967 0.368476 0.0171775 0.0422756 0.00160408
0 0.331837 0.383612 0.0585595 0.0709812 0.00148964
0 0.0650498 0.522965 0.126001 0.493737 0.00134563
26 0.163381 0.905011 0.105407 0.183716 0.00125504
56 0.0633907 0.628262 0.122487 0.733038 0.0012207
0 0.165431 0.583507 0.323834 0.812109 0.00103664
53 0.347111 0.653967 0.370779 0.677453 0.00101662
23 0.762054 0.562761 0.2561 0.465292 0.946777
23 0.346867 0.652923 0.365021 0.68476 0.933105
0 0.0603163 0.574113 0.119461 0.830898 0.833008
0 0.0534355 0.798017 0.104724 0.391441 0.262207
0 0.0614875 0.417798 0.122194 0.520355 0.00888062
0 0.0850821 0.561065 0.166358 0.786013 0.00636292
56 0.162112 0.909186 0.102089 0.179541 0.00564194
0 0.0547043 0.69572 0.10609 0.596034 0.00481033
0 0.0601211 0.343946 0.116924 0.372651 0.00457382
0 0.0409917 0.612213 0.0796409 0.696242 0.00450516
13 0.1626 0.905532 0.104236 0.182672 0.00387001
0 0.0449932 0.525574 0.0888152 0.48643 0.00336266
22 0.701153 0.545929 0.140543 0.377871 0.003088
0 0.0596331 0.261482 0.116924 0.207724 0.0026722
56 0.0977944 0.941545 0.0329885 0.114823 0.00208282
22 0.680461 0.554802 0.0975991 0.294363 0.00194168
0 0.335936 0.408142 0.0683194 0.0960334 0.00192642
0 0.331837 0.383612 0.0585595 0.0699374 0.00146103
0 0.350967 0.368476 0.0171775 0.0427975 0.00145531
0 0.0647083 0.519833 0.125513 0.485386 0.00136662
26 0.163381 0.906054 0.105017 0.183716 0.00131512
0 0.326567 0.413361 0.0503612 0.0902923 0.00102425
56 0.0644155 0.60334 0.125317 0.777662 0.00100803
23 0.761274 0.563152 0.257662 0.466597 0.947754
23 0.346721 0.653314 0.366094 0.685021 0.931641
0 0.0611947 0.574113 0.121218 0.830898 0.847168
0 0.0534355 0.798539 0.104724 0.390397 0.310791
0 0.0607067 0.362735 0.117509 0.407098 0.00714874
0 0.0548995 0.708768 0.106481 0.569937 0.00626373
0 0.0406989 0.611169 0.0792505 0.687891 0.00450516
0 0.0447004 0.522443 0.0882297 0.477036 0.00337601
56 0.162015 0.908142 0.102284 0.177453 0.00318527
13 0.163381 0.905011 0.105798 0.183716 0.0029583
0 0.0599747 0.261482 0.117607 0.206681 0.00259018
0 0.0862533 0.570981 0.166358 0.817328 0.00213242
22 0.701543 0.546451 0.142104 0.385177 0.00178909
56 0.0977944 0.941545 0.0327933 0.114823 0.00163555
0 0.337888 0.41023 0.0722234 0.0949896 0.00162888
0 0.0645619 0.519833 0.125415 0.480167 0.00144386
0 0.350967 0.368476 0.016787 0.0422756 0.00118828
0 0.333399 0.388831 0.0616827 0.0762004 0.00114727
22 0.680852 0.556498 0.0983799 0.294102 0.00104046
26 0.163381 0.905011 0.105798 0.183716 0.00104046
23 0.761274 0.563544 0.259223 0.467902 0.946289
23 0.346867 0.652531 0.369706 0.684499 0.922852
0 0.0619755 0.574113 0.12278 0.830898 0.856934
0 0.0533867 0.798017 0.104822 0.391441 0.317383
0 0.0551923 0.710986 0.107066 0.565501 0.0077858
0 0.0611947 0.359669 0.118485 0.401748 0.00651169
0 0.0406501 0.612213 0.0793481 0.689979 0.00418091
0 0.0449932 0.522443 0.08862 0.478079 0.00323486
0 0.0640251 0.430063 0.124927 0.546973 0.00321007
0 0.0604627 0.261482 0.118778 0.207203 0.00253105
13 0.163186 0.905011 0.106969 0.183716 0.0020752
22 0.701933 0.544755 0.142104 0.390658 0.00176811
56 0.161819 0.908142 0.102674 0.177453 0.00163555
0 0.0655866 0.548017 0.12766 0.579332 0.00148964
0 0.337693 0.409969 0.0726138 0.0949896 0.00133514
56 0.0977944 0.941545 0.0331837 0.113779 0.00121593
0 0.0849357 0.563152 0.16626 0.784969 0.00110722
23 0.761274 0.564196 0.260785 0.468685 0.950195
23 0.346282 0.653314 0.369315 0.687109 0.921387
0 0.0624147 0.574635 0.123463 0.829854 0.862793
0 0.0534355 0.797495 0.104724 0.392484 0.338135
0 0.0552411 0.709812 0.107164 0.568894 0.0100937
0 0.0614875 0.359603 0.119266 0.400835 0.0051384
0 0.0407965 0.612865 0.0796409 0.69285 0.00370789
0 0.04553 0.523486 0.0894984 0.480167 0.0030632
0 0.0609019 0.261417 0.119657 0.206811 0.00237846
0 0.0640251 0.431889 0.124537 0.550626 0.00226021
13 0.162893 0.905011 0.107945 0.183716 0.00186729
22 0.701543 0.545929 0.142104 0.391441 0.00158501
0 0.065489 0.547495 0.127465 0.577244 0.00150108
56 0.161624 0.908142 0.102674 0.177453 0.00127411
0 0.338084 0.409708 0.0733946 0.0949896 0.00101662
56 0.0979896 0.941545 0.0335741 0.112735 0.00100422
23 0.761274 0.564718 0.260785 0.469729 0.95166
23 0.346282 0.653575 0.369315 0.688674 0.928711
0 0.0627563 0.574635 0.123951 0.829854 0.866699
0 0.0534843 0.798017 0.104626 0.391441 0.353027
0 0.0552411 0.717119 0.106969 0.55428 0.0167847
0 0.0617803 0.359603 0.119852 0.399791 0.00407028
0 0.0448956 0.580376 0.0874489 0.621086 0.0036068
0 0.0612923 0.261743 0.120242 0.207203 0.00213242
0 0.0413942 0.499478 0.0796165 0.40501 0.00172043
0 0.065489 0.546973 0.127465 0.5762 0.00164223
13 0.162795 0.905011 0.10853 0.18476 0.00159168
0 0.0639763 0.436065 0.124244 0.557933 0.00145531
22 0.701933 0.547103 0.142104 0.394311 0.00129986
23 0.761664 0.564718 0.261566 0.469729 0.95459
23 0.346477 0.652923 0.370486 0.688935 0.933105
0 0.0631955 0.575157 0.124829 0.82881 0.865234
0 0.0535331 0.797495 0.104529 0.392484 0.351318
0 0.0451762 0.58142 0.0876685 0.625261 0.00309944
0 0.0545579 0.629567 0.106578 0.507046 0.00251198
0 0.0620731 0.362996 0.120242 0.405532 0.00237846
0 0.0614875 0.262004 0.120633 0.207724 0.00164223
0 0.0417724 0.498173 0.0800313 0.406576 0.00154877
0 0.0653426 0.546451 0.127562 0.572025 0.00142097
13 0.162698 0.904489 0.109897 0.185804 0.00117397
0 0.150303 0.582985 0.293578 0.816284 0.0011692
23 0.761664 0.565762 0.261566 0.469729 0.956055
23 0.346721 0.652923 0.370779 0.688935 0.933594
0 0.0637323 0.575157 0.125903 0.82881 0.86377
0 0.0535819 0.797495 0.104626 0.392484 0.338867
0 0.0456886 0.583507 0.0887908 0.632568 0.00269318
0 0.0545579 0.628914 0.106578 0.506263 0.00200272
0 0.0623171 0.364823 0.120535 0.408142 0.00150681
0 0.158111 0.581942 0.309975 0.818372 0.00131989
0 0.0653914 0.548017 0.12766 0.575157 0.00130939
0 0.0424556 0.5 0.0813977 0.415449 0.00129986
0 0.0617315 0.262461 0.121121 0.207855 0.0011692
23 0.762054 0.565762 0.260785 0.469729 0.954102
23 0.347453 0.65227 0.370096 0.689196 0.931152
0 0.0640251 0.574635 0.126489 0.827766 0.864258
0 0.0536795 0.797495 0.104626 0.393528 0.338135
0 0.0562171 0.659577 0.110482 0.668319 0.241455
0 0.0463596 0.583638 0.0899864 0.63857 0.00240517
0 0.166504 0.580506 0.326762 0.822286 0.00147247
0 0.0655866 0.549191 0.12805 0.580115 0.00118828
0 0.0431876 0.499739 0.0826665 0.420146 0.00116062
0 0.0619755 0.302192 0.120437 0.284969 0.00109863
0 0.0624635 0.366127 0.120828 0.409708 0.00103188
23 0.762445 0.566284 0.261566 0.468685 0.955078
23 0.347648 0.652531 0.369706 0.688674 0.934082
0 0.0641227 0.574635 0.126684 0.827766 0.864258
0 0.0537283 0.796973 0.104919 0.394572 0.335449
0 0.0561195 0.659838 0.110287 0.669885 0.236206
0 0.046994 0.585726 0.09106 0.646921 0.00208282
0 0.177826 0.579332 0.350186 0.822547 0.00146675
0 0.065733 0.549061 0.128538 0.58142 0.00102425
0 0.043822 0.5 0.0839353 0.424843 0.00101185
23 0.762445 0.566675 0.261566 0.467902 0.957031
23 0.348039 0.652923 0.368925 0.687892 0.935059
0 0.0636347 0.573982 0.126098 0.826983 0.868164
0 0.0536795 0.796973 0.104822 0.395616 0.375732
0 0.0555339 0.656707 0.109506 0.674061 0.279053
0 0.047238 0.584551 0.0917432 0.645094 0.00230598
0 0.185634 0.579332 0.366192 0.822547 0.00125504
0 0.0627075 0.371347 0.121121 0.419102 0.00110722
0 0.0440172 0.500783 0.0843257 0.426409 0.00109863
0 0.0656842 0.548539 0.128636 0.582464 0.00105667
23 0.762445 0.567328 0.261566 0.465553 0.95752
23 0.348429 0.653445 0.368925 0.686848 0.941895
0 0.0633419 0.574113 0.125708 0.826722 0.871582
0 0.0535331 0.796973 0.104529 0.395616 0.393311
0 0.0550459 0.658664 0.108725 0.670146 0.279541
0 0.0469452 0.58142 0.0911576 0.638831 0.0026207
0 0.0440294 0.497129 0.0844965 0.422234 0.00131512
0 0.065001 0.508351 0.126879 0.469729 0.00124454
0 0.0894984 0.573982 0.173531 0.816545 0.00113392
0 0.190074 0.579332 0.375659 0.821503 0.00110722
23 0.762445 0.567719 0.261566 0.463727 0.959473
23 0.348283 0.653445 0.369218 0.686848 0.945312
0 0.0629027 0.574113 0.125025 0.826722 0.87793
0 0.0533868 0.796451 0.104626 0.39666 0.370117
0 0.0547531 0.656054 0.108335 0.675365 0.339844
0 0.0469574 0.583377 0.0915236 0.645355 0.00239754
0 0.0439074 0.49739 0.0843501 0.41858 0.00121117
0 0.065001 0.506785 0.126879 0.462422 0.00108147
22 0.703495 0.541232 0.146789 0.399791 0.00107765
0 0.0627075 0.403706 0.122097 0.479645 0.00106907
0 0.191099 0.579854 0.378294 0.820459 0.00102043
23 0.762445 0.56785 0.261566 0.463466 0.960449
23 0.347892 0.653967 0.369218 0.685804 0.944824
0 0.0626587 0.574113 0.124537 0.826722 0.881348
0 0.0534355 0.795407 0.104724 0.398747 0.332031
0 0.0541187 0.705767 0.105895 0.580115 0.03302
0 0.0470428 0.588727 0.0917432 0.65762 0.00209999
22 0.703495 0.540188 0.146789 0.398747 0.00133038
0 0.351357 0.368476 0.0163967 0.0412317 0.00106049
0 0.0439318 0.5 0.0846917 0.425887 0.00104809
23 0.762054 0.56785 0.262347 0.462422 0.961914
23 0.347795 0.653967 0.369413 0.686848 0.948242
0 0.0625123 0.573982 0.124439 0.826983 0.887207
0 0.0535819 0.794363 0.105017 0.398747 0.29248
0 0.0541187 0.699896 0.10609 0.590814 0.0335388
0 0.0473844 0.591336 0.0926216 0.663883 0.00183105
22 0.702714 0.538622 0.143666 0.394572 0.00157928
0 0.351357 0.368476 0.0163967 0.0412317 0.00129414
0 0.0890348 0.573591 0.174068 0.817328 0.00112057
67 0.1179 0.278706 0.0140543 0.0302714 0.00102806
23 0.762054 0.56785 0.262347 0.461378 0.960449
23 0.347648 0.653967 0.369706 0.686848 0.946289
0 0.0624635 0.574113 0.124537 0.82881 0.886719
0 0.0538259 0.794363 0.105505 0.400835 0.262207
0 0.0542651 0.695068 0.106578 0.599426 0.0311432
0 0.0517276 0.723382 0.100722 0.421712 0.00208282
22 0.702324 0.537056 0.143666 0.393528 0.00181007
0 0.351357 0.368476 0.0163967 0.0412317 0.00157356
0 0.0478724 0.596033 0.0935976 0.672234 0.00154877
67 0.1179 0.278967 0.0138591 0.0302714 0.0011425
0 0.0888152 0.574243 0.174117 0.818111 0.00110722
0 0.0627563 0.407685 0.121999 0.487343 0.00102425
23 0.762054 0.56785 0.262347 0.462422 0.958984
23 0.347502 0.653967 0.369998 0.687892 0.946289
0 0.0626587 0.574113 0.124927 0.82881 0.890137
0 0.0540211 0.793319 0.105895 0.402923 0.257568
0 0.0543139 0.693241 0.106871 0.605167 0.0339661
0 0.351357 0.368476 0.0163967 0.0412317 0.00194168
0 0.0515324 0.705115 0.100332 0.44572 0.00188923
22 0.702324 0.536404 0.143666 0.396921 0.00184631
0 0.0483604 0.599165 0.0945736 0.676409 0.00131989
67 0.1179 0.279228 0.0138591 0.0302714 0.00107765
0 0.0888397 0.574113 0.174849 0.818372 0.00103188
23 0.761664 0.567328 0.261566 0.462422 0.957031
23 0.347502 0.653575 0.369998 0.688674 0.946289
0 0.0625123 0.573982 0.124829 0.829071 0.893066
0 0.0539723 0.792276 0.105993 0.40501 0.275146
0 0.0543139 0.691545 0.107066 0.607516 0.0458679
0 0.351162 0.368476 0.0163966 0.0407098 0.00226021
22 0.701153 0.534447 0.140543 0.392484 0.00171375
0 0.0484092 0.599165 0.0948664 0.672234 0.00133038
0 0.337693 0.409447 0.071833 0.0929019 0.00124931
67 0.1179 0.278967 0.0138591 0.0302714 0.00123024
0 0.332032 0.383612 0.0585595 0.0678497 0.00109863
74 0.1179 0.278967 0.0138591 0.0302714 0.00104046
23 0.761274 0.566675 0.262347 0.463727 0.95459
23 0.347453 0.653445 0.370096 0.688935 0.945312
0 0.0625611 0.574113 0.124732 0.82881 0.89209
0 0.0540211 0.792276 0.105895 0.40501 0.305664
0 0.0543627 0.690893 0.106969 0.607777 0.0560303
0 0.351162 0.368737 0.0163966 0.0412317 0.00211525
22 0.700372 0.533272 0.140543 0.392745 0.00173378
0 0.0484092 0.599687 0.0948664 0.67119 0.00138283
0 0.337693 0.409186 0.071833 0.0939457 0.00128937
67 0.1179 0.278967 0.0138591 0.0302714 0.00123978
0 0.332032 0.384134 0.0585595 0.0688936 0.0011034
74 0.1179 0.278967 0.0138591 0.0302714 0.00105667
23 0.761274 0.566806 0.260785 0.463466 0.956543
23 0.347453 0.653445 0.370096 0.688935 0.955566
0 0.0606091 0.572939 0.120828 0.833246 0.894043
0 0.0540211 0.791232 0.1057 0.407098 0.29834
0 0.0541187 0.692067 0.106481 0.606472 0.0869141
0 0.0629027 0.396921 0.121706 0.468163 0.00316048
26 0.162795 0.901357 0.108921 0.193111 0.00217438
0 0.0537771 0.542798 0.105993 0.483299 0.00162888
22 0.697249 0.528184 0.134297 0.384134 0.00154877
0 0.048946 0.593032 0.09594 0.653184 0.00148964
0 0.337303 0.409186 0.0710522 0.091858 0.00141048
0 0.351162 0.368476 0.0163966 0.0417537 0.00134563
67 0.1179 0.279228 0.0138591 0.0313152 0.00128937
0 0.331837 0.384134 0.0585595 0.0678497 0.00107288
74 0.1179 0.279228 0.0138591 0.0313152 0.00105286
22 0.683194 0.521921 0.101503 0.346555 0.00102425
23 0.347648 0.652923 0.369706 0.688935 0.958984
23 0.760883 0.566806 0.261566 0.463466 0.954102
0 0.0590475 0.573591 0.117705 0.834029 0.890625
0 0.0539235 0.791232 0.1057 0.409186 0.283691
0 0.0539723 0.693241 0.105993 0.605167 0.110291
0 0.0626587 0.386221 0.121218 0.448852 0.00701141
26 0.162991 0.900313 0.109311 0.195198 0.00321007
0 0.0536795 0.538753 0.105798 0.469468 0.00172043
0 0.336912 0.408664 0.0702714 0.0908142 0.00152493
0 0.0495316 0.591858 0.096916 0.647182 0.00144386
67 0.1179 0.279228 0.0138591 0.0313152 0.00134087
22 0.695687 0.524922 0.131173 0.382307 0.00124454
74 0.1179 0.279228 0.0138591 0.0313152 0.00109005
23 0.724576 0.545799 0.193637 0.430324 0.00109005
0 0.0624635 0.26357 0.122194 0.209812 0.00104809
0 0.303729 0.41858 0.0468476 0.101253 0.00101185
23 0.347843 0.65227 0.369315 0.689196 0.958984
23 0.760883 0.566806 0.261566 0.463466 0.94873
0 0.0567051 0.646268 0.11302 0.7012 0.887207
0 0.066465 0.54893 0.130002 0.776879 0.32251
0 0.0539723 0.79071 0.105602 0.409186 0.275879
0 0.0623659 0.360125 0.123756 0.40501 0.012146
26 0.162991 0.899791 0.110092 0.197286 0.00494385
0 0.052362 0.676931 0.102577 0.47286 0.00228691
0 0.0537771 0.536534 0.105993 0.461378 0.00182438
0 0.331252 0.40475 0.0612923 0.0939458 0.00181007
67 0.1179 0.279228 0.0140543 0.0318372 0.00141621
0 0.0624635 0.263831 0.122194 0.210334 0.00134563
23 0.723015 0.543841 0.188952 0.426931 0.00117874
74 0.1179 0.279228 0.0140543 0.0318372 0.00113773
22 0.694516 0.522965 0.128831 0.379958 0.00108624
0 0.304119 0.418059 0.0460668 0.100209 0.00106907
0 0.320906 0.415188 0.0359165 0.0934238 0.00104046
23 0.348039 0.652401 0.368925 0.688935 0.956543
23 0.760493 0.566675 0.260785 0.463727 0.943359
0 0.0564123 0.647182 0.112434 0.699374 0.890137
0 0.0539723 0.790188 0.105602 0.41023 0.268066
0 0.0663674 0.543319 0.129612 0.765136 0.265137
0 0.0622683 0.35595 0.123365 0.39666 0.0185852
26 0.163088 0.898747 0.110287 0.19833 0.00634003
0 0.052606 0.676279 0.10287 0.463727 0.00223351
0 0.331447 0.404489 0.0609019 0.0918581 0.00203514
0 0.0536795 0.534447 0.105798 0.457203 0.00176144
67 0.117997 0.279228 0.0138591 0.0323591 0.00141621
0 0.0625123 0.264875 0.122097 0.212422 0.00132465
74 0.117997 0.279228 0.0138591 0.0323591 0.00119209
23 0.418115 0.566806 0.224088 0.517745 0.00116062
0 0.320516 0.414927 0.0351357 0.0929019 0.00105667
23 0.722234 0.543841 0.188952 0.426931 0.00105667
0 0.0880345 0.443111 0.018739 0.133612 0.00104046
0 0.304119 0.418059 0.045286 0.099165 0.00103664
23 0.348039 0.652401 0.368144 0.688935 0.950195
23 0.760102 0.566806 0.260004 0.463466 0.936035
0 0.0562659 0.647051 0.112141 0.699635 0.891113
0 0.0642203 0.558455 0.12766 0.800626 0.281006
0 0.0539235 0.755741 0.10531 0.482255 0.265137
0 0.0630979 0.341401 0.124829 0.368346 0.0230713
26 0.162991 0.898747 0.110873 0.200418 0.00638962
0 0.0635371 0.419559 0.123561 0.524139 0.00307465
0 0.332618 0.406054 0.0624635 0.0929019 0.00236893
23 0.420164 0.568372 0.219989 0.518789 0.00194168
0 0.0519716 0.51892 0.102186 0.486169 0.0016613
0 0.0882297 0.441806 0.0195198 0.140397 0.00143242
67 0.118095 0.279228 0.0140543 0.0323591 0.00137234
0 0.0625123 0.265919 0.122097 0.214509 0.00137234
23 0.441148 0.650444 0.578568 0.682411 0.00137234
23 0.309389 0.663883 0.282257 0.607516 0.00134563
0 0.0857897 0.492171 0.168847 0.60856 0.00123501
0 0.0537283 0.612735 0.10531 0.51357 0.00122547
74 0.118095 0.279228 0.0140543 0.0323591 0.00117874
0 0.320516 0.414927 0.0351357 0.091858 0.00107288
0 0.304119 0.417537 0.0445052 0.0981211 0.00101662
23 0.721843 0.543841 0.18661 0.425887 0.00100803
23 0.347843 0.652401 0.367754 0.688935 0.944336
23 0.760102 0.566284 0.260004 0.463466 0.926758
0 0.0562171 0.64666 0.112044 0.700418 0.887207
0 0.0640251 0.558455 0.127269 0.800626 0.288574
0 0.0539235 0.754697 0.10531 0.482255 0.269775
0 0.0629027 0.340553 0.124439 0.365866 0.0254669
26 0.162893 0.898747 0.110677 0.200418 0.00591278
0 0.332618 0.406576 0.0616827 0.0918581 0.00298119
0 0.0633419 0.418058 0.12317 0.520877 0.00256157
23 0.420848 0.568372 0.217061 0.518789 0.00247192
23 0.447004 0.650313 0.591061 0.682672 0.00195694
0 0.0884249 0.441545 0.0195198 0.14405 0.00176144
0 0.051874 0.517223 0.102186 0.483299 0.0016613
0 0.0858629 0.492693 0.169091 0.605428 0.00154877
23 0.306657 0.662839 0.276791 0.60334 0.0014782
67 0.118095 0.279228 0.0140543 0.0323591 0.00136662
0 0.0624635 0.267223 0.121999 0.216597 0.00135612
74 0.118095 0.279228 0.0140543 0.0323591 0.00122547
0 0.0899864 0.419363 0.0242046 0.225992 0.00114727
0 0.0537283 0.612604 0.10531 0.509656 0.00113392
0 0.320516 0.414927 0.0347453 0.091858 0.00108624
0 0.0950372 0.429541 0.0429924 0.258873 0.00107288
0 0.31466 0.412578 0.0296702 0.0871607 0.00104427
0 0.304119 0.417537 0.0445052 0.0981211 0.00104046
23 0.347843 0.652401 0.367754 0.688935 0.939941
23 0.760102 0.566936 0.260004 0.463205 0.920898
0 0.0562171 0.647182 0.112239 0.699374 0.888184
0 0.0639275 0.556367 0.127269 0.796451 0.288086
0 0.0539235 0.754697 0.10531 0.484342 0.282227
0 0.0622683 0.344729 0.122975 0.373173 0.0629272
26 0.162893 0.898747 0.110677 0.200418 0.00653839
0 0.332423 0.406837 0.0612923 0.0913361 0.00369263
23 0.421238 0.568894 0.21628 0.517745 0.00268364
23 0.452079 0.650313 0.601211 0.682672 0.00254059
0 0.0860581 0.489301 0.169091 0.595512 0.00223351
0 0.0884249 0.441545 0.0195198 0.145094 0.00214005
0 0.0518252 0.516701 0.102089 0.481211 0.00167465
23 0.303729 0.661665 0.270935 0.599426 0.00161648
67 0.118095 0.279228 0.0140543 0.0323591 0.00156116
0 0.0950372 0.428497 0.0422116 0.257829 0.00151253
0 0.0623659 0.269898 0.121999 0.222208 0.00146675
0 0.0899864 0.419624 0.0238142 0.22547 0.00142097
74 0.118095 0.279228 0.0140543 0.0323591 0.00133038
0 0.0537771 0.613257 0.105407 0.509395 0.00114727
0 0.320321 0.414927 0.0343549 0.091858 0.00109863
58 0.0886445 0.676409 0.0885713 0.469729 0.00109863
0 0.31466 0.412578 0.0296702 0.0871607 0.00106907
0 0.304119 0.417537 0.0445052 0.0981211 0.00104809
23 0.347843 0.651879 0.367754 0.688935 0.936523
23 0.760102 0.566936 0.260004 0.463205 0.916016
0 0.0562659 0.64666 0.112337 0.700418 0.88916
0 0.0539235 0.754697 0.10531 0.482255 0.299072
0 0.0637323 0.556237 0.126879 0.795668 0.299072
0 0.0620243 0.344924 0.122487 0.372782 0.0755615
26 0.162991 0.898747 0.110482 0.200418 0.006073
0 0.332228 0.406837 0.0609019 0.0908142 0.00421524
23 0.421628 0.569024 0.214718 0.517484 0.00284576
23 0.454812 0.649791 0.606677 0.681628 0.00264168
0 0.0885224 0.441545 0.019715 0.146138 0.00232315
0 0.0859849 0.490605 0.169237 0.590814 0.00228691
0 0.0950616 0.428236 0.0417724 0.256263 0.00209045
23 0.302167 0.660621 0.267812 0.597338 0.00183868
0 0.0517764 0.515136 0.101796 0.474948 0.00178242
67 0.118095 0.279228 0.0140543 0.0323591 0.00164223
0 0.0899864 0.419624 0.0238142 0.22547 0.00154305
74 0.118095 0.279228 0.0140543 0.0323591 0.00144386
0 0.0623659 0.271986 0.121804 0.226383 0.00143242
0 0.0538259 0.613648 0.105505 0.507568 0.0011692
58 0.0886201 0.674843 0.0882297 0.469729 0.00113773
23 0.720672 0.545929 0.182706 0.430063 0.00110722
0 0.31466 0.412578 0.0296702 0.0871607 0.00109863
0 0.320125 0.414927 0.0335741 0.0908142 0.00108147
0 0.304119 0.417537 0.0445052 0.0981211 0.00105667
0 0.0924996 0.418841 0.0539235 0.320981 0.00101185
23 0.347843 0.651879 0.367754 0.688935 0.936035
23 0.760102 0.566806 0.260004 0.462422 0.911133
0 0.0562659 0.645094 0.112337 0.703549 0.884277
0 0.0650987 0.543319 0.127465 0.765136 0.348633
0 0.0539723 0.754697 0.105212 0.482255 0.31665
0 0.0618779 0.342445 0.122194 0.368346 0.0465393
26 0.162893 0.898747 0.110287 0.200418 0.00521851
0 0.332228 0.407098 0.0601211 0.0897704 0.00508118
0 0.0950372 0.428758 0.0410405 0.25 0.00358009
23 0.422507 0.569416 0.213742 0.518789 0.00322342
0 0.0885224 0.441284 0.019715 0.147704 0.00260162
23 0.446614 0.649791 0.588718 0.681628 0.00220871
0 0.0529964 0.676409 0.10365 0.44572 0.00217438
0 0.051386 0.514614 0.101015 0.469729 0.00193405
23 0.301045 0.659708 0.266153 0.592902 0.00188255
0 0.0898888 0.420146 0.0238142 0.226514 0.00168705
67 0.118095 0.279228 0.0140543 0.0323591 0.0016613
74 0.118095 0.279228 0.0140543 0.0323591 0.00153637
0 0.0933048 0.419102 0.0513372 0.317328 0.00149536
0 0.0857897 0.493215 0.168847 0.600209 0.00148392
23 0.719891 0.546973 0.182706 0.431107 0.00129414
0 0.31466 0.412317 0.0288893 0.0866388 0.00123501
0 0.320125 0.414927 0.0335741 0.0908142 0.00118351
58 0.0887177 0.672364 0.0880345 0.475731 0.00117874
0 0.304119 0.417537 0.0437244 0.0975992 0.00116539
0 0.0622195 0.279489 0.121511 0.240605 0.00103664
23 0.347648 0.651488 0.367363 0.688674 0.935059
23 0.759712 0.566806 0.260785 0.462422 0.906738
0 0.0563147 0.645094 0.112239 0.703549 0.883301
0 0.0650011 0.541754 0.127269 0.762004 0.346924
0 0.0539235 0.755741 0.10531 0.480167 0.341553
0 0.0618291 0.34238 0.122097 0.367432 0.0505066
0 0.332032 0.407098 0.0597307 0.0897704 0.00557709
26 0.162795 0.899269 0.110092 0.199374 0.00486755
0 0.0950616 0.428497 0.0409917 0.250522 0.00438309
23 0.422409 0.567328 0.213157 0.514614 0.00313568
0 0.0885224 0.441284 0.019715 0.147704 0.0026722
0 0.0529964 0.676409 0.10365 0.433194 0.00220871
0 0.0513372 0.514092 0.101113 0.465553 0.00213242
23 0.301045 0.658142 0.266153 0.590814 0.00186729
67 0.118095 0.279228 0.0140543 0.0323591 0.00184631
0 0.0936708 0.41858 0.0500196 0.31524 0.00177479
0 0.0898888 0.419624 0.0238142 0.226514 0.00170708
23 0.440758 0.650444 0.575445 0.680324 0.0016613
74 0.118095 0.279228 0.0140543 0.0323591 0.00156116
23 0.719111 0.547103 0.181144 0.431889 0.00154877
0 0.31466 0.412317 0.0288893 0.0866388 0.00141621
0 0.0859117 0.492693 0.168993 0.599165 0.00138283
0 0.304119 0.417537 0.0437244 0.0975992 0.00129414
0 0.320125 0.414927 0.0339645 0.0908142 0.00124931
58 0.0885956 0.67119 0.0878881 0.475992 0.00120163
23 0.347843 0.65227 0.369315 0.689196 0.958984
23 0.760883 0.566806 0.261566 0.463466 0.949219
0 0.0567051 0.646138 0.11302 0.700418 0.887695
0 0.0665626 0.548147 0.130002 0.776357 0.317383
0 0.0539723 0.790188 0.105602 0.409186 0.275879
0 0.0623659 0.359864 0.123561 0.404489 0.0133286
26 0.162991 0.899791 0.109701 0.197286 0.0050621
0 0.052362 0.675365 0.102577 0.475992 0.00227928
0 0.0537771 0.536534 0.105993 0.460334 0.0018177
0 0.331252 0.40475 0.0612923 0.0939458 0.0018034
67 0.1179 0.279228 0.0140543 0.0318372 0.00140476
0 0.0624635 0.263831 0.122194 0.210334 0.00135612
23 0.722234 0.544363 0.188952 0.426931 0.00121593
74 0.1179 0.279228 0.0140543 0.0318372 0.00112438
22 0.694516 0.522965 0.128831 0.379958 0.00109482
0 0.304119 0.418059 0.0460668 0.100209 0.00104427
0 0.321296 0.410491 0.0386493 0.0835073 0.00102806
