74 0.519922 0.299479 0.0648438 0.0927083 0.875
74 0.634375 0.316667 0.034375 0.0989583 0.806641
0 0.0114258 0.6625 0.0180664 0.0697917 0.00651169
74 0.633594 0.220313 0.034375 0.059375 0.00266266
9 0.0114258 0.6625 0.0180664 0.0697917 0.00212479
0 0.878125 0.855208 0.015625 0.0229167 0.00160408
73 0.136719 0.839583 0.0410156 0.05 0.00135136
74 0.513281 0.38125 0.0828125 0.0416667 0.0011692
73 0.145703 0.840104 0.0207031 0.0479167 0.00103188
74 0.520312 0.299479 0.065625 0.09375 0.873047
74 0.634375 0.316667 0.034375 0.0989583 0.819824
0 0.011377 0.6625 0.0180664 0.0697917 0.00582123
74 0.633594 0.220313 0.0335938 0.059375 0.00279999
9 0.011377 0.6625 0.0180664 0.0697917 0.00240517
0 0.878125 0.855208 0.015625 0.0229167 0.00178909
73 0.136914 0.839583 0.0410156 0.05 0.00153637
74 0.6375 0.223438 0.04375 0.0640625 0.00132465
74 0.5125 0.38125 0.084375 0.0427083 0.00129986
73 0.145703 0.840104 0.0207031 0.0479167 0.0011692
73 0.219531 0.826042 0.0472656 0.0520833 0.00110722
73 0.143164 0.840625 0.0128906 0.0479167 0.00106525
73 0.127344 0.841667 0.0324219 0.0479167 0.00101185
74 0.520312 0.299479 0.0648438 0.09375 0.892578
74 0.634375 0.316667 0.034375 0.0989583 0.848145
0 0.0113281 0.6625 0.0178711 0.06875 0.00475693
9 0.0115234 0.663021 0.01875 0.0697917 0.00359344
74 0.633594 0.220313 0.0328125 0.0583333 0.00318527
0 0.878125 0.855208 0.015625 0.021875 0.00195694
74 0.6375 0.223438 0.04375 0.0635417 0.00161076
73 0.136523 0.839583 0.0421875 0.05 0.0015974
74 0.512109 0.38125 0.0851563 0.04375 0.00150681
74 0.215625 0.751042 0.0617188 0.0572917 0.00129414
73 0.145703 0.839583 0.0207031 0.0479167 0.00118351
73 0.220313 0.826042 0.0460938 0.0520833 0.00113392
73 0.143164 0.840625 0.0130859 0.0479167 0.00112438
73 0.127148 0.841667 0.0320312 0.0479167 0.00106525
0 0.898438 0.846875 0.01875 0.0333333 0.00103664
74 0.520312 0.299479 0.0648438 0.0927083 0.910645
74 0.634766 0.316667 0.0335938 0.0989583 0.872559
9 0.0113281 0.663021 0.0183594 0.0697917 0.00511932
74 0.632812 0.219531 0.0320312 0.0567708 0.00353813
0 0.0111816 0.6625 0.0175781 0.06875 0.00327301
0 0.878125 0.855208 0.015625 0.0208333 0.00221634
74 0.6375 0.223438 0.04375 0.0630208 0.00194168
74 0.511719 0.381771 0.0859375 0.0427083 0.00192642
73 0.135937 0.839583 0.0425781 0.05 0.00181007
74 0.215625 0.751042 0.0613281 0.05625 0.0017271
74 0.14043 0.7625 0.05625 0.0520833 0.00137806
73 0.143164 0.840104 0.0128906 0.046875 0.00132465
73 0.220703 0.826042 0.0445313 0.0520833 0.00129986
73 0.145605 0.839583 0.0205078 0.0479167 0.00127411
73 0.127734 0.841146 0.0332031 0.0479167 0.00124454
0 0.898438 0.846875 0.01875 0.0333333 0.00120163
73 0.131934 0.840625 0.0107422 0.0479167 0.00106525
74 0.520312 0.29974 0.0640625 0.0921875 0.921387
74 0.634766 0.316667 0.0335938 0.0989583 0.880859
9 0.0112305 0.663542 0.0180664 0.06875 0.00584412
74 0.631641 0.217708 0.0289063 0.053125 0.00316048
74 0.215625 0.751042 0.0609375 0.05625 0.00194168
74 0.514063 0.381771 0.0773438 0.0416667 0.00187492
9 0.0116943 0.652083 0.0192871 0.05 0.00186729
74 0.6375 0.222656 0.0421875 0.0614583 0.00186062
74 0.14043 0.7625 0.05625 0.0520833 0.00169373
73 0.138281 0.840625 0.0427734 0.05 0.00165462
0 0.878125 0.855208 0.015625 0.0208333 0.00158501
0 0.011084 0.663021 0.0173828 0.06875 0.00143814
73 0.213672 0.827083 0.0554687 0.0541667 0.00137806
73 0.143164 0.839583 0.0125 0.0479167 0.00130939
73 0.222266 0.825521 0.0417969 0.0520833 0.00126934
73 0.145703 0.840104 0.0199219 0.046875 0.00119209
74 0.546875 0.440625 0.0140625 0.0291667 0.00114727
73 0.127539 0.840625 0.0330078 0.0479167 0.0011425
73 0.131934 0.840625 0.0105469 0.046875 0.00100803
74 0.520312 0.3 0.0640625 0.0927083 0.922852
74 0.634766 0.316927 0.0335938 0.0984375 0.885742
9 0.0110352 0.663542 0.0177734 0.06875 0.00746155
74 0.63125 0.216667 0.0265625 0.05 0.00284576
9 0.0116699 0.640625 0.0191406 0.0270833 0.00252151
74 0.6375 0.221875 0.0421875 0.0604167 0.00181007
74 0.517969 0.381771 0.0609375 0.0395833 0.00167465
0 0.878125 0.855729 0.015625 0.0197917 0.00158501
74 0.547266 0.440625 0.0132813 0.0291667 0.00153065
74 0.140234 0.7625 0.0558594 0.0520833 0.00140476
74 0.215625 0.751042 0.0609375 0.05625 0.00136185
74 0.453906 0.245833 0.015625 0.0364583 0.00109005
74 0.453906 0.247396 0.0125 0.03125 0.00106907
0 0.897656 0.844792 0.0171875 0.0270833 0.00105286
73 0.13877 0.840625 0.0458984 0.05 0.00103188
74 0.520312 0.3 0.0640625 0.0916667 0.916016
74 0.634766 0.316927 0.0335938 0.0973958 0.872559
9 0.0109131 0.663021 0.0177246 0.06875 0.00641251
9 0.0116699 0.639583 0.0191406 0.0229167 0.00258064
74 0.630859 0.216146 0.0265625 0.05 0.00231361
74 0.547266 0.440625 0.0132813 0.0291667 0.00172043
0 0.878125 0.85625 0.015625 0.01875 0.00164223
74 0.6375 0.222135 0.0421875 0.0598958 0.00154877
74 0.517969 0.382292 0.053125 0.0375 0.0014782
0 0.898438 0.844792 0.01875 0.0270833 0.00109863
74 0.453906 0.247135 0.0125 0.03125 0.00108147
74 0.140137 0.7625 0.0560547 0.0520833 0.00102425
74 0.520312 0.3 0.0640625 0.0916667 0.891602
74 0.635156 0.316927 0.034375 0.0973958 0.847168
9 0.0108887 0.663542 0.0177734 0.06875 0.00441742
9 0.0116455 0.639063 0.0192383 0.0229167 0.00204277
74 0.547266 0.440625 0.0132813 0.0291667 0.00160408
0 0.878125 0.85625 0.015625 0.01875 0.00158501
74 0.630469 0.216146 0.025 0.0489583 0.00156689
74 0.51875 0.382292 0.05 0.0375 0.00129414
0 0.898438 0.844271 0.01875 0.0260417 0.00109005
74 0.637109 0.222396 0.0414063 0.059375 0.00107765
74 0.519922 0.299479 0.065625 0.09375 0.894043
74 0.635156 0.317188 0.034375 0.0979167 0.803223
9 0.0105469 0.663542 0.0166992 0.06875 0.00363541
9 0.0115479 0.65 0.0183105 0.0416667 0.00232315
0 0.878125 0.85625 0.015625 0.01875 0.00171375
74 0.547266 0.440625 0.0140625 0.0291667 0.00161648
9 0.0116699 0.639583 0.0193359 0.0229167 0.00154877
74 0.630078 0.216406 0.025 0.0479167 0.00129986
74 0.51875 0.382292 0.05 0.0385417 0.00121117
0 0.898438 0.844792 0.01875 0.0270833 0.0011692
74 0.519922 0.299479 0.065625 0.09375 0.915039
74 0.634375 0.316146 0.0335938 0.096875 0.799316
9 0.0105957 0.663542 0.016748 0.06875 0.00337601
9 0.0115723 0.654167 0.0183594 0.05 0.00200272
74 0.547656 0.440625 0.0140625 0.0291667 0.00181007
0 0.878125 0.855729 0.015625 0.0197917 0.0016613
74 0.51875 0.382292 0.046875 0.0385417 0.00129986
0 0.898438 0.844792 0.01875 0.0270833 0.00118828
9 0.0116211 0.639583 0.0193359 0.0229167 0.00117397
74 0.630078 0.216667 0.0242188 0.0479167 0.00104809
74 0.519922 0.299479 0.0648438 0.09375 0.94873
74 0.634375 0.316406 0.0328125 0.0973958 0.863281
9 0.0105469 0.663542 0.0163086 0.0677083 0.00367928
74 0.547656 0.441146 0.0140625 0.0291667 0.00227928
9 0.0115479 0.654167 0.0180664 0.0520833 0.00197983
0 0.878125 0.855208 0.015625 0.0208333 0.00138283
74 0.516797 0.382292 0.040625 0.0375 0.00129986
0 0.898438 0.844792 0.01875 0.028125 0.00106907
67 0.634375 0.316927 0.034375 0.0973958 0.00104046
9 0.0116699 0.639063 0.0191406 0.0229167 0.00101662
74 0.520312 0.3 0.0640625 0.0927083 0.960449
74 0.634375 0.316667 0.0328125 0.096875 0.878906
9 0.0106934 0.663542 0.0162109 0.0677083 0.00290108
74 0.547656 0.440625 0.0125 0.0291667 0.00214005
67 0.634375 0.317188 0.034375 0.096875 0.00141621
74 0.516406 0.382292 0.0390625 0.0375 0.00125504
0 0.878125 0.855208 0.015625 0.0208333 0.00106049
74 0.520312 0.3 0.0640625 0.0916667 0.965332
74 0.634375 0.316667 0.0328125 0.096875 0.88623
9 0.0107178 0.663542 0.0161621 0.0677083 0.00252151
74 0.547656 0.440625 0.0132813 0.0291667 0.00194168
67 0.634375 0.317188 0.0335938 0.0958333 0.00176144
74 0.517188 0.382292 0.0421875 0.0375 0.0011425
0 0.878125 0.855208 0.015625 0.0208333 0.00103664
74 0.520312 0.3 0.0640625 0.090625 0.970703
74 0.634375 0.316667 0.0320312 0.096875 0.894043
67 0.634375 0.317188 0.0328125 0.0958333 0.00235939
9 0.0108154 0.663542 0.0162598 0.0666667 0.00199509
74 0.547656 0.440625 0.0132813 0.0291667 0.0016613
74 0.518359 0.382292 0.0453125 0.0375 0.00110722
74 0.520312 0.3 0.0640625 0.0895833 0.972656
74 0.634375 0.316667 0.0320312 0.096875 0.894043
67 0.634375 0.317188 0.0328125 0.0958333 0.00293541
9 0.010791 0.663542 0.0162109 0.0666667 0.0020504
74 0.547656 0.440625 0.0132813 0.0291667 0.00148964
74 0.518359 0.382292 0.0445313 0.0375 0.00119686
74 0.453906 0.245833 0.0148437 0.0354167 0.00100803
74 0.519922 0.3 0.0632813 0.090625 0.974609
74 0.634375 0.316667 0.03125 0.096875 0.888184
67 0.634375 0.317188 0.0328125 0.0958333 0.00365067
9 0.0106934 0.663542 0.0162109 0.0666667 0.00182438
74 0.519141 0.382292 0.046875 0.0375 0.00131512
54 0.520312 0.301042 0.0625 0.0875 0.00118828
74 0.547656 0.441146 0.0132813 0.028125 0.00113773
0 0.878125 0.853646 0.015625 0.0239583 0.00101185
74 0.519922 0.30026 0.0632813 0.0911458 0.972656
74 0.633984 0.316667 0.0320312 0.096875 0.869629
67 0.633984 0.317188 0.0328125 0.0958333 0.00407028
9 0.0105957 0.663542 0.0162109 0.0666667 0.00186729
54 0.520312 0.301042 0.0625 0.0875 0.00144386
74 0.51875 0.381771 0.0453125 0.0375 0.00133038
0 0.878125 0.853125 0.015625 0.025 0.00123501
74 0.453516 0.245833 0.0148437 0.0354167 0.00107288
74 0.547656 0.441146 0.0140625 0.028125 0.00102425
9 0.0118164 0.65625 0.01875 0.05625 0.00101662
74 0.519531 0.3 0.0640625 0.0916667 0.970215
74 0.633984 0.318229 0.0328125 0.0979167 0.864258
67 0.633594 0.317188 0.0328125 0.0958333 0.00460815
9 0.010498 0.663542 0.0161133 0.0666667 0.00183868
54 0.520312 0.301042 0.0625 0.0875 0.00165462
0 0.878125 0.853125 0.015625 0.025 0.0014782
74 0.51875 0.381771 0.0453125 0.0375 0.00117397
9 0.0117676 0.651042 0.01875 0.0458333 0.00112915
0 0.898438 0.845313 0.0203125 0.028125 0.00106907
74 0.453516 0.245833 0.0148437 0.0354167 0.00103664
74 0.519531 0.300521 0.0632813 0.0916667 0.965332
74 0.633984 0.318229 0.0328125 0.0979167 0.884277
67 0.633594 0.317188 0.0335938 0.0958333 0.00516129
9 0.0103516 0.663542 0.0160156 0.065625 0.0017004
54 0.520312 0.301042 0.0625 0.0875 0.00156689
0 0.878125 0.853125 0.015625 0.025 0.00147247
74 0.453516 0.245833 0.015625 0.0354167 0.00108147
0 0.898438 0.845833 0.0203125 0.0291667 0.00108147
9 0.0116943 0.647917 0.0188965 0.0385417 0.00106525
74 0.519531 0.381771 0.0476562 0.0375 0.00105667
74 0.519531 0.300521 0.0640625 0.0916667 0.956543
74 0.633984 0.317969 0.0328125 0.0973958 0.887207
67 0.633594 0.317708 0.0328125 0.0958333 0.00530243
9 0.0104004 0.663542 0.0161621 0.0666667 0.00161648
0 0.878125 0.853125 0.015625 0.025 0.00161076
0 0.898438 0.845833 0.0203125 0.0291667 0.00124454
54 0.520312 0.301042 0.0625 0.0875 0.00123501
9 0.0117432 0.648958 0.0189941 0.0416667 0.00105667
74 0.519531 0.300521 0.0640625 0.0916667 0.950195
74 0.633984 0.317969 0.0328125 0.0973958 0.896484
67 0.633594 0.317708 0.0328125 0.0958333 0.00544739
0 0.878125 0.852604 0.0171875 0.0260417 0.00188923
9 0.0103516 0.663542 0.015918 0.065625 0.0016613
0 0.898438 0.845833 0.0203125 0.0291667 0.00161648
54 0.520312 0.301042 0.0625 0.0875 0.00118351
9 0.0117676 0.645833 0.0188477 0.0354167 0.0011034
74 0.519531 0.300521 0.0640625 0.0916667 0.946777
74 0.633594 0.317708 0.0328125 0.096875 0.898926
67 0.633594 0.317708 0.0328125 0.0958333 0.00570679
0 0.878125 0.852083 0.0171875 0.0270833 0.00227928
0 0.898438 0.845833 0.0203125 0.0291667 0.00201988
9 0.0103516 0.663542 0.0157227 0.065625 0.00162315
9 0.0118164 0.644792 0.01875 0.0333333 0.0011158
0 0.877344 0.848958 0.0203125 0.0333333 0.00109863
54 0.520312 0.301042 0.0625 0.0875 0.00107765
74 0.521094 0.381771 0.0554687 0.0395833 0.00107288
74 0.453516 0.245573 0.015625 0.0364583 0.00102425
74 0.519922 0.300781 0.0632813 0.0869792 0.945312
74 0.633594 0.317448 0.03125 0.0963542 0.893066
67 0.633594 0.317708 0.0328125 0.0958333 0.00557709
0 0.878125 0.852604 0.0171875 0.0270833 0.00264168
0 0.898438 0.845833 0.0203125 0.0291667 0.00235939
9 0.0108154 0.663542 0.0172852 0.0666667 0.00167465
0 0.877344 0.848958 0.0203125 0.0333333 0.00128937
9 0.0118408 0.646875 0.0186523 0.0375 0.00119209
74 0.520703 0.382292 0.0570313 0.0395833 0.0011158
74 0.453125 0.245573 0.015625 0.0364583 0.00106049
54 0.519922 0.300781 0.0632813 0.0869792 0.00100803
74 0.519922 0.301042 0.0632813 0.0864583 0.942871
74 0.633594 0.317188 0.0320312 0.0958333 0.884766
67 0.633203 0.317708 0.0335938 0.0958333 0.00530243
0 0.878125 0.852083 0.0171875 0.0270833 0.00287819
0 0.898438 0.845833 0.0203125 0.0302083 0.00253105
9 0.0108643 0.663542 0.0172363 0.0666667 0.00168133
0 0.876563 0.848958 0.021875 0.0333333 0.00142097
9 0.0118652 0.648438 0.0185547 0.0395833 0.00116539
74 0.453125 0.245833 0.015625 0.0364583 0.00109863
74 0.520703 0.382292 0.0601563 0.040625 0.00102806
74 0.519531 0.301042 0.0640625 0.0864583 0.946777
74 0.633594 0.317188 0.0320312 0.0958333 0.890137
67 0.633203 0.317708 0.0335938 0.0958333 0.00511932
0 0.878125 0.852083 0.01875 0.0270833 0.00307465
0 0.898438 0.845833 0.0203125 0.0291667 0.0026207
9 0.0108887 0.663542 0.0170898 0.0666667 0.00157928
0 0.876563 0.848958 0.021875 0.0333333 0.00154877
9 0.0118652 0.647917 0.018457 0.0395833 0.00111198
38 0.633594 0.316667 0.0328125 0.0979167 0.00101662
74 0.453125 0.245833 0.015625 0.0359375 0.00101185
74 0.519531 0.300781 0.0640625 0.0859375 0.953125
74 0.633594 0.317188 0.0320312 0.0958333 0.900391
67 0.633594 0.317188 0.0328125 0.0958333 0.00516129
0 0.877344 0.852083 0.0171875 0.0270833 0.00307465
0 0.898438 0.845833 0.0203125 0.0291667 0.0024929
0 0.877344 0.848958 0.021875 0.0333333 0.00154877
9 0.0109375 0.663542 0.0170898 0.0666667 0.00133514
38 0.633594 0.316667 0.0328125 0.0979167 0.0011158
74 0.519922 0.300781 0.0632813 0.0859375 0.959473
74 0.633594 0.317188 0.0320312 0.0958333 0.911621
67 0.633594 0.317188 0.0328125 0.0958333 0.00547028
0 0.878125 0.852083 0.015625 0.0270833 0.00314713
0 0.898438 0.845833 0.01875 0.0291667 0.00232315
0 0.878125 0.848958 0.021875 0.0333333 0.00146103
74 0.453125 0.245833 0.015625 0.0354167 0.0012064
38 0.633984 0.316667 0.0320312 0.0979167 0.00118828
9 0.0108643 0.663542 0.0168457 0.0666667 0.00105667
74 0.519922 0.301042 0.0632813 0.0864583 0.964355
74 0.633594 0.316927 0.0320312 0.0963542 0.919434
67 0.633594 0.317448 0.0328125 0.0963542 0.00602722
0 0.878125 0.852083 0.015625 0.0270833 0.00370789
0 0.898438 0.845833 0.01875 0.0291667 0.002388
0 0.878125 0.848958 0.021875 0.0333333 0.00168705
74 0.453125 0.245833 0.015625 0.0354167 0.00116539
38 0.633984 0.316667 0.0320312 0.0979167 0.00116539
74 0.520312 0.382292 0.0578125 0.0416667 0.00109005
74 0.520312 0.301042 0.0625 0.0864583 0.96582
74 0.633594 0.317188 0.0328125 0.096875 0.920898
67 0.633594 0.317188 0.0328125 0.096875 0.00619125
0 0.878125 0.852083 0.015625 0.0270833 0.00479126
0 0.898438 0.845833 0.01875 0.0291667 0.00294685
0 0.877344 0.848958 0.0203125 0.0333333 0.00219154
74 0.453125 0.245833 0.015625 0.0354167 0.00129986
74 0.520703 0.382292 0.0578125 0.0416667 0.00129414
38 0.633594 0.317188 0.03125 0.0979167 0.00113773
74 0.547656 0.441146 0.0132813 0.0291667 0.00109482
74 0.520312 0.301042 0.0625 0.0864583 0.962891
74 0.633594 0.317188 0.0328125 0.096875 0.913574
67 0.633594 0.317708 0.0328125 0.096875 0.00661469
0 0.878125 0.852083 0.015625 0.0270833 0.00568771
0 0.898438 0.845833 0.01875 0.0291667 0.00329781
0 0.877344 0.848958 0.0203125 0.0333333 0.0026207
74 0.453125 0.246094 0.015625 0.0348958 0.00158501
74 0.520703 0.381771 0.0585938 0.0416667 0.00143242
74 0.547656 0.441146 0.0132813 0.0291667 0.0011692
38 0.634375 0.317188 0.03125 0.0989583 0.00113392
74 0.520312 0.301042 0.0625 0.0864583 0.956543
74 0.633594 0.317188 0.0328125 0.0979167 0.904785
67 0.633594 0.317708 0.0328125 0.096875 0.00709534
0 0.878125 0.852083 0.015625 0.0270833 0.00674438
0 0.898438 0.845833 0.01875 0.0291667 0.00382423
0 0.877344 0.848958 0.0203125 0.0322917 0.00328636
74 0.453125 0.246094 0.0148437 0.0348958 0.00170708
74 0.520312 0.382292 0.0609375 0.0416667 0.00143242
74 0.547656 0.441146 0.0132813 0.0291667 0.00129414
38 0.634375 0.317188 0.03125 0.0989583 0.00103664
74 0.519922 0.301042 0.0625 0.0875 0.95166
74 0.633594 0.317188 0.0328125 0.0979167 0.898438
0 0.878125 0.852083 0.015625 0.0270833 0.00818634
67 0.633984 0.317708 0.0335938 0.096875 0.00706482
0 0.898438 0.845833 0.01875 0.0291667 0.00446701
0 0.877344 0.848958 0.0203125 0.0322917 0.00426483
74 0.453125 0.246094 0.015625 0.0348958 0.00172043
74 0.520312 0.382292 0.0609375 0.0416667 0.00138855
74 0.547656 0.441146 0.0132813 0.0291667 0.00124454
38 0.634375 0.317188 0.0320312 0.0989583 0.00100422
74 0.519922 0.301042 0.0625 0.0864583 0.947754
74 0.633984 0.317188 0.0320312 0.0979167 0.889648
0 0.878125 0.852083 0.015625 0.0270833 0.00937653
67 0.633984 0.317708 0.0335938 0.096875 0.00669098
0 0.877344 0.848958 0.0203125 0.0322917 0.00524139
0 0.898438 0.845833 0.01875 0.0291667 0.00494385
74 0.453125 0.246094 0.015625 0.0348958 0.0016489
74 0.519922 0.381771 0.0640625 0.0427083 0.00130463
74 0.547656 0.441146 0.0132813 0.0291667 0.00118828
0 0.678906 0.867708 0.0171875 0.03125 0.00112057
74 0.519922 0.301042 0.0625 0.0864583 0.942871
74 0.633984 0.317188 0.0320312 0.0979167 0.879883
0 0.878125 0.852083 0.015625 0.0270833 0.0109482
67 0.634375 0.317448 0.0328125 0.0963542 0.00734711
0 0.877344 0.848958 0.0203125 0.03125 0.00641251
0 0.898438 0.845833 0.01875 0.0291667 0.00609589
74 0.453125 0.246354 0.015625 0.034375 0.0018177
74 0.520312 0.381771 0.0640625 0.0427083 0.00137234
74 0.547656 0.441146 0.0140625 0.0291667 0.00132465
0 0.678906 0.867708 0.0171875 0.03125 0.00121117
74 0.519922 0.301042 0.0625 0.0864583 0.941895
74 0.634375 0.317188 0.0328125 0.0979167 0.878906
0 0.878125 0.852083 0.015625 0.0270833 0.0119171
67 0.634375 0.317448 0.0328125 0.0963542 0.00723267
0 0.877344 0.848958 0.0203125 0.03125 0.00717545
0 0.898438 0.845833 0.0203125 0.0291667 0.00674438
74 0.453125 0.246354 0.015625 0.034375 0.00190449
74 0.547656 0.441667 0.0140625 0.0291667 0.00143814
74 0.520703 0.382292 0.0609375 0.0416667 0.00138855
0 0.678906 0.867708 0.0171875 0.03125 0.00132465
0 0.851562 0.848958 0.01875 0.03125 0.00106049
74 0.519922 0.301042 0.0625 0.0864583 0.946777
74 0.634375 0.317188 0.0328125 0.0979167 0.884766
0 0.878125 0.852083 0.015625 0.0270833 0.0141754
0 0.877344 0.848958 0.0203125 0.03125 0.00878143
0 0.898438 0.845833 0.01875 0.0291667 0.00775528
67 0.633984 0.317188 0.0335938 0.0958333 0.00769424
74 0.453125 0.246354 0.015625 0.034375 0.00208282
74 0.547656 0.441146 0.0140625 0.028125 0.00167465
74 0.521094 0.382292 0.059375 0.0416667 0.00163555
0 0.678906 0.867708 0.0164063 0.03125 0.00157356
0 0.851562 0.848958 0.01875 0.03125 0.00123024
74 0.510938 0.383333 0.0890625 0.0416667 0.00112057
9 0.0118652 0.651042 0.0186523 0.0458333 0.00104046
0 0.904688 0.945833 0.025 0.0333333 0.00101662
74 0.519922 0.301042 0.0625 0.0864583 0.948242
74 0.633984 0.317188 0.0328125 0.0979167 0.88623
0 0.878125 0.852083 0.015625 0.0270833 0.0164032
0 0.877344 0.849479 0.0203125 0.03125 0.0102081
0 0.898438 0.845833 0.01875 0.0291667 0.00898743
67 0.633984 0.317188 0.0335938 0.0958333 0.00818634
74 0.453125 0.246615 0.015625 0.0338542 0.00227928
74 0.547656 0.441146 0.0140625 0.028125 0.00184631
0 0.678906 0.867708 0.0164063 0.03125 0.00174141
74 0.521094 0.382292 0.0578125 0.0416667 0.00168133
0 0.851562 0.849479 0.01875 0.03125 0.00146675
0 0.904688 0.944792 0.025 0.0333333 0.00123501
74 0.510938 0.383333 0.0890625 0.0416667 0.00112915
9 0.011792 0.649479 0.0186035 0.0416667 0.0011034
74 0.629687 0.215104 0.0210938 0.0427083 0.00105286
74 0.519531 0.301042 0.0625 0.0864583 0.948242
74 0.633984 0.317188 0.0328125 0.0979167 0.888184
0 0.878125 0.852083 0.015625 0.0270833 0.0173035
0 0.877344 0.849479 0.0203125 0.03125 0.0108566
0 0.898438 0.845833 0.01875 0.0291667 0.00898743
67 0.633594 0.317188 0.0328125 0.0958333 0.0086441
74 0.453125 0.246875 0.0140625 0.0333333 0.00248146
74 0.547656 0.441667 0.0140625 0.0291667 0.00187492
0 0.678906 0.867708 0.015625 0.03125 0.00186062
74 0.521094 0.381771 0.0578125 0.040625 0.00175476
0 0.851562 0.849479 0.01875 0.03125 0.00149536
74 0.510938 0.383333 0.0890625 0.0416667 0.00118828
0 0.904688 0.945833 0.025 0.0333333 0.00115585
0 0.0108154 0.6625 0.0164551 0.06875 0.00113773
9 0.0117188 0.649479 0.0185547 0.040625 0.0011158
74 0.629297 0.215104 0.0210938 0.0427083 0.00111198
38 0.634375 0.317188 0.0320312 0.0979167 0.00108147
67 0.519922 0.301302 0.0640625 0.0880208 0.00100422
74 0.519531 0.301302 0.0625 0.0859375 0.947266
74 0.633984 0.317188 0.0328125 0.0979167 0.88623
0 0.878125 0.852083 0.015625 0.0270833 0.0200653
0 0.877344 0.849479 0.0203125 0.03125 0.0127258
0 0.898438 0.845833 0.01875 0.0291667 0.0102463
67 0.633594 0.317188 0.0328125 0.096875 0.00930023
74 0.453125 0.246875 0.0140625 0.0333333 0.00271416
0 0.678906 0.867708 0.015625 0.03125 0.00214958
74 0.547266 0.441667 0.0132813 0.0291667 0.00198746
0 0.851562 0.849479 0.01875 0.03125 0.00186062
74 0.521094 0.381771 0.0578125 0.040625 0.00178242
0 0.904688 0.945833 0.025 0.0333333 0.00130939
0 0.0108154 0.6625 0.0165527 0.06875 0.0012598
9 0.0116943 0.648438 0.0185059 0.0385417 0.00122547
74 0.629687 0.215104 0.0203125 0.0427083 0.00117397
74 0.510938 0.383333 0.0890625 0.0416667 0.00117397
38 0.634375 0.317188 0.03125 0.0979167 0.00116539
67 0.520312 0.301823 0.0640625 0.0880208 0.0011034
0 0.889844 0.846875 0.0171875 0.0322917 0.00107288
0 0.654688 0.864063 0.0195312 0.040625 0.00104046
74 0.519922 0.301042 0.0632813 0.0864583 0.944824
74 0.633984 0.317188 0.0328125 0.0979167 0.883301
0 0.878125 0.852083 0.015625 0.0270833 0.0195007
0 0.877344 0.849479 0.0203125 0.03125 0.0122375
0 0.898438 0.845833 0.01875 0.0291667 0.00978088
67 0.633594 0.317188 0.0328125 0.096875 0.00952148
74 0.453125 0.246875 0.0140625 0.0333333 0.0027256
0 0.678906 0.867708 0.015625 0.03125 0.00205803
74 0.547656 0.441667 0.0140625 0.0291667 0.00191879
0 0.851562 0.849479 0.01875 0.03125 0.00183105
74 0.521094 0.382292 0.0601563 0.0416667 0.00178909
0 0.904688 0.945833 0.025 0.0333333 0.00127411
74 0.629687 0.215625 0.021875 0.04375 0.00123501
0 0.0108398 0.6625 0.0166016 0.06875 0.00123501
38 0.634375 0.317188 0.03125 0.0979167 0.00123024
0 0.889063 0.846875 0.015625 0.0322917 0.00123024
9 0.0116699 0.647917 0.0185547 0.0395833 0.00122547
74 0.510938 0.383333 0.0898438 0.0416667 0.00116539
67 0.520312 0.302083 0.0640625 0.0885417 0.0011425
74 0.519531 0.301042 0.0625 0.0864583 0.947754
74 0.633984 0.317448 0.0328125 0.0973958 0.887207
0 0.878125 0.853125 0.015625 0.0270833 0.0240479
0 0.878125 0.85 0.01875 0.03125 0.0142288
0 0.898438 0.845833 0.01875 0.0291667 0.0118256
67 0.633594 0.317188 0.0328125 0.096875 0.00959778
74 0.453125 0.246875 0.0140625 0.0333333 0.00421524
0 0.679688 0.867708 0.015625 0.03125 0.00288963
0 0.0108398 0.6625 0.016748 0.06875 0.00226021
0 0.889063 0.846875 0.015625 0.03125 0.00220871
74 0.520703 0.381771 0.0609375 0.0416667 0.00199509
0 0.904688 0.945833 0.025 0.03125 0.00164223
74 0.547656 0.441667 0.0140625 0.0291667 0.00156689
0 0.851562 0.85 0.01875 0.0302083 0.00154877
74 0.629687 0.214844 0.021875 0.04375 0.00146103
54 0.633594 0.317188 0.0328125 0.096875 0.00133514
38 0.634375 0.317188 0.03125 0.0979167 0.00130463
0 0.678125 0.865625 0.0203125 0.0333333 0.00126457
74 0.510938 0.383333 0.0890625 0.0416667 0.00123501
0 0.654688 0.864063 0.0195312 0.040625 0.0011692
9 0.0116211 0.652083 0.0186523 0.0458333 0.00113773
0 0.990625 0.635417 0.015625 0.0291667 0.00109482
0 0.890625 0.657292 0.0125 0.01875 0.00101185
74 0.519531 0.301563 0.0625 0.0864583 0.949707
74 0.634375 0.317448 0.0328125 0.0973958 0.88623
0 0.878125 0.853125 0.015625 0.0260417 0.026413
0 0.878125 0.85 0.01875 0.03125 0.014389
0 0.898438 0.845833 0.01875 0.0291667 0.0128708
67 0.633594 0.317188 0.0328125 0.096875 0.00930023
74 0.453125 0.246354 0.0140625 0.0333333 0.0053215
0 0.679688 0.867708 0.0148437 0.03125 0.00362206
0 0.889063 0.846875 0.015625 0.0302083 0.00318527
0 0.0108887 0.6625 0.0168945 0.06875 0.00296974
74 0.520312 0.381771 0.0632813 0.0416667 0.00192642
0 0.904688 0.945833 0.025 0.03125 0.00182438
54 0.633594 0.317188 0.0328125 0.096875 0.00161076
74 0.629687 0.214063 0.0203125 0.0427083 0.00144958
0 0.678516 0.865625 0.0203125 0.0333333 0.00142097
0 0.990625 0.635417 0.015625 0.0291667 0.00129986
38 0.634375 0.317188 0.03125 0.0979167 0.00129414
0 0.654688 0.863542 0.0195312 0.0416667 0.00125504
0 0.851562 0.850521 0.01875 0.0302083 0.0012064
0 0.891406 0.657813 0.0125 0.0177083 0.00120163
74 0.547656 0.441667 0.0140625 0.0302083 0.00117874
74 0.510938 0.383333 0.0898438 0.0427083 0.00112438
54 0.519531 0.301563 0.0625 0.0864583 0.00111198
0 0.789844 0.848958 0.0203125 0.0458333 0.00104809
0 0.903125 0.838542 0.021875 0.0416667 0.00102806
11 0.0118896 0.639063 0.0192871 0.0229167 0.00102425
74 0.519531 0.301563 0.0625 0.0864583 0.953125
74 0.634375 0.317708 0.0328125 0.096875 0.891113
0 0.878125 0.853646 0.015625 0.025 0.0238647
0 0.878125 0.850521 0.01875 0.0302083 0.011734
0 0.899219 0.845833 0.01875 0.0291667 0.0115051
67 0.633594 0.317188 0.0328125 0.096875 0.0086441
74 0.453125 0.246354 0.0140625 0.034375 0.00626373
0 0.679688 0.867708 0.0148437 0.03125 0.00387001
0 0.0108887 0.661979 0.0168945 0.0697917 0.00313568
0 0.889063 0.846875 0.015625 0.03125 0.00290108
74 0.520312 0.381771 0.065625 0.0427083 0.00203514
54 0.633594 0.317188 0.0328125 0.096875 0.00179577
0 0.904688 0.945833 0.025 0.0291667 0.00155449
0 0.678516 0.865625 0.0203125 0.0333333 0.00139427
54 0.519531 0.301563 0.0625 0.0864583 0.00134087
0 0.789844 0.848958 0.0203125 0.0458333 0.00133514
2 0.878125 0.853646 0.015625 0.025 0.00132465
38 0.634375 0.317188 0.03125 0.0979167 0.00131512
74 0.629297 0.213542 0.0203125 0.0421875 0.00130939
0 0.990625 0.635938 0.015625 0.0302083 0.0012207
0 0.891406 0.657813 0.0125 0.0177083 0.00117397
74 0.510938 0.383333 0.0898438 0.04375 0.00115108
0 0.654688 0.863542 0.0195312 0.0416667 0.00114727
74 0.519531 0.301563 0.0625 0.0864583 0.954102
74 0.634375 0.317708 0.0328125 0.096875 0.894043
0 0.878125 0.854167 0.015625 0.025 0.0227661
0 0.899219 0.845833 0.01875 0.0291667 0.0107346
0 0.878125 0.850521 0.01875 0.0302083 0.0101318
67 0.633594 0.317188 0.0328125 0.096875 0.00772476
74 0.453125 0.246354 0.0140625 0.034375 0.0069313
0 0.679688 0.867708 0.0148437 0.03125 0.00400543
0 0.0108398 0.661979 0.0168945 0.0697917 0.00294685
0 0.889063 0.846875 0.015625 0.03125 0.00286674
54 0.634375 0.317188 0.0320312 0.0979167 0.00188923
74 0.519531 0.381771 0.0671875 0.0427083 0.0018177
2 0.878125 0.854167 0.015625 0.025 0.00156116
54 0.519531 0.301563 0.0625 0.0864583 0.00150681
0 0.789844 0.848958 0.0203125 0.0458333 0.00149536
0 0.904688 0.945833 0.0234375 0.0291667 0.00143242
38 0.634375 0.317188 0.0320312 0.0979167 0.00131989
0 0.678516 0.866667 0.0203125 0.0333333 0.00123978
74 0.628906 0.213021 0.0203125 0.0416667 0.00118828
0 0.991406 0.635938 0.015625 0.0302083 0.00109005
0 0.891406 0.658333 0.0125 0.0166667 0.00103188
74 0.510938 0.383333 0.0898438 0.04375 0.00101185
74 0.519531 0.301563 0.0625 0.0864583 0.956055
74 0.634375 0.317708 0.0328125 0.096875 0.897461
0 0.878125 0.854688 0.015625 0.0239583 0.0209198
0 0.899219 0.846354 0.01875 0.0291667 0.00945282
0 0.878125 0.851042 0.01875 0.03125 0.00831604
74 0.453125 0.246094 0.0140625 0.034375 0.00712204
67 0.633594 0.317188 0.0328125 0.096875 0.0069313
0 0.679688 0.867708 0.0148437 0.03125 0.00428009
0 0.0108887 0.661458 0.0169922 0.0708333 0.00279999
0 0.889063 0.846875 0.015625 0.03125 0.00269318
54 0.634375 0.317188 0.0320312 0.0979167 0.00201988
2 0.878125 0.854688 0.015625 0.0239583 0.00185299
74 0.519531 0.381771 0.0671875 0.0427083 0.00182438
54 0.519531 0.301563 0.0625 0.0864583 0.00174141
60 0.779688 1 0.440625 0 0.00168705
0 0.904688 0.945833 0.0234375 0.0291667 0.0015192
0 0.789062 0.848958 0.021875 0.0479167 0.0015192
38 0.634375 0.317188 0.0320312 0.0979167 0.00131512
0 0.678125 0.866146 0.0203125 0.0322917 0.0011692
74 0.628906 0.2125 0.01875 0.040625 0.00107288
2 0.717969 0.559375 0.0171875 0.0125 0.00102806
74 0.519531 0.301563 0.0625 0.0864583 0.95752
74 0.634375 0.317708 0.0328125 0.096875 0.900391
0 0.878125 0.855208 0.015625 0.0229167 0.0195007
0 0.899219 0.846354 0.01875 0.0291667 0.00861359
74 0.453125 0.245833 0.0140625 0.034375 0.00734711
0 0.878125 0.851042 0.01875 0.03125 0.00728989
67 0.633594 0.317188 0.0328125 0.096875 0.00634003
0 0.679688 0.867708 0.0140625 0.03125 0.00419998
0 0.889063 0.846875 0.015625 0.03125 0.00247192
0 0.0108643 0.661458 0.0169434 0.0708333 0.00242424
54 0.634375 0.317188 0.0320312 0.0979167 0.00209999
2 0.878125 0.855208 0.015625 0.0229167 0.00208282
54 0.519531 0.301563 0.0625 0.0864583 0.0019722
60 0.780078 1 0.439844 0 0.00189686
74 0.519531 0.381771 0.0671875 0.0427083 0.00187492
60 0.446875 1 0.89375 0 0.00186062
0 0.789062 0.848958 0.021875 0.0479167 0.0015192
0 0.904688 0.945833 0.0234375 0.0291667 0.00147247
38 0.634375 0.317188 0.0320312 0.0979167 0.00134563
2 0.717969 0.559375 0.0171875 0.0125 0.00122547
0 0.678516 0.866146 0.0203125 0.0322917 0.00108147
74 0.449219 0.24375 0.015625 0.0411458 0.00105667
74 0.519531 0.301563 0.0625 0.0864583 0.958008
74 0.634375 0.317708 0.0328125 0.096875 0.899902
0 0.878125 0.855208 0.015625 0.0229167 0.0195618
0 0.899219 0.846354 0.01875 0.0291667 0.00861359
74 0.453125 0.245833 0.0140625 0.034375 0.00787354
0 0.878125 0.851042 0.01875 0.03125 0.00714874
67 0.634375 0.317188 0.0328125 0.096875 0.00598145
0 0.679688 0.867708 0.0140625 0.03125 0.00432968
0 0.889063 0.846875 0.015625 0.03125 0.00256157
0 0.0108398 0.661458 0.0168945 0.0708333 0.002388
2 0.878125 0.855208 0.015625 0.0229167 0.00210762
54 0.634375 0.317188 0.0320312 0.0979167 0.00210762
54 0.519531 0.301563 0.0625 0.0864583 0.00206757
74 0.519531 0.381771 0.0664062 0.0427083 0.00194931
60 0.781055 1 0.437891 0 0.00185299
60 0.49375 0 0.73125 0 0.00172043
60 0.452344 1 0.904688 0 0.00168133
0 0.789844 0.848958 0.021875 0.0479167 0.00155449
0 0.904688 0.945833 0.0234375 0.0291667 0.00149536
2 0.717969 0.559375 0.0164063 0.0125 0.00140476
38 0.634375 0.317188 0.0320312 0.0979167 0.00133514
74 0.449219 0.24375 0.015625 0.0411458 0.00119209
74 0.628906 0.211719 0.01875 0.0390625 0.00106907
0 0.678516 0.866146 0.0195312 0.0322917 0.00106907
74 0.511719 0.383333 0.0890625 0.04375 0.00102425
60 0.904688 1 0.190625 0 0.00101662
74 0.519531 0.301563 0.0625 0.0864583 0.95752
74 0.634375 0.317708 0.0328125 0.096875 0.899902
0 0.878125 0.855208 0.015625 0.0229167 0.0205688
0 0.899219 0.846354 0.01875 0.0291667 0.00881195
74 0.453125 0.245833 0.0140625 0.034375 0.00821686
0 0.878125 0.851042 0.01875 0.03125 0.00748825
67 0.634375 0.317188 0.0328125 0.096875 0.00570679
0 0.679688 0.867708 0.0140625 0.03125 0.00446701
0 0.888281 0.846875 0.015625 0.03125 0.00271416
0 0.010791 0.661458 0.0167969 0.0708333 0.002388
60 0.495313 0 0.75625 0 0.00237846
54 0.634375 0.317188 0.03125 0.096875 0.00206757
54 0.519531 0.301563 0.0625 0.0864583 0.0020504
74 0.519531 0.381771 0.065625 0.0427083 0.00195694
2 0.878125 0.855208 0.015625 0.0229167 0.00195694
60 0.78125 1 0.4375 0 0.00185299
60 0.455469 1 0.910937 0 0.0016613
0 0.904688 0.945833 0.0234375 0.0291667 0.00157928
0 0.789844 0.848958 0.021875 0.0479167 0.00157356
2 0.717969 0.559375 0.015625 0.0114583 0.00143242
38 0.634375 0.317188 0.03125 0.096875 0.00136662
74 0.449219 0.24375 0.015625 0.040625 0.00123978
60 0.903906 1 0.192188 0 0.00116539
74 0.628906 0.211458 0.01875 0.0385417 0.00116062
0 0.678516 0.866146 0.0195312 0.0322917 0.00108624
60 0.824805 1 0.350391 0 0.00103664
74 0.519531 0.301563 0.0625 0.0864583 0.959961
74 0.634375 0.317969 0.0328125 0.0963542 0.901855
0 0.878125 0.855208 0.015625 0.0229167 0.0200958
74 0.453906 0.246354 0.0125 0.0333333 0.00941467
0 0.899219 0.846354 0.01875 0.0291667 0.00874329
0 0.878125 0.851042 0.01875 0.03125 0.00677109
67 0.634375 0.317188 0.0328125 0.096875 0.00544739
0 0.679688 0.867708 0.0140625 0.03125 0.00482941
0 0.888281 0.846354 0.015625 0.03125 0.00299263
60 0.490234 0 0.761719 0 0.00265312
2 0.878125 0.855208 0.015625 0.0229167 0.00243378
54 0.519531 0.301563 0.0625 0.0864583 0.00224304
0 0.0107666 0.661458 0.0166992 0.0708333 0.00209045
54 0.634375 0.317188 0.03125 0.096875 0.00204277
74 0.519531 0.381771 0.0648438 0.0427083 0.00201988
60 0.781641 1 0.436719 0 0.00174141
2 0.717969 0.559375 0.015625 0.0114583 0.0016613
0 0.789844 0.848958 0.021875 0.0479167 0.0016613
0 0.904688 0.945833 0.0234375 0.0291667 0.00162888
74 0.449219 0.24375 0.015625 0.0411458 0.0014782
38 0.634375 0.317188 0.03125 0.096875 0.00139904
74 0.628906 0.211458 0.0179687 0.0385417 0.00131989
60 0.454688 1 0.909375 0 0.00131512
60 0.903906 1 0.192188 0 0.00117397
0 0.678516 0.866146 0.0195312 0.0322917 0.0011158
2 0.876563 0.854167 0.021875 0.025 0.00107288
74 0.511719 0.383333 0.0875 0.0416667 0.00104809
74 0.460156 0.242708 0.0171875 0.0354167 0.00104427
74 0.519531 0.301563 0.0625 0.0864583 0.959473
74 0.634375 0.317969 0.0328125 0.0963542 0.902832
0 0.878125 0.855208 0.015625 0.0229167 0.0207214
74 0.453906 0.246354 0.0125 0.0333333 0.0100937
0 0.899219 0.846354 0.01875 0.0291667 0.00888062
0 0.878125 0.851042 0.01875 0.03125 0.00723267
67 0.634375 0.317188 0.0328125 0.096875 0.00570679
0 0.679688 0.867708 0.0140625 0.03125 0.00498199
60 0.491016 0 0.771094 0 0.00296974
0 0.889063 0.846354 0.015625 0.03125 0.00281143
0 0.010791 0.661458 0.0166992 0.0708333 0.00234222
2 0.878125 0.855208 0.015625 0.0229167 0.00232315
74 0.519531 0.381771 0.0640625 0.0427083 0.00231361
54 0.519531 0.301563 0.0625 0.0864583 0.00219154
54 0.634375 0.317188 0.03125 0.096875 0.00194168
60 0.782617 1 0.434766 0 0.00171375
74 0.628906 0.211458 0.01875 0.0385417 0.00170708
2 0.717969 0.559375 0.0148437 0.0114583 0.0017004
0 0.789844 0.848958 0.021875 0.0479167 0.00165462
0 0.904688 0.945833 0.0234375 0.0291667 0.00164223
74 0.449219 0.24375 0.015625 0.040625 0.00157928
38 0.634375 0.317188 0.03125 0.096875 0.00143814
60 0.455859 1 0.911719 0 0.00141048
60 0.903906 1 0.192188 0 0.00120163
74 0.511719 0.383333 0.0875 0.0416667 0.00118828
0 0.678906 0.866146 0.01875 0.0322917 0.00118828
74 0.460156 0.242708 0.0171875 0.0354167 0.00109005
59 0.637598 1 0.724805 0 0.00107288
2 0.876563 0.853646 0.021875 0.0260417 0.00104046
74 0.519531 0.301563 0.0625 0.0864583 0.953125
74 0.634375 0.317708 0.0328125 0.096875 0.891602
0 0.878125 0.853646 0.015625 0.025 0.0237732
0 0.878125 0.850521 0.01875 0.0302083 0.0117798
0 0.899219 0.845833 0.01875 0.0291667 0.0115051
67 0.633594 0.317188 0.0328125 0.096875 0.00861359
74 0.453125 0.246354 0.0140625 0.034375 0.00619125
0 0.679688 0.867708 0.0148437 0.03125 0.00383949
0 0.0108887 0.661979 0.0168945 0.0697917 0.00314713
0 0.889063 0.846875 0.015625 0.03125 0.00284576
74 0.520312 0.381771 0.065625 0.0427083 0.00202751
54 0.633594 0.317188 0.0328125 0.096875 0.00178909
0 0.904688 0.945833 0.025 0.0291667 0.0015974
0 0.678516 0.865625 0.0203125 0.0333333 0.00138283
54 0.519531 0.301563 0.0625 0.0864583 0.00134563
0 0.789844 0.848958 0.0203125 0.0458333 0.00131989
38 0.634375 0.317188 0.03125 0.0979167 0.00131512
74 0.629297 0.213542 0.0203125 0.0421875 0.00129414
2 0.878125 0.853646 0.015625 0.025 0.00129414
0 0.990625 0.635938 0.015625 0.0302083 0.0012207
0 0.891406 0.657813 0.0125 0.0177083 0.00117397
74 0.510938 0.383333 0.0898438 0.04375 0.00115108
0 0.654688 0.863542 0.0195312 0.0416667 0.0011425
