35 0.175664 0.539453 0.293849 0.146094 0.943359
0 0.523179 0.511719 0.924362 0.829688 0.842773
32 0.298834 0.553906 0.0838729 0.0460938 0.0275879
0 0.503238 0.69375 0.944304 0.475 0.0235138
0 0.387106 0.66875 0.699137 0.514063 0.0171814
32 0.185048 0.539062 0.297954 0.144531 0.0114212
35 0.1654 0.514844 0.261003 0.096875 0.0101318
35 0.375375 0.896094 0.24634 0.0640625 0.00857544
35 0.20763 0.539844 0.19238 0.15 0.00698471
29 0.298834 0.553906 0.0838729 0.0460938 0.00629044
16 0.169212 0.539844 0.278599 0.146875 0.00466537
32 0.337838 0.878906 0.0504411 0.025 0.00390053
35 0.195312 0.496094 0.181822 0.059375 0.00358009
32 0.314377 0.552734 0.113786 0.0507813 0.00338936
35 0.252205 0.499219 0.0797673 0.0515625 0.00288963
38 0.183289 0.539844 0.3003 0.146875 0.00288963
47 0.294435 0.554297 0.0750751 0.0445313 0.0027256
29 0.375375 0.895313 0.249859 0.071875 0.00209999
34 0.304919 0.537109 0.438867 0.146094 0.00197983
35 0.253085 0.490234 0.0756616 0.0351562 0.00191212
29 0.321415 0.549609 0.130795 0.0523438 0.00185299
26 0.185048 0.539062 0.297954 0.144531 0.00175476
65 0.187614 0.539844 0.318043 0.148438 0.00165462
35 0.3308 0.89375 0.164227 0.059375 0.00161076
32 0.195312 0.496094 0.181822 0.059375 0.00146675
24 0.185048 0.539062 0.297954 0.144531 0.00142097
34 0.183289 0.539844 0.3003 0.146875 0.00132465
34 0.30206 0.553125 0.0856325 0.046875 0.00126934
27 0.187614 0.539844 0.318043 0.148438 0.00115585
0 0.583005 0.336133 0.750751 0.491797 0.00112915
0 0.166866 0.539844 0.276839 0.148438 0.00104809
35 0.172438 0.539453 0.28681 0.146875 0.958984
0 0.52142 0.5125 0.927881 0.834375 0.835938
32 0.298541 0.553906 0.0832864 0.0460938 0.0293121
0 0.503091 0.692969 0.943424 0.482813 0.0222931
35 0.375375 0.895313 0.24634 0.065625 0.0160217
0 0.38564 0.666797 0.696204 0.519531 0.014061
35 0.207043 0.539844 0.19238 0.15 0.00725937
32 0.183289 0.539062 0.291502 0.145313 0.00572968
32 0.338131 0.878906 0.0504411 0.025 0.00473785
29 0.298541 0.553906 0.0832864 0.0460938 0.00457382
35 0.194726 0.496094 0.182995 0.059375 0.00421524
35 0.1654 0.521875 0.26159 0.1125 0.00376511
35 0.252792 0.499219 0.0785942 0.053125 0.00345612
32 0.313497 0.552344 0.112026 0.0515625 0.00335121
16 0.167819 0.539844 0.27552 0.146875 0.00282288
35 0.330213 0.89375 0.164227 0.059375 0.0026722
38 0.182409 0.539844 0.297368 0.147656 0.002388
47 0.294435 0.554688 0.0750751 0.04375 0.00230598
35 0.253378 0.490625 0.0750751 0.0359375 0.00218201
34 0.31555 0.537891 0.459835 0.149219 0.00188923
29 0.375375 0.894531 0.249859 0.0734375 0.00175476
34 0.302353 0.553125 0.0844595 0.046875 0.00164223
35 0.160708 0.503906 0.255724 0.0765625 0.00159168
35 0.194726 0.560547 0.186515 0.100781 0.00144958
34 0.182409 0.539844 0.297368 0.147656 0.00130463
26 0.183289 0.539062 0.291502 0.145313 0.00129414
35 0.252205 0.510547 0.0873921 0.0765625 0.0012846
32 0.194726 0.496094 0.182995 0.059375 0.00121593
0 0.578459 0.335742 0.752804 0.491797 0.0012064
29 0.322881 0.549219 0.134314 0.053125 0.00114727
65 0.188934 0.539844 0.321269 0.15 0.0011425
32 0.374202 0.894531 0.251032 0.071875 0.00112057
0 0.165986 0.539453 0.274493 0.148438 0.00105667
35 0.229624 0.507812 0.131968 0.0710938 0.00105286
35 0.170678 0.539844 0.283878 0.146875 0.966309
0 0.496786 0.510547 0.939611 0.835156 0.836914
32 0.298541 0.553906 0.0832864 0.0453125 0.0306702
35 0.375375 0.896094 0.245167 0.065625 0.0210419
0 0.502651 0.690234 0.944304 0.489844 0.0197144
0 0.387692 0.664063 0.702656 0.525 0.0106964
35 0.207336 0.539844 0.192966 0.149219 0.00609589
35 0.194433 0.496094 0.184755 0.059375 0.00438309
32 0.338424 0.878906 0.0504411 0.025 0.00405502
32 0.181822 0.539062 0.28857 0.145313 0.00388527
35 0.252792 0.499219 0.0791807 0.053125 0.00359344
29 0.298541 0.553906 0.0832864 0.0453125 0.00345612
32 0.313204 0.552344 0.112613 0.0515625 0.00335121
35 0.331093 0.89375 0.167159 0.059375 0.00300407
35 0.253378 0.490625 0.0750751 0.0359375 0.00236893
16 0.167159 0.539844 0.274493 0.146875 0.00188255
47 0.294435 0.554688 0.0750751 0.04375 0.00186729
34 0.30206 0.553125 0.0844595 0.046875 0.00183868
34 0.324348 0.538281 0.479777 0.151563 0.00175476
35 0.194433 0.560938 0.186515 0.1 0.00172043
38 0.170678 0.539844 0.283878 0.146875 0.00168705
35 0.252205 0.510938 0.0873921 0.0765625 0.00149536
35 0.160414 0.504688 0.256311 0.078125 0.00136662
34 0.191793 0.539844 0.326694 0.15 0.00133514
29 0.375082 0.894531 0.250446 0.0734375 0.00127888
32 0.194433 0.496094 0.184755 0.059375 0.00112057
0 0.574207 0.335742 0.761308 0.491016 0.0011158
34 0.365991 0.554688 0.675676 0.189844 0.00110722
32 0.374202 0.894531 0.251032 0.071875 0.0011034
35 0.228744 0.507812 0.133727 0.0710938 0.00109005
35 0.167159 0.539844 0.273907 0.146875 0.969727
0 0.496786 0.5125 0.943131 0.8375 0.842285
32 0.298247 0.553906 0.0826999 0.0453125 0.036499
35 0.375375 0.896094 0.245167 0.065625 0.0246124
0 0.502065 0.678906 0.944304 0.5125 0.011467
32 0.338424 0.878125 0.0504411 0.025 0.00709534
35 0.20763 0.539844 0.193553 0.148438 0.00575256
32 0.168626 0.539453 0.279772 0.148438 0.00486755
35 0.195312 0.496094 0.184169 0.059375 0.00418091
32 0.312617 0.552344 0.11144 0.0515625 0.00400543
29 0.298247 0.553906 0.0826999 0.0453125 0.00342941
35 0.32992 0.89375 0.164813 0.0578125 0.00337601
35 0.252792 0.499219 0.0797673 0.053125 0.003088
35 0.253378 0.490625 0.0750751 0.0359375 0.00216484
34 0.30206 0.553125 0.0844595 0.0453125 0.00198746
35 0.194139 0.560547 0.186515 0.1 0.00196457
38 0.169799 0.539453 0.282118 0.147656 0.00187492
47 0.294435 0.554297 0.0744886 0.04375 0.00162888
16 0.167159 0.539844 0.273907 0.146875 0.00157356
34 0.355434 0.5375 0.54664 0.157813 0.00148392
32 0.195312 0.496094 0.184169 0.059375 0.00144958
34 0.195386 0.539844 0.335345 0.151563 0.00142097
32 0.374202 0.89375 0.251032 0.071875 0.00131989
35 0.369803 0.89375 0.200005 0.05625 0.0012598
29 0.375375 0.894531 0.249859 0.0734375 0.00122547
34 0.364525 0.560547 0.673916 0.205469 0.0012064
35 0.251912 0.510547 0.0879786 0.0757813 0.00118828
35 0.160194 0.505469 0.256751 0.0796875 0.00108147
26 0.168626 0.539453 0.279772 0.148438 0.00108147
0 0.574647 0.335938 0.765121 0.490625 0.00102425
0 0.163933 0.539844 0.269215 0.148438 0.00101662
35 0.166866 0.539844 0.272734 0.146875 0.973633
0 0.497372 0.515625 0.945477 0.845313 0.853027
32 0.297954 0.553906 0.0821134 0.0453125 0.0348816
35 0.375375 0.895313 0.24634 0.065625 0.0273743
32 0.338424 0.878125 0.0504411 0.025 0.00861359
32 0.168039 0.539453 0.278599 0.148438 0.00598145
35 0.193553 0.538672 0.188274 0.151563 0.00582123
35 0.329627 0.89375 0.164227 0.0578125 0.00411606
32 0.311444 0.552734 0.110267 0.0507813 0.00378036
35 0.197072 0.496094 0.181822 0.059375 0.00362206
29 0.297954 0.553906 0.0821134 0.0453125 0.00313568
35 0.252499 0.499219 0.0803538 0.053125 0.00255013
35 0.212028 0.553125 0.198832 0.11875 0.0024147
0 0.401182 0.655859 0.72729 0.544531 0.00208282
38 0.168919 0.539062 0.279772 0.146875 0.0020504
34 0.301473 0.553125 0.0832864 0.0453125 0.00184631
32 0.197072 0.496094 0.181822 0.059375 0.00181007
35 0.253378 0.489844 0.0750751 0.034375 0.00177479
16 0.166866 0.539844 0.272734 0.146875 0.00156689
0 0.16452 0.539062 0.267455 0.146875 0.00156116
35 0.366578 0.89375 0.193553 0.05625 0.00152493
47 0.294435 0.554297 0.073902 0.0429688 0.00140476
32 0.374202 0.89375 0.251032 0.071875 0.00133514
26 0.168039 0.539453 0.278599 0.148438 0.00129414
35 0.166573 0.539844 0.271561 0.146875 0.973633
0 0.496786 0.518359 0.948996 0.847656 0.870605
32 0.297661 0.553906 0.0815268 0.0453125 0.0351562
35 0.375375 0.895313 0.245167 0.0640625 0.0278015
32 0.338424 0.878125 0.0498545 0.025 0.00997162
32 0.167746 0.539453 0.278012 0.147656 0.00815582
35 0.194139 0.539062 0.187688 0.151563 0.00462723
32 0.310858 0.552344 0.109093 0.05 0.00391388
35 0.329627 0.89375 0.164227 0.0578125 0.00369263
29 0.297661 0.553906 0.0815268 0.0453125 0.0028553
32 0.198245 0.495703 0.180649 0.0585938 0.00261116
35 0.212322 0.554688 0.198245 0.115625 0.00254059
35 0.198245 0.495703 0.180649 0.0585938 0.00245285
38 0.168406 0.539062 0.277866 0.146875 0.00227928
0 0.16474 0.539453 0.267602 0.146875 0.00218201
35 0.252205 0.499219 0.0815268 0.053125 0.00176811
34 0.301473 0.553125 0.0832864 0.0453125 0.00172043
26 0.167746 0.539453 0.278012 0.147656 0.0016613
35 0.233437 0.499219 0.120824 0.0546875 0.00162315
16 0.166573 0.539844 0.271561 0.146875 0.00153637
35 0.364818 0.89375 0.188861 0.05625 0.00145531
47 0.294142 0.553906 0.073902 0.04375 0.00138855
32 0.374496 0.89375 0.250446 0.071875 0.00130939
35 0.253378 0.489844 0.0762481 0.034375 0.00129986
35 0.165986 0.539844 0.270974 0.145313 0.966797
0 0.495026 0.517969 0.948996 0.846875 0.88623
32 0.297368 0.553906 0.0809403 0.0453125 0.0325928
35 0.375375 0.895313 0.245167 0.0640625 0.0250854
32 0.167159 0.539844 0.276839 0.146875 0.0103302
32 0.338424 0.878125 0.049268 0.025 0.00963593
32 0.310858 0.552344 0.10792 0.05 0.00387001
35 0.194433 0.539062 0.187101 0.15 0.00338936
32 0.198245 0.495703 0.181822 0.0585938 0.003088
35 0.32992 0.89375 0.167159 0.0578125 0.0029583
29 0.297368 0.553906 0.0809403 0.0453125 0.00266266
38 0.165986 0.539844 0.270974 0.145313 0.00233269
35 0.211735 0.55625 0.198245 0.1125 0.00218201
0 0.164153 0.539844 0.267602 0.146875 0.00199509
26 0.167159 0.539844 0.276839 0.146875 0.00191212
35 0.198245 0.495703 0.181822 0.0585938 0.00147247
34 0.301473 0.553125 0.0832864 0.0453125 0.00146675
47 0.293849 0.553906 0.073902 0.0421875 0.00126457
32 0.374789 0.89375 0.249859 0.071875 0.00126457
35 0.365991 0.892969 0.193553 0.05625 0.00125504
16 0.165986 0.539844 0.270974 0.145313 0.00113392
0 0.564236 0.337109 0.788288 0.489844 0.00108624
24 0.167159 0.539844 0.276839 0.146875 0.00106525
35 0.252205 0.499219 0.0821134 0.0523438 0.00105667
35 0.231677 0.499219 0.12317 0.053125 0.00102425
54 0.165107 0.539844 0.27332 0.145313 0.00100803
35 0.165693 0.539844 0.270974 0.145313 0.963867
0 0.495026 0.517969 0.951342 0.846875 0.897461
32 0.296781 0.553906 0.0797673 0.0445313 0.0238647
35 0.375375 0.895313 0.245167 0.0640625 0.0186157
32 0.167233 0.539844 0.276693 0.146875 0.0108185
32 0.338424 0.878125 0.049268 0.0234375 0.00653839
32 0.310271 0.552344 0.10792 0.05 0.00286674
32 0.197659 0.496094 0.181822 0.0578125 0.0028553
35 0.194139 0.539062 0.186515 0.149219 0.00275803
29 0.296781 0.553906 0.0797673 0.0445313 0.00259018
26 0.167233 0.539844 0.276693 0.146875 0.0024147
35 0.331093 0.89375 0.171852 0.05625 0.00236893
38 0.165693 0.539844 0.270974 0.145313 0.00228691
35 0.211149 0.557031 0.197072 0.111719 0.00213242
0 0.164153 0.539844 0.267602 0.146094 0.00167465
24 0.167233 0.539844 0.276693 0.146875 0.00131512
34 0.300887 0.553125 0.0821134 0.0453125 0.00127411
35 0.197659 0.496094 0.181822 0.0578125 0.00113392
47 0.293555 0.554297 0.072729 0.0421875 0.00102425
0 0.56189 0.3375 0.795327 0.489063 0.00101185
35 0.165693 0.539844 0.270388 0.145313 0.964355
0 0.50793 0.516016 0.964245 0.844531 0.900391
32 0.296781 0.553906 0.0797673 0.04375 0.0249939
35 0.375375 0.895313 0.245167 0.0625 0.0138474
32 0.166646 0.539844 0.27552 0.146875 0.00861359
32 0.338424 0.878125 0.049268 0.0234375 0.00351143
32 0.309978 0.552344 0.10792 0.05 0.00276756
26 0.166646 0.539844 0.27552 0.146875 0.00254059
29 0.296781 0.553906 0.0797673 0.04375 0.002388
38 0.165693 0.539844 0.270388 0.145313 0.0019722
35 0.334025 0.89375 0.181236 0.0578125 0.00195694
35 0.193553 0.539062 0.187688 0.148438 0.0018034
0 0.1643 0.539844 0.267308 0.146875 0.00163555
32 0.195899 0.496094 0.187101 0.0585938 0.00155449
35 0.194139 0.560547 0.185342 0.0992188 0.00148392
24 0.166646 0.539844 0.27552 0.146875 0.00136662
34 0.300887 0.553516 0.0821134 0.0453125 0.00116539
35 0.195899 0.496094 0.187101 0.0585938 0.00104809
35 0.165326 0.539844 0.269948 0.146094 0.960449
0 0.508516 0.515625 0.965419 0.84375 0.905762
32 0.296195 0.554297 0.0797673 0.0445313 0.0284424
35 0.375375 0.895313 0.245167 0.0625 0.011467
32 0.16628 0.539844 0.27508 0.146875 0.0069046
32 0.309685 0.552344 0.10792 0.05 0.0028553
32 0.338424 0.878125 0.049268 0.025 0.00273705
26 0.16628 0.539844 0.27508 0.146875 0.00218201
29 0.296195 0.554297 0.0797673 0.0445313 0.00208282
38 0.165326 0.539844 0.269948 0.146094 0.0018177
0 0.164153 0.539844 0.266429 0.146875 0.0015974
35 0.335785 0.89375 0.185928 0.0578125 0.00156689
35 0.19326 0.539062 0.187688 0.147656 0.00149536
35 0.194139 0.560547 0.185342 0.0992188 0.0012064
32 0.195019 0.496094 0.188861 0.059375 0.00116539
24 0.16628 0.539844 0.27508 0.146875 0.00113392
34 0.300594 0.553906 0.0821134 0.0453125 0.00104427
35 0.165986 0.539844 0.269801 0.146875 0.955566
0 0.510862 0.515234 0.963072 0.841406 0.912598
32 0.295901 0.553906 0.0791807 0.0453125 0.0318604
35 0.375375 0.895313 0.245167 0.0625 0.0106506
32 0.175077 0.539062 0.276839 0.145313 0.00796509
32 0.309098 0.552344 0.10792 0.0507813 0.00288963
32 0.338424 0.878125 0.049268 0.025 0.00281143
26 0.175077 0.539062 0.276839 0.145313 0.00257111
29 0.295901 0.553906 0.0791807 0.0453125 0.0018177
0 0.163933 0.539844 0.265109 0.146875 0.00161648
38 0.165986 0.539844 0.269801 0.146875 0.00153637
35 0.335198 0.89375 0.184755 0.0578125 0.00127411
35 0.19326 0.539062 0.188274 0.146875 0.00115585
0 0.543708 0.3375 0.824653 0.496094 0.00108624
35 0.165693 0.539453 0.269215 0.146875 0.941895
0 0.510862 0.517969 0.963072 0.846875 0.916504
32 0.295315 0.554297 0.0780077 0.0445313 0.0311432
32 0.174198 0.539062 0.275666 0.145313 0.00878143
35 0.375962 0.895313 0.245167 0.0640625 0.00448608
26 0.174198 0.539062 0.275666 0.145313 0.00247192
32 0.308512 0.552344 0.106747 0.0507813 0.00223351
32 0.338424 0.878125 0.048095 0.025 0.00201988
0 0.163933 0.539844 0.264522 0.146875 0.00163555
0 0.532564 0.338672 0.846941 0.497656 0.0012846
38 0.165693 0.539453 0.269215 0.146875 0.00123501
29 0.295315 0.554297 0.0780077 0.0445313 0.00112915
35 0.1654 0.539453 0.269215 0.146875 0.931152
0 0.50793 0.523438 0.966592 0.835938 0.918457
32 0.295022 0.554297 0.0785942 0.0445313 0.0290833
32 0.173318 0.539062 0.275666 0.145313 0.00658798
35 0.375962 0.895313 0.24634 0.0640625 0.00300407
32 0.308805 0.552344 0.107334 0.0507813 0.00198746
32 0.338424 0.878125 0.048095 0.025 0.00176144
26 0.173318 0.539062 0.275666 0.145313 0.00150108
0 0.163933 0.539844 0.264522 0.146875 0.00139427
0 0.517314 0.339844 0.879786 0.498438 0.00134563
38 0.1654 0.539453 0.269215 0.146875 0.00104427
0 0.507783 0.525 0.964539 0.84375 0.922852
35 0.165473 0.539062 0.269654 0.146875 0.889648
32 0.294728 0.554297 0.0774212 0.04375 0.0257568
32 0.172731 0.539062 0.276253 0.145313 0.00703812
32 0.308512 0.552344 0.105574 0.05 0.0014782
0 0.505584 0.339844 0.909112 0.499219 0.00127411
32 0.338424 0.878125 0.048095 0.025 0.00123024
38 0.1643 0.539453 0.270827 0.146094 0.00104809
0 0.164227 0.539844 0.264522 0.146875 0.00103664
0 0.508516 0.526563 0.963072 0.85 0.92627
35 0.1654 0.539062 0.270388 0.146875 0.884766
32 0.295022 0.553906 0.0774212 0.04375 0.0216217
32 0.172438 0.539062 0.276839 0.145313 0.00600433
0 0.499132 0.340234 0.932573 0.499219 0.00131512
32 0.308512 0.552344 0.104401 0.05 0.00123501
38 0.16474 0.539453 0.271121 0.146094 0.00102425
0 0.508076 0.527344 0.961606 0.854688 0.931152
35 0.165473 0.539062 0.270827 0.146875 0.899902
32 0.295022 0.553906 0.0768346 0.04375 0.0182648
32 0.172145 0.539062 0.277426 0.146875 0.00653839
0 0.497959 0.339453 0.94665 0.499219 0.0014782
32 0.308512 0.552734 0.103228 0.0492188 0.00109863
38 0.164227 0.539062 0.268628 0.146875 0.00109863
0 0.507343 0.526563 0.961899 0.85625 0.936523
35 0.164813 0.539062 0.271561 0.146875 0.919434
32 0.295022 0.553906 0.0762481 0.04375 0.0119629
32 0.171558 0.539062 0.278599 0.146875 0.00614548
0 0.499132 0.339844 0.956034 0.499219 0.0017271
38 0.163933 0.539062 0.269215 0.147656 0.00109863
54 0.171558 0.539062 0.278599 0.146875 0.00102425
35 0.164227 0.539062 0.271561 0.148438 0.943848
0 0.50661 0.525 0.962193 0.853125 0.941406
32 0.295315 0.553906 0.0768346 0.04375 0.00847626
32 0.171265 0.539062 0.278012 0.146875 0.0068512
0 0.499718 0.339844 0.961899 0.499219 0.00178909
54 0.171265 0.539062 0.278012 0.146875 0.00138855
38 0.163054 0.539062 0.269215 0.147656 0.00115108
35 0.163567 0.539062 0.271121 0.148438 0.966797
0 0.504557 0.522656 0.963952 0.851563 0.941406
32 0.171265 0.539062 0.278012 0.146875 0.00787354
32 0.295315 0.553906 0.0768346 0.04375 0.00669098
0 0.499865 0.349609 0.968644 0.519531 0.00269318
54 0.171265 0.539062 0.278012 0.146875 0.00179577
38 0.16276 0.539062 0.268628 0.147656 0.00126934
35 0.16364 0.539062 0.269801 0.147656 0.977539
0 0.503238 0.521484 0.964245 0.850781 0.937012
32 0.170605 0.539062 0.27464 0.146094 0.00803375
32 0.295608 0.553906 0.0774212 0.04375 0.00584412
0 0.498545 0.349609 0.966592 0.51875 0.00299263
54 0.170605 0.539062 0.27464 0.146094 0.00215721
38 0.162467 0.539062 0.266868 0.146875 0.00133514
35 0.16364 0.539062 0.268628 0.146875 0.98584
0 0.501038 0.521094 0.963952 0.846875 0.928223
32 0.170019 0.539062 0.273467 0.145313 0.00971222
32 0.295315 0.553906 0.0768346 0.04375 0.00600433
0 0.497226 0.349609 0.962193 0.51875 0.00390053
54 0.170019 0.539062 0.273467 0.145313 0.00268364
38 0.162467 0.539062 0.265695 0.146875 0.0014782
35 0.16364 0.539062 0.268041 0.146875 0.991211
0 0.500305 0.520313 0.965419 0.845313 0.918945
32 0.170385 0.539062 0.272147 0.145313 0.0108566
32 0.295022 0.553906 0.0762481 0.04375 0.00723267
0 0.495026 0.350391 0.957207 0.520313 0.00416565
54 0.170385 0.539062 0.272147 0.145313 0.00279999
35 0.375375 0.895313 0.24634 0.065625 0.00186729
38 0.162467 0.539062 0.264522 0.146875 0.00165462
26 0.170385 0.539062 0.272147 0.145313 0.00125504
35 0.163933 0.539062 0.268041 0.146875 0.993164
0 0.501038 0.520313 0.966298 0.84375 0.909668
32 0.170972 0.539062 0.270388 0.145313 0.0100937
32 0.295022 0.553906 0.0762481 0.04375 0.00812531
0 0.493707 0.351563 0.952808 0.521875 0.00421524
35 0.375669 0.895313 0.245754 0.065625 0.00314713
54 0.170972 0.539062 0.270388 0.145313 0.00255013
26 0.170972 0.539062 0.270388 0.145313 0.00161076
38 0.162467 0.539062 0.264522 0.146875 0.00155449
32 0.337838 0.878125 0.048095 0.0234375 0.00124931
35 0.163933 0.539062 0.269801 0.146875 0.992676
0 0.502065 0.519531 0.966592 0.840625 0.905762
32 0.295022 0.554297 0.0762481 0.04375 0.00800323
32 0.171338 0.538672 0.272001 0.144531 0.00800323
0 0.493267 0.352344 0.951342 0.523438 0.00468063
35 0.375375 0.895313 0.24634 0.0640625 0.00342941
54 0.171338 0.538672 0.272001 0.144531 0.00218201
26 0.171338 0.538672 0.272001 0.144531 0.00168705
32 0.337545 0.878125 0.0475084 0.0234375 0.00154877
38 0.162467 0.539062 0.265695 0.146094 0.00136662
35 0.16364 0.539062 0.270974 0.146094 0.990723
0 0.502065 0.519531 0.968938 0.839063 0.903809
32 0.294728 0.554297 0.0762481 0.04375 0.00723267
32 0.171852 0.539062 0.274493 0.14375 0.00666809
0 0.49268 0.353516 0.953688 0.525 0.00405502
35 0.375375 0.895313 0.247513 0.0640625 0.00253105
54 0.171852 0.539062 0.274493 0.14375 0.00195694
26 0.171852 0.539062 0.274493 0.14375 0.00150108
32 0.337545 0.878125 0.0475084 0.0234375 0.00142097
38 0.162467 0.539062 0.269215 0.145313 0.00124931
60 0.502651 0.523438 0.967765 0.854688 0.00106907
35 0.16364 0.539062 0.272147 0.145313 0.988281
0 0.502651 0.520313 0.972457 0.8375 0.904297
32 0.171852 0.539062 0.275666 0.14375 0.00679779
32 0.294728 0.554297 0.0762481 0.04375 0.00626373
0 0.492827 0.354492 0.956914 0.526953 0.00294685
54 0.171852 0.539062 0.275666 0.14375 0.0016489
35 0.375375 0.895313 0.247513 0.0625 0.00160408
38 0.162174 0.539062 0.270974 0.14375 0.00137806
26 0.171852 0.539062 0.275666 0.14375 0.00133514
32 0.337251 0.878125 0.0469219 0.0234375 0.00115108
60 0.503384 0.522656 0.968644 0.854688 0.00108624
35 0.163933 0.539062 0.272734 0.145313 0.987305
0 0.503238 0.521094 0.975976 0.8375 0.904297
32 0.172145 0.539062 0.278012 0.14375 0.00748825
32 0.293262 0.555469 0.0721425 0.0421875 0.00530243
54 0.172145 0.539062 0.278012 0.14375 0.0016613
32 0.303819 0.553125 0.0809403 0.0453125 0.00147247
26 0.172145 0.539062 0.278012 0.14375 0.00141048
38 0.16276 0.539062 0.271561 0.144531 0.00140476
0 0.493853 0.35625 0.959553 0.53125 0.00133038
35 0.375375 0.895313 0.247513 0.0625 0.0012064
60 0.503238 0.524219 0.968938 0.854688 0.00106049
35 0.1643 0.539062 0.273174 0.145313 0.987793
0 0.503824 0.522266 0.977149 0.838281 0.904785
32 0.172365 0.539062 0.279332 0.14375 0.00709534
32 0.293262 0.555078 0.072729 0.0421875 0.0049057
54 0.172365 0.539062 0.279332 0.14375 0.00156116
38 0.163567 0.539062 0.273467 0.145313 0.00154305
32 0.303819 0.553125 0.0821134 0.0453125 0.00130939
35 0.375082 0.895313 0.2481 0.0625 0.00117397
26 0.172365 0.539062 0.279332 0.14375 0.00115585
0 0.495613 0.342969 0.954861 0.504688 0.00102425
60 0.503238 0.525 0.968938 0.85625 0.00100422
35 0.164813 0.539062 0.273907 0.146094 0.988281
0 0.503238 0.522656 0.978322 0.839063 0.90918
32 0.173318 0.539062 0.280945 0.14375 0.00477219
32 0.293262 0.555469 0.072729 0.0421875 0.00413513
38 0.16452 0.539062 0.27508 0.146094 0.00155449
35 0.374789 0.895313 0.248686 0.0625 0.00126934
32 0.304113 0.553125 0.0815268 0.0453125 0.00105286
60 0.503824 0.525 0.970111 0.857813 0.00100803
35 0.164813 0.539062 0.273907 0.146875 0.989746
0 0.503384 0.522656 0.978029 0.842188 0.911621
32 0.293262 0.555469 0.072729 0.0421875 0.00403976
32 0.173098 0.539062 0.281385 0.144531 0.00256157
38 0.16452 0.539062 0.27508 0.146875 0.00155449
35 0.374789 0.895313 0.248686 0.0640625 0.00137234
54 0.16452 0.539062 0.272147 0.146094 0.0011158
35 0.16452 0.539062 0.272734 0.146875 0.990234
0 0.503238 0.523047 0.975976 0.844531 0.913574
32 0.293555 0.555078 0.0733155 0.0429688 0.00335121
32 0.163347 0.539453 0.267455 0.146875 0.00226021
54 0.16452 0.539062 0.271561 0.146875 0.00146103
38 0.163933 0.539062 0.273907 0.146875 0.00139427
35 0.374789 0.895313 0.248686 0.065625 0.00127411
35 0.163933 0.538672 0.272147 0.147656 0.990234
0 0.503824 0.522266 0.972457 0.846094 0.912598
32 0.293849 0.555469 0.073902 0.04375 0.00291252
32 0.163054 0.539844 0.267455 0.146875 0.00220871
54 0.164153 0.539062 0.271121 0.146875 0.00166798
35 0.374789 0.895313 0.248686 0.065625 0.00114727
38 0.16364 0.539062 0.27332 0.148438 0.0011425
35 0.163347 0.538672 0.271561 0.147656 0.990234
0 0.503824 0.521875 0.971284 0.846875 0.911133
32 0.293849 0.555078 0.0744886 0.0429688 0.002388
32 0.162394 0.539844 0.267602 0.146875 0.00225258
54 0.16364 0.539062 0.270974 0.146875 0.00176144
35 0.374789 0.895313 0.248686 0.065625 0.00139904
35 0.163054 0.538672 0.270974 0.147656 0.989746
0 0.503238 0.521484 0.968938 0.847656 0.912598
32 0.293849 0.555078 0.0744886 0.0429688 0.00219154
32 0.162394 0.539453 0.267602 0.146875 0.00211525
54 0.163054 0.539062 0.270974 0.146875 0.00203514
35 0.374789 0.895313 0.248686 0.065625 0.00162888
35 0.16298 0.538672 0.271121 0.147656 0.988281
0 0.502651 0.521094 0.970111 0.85 0.912598
32 0.293849 0.555469 0.073902 0.0421875 0.002388
54 0.16298 0.539062 0.271121 0.146875 0.00214005
32 0.162174 0.539453 0.268041 0.146875 0.0020752
35 0.374789 0.895313 0.248686 0.065625 0.00174141
35 0.163054 0.538672 0.271561 0.147656 0.987793
0 0.502651 0.521094 0.972457 0.848438 0.915039
32 0.293849 0.555469 0.0744886 0.0421875 0.00277901
54 0.16298 0.538672 0.271121 0.146875 0.00232315
35 0.374789 0.895313 0.248686 0.065625 0.00209999
32 0.162467 0.539453 0.267455 0.146875 0.00196457
35 0.163054 0.538672 0.271561 0.147656 0.987793
0 0.502651 0.520313 0.972457 0.848438 0.916016
32 0.293849 0.555469 0.073902 0.0421875 0.00304031
35 0.374789 0.895313 0.248686 0.065625 0.00226974
54 0.163054 0.538672 0.272147 0.146875 0.00216484
32 0.162394 0.539062 0.267602 0.146875 0.00170708
35 0.163347 0.538672 0.272147 0.147656 0.988281
0 0.502651 0.519531 0.974803 0.846875 0.917969
32 0.293849 0.555469 0.0750751 0.0421875 0.00348282
35 0.374789 0.895313 0.248686 0.065625 0.0029583
54 0.163347 0.539062 0.272734 0.146875 0.00222588
32 0.162467 0.539062 0.268041 0.146875 0.00161648
35 0.163347 0.538672 0.272147 0.147656 0.989746
0 0.502065 0.519531 0.975976 0.846875 0.918945
32 0.293849 0.555469 0.0756616 0.0421875 0.00336266
35 0.374789 0.895313 0.248686 0.065625 0.00333786
54 0.163347 0.539062 0.273907 0.146875 0.00251198
32 0.16276 0.539453 0.268041 0.146875 0.00191879
35 0.163054 0.539062 0.272147 0.148438 0.991211
0 0.501478 0.520313 0.977149 0.846875 0.916992
35 0.375082 0.895313 0.2481 0.065625 0.00429916
32 0.294435 0.555078 0.0762481 0.0429688 0.0036068
54 0.163127 0.539062 0.274347 0.146875 0.00282288
32 0.16276 0.539453 0.268041 0.147656 0.00186729
0 0.00447225 0.429004 0.00894449 0.741992 0.00104046
38 0.163127 0.539062 0.274347 0.146875 0.00101185
35 0.16276 0.539062 0.272734 0.148438 0.989258
0 0.502651 0.520313 0.974803 0.846875 0.919922
35 0.375082 0.895313 0.2481 0.065625 0.00521851
32 0.294435 0.555078 0.0774212 0.04375 0.00332451
54 0.163054 0.538672 0.274493 0.147656 0.00304031
32 0.162174 0.539453 0.268628 0.147656 0.00154305
0 0.498399 0.34707 0.952808 0.510547 0.0012207
35 0.16276 0.538672 0.272734 0.148438 0.987305
0 0.503824 0.520703 0.972457 0.847656 0.918945
35 0.375082 0.895313 0.2481 0.065625 0.00748825
32 0.294435 0.554688 0.0780077 0.04375 0.00325966
54 0.163054 0.538672 0.27508 0.147656 0.00304031
0 0.495613 0.347266 0.950169 0.514063 0.00161076
32 0.162174 0.539453 0.268628 0.147656 0.00128937
35 0.163054 0.538672 0.272734 0.148438 0.985352
0 0.498399 0.523828 0.973923 0.850781 0.914062
35 0.375375 0.895313 0.247513 0.065625 0.00933838
32 0.294435 0.554688 0.0774212 0.04375 0.00331116
54 0.163347 0.538672 0.274493 0.147656 0.00321007
0 0.49444 0.347656 0.948996 0.515625 0.0020504
32 0.162467 0.539062 0.268041 0.146875 0.00129986
35 0.16298 0.538672 0.272294 0.148438 0.983887
0 0.498545 0.524219 0.97363 0.848438 0.913086
35 0.375375 0.896094 0.247513 0.065625 0.00919342
32 0.294435 0.555078 0.0785942 0.0445313 0.00318527
54 0.163347 0.538672 0.273907 0.147656 0.00309944
0 0.493853 0.347461 0.947823 0.516797 0.00244331
60 0 0.903125 0 0.19375 0.00144386
32 0.162467 0.539062 0.267455 0.147656 0.00143814
32 0.336665 0.878125 0.0457489 0.025 0.0011034
35 0.16298 0.538672 0.272294 0.148438 0.983398
0 0.499132 0.524609 0.974803 0.849219 0.912109
35 0.375082 0.896094 0.246927 0.065625 0.0102463
32 0.294435 0.555078 0.0780077 0.0445313 0.003088
54 0.163347 0.538672 0.273907 0.147656 0.00301552
0 0.493853 0.347656 0.947823 0.517188 0.00265312
60 0 0.904688 0 0.190625 0.00256157
32 0.162467 0.539062 0.267455 0.147656 0.0016613
60 0 0.855078 0 0.289844 0.00114727
32 0.336665 0.878125 0.0457489 0.025 0.00106907
35 0.162467 0.538672 0.272147 0.148438 0.98291
0 0.499718 0.524609 0.975976 0.849219 0.910156
35 0.375082 0.896094 0.246927 0.065625 0.0100555
32 0.294435 0.555078 0.0774212 0.0445313 0.00317192
54 0.16276 0.538672 0.27332 0.147656 0.00291252
0 0.49444 0.346875 0.948996 0.517188 0.00277901
60 0 0.903125 0 0.19375 0.00200272
32 0.162174 0.539062 0.266868 0.147656 0.00185299
32 0.336665 0.878125 0.0457489 0.025 0.00111198
60 0 0.854297 0 0.291406 0.00102806
35 0.162174 0.538672 0.272147 0.148438 0.981934
0 0.500305 0.525 0.977149 0.848438 0.908203
35 0.375082 0.896094 0.246927 0.065625 0.0102081
32 0.294435 0.555078 0.0780077 0.0445313 0.00312424
0 0.495026 0.346875 0.950169 0.517188 0.00312424
54 0.16254 0.538672 0.273174 0.147656 0.00284576
32 0.162174 0.539062 0.266868 0.147656 0.00201035
60 0 0.900781 0 0.198438 0.00153065
0 7.33155e-05 0.15791 0.000146631 0.31582 0.00136662
32 0.336665 0.878125 0.0457489 0.025 0.0012207
77 1 0.201563 0 0.403125 0.00100803
35 0.162174 0.538672 0.272147 0.148438 0.981445
0 0.500892 0.524219 0.978322 0.848438 0.90918
35 0.375082 0.896094 0.246927 0.065625 0.00809479
0 0.495613 0.346875 0.951342 0.517969 0.00332451
32 0.294435 0.555078 0.0785942 0.0445313 0.00313568
54 0.16254 0.538672 0.273174 0.147656 0.00283432
32 0.162174 0.539062 0.266868 0.146875 0.00202751
60 0 0.9 0 0.2 0.0014782
0 0 0.158301 0 0.316602 0.00133514
32 0.336665 0.878125 0.0457489 0.025 0.00126457
35 0.161881 0.538672 0.272147 0.148438 0.980957
0 0.501478 0.524219 0.979495 0.848438 0.909668
35 0.375082 0.896875 0.246927 0.065625 0.00769424
0 0.495613 0.346875 0.951342 0.517969 0.00351143
32 0.294435 0.555469 0.0785942 0.0453125 0.0030632
54 0.162467 0.538672 0.27332 0.147656 0.00270462
32 0.161881 0.539062 0.267455 0.146875 0.00201035
32 0.336665 0.878125 0.0457489 0.025 0.00139427
60 0 0.9 0 0.2 0.00127888
35 0.161881 0.538672 0.272147 0.148438 0.980957
0 0.501478 0.524609 0.979495 0.847656 0.909668
35 0.375082 0.896875 0.246927 0.065625 0.00818634
0 0.495026 0.34668 0.951342 0.517578 0.00379562
32 0.294728 0.555469 0.0780077 0.0453125 0.00322342
54 0.16254 0.538672 0.273174 0.147656 0.00265312
32 0.161954 0.539062 0.267308 0.146875 0.00198746
32 0.336665 0.878125 0.0457489 0.025 0.0015974
60 0 0.899219 0 0.201563 0.00129414
35 0.163054 0.538672 0.272734 0.148438 0.985352
0 0.497959 0.524219 0.974803 0.85 0.914062
35 0.375375 0.896094 0.247513 0.065625 0.00933838
32 0.294435 0.555078 0.0774212 0.0445313 0.00333786
54 0.163347 0.538672 0.274493 0.147656 0.00321007
0 0.49444 0.347656 0.948996 0.515625 0.00204277
32 0.162467 0.539062 0.268041 0.146875 0.00129986
