59 0.550694 0.782031 0.898611 0.417188 0.0381775
59 0.548785 0.602344 0.902431 0.767188 0.0348816
39 0.214583 0.678906 0.108333 0.115625 0.0306702
59 0.520833 0.452344 0.948611 0.882812 0.0288696
73 0.946528 0.851562 0.106944 0.065625 0.0227203
72 0.488889 0.609375 0.2125 0.232813 0.0174408
62 0.488889 0.609766 0.205556 0.235156 0.0156708
62 0.561111 0.60625 0.358333 0.232813 0.0141754
57 0.545833 0.826563 0.902778 0.328125 0.0106506
39 0.205556 0.697656 0.0958333 0.0796875 0.0102921
73 0.210417 0.705078 0.0569444 0.0609375 0.00959778
73 0.179167 0.701563 0.0444444 0.071875 0.00945282
39 0.230556 0.678906 0.0805556 0.119531 0.00844574
39 0.211111 0.703906 0.0590278 0.0648438 0.00806427
13 0.55 0.838281 0.897222 0.30625 0.00557709
60 0.545833 0.826563 0.902778 0.328125 0.00536346
73 0.2 0.700781 0.0777778 0.0734375 0.00526047
56 0.558333 0.60625 0.352778 0.235938 0.00457382
56 0.944792 0.907813 0.110417 0.178125 0.00453949
56 0.550347 0.596094 0.899306 0.785937 0.00453949
72 0.561111 0.60625 0.358333 0.232813 0.00346947
58 0.520833 0.452344 0.948611 0.882812 0.00332451
62 0.584722 0.403125 0.0916667 0.121875 0.00276756
59 0.551389 0.846875 0.886111 0.292188 0.00247192
57 0.545139 0.584375 0.909722 0.814063 0.00220871
59 0.601389 0.394922 0.797222 0.703906 0.00194931
57 0.856944 0.692187 0.277778 0.107813 0.00194168
39 0.177083 0.701953 0.0416667 0.0710938 0.00181007
75 0.215972 0.679688 0.113889 0.11875 0.00178242
58 0.231944 0.678516 0.0826389 0.11875 0.0016613
39 0.220833 0.642188 0.0361111 0.0453125 0.0015974
39 0.225694 0.648828 0.0555556 0.0585938 0.00153065
41 0.18125 0.699219 0.0541667 0.0679687 0.00151253
58 0.202431 0.434277 0.402083 0.79707 0.00147247
0 0.231944 0.678516 0.0826389 0.11875 0.00146675
75 0.982639 0.74375 0.0333333 0.0953125 0.00130463
39 0.221528 0.65625 0.0569444 0.0734375 0.00129986
73 0.945139 0.907031 0.108333 0.178125 0.0012846
73 0.245833 0.701172 0.0277778 0.065625 0.00127411
73 0.243056 0.699219 0.0458333 0.0703125 0.00123024
60 0.588194 0.797656 0.823611 0.19375 0.00123024
13 0.526563 0.903125 0.827431 0.18125 0.0012207
59 0.526563 0.903125 0.827431 0.18125 0.00121593
28 0.55 0.838281 0.897222 0.30625 0.00118828
73 0.223611 0.698438 0.0916667 0.0734375 0.0011692
75 0.0309028 0.707422 0.0576389 0.149219 0.00112438
73 0.488889 0.609766 0.205556 0.235156 0.0011158
59 0.551389 0.756641 0.897222 0.467969 0.134766
59 0.55 0.606152 0.9 0.762695 0.112427
59 0.550694 0.832031 0.898611 0.320312 0.0501404
39 0.214236 0.678906 0.106944 0.115625 0.0268555
59 0.521528 0.472656 0.948611 0.923438 0.0268555
72 0.488194 0.609375 0.2125 0.234375 0.0244293
73 0.946528 0.851562 0.106944 0.065625 0.0239563
62 0.488889 0.609766 0.205556 0.235156 0.0140076
73 0.211111 0.705078 0.0541667 0.0601563 0.0115967
62 0.559722 0.60625 0.355556 0.233594 0.0115051
57 0.546528 0.821875 0.901389 0.339063 0.0109024
73 0.178472 0.701563 0.0430556 0.071875 0.00978088
39 0.230556 0.678906 0.0791667 0.11875 0.00888062
39 0.204514 0.698438 0.09375 0.078125 0.00854492
39 0.211111 0.704297 0.0569444 0.0640625 0.00703812
56 0.559722 0.60625 0.355556 0.2375 0.00674438
56 0.549826 0.600684 0.900347 0.781445 0.00634003
73 0.2 0.700781 0.0763889 0.0734375 0.00593567
72 0.559722 0.60625 0.355556 0.233594 0.00542831
56 0.944792 0.907813 0.110417 0.178125 0.00538635
58 0.521007 0.451562 0.949653 0.884375 0.00380898
57 0.544618 0.749219 0.907986 0.482812 0.00376511
62 0.584722 0.403125 0.0916667 0.121875 0.00336266
60 0.546528 0.821875 0.901389 0.339063 0.00240517
13 0.550694 0.832031 0.898611 0.320312 0.00225258
57 0.55 0.606152 0.9 0.762695 0.00209045
59 0.602604 0.389453 0.794792 0.713281 0.00206757
56 0.59375 0.723437 0.8125 0.523438 0.00205803
39 0.220833 0.642578 0.0375 0.0453125 0.00201035
39 0.225 0.647656 0.0534722 0.05625 0.00182438
41 0.180556 0.699219 0.0527778 0.0671875 0.00170708
39 0.177083 0.701953 0.0416667 0.0710938 0.0017004
58 0.232292 0.678516 0.0826389 0.11875 0.00164223
58 0.201302 0.448438 0.398785 0.828125 0.00156116
0 0.232292 0.678516 0.0826389 0.11875 0.00148392
73 0.245833 0.701563 0.0263889 0.0640625 0.0014782
75 0.215972 0.679688 0.114583 0.119531 0.00144386
73 0.488889 0.609766 0.205556 0.235156 0.00140476
73 0.245139 0.699219 0.0402778 0.0695313 0.00139904
73 0.225347 0.698438 0.0861111 0.0734375 0.00130463
59 0.531771 0.882031 0.844792 0.225 0.00126457
73 0.945139 0.907031 0.106944 0.178125 0.0011692
57 0.858333 0.692969 0.277778 0.107813 0.00101662
59 0.551389 0.745313 0.897222 0.490625 0.181885
59 0.55 0.628125 0.9 0.720313 0.167236
59 0.545833 0.820312 0.904167 0.342187 0.106689
72 0.488889 0.609375 0.213889 0.234375 0.0299835
73 0.946528 0.851562 0.106944 0.065625 0.0272675
39 0.213889 0.679297 0.106944 0.114844 0.0259552
59 0.520139 0.473828 0.951389 0.927344 0.0194244
62 0.488889 0.609766 0.205556 0.235156 0.012825
73 0.211111 0.705078 0.0541667 0.0601563 0.012146
62 0.558333 0.60625 0.352778 0.234375 0.00955963
73 0.178819 0.701563 0.04375 0.071875 0.00948334
39 0.230903 0.678906 0.0784722 0.11875 0.00926971
57 0.545833 0.820312 0.904167 0.342187 0.00812531
39 0.204167 0.698828 0.0930556 0.0773438 0.00803375
56 0.560417 0.606641 0.359722 0.236719 0.00748825
72 0.558333 0.60625 0.352778 0.234375 0.00703812
39 0.211111 0.704688 0.0569444 0.0640625 0.00661469
73 0.199306 0.700781 0.0777778 0.0734375 0.0064621
56 0.944792 0.907813 0.110417 0.178125 0.00577545
56 0.549306 0.610938 0.901389 0.760938 0.00518036
62 0.584722 0.403125 0.0916667 0.121875 0.00374985
57 0.54375 0.744531 0.909722 0.49375 0.00353813
58 0.520833 0.452734 0.95 0.886719 0.00329781
39 0.220486 0.642188 0.0368056 0.04375 0.00246239
56 0.582118 0.725 0.835764 0.521875 0.00233269
39 0.224306 0.646094 0.0513889 0.053125 0.00216484
57 0.55 0.628125 0.9 0.720313 0.00203514
59 0.603125 0.389453 0.79375 0.702344 0.00184631
41 0.180556 0.699219 0.0520833 0.0671875 0.00182438
39 0.183333 0.702344 0.0451389 0.071875 0.00174141
0 0.232292 0.678125 0.0826389 0.11875 0.00148964
73 0.245833 0.701563 0.0263889 0.0640625 0.0014782
58 0.232292 0.678125 0.0826389 0.11875 0.00145531
73 0.245833 0.699219 0.0388889 0.06875 0.00145531
73 0.488889 0.609766 0.205556 0.235156 0.00145531
60 0.545833 0.820312 0.904167 0.342187 0.00144386
73 0.225694 0.698047 0.0847222 0.0734375 0.00140476
58 0.211892 0.451562 0.42066 0.839063 0.00128937
73 0.944444 0.90625 0.108333 0.178125 0.0012598
59 0.530556 0.885938 0.844444 0.215625 0.00123978
39 0.176389 0.700781 0.0416667 0.06875 0.00118351
75 0.215972 0.679688 0.115278 0.119531 0.0011425
59 0.560417 0.606641 0.359722 0.236719 0.00112438
69 0.488889 0.609375 0.213889 0.234375 0.00112057
13 0.549826 0.829883 0.900347 0.324609 0.00105286
56 0.490278 0.610938 0.205556 0.2375 0.00101185
59 0.549653 0.651563 0.900694 0.676562 0.250244
59 0.546007 0.819531 0.905208 0.34375 0.146606
73 0.946528 0.851562 0.106944 0.065625 0.0347595
72 0.488889 0.609375 0.213889 0.234375 0.0323486
39 0.213194 0.678906 0.106944 0.114063 0.0248871
73 0.211111 0.705078 0.0541667 0.0601563 0.0143356
59 0.518229 0.474609 0.955208 0.928906 0.014061
62 0.488889 0.609375 0.205556 0.235938 0.0120544
73 0.179167 0.701563 0.04375 0.071875 0.0103302
39 0.230903 0.678516 0.0770833 0.11875 0.00948334
56 0.561111 0.607031 0.361111 0.2375 0.00874329
62 0.558333 0.60625 0.352778 0.234375 0.00871277
39 0.203125 0.699219 0.0916667 0.0765625 0.00793457
72 0.558333 0.60625 0.352778 0.234375 0.00757599
73 0.199306 0.700781 0.0777778 0.0734375 0.00751877
39 0.210764 0.704688 0.0569444 0.0625 0.00664139
56 0.945139 0.907813 0.109722 0.178125 0.00619125
57 0.546007 0.819531 0.905208 0.34375 0.00582123
56 0.549306 0.619922 0.901389 0.742969 0.0046463
62 0.584028 0.403125 0.0930556 0.121875 0.00395966
58 0.522222 0.453125 0.947222 0.889063 0.00378036
57 0.543056 0.726172 0.911111 0.532031 0.00336266
39 0.220139 0.641406 0.0361111 0.04375 0.00311089
39 0.223611 0.645312 0.0486111 0.0515625 0.00268364
59 0.579861 0.389453 0.838889 0.738281 0.00257111
56 0.580556 0.727734 0.838889 0.516406 0.00235939
39 0.183681 0.702344 0.0451389 0.071875 0.00194168
41 0.180556 0.698828 0.0513889 0.0671875 0.00192642
73 0.488889 0.609375 0.205556 0.235938 0.00175476
73 0.944444 0.90625 0.108333 0.178125 0.0016489
73 0.246528 0.699219 0.0361111 0.06875 0.00161076
73 0.227778 0.698438 0.0805556 0.0734375 0.0015974
73 0.245833 0.701953 0.0263889 0.0640625 0.00158501
59 0.561111 0.607031 0.361111 0.2375 0.00153065
59 0.522222 0.904688 0.823611 0.18125 0.00141048
0 0.232292 0.678125 0.0826389 0.117969 0.00132465
58 0.221181 0.453125 0.439583 0.846875 0.00132465
58 0.232292 0.678125 0.0826389 0.117969 0.00126457
58 0.945833 0.907813 0.108333 0.18125 0.0012598
69 0.488889 0.609375 0.213889 0.234375 0.00123978
39 0.176389 0.700781 0.0416667 0.06875 0.0012064
56 0.489583 0.610938 0.206944 0.2375 0.0011692
58 0.194792 0.518652 0.379861 0.525195 0.00112438
65 0.946528 0.85 0.106944 0.0625 0.0011158
73 0.210764 0.679688 0.10625 0.115625 0.00100803
59 0.548611 0.668848 0.902778 0.645117 0.399902
59 0.549826 0.813281 0.897569 0.351562 0.197388
72 0.488889 0.608984 0.213889 0.234375 0.0328369
73 0.946528 0.851562 0.106944 0.065625 0.0319824
39 0.212847 0.678906 0.10625 0.114063 0.0158386
73 0.211111 0.705078 0.0541667 0.0601563 0.0150146
59 0.515278 0.474219 0.961111 0.93125 0.0120544
56 0.561111 0.607031 0.361111 0.2375 0.0102081
62 0.488889 0.609375 0.208333 0.235938 0.0100098
73 0.179861 0.701563 0.0444444 0.071875 0.00888062
72 0.559722 0.60625 0.355556 0.234375 0.00815582
62 0.559722 0.60625 0.355556 0.234375 0.00757599
73 0.198958 0.700781 0.0777778 0.0734375 0.00748825
39 0.230556 0.678125 0.0756944 0.11875 0.00671768
56 0.945139 0.907031 0.109722 0.179688 0.005867
39 0.202083 0.699219 0.0902778 0.075 0.00527954
57 0.54566 0.817969 0.905903 0.348438 0.00502014
56 0.549306 0.627246 0.901389 0.729883 0.00486755
39 0.210417 0.704688 0.0569444 0.0625 0.0046463
57 0.54184 0.7 0.913542 0.585938 0.00403976
62 0.583333 0.403027 0.0944444 0.12207 0.00356483
58 0.520139 0.453125 0.951389 0.890625 0.00345612
39 0.220139 0.641406 0.0354167 0.0421875 0.00335121
39 0.222917 0.644531 0.0472222 0.05 0.00279999
59 0.585938 0.388281 0.828125 0.740625 0.00256157
59 0.561111 0.607031 0.361111 0.2375 0.00248146
58 0.945833 0.907031 0.108333 0.18125 0.00179577
73 0.246528 0.699609 0.0361111 0.06875 0.00158501
73 0.944444 0.90625 0.108333 0.18125 0.00157928
41 0.180556 0.698828 0.0527778 0.0671875 0.00156116
73 0.245833 0.701953 0.025 0.0640625 0.00153065
39 0.183681 0.702344 0.0451389 0.071875 0.00150681
73 0.488889 0.609375 0.208333 0.235938 0.0014782
73 0.227083 0.698047 0.0805556 0.0726563 0.00143242
69 0.488889 0.608984 0.213889 0.234375 0.00141048
59 0.522222 0.904688 0.825 0.18125 0.00135612
56 0.598264 0.728906 0.803472 0.514063 0.00131989
58 0.232292 0.678125 0.0826389 0.11875 0.00123024
0 0.232292 0.678125 0.0826389 0.11875 0.00112915
13 0.944444 0.90625 0.108333 0.18125 0.00105667
59 0.546701 0.666016 0.906597 0.652344 0.530273
59 0.547222 0.812695 0.897222 0.355859 0.235107
72 0.488889 0.608984 0.213889 0.233594 0.0340881
73 0.946528 0.851562 0.106944 0.065625 0.0324707
73 0.211111 0.705078 0.0534722 0.059375 0.0153046
59 0.509722 0.473828 0.969444 0.930469 0.0124283
56 0.560417 0.607031 0.359722 0.2375 0.0116882
62 0.488889 0.609375 0.208333 0.234375 0.0109024
62 0.559028 0.60625 0.354167 0.233594 0.00997162
39 0.2125 0.678906 0.10625 0.114063 0.00971222
73 0.179167 0.701563 0.0444444 0.071875 0.00800323
59 0.624826 0.729688 0.750347 0.509375 0.00793457
72 0.559028 0.60625 0.354167 0.233594 0.00784302
73 0.198611 0.700781 0.0777778 0.0734375 0.00706482
56 0.945833 0.907031 0.108333 0.179688 0.00564194
57 0.542361 0.681641 0.9125 0.622656 0.00482941
39 0.230208 0.678125 0.0743056 0.11875 0.0042305
57 0.545833 0.817969 0.904167 0.348438 0.0042305
56 0.543056 0.640234 0.909722 0.702344 0.00419998
62 0.583333 0.403027 0.0944444 0.12207 0.00378036
39 0.209722 0.704688 0.0569444 0.0625 0.00332451
39 0.201389 0.699219 0.0888889 0.075 0.00327301
39 0.220486 0.641406 0.0354167 0.0421875 0.00322342
59 0.560417 0.607031 0.359722 0.2375 0.00288963
39 0.222569 0.644531 0.0465278 0.05 0.0026722
58 0.945833 0.90625 0.106944 0.18125 0.00264168
39 0.216667 0.703906 0.0402778 0.0617188 0.0026207
58 0.514583 0.451953 0.959722 0.889844 0.00257111
59 0.589583 0.388281 0.820833 0.735938 0.00235939
73 0.488889 0.609375 0.208333 0.234375 0.00182438
69 0.488889 0.608984 0.213889 0.233594 0.00169373
73 0.245833 0.701953 0.0243056 0.0632813 0.00160408
73 0.246528 0.7 0.0347222 0.06875 0.00157928
73 0.945833 0.90625 0.108333 0.18125 0.00143242
13 0.945833 0.90625 0.108333 0.18125 0.00138855
58 0.232639 0.678125 0.0833333 0.11875 0.00134563
73 0.227431 0.698438 0.0798611 0.071875 0.00127411
41 0.180556 0.698438 0.0527778 0.0671875 0.00126457
59 0.523438 0.904688 0.828125 0.18125 0.00121593
39 0.183681 0.702344 0.0451389 0.071875 0.00121117
56 0.502778 0.609375 0.236111 0.239063 0.00109482
73 0.209722 0.683594 0.104167 0.10625 0.00109005
0 0.232639 0.678125 0.0833333 0.11875 0.00102806
59 0.544792 0.665625 0.910417 0.65 0.556641
59 0.54566 0.810938 0.897569 0.35625 0.234375
72 0.488889 0.608594 0.2125 0.232813 0.0332031
73 0.946181 0.851562 0.107639 0.065625 0.0318604
59 0.508333 0.470313 0.969444 0.921875 0.0151901
73 0.211111 0.705469 0.0541667 0.059375 0.0142288
62 0.559028 0.60625 0.352778 0.232813 0.0124283
56 0.559722 0.607813 0.355556 0.235938 0.0122375
62 0.489583 0.608984 0.206944 0.233594 0.0112915
72 0.559028 0.60625 0.352778 0.232813 0.00828552
39 0.2125 0.678906 0.106944 0.114063 0.00725937
57 0.542361 0.675 0.911111 0.635938 0.0068512
73 0.179861 0.701563 0.0458333 0.071875 0.00677109
73 0.198611 0.700781 0.0777778 0.0734375 0.00629044
56 0.945833 0.907031 0.108333 0.179688 0.00542831
56 0.543229 0.639844 0.907986 0.701563 0.00443268
57 0.545833 0.818945 0.902778 0.346484 0.00415039
62 0.583333 0.402734 0.0944444 0.121875 0.00365067
39 0.229861 0.678125 0.075 0.117969 0.00314713
39 0.209375 0.704688 0.0583333 0.0617188 0.00279045
58 0.945833 0.90625 0.105556 0.18125 0.00271416
59 0.588889 0.385547 0.819444 0.733594 0.0026722
39 0.201042 0.699219 0.0881944 0.075 0.00252151
39 0.220486 0.641406 0.0354167 0.0421875 0.00237846
59 0.559722 0.607813 0.355556 0.235938 0.00226974
69 0.488889 0.608594 0.2125 0.232813 0.00219917
73 0.489583 0.608984 0.206944 0.233594 0.00215721
39 0.217014 0.703906 0.0402778 0.0609375 0.0020504
39 0.222917 0.644531 0.0472222 0.05 0.0019722
56 0.505556 0.608984 0.238889 0.238281 0.00190449
73 0.945833 0.90625 0.108333 0.18125 0.00167465
59 0.649306 0.725 0.626389 0.490625 0.00162888
13 0.945833 0.90625 0.108333 0.18125 0.00150108
59 0.522917 0.904688 0.830556 0.18125 0.00144386
58 0.514583 0.449219 0.956944 0.882812 0.00134563
73 0.245833 0.702344 0.025 0.0625 0.00132465
73 0.246875 0.7 0.0347222 0.06875 0.00131512
58 0.231944 0.677734 0.0833333 0.117969 0.00115585
63 0.559722 0.607813 0.355556 0.235938 0.00107765
58 0.224306 0.454688 0.443056 0.85 0.00103188
73 0.227431 0.698438 0.0798611 0.071875 0.00100803
59 0.545833 0.658691 0.908333 0.663867 0.515625
59 0.546528 0.812305 0.895833 0.353516 0.204956
72 0.488889 0.608594 0.2125 0.232813 0.0304413
59 0.508333 0.469922 0.969444 0.919531 0.0263519
73 0.946181 0.851562 0.107639 0.065625 0.0216217
73 0.211111 0.705469 0.0527778 0.059375 0.0129242
56 0.559722 0.607813 0.355556 0.235938 0.0113297
62 0.559028 0.60625 0.351389 0.232813 0.0108185
62 0.489583 0.608594 0.206944 0.232813 0.00985718
72 0.559028 0.60625 0.351389 0.232813 0.00841522
39 0.2125 0.678906 0.106944 0.114063 0.00593567
73 0.198611 0.700781 0.0777778 0.0726563 0.0055542
57 0.541667 0.665625 0.9125 0.654688 0.00534439
73 0.179167 0.701563 0.0444444 0.071875 0.0053215
73 0.946528 0.867188 0.106944 0.096875 0.00486755
56 0.945833 0.905469 0.105556 0.179688 0.00453949
59 0.586111 0.386328 0.825 0.736719 0.00416565
56 0.543229 0.637598 0.907986 0.70293 0.00390053
62 0.582639 0.402734 0.0958333 0.121875 0.00323486
57 0.54566 0.818555 0.903125 0.344141 0.0026722
69 0.488889 0.608594 0.2125 0.232813 0.00256157
39 0.229167 0.678125 0.0777778 0.117969 0.00255013
59 0.559722 0.607813 0.355556 0.235938 0.00252151
39 0.209375 0.704688 0.0583333 0.0617188 0.00250244
58 0.945833 0.90625 0.105556 0.18125 0.00237846
73 0.489583 0.608594 0.206944 0.232813 0.00222588
39 0.201389 0.698828 0.0888889 0.075 0.00211525
56 0.506944 0.609375 0.240278 0.2375 0.00211525
59 0.653472 0.724219 0.618056 0.485938 0.00188255
39 0.220486 0.641406 0.0361111 0.0421875 0.00178242
39 0.217708 0.703906 0.0388889 0.0609375 0.00175476
13 0.945833 0.905469 0.105556 0.18125 0.00175476
73 0.945833 0.905469 0.105556 0.18125 0.0015192
39 0.222917 0.644531 0.0472222 0.0492188 0.00150108
59 0.525694 0.903906 0.830556 0.18125 0.00146103
63 0.559722 0.607813 0.355556 0.235938 0.00126457
73 0.245833 0.702344 0.025 0.0625 0.00113773
58 0.231597 0.677734 0.0840278 0.117969 0.00112438
73 0.247222 0.7 0.0333333 0.0671875 0.00109005
62 0.58125 0.399609 0.1125 0.151562 0.00102425
59 0.547222 0.658203 0.905556 0.666406 0.46875
59 0.548611 0.812305 0.894444 0.353516 0.206299
59 0.5125 0.468359 0.963889 0.916406 0.0806274
72 0.488889 0.609375 0.211111 0.232813 0.0265503
73 0.946181 0.851562 0.107639 0.065625 0.0192719
73 0.211458 0.705469 0.0520833 0.0585938 0.0116425
59 0.584722 0.385547 0.827778 0.741406 0.0113297
62 0.559028 0.60625 0.351389 0.232813 0.0103302
62 0.489583 0.608594 0.206944 0.232813 0.00989532
56 0.559722 0.607813 0.355556 0.235938 0.0091629
72 0.559028 0.60625 0.351389 0.232813 0.0064888
73 0.218056 0.703906 0.0375 0.0609375 0.00584412
73 0.197917 0.700781 0.0777778 0.0726563 0.00498199
39 0.2125 0.678906 0.108333 0.113281 0.00488663
73 0.946528 0.871875 0.106944 0.10625 0.00482941
56 0.946528 0.905469 0.106944 0.179688 0.00471878
73 0.178472 0.701563 0.0430556 0.071875 0.00434875
57 0.540278 0.658203 0.915278 0.671094 0.00351143
56 0.542361 0.637598 0.909722 0.704492 0.00331116
59 0.559722 0.607813 0.355556 0.235938 0.00279045
69 0.488889 0.609375 0.211111 0.232813 0.00266266
62 0.582639 0.402344 0.0958333 0.121875 0.00258064
73 0.489583 0.608594 0.206944 0.232813 0.0024147
39 0.229167 0.678125 0.0791667 0.11875 0.00231361
73 0.945833 0.90625 0.106944 0.18125 0.00208282
39 0.209028 0.704688 0.0590278 0.0625 0.00205803
56 0.509722 0.609375 0.245833 0.236719 0.00204277
13 0.945833 0.90625 0.106944 0.18125 0.00201988
59 0.654861 0.724609 0.627778 0.488281 0.00186729
39 0.201389 0.699219 0.0895833 0.075 0.00164223
58 0.946528 0.90625 0.106944 0.18125 0.00157356
39 0.220833 0.641406 0.0361111 0.0421875 0.00154877
39 0.218056 0.703906 0.0375 0.0609375 0.00153065
57 0.544444 0.818945 0.906944 0.346484 0.00151253
39 0.223264 0.644531 0.0486111 0.0484375 0.00142097
59 0.525694 0.903906 0.829167 0.18125 0.00138855
63 0.559722 0.607813 0.355556 0.235938 0.00124454
62 0.581944 0.4 0.113889 0.151562 0.00105667
59 0.547917 0.666797 0.901389 0.652344 0.46875
59 0.55 0.811719 0.893056 0.354688 0.225464
59 0.513715 0.465625 0.961458 0.9125 0.110474
72 0.488889 0.608594 0.211111 0.232813 0.0193481
59 0.5875 0.383594 0.822222 0.742188 0.016922
73 0.946528 0.851562 0.106944 0.065625 0.0162811
59 0.627778 0.729688 0.743056 0.509375 0.0104523
73 0.211458 0.705469 0.0520833 0.059375 0.0103683
56 0.561111 0.607813 0.358333 0.235156 0.00828552
62 0.490278 0.608594 0.206944 0.233594 0.00803375
62 0.559028 0.60625 0.35 0.232813 0.00734711
73 0.218403 0.703906 0.0368056 0.0609375 0.00502014
56 0.946528 0.905469 0.106944 0.179688 0.00471878
73 0.946181 0.875 0.107639 0.1125 0.00466537
73 0.197917 0.700781 0.0784722 0.0726563 0.00434875
39 0.2125 0.678906 0.108333 0.113281 0.00429916
72 0.559028 0.60625 0.35 0.232813 0.00408554
73 0.178472 0.701563 0.0444444 0.071875 0.00348282
59 0.561111 0.607813 0.358333 0.235156 0.00336266
56 0.54566 0.638281 0.903125 0.7125 0.00255013
13 0.946528 0.90625 0.106944 0.18125 0.00234985
73 0.490278 0.608594 0.206944 0.233594 0.00226021
57 0.541667 0.664746 0.913889 0.658008 0.00220871
39 0.229167 0.678125 0.0819444 0.11875 0.00219154
73 0.945833 0.904688 0.106944 0.18125 0.00214958
69 0.488889 0.608594 0.211111 0.232813 0.00208282
56 0.509722 0.608984 0.247222 0.236719 0.00193405
39 0.208681 0.704688 0.0590278 0.0625 0.00181007
62 0.583333 0.402246 0.0972222 0.12207 0.00176144
58 0.946528 0.90625 0.106944 0.18125 0.00148964
39 0.201736 0.698438 0.0902778 0.075 0.00140476
39 0.218403 0.703906 0.0368056 0.0609375 0.00127411
39 0.220833 0.641797 0.0368056 0.0429688 0.00116062
39 0.224306 0.644531 0.0513889 0.05 0.00115585
57 0.545833 0.81875 0.905556 0.346875 0.00108147
59 0.549826 0.691797 0.897569 0.607031 0.5
59 0.550694 0.7875 0.893056 0.407813 0.213379
59 0.521528 0.4625 0.948611 0.90625 0.112793
59 0.59375 0.382812 0.811111 0.740625 0.0230713
72 0.488889 0.608594 0.211111 0.232813 0.0139542
73 0.946528 0.851562 0.106944 0.065625 0.0109863
73 0.212153 0.705469 0.05 0.059375 0.0091629
56 0.561806 0.607813 0.358333 0.235938 0.00669098
62 0.490278 0.608594 0.205556 0.234375 0.00658798
62 0.559722 0.60625 0.35 0.233594 0.00593567
56 0.945833 0.905469 0.108333 0.179688 0.00468063
73 0.219444 0.703906 0.0340278 0.0609375 0.0046463
73 0.197917 0.700781 0.0777778 0.0734375 0.0039444
73 0.946181 0.879687 0.107639 0.121875 0.00385475
13 0.946528 0.90625 0.106944 0.18125 0.00340271
73 0.179167 0.701563 0.0444444 0.0726563 0.00314713
39 0.212153 0.678906 0.107639 0.113281 0.0029583
59 0.561806 0.607813 0.358333 0.235938 0.00279045
72 0.559722 0.60625 0.35 0.233594 0.00276756
56 0.547917 0.641406 0.901389 0.707812 0.00235939
57 0.543229 0.678809 0.910764 0.631445 0.00189686
73 0.945833 0.905469 0.105556 0.18125 0.00167465
39 0.229167 0.678125 0.0819444 0.11875 0.00158501
69 0.488889 0.608594 0.211111 0.232813 0.00140476
62 0.583333 0.401953 0.0972222 0.122656 0.00132465
73 0.490278 0.608594 0.205556 0.234375 0.00130939
39 0.208681 0.704297 0.0590278 0.0625 0.00130463
58 0.946528 0.90625 0.106944 0.18125 0.00129414
28 0.945833 0.907031 0.108333 0.179688 0.00105667
59 0.550694 0.691797 0.898611 0.610156 0.513672
59 0.551215 0.782031 0.894792 0.417188 0.209473
59 0.521528 0.465234 0.948611 0.913281 0.120422
59 0.597569 0.382422 0.804861 0.749219 0.0270691
72 0.488889 0.608594 0.211111 0.232813 0.00891876
73 0.212847 0.705469 0.0479167 0.0578125 0.00712204
73 0.946181 0.851562 0.107639 0.065625 0.00551224
56 0.945833 0.90625 0.108333 0.18125 0.00452042
62 0.491667 0.608594 0.208333 0.234375 0.00434875
62 0.559722 0.60625 0.35 0.234375 0.00395966
73 0.220139 0.703906 0.0319444 0.059375 0.00385475
73 0.206944 0.703125 0.0465278 0.065625 0.0037365
56 0.563889 0.608594 0.361111 0.235938 0.00362206
13 0.945833 0.905469 0.108333 0.179688 0.00336266
73 0.197917 0.700781 0.0763889 0.0734375 0.00319672
56 0.546007 0.643359 0.907986 0.708594 0.00307465
73 0.178472 0.701563 0.0430556 0.071875 0.00237846
73 0.946181 0.882031 0.107639 0.128125 0.00218201
57 0.54375 0.684277 0.909722 0.618945 0.00203514
59 0.563889 0.608594 0.361111 0.235938 0.00193405
39 0.211806 0.678906 0.105556 0.113281 0.00188255
72 0.559722 0.60625 0.35 0.234375 0.00177479
0 0.546007 0.643359 0.907986 0.708594 0.00124454
39 0.227778 0.678125 0.0847222 0.117188 0.00104809
73 0.945833 0.90625 0.105556 0.18125 0.00103188
69 0.488889 0.608594 0.211111 0.232813 0.00102425
58 0.945833 0.90625 0.108333 0.18125 0.00101662
59 0.55 0.689063 0.9 0.614062 0.535156
59 0.543056 0.794531 0.911111 0.39375 0.216675
59 0.519444 0.466406 0.952778 0.915625 0.11554
59 0.596701 0.383691 0.806597 0.751367 0.024704
72 0.489583 0.608594 0.211111 0.232813 0.0085144
73 0.212847 0.705469 0.0479167 0.0578125 0.00605011
73 0.946181 0.852344 0.107639 0.065625 0.00475693
56 0.945833 0.90625 0.108333 0.18125 0.00432968
56 0.546007 0.646875 0.907986 0.701563 0.00413513
62 0.491667 0.608984 0.208333 0.235156 0.00382423
13 0.945833 0.90625 0.108333 0.178125 0.00355148
62 0.559722 0.60625 0.35 0.232813 0.00351143
56 0.554167 0.608594 0.338889 0.235938 0.00337601
73 0.220139 0.704297 0.0319444 0.059375 0.00336266
73 0.206944 0.703125 0.0472222 0.065625 0.00322342
73 0.197917 0.700781 0.0777778 0.0734375 0.00275803
57 0.543056 0.679688 0.9125 0.628125 0.00258064
73 0.179167 0.701563 0.0444444 0.071875 0.0019722
73 0.946181 0.882031 0.107639 0.126563 0.00183868
72 0.559722 0.60625 0.35 0.232813 0.00173378
39 0.211806 0.678906 0.106944 0.1125 0.00155449
0 0.546007 0.646875 0.907986 0.701563 0.00136662
59 0.563194 0.608594 0.361111 0.235938 0.00126457
57 0.546528 0.810742 0.905556 0.359766 0.00112438
59 0.548438 0.689063 0.903125 0.614062 0.569824
59 0.540278 0.792969 0.916667 0.395313 0.237915
59 0.517361 0.469531 0.955556 0.920313 0.105957
59 0.599479 0.385938 0.801042 0.754687 0.0250854
72 0.490278 0.608984 0.211111 0.233594 0.00591278
56 0.54566 0.651563 0.908681 0.695312 0.0046463
73 0.213194 0.705859 0.0472222 0.0570313 0.00457382
56 0.945833 0.907031 0.108333 0.18125 0.00369263
13 0.945833 0.90625 0.108333 0.178125 0.00345612
56 0.55 0.608594 0.333333 0.235938 0.00319672
57 0.54184 0.682813 0.913542 0.621875 0.00307465
73 0.946181 0.851562 0.107639 0.065625 0.00291252
62 0.559722 0.606641 0.35 0.233594 0.00279045
62 0.493056 0.609375 0.211111 0.235938 0.00274658
73 0.220833 0.704688 0.0305556 0.0578125 0.00259018
73 0.206944 0.703906 0.0444444 0.0640625 0.00247192
73 0.198611 0.701172 0.0756944 0.0726563 0.00226021
73 0.179861 0.701563 0.0444444 0.071875 0.00152493
0 0.54566 0.651563 0.908681 0.695312 0.00148964
57 0.545139 0.809375 0.906944 0.364063 0.00125504
73 0.946528 0.882812 0.106944 0.128125 0.00123978
72 0.559722 0.606641 0.35 0.233594 0.00116062
39 0.211806 0.678906 0.106944 0.1125 0.00107765
59 0.544444 0.666016 0.911111 0.661719 0.604004
59 0.538194 0.792383 0.920833 0.396484 0.265869
59 0.514583 0.469141 0.959722 0.921094 0.0946655
59 0.59809 0.386816 0.803819 0.75918 0.0258636
72 0.490278 0.609375 0.211111 0.234375 0.00462723
56 0.547222 0.655859 0.905556 0.688281 0.00450516
73 0.213194 0.70625 0.0465278 0.05625 0.00397491
57 0.543056 0.6875 0.911111 0.610938 0.00385475
56 0.945833 0.907031 0.108333 0.18125 0.00302696
13 0.945833 0.90625 0.108333 0.178125 0.00298119
73 0.946528 0.851562 0.106944 0.065625 0.00293541
56 0.548611 0.608594 0.329167 0.2375 0.00282288
62 0.559722 0.607031 0.351389 0.234375 0.00261116
62 0.493056 0.610156 0.211111 0.2375 0.00236893
73 0.221528 0.704688 0.0291667 0.0578125 0.00228691
73 0.206944 0.704688 0.0430556 0.0640625 0.00223351
73 0.199306 0.701563 0.0743056 0.071875 0.00214958
57 0.545833 0.806445 0.905556 0.371484 0.00151253
73 0.179861 0.701563 0.0444444 0.071875 0.00139904
0 0.547222 0.655859 0.905556 0.688281 0.00139904
73 0.946528 0.882031 0.106944 0.126563 0.00124454
59 0.542361 0.665234 0.915278 0.663281 0.660156
59 0.535417 0.788281 0.925 0.403125 0.250977
59 0.509722 0.470313 0.969444 0.925 0.135254
59 0.594792 0.391797 0.810417 0.774219 0.0344849
56 0.546528 0.659766 0.906944 0.678906 0.00547028
57 0.543056 0.68291 0.909722 0.618555 0.00429916
72 0.490972 0.609375 0.2125 0.234375 0.00333786
73 0.946528 0.851562 0.106944 0.065625 0.00332451
56 0.546528 0.608594 0.327778 0.2375 0.00300407
73 0.2125 0.70625 0.0486111 0.05625 0.00288963
56 0.945833 0.90625 0.108333 0.18125 0.00253105
13 0.945833 0.90625 0.108333 0.178125 0.00223351
62 0.559722 0.607031 0.352778 0.234375 0.0020504
62 0.493056 0.610156 0.2125 0.239063 0.00185299
73 0.220833 0.705078 0.0305556 0.0578125 0.00162888
73 0.199306 0.701563 0.075 0.071875 0.00162315
0 0.546528 0.659766 0.906944 0.678906 0.00154877
73 0.946528 0.882031 0.106944 0.126563 0.00143242
57 0.545139 0.802344 0.905556 0.378125 0.00142097
59 0.546528 0.608594 0.327778 0.2375 0.00123024
59 0.541667 0.664062 0.916667 0.660937 0.705566
59 0.535417 0.785937 0.925 0.407813 0.20813
59 0.50625 0.471094 0.976389 0.926562 0.156616
59 0.594097 0.392969 0.811806 0.778125 0.0450134
56 0.546528 0.663281 0.906944 0.670313 0.00643921
57 0.543056 0.678125 0.908333 0.628125 0.00426483
73 0.946528 0.851562 0.106944 0.065625 0.0041008
56 0.546528 0.608203 0.329167 0.236719 0.00335121
72 0.491667 0.609375 0.213889 0.234375 0.00261116
73 0.211806 0.70625 0.05 0.0578125 0.00233269
56 0.945833 0.90625 0.108333 0.18125 0.00209999
0 0.546528 0.663281 0.906944 0.670313 0.00203514
13 0.945833 0.90625 0.108333 0.178125 0.00198746
62 0.559722 0.606641 0.352778 0.234375 0.00185299
73 0.946528 0.876563 0.106944 0.115625 0.00178242
59 0.546528 0.608203 0.329167 0.236719 0.0016613
62 0.493056 0.610156 0.213889 0.239063 0.00153065
59 0.443056 0.575391 0.856944 0.652344 0.00144386
73 0.220139 0.704688 0.0319444 0.0578125 0.00134563
73 0.198611 0.701563 0.0763889 0.071875 0.00131989
57 0.545139 0.801367 0.904167 0.378516 0.00117874
58 0.508333 0.442969 0.973611 0.871875 0.00109863
59 0.540972 0.658594 0.916667 0.670313 0.726562
59 0.535417 0.775 0.923611 0.428125 0.141724
59 0.530208 0.435156 0.939583 0.864062 0.110474
56 0.547396 0.664062 0.905208 0.665625 0.008255
57 0.542882 0.670703 0.905903 0.641406 0.00494385
56 0.547222 0.608203 0.330556 0.236719 0.00351143
73 0.946528 0.851562 0.106944 0.065625 0.00345612
0 0.547396 0.664062 0.905208 0.665625 0.00276756
59 0.547222 0.608203 0.330556 0.236719 0.00229645
72 0.491667 0.609375 0.216667 0.234375 0.00221634
56 0.945833 0.90625 0.108333 0.178125 0.00192642
58 0.503472 0.44375 0.981944 0.873438 0.0018177
59 0.447917 0.578223 0.870833 0.660742 0.00179577
73 0.211111 0.70625 0.0513889 0.0578125 0.00175476
13 0.945833 0.90625 0.108333 0.178125 0.00154305
73 0.946528 0.878125 0.106944 0.11875 0.00151253
62 0.559722 0.60625 0.354167 0.234375 0.00143814
73 0.205556 0.703906 0.0680556 0.0640625 0.00129986
62 0.497222 0.608203 0.225 0.234375 0.00118828
60 0.503472 0.44375 0.981944 0.873438 0.00110722
73 0.220139 0.705078 0.0333333 0.0585938 0.00105667
59 0.542361 0.657715 0.913889 0.668945 0.740234
59 0.536806 0.761719 0.920833 0.454688 0.0960083
59 0.5 0.473828 0.986111 0.928906 0.0838623
59 0.595833 0.389062 0.808333 0.767188 0.0240479
56 0.545833 0.664062 0.905556 0.660937 0.00919342
57 0.54375 0.668359 0.906944 0.646094 0.00492477
56 0.544444 0.607813 0.325 0.235938 0.00309944
59 0.544444 0.607813 0.325 0.235938 0.00302696
73 0.946181 0.851562 0.107639 0.065625 0.00271416
0 0.545833 0.664062 0.905556 0.660937 0.00258064
72 0.492361 0.609375 0.219444 0.234375 0.00222588
58 0.5 0.445312 0.9875 0.875 0.00183105
56 0.945833 0.90625 0.108333 0.178125 0.00176811
73 0.211111 0.70625 0.0527778 0.0578125 0.00173378
59 0.44566 0.580078 0.869792 0.664844 0.00168705
13 0.945833 0.90625 0.108333 0.176563 0.00129986
73 0.205903 0.703906 0.0680556 0.0640625 0.00122547
62 0.559722 0.606641 0.354167 0.233594 0.0012207
60 0.5 0.445312 0.9875 0.875 0.00120163
73 0.946528 0.882812 0.106944 0.128125 0.0011425
73 0.219444 0.705469 0.0333333 0.0578125 0.00109482
62 0.494444 0.608594 0.216667 0.233594 0.00104809
73 0.945139 0.90625 0.108333 0.178125 0.00104046
59 0.544618 0.658984 0.910764 0.666406 0.754883
59 0.521007 0.427734 0.957986 0.839844 0.0568542
59 0.547396 0.795313 0.902431 0.3875 0.0346069
56 0.547222 0.664746 0.904167 0.656445 0.0108185
57 0.544444 0.666016 0.905556 0.650781 0.00448608
56 0.540972 0.607813 0.315278 0.235938 0.00374985
59 0.540972 0.607813 0.315278 0.235938 0.00332451
73 0.946181 0.851562 0.107639 0.065625 0.0024147
58 0.494618 0.45 0.982986 0.88125 0.00225258
0 0.547222 0.664746 0.904167 0.656445 0.00219917
72 0.493056 0.609375 0.219444 0.234375 0.00215721
73 0.210417 0.70625 0.0527778 0.0578125 0.00209999
56 0.945833 0.90625 0.108333 0.176563 0.0016489
73 0.219097 0.705078 0.0347222 0.0585938 0.00135136
60 0.5 0.444531 0.986111 0.871875 0.00130463
59 0.421528 0.617871 0.795833 0.737695 0.00129986
62 0.559722 0.606641 0.352778 0.232813 0.00117874
73 0.2 0.701563 0.0756944 0.071875 0.00113392
13 0.945833 0.90625 0.108333 0.176563 0.0011158
73 0.945139 0.90625 0.108333 0.178125 0.00111198
62 0.494444 0.608594 0.218056 0.232813 0.00104046
59 0.546528 0.662402 0.906944 0.65957 0.796875
59 0.519271 0.417969 0.958681 0.817187 0.0420837
59 0.547222 0.79082 0.902778 0.396484 0.0197906
56 0.548611 0.664453 0.902778 0.655469 0.0125732
56 0.538889 0.607813 0.308333 0.234375 0.00446701
59 0.538889 0.607813 0.308333 0.234375 0.00382423
57 0.545139 0.665723 0.906944 0.651367 0.00353813
73 0.946528 0.851562 0.106944 0.065625 0.00276756
73 0.210417 0.70625 0.0541667 0.0578125 0.0026722
72 0.493056 0.609375 0.219444 0.234375 0.00201035
73 0.21875 0.705469 0.0354167 0.0578125 0.00182438
58 0.493056 0.45 0.977778 0.879687 0.00167465
56 0.945833 0.90625 0.108333 0.176563 0.0016613
0 0.548611 0.664453 0.902778 0.655469 0.00156689
73 0.201042 0.701563 0.0736111 0.071875 0.00137806
60 0.500694 0.471875 0.984722 0.921875 0.00122547
13 0.945833 0.90625 0.108333 0.176563 0.00121593
73 0.946528 0.884375 0.106944 0.13125 0.00115108
62 0.559722 0.607031 0.352778 0.232813 0.00113392
59 0.417361 0.617188 0.776389 0.734375 0.00112438
59 0.411806 0.476562 0.8125 0.903125 0.00110722
59 0.548958 0.664941 0.902083 0.656055 0.838867
59 0.519444 0.417188 0.958333 0.8125 0.0285492
56 0.55 0.664844 0.9 0.654688 0.0131226
59 0.547917 0.781055 0.901389 0.416016 0.00538635
59 0.536111 0.607813 0.3 0.234375 0.00457382
56 0.536111 0.607813 0.3 0.234375 0.00432968
73 0.210417 0.706641 0.0527778 0.0570313 0.0039444
73 0.946528 0.851562 0.106944 0.065625 0.00302696
57 0.548611 0.660937 0.901389 0.659375 0.00288963
73 0.21875 0.705469 0.0347222 0.0578125 0.00284576
73 0.203125 0.703125 0.06875 0.06875 0.00195694
72 0.493056 0.608984 0.218056 0.234375 0.00190449
56 0.945833 0.90625 0.108333 0.178125 0.00165462
0 0.55 0.664844 0.9 0.654688 0.0012846
13 0.945833 0.90625 0.108333 0.176563 0.00127411
73 0.186806 0.701563 0.0569444 0.071875 0.00125504
73 0.946528 0.885938 0.106944 0.134375 0.00121117
58 0.502778 0.446875 0.980556 0.875 0.0011692
62 0.557639 0.607031 0.348611 0.232813 0.00114727
13 0.55 0.664844 0.9 0.654688 0.00108624
60 0.501389 0.473438 0.983333 0.925 0.00106525
62 0.494444 0.608594 0.219444 0.232813 0.00104809
59 0.551736 0.666797 0.896528 0.653906 0.865234
59 0.522917 0.419531 0.951389 0.814063 0.0196075
56 0.551389 0.665234 0.897222 0.653906 0.0109863
59 0.534722 0.607813 0.294444 0.234375 0.00498199
56 0.534722 0.607813 0.294444 0.234375 0.00434875
73 0.210764 0.707031 0.0527778 0.05625 0.0042305
73 0.946528 0.851562 0.106944 0.065625 0.00348282
73 0.21875 0.705469 0.0347222 0.0578125 0.00329781
57 0.549306 0.661328 0.898611 0.661719 0.00223351
73 0.204167 0.703125 0.0659722 0.0671875 0.00203514
59 0.548438 0.7625 0.900347 0.454688 0.00183105
72 0.493056 0.608984 0.216667 0.233594 0.0015974
56 0.945833 0.90625 0.108333 0.178125 0.00141048
73 0.946528 0.884375 0.106944 0.13125 0.00134563
62 0.556944 0.607031 0.347222 0.232813 0.00134563
73 0.185764 0.701563 0.0548611 0.071875 0.00132465
13 0.551389 0.665234 0.897222 0.653906 0.00125504
62 0.495139 0.608594 0.218056 0.232813 0.00118828
13 0.945833 0.90625 0.108333 0.176563 0.00118351
0 0.545486 0.665723 0.909028 0.660742 0.00116539
59 0.552431 0.669531 0.895139 0.65 0.881836
59 0.518229 0.418359 0.963542 0.810156 0.0158997
56 0.552083 0.667969 0.894444 0.65 0.00734711
59 0.538889 0.607813 0.305556 0.234375 0.00526047
73 0.946528 0.851562 0.106944 0.065625 0.00382423
73 0.210069 0.707031 0.0534722 0.05625 0.00367928
73 0.21875 0.705859 0.0361111 0.0578125 0.00302696
56 0.538889 0.607813 0.305556 0.234375 0.00277901
73 0.204514 0.703906 0.0652778 0.0671875 0.00171375
57 0.552083 0.667969 0.894444 0.65 0.00170708
73 0.946528 0.882812 0.106944 0.128125 0.00144386
59 0.552431 0.81875 0.895139 0.34375 0.00142097
72 0.493056 0.608594 0.216667 0.232813 0.00133514
62 0.559722 0.607422 0.352778 0.232813 0.00126457
73 0.1875 0.701563 0.0569444 0.071875 0.00117874
13 0.552083 0.667969 0.894444 0.65 0.0011692
62 0.495833 0.608594 0.219444 0.232813 0.0011425
56 0.945833 0.907031 0.108333 0.178125 0.00113392
13 0.945833 0.90625 0.108333 0.176563 0.00109482
0 0.547569 0.670996 0.904861 0.650195 0.00102425
59 0.552083 0.669922 0.895833 0.650781 0.88623
59 0.515972 0.419922 0.968056 0.813281 0.0105667
56 0.551389 0.667969 0.895833 0.651563 0.00698471
59 0.54375 0.608594 0.318056 0.234375 0.00577545
73 0.945833 0.851562 0.108333 0.0640625 0.00419998
73 0.209375 0.707031 0.0548611 0.05625 0.00292397
73 0.218056 0.705469 0.0361111 0.0578125 0.00251198
56 0.54375 0.608594 0.318056 0.234375 0.00218201
59 0.552257 0.81875 0.895486 0.34375 0.00193405
57 0.551389 0.667969 0.895833 0.651563 0.00191879
73 0.946528 0.876563 0.106944 0.115625 0.00151253
13 0.551389 0.667969 0.895833 0.651563 0.00124454
72 0.493056 0.608594 0.216667 0.232813 0.00112438
62 0.561111 0.607813 0.355556 0.232813 0.0011158
73 0.203819 0.704688 0.06875 0.0648438 0.00106049
73 0.945139 0.90625 0.108333 0.178125 0.00101185
59 0.551389 0.671094 0.897222 0.65 0.896973
59 0.513021 0.421875 0.973958 0.81875 0.00978088
56 0.550694 0.667969 0.897222 0.651563 0.00664139
59 0.545833 0.608594 0.330556 0.234375 0.00658798
73 0.945833 0.851562 0.108333 0.0640625 0.00446701
59 0.545833 0.807813 0.908333 0.367188 0.00345612
73 0.209028 0.706641 0.0555556 0.05625 0.00234222
73 0.218056 0.705469 0.0361111 0.0578125 0.00219154
57 0.550694 0.667969 0.897222 0.651563 0.00197983
73 0.946528 0.871875 0.106944 0.103125 0.00157928
56 0.545833 0.608594 0.330556 0.234375 0.00151253
13 0.550694 0.667969 0.897222 0.651563 0.00124454
59 0.550694 0.672656 0.898611 0.646875 0.908691
59 0.513889 0.423438 0.972222 0.81875 0.00812531
59 0.54375 0.608594 0.327778 0.234375 0.00656509
56 0.550694 0.669531 0.897222 0.648438 0.00626373
73 0.945833 0.851562 0.108333 0.0640625 0.00568771
59 0.546528 0.80625 0.906944 0.370313 0.00362206
73 0.209028 0.706641 0.0555556 0.05625 0.00234222
73 0.218403 0.705469 0.0354167 0.0578125 0.00226021
57 0.550694 0.669531 0.897222 0.648438 0.00206757
73 0.946528 0.865625 0.106944 0.090625 0.00200272
56 0.54375 0.608594 0.327778 0.234375 0.00145531
13 0.550694 0.669531 0.897222 0.648438 0.0011425
72 0.493056 0.609375 0.216667 0.23125 0.00109005
73 0.945139 0.907031 0.108333 0.176563 0.00104046
59 0.550694 0.674316 0.898611 0.643555 0.917969
59 0.515278 0.424609 0.969444 0.822656 0.00748825
73 0.945833 0.851562 0.108333 0.0640625 0.00653839
59 0.540972 0.608984 0.326389 0.233594 0.00582123
56 0.547917 0.66416 0.9 0.656055 0.00510025
59 0.546528 0.804688 0.906944 0.373437 0.00391388
73 0.21875 0.705469 0.0361111 0.0578125 0.00192642
73 0.208681 0.70625 0.05625 0.05625 0.00188255
57 0.547917 0.66416 0.9 0.656055 0.00152493
73 0.945139 0.907031 0.108333 0.176563 0.0014267
72 0.493056 0.609375 0.216667 0.23125 0.00119686
56 0.540972 0.608984 0.326389 0.233594 0.00117397
13 0.945833 0.90625 0.108333 0.175 0.00102425
0 0.548958 0.673828 0.902083 0.649219 0.00102425
59 0.550347 0.675781 0.899306 0.639063 0.925293
59 0.546701 0.808008 0.906597 0.368359 0.00793457
59 0.517361 0.422266 0.965278 0.821094 0.00656509
73 0.945833 0.851562 0.108333 0.065625 0.005867
59 0.540278 0.608984 0.327778 0.233594 0.00538635
56 0.547049 0.666406 0.900347 0.651563 0.00431442
73 0.945139 0.907031 0.108333 0.176563 0.00163555
73 0.218056 0.704688 0.0368056 0.059375 0.00162315
57 0.547049 0.666406 0.900347 0.651563 0.00150108
73 0.208333 0.70625 0.0569444 0.0578125 0.00148964
72 0.493056 0.609375 0.216667 0.232813 0.0011034
13 0.945833 0.90625 0.108333 0.175 0.00109005
56 0.945833 0.907813 0.108333 0.178125 0.00103664
0 0.548958 0.677344 0.902083 0.642188 0.00100803
59 0.550694 0.676172 0.898611 0.638281 0.928223
59 0.547222 0.80957 0.905556 0.365234 0.0106506
59 0.517361 0.424219 0.965278 0.829688 0.00841522
59 0.538194 0.608984 0.322222 0.233594 0.00572968
73 0.945833 0.851562 0.108333 0.065625 0.00564194
56 0.550694 0.675879 0.897222 0.638867 0.00450516
73 0.946528 0.867188 0.106944 0.096875 0.00235939
57 0.550694 0.675879 0.897222 0.638867 0.00209045
73 0.945139 0.907031 0.108333 0.176563 0.00194168
73 0.217361 0.704688 0.0375 0.059375 0.00152493
73 0.208333 0.70625 0.0583333 0.0578125 0.00135612
72 0.493056 0.609375 0.216667 0.232813 0.00131989
13 0.945833 0.907031 0.108333 0.176563 0.0011692
56 0.945833 0.907813 0.108333 0.178125 0.00106525
0 0.549132 0.678516 0.901736 0.639844 0.00100422
59 0.551042 0.676172 0.897917 0.636719 0.932617
59 0.546701 0.810938 0.906597 0.360938 0.0142822
59 0.51875 0.429688 0.9625 0.84375 0.00974274
59 0.540278 0.609375 0.325 0.234375 0.00536346
56 0.551389 0.676172 0.895833 0.636719 0.00468063
73 0.945833 0.851562 0.108333 0.065625 0.00462723
57 0.551389 0.676172 0.895833 0.636719 0.00233269
73 0.945139 0.907031 0.108333 0.176563 0.00219917
73 0.945833 0.871875 0.108333 0.10625 0.00208282
72 0.494444 0.609375 0.219444 0.232813 0.00150108
73 0.217361 0.704688 0.0388889 0.0601563 0.00125504
13 0.946181 0.907031 0.107639 0.176563 0.00117874
56 0.945833 0.907813 0.108333 0.178125 0.00110722
73 0.207986 0.70625 0.0590278 0.0585938 0.00108147
59 0.55191 0.675391 0.896181 0.638281 0.937012
59 0.501389 0.467969 0.983333 0.920313 0.0132217
59 0.547222 0.811719 0.905556 0.359375 0.0127716
59 0.536111 0.609375 0.318056 0.234375 0.00593567
56 0.552083 0.676562 0.894444 0.635938 0.00591278
73 0.945833 0.851562 0.108333 0.065625 0.00376511
57 0.552083 0.676562 0.894444 0.635938 0.00279999
73 0.945139 0.907031 0.106944 0.178125 0.00198746
72 0.494444 0.609375 0.219444 0.232813 0.00192642
73 0.945833 0.873438 0.108333 0.109375 0.00178909
56 0.536111 0.609375 0.318056 0.234375 0.00109863
0 0.550521 0.677344 0.898958 0.640625 0.00107288
56 0.945833 0.907813 0.108333 0.178125 0.00106049
13 0.946181 0.90625 0.107639 0.175 0.00104046
73 0.215972 0.704688 0.0423611 0.0609375 0.00103188
59 0.551389 0.674902 0.897222 0.637695 0.937988
59 0.501563 0.469141 0.982986 0.921094 0.0191193
59 0.547569 0.813281 0.904861 0.35625 0.0116425
59 0.530556 0.608984 0.3 0.233594 0.00728989
56 0.553472 0.675879 0.891667 0.635742 0.00634003
73 0.945833 0.851562 0.108333 0.065625 0.0039444
57 0.553472 0.675879 0.891667 0.635742 0.00284576
72 0.494444 0.609375 0.219444 0.232813 0.00245285
73 0.945139 0.907813 0.106944 0.178125 0.00216484
73 0.946528 0.872656 0.106944 0.107813 0.00186729
56 0.530556 0.608984 0.3 0.233594 0.00154305
0 0.550347 0.676953 0.899306 0.639844 0.00121117
73 0.214583 0.704688 0.0458333 0.0609375 0.00107288
62 0.498611 0.609375 0.226389 0.234375 0.00104046
62 0.561111 0.607813 0.352778 0.232813 0.00101662
59 0.551389 0.673535 0.897222 0.64043 0.936035
59 0.500694 0.467578 0.981944 0.917969 0.0196838
59 0.547049 0.812305 0.905903 0.356641 0.0102081
56 0.554167 0.675781 0.890278 0.635938 0.00737381
59 0.529167 0.608984 0.294444 0.233594 0.00728989
73 0.945833 0.851562 0.108333 0.065625 0.00379562
57 0.554167 0.675781 0.890278 0.635938 0.00293541
72 0.494444 0.609375 0.219444 0.232813 0.00276756
73 0.945139 0.907813 0.106944 0.178125 0.00219917
56 0.529167 0.608984 0.294444 0.233594 0.00199509
73 0.946528 0.871875 0.106944 0.10625 0.00187492
0 0.550347 0.675391 0.899306 0.642969 0.00131512
62 0.561111 0.607813 0.352778 0.233594 0.00113392
73 0.213889 0.704297 0.0479167 0.0617188 0.00109482
62 0.498611 0.608594 0.225 0.234375 0.00109005
59 0.551389 0.673047 0.897222 0.641406 0.933594
59 0.500174 0.46875 0.980208 0.921875 0.0188293
59 0.547917 0.813867 0.904167 0.353516 0.0107346
56 0.553472 0.676172 0.890278 0.633594 0.00815582
59 0.524306 0.608984 0.286111 0.233594 0.0078125
72 0.494444 0.609375 0.220833 0.232813 0.00319672
73 0.945833 0.851562 0.108333 0.065625 0.00299263
57 0.553472 0.676172 0.890278 0.633594 0.00265312
56 0.524306 0.608984 0.286111 0.233594 0.00226974
73 0.945139 0.907813 0.106944 0.178125 0.0015974
73 0.946528 0.875 0.106944 0.1125 0.00152493
0 0.55 0.674219 0.9 0.64375 0.00134563
73 0.213889 0.703906 0.0479167 0.0625 0.00104809
62 0.561111 0.607813 0.352778 0.232813 0.00104046
62 0.498611 0.608984 0.225 0.233594 0.00102425
59 0.551042 0.672266 0.897917 0.642969 0.935547
59 0.500694 0.464063 0.979167 0.9125 0.0164032
59 0.547222 0.815625 0.905556 0.35 0.0107803
59 0.520833 0.608984 0.277778 0.233594 0.0088501
56 0.554167 0.676953 0.888889 0.632031 0.00834656
72 0.494444 0.608984 0.222222 0.232813 0.00319672
56 0.520833 0.608984 0.277778 0.233594 0.00302696
73 0.945833 0.851562 0.108333 0.065625 0.00279999
57 0.554167 0.676953 0.888889 0.632031 0.00243378
73 0.945139 0.907813 0.106944 0.178125 0.00163555
73 0.945833 0.879687 0.108333 0.121875 0.00145531
0 0.55 0.675 0.9 0.642188 0.00141048
73 0.213542 0.703906 0.0486111 0.0625 0.00110722
58 0.501389 0.452734 0.977778 0.885156 0.00108624
59 0.550694 0.671777 0.898611 0.643945 0.936035
59 0.500694 0.464844 0.979167 0.914062 0.0170441
59 0.516667 0.608984 0.269444 0.233594 0.0103683
59 0.547917 0.816406 0.904167 0.348438 0.00941467
56 0.553472 0.677734 0.890278 0.628906 0.00757599
72 0.495833 0.609375 0.222222 0.232813 0.00317192
56 0.516667 0.608984 0.269444 0.233594 0.00298119
73 0.945833 0.851562 0.108333 0.065625 0.0026722
57 0.553472 0.677734 0.890278 0.628906 0.00214958
59 0.592361 0.399219 0.813889 0.782813 0.00158501
73 0.944444 0.907813 0.108333 0.178125 0.00151253
0 0.549479 0.675 0.901042 0.640625 0.00137806
73 0.945833 0.879687 0.108333 0.121875 0.00135612
73 0.213194 0.703906 0.0486111 0.0625 0.00124931
58 0.501389 0.453125 0.977778 0.885938 0.00112057
59 0.550694 0.671875 0.898611 0.645312 0.939453
59 0.501215 0.459375 0.978125 0.903125 0.0193024
59 0.509722 0.608594 0.255556 0.232813 0.0114212
59 0.547917 0.816992 0.904167 0.347266 0.00837708
56 0.553472 0.678516 0.890278 0.627344 0.00695801
72 0.495833 0.609375 0.223611 0.232813 0.00358009
56 0.509722 0.608594 0.255556 0.232813 0.00342941
73 0.945833 0.851562 0.108333 0.065625 0.00286674
57 0.553472 0.678516 0.890278 0.627344 0.00185299
73 0.944444 0.907813 0.108333 0.178125 0.00184631
73 0.213194 0.703906 0.0486111 0.0625 0.00153065
73 0.945833 0.882031 0.108333 0.126563 0.00142097
62 0.498611 0.608984 0.226389 0.233594 0.00127888
0 0.549306 0.676172 0.901389 0.638281 0.00126457
62 0.559722 0.607813 0.35 0.232813 0.00121593
59 0.463889 0.555078 0.880556 0.685156 0.0012064
73 0.203472 0.703906 0.0708333 0.065625 0.00108147
39 0.213194 0.679297 0.108333 0.111719 0.00104046
59 0.550694 0.671484 0.898611 0.646094 0.94043
59 0.540278 0.422656 0.919444 0.829688 0.0186157
59 0.502778 0.608594 0.238889 0.232813 0.011734
59 0.548611 0.816406 0.902778 0.348438 0.00757599
56 0.554167 0.677734 0.888889 0.628906 0.0068512
56 0.502778 0.608594 0.238889 0.232813 0.00479126
72 0.495833 0.609375 0.222222 0.233594 0.00455475
73 0.945833 0.851562 0.108333 0.065625 0.0041008
73 0.944444 0.907031 0.108333 0.178125 0.00263214
73 0.213194 0.703906 0.05 0.0625 0.00215721
73 0.945833 0.88125 0.108333 0.125 0.00191879
59 0.466667 0.523047 0.866667 0.710156 0.00187492
57 0.554167 0.677734 0.888889 0.628906 0.00175476
62 0.498611 0.608984 0.225 0.233594 0.00159168
62 0.558333 0.607813 0.347222 0.232813 0.00151253
73 0.203472 0.703906 0.0708333 0.065625 0.00144386
39 0.213542 0.679297 0.109028 0.111719 0.00129414
0 0.549132 0.676562 0.901736 0.6375 0.0012846
59 0.201389 0.51875 0.391667 0.520312 0.00107288
13 0.945833 0.907031 0.108333 0.176563 0.00106525
59 0.550174 0.671777 0.899653 0.64707 0.940918
59 0.539062 0.421875 0.921875 0.828125 0.0167847
59 0.497222 0.608984 0.227778 0.233594 0.0112
59 0.549653 0.81582 0.900694 0.349609 0.00703812
56 0.553472 0.676953 0.890278 0.630469 0.0069313
72 0.495833 0.609375 0.222222 0.234375 0.00575256
56 0.497222 0.608984 0.227778 0.233594 0.0051384
73 0.945833 0.851562 0.108333 0.065625 0.00475693
73 0.944444 0.907813 0.108333 0.178125 0.00294685
73 0.2125 0.703906 0.05 0.0625 0.00231361
73 0.945833 0.879687 0.108333 0.121875 0.00214958
62 0.497917 0.609375 0.225 0.234375 0.00186062
59 0.461111 0.530469 0.841667 0.689063 0.00174141
57 0.553472 0.676953 0.890278 0.630469 0.00174141
62 0.554167 0.607813 0.338889 0.232813 0.00167465
73 0.203472 0.703906 0.0708333 0.065625 0.00161076
39 0.213889 0.679297 0.108333 0.111719 0.00156116
0 0.548611 0.675781 0.902778 0.639063 0.00137806
13 0.945833 0.907031 0.108333 0.176563 0.00112438
59 0.200087 0.518848 0.388715 0.520117 0.00105667
59 0.55 0.672266 0.9 0.644531 0.938965
59 0.531944 0.421094 0.936111 0.814063 0.0253754
59 0.497917 0.608984 0.229167 0.233594 0.01297
73 0.945833 0.851562 0.108333 0.065625 0.00818634
56 0.497917 0.608984 0.229167 0.233594 0.00609589
59 0.550347 0.81875 0.899306 0.345313 0.00564194
56 0.548438 0.678027 0.903125 0.63457 0.00475693
73 0.211806 0.704688 0.0513889 0.0625 0.00471878
72 0.495833 0.609375 0.222222 0.234375 0.00333786
73 0.203472 0.704688 0.0708333 0.0648438 0.00317192
59 0.461806 0.534375 0.865278 0.68125 0.00279045
73 0.945139 0.907813 0.108333 0.178125 0.00247192
59 0.197222 0.524121 0.383333 0.529883 0.00231361
62 0.498611 0.609375 0.225 0.234375 0.00156116
39 0.213194 0.679297 0.104861 0.111719 0.00151253
62 0.55625 0.607422 0.344444 0.233594 0.00151253
0 0.548438 0.678027 0.903125 0.63457 0.00146675
39 0.20625 0.703906 0.0638889 0.065625 0.00141621
13 0.945833 0.907031 0.108333 0.176563 0.0012846
56 0.945833 0.907813 0.108333 0.18125 0.00107288
57 0.552778 0.666016 0.890278 0.655469 0.00106907
58 0.945833 0.907813 0.108333 0.18125 0.00101662
59 0.55 0.672559 0.9 0.643945 0.932129
59 0.527951 0.419922 0.944097 0.803906 0.0280151
59 0.504167 0.608594 0.244444 0.234375 0.0153046
73 0.945833 0.851562 0.108333 0.065625 0.00952148
73 0.205556 0.70625 0.0652778 0.059375 0.00568771
56 0.504167 0.608594 0.244444 0.234375 0.00568771
59 0.551389 0.821094 0.897222 0.340625 0.0046463
56 0.549306 0.678809 0.901389 0.633008 0.00453949
59 0.194792 0.533984 0.379861 0.550781 0.00446701
59 0.471007 0.539062 0.894097 0.684375 0.0039444
72 0.495833 0.609375 0.222222 0.234375 0.0018034
56 0.0722222 0.936719 0.140278 0.121875 0.0016613
39 0.205556 0.703906 0.0652778 0.065625 0.00161648
73 0.945139 0.907813 0.108333 0.178125 0.00157356
0 0.549306 0.678809 0.901389 0.633008 0.00149536
13 0.945486 0.907813 0.109028 0.175 0.00144386
59 0.399306 0.62334 0.7125 0.718945 0.00138855
39 0.212847 0.679297 0.102083 0.111719 0.00132465
62 0.559722 0.607422 0.351389 0.234375 0.00130463
73 0.195486 0.701563 0.0729167 0.071875 0.00126457
62 0.498611 0.608984 0.225 0.234375 0.00123501
56 0.945833 0.907813 0.108333 0.178125 0.00123501
59 0.391667 0.477344 0.775 0.904688 0.00106049
60 0.502778 0.476172 0.980556 0.922656 0.00104427
59 0.550174 0.671875 0.899653 0.64375 0.921875
59 0.504167 0.449219 0.983333 0.860938 0.0297546
59 0.511111 0.608984 0.266667 0.234375 0.0148392
73 0.945833 0.851562 0.108333 0.065625 0.0119629
59 0.193142 0.539844 0.377604 0.5625 0.00723267
73 0.205556 0.706641 0.0638889 0.0585938 0.00643921
59 0.559722 0.489453 0.816667 0.663281 0.00600433
56 0.511111 0.608984 0.266667 0.234375 0.00518036
56 0.549306 0.678223 0.9 0.635742 0.00448608
59 0.460938 0.56875 0.892014 0.665625 0.00439835
59 0.551389 0.822656 0.897222 0.3375 0.0042305
56 0.0715278 0.936719 0.139583 0.121875 0.00333786
39 0.205556 0.704688 0.0652778 0.065625 0.0016613
13 0.945486 0.908594 0.109028 0.176563 0.0016613
0 0.549306 0.678223 0.9 0.635742 0.00148392
60 0.503472 0.475781 0.981944 0.920313 0.00143242
56 0.945486 0.907813 0.109028 0.178125 0.00136185
73 0.19375 0.701563 0.0680556 0.071875 0.00123024
59 0.423438 0.720313 0.672569 0.525 0.00119686
39 0.2125 0.679297 0.1 0.111719 0.00118828
13 0.0715278 0.936719 0.139583 0.121875 0.00118828
59 0.51875 0.500391 0.423611 0.458594 0.00111198
62 0.561111 0.607422 0.352778 0.234375 0.00110722
73 0.945139 0.907813 0.108333 0.178125 0.00105667
72 0.495833 0.609375 0.220833 0.234375 0.00100803
59 0.55 0.671973 0.898611 0.643555 0.914062
59 0.504861 0.446484 0.984722 0.853906 0.0266571
73 0.945833 0.851562 0.108333 0.065625 0.0154877
59 0.192361 0.543066 0.376389 0.57168 0.0086441
73 0.205556 0.707031 0.0638889 0.0578125 0.00812531
59 0.570139 0.488379 0.8 0.649805 0.00624084
59 0.5375 0.609375 0.308333 0.236719 0.00570679
56 0.071441 0.929688 0.139063 0.1375 0.00542831
56 0.549306 0.676172 0.9 0.639844 0.00403976
59 0.551736 0.823633 0.896528 0.337109 0.00397491
56 0.5375 0.609375 0.308333 0.236719 0.00319672
59 0.466493 0.561719 0.903125 0.670313 0.00307465
59 0.50816 0.636719 0.336458 0.295312 0.00270462
13 0.945486 0.908594 0.109028 0.176563 0.00194931
59 0.289583 0.601953 0.565278 0.672656 0.00185299
60 0.504167 0.475781 0.983333 0.920313 0.00168133
13 0.0715278 0.936719 0.139583 0.121875 0.00167465
39 0.205556 0.704688 0.0652778 0.0640625 0.00161076
56 0.0721354 0.897656 0.139063 0.198437 0.00151253
59 0.431944 0.716797 0.697222 0.532031 0.00151253
56 0.945486 0.907031 0.109028 0.178125 0.00148392
73 0.198264 0.703906 0.0708333 0.0679687 0.0014782
0 0.549306 0.676172 0.9 0.639844 0.00141048
0 0 0.104883 0 0.209766 0.00116539
44 0.242361 0.107715 0.2375 0.136133 0.00112057
56 0.50816 0.636719 0.336458 0.295312 0.00106907
39 0.2125 0.679297 0.0986111 0.111719 0.00106525
73 0.944444 0.907813 0.111111 0.184375 0.00104427
59 0.52934 0.500879 0.410764 0.457617 0.00103664
62 0.561111 0.607031 0.352778 0.234375 0.00102043
59 0.549306 0.671484 0.9 0.644531 0.905273
59 0.504861 0.450781 0.9875 0.864062 0.0310211
73 0.945833 0.851562 0.108333 0.065625 0.0167847
59 0.191667 0.550684 0.375 0.589258 0.00933838
73 0.205556 0.707031 0.0638889 0.0578125 0.00844574
59 0.575694 0.48125 0.801389 0.682813 0.00784302
56 0.0715278 0.928125 0.139583 0.140625 0.00669098
59 0.543056 0.608984 0.327778 0.2375 0.00446701
59 0.411806 0.623047 0.776389 0.732031 0.00397491
56 0.548611 0.673047 0.9 0.647656 0.00379562
59 0.556944 0.825781 0.886111 0.33125 0.00312424
59 0.49375 0.678125 0.394444 0.379688 0.00281143
59 0.281944 0.609375 0.552778 0.690625 0.00266266
13 0.945833 0.907813 0.108333 0.178125 0.00230598
60 0.50434 0.477734 0.985764 0.924219 0.00219917
60 0 0.862891 0 0.274219 0.00200272
59 0.438889 0.712109 0.722222 0.544531 0.00198746
56 0.0725694 0.892969 0.140278 0.207813 0.00194168
56 0.543056 0.608984 0.327778 0.2375 0.00186729
13 0.0715278 0.935938 0.139583 0.125 0.00170708
56 0.945486 0.907813 0.109028 0.178125 0.00166798
0 0 0.102344 0 0.204688 0.00159168
73 0.195139 0.702344 0.0708333 0.0703125 0.00145531
44 0.242361 0.109668 0.2375 0.140039 0.00144386
39 0.205208 0.704688 0.0659722 0.0640625 0.00129414
0 0 0.152246 0 0.304492 0.00127888
0 0.548611 0.673047 0.9 0.647656 0.00127411
44 0.239583 0.136523 0.0305556 0.0416016 0.0012598
0 0.000347222 0.0713867 0.000694444 0.142773 0.00121117
59 0.205208 0.475781 0.404861 0.864062 0.00115585
59 0.527083 0.499219 0.423611 0.457813 0.00115108
0 0 0.206445 0 0.354297 0.00112915
57 0.189931 0.55166 0.374306 0.60918 0.00112915
0 0 0.109375 0 0.21875 0.00110722
73 0.944444 0.907813 0.111111 0.184375 0.00102806
60 0 0.930859 0 0.138281 0.00100422
59 0.548611 0.671191 0.9 0.645117 0.898438
59 0.504861 0.457031 0.9875 0.875 0.0394897
73 0.945833 0.851562 0.108333 0.065625 0.0172424
73 0.20625 0.707031 0.0625 0.0578125 0.00959778
59 0.571528 0.475 0.820833 0.71875 0.00955963
59 0.19158 0.553125 0.375174 0.596875 0.00926971
56 0.0716146 0.927344 0.140104 0.140625 0.00674438
59 0.425 0.623047 0.811111 0.733594 0.00534439
56 0.547917 0.671973 0.898611 0.649805 0.00362206
59 0.547222 0.608594 0.341667 0.2375 0.00340271
59 0.477951 0.702344 0.444097 0.428125 0.00316048
59 0.556944 0.825781 0.886111 0.33125 0.00301552
60 0.504861 0.479688 0.986111 0.928125 0.00274658
13 0.945139 0.909375 0.109722 0.178125 0.00252151
59 0.442882 0.713281 0.733681 0.54375 0.00239754
56 0.0725694 0.890625 0.140278 0.2125 0.00197983
60 0 0.864062 0 0.271875 0.00187492
13 0.0697917 0.9375 0.136111 0.121875 0.00181007
56 0.945486 0.907813 0.109028 0.178125 0.00169373
73 0.194792 0.702344 0.06875 0.0695313 0.00161076
44 0.242361 0.110718 0.2375 0.141846 0.00150681
44 0.239583 0.136523 0.0305556 0.0417969 0.00141048
59 0.20625 0.477344 0.406944 0.865625 0.00134563
57 0.189583 0.548438 0.373611 0.61875 0.00130939
60 0 0.935156 0 0.129688 0.00128937
59 0.515972 0.499219 0.454167 0.460938 0.00127411
0 0.000347222 0.0710449 0.000694444 0.14209 0.00120163
39 0.205556 0.705078 0.0652778 0.0632813 0.00118828
0 0 0.0999023 0 0.199805 0.00118351
0 0.547917 0.671973 0.898611 0.649805 0.00116539
56 0.547222 0.608594 0.341667 0.2375 0.00116062
0 0 0.162695 0 0.325391 0.00111198
44 0.240972 0.141406 0.0388889 0.0605469 0.00102043
59 0.548785 0.671094 0.899653 0.645312 0.891602
59 0.50434 0.458984 0.988542 0.878906 0.0396423
73 0.945833 0.851562 0.108333 0.065625 0.0173035
73 0.206944 0.707031 0.0625 0.0578125 0.0107803
59 0.190972 0.556934 0.375 0.604883 0.00978088
59 0.57066 0.479688 0.825347 0.721875 0.00937653
56 0.0716146 0.926562 0.140104 0.140625 0.00746155
59 0.427778 0.623047 0.822222 0.735156 0.00638962
56 0.547396 0.671094 0.899653 0.651563 0.00365067
59 0.463889 0.713281 0.477778 0.45 0.00333786
60 0.504861 0.481641 0.9875 0.930469 0.00313568
59 0.556944 0.825781 0.886111 0.33125 0.00298119
59 0.545833 0.608203 0.344444 0.238281 0.00283432
59 0.441667 0.714063 0.733333 0.54375 0.00259018
56 0.0819444 0.942187 0.159028 0.115625 0.00232315
13 0.945139 0.909375 0.109722 0.178125 0.00230598
56 0.0725694 0.892969 0.140278 0.207813 0.00226021
13 0.0701389 0.9375 0.136111 0.120313 0.00202751
73 0.195139 0.702344 0.0694444 0.06875 0.00178242
60 0 0.865625 0 0.26875 0.00164223
44 0.242361 0.11084 0.2375 0.141992 0.00162888
57 0.189236 0.547656 0.372917 0.623438 0.00162888
56 0.945486 0.907813 0.109028 0.178125 0.0015974
44 0.239583 0.136523 0.0305556 0.0414063 0.00148964
59 0.205642 0.480469 0.406771 0.867188 0.00147247
60 0 0.935938 0 0.128125 0.00143242
60 0 0.972656 0 0.0546875 0.00129414
59 0.509722 0.499219 0.469444 0.4625 0.00124454
39 0.205556 0.705469 0.0652778 0.0625 0.0011425
0 0.547396 0.671094 0.899653 0.651563 0.0011158
44 0.240972 0.141016 0.0388889 0.059375 0.00104427
59 0.549306 0.671094 0.898611 0.645312 0.884766
59 0.50434 0.458984 0.988542 0.878906 0.0381775
73 0.945833 0.851562 0.108333 0.065625 0.0184784
73 0.206944 0.707031 0.0611111 0.0578125 0.0111618
59 0.190625 0.556641 0.374306 0.605469 0.00963593
59 0.569444 0.477344 0.830556 0.728125 0.00937653
56 0.0715278 0.926562 0.140278 0.140625 0.00669098
59 0.419444 0.623047 0.808333 0.735156 0.00664139
59 0.299392 0.611328 0.591493 0.708594 0.00419998
56 0.547222 0.670313 0.898611 0.653125 0.00382423
59 0.465451 0.710156 0.466319 0.445312 0.00342941
60 0.504861 0.481641 0.9875 0.930469 0.00327301
59 0.545833 0.608594 0.340278 0.2375 0.00293541
59 0.557639 0.825781 0.884722 0.33125 0.00273705
59 0.439583 0.710547 0.730556 0.550781 0.0026722
56 0.0732639 0.889063 0.140972 0.215625 0.00211525
13 0.945139 0.908594 0.109722 0.178125 0.00209045
13 0.0701389 0.9375 0.136111 0.120313 0.00198746
73 0.195486 0.702734 0.0694444 0.06875 0.00188923
57 0.188889 0.544141 0.372222 0.622656 0.00188255
60 0 0.867188 0 0.265625 0.00155449
44 0.242361 0.110571 0.2375 0.141357 0.00153637
59 0.206163 0.48125 0.407118 0.865625 0.00153637
60 0 0.936328 0 0.127344 0.0015192
60 0 0.974219 0 0.0515625 0.00146103
56 0.945486 0.907813 0.109028 0.178125 0.00141621
44 0.239583 0.136426 0.0305556 0.0412109 0.00137806
59 0.513889 0.498828 0.458333 0.461719 0.00117397
39 0.205556 0.705469 0.0645833 0.0625 0.0011692
0 0.547222 0.670313 0.898611 0.653125 0.00104809
56 0.545833 0.608594 0.340278 0.2375 0.00104046
39 0.214583 0.705469 0.0458333 0.059375 0.00102425
73 0.944444 0.907813 0.111111 0.184375 0.00100803
59 0.548785 0.670996 0.899653 0.645508 0.878418
59 0.504861 0.457813 0.9875 0.875 0.033844
73 0.945833 0.851562 0.108333 0.065625 0.0190582
73 0.207639 0.707031 0.0597222 0.0570313 0.0120544
73 0.215625 0.705859 0.0430556 0.0585938 0.0106125
59 0.190278 0.555469 0.373611 0.603125 0.00985718
59 0.408507 0.623047 0.785764 0.733594 0.00591278
56 0.0715278 0.925781 0.140278 0.142188 0.00526047
56 0.547222 0.670703 0.898611 0.652344 0.00391388
59 0.279774 0.610156 0.551562 0.704688 0.00385475
59 0.466667 0.704688 0.452778 0.434375 0.00365067
59 0.54375 0.608594 0.334722 0.2375 0.00332451
73 0.199306 0.704688 0.0708333 0.065625 0.00327301
60 0.502083 0.45 0.9875 0.878125 0.00313568
59 0.430729 0.714844 0.710764 0.540625 0.00268364
59 0.557639 0.825781 0.884722 0.33125 0.00250244
57 0.188281 0.540234 0.372049 0.632031 0.00230598
13 0.945139 0.908594 0.109722 0.178125 0.00221634
13 0.0701389 0.9375 0.136111 0.120313 0.00190449
56 0.0730035 0.885156 0.141493 0.223438 0.0018034
59 0.202778 0.479297 0.4 0.861719 0.00175476
56 0.0811632 0.942187 0.157118 0.115625 0.00165462
44 0.242361 0.110156 0.236111 0.140625 0.00153065
56 0.945139 0.907813 0.109722 0.178125 0.00138855
60 0 0.976562 0 0.046875 0.00137234
60 0 0.938281 0 0.123438 0.00136185
44 0.239583 0.136328 0.0305556 0.0410156 0.00135612
60 0 0.871094 0 0.257812 0.00129986
39 0.205903 0.705469 0.0638889 0.0625 0.00119686
56 0.54375 0.608594 0.334722 0.2375 0.00112438
59 0.517361 0.499609 0.45 0.461719 0.0011034
57 0.552778 0.663672 0.891667 0.660156 0.00109005
39 0.215625 0.705859 0.0430556 0.0585938 0.00107288
0 0.504861 0.48125 0.9875 0.928125 0.00104809
0 0.547222 0.670703 0.898611 0.652344 0.00103664
73 0.946181 0.904688 0.107639 0.184375 0.00100803
59 0.549306 0.671094 0.898611 0.645312 0.880859
59 0.504167 0.453906 0.988889 0.867188 0.0325928
73 0.945833 0.851562 0.108333 0.065625 0.0185394
73 0.207639 0.707031 0.0597222 0.0570313 0.0131226
73 0.215972 0.705859 0.0430556 0.0585938 0.0113754
59 0.189931 0.555078 0.372917 0.602344 0.0104523
59 0.560938 0.485156 0.847569 0.703125 0.00908661
59 0.398611 0.623047 0.769444 0.732031 0.00616837
56 0.0716146 0.925 0.140104 0.14375 0.00553513
59 0.271528 0.608984 0.536111 0.700781 0.00411606
59 0.47066 0.699219 0.439236 0.421875 0.0039444
56 0.547049 0.671777 0.897569 0.650195 0.0039444
59 0.543056 0.608594 0.330556 0.2375 0.00365067
73 0.199306 0.704688 0.0715278 0.065625 0.00362206
60 0.502083 0.449219 0.9875 0.876563 0.00323486
59 0.447917 0.541797 0.890278 0.675781 0.00309944
59 0.425 0.714844 0.698611 0.539062 0.00277901
57 0.188108 0.541016 0.371007 0.617969 0.00245285
59 0.557639 0.825781 0.884722 0.329688 0.0024147
13 0.945139 0.908594 0.109722 0.178125 0.00240517
56 0.0732639 0.885156 0.140972 0.223438 0.00199509
13 0.0700521 0.9375 0.136285 0.120313 0.00198746
59 0.20217 0.478906 0.399826 0.851562 0.00179577
56 0.0813368 0.942187 0.15816 0.115625 0.00171375
44 0.242361 0.109595 0.236806 0.139404 0.00144958
56 0.945139 0.907813 0.109722 0.178125 0.0014267
60 0 0.976562 0 0.046875 0.00135136
60 0 0.939063 0 0.121875 0.00134087
39 0.20625 0.705469 0.0638889 0.0625 0.00123978
44 0.239583 0.13623 0.0305556 0.0408203 0.0012207
56 0.543056 0.608594 0.330556 0.2375 0.0012064
60 0 0.874219 0 0.251563 0.0012064
57 0.552083 0.663965 0.891667 0.65957 0.00115108
59 0.513889 0.499219 0.455556 0.464063 0.00112438
39 0.215972 0.705859 0.0430556 0.0585938 0.00111198
0 0.547049 0.671777 0.897569 0.650195 0.00106525
56 0.47066 0.699219 0.439236 0.421875 0.00104046
77 0.550694 0.673828 0.897222 0.635156 0.00102043
73 0.946181 0.904688 0.107639 0.184375 0.00100803
59 0.55 0.671875 0.9 0.64375 0.921875
59 0.504167 0.448438 0.983333 0.859375 0.0296478
59 0.511111 0.608984 0.266667 0.234375 0.0146179
73 0.945833 0.851562 0.108333 0.065625 0.012146
59 0.193142 0.53916 0.377604 0.562305 0.00717545
73 0.205556 0.706641 0.0638889 0.0585938 0.00634003
59 0.559722 0.489453 0.816667 0.661719 0.00602722
56 0.511111 0.608984 0.266667 0.234375 0.0050621
56 0.549306 0.678125 0.9 0.635938 0.00457382
59 0.459722 0.567969 0.888889 0.664062 0.00439835
59 0.551389 0.822656 0.897222 0.3375 0.00419998
56 0.0715278 0.936719 0.139583 0.121875 0.00324821
39 0.205556 0.704688 0.0652778 0.065625 0.0016613
13 0.945486 0.908594 0.109028 0.176563 0.0015974
0 0.549306 0.678125 0.9 0.635938 0.00148392
60 0.503472 0.475781 0.981944 0.920313 0.00143242
56 0.945486 0.907813 0.109028 0.178125 0.00133514
73 0.19375 0.701563 0.06875 0.071875 0.00122547
59 0.423611 0.720313 0.675 0.525 0.0012064
39 0.2125 0.679297 0.1 0.111719 0.00119686
13 0.0715278 0.936719 0.139583 0.121875 0.00118828
59 0.518056 0.500098 0.426389 0.45918 0.00112057
62 0.561111 0.607422 0.352778 0.234375 0.00107765
73 0.945139 0.907813 0.108333 0.178125 0.00104046
