15 0.289062 0.433236 0.5625 0.707602 0.852051
15 0.541016 0.319627 0.367188 0.483553 0.0350037
16 0.288867 0.431774 0.558203 0.719298 0.0289764
26 0.623438 0.355751 0.204688 0.398635 0.0222931
15 0.405566 0.377071 0.63418 0.592836 0.0212097
15 0.621094 0.328704 0.207813 0.459552 0.0182648
75 0.622266 0.355751 0.204688 0.401559 0.0181885
14 0.242578 0.0684698 0.0261719 0.0326511 0.0173035
15 0.458691 0.32846 0.532617 0.503899 0.0170441
14 0.315234 0.435673 0.617969 0.721248 0.0141754
0 0.622266 0.355751 0.204688 0.401559 0.0105286
58 0.622266 0.355751 0.204688 0.401559 0.00945282
24 0.63125 0.373294 0.185938 0.362573 0.00898743
22 0.622266 0.355751 0.204688 0.401559 0.00703812
58 0.563281 0.321637 0.322656 0.473684 0.00638962
27 0.623047 0.356725 0.203906 0.39961 0.00595856
14 0.623438 0.355751 0.204688 0.398635 0.00561905
39 0.623047 0.356725 0.203906 0.39961 0.00557709
15 0.455859 0.263889 0.203906 0.372807 0.00450516
46 0.623438 0.355751 0.204688 0.398635 0.00446701
0 0.563281 0.321637 0.322656 0.473684 0.00411606
15 0.391504 0.313353 0.335742 0.468811 0.00279999
23 0.293555 0.427388 0.553516 0.696881 0.00279999
35 0.622656 0.370858 0.2 0.374269 0.00277901
26 0.563281 0.321637 0.322656 0.473684 0.0026207
77 0.623438 0.355751 0.204688 0.398635 0.00258064
0 0.446777 0.375731 0.55957 0.58577 0.00242424
22 0.563281 0.321637 0.322656 0.473684 0.00214005
23 0.621094 0.328704 0.207813 0.459552 0.00206757
22 0.458691 0.32846 0.532617 0.503899 0.00201988
16 0.623047 0.356725 0.203906 0.39961 0.00189686
10 0.622266 0.355751 0.204688 0.401559 0.00183868
75 0.563281 0.321637 0.322656 0.473684 0.00174809
13 0.623438 0.352339 0.203125 0.410331 0.00163555
17 0.622266 0.355751 0.204688 0.401559 0.00161076
50 0.623047 0.356725 0.203906 0.39961 0.00154877
0 0.292188 0.431287 0.548438 0.724172 0.00154877
23 0.541016 0.319627 0.367188 0.483553 0.00135612
21 0.315234 0.435673 0.617969 0.721248 0.00134563
55 0.623047 0.356725 0.203906 0.39961 0.00134087
13 0.418848 0.378655 0.616992 0.602339 0.0012064
58 0.458691 0.32846 0.532617 0.503899 0.00117874
56 0.621094 0.328704 0.207813 0.459552 0.00116539
77 0.563281 0.321637 0.322656 0.473684 0.00108624
28 0.625 0.369396 0.196875 0.374269 0.00106525
15 0.450391 0.21808 0.184375 0.27924 0.00102425
14 0.572656 0.200292 0.09375 0.0789474 0.00101662
15 0.287695 0.433723 0.560547 0.709552 0.851074
14 0.242578 0.0687134 0.0257812 0.0326511 0.0401001
26 0.623438 0.356725 0.204688 0.398635 0.0311432
16 0.287891 0.432749 0.55625 0.721248 0.0309143
75 0.622266 0.356238 0.20625 0.402534 0.0296478
15 0.538672 0.318713 0.371094 0.476608 0.0280151
15 0.620313 0.329435 0.209375 0.45809 0.0235138
14 0.306836 0.436647 0.600391 0.723197 0.0212097
0 0.622266 0.356238 0.20625 0.402534 0.0147858
58 0.622266 0.356238 0.20625 0.402534 0.0133286
24 0.63125 0.375731 0.185938 0.358674 0.0116425
15 0.463672 0.322186 0.522656 0.491106 0.0104523
15 0.455469 0.262914 0.203906 0.373782 0.0102463
15 0.409277 0.367568 0.623633 0.572856 0.00959778
39 0.623438 0.357212 0.204688 0.400585 0.00894928
22 0.622266 0.356238 0.20625 0.402534 0.00857544
27 0.623438 0.357212 0.204688 0.400585 0.00701141
14 0.622656 0.354776 0.204688 0.402534 0.00582123
46 0.623438 0.356725 0.204688 0.398635 0.00466537
15 0.393359 0.310368 0.332031 0.463085 0.0037365
35 0.623438 0.356725 0.204688 0.398635 0.00372124
77 0.623438 0.356725 0.204688 0.398635 0.00332451
10 0.622266 0.356238 0.20625 0.402534 0.00318527
23 0.622656 0.337232 0.204688 0.442495 0.00305176
23 0.292578 0.428972 0.553906 0.699561 0.00298119
16 0.623438 0.357212 0.204688 0.400585 0.00243378
15 0.450098 0.216618 0.18418 0.278265 0.00232315
21 0.306836 0.436647 0.600391 0.723197 0.00229645
55 0.623438 0.357212 0.204688 0.400585 0.00223351
0 0.242578 0.0687134 0.0257812 0.0326511 0.00220871
17 0.622266 0.356238 0.20625 0.402534 0.00216484
14 0.241016 0.0713938 0.03125 0.0394737 0.00214958
13 0.622656 0.356238 0.204688 0.404483 0.00198746
15 0.399902 0.397173 0.331445 0.260234 0.0019722
50 0.623438 0.357212 0.204688 0.400585 0.00185299
0 0.291406 0.432749 0.546875 0.727096 0.00182438
28 0.623438 0.357212 0.204688 0.400585 0.0017004
15 0.453906 0.318226 0.210156 0.268031 0.00165462
14 0.572656 0.200049 0.09375 0.0789474 0.00158501
0 0.463672 0.322186 0.522656 0.491106 0.00157356
13 0.409766 0.380239 0.636719 0.600146 0.00150108
22 0.538672 0.318713 0.371094 0.476608 0.00145531
23 0.541309 0.319627 0.36582 0.483553 0.00142097
56 0.622656 0.337232 0.204688 0.442495 0.00124454
22 0.463672 0.322186 0.522656 0.491106 0.00124454
32 0.623438 0.356725 0.204688 0.398635 0.00124454
0 0.538672 0.318713 0.371094 0.476608 0.00117397
58 0.542969 0.319201 0.363281 0.480507 0.00116062
14 0.455469 0.262914 0.203906 0.373782 0.00115108
18 0.306836 0.436647 0.600391 0.723197 0.00104809
58 0.463672 0.322186 0.522656 0.491106 0.00102425
15 0.287891 0.434576 0.560156 0.709795 0.863281
14 0.242578 0.0685916 0.0257812 0.0324074 0.0603027
26 0.623438 0.357822 0.204688 0.399366 0.0358276
15 0.541309 0.319444 0.36582 0.483918 0.0275879
75 0.622266 0.356847 0.207031 0.403265 0.0270691
15 0.61875 0.32846 0.211719 0.461014 0.0207977
14 0.303125 0.437135 0.592188 0.724172 0.0195007
16 0.287891 0.433236 0.55625 0.722222 0.0188293
0 0.622266 0.356847 0.207031 0.403265 0.0146713
15 0.455469 0.262731 0.204688 0.373173 0.0133286
58 0.622266 0.356847 0.207031 0.403265 0.0129242
24 0.630859 0.378655 0.185938 0.352827 0.0125732
15 0.410156 0.362695 0.621875 0.565058 0.0116882
39 0.623438 0.357822 0.204688 0.399366 0.0102463
22 0.622266 0.356847 0.207031 0.403265 0.0069046
27 0.623438 0.357822 0.204688 0.401316 0.00671768
15 0.394434 0.308967 0.331445 0.461014 0.00446701
0 0.242578 0.0685916 0.0257812 0.0324074 0.00434875
35 0.630859 0.378655 0.185938 0.352827 0.00428009
46 0.623438 0.357822 0.204688 0.399366 0.00411606
14 0.623438 0.357822 0.204688 0.399366 0.0039444
77 0.623438 0.357822 0.204688 0.399366 0.00329781
10 0.622266 0.356847 0.207031 0.403265 0.00316048
14 0.241016 0.0713938 0.03125 0.0394737 0.00304031
15 0.45 0.216313 0.185156 0.2779 0.00288963
15 0.4 0.397173 0.332031 0.260234 0.00276756
23 0.303125 0.437135 0.592188 0.724172 0.00257111
23 0.622656 0.336988 0.204688 0.443957 0.00240517
21 0.303125 0.437135 0.592188 0.724172 0.00234222
13 0.622656 0.356238 0.204688 0.404483 0.00221634
55 0.623438 0.357822 0.204688 0.401316 0.00219917
15 0.453906 0.327973 0.210938 0.247563 0.00214958
16 0.623438 0.357822 0.204688 0.401316 0.00206757
28 0.623438 0.357822 0.204688 0.401316 0.00200272
14 0.572656 0.199805 0.09375 0.0789474 0.00191212
13 0.403125 0.381092 0.651563 0.60039 0.00191212
17 0.622266 0.356847 0.207031 0.403265 0.00185299
32 0.636328 0.389011 0.177344 0.33114 0.00176144
0 0.291406 0.433723 0.546094 0.727096 0.00169373
50 0.623438 0.357822 0.204688 0.401316 0.00168705
0 0.466797 0.321211 0.516406 0.489157 0.00151253
56 0.622656 0.336988 0.204688 0.443957 0.00131512
14 0.455469 0.262731 0.204688 0.373173 0.0012064
58 0.542578 0.319201 0.364063 0.480507 0.00115108
23 0.541309 0.319444 0.36582 0.483918 0.00113392
22 0.539941 0.318653 0.370117 0.47673 0.00113392
0 0.539941 0.318653 0.370117 0.47673 0.00104809
29 0.623438 0.357822 0.204688 0.399366 0.00104809
6 0.625391 0.374391 0.196094 0.364279 0.00104046
15 0.507129 0.229045 0.298242 0.306043 0.00101185
58 0.466797 0.321211 0.516406 0.489157 0.00100422
15 0.2875 0.435551 0.559375 0.711745 0.884277
14 0.242773 0.0684698 0.0253906 0.0316764 0.0830078
26 0.623438 0.3577 0.205469 0.39961 0.0383301
15 0.541406 0.319688 0.366406 0.484405 0.0306702
15 0.621484 0.354288 0.20625 0.406433 0.0216217
75 0.622266 0.356603 0.207031 0.403752 0.0180511
15 0.455469 0.262427 0.205469 0.372807 0.0172424
0 0.622266 0.356603 0.207031 0.403752 0.0141144
15 0.415234 0.357212 0.613281 0.554581 0.01297
24 0.630469 0.381092 0.186719 0.347953 0.0120544
16 0.300391 0.438109 0.586719 0.724172 0.00974274
39 0.623438 0.3577 0.205469 0.39961 0.00971222
58 0.622266 0.356603 0.207031 0.403752 0.00901794
14 0.300391 0.438109 0.586719 0.724172 0.00867462
22 0.622266 0.356603 0.207031 0.403752 0.00728989
27 0.623438 0.3577 0.204688 0.401559 0.00656509
0 0.242773 0.0684698 0.0253906 0.0316764 0.00643921
35 0.630469 0.381092 0.186719 0.347953 0.00446701
15 0.395703 0.30854 0.328906 0.460892 0.00446701
46 0.623438 0.3577 0.205469 0.39961 0.00385475
15 0.45 0.215643 0.185156 0.278265 0.00378036
15 0.400879 0.397783 0.332617 0.260965 0.00370789
14 0.241211 0.0713938 0.0308594 0.0394737 0.00362206
15 0.454004 0.337719 0.210742 0.226121 0.00266266
77 0.623438 0.3577 0.205469 0.39961 0.00261116
10 0.622266 0.356603 0.207031 0.403752 0.0024147
14 0.623438 0.3577 0.205469 0.39961 0.00221634
55 0.623438 0.3577 0.205469 0.39961 0.00219154
28 0.623438 0.3577 0.204688 0.401559 0.00209999
13 0.4 0.382188 0.657813 0.600146 0.00209999
32 0.636328 0.3923 0.177344 0.324561 0.00200272
13 0.622656 0.356238 0.205469 0.406433 0.00189686
16 0.623438 0.3577 0.204688 0.401559 0.00188255
21 0.297656 0.435673 0.580469 0.717349 0.00181007
14 0.572656 0.199805 0.09375 0.07846 0.00179577
23 0.622656 0.338207 0.204688 0.442495 0.00165462
23 0.300391 0.438109 0.586719 0.724172 0.00161076
0 0.475781 0.320602 0.498437 0.487451 0.00148392
17 0.622266 0.356603 0.207031 0.403752 0.0014782
15 0.453223 0.382066 0.20918 0.137427 0.00131989
56 0.622656 0.338207 0.204688 0.442495 0.00131512
50 0.623438 0.3577 0.204688 0.401559 0.00126457
0 0.291016 0.435794 0.545313 0.728801 0.00124454
26 0.542285 0.31914 0.36543 0.480629 0.00117874
15 0.508496 0.228009 0.300195 0.304215 0.00116062
24 0.615625 0.327485 0.217969 0.463938 0.00109482
32 0.242773 0.0684698 0.0253906 0.0316764 0.00108147
14 0.455469 0.262427 0.205469 0.372807 0.00105667
15 0.288281 0.435673 0.55625 0.727096 0.90332
14 0.242773 0.0684698 0.0253906 0.0314327 0.125977
26 0.623438 0.357212 0.204688 0.400585 0.0348816
15 0.541016 0.319749 0.367188 0.485258 0.0294189
15 0.617188 0.329191 0.215625 0.460526 0.0209656
15 0.455859 0.261452 0.205469 0.373782 0.0199432
75 0.621875 0.356847 0.20625 0.405214 0.0141754
0 0.621875 0.356847 0.20625 0.405214 0.0140076
15 0.428223 0.355751 0.588867 0.551657 0.0121918
39 0.623438 0.357212 0.204688 0.400585 0.00945282
0 0.242773 0.0684698 0.0253906 0.0314327 0.00937653
16 0.301953 0.438596 0.591406 0.727096 0.00930023
24 0.623438 0.357212 0.204688 0.400585 0.00926971
58 0.621875 0.356847 0.20625 0.405214 0.00815582
22 0.621875 0.356847 0.20625 0.405214 0.00624084
27 0.623438 0.357578 0.20625 0.401803 0.00595856
14 0.291016 0.436647 0.571094 0.727096 0.00538635
14 0.241406 0.0711501 0.0304688 0.0389864 0.00486755
15 0.396094 0.307992 0.329688 0.460039 0.00432968
35 0.630469 0.380239 0.1875 0.348684 0.0041008
15 0.449902 0.214851 0.18457 0.2779 0.00388527
15 0.400781 0.398514 0.333594 0.261452 0.00385475
46 0.623438 0.357212 0.204688 0.400585 0.00356483
15 0.454004 0.336257 0.210742 0.226121 0.00240517
55 0.623438 0.357212 0.204688 0.400585 0.00239754
77 0.621875 0.356847 0.20625 0.405214 0.00230598
10 0.621875 0.356847 0.20625 0.405214 0.00216484
13 0.397559 0.382188 0.664258 0.602096 0.0019722
28 0.623438 0.357578 0.20625 0.401803 0.00193405
13 0.622656 0.355751 0.204688 0.406433 0.0018034
16 0.623438 0.357578 0.20625 0.401803 0.00176811
14 0.572656 0.199805 0.09375 0.0779727 0.00175476
23 0.291016 0.436647 0.571094 0.727096 0.00158501
14 0.623438 0.357212 0.204688 0.400585 0.00157356
26 0.636719 0.392909 0.177344 0.323343 0.00150681
0 0.478125 0.320175 0.494531 0.486355 0.00147247
21 0.291016 0.436647 0.571094 0.727096 0.00144386
32 0.242773 0.0684698 0.0253906 0.0314327 0.00137806
23 0.622656 0.3404 0.204688 0.438109 0.00130463
26 0.541797 0.319201 0.366406 0.480507 0.00129414
32 0.636719 0.392909 0.177344 0.323343 0.00125504
17 0.621875 0.356847 0.20625 0.405214 0.00123024
56 0.622656 0.3404 0.204688 0.438109 0.00121593
15 0.453223 0.381579 0.20918 0.136452 0.00119209
50 0.621875 0.356847 0.20625 0.405214 0.00116062
14 0.455859 0.261452 0.205469 0.373782 0.0011158
24 0.636719 0.392909 0.177344 0.323343 0.00104809
15 0.344922 0.408382 0.242188 0.251462 0.00102425
15 0.2875 0.436525 0.553906 0.729289 0.916016
14 0.242969 0.0682261 0.0257812 0.0311891 0.154053
15 0.456348 0.260234 0.204492 0.374269 0.0330811
15 0.540527 0.319688 0.367383 0.484405 0.0327148
26 0.623047 0.356238 0.203906 0.400585 0.0273743
15 0.613281 0.328947 0.221875 0.459064 0.021698
16 0.299219 0.438596 0.585938 0.72807 0.0125275
0 0.621484 0.355263 0.205469 0.404483 0.0123367
0 0.242969 0.0682261 0.0257812 0.0311891 0.0103302
15 0.439063 0.354288 0.567187 0.545809 0.0100098
39 0.623047 0.356238 0.203906 0.400585 0.0078125
75 0.621484 0.355263 0.205469 0.404483 0.00734711
24 0.623047 0.356238 0.203906 0.400585 0.00656509
22 0.621484 0.355263 0.205469 0.404483 0.00582123
14 0.241406 0.0710283 0.0304688 0.03923 0.00561905
27 0.623047 0.356238 0.203906 0.400585 0.00542831
15 0.450391 0.214851 0.183594 0.278874 0.00510025
15 0.400684 0.398635 0.33457 0.264133 0.00481033
58 0.621875 0.354898 0.203125 0.407164 0.00475693
14 0.3 0.442982 0.592188 0.719298 0.00431442
15 0.396191 0.307261 0.326367 0.457602 0.00372124
46 0.623047 0.356238 0.203906 0.400585 0.00370789
35 0.630469 0.380239 0.1875 0.348684 0.00333786
15 0.453906 0.33577 0.209375 0.222222 0.00281143
55 0.623047 0.356238 0.203906 0.400585 0.00219917
77 0.621484 0.355263 0.205469 0.404483 0.0019722
13 0.397559 0.382188 0.664258 0.604045 0.00178242
16 0.622656 0.357212 0.204688 0.400585 0.00168705
13 0.621875 0.354898 0.203125 0.407164 0.00158501
28 0.622656 0.357212 0.204688 0.400585 0.00157356
23 0.288477 0.436647 0.566016 0.727096 0.00156689
10 0.621484 0.355263 0.205469 0.404483 0.00153637
15 0.453125 0.38097 0.207813 0.132797 0.00151253
15 0.344727 0.407407 0.241797 0.258285 0.00151253
14 0.572656 0.199805 0.09375 0.07846 0.0014782
0 0.487109 0.319749 0.475781 0.483309 0.00147247
26 0.541016 0.319201 0.366406 0.480507 0.00141621
21 0.289453 0.445419 0.56875 0.704678 0.00126457
32 0.242969 0.0679825 0.0261719 0.0316764 0.00125504
14 0.456348 0.260234 0.204492 0.374269 0.00125504
0 0.289453 0.445419 0.56875 0.704678 0.00108624
50 0.621484 0.355263 0.205469 0.404483 0.00106525
14 0.623047 0.356238 0.203906 0.400585 0.00104809
15 0.285938 0.43616 0.553125 0.72807 0.925781
14 0.242969 0.0682261 0.0257812 0.0309454 0.134766
15 0.455859 0.259747 0.203125 0.373294 0.0437012
15 0.538672 0.318653 0.371094 0.474781 0.0422363
15 0.599219 0.32846 0.248438 0.45809 0.0282135
26 0.622656 0.355751 0.203125 0.39961 0.0229797
16 0.29375 0.438596 0.575781 0.727096 0.0146179
15 0.442871 0.353314 0.55957 0.54191 0.0115509
0 0.621094 0.354654 0.204688 0.401803 0.0088501
0 0.242969 0.0682261 0.0257812 0.0309454 0.00812531
39 0.622656 0.355751 0.203125 0.39961 0.00766754
15 0.4 0.399488 0.335938 0.265351 0.0064621
15 0.449902 0.215643 0.183008 0.280214 0.00636292
24 0.630469 0.380604 0.185938 0.346004 0.00551224
27 0.622656 0.355751 0.203125 0.39961 0.00508118
14 0.241406 0.0710283 0.0304688 0.0389864 0.00468063
75 0.621094 0.354654 0.204688 0.401803 0.00424957
22 0.621094 0.354654 0.204688 0.401803 0.00416565
15 0.396484 0.307505 0.324219 0.457115 0.00379562
14 0.298633 0.442495 0.590234 0.718324 0.00332451
46 0.622656 0.355751 0.203125 0.39961 0.00324821
35 0.630469 0.380604 0.185938 0.346004 0.00316048
15 0.453906 0.342836 0.208594 0.204191 0.00296974
58 0.621875 0.353679 0.203125 0.405702 0.00255013
16 0.621875 0.356847 0.204688 0.399366 0.00216484
15 0.344727 0.40826 0.242578 0.259503 0.0020752
55 0.622656 0.355751 0.203125 0.39961 0.00179577
23 0.286133 0.43616 0.562109 0.726121 0.00174141
15 0.453027 0.381213 0.208008 0.130361 0.0016489
77 0.621094 0.354654 0.204688 0.401803 0.00162315
26 0.539844 0.318957 0.367188 0.479045 0.0014267
0 0.500391 0.319627 0.449219 0.480629 0.00141621
13 0.400879 0.381579 0.657617 0.60039 0.00135612
16 0.455859 0.259747 0.203125 0.373294 0.00130463
21 0.2875 0.447368 0.565625 0.699805 0.00125504
14 0.455859 0.259747 0.203125 0.373294 0.00124454
28 0.621875 0.356847 0.204688 0.399366 0.00123978
14 0.573047 0.199805 0.09375 0.0779727 0.00121593
10 0.621094 0.354654 0.204688 0.401803 0.00110722
32 0.242969 0.0682261 0.0257812 0.0309454 0.00109482
15 0.507715 0.232883 0.301758 0.313962 0.00103188
15 0.285547 0.436647 0.555469 0.727096 0.925781
14 0.242969 0.0682261 0.0257812 0.0307018 0.125977
15 0.538184 0.318957 0.370508 0.474172 0.0616455
15 0.604688 0.332602 0.235938 0.44883 0.0526123
15 0.455859 0.259747 0.202344 0.373294 0.0423889
26 0.621875 0.355263 0.203125 0.398635 0.0197906
15 0.452734 0.378168 0.530469 0.589669 0.0156708
16 0.2875 0.444566 0.565625 0.705409 0.0113754
0 0.242969 0.0682261 0.0257812 0.0307018 0.00912476
15 0.4 0.400463 0.336719 0.265351 0.0086441
39 0.621875 0.355263 0.203125 0.398635 0.00737381
15 0.450098 0.217105 0.182617 0.282164 0.00734711
0 0.620703 0.354898 0.205469 0.401316 0.00593567
27 0.621875 0.355263 0.203125 0.398635 0.00575256
24 0.630469 0.379264 0.185938 0.348684 0.00436401
14 0.241406 0.0710283 0.0300781 0.0389864 0.00411606
22 0.620703 0.354898 0.205469 0.401316 0.00370789
15 0.396484 0.310673 0.324219 0.462476 0.00348282
15 0.454004 0.354776 0.207617 0.179337 0.00323486
16 0.621094 0.356725 0.204688 0.397661 0.00309944
75 0.621094 0.356725 0.204688 0.397661 0.00274658
46 0.621875 0.355263 0.203125 0.398635 0.00269318
35 0.621875 0.377193 0.200781 0.3577 0.00252151
14 0.300391 0.441033 0.594531 0.718324 0.00251198
15 0.346484 0.410819 0.246094 0.255361 0.0024929
15 0.453223 0.382066 0.207617 0.126706 0.00191212
55 0.621875 0.355263 0.203125 0.398635 0.00185299
23 0.285742 0.435673 0.561328 0.725146 0.00182438
77 0.620703 0.354898 0.205469 0.401316 0.00157356
16 0.455859 0.259747 0.202344 0.373294 0.00142097
15 0.35293 0.407407 0.414453 0.648148 0.00134563
21 0.2875 0.444566 0.565625 0.705409 0.00131512
23 0.621875 0.34905 0.201563 0.41691 0.00129986
0 0.508984 0.320115 0.43125 0.478679 0.0012207
14 0.455859 0.259747 0.202344 0.373294 0.00119686
26 0.539453 0.319444 0.36875 0.47807 0.00117874
15 0.366797 0.495005 0.328906 0.386209 0.00109005
28 0.621094 0.356725 0.204688 0.397661 0.00101662
15 0.285742 0.4375 0.556641 0.729289 0.928711
14 0.242969 0.0682261 0.0257812 0.0304581 0.111267
15 0.539844 0.319444 0.366406 0.481969 0.0698242
15 0.360547 0.413743 0.401563 0.67154 0.0670776
15 0.610156 0.33845 0.226562 0.437135 0.0661011
15 0.455859 0.260965 0.200781 0.374756 0.0396423
26 0.621875 0.354776 0.203906 0.398635 0.0205688
15 0.455078 0.377193 0.519531 0.587719 0.0149536
15 0.449609 0.219786 0.18125 0.287524 0.0086441
15 0.4 0.400463 0.3375 0.265351 0.00834656
0 0.242969 0.0682261 0.0257812 0.0304581 0.00793457
16 0.287695 0.440058 0.566016 0.710526 0.00709534
27 0.621875 0.354776 0.203906 0.398635 0.00536346
39 0.621875 0.354776 0.203906 0.398635 0.00530243
0 0.620703 0.348928 0.205469 0.410331 0.00510025
22 0.620313 0.354776 0.205469 0.39961 0.00379562
24 0.621094 0.375731 0.203125 0.360624 0.00376511
14 0.241211 0.0711501 0.0304688 0.0389864 0.00335121
15 0.349609 0.411428 0.252344 0.255117 0.00309944
15 0.45459 0.362573 0.206445 0.165692 0.0028553
15 0.396484 0.311891 0.324219 0.465887 0.00279999
46 0.621875 0.354776 0.203906 0.398635 0.0026722
16 0.621094 0.356725 0.204688 0.396686 0.00247192
57 0.401074 0.464425 0.794727 0.905458 0.00201988
55 0.621875 0.354776 0.203906 0.398635 0.00181007
35 0.621094 0.375731 0.203125 0.360624 0.00174141
14 0.296484 0.439084 0.586719 0.721248 0.00161076
75 0.621094 0.356725 0.204688 0.396686 0.00156116
23 0.285156 0.435185 0.560156 0.725146 0.0014782
26 0.539453 0.319444 0.367969 0.477096 0.00126934
16 0.455859 0.260965 0.200781 0.374756 0.00124454
21 0.287695 0.440058 0.566016 0.710526 0.00123501
15 0.455371 0.387061 0.200195 0.122563 0.00118828
59 0.401074 0.464425 0.794727 0.905458 0.00118351
0 0.514453 0.320419 0.419531 0.47807 0.00117397
77 0.621875 0.354776 0.203906 0.398635 0.00104427
0 0.452344 0.346004 0.547656 0.521442 0.00103188
23 0.621875 0.356847 0.200781 0.399366 0.00101662
15 0.285938 0.437135 0.55625 0.731969 0.945801
15 0.539844 0.319444 0.366406 0.483918 0.0939941
14 0.242773 0.0682261 0.0261719 0.0309454 0.0927124
15 0.585547 0.334795 0.275 0.445419 0.0800781
15 0.621875 0.353923 0.201563 0.403265 0.0690308
15 0.356641 0.418007 0.408594 0.682505 0.0568542
15 0.455566 0.261757 0.199805 0.377071 0.0264587
26 0.621875 0.353801 0.203125 0.402534 0.0172424
15 0.455859 0.376096 0.517188 0.588938 0.0135345
15 0.449121 0.221491 0.179883 0.290936 0.00740433
0 0.242773 0.0682261 0.0261719 0.0309454 0.00720596
15 0.399609 0.401072 0.338281 0.267057 0.00511932
27 0.621875 0.353801 0.203125 0.402534 0.00498199
16 0.288867 0.437135 0.567578 0.716374 0.00453949
0 0.620313 0.346126 0.20625 0.41691 0.0042305
22 0.621094 0.353679 0.204688 0.401803 0.00333786
39 0.621875 0.353801 0.203125 0.402534 0.00318527
46 0.621875 0.353801 0.203125 0.402534 0.00300407
57 0.403418 0.467714 0.799414 0.916423 0.00287819
24 0.621875 0.353801 0.203125 0.402534 0.00279045
14 0.241016 0.0711501 0.0304688 0.03923 0.00270462
15 0.353516 0.411306 0.260938 0.256335 0.00260162
15 0.395313 0.313109 0.326562 0.469298 0.00236893
26 0.585547 0.334795 0.275 0.445419 0.00235939
16 0.620703 0.356725 0.203906 0.397661 0.00232315
59 0.403418 0.467714 0.799414 0.916423 0.0017271
56 0.403418 0.467714 0.799414 0.916423 0.0017004
15 0.454688 0.364401 0.205469 0.165936 0.00158501
55 0.621875 0.353801 0.203125 0.402534 0.00150108
26 0.53916 0.319201 0.368555 0.478557 0.00137806
35 0.620703 0.373782 0.203125 0.365497 0.00123024
0 0.585547 0.334795 0.275 0.445419 0.00114727
0 0.514453 0.320419 0.41875 0.48002 0.00110722
65 0.621875 0.353801 0.203125 0.402534 0.00102043
15 0.285938 0.438109 0.553125 0.733918 0.959961
15 0.539844 0.319444 0.366406 0.484893 0.104126
15 0.605469 0.336988 0.235938 0.442008 0.0844727
14 0.242969 0.0679825 0.0257812 0.0316764 0.0817871
26 0.622656 0.353314 0.203125 0.404483 0.0183411
15 0.45459 0.263402 0.19707 0.380604 0.0142288
15 0.452734 0.376218 0.503125 0.589669 0.0112
15 0.377344 0.420078 0.364063 0.677388 0.00857544
0 0.242969 0.0679825 0.0257812 0.0316764 0.00712204
56 0.401953 0.468811 0.796094 0.925926 0.00418091
0 0.621094 0.346979 0.20625 0.417154 0.00411606
27 0.622656 0.353314 0.203125 0.404483 0.00395966
15 0.448828 0.215643 0.180469 0.278265 0.0037365
57 0.401953 0.468811 0.796094 0.925926 0.00324821
22 0.621875 0.353801 0.203125 0.403509 0.00313568
24 0.622656 0.353314 0.203125 0.404483 0.00305176
16 0.289844 0.436525 0.56875 0.715643 0.00302696
15 0.390625 0.411428 0.33125 0.24732 0.0029583
46 0.622656 0.353314 0.203125 0.404483 0.00286674
15 0.393359 0.313596 0.328125 0.471248 0.00232315
14 0.241016 0.0711501 0.0308594 0.0397174 0.00218201
39 0.622656 0.353314 0.203125 0.404483 0.00199509
16 0.620703 0.356238 0.203906 0.398635 0.00167465
0 0.401953 0.468811 0.796094 0.925926 0.00156689
26 0.539453 0.319688 0.367969 0.478557 0.00156116
59 0.401953 0.468811 0.796094 0.925926 0.00154877
55 0.622656 0.353314 0.203125 0.404483 0.00119686
15 0.286328 0.438596 0.550781 0.732943 0.963379
15 0.620313 0.346857 0.20625 0.421296 0.0794678
15 0.539941 0.319932 0.366992 0.483918 0.0758667
14 0.242969 0.0679825 0.0257812 0.0311891 0.0692749
15 0.360938 0.421053 0.396094 0.688109 0.0238647
26 0.621875 0.354776 0.204688 0.403509 0.0204163
15 0.454297 0.263706 0.196094 0.38097 0.00948334
56 0.395996 0.469298 0.78457 0.932749 0.00754929
0 0.242969 0.0679825 0.0257812 0.0311891 0.00695801
15 0.427344 0.376706 0.444531 0.589669 0.00624084
57 0.395996 0.469298 0.78457 0.932749 0.00446701
0 0.620703 0.350755 0.207031 0.41155 0.00421524
0 0.395996 0.469298 0.78457 0.932749 0.0039444
27 0.621875 0.354776 0.204688 0.403509 0.00366402
15 0.448535 0.216374 0.179492 0.278752 0.00307465
24 0.621875 0.354776 0.204688 0.403509 0.00296974
46 0.621875 0.354776 0.204688 0.403509 0.0029583
16 0.289844 0.436525 0.56875 0.715643 0.00293541
22 0.620703 0.350755 0.207031 0.41155 0.00286674
15 0.392188 0.30117 0.335938 0.446394 0.00208282
15 0.389941 0.411306 0.331055 0.245614 0.00198746
39 0.621875 0.354776 0.204688 0.403509 0.00170708
16 0.620703 0.350755 0.207031 0.41155 0.00168705
14 0.241016 0.0712719 0.0304688 0.0397174 0.00165462
59 0.395996 0.469298 0.78457 0.932749 0.00153637
26 0.540527 0.322368 0.36582 0.473197 0.00150681
55 0.621875 0.354776 0.204688 0.403509 0.00108147
65 0.621875 0.354776 0.204688 0.403509 0.00100803
15 0.286719 0.438718 0.55 0.7327 0.961914
14 0.242969 0.0682261 0.0253906 0.0311891 0.0710449
15 0.539941 0.320115 0.366992 0.482578 0.0646362
15 0.620313 0.348075 0.207813 0.41886 0.0577087
26 0.621484 0.355629 0.20625 0.401803 0.0292053
15 0.363672 0.421174 0.391406 0.687865 0.0138474
56 0.394629 0.47076 0.782617 0.935673 0.00844574
15 0.453906 0.264133 0.196875 0.379142 0.00717545
0 0.394629 0.47076 0.782617 0.935673 0.00591278
0 0.242969 0.0682261 0.0253906 0.0311891 0.00566483
57 0.394629 0.47076 0.782617 0.935673 0.00526047
15 0.461719 0.346979 0.519531 0.526316 0.00492477
24 0.621484 0.355629 0.20625 0.401803 0.00443268
0 0.620703 0.351974 0.207813 0.409113 0.00408554
15 0.44834 0.222953 0.17832 0.292885 0.00369263
27 0.621484 0.355629 0.20625 0.401803 0.00329781
16 0.290234 0.437622 0.569531 0.714425 0.00288963
46 0.621484 0.355629 0.20625 0.401803 0.00259018
22 0.621094 0.355263 0.20625 0.402534 0.00244331
15 0.39209 0.300682 0.336133 0.44347 0.00209999
26 0.540625 0.323099 0.366406 0.47076 0.00186729
39 0.621484 0.355629 0.20625 0.401803 0.00175476
15 0.389453 0.411793 0.330469 0.243665 0.00171375
59 0.394629 0.47076 0.782617 0.935673 0.00153637
14 0.241016 0.0712719 0.0304688 0.0397174 0.00144958
16 0.620703 0.351974 0.207813 0.409113 0.00125504
55 0.621484 0.355629 0.20625 0.401803 0.00113392
15 0.403906 0.464059 0.801562 0.919834 0.00106525
15 0.287891 0.438596 0.549219 0.731969 0.959961
14 0.243164 0.0682261 0.0253906 0.0307018 0.0618896
15 0.540234 0.321089 0.367188 0.480629 0.0370483
26 0.621094 0.357212 0.207813 0.401559 0.0360718
15 0.621875 0.356725 0.204688 0.400585 0.028656
0 0.414844 0.476486 0.823438 0.945663 0.0126266
56 0.394824 0.477583 0.782227 0.947368 0.0109482
57 0.394824 0.477583 0.782227 0.947368 0.00634003
24 0.621094 0.357212 0.207813 0.401559 0.00526047
0 0.243164 0.0682261 0.0253906 0.0307018 0.00436401
15 0.459473 0.35039 0.520117 0.531189 0.00408554
15 0.453516 0.26462 0.196094 0.379142 0.00329781
27 0.621094 0.357212 0.207813 0.401559 0.00324821
0 0.619531 0.353801 0.210938 0.407407 0.00298119
15 0.40166 0.378046 0.391992 0.590887 0.00275803
16 0.292383 0.435551 0.573047 0.717593 0.00237846
26 0.541406 0.325292 0.365625 0.468324 0.00230598
46 0.621094 0.357212 0.207813 0.401559 0.00213242
22 0.621875 0.356725 0.204688 0.400585 0.0016489
39 0.621094 0.357212 0.207813 0.401559 0.0015974
59 0.394824 0.477583 0.782227 0.947368 0.00159168
15 0.391797 0.301413 0.336719 0.440058 0.00147247
15 0.447656 0.216862 0.178906 0.277778 0.00142097
63 0.414844 0.476486 0.823438 0.945663 0.00126934
13 0.394824 0.477583 0.782227 0.947368 0.0012064
14 0.24082 0.0713938 0.0308594 0.0394737 0.00109863
0 0.541406 0.325292 0.365625 0.468324 0.00104046
15 0.389746 0.412768 0.333008 0.241715 0.00101185
15 0.288281 0.436647 0.55 0.72807 0.956543
14 0.242969 0.0679825 0.0257812 0.0302144 0.0678101
26 0.621094 0.3577 0.209375 0.402534 0.0347595
15 0.539453 0.321577 0.367969 0.479654 0.0247955
0 0.421875 0.482943 0.8375 0.95809 0.0214539
15 0.621875 0.357212 0.204688 0.400585 0.0200195
56 0.394043 0.480994 0.780664 0.950292 0.0120087
57 0.444531 0.474659 0.882812 0.949318 0.00891876
15 0.466797 0.326267 0.517188 0.48002 0.00701141
24 0.621094 0.3577 0.209375 0.402534 0.00475693
0 0.242969 0.0679825 0.0257812 0.0302144 0.00329781
27 0.621094 0.3577 0.209375 0.402534 0.00312424
15 0.417188 0.379142 0.433594 0.592593 0.00299263
0 0.621875 0.362573 0.203125 0.38694 0.00265312
59 0.421875 0.482943 0.8375 0.95809 0.00256157
46 0.621094 0.3577 0.209375 0.402534 0.00235939
16 0.294141 0.434576 0.577344 0.719542 0.00212479
26 0.541309 0.326267 0.36582 0.468324 0.00209999
15 0.453223 0.265351 0.19668 0.378655 0.00154877
22 0.621875 0.357212 0.204688 0.400585 0.00146103
13 0.394043 0.480994 0.780664 0.950292 0.00137806
63 0.421875 0.482943 0.8375 0.95809 0.00135136
0 0.541309 0.326267 0.36582 0.468324 0.00123978
15 0.391406 0.301901 0.336719 0.43616 0.00117874
39 0.621094 0.3577 0.209375 0.402534 0.00117397
0 0.188477 0.401559 0.367578 0.77193 0.00103664
14 0.240625 0.0713938 0.03125 0.0394737 0.00103188
26 0.466797 0.326267 0.517188 0.48002 0.00102043
15 0.288281 0.43482 0.551562 0.722953 0.957031
14 0.242969 0.0679825 0.0257812 0.0302144 0.0653687
26 0.620313 0.357212 0.209375 0.404483 0.0304413
0 0.426953 0.487329 0.847656 0.964912 0.0230713
15 0.540234 0.325536 0.367188 0.471735 0.0224609
15 0.621875 0.356725 0.204688 0.402534 0.02034
57 0.444531 0.474172 0.882812 0.948343 0.0106964
56 0.393848 0.482943 0.781055 0.952242 0.0106964
15 0.458594 0.326572 0.525 0.489157 0.00638962
24 0.620313 0.357212 0.209375 0.404483 0.00424957
59 0.426953 0.487329 0.847656 0.964912 0.00362206
27 0.620313 0.357212 0.209375 0.404483 0.0029583
16 0.292188 0.438718 0.557813 0.726852 0.00293541
0 0.619531 0.357578 0.207813 0.399854 0.00291252
46 0.620313 0.357212 0.209375 0.404483 0.00275803
0 0.242969 0.0679825 0.0257812 0.0302144 0.00250244
13 0.393848 0.482943 0.781055 0.952242 0.00170708
26 0.540234 0.325536 0.367188 0.471735 0.00163555
22 0.621875 0.356725 0.204688 0.402534 0.00143242
0 0.540234 0.325536 0.367188 0.471735 0.00130463
63 0.426953 0.487329 0.847656 0.964912 0.0012846
0 0.292188 0.438718 0.557813 0.726852 0.0012064
15 0.372656 0.344542 0.371875 0.525341 0.00103664
15 0.289062 0.433723 0.554688 0.719298 0.95752
14 0.242969 0.0677388 0.0265625 0.0302144 0.0715942
26 0.61875 0.356725 0.2125 0.403509 0.0292053
15 0.621094 0.356238 0.20625 0.402534 0.0232391
15 0.539453 0.324622 0.367969 0.471613 0.0225372
0 0.430469 0.488791 0.854688 0.961988 0.0215302
57 0.444141 0.473684 0.883594 0.947368 0.0106125
56 0.397363 0.484284 0.788086 0.949561 0.00937653
15 0.466309 0.326084 0.517383 0.480385 0.00638962
59 0.430469 0.488791 0.854688 0.961988 0.00400543
24 0.61875 0.356725 0.2125 0.403509 0.00367928
46 0.61875 0.356725 0.2125 0.403509 0.00341606
0 0.61875 0.361111 0.209375 0.389864 0.00291252
27 0.61875 0.356725 0.2125 0.403509 0.00290108
16 0.292578 0.437135 0.560938 0.724172 0.00243378
13 0.397363 0.484284 0.788086 0.949561 0.00186729
0 0.242969 0.0677388 0.0265625 0.0302144 0.00185299
22 0.621094 0.356238 0.20625 0.402534 0.00158501
26 0.539453 0.324622 0.367969 0.471613 0.00142097
0 0.292578 0.437135 0.560938 0.724172 0.00135136
63 0.430469 0.488791 0.854688 0.961988 0.00131512
0 0.539453 0.324622 0.367969 0.471613 0.00124454
14 0.240234 0.0713938 0.0320312 0.0394737 0.00106525
15 0.289844 0.432749 0.55625 0.7154 0.95166
14 0.242578 0.0677388 0.0265625 0.0307018 0.0685425
15 0.620313 0.355751 0.207813 0.403509 0.0273743
15 0.539453 0.324501 0.36875 0.469907 0.0225372
26 0.617969 0.356725 0.214062 0.403509 0.0216217
15 0.58125 0.34905 0.284375 0.420809 0.0204926
0 0.430469 0.486355 0.854688 0.951267 0.0165253
57 0.430469 0.486355 0.854688 0.951267 0.00878143
56 0.430469 0.486355 0.854688 0.951267 0.00682449
15 0.466309 0.326267 0.517383 0.48002 0.00629044
46 0.617969 0.355751 0.2125 0.404483 0.00477219
59 0.430469 0.486355 0.854688 0.951267 0.00407028
0 0.617969 0.360746 0.210938 0.391569 0.00288963
24 0.617969 0.375244 0.209375 0.367446 0.00268364
27 0.617969 0.356725 0.214062 0.403509 0.0026207
22 0.620313 0.355751 0.207813 0.403509 0.00204277
16 0.293359 0.435551 0.561719 0.721491 0.00178242
13 0.395801 0.48002 0.784961 0.938596 0.00167465
63 0.430469 0.486355 0.854688 0.951267 0.00129414
16 0.617969 0.3577 0.210938 0.39961 0.00129414
0 0.242578 0.0677388 0.0265625 0.0307018 0.00124931
0 0.539453 0.324501 0.36875 0.469907 0.00116539
14 0.240039 0.0713938 0.0328125 0.039961 0.0011158
26 0.539453 0.324501 0.36875 0.469907 0.00109863
0 0.293359 0.435551 0.561719 0.721491 0.00103188
15 0.288477 0.432261 0.552734 0.71345 0.94873
14 0.242578 0.067617 0.0265625 0.0311891 0.0703125
15 0.619531 0.355751 0.208594 0.402534 0.0274811
26 0.617969 0.356238 0.214062 0.402534 0.0245209
15 0.539844 0.32578 0.36875 0.4654 0.0179138
0 0.428906 0.479532 0.851562 0.931774 0.00978088
46 0.617969 0.355751 0.2125 0.403509 0.00621796
57 0.428906 0.479532 0.851562 0.931774 0.00605011
56 0.428906 0.479532 0.851562 0.931774 0.00500107
15 0.464844 0.327424 0.521094 0.474781 0.00481033
59 0.428906 0.479532 0.851562 0.931774 0.00332451
24 0.617969 0.356238 0.214062 0.402534 0.00319672
22 0.619531 0.355751 0.208594 0.402534 0.0026207
27 0.617969 0.356238 0.214062 0.402534 0.0026207
0 0.617578 0.357212 0.211719 0.39961 0.00259018
16 0.292969 0.435673 0.535156 0.722222 0.00152493
13 0.39375 0.471857 0.78125 0.919834 0.0015192
0 0.242578 0.067617 0.0265625 0.0311891 0.00143814
16 0.617578 0.357212 0.211719 0.39961 0.00138855
14 0.240039 0.0715156 0.0328125 0.039961 0.00117397
63 0.428906 0.479532 0.851562 0.931774 0.00104809
0 0.292969 0.435673 0.535156 0.722222 0.00103188
15 0.2875 0.431774 0.55 0.711501 0.941895
14 0.242578 0.0677388 0.0265625 0.0316764 0.0643921
26 0.617969 0.355629 0.214062 0.401803 0.0370483
15 0.619141 0.355751 0.209375 0.402534 0.0262604
15 0.540625 0.328216 0.36875 0.458577 0.0146179
46 0.617969 0.355872 0.2125 0.403265 0.00891876
0 0.425781 0.470273 0.846875 0.909357 0.00511932
24 0.617969 0.355629 0.214062 0.401803 0.0041008
15 0.464453 0.328216 0.522656 0.469298 0.0037365
57 0.425781 0.470273 0.846875 0.909357 0.00358009
27 0.617969 0.355629 0.214062 0.401803 0.00322342
22 0.619141 0.355751 0.209375 0.402534 0.00319672
56 0.425781 0.470273 0.846875 0.909357 0.00317192
15 0.390234 0.379142 0.425781 0.591618 0.00288963
0 0.617969 0.356725 0.210938 0.393762 0.00255013
59 0.425781 0.470273 0.846875 0.909357 0.00219154
0 0.242578 0.0677388 0.0265625 0.0316764 0.0018034
16 0.292773 0.433723 0.533203 0.716374 0.00168705
16 0.617969 0.356603 0.2125 0.399854 0.00144958
0 0.292773 0.433723 0.533203 0.716374 0.0012846
14 0.240234 0.0715156 0.0328125 0.0402047 0.00117397
35 0.616406 0.377193 0.2125 0.362573 0.00109482
13 0.385547 0.459917 0.764063 0.893031 0.00101662
15 0.286719 0.42885 0.548438 0.701754 0.938477
14 0.242578 0.0677388 0.0265625 0.0316764 0.0758667
26 0.61875 0.355751 0.2125 0.400585 0.0653687
15 0.619531 0.355872 0.209375 0.401316 0.016922
15 0.541406 0.329435 0.367969 0.454191 0.0100098
46 0.61875 0.355629 0.210938 0.401803 0.00955963
24 0.61875 0.355751 0.2125 0.400585 0.00614548
22 0.619531 0.355872 0.209375 0.401316 0.00388527
27 0.61875 0.355751 0.2125 0.400585 0.00370789
0 0.242578 0.0677388 0.0265625 0.0316764 0.00325966
0 0.619531 0.358674 0.209375 0.389864 0.00302696
15 0.376172 0.37768 0.392188 0.588694 0.00259018
15 0.462891 0.32846 0.525781 0.464912 0.00250244
0 0.422656 0.456628 0.839063 0.876218 0.00186729
56 0.422656 0.456628 0.839063 0.876218 0.00166798
16 0.292578 0.431774 0.532031 0.712476 0.00159168
57 0.422656 0.456628 0.839063 0.876218 0.00156689
14 0.240234 0.0715156 0.0320312 0.0402047 0.00152493
0 0.292578 0.431774 0.532031 0.712476 0.0014782
35 0.615625 0.378289 0.214062 0.36038 0.00139427
59 0.501563 0.532286 0.923438 0.857456 0.00137806
28 0.617188 0.355263 0.215625 0.400585 0.00108624
15 0.286328 0.42885 0.546094 0.701754 0.942871
26 0.619141 0.355751 0.211719 0.400585 0.0844727
14 0.242773 0.0677388 0.0261719 0.0316764 0.0710449
15 0.618359 0.354654 0.211719 0.403752 0.0152512
15 0.541797 0.330166 0.367188 0.451754 0.00901794
46 0.61875 0.355263 0.210938 0.400585 0.00861359
24 0.619141 0.355751 0.211719 0.400585 0.00772476
0 0.242773 0.0677388 0.0261719 0.0316764 0.00441742
22 0.619531 0.356603 0.207813 0.399854 0.00402451
27 0.619141 0.355751 0.211719 0.400585 0.00369263
0 0.619531 0.359649 0.207813 0.38694 0.00338936
15 0.37207 0.377193 0.381641 0.587719 0.00261116
15 0.461719 0.328947 0.528125 0.461988 0.00191212
0 0.292578 0.430312 0.530469 0.710526 0.00171375
57 0.501172 0.531311 0.928906 0.855507 0.00157356
16 0.292578 0.430312 0.530469 0.710526 0.00155449
59 0.501172 0.531311 0.928906 0.855507 0.00147247
14 0.240625 0.0716374 0.03125 0.0404483 0.00145531
28 0.617969 0.355751 0.214062 0.39961 0.00140476
35 0.616797 0.37963 0.2125 0.358674 0.00139904
56 0.424219 0.448343 0.842188 0.861598 0.00132465
0 0.424219 0.448343 0.842188 0.861598 0.00122547
15 0.286719 0.42885 0.544531 0.701754 0.944824
26 0.619531 0.355751 0.210938 0.39961 0.0991211
14 0.242773 0.0679825 0.0261719 0.0321637 0.0614319
15 0.619531 0.355751 0.209375 0.403509 0.0182648
46 0.619141 0.355263 0.210156 0.401559 0.00888062
24 0.619531 0.355751 0.210938 0.39961 0.00881195
15 0.542285 0.33114 0.366992 0.44883 0.00834656
0 0.242773 0.0679825 0.0261719 0.0321637 0.00482941
22 0.619531 0.356603 0.207813 0.399854 0.00402451
0 0.620313 0.361111 0.20625 0.38499 0.00366402
27 0.619531 0.355751 0.210938 0.39961 0.00356483
15 0.371875 0.378046 0.375781 0.588938 0.0030632
0 0.292578 0.430312 0.529688 0.710526 0.00191212
28 0.61875 0.355751 0.2125 0.39961 0.00183105
57 0.499609 0.534113 0.928906 0.8577 0.00177479
15 0.461621 0.329922 0.52832 0.459064 0.00167465
16 0.292578 0.430312 0.529688 0.710526 0.00162888
59 0.499609 0.534113 0.928906 0.8577 0.00153637
14 0.240625 0.0716374 0.03125 0.0404483 0.00143814
35 0.617578 0.37963 0.211719 0.3577 0.00140476
15 0.453516 0.271443 0.198437 0.380117 0.00112915
15 0.3875 0.300682 0.3375 0.44347 0.00107288
15 0.287891 0.42885 0.544531 0.701754 0.950195
26 0.61875 0.355629 0.2125 0.399854 0.088501
14 0.242578 0.0678606 0.0261719 0.0321637 0.0465393
15 0.617969 0.355872 0.2125 0.399366 0.0195007
15 0.541016 0.325292 0.369531 0.461501 0.0156708
24 0.61875 0.355629 0.2125 0.399854 0.00857544
46 0.619141 0.355751 0.210156 0.401559 0.00561905
0 0.242578 0.0678606 0.0261719 0.0321637 0.00388527
0 0.616406 0.358187 0.214062 0.390838 0.00348282
27 0.61875 0.355629 0.2125 0.399854 0.00346947
15 0.369922 0.379142 0.382031 0.591618 0.0027256
15 0.461816 0.326023 0.529492 0.467836 0.0026207
22 0.619922 0.357578 0.207813 0.399854 0.00242424
28 0.617969 0.355263 0.214062 0.400585 0.00188255
0 0.292969 0.429825 0.529688 0.709552 0.00188255
57 0.497266 0.534235 0.927344 0.857456 0.0018177
16 0.292969 0.429825 0.529688 0.709552 0.00155449
59 0.497266 0.534235 0.927344 0.857456 0.00150681
35 0.617969 0.379995 0.210938 0.356969 0.00119209
26 0.541016 0.325292 0.369531 0.461501 0.00117874
14 0.240625 0.0716374 0.03125 0.0404483 0.00117397
15 0.387598 0.301231 0.338867 0.444323 0.00109482
15 0.453906 0.27193 0.199219 0.380117 0.00109005
15 0.289062 0.42885 0.546875 0.701754 0.955078
26 0.617969 0.355263 0.214062 0.402534 0.0460205
14 0.242578 0.0677388 0.0261719 0.0321637 0.0327148
15 0.540234 0.322612 0.371875 0.468811 0.0292053
15 0.616406 0.353679 0.215625 0.403752 0.0261536
46 0.618359 0.355872 0.211719 0.403265 0.00477219
24 0.617969 0.355263 0.214062 0.402534 0.00462723
15 0.462402 0.324135 0.52832 0.476486 0.00457382
0 0.242578 0.0677388 0.0261719 0.0321637 0.00367928
26 0.557813 0.346126 0.334375 0.424708 0.00342941
27 0.617969 0.355263 0.214062 0.402534 0.00301552
0 0.605469 0.35173 0.2375 0.405702 0.00290108
22 0.620313 0.355872 0.207813 0.403265 0.00227928
15 0.371484 0.381213 0.407031 0.596248 0.00211525
57 0.496094 0.53521 0.928125 0.861355 0.00208282
0 0.29375 0.428972 0.529688 0.709308 0.00177479
59 0.496094 0.53521 0.928125 0.861355 0.00155449
16 0.29375 0.428972 0.529688 0.709308 0.00145531
35 0.617969 0.379142 0.211719 0.359649 0.00123978
28 0.617969 0.355263 0.214062 0.402534 0.00122547
26 0.492969 0.320663 0.464844 0.471735 0.00112057
13 0.496094 0.531676 0.915625 0.866472 0.00110722
77 0.618359 0.355872 0.211719 0.403265 0.00101662
15 0.291797 0.42885 0.552344 0.701754 0.95752
15 0.539844 0.321211 0.373437 0.473562 0.0483093
15 0.619531 0.353314 0.209375 0.410331 0.0307922
26 0.61875 0.355263 0.214062 0.404483 0.0235138
14 0.242578 0.067617 0.0261719 0.0319201 0.0231476
15 0.462891 0.324561 0.527344 0.483431 0.00937653
46 0.617578 0.355263 0.213281 0.404483 0.00314713
57 0.497656 0.538012 0.940625 0.867446 0.0029583
26 0.561719 0.346004 0.328125 0.420078 0.00277901
27 0.61875 0.355263 0.214062 0.404483 0.00236893
24 0.61875 0.355263 0.214062 0.404483 0.00234222
0 0.242578 0.067617 0.0261719 0.0319201 0.00229645
0 0.572266 0.341618 0.303906 0.426901 0.00224304
15 0.400098 0.383163 0.485742 0.602096 0.00214958
0 0.617578 0.355263 0.213281 0.404483 0.00210762
59 0.497656 0.538012 0.940625 0.867446 0.00201988
0 0.294141 0.42885 0.530469 0.710526 0.00161076
22 0.619531 0.353314 0.209375 0.410331 0.00138855
13 0.497656 0.538012 0.940625 0.867446 0.00131989
16 0.294141 0.42885 0.530469 0.710526 0.00129414
26 0.487891 0.320602 0.475 0.473806 0.00119686
77 0.617578 0.355263 0.213281 0.404483 0.00102043
15 0.295312 0.42885 0.559375 0.701754 0.955566
15 0.539453 0.320663 0.374219 0.477583 0.0665894
15 0.601562 0.345882 0.245312 0.425195 0.0236053
15 0.462891 0.326084 0.527344 0.490132 0.0189056
14 0.242578 0.0674951 0.0257812 0.0316764 0.0140076
26 0.620703 0.353801 0.210156 0.409357 0.0140076
57 0.497656 0.538865 0.945312 0.869639 0.00402451
26 0.546484 0.332359 0.357031 0.452242 0.00352478
59 0.497656 0.538865 0.945312 0.869639 0.00252151
0 0.616406 0.352948 0.217188 0.411062 0.00188255
0 0.294922 0.42885 0.53125 0.711501 0.00176811
13 0.497656 0.538865 0.945312 0.869639 0.00174809
0 0.552734 0.332846 0.34375 0.445419 0.0017271
57 0.403223 0.439084 0.799805 0.858674 0.0016613
24 0.620313 0.378655 0.207813 0.361598 0.00164223
27 0.620703 0.353801 0.210156 0.409357 0.00161076
56 0.441797 0.462963 0.878906 0.925926 0.00152493
46 0.616406 0.352948 0.217188 0.411062 0.00151253
59 0.403223 0.439084 0.799805 0.858674 0.0014782
0 0.242578 0.0674951 0.0257812 0.0316764 0.00134563
26 0.462891 0.326084 0.527344 0.490132 0.00127888
16 0.294922 0.42885 0.53125 0.711501 0.00115585
15 0.297656 0.428972 0.564063 0.701511 0.958008
15 0.539844 0.320906 0.374219 0.477096 0.0705566
15 0.59375 0.345029 0.2625 0.427875 0.0248871
15 0.462891 0.326572 0.528906 0.491106 0.0247955
26 0.622266 0.353923 0.207031 0.411062 0.0123825
14 0.242578 0.0673733 0.0257812 0.0319201 0.0115509
57 0.442578 0.465887 0.880469 0.929825 0.00815582
59 0.497656 0.541423 0.954688 0.876218 0.00538635
26 0.541016 0.330897 0.36875 0.45614 0.00299263
13 0.497656 0.541423 0.954688 0.876218 0.00279045
56 0.442578 0.465887 0.880469 0.929825 0.00269318
59 0.404687 0.44347 0.803125 0.871345 0.00202751
60 0.497656 0.541423 0.954688 0.876218 0.00172043
24 0.621484 0.37768 0.204688 0.363548 0.00158501
0 0.295117 0.42885 0.533203 0.712476 0.00151253
0 0.616406 0.351852 0.217188 0.413255 0.00149536
0 0.553516 0.332359 0.342969 0.446394 0.0014782
27 0.622266 0.353923 0.207031 0.411062 0.00145531
46 0.616406 0.351852 0.217188 0.413255 0.00135136
26 0.462891 0.326572 0.528906 0.491106 0.00129414
0 0.442578 0.465887 0.880469 0.929825 0.0012846
16 0.295117 0.42885 0.533203 0.712476 0.00118828
28 0.496875 0.466862 0.945312 0.749513 0.00109005
15 0.298047 0.428363 0.564063 0.70078 0.960449
15 0.539844 0.321394 0.374219 0.476121 0.0658569
15 0.463672 0.326998 0.526563 0.490253 0.026062
15 0.589453 0.345517 0.271094 0.427875 0.0235138
57 0.498047 0.541789 0.957031 0.879386 0.0130234
26 0.623047 0.353314 0.20625 0.412281 0.0115509
14 0.242578 0.0672515 0.0257812 0.0321637 0.00952148
59 0.498047 0.541789 0.957031 0.879386 0.00888062
57 0.402246 0.445297 0.79707 0.875487 0.00392914
56 0.442969 0.466374 0.879687 0.930799 0.00376511
13 0.498047 0.541789 0.957031 0.879386 0.00356483
26 0.539844 0.331384 0.371875 0.45614 0.0028553
60 0.498047 0.541789 0.957031 0.879386 0.00226974
59 0.402246 0.445297 0.79707 0.875487 0.00219917
0 0.442969 0.466374 0.879687 0.930799 0.00167465
0 0.295117 0.42885 0.534766 0.71345 0.00150108
28 0.498047 0.541789 0.957031 0.879386 0.00146675
24 0.621875 0.376218 0.203125 0.366472 0.00142097
26 0.463672 0.326998 0.526563 0.490253 0.00141048
46 0.623047 0.353314 0.20625 0.412281 0.00138855
27 0.623047 0.353314 0.20625 0.412281 0.00132465
0 0.554688 0.331628 0.342187 0.447856 0.00123501
16 0.295117 0.42885 0.534766 0.71345 0.00119209
0 0.616406 0.351852 0.217188 0.415205 0.0011692
15 0.29707 0.427753 0.562891 0.700049 0.962402
15 0.540234 0.322612 0.374219 0.475634 0.0531921
15 0.464063 0.327973 0.525781 0.490253 0.0240479
15 0.591406 0.347466 0.267969 0.424951 0.0193481
57 0.444531 0.468811 0.882812 0.935673 0.0158386
26 0.623438 0.353801 0.204688 0.413255 0.0109024
59 0.498047 0.541058 0.957031 0.882797 0.0104904
14 0.242578 0.0672515 0.0257812 0.0321637 0.00818634
56 0.444531 0.468811 0.882812 0.935673 0.00450516
13 0.498047 0.541058 0.957031 0.882797 0.00390053
60 0.498047 0.541058 0.957031 0.882797 0.00305176
26 0.539062 0.333821 0.373437 0.453216 0.00259018
59 0.401172 0.44883 0.794531 0.884016 0.00218201
0 0.444531 0.468811 0.882812 0.935673 0.00188255
28 0.498047 0.541058 0.957031 0.882797 0.00163555
26 0.464063 0.327973 0.525781 0.490253 0.00145531
0 0.294922 0.428728 0.535937 0.713694 0.00144958
46 0.623438 0.353801 0.204688 0.413255 0.00141048
24 0.621875 0.374391 0.203125 0.370127 0.00140476
27 0.623438 0.353801 0.204688 0.413255 0.00123501
16 0.294922 0.428728 0.535937 0.713694 0.00121593
0 0.555469 0.331871 0.340625 0.447368 0.00105667
2 0.498047 0.541058 0.957031 0.882797 0.00103188
0 0.616797 0.352339 0.216406 0.415205 0.00101185
15 0.296484 0.427388 0.560938 0.69883 0.964355
15 0.540234 0.323099 0.374219 0.473684 0.0492249
15 0.464941 0.328216 0.524805 0.488791 0.0207977
15 0.604688 0.350024 0.242188 0.420809 0.0195618
57 0.445312 0.470638 0.884375 0.937865 0.0150146
26 0.623438 0.354654 0.204688 0.41155 0.0132217
59 0.498437 0.540448 0.959375 0.884016 0.00967407
14 0.242773 0.0672515 0.0261719 0.0321637 0.00775528
56 0.445312 0.470638 0.884375 0.937865 0.00468063
13 0.501563 0.538134 0.948438 0.892544 0.00403976
60 0.498437 0.540448 0.959375 0.884016 0.00348282
26 0.541406 0.337719 0.36875 0.445419 0.0026722
0 0.445312 0.470638 0.884375 0.937865 0.00216484
46 0.617969 0.353923 0.214062 0.413012 0.00208282
28 0.498437 0.540448 0.959375 0.884016 0.00174141
59 0.399512 0.44749 0.791602 0.880848 0.00163555
26 0.454004 0.373782 0.549805 0.576998 0.00146675
24 0.621875 0.373173 0.203125 0.372563 0.00143242
16 0.295117 0.428363 0.535547 0.714425 0.00141048
27 0.623438 0.354654 0.204688 0.41155 0.00139904
0 0.295117 0.428363 0.535547 0.714425 0.00126457
26 0.502344 0.518519 0.95625 0.873294 0.00109863
2 0.498437 0.540448 0.959375 0.884016 0.00108624
15 0.294531 0.427753 0.557813 0.698099 0.969238
15 0.540234 0.324561 0.373437 0.47076 0.0467224
15 0.614453 0.353923 0.221094 0.413012 0.0240479
15 0.464844 0.329191 0.523438 0.486842 0.0179901
57 0.445312 0.473684 0.885938 0.94347 0.0149536
26 0.623438 0.355751 0.204688 0.409357 0.0126724
59 0.499219 0.539839 0.960938 0.885234 0.00894928
14 0.242773 0.0672515 0.0261719 0.0321637 0.00653839
56 0.445312 0.473684 0.885938 0.94347 0.00511932
13 0.501563 0.538134 0.948438 0.894493 0.00419998
60 0.499219 0.539839 0.960938 0.885234 0.00367928
0 0.445312 0.473684 0.885938 0.94347 0.00253105
46 0.617969 0.356238 0.2125 0.408382 0.00237846
26 0.545313 0.34308 0.359375 0.434698 0.00228691
24 0.621875 0.371467 0.202344 0.375975 0.00183105
28 0.500781 0.521442 0.948438 0.890838 0.00176811
59 0.398828 0.453216 0.789844 0.890838 0.00166798
16 0.295117 0.428363 0.534766 0.714425 0.00153637
27 0.623438 0.355751 0.204688 0.409357 0.00131512
26 0.464844 0.329191 0.523438 0.486842 0.00122547
0 0.295117 0.428363 0.534766 0.714425 0.00122547
2 0.499219 0.539839 0.960938 0.885234 0.00120163
0 0.540234 0.324561 0.373437 0.47076 0.00109863
67 0.629687 0.373416 0.1875 0.368177 0.00108147
3 0.499219 0.539839 0.960938 0.885234 0.00107288
26 0.502344 0.521442 0.954688 0.879142 0.00105667
63 0.445312 0.473684 0.885938 0.94347 0.00103664
15 0.293359 0.427022 0.557031 0.697612 0.971191
15 0.539844 0.326754 0.373437 0.4654 0.0387573
15 0.620313 0.357822 0.208594 0.405214 0.0280151
26 0.622656 0.358674 0.204688 0.403509 0.0163422
15 0.464746 0.330166 0.523633 0.480994 0.0142288
57 0.44375 0.473684 0.88125 0.94347 0.0140076
59 0.5 0.539961 0.959375 0.88499 0.00891876
14 0.242773 0.0672515 0.0261719 0.0321637 0.00671768
56 0.44375 0.473684 0.88125 0.94347 0.0049057
13 0.501172 0.538499 0.947656 0.895711 0.00468063
60 0.5 0.539961 0.959375 0.88499 0.00345612
0 0.44375 0.473684 0.88125 0.94347 0.00305176
26 0.564453 0.350755 0.321094 0.417398 0.00283432
46 0.619141 0.358187 0.210938 0.403509 0.0026207
28 0.501563 0.525219 0.948438 0.89498 0.00245285
24 0.621094 0.371345 0.203906 0.376218 0.00231361
16 0.294922 0.42885 0.534375 0.714425 0.00165462
27 0.622656 0.358674 0.204688 0.403509 0.00152493
59 0.392871 0.451754 0.77832 0.885965 0.00151253
26 0.492188 0.325049 0.466406 0.468811 0.00121593
2 0.5 0.539961 0.959375 0.88499 0.0011692
0 0.294922 0.42885 0.534375 0.714425 0.00111198
67 0.629687 0.372807 0.189063 0.368421 0.00109482
26 0.504687 0.524854 0.95 0.880117 0.00107288
63 0.44375 0.473684 0.88125 0.94347 0.00105667
3 0.5 0.539961 0.959375 0.88499 0.00105286
0 0.572266 0.338938 0.305469 0.433236 0.00101185
15 0.291602 0.427388 0.555859 0.697856 0.973145
15 0.489453 0.326754 0.471094 0.4654 0.0332031
15 0.621094 0.358553 0.20625 0.401803 0.0266571
15 0.542969 0.349415 0.364063 0.422027 0.026062
26 0.622656 0.359649 0.205469 0.400585 0.0171051
57 0.442578 0.474659 0.880469 0.945419 0.014389
59 0.5 0.539474 0.959375 0.885965 0.00766754
14 0.242969 0.0673733 0.0257812 0.0316764 0.00643921
56 0.442578 0.474659 0.880469 0.945419 0.00498199
13 0.501172 0.538134 0.947656 0.896442 0.00468063
0 0.442578 0.474659 0.880469 0.945419 0.00388527
60 0.5 0.539474 0.959375 0.885965 0.00328636
46 0.619531 0.358553 0.210938 0.401803 0.00319672
28 0.502344 0.52729 0.948438 0.898636 0.00279999
24 0.621094 0.371345 0.203906 0.375244 0.00252151
26 0.542969 0.349415 0.364063 0.422027 0.00183868
15 0.435254 0.361111 0.579492 0.552632 0.00170708
16 0.294922 0.42885 0.533594 0.714425 0.00167465
59 0.390723 0.455653 0.774805 0.895711 0.00157356
27 0.622656 0.359649 0.205469 0.400585 0.00151253
67 0.629687 0.372807 0.189063 0.368421 0.00124931
26 0.489453 0.326754 0.471094 0.4654 0.0012064
2 0.5 0.539474 0.959375 0.885965 0.0011692
65 0.622656 0.359649 0.205469 0.400585 0.00113392
0 0.582812 0.342836 0.284375 0.425439 0.00106525
0 0.294922 0.42885 0.533594 0.714425 0.00101185
26 0.504687 0.526316 0.946875 0.881092 0.00100803
15 0.29043 0.427875 0.556641 0.697856 0.973145
15 0.489844 0.328216 0.470313 0.461501 0.0352783
15 0.621094 0.358796 0.207031 0.401316 0.0290833
15 0.543652 0.35173 0.362695 0.415448 0.0265503
26 0.621875 0.359649 0.20625 0.39961 0.0148392
57 0.440625 0.474659 0.876563 0.945419 0.00985718
14 0.242969 0.0674951 0.0257812 0.0311891 0.00751877
59 0.500391 0.538499 0.958594 0.885965 0.00584412
56 0.440625 0.474659 0.876563 0.945419 0.00419998
13 0.501172 0.537037 0.944531 0.894737 0.00407028
0 0.440625 0.474659 0.876563 0.945419 0.00362206
46 0.619141 0.359162 0.210156 0.400585 0.00309944
60 0.500391 0.538499 0.958594 0.885965 0.0029583
24 0.620703 0.371223 0.204688 0.374513 0.00260162
28 0.501172 0.523514 0.944531 0.890595 0.00221634
16 0.294531 0.428972 0.533594 0.713207 0.00176811
26 0.543652 0.35173 0.362695 0.415448 0.0017271
15 0.433496 0.359162 0.581445 0.546784 0.0015974
27 0.621875 0.359649 0.20625 0.39961 0.00151253
59 0.389062 0.459552 0.771875 0.901559 0.00126934
26 0.489844 0.328216 0.470313 0.461501 0.00123024
2 0.500391 0.538499 0.958594 0.885965 0.00117397
0 0.589453 0.346004 0.270313 0.417154 0.00112438
0 0.294531 0.428972 0.533594 0.713207 0.00110722
65 0.621875 0.359649 0.20625 0.39961 0.00107288
0 0.539844 0.331628 0.372656 0.454678 0.00103664
67 0.629687 0.372198 0.189063 0.368665 0.00100422
15 0.289844 0.427753 0.557813 0.698099 0.975098
15 0.486719 0.330409 0.476562 0.45614 0.0316162
15 0.620703 0.358187 0.207813 0.400585 0.0294189
15 0.546484 0.354288 0.357031 0.410331 0.0245209
26 0.621094 0.359162 0.207813 0.39961 0.0142822
14 0.242969 0.0674951 0.0257812 0.0311891 0.00955963
57 0.500781 0.538134 0.957812 0.884747 0.00806427
59 0.500781 0.538134 0.957812 0.884747 0.00500107
13 0.501172 0.537159 0.944531 0.892544 0.00432968
57 0.38916 0.459552 0.77168 0.901559 0.00378036
0 0.439453 0.475146 0.874219 0.944444 0.00376511
56 0.439453 0.475146 0.874219 0.944444 0.00349617
46 0.61875 0.358553 0.210938 0.399854 0.00331116
60 0.500781 0.538134 0.957812 0.884747 0.00271416
24 0.619922 0.370492 0.20625 0.375975 0.00250244
28 0.500781 0.52193 0.945312 0.885965 0.00182438
26 0.546484 0.354288 0.357031 0.410331 0.00175476
16 0.294141 0.429825 0.534375 0.711501 0.00172043
27 0.621094 0.359162 0.207813 0.39961 0.00157356
15 0.432813 0.359649 0.584375 0.545809 0.00142097
0 0.294141 0.429825 0.534375 0.711501 0.00123978
26 0.486719 0.330409 0.476562 0.45614 0.00119209
0 0.600781 0.349415 0.246875 0.410331 0.00118351
59 0.38916 0.459552 0.77168 0.901559 0.0011158
2 0.500781 0.538134 0.957812 0.884747 0.00109863
0 0.539844 0.334308 0.371875 0.448343 0.00106049
15 0.289062 0.428363 0.559375 0.699805 0.976074
15 0.488965 0.330653 0.47207 0.455653 0.0351562
15 0.620313 0.3577 0.208594 0.401559 0.0339661
15 0.545313 0.353923 0.359375 0.411062 0.0262604
26 0.621094 0.357822 0.209375 0.401316 0.0114212
14 0.242773 0.0674951 0.0261719 0.0311891 0.0104523
57 0.5 0.538134 0.95625 0.884747 0.00706482
59 0.5 0.538134 0.95625 0.884747 0.00439835
13 0.501172 0.537037 0.941406 0.890838 0.0042305
57 0.387891 0.462963 0.76875 0.908382 0.00325966
0 0.437109 0.475146 0.869531 0.944444 0.00298119
46 0.61875 0.3577 0.2125 0.400585 0.0029583
56 0.437109 0.475146 0.869531 0.944444 0.00259018
60 0.5 0.538134 0.95625 0.884747 0.00251198
24 0.619531 0.369883 0.207031 0.376218 0.00226021
16 0.29375 0.429825 0.535156 0.711501 0.00176144
27 0.621094 0.357822 0.209375 0.401316 0.00156116
28 0.5 0.518519 0.940625 0.881092 0.0015192
26 0.545313 0.353923 0.359375 0.411062 0.0014782
0 0.29375 0.429825 0.535156 0.711501 0.00137806
15 0.43125 0.359162 0.5875 0.544834 0.00130463
0 0.600781 0.349415 0.246875 0.410331 0.00116062
0 0.540234 0.334308 0.371875 0.448343 0.00112915
26 0.488965 0.330653 0.47207 0.455653 0.00112915
59 0.387891 0.462963 0.76875 0.908382 0.00102806
15 0.289062 0.428728 0.560938 0.700049 0.976562
15 0.487402 0.330409 0.475195 0.457115 0.0401001
15 0.620313 0.356725 0.209375 0.402534 0.0381775
15 0.544531 0.352827 0.361719 0.412281 0.0290833
14 0.242773 0.0674951 0.0261719 0.0311891 0.01297
26 0.620703 0.356238 0.210156 0.403509 0.0102081
57 0.5 0.537159 0.95625 0.884747 0.00591278
59 0.5 0.537159 0.95625 0.884747 0.00379562
13 0.500781 0.535941 0.942187 0.889133 0.00376511
46 0.618359 0.356725 0.213281 0.401559 0.00287819
57 0.3875 0.461014 0.767969 0.902534 0.00251198
0 0.436328 0.473684 0.867969 0.94152 0.00223351
60 0.5 0.537159 0.95625 0.884747 0.00218201
24 0.61875 0.368543 0.208594 0.379873 0.00201988
56 0.436328 0.473684 0.867969 0.94152 0.00201988
16 0.293555 0.429337 0.536328 0.711501 0.00177479
27 0.620703 0.356238 0.210156 0.403509 0.00153637
26 0.544531 0.352827 0.361719 0.412281 0.00141048
0 0.293555 0.429337 0.536328 0.711501 0.00139904
28 0.499219 0.50731 0.939063 0.860624 0.00133514
15 0.428906 0.3577 0.592188 0.54191 0.00131989
26 0.487402 0.330409 0.475195 0.457115 0.0011425
0 0.540234 0.333577 0.372656 0.449805 0.00110722
0 0.600781 0.347831 0.248438 0.413499 0.00104046
15 0.287695 0.428972 0.560547 0.701511 0.978027
15 0.620313 0.356725 0.209375 0.402534 0.0368958
15 0.483984 0.331384 0.482031 0.454191 0.035553
15 0.547266 0.353679 0.35625 0.4096 0.0268555
14 0.242578 0.067617 0.0265625 0.0314327 0.0149002
26 0.620313 0.355872 0.210938 0.403265 0.0143356
57 0.5 0.538012 0.95625 0.883041 0.00538635
13 0.5 0.536184 0.940625 0.888645 0.00407028
59 0.5 0.538012 0.95625 0.883041 0.00333786
46 0.618359 0.356725 0.213281 0.401559 0.00307465
57 0.383691 0.455288 0.760742 0.890595 0.00210762
24 0.618359 0.37037 0.209375 0.375244 0.0020504
26 0.553125 0.351852 0.348438 0.409357 0.0020504
60 0.5 0.538012 0.95625 0.883041 0.00190449
0 0.433984 0.471248 0.863281 0.936647 0.00185299
27 0.620313 0.355872 0.210938 0.403265 0.00174809
56 0.433984 0.471248 0.863281 0.936647 0.00167465
16 0.293359 0.430312 0.536719 0.710526 0.00165462
28 0.5 0.513645 0.94375 0.871345 0.00137806
0 0.293359 0.430312 0.536719 0.710526 0.00134563
26 0.483984 0.331384 0.482031 0.454191 0.00129414
15 0.426172 0.357212 0.597656 0.540936 0.0011158
0 0.605859 0.349415 0.238281 0.409357 0.00107288
15 0.287695 0.429946 0.562109 0.70346 0.977051
15 0.48125 0.331384 0.4875 0.455166 0.0358276
15 0.619531 0.356238 0.210938 0.403509 0.0344849
15 0.544922 0.352705 0.360938 0.41155 0.024704
14 0.242578 0.067617 0.0265625 0.0316764 0.0145569
26 0.620313 0.355263 0.210938 0.404483 0.0109024
57 0.499219 0.538012 0.954688 0.883041 0.00479126
13 0.499219 0.538012 0.954688 0.883041 0.00359344
59 0.499219 0.538012 0.954688 0.883041 0.00286674
46 0.617969 0.356603 0.214062 0.401803 0.0027256
60 0.499219 0.538012 0.954688 0.883041 0.00172043
24 0.61875 0.369883 0.207813 0.376218 0.0016489
57 0.383496 0.455653 0.75957 0.889864 0.0016489
26 0.544922 0.352705 0.360938 0.41155 0.00154877
27 0.620313 0.355263 0.210938 0.404483 0.00151253
16 0.292969 0.431287 0.538281 0.710526 0.00151253
0 0.292969 0.431287 0.538281 0.710526 0.00138855
28 0.498437 0.512671 0.940625 0.867446 0.00134087
56 0.432422 0.470273 0.860156 0.934698 0.00130939
0 0.432422 0.470273 0.860156 0.934698 0.0012846
26 0.48125 0.331384 0.4875 0.455166 0.00117874
0 0.602344 0.348075 0.245312 0.413012 0.00102425
15 0.424121 0.359162 0.600195 0.544834 0.00101662
15 0.286523 0.430799 0.559766 0.704678 0.977539
15 0.480078 0.329922 0.489844 0.457115 0.0427246
15 0.61875 0.356238 0.211719 0.402534 0.0406799
15 0.543359 0.351974 0.364063 0.413012 0.0289764
14 0.242578 0.0674951 0.0265625 0.0316764 0.0104523
26 0.619531 0.354776 0.2125 0.403509 0.00898743
57 0.496875 0.532164 0.942187 0.867446 0.00312424
13 0.496875 0.532164 0.942187 0.867446 0.0029583
46 0.619531 0.354776 0.2125 0.403509 0.00188255
0 0.292383 0.431774 0.538672 0.709552 0.00169373
59 0.496875 0.532164 0.942187 0.867446 0.00168705
24 0.617578 0.372442 0.210938 0.372076 0.00155449
26 0.543359 0.351974 0.364063 0.413012 0.00154305
26 0.480078 0.329922 0.489844 0.457115 0.00127411
57 0.38291 0.454191 0.757617 0.88499 0.00109863
27 0.619531 0.354776 0.2125 0.403509 0.00106907
15 0.286133 0.432261 0.558984 0.707602 0.974609
15 0.61875 0.356603 0.211719 0.401803 0.0538025
15 0.478125 0.328704 0.49375 0.458577 0.0497742
15 0.54375 0.351974 0.3625 0.413012 0.0343628
26 0.619141 0.354776 0.211719 0.402534 0.00784302
14 0.242578 0.067617 0.0265625 0.0319201 0.0064888
57 0.490625 0.525219 0.921875 0.848197 0.0026722
13 0.490625 0.525219 0.921875 0.848197 0.00246239
0 0.292188 0.433723 0.539062 0.711501 0.00168133
24 0.617969 0.373782 0.210938 0.368421 0.00162888
46 0.619141 0.354776 0.211719 0.402534 0.00146103
26 0.54375 0.351974 0.3625 0.413012 0.00137806
59 0.490625 0.525219 0.921875 0.848197 0.00131512
26 0.478125 0.328704 0.49375 0.458577 0.00119209
15 0.286133 0.43287 0.558984 0.709308 0.971191
15 0.61875 0.356725 0.210938 0.401559 0.0596619
15 0.474609 0.327973 0.5 0.459064 0.0484924
15 0.545996 0.352339 0.358008 0.412281 0.0334778
26 0.619141 0.354898 0.210938 0.403265 0.00757599
14 0.242578 0.0677388 0.0265625 0.0321637 0.00494385
57 0.442969 0.475146 0.814063 0.780702 0.00292397
13 0.475 0.522295 0.875 0.846248 0.00239754
24 0.617188 0.374756 0.210938 0.366472 0.00177479
0 0.291797 0.434576 0.539844 0.711745 0.0014782
59 0.483594 0.522417 0.904688 0.842105 0.00134087
26 0.545996 0.352339 0.358008 0.412281 0.00132465
46 0.619141 0.354898 0.210938 0.403265 0.00129986
26 0.474609 0.327973 0.5 0.459064 0.00113392
56 0.442969 0.475146 0.814063 0.780702 0.00106525
15 0.286133 0.433236 0.558984 0.708577 0.96875
15 0.61875 0.357212 0.210938 0.400585 0.0772095
15 0.475098 0.326754 0.499805 0.461501 0.0512695
15 0.548438 0.351852 0.353125 0.412281 0.0405273
26 0.619531 0.355263 0.210938 0.402534 0.00734711
14 0.242578 0.0677388 0.0265625 0.0321637 0.00379562
57 0.423047 0.481969 0.774219 0.792398 0.00329781
13 0.461719 0.521564 0.848437 0.841862 0.00221634
24 0.61875 0.375244 0.207813 0.365497 0.0018177
59 0.472656 0.521564 0.879687 0.836014 0.00146675
0 0.291797 0.434698 0.539844 0.712476 0.0012846
26 0.548438 0.351852 0.353125 0.412281 0.00123501
56 0.423047 0.481969 0.774219 0.792398 0.00115585
46 0.619531 0.355263 0.210938 0.402534 0.00113392
15 0.285938 0.433236 0.558594 0.708577 0.967285
15 0.61875 0.357212 0.210938 0.400585 0.0907593
15 0.473438 0.325962 0.502344 0.463085 0.0566406
15 0.548438 0.350877 0.353125 0.41423 0.0445251
26 0.619531 0.354898 0.209375 0.403265 0.0064621
57 0.464844 0.52327 0.864062 0.836501 0.00411606
14 0.242578 0.067617 0.0265625 0.0324074 0.00298119
13 0.452734 0.52327 0.835156 0.842349 0.00214958
59 0.464844 0.52327 0.864062 0.836501 0.0018177
24 0.620313 0.375244 0.204688 0.365497 0.00167465
56 0.413965 0.499025 0.756445 0.82846 0.00139427
0 0.291797 0.433723 0.540625 0.711501 0.00113392
26 0.548438 0.350877 0.353125 0.41423 0.0011158
57 0.401465 0.410331 0.661133 0.669591 0.0011158
46 0.619531 0.354898 0.209375 0.403265 0.00102425
15 0.286133 0.433601 0.558984 0.707846 0.966797
15 0.61875 0.357578 0.210938 0.399854 0.0841675
15 0.471094 0.325049 0.507031 0.464912 0.0614319
15 0.545313 0.34905 0.359375 0.41886 0.041626
26 0.619922 0.355263 0.208594 0.402534 0.00500107
57 0.411621 0.510234 0.751758 0.850877 0.00496292
14 0.242578 0.067617 0.0265625 0.0324074 0.00256157
13 0.449609 0.523879 0.832031 0.84308 0.00215721
59 0.4625 0.524366 0.859375 0.838207 0.00208282
24 0.621875 0.374391 0.201563 0.366228 0.00175476
56 0.411621 0.510234 0.751758 0.850877 0.00165462
59 0.505859 1 0.941406 0 0.00146675
2 0.423438 1 0.846875 0 0.00141048
3 0.411621 0.510234 0.751758 0.850877 0.00134563
57 0.400684 0.418129 0.662695 0.687135 0.00131989
25 0.505859 1 0.941406 0 0.00124454
60 0.441797 1 0.883594 0 0.00113773
2 0.445312 1 0.890625 0 0.00109863
28 0.411621 0.510234 0.751758 0.850877 0.00105667
25 0.523047 1 0.894531 0 0.00104046
26 0.438672 0.370858 0.575781 0.55848 0.00103188
0 0.291602 0.433236 0.541016 0.709552 0.00103188
8 0.523047 1 0.894531 0 0.00101662
15 0.286523 0.433236 0.559766 0.706628 0.967773
15 0.61875 0.357578 0.210938 0.399854 0.0891113
15 0.47041 0.324135 0.507617 0.46674 0.0656128
15 0.544141 0.346491 0.361719 0.423002 0.0437012
57 0.410547 0.513158 0.747656 0.856725 0.00559998
26 0.620313 0.355263 0.207813 0.402534 0.00416565
13 0.444531 0.522905 0.821875 0.84308 0.00231361
14 0.242578 0.067617 0.0265625 0.0324074 0.00218201
59 0.460547 0.523514 0.852344 0.839912 0.00217438
24 0.623047 0.374756 0.199219 0.365497 0.00191879
59 0.507031 1 0.942187 0 0.00189686
56 0.410547 0.513158 0.747656 0.856725 0.00185299
25 0.518359 1 0.928906 0 0.00181007
25 0.522656 1 0.904688 0 0.00152493
3 0.410547 0.513158 0.747656 0.856725 0.00146675
2 0.425781 1 0.851562 0 0.00143242
60 0.444922 1 0.889844 0 0.00139904
2 0.452344 1 0.904688 0 0.00127888
8 0.522656 1 0.904688 0 0.00117874
28 0.400879 0.422027 0.662305 0.696881 0.00115108
26 0.437598 0.371345 0.57793 0.561404 0.00104809
60 0.779297 1 0.441406 0 0.00102425
6 0.518359 1 0.919531 0 0.00102425
15 0.286719 0.432627 0.559375 0.705897 0.966797
15 0.61875 0.3577 0.210938 0.39961 0.0888062
15 0.471094 0.323587 0.50625 0.467836 0.0703125
15 0.542188 0.344055 0.364844 0.427875 0.0463867
57 0.410254 0.512792 0.743555 0.857456 0.00591278
26 0.620313 0.355263 0.207813 0.402534 0.00287819
13 0.445312 0.522295 0.823438 0.842349 0.00237846
59 0.460156 0.522417 0.848437 0.838207 0.00232315
59 0.508203 1 0.942969 0 0.00229645
14 0.242578 0.067617 0.0265625 0.0324074 0.00219154
25 0.51875 1 0.929688 0 0.00205803
56 0.410254 0.512792 0.743555 0.857456 0.00194168
24 0.623438 0.374147 0.198437 0.366715 0.00186729
25 0.523438 1 0.909375 0 0.00183868
3 0.410254 0.512792 0.743555 0.857456 0.00168133
60 0.445312 1 0.890625 0 0.00168133
28 0.40166 0.426413 0.660742 0.706628 0.00127411
2 0.453906 1 0.907813 0 0.00123024
2 0.426563 1 0.853125 0 0.0012207
8 0.523438 1 0.909375 0 0.0011425
60 0.779883 1 0.440234 0 0.0011158
0 0.537402 0.324318 0.379883 0.502437 0.00102425
15 0.286719 0.432261 0.559375 0.704678 0.967285
15 0.619141 0.3577 0.210156 0.39961 0.0881958
15 0.471094 0.323587 0.50625 0.467836 0.0682983
15 0.542578 0.344786 0.364063 0.426413 0.0441895
57 0.412598 0.517544 0.748242 0.867446 0.00624084
26 0.620313 0.355263 0.207031 0.402534 0.00294685
14 0.242578 0.0677388 0.0265625 0.0321637 0.00257111
13 0.446094 0.522905 0.826563 0.845029 0.00245285
59 0.460156 0.523514 0.848437 0.841862 0.00237846
59 0.507812 1 0.942187 0 0.00219917
25 0.51875 1 0.928125 0 0.0020504
24 0.624219 0.374269 0.196875 0.366472 0.00201035
56 0.412598 0.517544 0.748242 0.867446 0.00199509
25 0.523828 1 0.908594 0 0.00192642
3 0.412598 0.517544 0.748242 0.867446 0.00189686
60 0.444531 1 0.889063 0 0.00161076
28 0.401563 0.442008 0.663281 0.739766 0.0014782
2 0.453125 1 0.90625 0 0.00120163
2 0.425781 1 0.851562 0 0.00112438
57 0.351953 0.426779 0.692187 0.842349 0.00106525
8 0.523828 1 0.908594 0 0.00106525
60 0.780469 1 0.439063 0 0.00104046
0 0.537109 0.324074 0.379688 0.501949 0.00103188
26 0.401563 0.442008 0.663281 0.739766 0.00101662
15 0.286914 0.431774 0.559766 0.703704 0.967773
15 0.61875 0.3577 0.210156 0.398635 0.0823975
15 0.470313 0.323526 0.507812 0.466983 0.0705566
15 0.541309 0.344055 0.36582 0.426901 0.044342
57 0.416016 0.516082 0.755469 0.862573 0.00609589
14 0.242578 0.067617 0.0265625 0.0324074 0.00302696
26 0.620313 0.355263 0.207031 0.402534 0.00275803
13 0.447266 0.52193 0.830469 0.841131 0.00247192
59 0.463672 0.522295 0.855469 0.836501 0.00235939
59 0.507812 1 0.942187 0 0.00232315
25 0.51875 1 0.928125 0 0.0019722
25 0.523438 1 0.909375 0 0.00195694
56 0.416016 0.516082 0.755469 0.862573 0.00194168
24 0.624609 0.374269 0.196094 0.366472 0.00188923
3 0.416016 0.516082 0.755469 0.862573 0.00182438
60 0.44375 1 0.8875 0 0.0016489
28 0.401563 0.4375 0.663281 0.729289 0.00151253
2 0.453125 1 0.90625 0 0.00112057
59 0.523438 1 0.909375 0 0.0011158
60 0.780859 1 0.438281 0 0.00109005
0 0.537109 0.324074 0.379688 0.500975 0.00103188
26 0.401563 0.4375 0.663281 0.729289 0.00101185
8 0.523438 1 0.909375 0 0.00100803
2 0.425391 1 0.850781 0 0.00100803
15 0.285938 0.43287 0.559375 0.709308 0.97168
15 0.61875 0.356725 0.211719 0.401559 0.0587769
15 0.475391 0.327973 0.498437 0.460039 0.049408
15 0.545313 0.351852 0.359375 0.413255 0.0333252
26 0.619141 0.354898 0.210938 0.403265 0.00760651
14 0.242578 0.0677388 0.0265625 0.0321637 0.0049057
57 0.441406 0.473684 0.809375 0.777778 0.00291252
13 0.474609 0.521442 0.874219 0.846004 0.00237846
24 0.617188 0.374756 0.210938 0.366472 0.00179577
0 0.291797 0.434576 0.539844 0.711745 0.0014782
26 0.545313 0.351852 0.359375 0.413255 0.00134563
59 0.483203 0.522295 0.902344 0.8404 0.00131512
46 0.619141 0.354898 0.210938 0.403265 0.00127411
26 0.475391 0.327973 0.498437 0.460039 0.00115585
56 0.441406 0.473684 0.809375 0.777778 0.00107288
