23 0.683255 0.551562 0.628806 0.8875 0.785156
23 0.354801 0.612891 0.494145 0.771094 0.672363
23 0.546253 0.544531 0.90281 0.884375 0.223999
23 0.674619 0.780469 0.641393 0.425 0.00370789
23 0.674619 0.681641 0.643735 0.624219 0.00348282
23 0.197014 0.736719 0.165691 0.359375 0.00302696
23 0.340749 0.701563 0.451991 0.589063 0.00302696
23 0.41935 0.524219 0.521955 0.845313 0.00223351
23 0.513027 0.426855 0.369731 0.650977 0.00143242
23 0.651639 0.360156 0.538642 0.521875 0.0011692
23 0.530445 0.167383 0.28103 0.134766 0.00114727
23 0.687354 0.550391 0.620609 0.886719 0.84082
23 0.354215 0.615723 0.492974 0.763867 0.751953
23 0.547424 0.54375 0.90281 0.882812 0.150024
23 0.196721 0.733203 0.165105 0.352344 0.00426483
23 0.674473 0.785937 0.641686 0.415625 0.00376511
23 0.515369 0.435059 0.360363 0.667383 0.00235939
23 0.205504 0.755859 0.175644 0.480469 0.00209999
23 0.312061 0.721094 0.385246 0.553125 0.00176811
23 0.530445 0.167383 0.28103 0.135156 0.00129414
23 0.66452 0.42334 0.562061 0.648633 0.00124454
23 0.422131 0.522656 0.5 0.835938 0.00116062
23 0.550498 0.836719 0.39315 0.3125 0.00110722
23 0.853044 0.885156 0.291569 0.226562 0.0011034
23 0.687354 0.550391 0.620609 0.883594 0.858887
23 0.355094 0.614844 0.49356 0.764063 0.762207
23 0.548009 0.544141 0.903981 0.882031 0.117554
23 0.197014 0.730859 0.16452 0.347656 0.00400543
23 0.674473 0.788867 0.641686 0.409766 0.00329781
23 0.515222 0.433594 0.359485 0.664844 0.00203514
23 0.660568 0.421094 0.554742 0.644531 0.0015974
23 0.206674 0.755469 0.176815 0.482812 0.00159168
23 0.530445 0.167578 0.28103 0.135547 0.00143814
23 0.313817 0.719531 0.388759 0.557813 0.00139427
23 0.565574 0.835156 0.348946 0.3125 0.00107288
53 0.685597 0.55 0.62178 0.878125 0.00104809
23 0.555182 0.34668 0.346311 0.494141 0.00101185
23 0.687207 0.550781 0.620902 0.882812 0.859863
23 0.356557 0.613281 0.495316 0.76875 0.762207
23 0.548595 0.544141 0.90281 0.882031 0.14856
23 0.674327 0.791406 0.641979 0.40625 0.00279999
23 0.196429 0.729297 0.163349 0.344531 0.00250244
23 0.668033 0.408203 0.569087 0.61875 0.00135612
23 0.530445 0.167676 0.282201 0.135742 0.00117874
23 0.857143 0.904688 0.283372 0.1875 0.00101662
23 0.686183 0.551953 0.622951 0.885156 0.854004
23 0.361241 0.599121 0.505855 0.798633 0.704102
23 0.549766 0.54375 0.900468 0.884375 0.205566
23 0.677986 0.797656 0.641686 0.39375 0.00154305
23 0.661592 0.358203 0.557377 0.519531 0.00130463
23 0.683841 0.554688 0.627635 0.884375 0.835449
23 0.549034 0.544141 0.897248 0.886719 0.682617
23 0.366511 0.578125 0.516393 0.842188 0.649414
23 0.686183 0.397656 0.604215 0.598437 0.00158501
14 0.437354 0.2 0.0995316 0.0410156 0.00117874
23 0.673156 0.727344 0.653688 0.534375 0.0011034
5 0.549034 0.544141 0.897248 0.886719 0.00106907
23 0.681499 0.55625 0.632318 0.884375 0.839844
23 0.548009 0.544531 0.894614 0.885938 0.799316
23 0.370023 0.567187 0.522248 0.865625 0.654785
23 0.685012 0.375391 0.600703 0.552344 0.00184631
23 0.671107 0.731641 0.655445 0.524219 0.00137806
5 0.548009 0.544531 0.894614 0.885938 0.00124454
14 0.436622 0.2 0.0986534 0.0398437 0.00113392
0 0.436622 0.2 0.0986534 0.0398437 0.00109005
23 0.665105 0.546094 0.669789 0.884375 0.862305
23 0.373536 0.5625 0.528103 0.875 0.647949
23 0.526932 0.555469 0.826698 0.889063 0.550781
23 0.68911 0.419922 0.614754 0.639063 0.00629044
5 0.548009 0.544141 0.894614 0.883594 0.00154305
23 0.669789 0.735547 0.65808 0.516406 0.00150108
5 0.676815 0.55625 0.641686 0.884375 0.00126934
6 0.553279 0.555078 0.879391 0.889844 0.00123501
0 0.436622 0.2 0.0986534 0.0398437 0.00113392
23 0.672717 0.545313 0.654567 0.884375 0.875
23 0.369145 0.565625 0.51815 0.86875 0.638672
23 0.525176 0.557031 0.820843 0.885938 0.480469
23 0.690281 0.415234 0.614754 0.628906 0.00709534
5 0.547863 0.544141 0.89959 0.883594 0.00195694
23 0.673156 0.803906 0.649005 0.379688 0.00174809
6 0.555035 0.55625 0.880562 0.8875 0.00171375
0 0.436622 0.200195 0.0986534 0.0394531 0.0011158
20 0.555035 0.55625 0.880562 0.8875 0.00102425
23 0.679157 0.54375 0.641686 0.884375 0.876465
23 0.556206 0.557031 0.87822 0.885938 0.682617
23 0.366511 0.56875 0.51171 0.8625 0.649414
23 0.69072 0.40791 0.613876 0.61543 0.00806427
23 0.66452 0.675 0.661592 0.642188 0.00502014
23 0.672717 0.80332 0.649883 0.380859 0.00230598
5 0.549034 0.542188 0.901932 0.884375 0.0020752
6 0.556206 0.557031 0.87822 0.885938 0.00192642
5 0.674473 0.556641 0.644028 0.878906 0.0016613
23 0.64154 0.332813 0.522541 0.464844 0.00119686
0 0.437354 0.200195 0.0983607 0.0402344 0.00106525
23 0.683255 0.557031 0.628806 0.878125 0.867188
23 0.552693 0.542188 0.894614 0.88125 0.751953
23 0.357143 0.596094 0.491803 0.807813 0.740234
23 0.666862 0.690234 0.656909 0.613281 0.0107346
23 0.690866 0.410547 0.611241 0.621094 0.0102081
23 0.674327 0.800781 0.646663 0.3875 0.00312424
5 0.552693 0.542188 0.894614 0.88125 0.00229645
23 0.627781 0.339063 0.491511 0.477344 0.00203514
5 0.683255 0.557031 0.628806 0.878125 0.00191212
6 0.561475 0.559375 0.872365 0.88125 0.0018177
23 0.685012 0.557031 0.625293 0.879687 0.863281
23 0.355386 0.611328 0.487119 0.777344 0.782715
23 0.561622 0.542969 0.876756 0.876563 0.624512
23 0.669204 0.708984 0.654567 0.575781 0.0149002
23 0.69072 0.430078 0.609192 0.659375 0.00828552
23 0.424473 0.555469 0.580796 0.884375 0.0049057
23 0.674619 0.8 0.646077 0.389062 0.00391388
23 0.65281 0.34707 0.530445 0.492578 0.00353813
5 0.561622 0.542969 0.876756 0.876563 0.00255013
6 0.561622 0.542969 0.876756 0.876563 0.00206757
5 0.685012 0.557031 0.625293 0.879687 0.00200272
6 0.355386 0.596875 0.476581 0.80625 0.00171375
6 0.686768 0.555859 0.626464 0.888281 0.00136662
23 0.686183 0.557422 0.622951 0.878906 0.837402
23 0.355386 0.617578 0.473068 0.764844 0.801758
23 0.673888 0.677344 0.652225 0.635938 0.0237732
23 0.653249 0.379688 0.536592 0.553906 0.00591278
23 0.672717 0.775195 0.654567 0.440234 0.00561905
6 0.354215 0.608594 0.476581 0.782813 0.00225258
5 0.686183 0.557422 0.622951 0.878906 0.00214958
6 0.680767 0.559766 0.638466 0.878906 0.00209999
23 0.573185 0.34082 0.379391 0.479297 0.00157356
23 0.686183 0.55625 0.625293 0.88125 0.785156
23 0.356265 0.604688 0.474824 0.790625 0.72168
23 0.674473 0.683594 0.651054 0.623438 0.0197144
23 0.572453 0.50625 0.370316 0.80625 0.00666809
23 0.672717 0.79082 0.649883 0.408984 0.00575256
6 0.355386 0.591406 0.478923 0.817187 0.00277901
6 0.681499 0.558984 0.637002 0.882031 0.00230598
5 0.686183 0.55625 0.625293 0.88125 0.00211525
23 0.619438 0.350586 0.464871 0.498047 0.00138855
23 0.514198 0.406641 0.346311 0.601562 0.00117874
23 0.547863 0.344336 0.328162 0.484766 0.00104427
23 0.685158 0.55625 0.625 0.882812 0.732422
23 0.357728 0.58125 0.476581 0.8375 0.586914
23 0.674327 0.682813 0.649005 0.625 0.0151901
23 0.672131 0.792188 0.651054 0.40625 0.0049057
23 0.519321 0.525 0.344262 0.840625 0.00439835
6 0.357143 0.567969 0.482436 0.864062 0.00337601
6 0.68267 0.557813 0.63466 0.884375 0.0026722
23 0.539813 0.399219 0.307963 0.586719 0.00213242
5 0.685158 0.55625 0.625 0.882812 0.00201988
23 0.683255 0.555469 0.626464 0.882812 0.730957
23 0.358314 0.5875 0.489461 0.825 0.513672
23 0.670375 0.740234 0.652225 0.511719 0.0147858
6 0.359778 0.557813 0.487705 0.884375 0.00370789
23 0.466628 0.530469 0.435597 0.848437 0.00318527
6 0.681645 0.557031 0.63671 0.885938 0.00316048
5 0.683255 0.555469 0.626464 0.882812 0.00179577
23 0.671546 0.821094 0.645199 0.346875 0.00134087
23 0.849532 0.817187 0.300937 0.35625 0.00109005
0 0.688525 0.556641 0.622951 0.886719 0.00103664
23 0.533958 0.412891 0.298595 0.609375 0.00103188
23 0.680328 0.555469 0.632318 0.879687 0.729492
23 0.360656 0.582031 0.495316 0.835938 0.458984
23 0.668472 0.759375 0.653688 0.471875 0.0177765
23 0.429157 0.532031 0.509368 0.851562 0.00332451
6 0.362412 0.553906 0.495316 0.892188 0.00302696
6 0.678571 0.556641 0.640515 0.883594 0.00300407
23 0.848361 0.817187 0.303279 0.35625 0.0016489
5 0.680328 0.555469 0.632318 0.879687 0.00144386
0 0.685597 0.558594 0.626464 0.882812 0.00140476
23 0.85363 0.8875 0.290398 0.223438 0.00135136
23 0.67784 0.555078 0.637295 0.877344 0.708984
23 0.364754 0.550781 0.501171 0.898438 0.44751
23 0.666423 0.764844 0.657787 0.459375 0.0179901
6 0.675644 0.555859 0.64637 0.880469 0.00265312
6 0.364754 0.550781 0.501171 0.898438 0.00237846
23 0.844848 0.817187 0.310304 0.35625 0.00176811
0 0.680913 0.558984 0.633489 0.882031 0.00173378
23 0.851288 0.892188 0.295082 0.215625 0.00162315
5 0.67784 0.555078 0.637295 0.877344 0.00119686
23 0.675059 0.554688 0.642857 0.873438 0.723145
23 0.364754 0.550391 0.502342 0.899219 0.5
23 0.665105 0.768359 0.660421 0.450781 0.0181274
6 0.672131 0.555469 0.651054 0.876563 0.00251198
6 0.364754 0.550391 0.502342 0.899219 0.0024147
23 0.844262 0.816406 0.311475 0.357812 0.00223351
23 0.850703 0.892969 0.296253 0.2125 0.00203514
0 0.6774 0.560156 0.640515 0.878125 0.00162315
23 0.673888 0.554688 0.645199 0.86875 0.723145
23 0.365925 0.549219 0.503513 0.901563 0.511719
23 0.549766 0.541406 0.851288 0.867188 0.176636
23 0.66452 0.76875 0.661592 0.45 0.0167847
23 0.843677 0.814844 0.312646 0.359375 0.00245285
6 0.675059 0.557422 0.640515 0.877344 0.0024147
6 0.365925 0.549219 0.503513 0.901563 0.00232315
23 0.852459 0.89375 0.29274 0.2125 0.00200272
23 0.462676 0.551172 0.505562 0.897656 0.0011425
0 0.675059 0.557422 0.640515 0.877344 0.0011425
23 0.673302 0.558984 0.64637 0.857031 0.753418
23 0.367096 0.551562 0.503513 0.896875 0.527344
23 0.50644 0.541406 0.770492 0.8625 0.199341
23 0.66452 0.769531 0.661592 0.448438 0.0164642
23 0.851288 0.89375 0.295082 0.209375 0.00359344
23 0.844848 0.812695 0.310304 0.362109 0.00353813
6 0.672717 0.561719 0.645199 0.867188 0.00227928
6 0.367096 0.551562 0.503513 0.896875 0.0020504
53 0.684865 0.565234 0.627927 0.838281 0.00101185
23 0.674473 0.560156 0.64637 0.851562 0.754883
23 0.397102 0.542188 0.585187 0.870313 0.567871
23 0.558694 0.542578 0.870902 0.900781 0.0250854
23 0.664959 0.768359 0.660714 0.450781 0.0126266
23 0.353044 0.632422 0.469555 0.725781 0.00424957
23 0.850703 0.837305 0.298595 0.316016 0.00390053
23 0.850703 0.894531 0.296253 0.207813 0.00372124
6 0.67096 0.561719 0.648712 0.867188 0.00218201
6 0.366803 0.55 0.502927 0.898438 0.00189686
23 0.822014 0.800781 0.35363 0.384375 0.00131512
23 0.674327 0.5625 0.646663 0.848437 0.774414
23 0.39637 0.542188 0.581967 0.871875 0.609375
23 0.557377 0.542969 0.871194 0.9 0.0319824
23 0.66452 0.765625 0.661592 0.45625 0.0104904
23 0.352459 0.630078 0.468384 0.730469 0.00429916
23 0.851874 0.894531 0.293911 0.207813 0.00365067
23 0.851288 0.835938 0.297424 0.31875 0.00329781
6 0.668765 0.562109 0.655445 0.866406 0.00209999
6 0.366218 0.549609 0.501756 0.899219 0.00168705
23 0.811475 0.8 0.374707 0.385938 0.00101662
23 0.674473 0.5625 0.64637 0.846875 0.790527
23 0.395199 0.542188 0.579625 0.876563 0.67041
23 0.556792 0.542969 0.874707 0.901563 0.0423889
23 0.663934 0.761719 0.662763 0.464063 0.00908661
23 0.352459 0.627441 0.470726 0.735742 0.00335121
23 0.851288 0.895312 0.295082 0.20625 0.00290108
6 0.66452 0.5625 0.663934 0.865625 0.00208282
23 0.849532 0.835156 0.300937 0.320312 0.00206757
6 0.368267 0.548438 0.507026 0.901563 0.00142097
53 0.683987 0.572656 0.627342 0.823438 0.00104046
23 0.673302 0.559375 0.648712 0.85625 0.790527
23 0.394028 0.542578 0.578454 0.880469 0.710449
23 0.555035 0.542969 0.875878 0.901563 0.0568542
23 0.663349 0.752734 0.663934 0.482031 0.00671768
23 0.351581 0.621777 0.471311 0.74707 0.00247192
6 0.668033 0.557813 0.663934 0.864062 0.00198746
23 0.851288 0.896875 0.295082 0.203125 0.0019722
6 0.394614 0.547656 0.57377 0.904688 0.00135136
23 0.832553 0.812305 0.334895 0.362891 0.00103188
23 0.672717 0.559375 0.649883 0.85625 0.774414
23 0.393443 0.542969 0.578454 0.882812 0.733887
23 0.55445 0.54375 0.877049 0.9 0.100525
23 0.662763 0.744922 0.665105 0.497656 0.00717545
6 0.665691 0.557813 0.668618 0.865625 0.00186729
23 0.352459 0.61875 0.47541 0.753125 0.00185299
23 0.851288 0.90625 0.295082 0.184375 0.00130463
6 0.396955 0.548828 0.580796 0.902344 0.00127411
23 0.672131 0.559766 0.648712 0.858594 0.749023
23 0.393296 0.542969 0.578747 0.882812 0.73584
23 0.662178 0.741406 0.666276 0.504687 0.00661469
6 0.658226 0.562891 0.683548 0.869531 0.00234222
23 0.35363 0.612891 0.478923 0.764844 0.00203514
6 0.401054 0.547656 0.587822 0.901563 0.00127411
23 0.672131 0.560156 0.651054 0.860938 0.749023
23 0.39476 0.54375 0.580503 0.884375 0.741699
23 0.662617 0.739844 0.66774 0.507812 0.00679779
6 0.658665 0.563281 0.68267 0.870313 0.00252151
6 0.402225 0.548438 0.588993 0.901563 0.00105667
23 0.395199 0.54375 0.580796 0.884375 0.741699
23 0.671546 0.561719 0.652225 0.860938 0.729492
23 0.66291 0.746484 0.667155 0.494531 0.00806427
6 0.656909 0.564844 0.683841 0.86875 0.00253105
23 0.659104 0.561328 0.674766 0.871094 0.760742
23 0.392272 0.546875 0.576112 0.890625 0.749023
23 0.663349 0.748047 0.666276 0.489844 0.00878143
6 0.658665 0.564844 0.680328 0.867188 0.00255013
17 0.66452 0.560938 0.67096 0.865625 0.00100803
23 0.662178 0.560547 0.668618 0.872656 0.789062
23 0.393443 0.547656 0.57377 0.890625 0.778809
23 0.663934 0.750781 0.665105 0.484375 0.00933838
6 0.662763 0.564844 0.672131 0.867188 0.00247192
17 0.666276 0.561719 0.665105 0.864062 0.00116062
23 0.663349 0.560156 0.666276 0.875 0.825684
23 0.394614 0.548047 0.571429 0.891406 0.804199
23 0.665105 0.752344 0.662763 0.479688 0.0100937
6 0.665105 0.564844 0.665105 0.867188 0.00237846
17 0.668618 0.563281 0.660421 0.860938 0.00132465
23 0.668033 0.823242 0.647541 0.337891 0.00112438
23 0.529128 0.243018 0.288349 0.288965 0.00104809
23 0.665691 0.559375 0.661592 0.875 0.838867
23 0.395199 0.548438 0.570258 0.890625 0.812988
23 0.665105 0.754687 0.662763 0.475 0.0106125
6 0.667594 0.564844 0.662471 0.867188 0.00235939
17 0.669643 0.567969 0.658372 0.851562 0.0014782
23 0.528688 0.243164 0.288056 0.288672 0.00125504
23 0.668472 0.823438 0.646663 0.339063 0.00118828
23 0.666276 0.558594 0.660421 0.876563 0.855957
23 0.395785 0.548438 0.569087 0.889063 0.836426
23 0.665105 0.755469 0.662763 0.473438 0.0116425
6 0.668033 0.564063 0.661592 0.86875 0.00235939
17 0.669643 0.570312 0.660714 0.846875 0.00158501
23 0.528249 0.242578 0.287763 0.2875 0.00130463
23 0.668472 0.825 0.646663 0.335938 0.00115108
23 0.527518 0.193408 0.285714 0.189746 0.00106907
23 0.665691 0.557422 0.661592 0.877344 0.868652
23 0.394614 0.547656 0.570258 0.889063 0.862305
23 0.665105 0.759375 0.662763 0.465625 0.0118256
6 0.667447 0.563281 0.662763 0.86875 0.00208282
17 0.668765 0.570703 0.660129 0.846094 0.00171375
23 0.528249 0.243359 0.287763 0.289062 0.00133514
23 0.667447 0.825781 0.64637 0.334375 0.0011425
23 0.527518 0.193408 0.285714 0.189746 0.00109863
23 0.394614 0.548047 0.570258 0.888281 0.877441
23 0.663349 0.557031 0.663934 0.876563 0.877441
23 0.666423 0.717969 0.662471 0.548438 0.0124283
23 0.668033 0.804492 0.654567 0.375391 0.00305176
6 0.666276 0.563672 0.665105 0.867969 0.00210762
17 0.668618 0.571875 0.660421 0.842188 0.00179577
23 0.528249 0.243359 0.287763 0.289062 0.00125504
23 0.530299 0.172949 0.283665 0.145508 0.00102425
23 0.393589 0.548047 0.573478 0.888281 0.890137
23 0.659836 0.557422 0.67096 0.875781 0.885742
23 0.665691 0.717969 0.663934 0.548438 0.0135345
23 0.667447 0.804688 0.655738 0.375 0.00324821
6 0.659836 0.557422 0.67096 0.875781 0.00214005
17 0.667447 0.570703 0.662763 0.842969 0.00192642
23 0.528249 0.244727 0.287763 0.291797 0.00123501
23 0.85363 0.907813 0.290398 0.18125 0.00113392
23 0.665252 0.566016 0.664813 0.849219 0.898926
23 0.392857 0.547656 0.574941 0.889063 0.896484
23 0.66452 0.721094 0.663934 0.542188 0.0160217
23 0.666862 0.804688 0.656909 0.375 0.00351143
6 0.657494 0.558203 0.675644 0.874219 0.00229645
17 0.666276 0.56875 0.665105 0.846875 0.00201035
23 0.528688 0.246094 0.288056 0.294531 0.00116062
23 0.852459 0.907813 0.29274 0.18125 0.00116062
20 0.666276 0.56875 0.665105 0.846875 0.00109005
6 0.381733 0.549609 0.531616 0.900781 0.00107288
53 0.680474 0.571875 0.639051 0.832812 0.00104046
23 0.662763 0.569141 0.669789 0.841406 0.904785
23 0.392857 0.547656 0.577283 0.885938 0.895508
23 0.663934 0.723047 0.665105 0.538281 0.0189819
23 0.666276 0.804688 0.65808 0.375 0.00400543
6 0.655152 0.559375 0.680328 0.871875 0.00209999
23 0.852459 0.907813 0.29274 0.18125 0.00194168
17 0.663788 0.571875 0.66774 0.839063 0.00193405
23 0.528688 0.245312 0.288056 0.29375 0.0012064
53 0.678571 0.575 0.642857 0.825 0.00107288
23 0.529859 0.173242 0.284543 0.146484 0.00105667
20 0.663788 0.571875 0.66774 0.839063 0.00101662
23 0.661007 0.569531 0.673302 0.839063 0.902832
23 0.392125 0.547656 0.578747 0.885938 0.887207
23 0.663349 0.720313 0.666276 0.54375 0.0207977
23 0.666276 0.804688 0.65808 0.375 0.00421524
6 0.65281 0.565625 0.689696 0.8625 0.00232315
17 0.661592 0.572266 0.672131 0.836719 0.00195694
23 0.85363 0.907031 0.290398 0.182812 0.00191212
23 0.528688 0.245312 0.288056 0.29375 0.00109005
6 0.381148 0.55 0.532787 0.9 0.00109005
53 0.676961 0.575391 0.646077 0.824219 0.00107288
20 0.661592 0.572266 0.672131 0.836719 0.00100422
23 0.649883 0.563281 0.690866 0.860938 0.911621
23 0.391686 0.546875 0.583138 0.88125 0.888672
23 0.662178 0.740625 0.666276 0.503125 0.0302124
23 0.85363 0.898438 0.290398 0.2 0.00481033
23 0.66452 0.828125 0.652225 0.33125 0.00268364
6 0.649883 0.563281 0.690866 0.860938 0.0024929
17 0.656323 0.583594 0.68267 0.809375 0.00206757
23 0.665105 0.926562 0.63466 0.139063 0.00174141
23 0.527518 0.194482 0.286885 0.192285 0.00123501
6 0.379391 0.553516 0.530445 0.891406 0.0012207
53 0.674473 0.585254 0.651054 0.799805 0.00112438
23 0.527957 0.242627 0.288349 0.288965 0.00109482
20 0.656323 0.583594 0.68267 0.809375 0.00109005
23 0.646955 0.564844 0.696721 0.857813 0.91748
23 0.391247 0.546484 0.585187 0.877344 0.882324
23 0.654567 0.690625 0.679157 0.592188 0.0794678
23 0.661739 0.803906 0.657787 0.375 0.0133286
23 0.85363 0.896875 0.290398 0.203125 0.00891876
23 0.666276 0.921875 0.638173 0.146875 0.00299263
6 0.646955 0.564844 0.696721 0.857813 0.00243378
17 0.652371 0.587891 0.690574 0.799219 0.00198746
23 0.527518 0.194727 0.286885 0.193359 0.00145531
23 0.838407 0.822656 0.323185 0.342187 0.00138855
53 0.672717 0.588379 0.652225 0.793555 0.00124454
6 0.377342 0.555469 0.526347 0.885938 0.00123024
23 0.527957 0.241016 0.288349 0.285938 0.00121117
20 0.652371 0.587891 0.690574 0.799219 0.00109863
5 0.646955 0.564844 0.696721 0.857813 0.00104809
23 0.645053 0.567969 0.700527 0.851562 0.914062
23 0.391101 0.546875 0.586651 0.875 0.86084
23 0.65281 0.697656 0.68267 0.578125 0.0820923
23 0.503659 0.560156 0.812354 0.817187 0.0181885
23 0.661592 0.80332 0.65808 0.377734 0.0139542
23 0.855972 0.896875 0.285714 0.203125 0.0109863
23 0.667447 0.920313 0.639344 0.15 0.00382423
23 0.666276 0.860742 0.667447 0.266016 0.00230598
23 0.851874 0.846094 0.296253 0.298438 0.00228691
6 0.636856 0.573438 0.721604 0.840625 0.00209999
17 0.649737 0.591406 0.695843 0.790625 0.00186729
23 0.527957 0.194922 0.286007 0.19375 0.00166798
23 0.527957 0.239258 0.288349 0.283203 0.00133514
22 0.855972 0.896875 0.285714 0.203125 0.00128937
53 0.67096 0.592188 0.655738 0.7875 0.00122547
6 0.376171 0.557813 0.524005 0.88125 0.0012207
23 0.643443 0.569141 0.703747 0.849219 0.908691
23 0.391686 0.547266 0.586651 0.871094 0.830078
23 0.362119 0.625781 0.498244 0.735938 0.0869141
23 0.652078 0.705469 0.684133 0.5625 0.083313
23 0.857143 0.895312 0.283372 0.20625 0.0144501
23 0.661592 0.80332 0.65808 0.377734 0.0133286
23 0.667447 0.91875 0.639344 0.153125 0.00431442
23 0.85363 0.846094 0.29274 0.298438 0.00300407
23 0.667301 0.866406 0.665398 0.25625 0.00271416
6 0.63466 0.575 0.725995 0.8375 0.0018177
23 0.527518 0.195703 0.285714 0.195703 0.0018034
17 0.646955 0.592969 0.701405 0.7875 0.00162315
60 0 0.906641 0 0.186719 0.0015192
23 0.528103 0.238477 0.288056 0.281641 0.00150681
22 0.857143 0.895312 0.283372 0.20625 0.00136185
6 0.395785 0.564063 0.587822 0.832812 0.00119209
53 0.669643 0.593359 0.658372 0.785156 0.0011158
23 0.641101 0.570312 0.708431 0.846875 0.898926
23 0.391686 0.547266 0.588993 0.867969 0.803223
23 0.361534 0.625391 0.497073 0.735156 0.0960083
23 0.650468 0.709766 0.687354 0.553906 0.0803833
23 0.858314 0.895312 0.28103 0.20625 0.016983
23 0.661446 0.803125 0.658372 0.378125 0.012146
23 0.668033 0.91875 0.640515 0.153125 0.00492477
23 0.854215 0.847656 0.291569 0.295312 0.00356483
23 0.666862 0.869531 0.663934 0.25 0.00307465
60 0 0.907813 0 0.184375 0.0027256
23 0.527518 0.196094 0.285714 0.196875 0.00204277
23 0.528103 0.238281 0.288056 0.282031 0.00177479
6 0.641101 0.570312 0.708431 0.846875 0.00156689
17 0.644614 0.594531 0.706089 0.785937 0.0014782
22 0.858314 0.895312 0.28103 0.20625 0.00127888
6 0.395785 0.566406 0.586651 0.826563 0.00119686
60 0 0.860352 0 0.279297 0.0011158
53 0.668618 0.595313 0.660421 0.784375 0.00104046
23 0.651639 0.592969 0.692037 0.7875 0.893066
23 0.391686 0.547266 0.590164 0.867969 0.774414
23 0.360948 0.625 0.495902 0.734375 0.0994873
23 0.650468 0.710156 0.687354 0.553125 0.0775146
23 0.858899 0.89375 0.279859 0.209375 0.0206451
23 0.661007 0.802344 0.659251 0.379688 0.0115967
23 0.668033 0.91875 0.640515 0.153125 0.00519943
23 0.854801 0.85 0.290398 0.290625 0.0041008
23 0.666862 0.871094 0.663934 0.246875 0.00327301
60 0 0.90625 0 0.1875 0.00282288
23 0.527518 0.196826 0.285714 0.198535 0.00219917
23 0.528103 0.238086 0.288056 0.282422 0.00210762
6 0.640515 0.571094 0.709602 0.845313 0.00141048
17 0.642857 0.594531 0.709602 0.785937 0.00130939
6 0.395638 0.567187 0.585773 0.821875 0.00115108
60 0 0.856836 0 0.286328 0.00115108
22 0.858899 0.89375 0.279859 0.209375 0.00114727
23 0.651054 0.591504 0.693208 0.791992 0.892578
23 0.392418 0.546094 0.589871 0.870313 0.763672
23 0.360948 0.625391 0.494731 0.735156 0.0841675
23 0.650468 0.707422 0.687354 0.557031 0.0708008
23 0.859485 0.89375 0.278689 0.209375 0.0247955
23 0.661007 0.802344 0.659251 0.379688 0.0105667
23 0.855972 0.852344 0.288056 0.285938 0.00559998
23 0.668472 0.917188 0.639637 0.15625 0.00559998
23 0.667447 0.874219 0.662763 0.240625 0.00376511
60 0 0.903516 0 0.192969 0.00252151
23 0.527957 0.238086 0.288349 0.282422 0.00219154
60 0 0.934375 0 0.13125 0.00201988
23 0.528103 0.194922 0.285714 0.19375 0.00169373
6 0.630562 0.576563 0.734192 0.834375 0.0012846
17 0.641833 0.593652 0.711651 0.787695 0.00117874
22 0.859485 0.89375 0.278689 0.209375 0.00114727
23 0.440281 0.621875 0.681499 0.609375 0.00112915
6 0.395785 0.565625 0.58548 0.825 0.00109005
60 0 0.854688 0 0.290625 0.00104427
23 0.944379 0.879687 0.111241 0.2375 0.00101662
23 0.651639 0.589453 0.694379 0.796094 0.889648
23 0.392272 0.544531 0.590164 0.873438 0.756348
23 0.361241 0.625 0.495316 0.734375 0.0792236
23 0.6512 0.708594 0.68589 0.554688 0.0628052
23 0.860656 0.89375 0.276347 0.209375 0.0229797
23 0.661446 0.802344 0.658372 0.379688 0.00941467
23 0.857143 0.853906 0.285714 0.282813 0.00579834
23 0.668618 0.91875 0.639344 0.153125 0.00475693
23 0.668033 0.875 0.661592 0.239063 0.00370789
60 0 0.901563 0 0.196875 0.00255013
23 0.527957 0.238086 0.288349 0.282422 0.00226974
23 0.527957 0.195117 0.286007 0.194141 0.00167465
23 0.440867 0.622656 0.680328 0.610938 0.00124454
6 0.631294 0.576172 0.732728 0.835156 0.00119209
22 0.860656 0.89375 0.276347 0.209375 0.00116539
17 0.642272 0.591797 0.710773 0.791406 0.00107288
60 0 0.853906 0 0.292188 0.00107288
23 0.944379 0.879687 0.111241 0.2375 0.00104809
6 0.395638 0.563281 0.585773 0.83125 0.00104809
23 0.651639 0.588672 0.694379 0.797656 0.885742
23 0.392857 0.544141 0.588993 0.874219 0.746094
23 0.360656 0.624609 0.494145 0.735156 0.0726318
23 0.651639 0.703906 0.685012 0.564063 0.0577087
23 0.861827 0.892969 0.274005 0.210938 0.0237732
23 0.661446 0.801758 0.658372 0.380859 0.008255
23 0.669204 0.917969 0.640515 0.154688 0.00436401
23 0.668618 0.876563 0.660421 0.235938 0.00385475
23 0.846019 0.828125 0.307963 0.33125 0.00329781
23 0.528103 0.2375 0.288056 0.28125 0.00250244
60 0 0.900781 0 0.198437 0.00213242
60 0 0.934375 0 0.13125 0.00186062
23 0.528103 0.195898 0.285714 0.195703 0.00178242
22 0.861827 0.892969 0.274005 0.210938 0.00126457
23 0.434426 0.619141 0.666276 0.611719 0.00124931
6 0.631294 0.575 0.732728 0.8375 0.0011692
23 0.944965 0.879492 0.11007 0.237891 0.00112438
6 0.395931 0.563281 0.585187 0.83125 0.00102425
17 0.641686 0.591406 0.711944 0.792188 0.00101662
23 0.652078 0.588281 0.693501 0.798438 0.883301
23 0.392857 0.542969 0.588993 0.876563 0.747559
23 0.360948 0.624902 0.49356 0.73457 0.0685425
23 0.652225 0.703906 0.683841 0.564063 0.0570679
23 0.861827 0.892969 0.274005 0.210938 0.0244293
23 0.661592 0.802344 0.65808 0.379688 0.00793457
23 0.668618 0.917969 0.639344 0.154688 0.00421524
23 0.668618 0.875781 0.660421 0.2375 0.00379562
23 0.845433 0.826758 0.309133 0.333984 0.00327301
23 0.528103 0.238086 0.288056 0.282422 0.00258064
23 0.527957 0.197461 0.283665 0.200391 0.00225258
60 0 0.900781 0 0.198437 0.00212479
60 0 0.934375 0 0.13125 0.00188255
23 0.433255 0.619141 0.662763 0.611719 0.00133038
22 0.861827 0.892969 0.274005 0.210938 0.0012846
6 0.631733 0.576172 0.73185 0.835156 0.00115108
23 0.944965 0.879687 0.11007 0.239063 0.00112915
23 0.645053 0.567969 0.700527 0.851562 0.915039
23 0.391101 0.546875 0.586651 0.875 0.861328
23 0.65281 0.696875 0.68267 0.579688 0.081543
23 0.504684 0.560156 0.813817 0.817187 0.0181885
23 0.661592 0.80332 0.65808 0.377734 0.0140076
23 0.855972 0.896875 0.285714 0.203125 0.0109482
23 0.666862 0.920313 0.639344 0.15 0.00388527
23 0.666276 0.860938 0.667447 0.267188 0.00234222
23 0.851874 0.846094 0.296253 0.298438 0.00232315
6 0.645053 0.567969 0.700527 0.851562 0.00210762
17 0.649737 0.591309 0.695843 0.79082 0.00186729
23 0.527957 0.194922 0.286007 0.19375 0.00168133
23 0.527957 0.239258 0.288349 0.283203 0.00134563
22 0.855972 0.896875 0.285714 0.203125 0.00130463
53 0.67096 0.59209 0.655738 0.787695 0.00121593
6 0.376171 0.557422 0.524005 0.882031 0.00121593
