61 0.442578 0.558594 0.53776 0.857813 0.885742
61 0.445313 0.747266 0.541667 0.432031 0.0267639
61 0.502083 0.721094 0.995833 0.526563 0.0086441
71 0.166732 0.717969 0.33112 0.514063 0.0049057
61 0.514583 0.567578 0.947917 0.828906 0.00457382
71 0.502083 0.721094 0.995833 0.526563 0.00405502
71 0.472005 0.332031 0.428906 0.395313 0.00319672
61 0.470313 0.333643 0.434375 0.39834 0.00296974
2 0.896354 0.434375 0.207292 0.853125 0.0029583
14 0.376302 0.733594 0.0322917 0.0375 0.00271416
64 0.472005 0.332031 0.428906 0.395313 0.00134563
71 0.445964 0.749219 0.54349 0.428125 0.0011034
61 0.446354 0.55625 0.540625 0.853125 0.900391
61 0.445313 0.745703 0.540625 0.436719 0.024704
71 0.167122 0.717969 0.332422 0.514063 0.00591278
61 0.502214 0.720313 0.995573 0.526563 0.00536346
71 0.472005 0.331641 0.428906 0.396094 0.00482941
61 0.469922 0.333594 0.435156 0.4 0.00450516
71 0.398958 0.723437 0.791667 0.525 0.00353813
2 0.896875 0.425 0.20625 0.8375 0.00323486
14 0.376563 0.733594 0.03125 0.0367188 0.00217438
61 0.513411 0.569531 0.946094 0.823438 0.0020504
64 0.472005 0.331641 0.428906 0.396094 0.00135612
71 0.445313 0.745703 0.540625 0.436719 0.00101662
61 0.447005 0.555859 0.541406 0.850781 0.905762
61 0.445313 0.746875 0.540625 0.434375 0.0229797
71 0.472396 0.331445 0.429167 0.396484 0.00634003
61 0.470964 0.333154 0.435156 0.399316 0.00612259
71 0.167969 0.715625 0.333854 0.510938 0.00526047
61 0.502214 0.719922 0.995573 0.525781 0.00344276
71 0.402083 0.722656 0.797917 0.525 0.00317192
2 0.897396 0.414844 0.205208 0.815625 0.00230598
14 0.376563 0.733594 0.03125 0.0359375 0.00206757
64 0.472396 0.331445 0.429167 0.396484 0.00145531
71 0.445313 0.746875 0.540625 0.434375 0.00141048
61 0.510938 0.572656 0.948958 0.815625 0.0012846
61 0.446875 0.55625 0.541667 0.85 0.915527
61 0.444792 0.741016 0.539583 0.446094 0.016983
71 0.472396 0.331445 0.429167 0.396484 0.00926971
61 0.470703 0.332617 0.433594 0.398828 0.00734711
71 0.168294 0.7125 0.335286 0.50625 0.00348282
2 0.896875 0.409375 0.20625 0.803125 0.00242424
71 0.407422 0.721484 0.808073 0.522656 0.00234222
61 0.502214 0.719141 0.995573 0.524219 0.00191212
64 0.472396 0.331445 0.429167 0.396484 0.00185299
14 0.376563 0.732422 0.0302083 0.034375 0.00174809
71 0.444792 0.741016 0.539583 0.446094 0.00159168
55 0.446745 0.703125 0.327344 0.234375 0.00115108
61 0.446875 0.557031 0.54375 0.851562 0.922363
61 0.445313 0.742188 0.540625 0.445312 0.0147858
71 0.472396 0.331592 0.430208 0.396191 0.0121002
61 0.471875 0.332373 0.433333 0.397754 0.00714874
2 0.896875 0.417969 0.20625 0.823438 0.0026207
71 0.16901 0.711328 0.335938 0.503906 0.00237846
71 0.445313 0.742188 0.540625 0.445312 0.00214958
6 0.898438 0.362891 0.203125 0.719531 0.0020504
71 0.406771 0.721484 0.807292 0.522656 0.00192642
64 0.472396 0.331592 0.430208 0.396191 0.0015192
55 0.446745 0.702344 0.327344 0.232813 0.00123978
61 0.502214 0.719531 0.995573 0.523438 0.00116062
14 0.376823 0.730859 0.0296875 0.0304688 0.00109005
61 0.446354 0.558984 0.544792 0.850781 0.924805
71 0.472396 0.331445 0.429167 0.394922 0.0173798
61 0.444792 0.74375 0.541667 0.440625 0.0107803
61 0.472396 0.331445 0.429167 0.394922 0.00757599
6 0.898438 0.363281 0.203125 0.721094 0.00616837
2 0.897396 0.421875 0.205208 0.83125 0.00348282
71 0.444792 0.74375 0.541667 0.440625 0.00284576
71 0.502214 0.720313 0.995573 0.521875 0.00240517
71 0.17181 0.717578 0.340755 0.507031 0.00230598
64 0.472396 0.331445 0.429167 0.394922 0.0017271
45 0.444792 0.74375 0.541667 0.440625 0.00150108
55 0.446875 0.706641 0.326042 0.241406 0.00133514
61 0.446354 0.559375 0.544792 0.848437 0.919434
71 0.472396 0.331836 0.427083 0.394141 0.0283356
6 0.897917 0.363281 0.204167 0.723437 0.0168457
61 0.472396 0.331836 0.427083 0.394141 0.0132217
61 0.44375 0.725 0.541667 0.484375 0.00945282
2 0.896875 0.419141 0.20625 0.827344 0.00526047
71 0.444271 0.749609 0.539583 0.428906 0.00322342
71 0.502604 0.719922 0.994792 0.519531 0.00291252
71 0.172135 0.716406 0.341146 0.503125 0.00225258
64 0.472396 0.331836 0.427083 0.394141 0.00206757
45 0.444271 0.745703 0.540625 0.436719 0.00148964
55 0.446875 0.706641 0.326042 0.241406 0.00138855
7 0.896875 0.419141 0.20625 0.827344 0.00124931
56 0.472396 0.331836 0.427083 0.394141 0.00119686
71 0.35651 0.716406 0.705729 0.517188 0.00119686
4 0.895833 0.37207 0.208333 0.730859 0.00118351
6 0.877604 0.471094 0.244792 0.928125 0.00115108
61 0.446354 0.558594 0.544792 0.85 0.908203
6 0.895833 0.366406 0.208333 0.73125 0.0408325
71 0.473047 0.332031 0.426823 0.392969 0.0297546
61 0.473047 0.332031 0.426823 0.392969 0.0174408
61 0.444271 0.744141 0.540625 0.439844 0.00666809
2 0.896875 0.421875 0.20625 0.834375 0.00577545
6 0.882813 0.470703 0.234375 0.927344 0.00345612
71 0.502604 0.71875 0.994792 0.51875 0.00239754
71 0.444271 0.744141 0.540625 0.439844 0.0017271
7 0.896875 0.421875 0.20625 0.834375 0.00156689
71 0.172135 0.717188 0.340625 0.503125 0.00152493
64 0.473047 0.332031 0.426823 0.392969 0.00151253
5 0.897917 0.363672 0.204167 0.727344 0.00135136
4 0.895833 0.368359 0.208333 0.727344 0.00132465
56 0.473047 0.332031 0.426823 0.392969 0.00129986
55 0.446875 0.714844 0.326042 0.25625 0.00103188
61 0.445964 0.558594 0.54349 0.848437 0.893066
6 0.895833 0.363281 0.208333 0.726562 0.088501
71 0.473438 0.332617 0.425 0.392578 0.0210419
61 0.473438 0.332617 0.425 0.392578 0.0150146
2 0.896875 0.421094 0.20625 0.835938 0.00403976
61 0.445313 0.741797 0.540625 0.442969 0.00332451
71 0.384375 0.720703 0.759375 0.516406 0.00209999
5 0.897917 0.363281 0.204167 0.726562 0.00197983
7 0.897917 0.363281 0.204167 0.726562 0.00144958
4 0.896354 0.363281 0.207292 0.721875 0.00113773
56 0.473438 0.332617 0.425 0.392578 0.00101185
64 0.473438 0.332617 0.425 0.392578 0.00100422
61 0.446354 0.557813 0.542708 0.848437 0.891113
6 0.896875 0.361914 0.20625 0.723828 0.058136
71 0.474089 0.332813 0.42474 0.392969 0.0104065
61 0.474089 0.332813 0.42474 0.392969 0.00993347
71 0.382813 0.719922 0.75625 0.516406 0.00165462
2 0.897917 0.417969 0.204167 0.834375 0.00161648
61 0.445833 0.737891 0.539583 0.450781 0.00157356
5 0.898958 0.363672 0.202083 0.727344 0.00130463
61 0.446875 0.557031 0.541667 0.846875 0.896973
6 0.897396 0.358984 0.205208 0.717969 0.0458679
61 0.473958 0.332861 0.425 0.393652 0.00626373
71 0.473958 0.332861 0.425 0.393652 0.00261116
61 0.446875 0.557813 0.541667 0.848437 0.908203
6 0.897396 0.357422 0.205208 0.714844 0.0389099
61 0.473958 0.333203 0.426042 0.394531 0.00305176
71 0.448047 0.728125 0.32474 0.284375 0.00126457
72 0.897917 0.360156 0.204167 0.715625 0.00123024
71 0.351042 0.717969 0.694792 0.517188 0.0011425
71 0.47513 0.331445 0.426823 0.386328 0.00101185
61 0.446875 0.558984 0.541667 0.850781 0.907227
6 0.897917 0.356641 0.204167 0.713281 0.0303345
61 0.473958 0.333545 0.427083 0.39541 0.00228691
71 0.447396 0.727344 0.325 0.284375 0.00121593
72 0.897917 0.360742 0.204167 0.714453 0.0011425
71 0.341667 0.717578 0.677083 0.516406 0.00108147
61 0.447005 0.560156 0.541406 0.85625 0.913086
6 0.897917 0.356641 0.204167 0.713281 0.0276947
71 0.447786 0.729297 0.32526 0.288281 0.00161076
72 0.898438 0.361719 0.203125 0.714063 0.00133514
61 0.473958 0.333936 0.427083 0.396191 0.00126457
71 0.333333 0.717188 0.661458 0.514063 0.00104427
61 0.446354 0.560938 0.540625 0.859375 0.913574
6 0.897396 0.358594 0.205208 0.717188 0.0307922
6 0.884896 0.461719 0.230208 0.907813 0.00634003
71 0.447396 0.729688 0.326042 0.290625 0.00164223
72 0.897917 0.364258 0.204167 0.717578 0.00154877
61 0.447005 0.731641 0.539323 0.461719 0.00100422
61 0.444792 0.561719 0.540625 0.860938 0.921387
6 0.895833 0.362109 0.20625 0.724219 0.0384521
6 0.878646 0.470313 0.242708 0.928125 0.00579834
72 0.894792 0.376953 0.210417 0.753906 0.00191212
71 0.447396 0.729688 0.326042 0.290625 0.00171375
61 0.445964 0.734375 0.539323 0.454688 0.00148964
71 0.324479 0.717578 0.644792 0.514844 0.00117874
61 0.444661 0.561328 0.541927 0.860156 0.927246
6 0.89375 0.359375 0.210417 0.71875 0.0258636
6 0.844271 0.470703 0.311458 0.928906 0.00312424
61 0.446354 0.735938 0.540625 0.45 0.00209999
72 0.893229 0.376953 0.213542 0.753906 0.00176811
15 0.551563 0.137207 0.871875 0.266211 0.00164223
71 0.447396 0.728125 0.326042 0.289062 0.00149536
15 0.391146 0.152148 0.736458 0.294141 0.00134563
15 0.540625 0.207422 0.897917 0.405469 0.00126457
71 0.321354 0.717969 0.638542 0.514063 0.00101662
61 0.444661 0.560938 0.54401 0.859375 0.935547
6 0.890625 0.356055 0.216667 0.712109 0.0142288
6 0.878125 0.454688 0.241667 0.885938 0.00388527
15 0.521875 0.155762 0.927083 0.302539 0.00291252
61 0.445703 0.736328 0.541927 0.447656 0.00235939
16 0.521875 0.155762 0.927083 0.302539 0.00185299
15 0.354688 0.150781 0.698958 0.292578 0.00181007
72 0.892708 0.366016 0.214583 0.725781 0.00169373
15 0.550521 0.110547 0.880208 0.214844 0.00156116
16 0.354688 0.150781 0.698958 0.292578 0.00149536
6 0.832292 0.386719 0.335417 0.773438 0.00141048
6 0.755729 0.471875 0.488542 0.93125 0.00139904
71 0.446745 0.726562 0.327344 0.285938 0.00115108
61 0.44362 0.559375 0.546094 0.859375 0.941895
6 0.888542 0.355078 0.220833 0.710156 0.0149002
6 0.875 0.455469 0.247917 0.885938 0.00346947
61 0.444271 0.736328 0.542708 0.447656 0.00182438
72 0.890625 0.365234 0.21875 0.727344 0.0017004
6 0.728125 0.473438 0.54375 0.934375 0.0014267
6 0.80625 0.385938 0.3875 0.771875 0.00139904
2 0.892188 0.422656 0.215625 0.842188 0.00126457
15 0.520833 0.155469 0.925 0.302344 0.00119209
15 0.357292 0.151367 0.705208 0.293359 0.00100803
16 0.357292 0.151367 0.705208 0.293359 0.00100803
61 0.444271 0.557813 0.546875 0.859375 0.943848
6 0.888542 0.353125 0.220833 0.70625 0.0107803
6 0.875 0.453516 0.247917 0.880469 0.0024929
72 0.897396 0.353125 0.205208 0.70625 0.00188255
2 0.892708 0.414062 0.214583 0.823438 0.00133514
61 0.44362 0.736719 0.541927 0.446875 0.00127411
16 0.357292 0.151562 0.705208 0.294531 0.00116062
15 0.521354 0.154883 0.923958 0.301563 0.00102425
6 0.832813 0.376172 0.334375 0.752344 0.00102425
61 0.44375 0.557813 0.545833 0.85625 0.946289
6 0.898438 0.351953 0.203125 0.703906 0.0148392
6 0.875521 0.451562 0.246875 0.876563 0.00300407
72 0.898438 0.351953 0.203125 0.703906 0.00254059
2 0.89375 0.408594 0.2125 0.815625 0.00137234
6 0.8375 0.369922 0.325 0.739844 0.00116539
5 0.898438 0.351953 0.203125 0.703906 0.00105667
61 0.443229 0.557813 0.54375 0.85625 0.944336
6 0.898438 0.352539 0.203125 0.705078 0.0238647
6 0.876042 0.455469 0.247917 0.885938 0.00460815
72 0.898438 0.352539 0.203125 0.705078 0.00275803
6 0.811979 0.377344 0.376042 0.754687 0.00181007
6 0.730208 0.473828 0.539583 0.933594 0.00151253
2 0.894271 0.415625 0.211458 0.83125 0.00148392
5 0.898438 0.352539 0.203125 0.705078 0.00135136
61 0.470833 0.332617 0.429167 0.395703 0.00112438
61 0.442578 0.558594 0.541927 0.853125 0.942871
6 0.899479 0.352734 0.201042 0.705469 0.0339661
6 0.876042 0.457031 0.247917 0.889063 0.00559998
72 0.901042 0.355469 0.197917 0.710938 0.00296974
6 0.801563 0.380078 0.396875 0.760156 0.0024929
6 0.723958 0.476562 0.552083 0.939063 0.00188923
5 0.899479 0.352734 0.201042 0.705469 0.00151253
61 0.470313 0.332617 0.429167 0.395703 0.00145531
2 0.895313 0.420312 0.209375 0.840625 0.00123501
61 0.442578 0.558594 0.541927 0.851562 0.944824
6 0.899479 0.352344 0.201042 0.704688 0.0309143
6 0.876042 0.455469 0.247917 0.882812 0.00446701
72 0.901042 0.354883 0.197917 0.709766 0.00309944
6 0.788542 0.375977 0.422917 0.751953 0.00201035
61 0.470703 0.332617 0.429427 0.395703 0.00177479
6 0.715104 0.473828 0.569792 0.933594 0.00150108
5 0.899479 0.352344 0.201042 0.704688 0.00137806
61 0.443229 0.559375 0.542708 0.85 0.949219
6 0.899479 0.351953 0.201042 0.703906 0.0213623
72 0.899479 0.351953 0.201042 0.703906 0.00325966
6 0.875 0.455469 0.25 0.88125 0.00275803
61 0.470964 0.333008 0.43099 0.396484 0.00152493
6 0.769792 0.376172 0.460417 0.752344 0.00121593
5 0.899479 0.351953 0.201042 0.703906 0.00118828
61 0.44375 0.559375 0.54375 0.848437 0.951172
6 0.900521 0.351172 0.198958 0.702344 0.0112457
72 0.900521 0.351172 0.198958 0.702344 0.00314713
6 0.890104 0.453906 0.219792 0.889063 0.00305176
61 0.469922 0.333984 0.433073 0.397656 0.00104427
61 0.444792 0.560156 0.54375 0.848437 0.955078
6 0.9 0.351172 0.2 0.702344 0.0068512
72 0.9 0.351172 0.2 0.702344 0.00279999
6 0.881771 0.427344 0.236458 0.834375 0.00208282
61 0.445833 0.561719 0.545833 0.85 0.95752
6 0.9 0.35 0.2 0.7 0.00307465
72 0.9 0.35 0.2 0.7 0.00279045
61 0.447005 0.561719 0.547656 0.851562 0.958496
72 0.898958 0.349023 0.202083 0.698047 0.00243378
6 0.898958 0.349023 0.202083 0.698047 0.0018034
61 0.448047 0.561719 0.54974 0.853125 0.958496
72 0.897396 0.349609 0.205208 0.699219 0.00208282
6 0.897396 0.349609 0.205208 0.699219 0.00150108
61 0.448958 0.561719 0.551042 0.854688 0.959961
72 0.895833 0.35 0.208333 0.7 0.00214005
6 0.895833 0.35 0.208333 0.7 0.00143242
61 0.448958 0.561719 0.551042 0.857813 0.964355
72 0.895313 0.351953 0.209375 0.703906 0.00307465
6 0.895313 0.351953 0.209375 0.703906 0.00250244
61 0.448828 0.562109 0.55026 0.858594 0.965332
72 0.894792 0.351562 0.210417 0.703125 0.00400543
6 0.894792 0.351562 0.210417 0.703125 0.00324821
6 0.882813 0.457422 0.234375 0.899219 0.00106525
61 0.447917 0.562109 0.55 0.860156 0.96582
6 0.895833 0.351953 0.208333 0.703906 0.00457382
72 0.895833 0.351953 0.208333 0.703906 0.00446701
6 0.884896 0.457031 0.230208 0.901563 0.00157928
61 0.447396 0.560938 0.548958 0.860938 0.96582
6 0.896354 0.352344 0.207292 0.704688 0.00484848
72 0.896354 0.352344 0.207292 0.704688 0.00436401
6 0.885938 0.457813 0.228125 0.903125 0.00186729
61 0.447005 0.560547 0.54974 0.858594 0.965332
6 0.895833 0.351953 0.208333 0.703906 0.00614548
72 0.895833 0.351953 0.208333 0.703906 0.0041008
6 0.885938 0.458203 0.228125 0.902344 0.00237846
61 0.447396 0.560156 0.551042 0.857813 0.963867
6 0.895313 0.353516 0.209375 0.707031 0.00912476
72 0.895313 0.353516 0.209375 0.707031 0.00340271
6 0.872917 0.462109 0.254167 0.894531 0.00117874
61 0.447396 0.558984 0.553125 0.857031 0.96582
6 0.895833 0.353906 0.208333 0.707812 0.0113297
72 0.896354 0.35332 0.207292 0.706641 0.00367928
6 0.872396 0.460547 0.255208 0.889844 0.00163555
61 0.447396 0.558594 0.554167 0.854688 0.964355
6 0.896354 0.353516 0.207292 0.707031 0.0154266
6 0.886979 0.45625 0.226042 0.896875 0.00568771
72 0.897396 0.35293 0.205208 0.705859 0.0049057
61 0.447786 0.557813 0.554427 0.853125 0.963379
6 0.896875 0.354102 0.20625 0.708203 0.0188293
72 0.897917 0.353125 0.204167 0.70625 0.00588989
6 0.873958 0.458594 0.252083 0.8875 0.0026722
6 0.765625 0.372656 0.46875 0.736719 0.00104427
61 0.447786 0.557813 0.554427 0.85 0.972656
6 0.896354 0.354297 0.207292 0.708594 0.0621033
72 0.897396 0.352344 0.205208 0.703125 0.00891876
6 0.874479 0.460156 0.251042 0.892188 0.00486755
6 0.764583 0.38125 0.470833 0.757031 0.00439835
14 0.9625 0.761328 0.0729167 0.202344 0.00304031
4 0.893229 0.359375 0.213542 0.701563 0.00214958
2 0.896354 0.354297 0.207292 0.708594 0.0015974
5 0.896354 0.354297 0.207292 0.708594 0.00154877
7 0.896354 0.354297 0.207292 0.708594 0.00106907
61 0.447917 0.557813 0.554167 0.85 0.977051
6 0.896875 0.355469 0.20625 0.710938 0.0960083
6 0.757813 0.397266 0.484375 0.789844 0.00923157
72 0.897396 0.35332 0.205208 0.701172 0.00720596
14 0.96276 0.760938 0.0744792 0.204688 0.00609589
4 0.893229 0.358789 0.213542 0.701953 0.00426483
6 0.875 0.4625 0.25 0.896875 0.00405502
2 0.896875 0.355469 0.20625 0.710938 0.00264168
5 0.896875 0.355469 0.20625 0.710938 0.00189686
7 0.896875 0.355469 0.20625 0.710938 0.00134563
14 0.964323 0.80918 0.0713542 0.275391 0.00125504
61 0.448438 0.558203 0.554167 0.849219 0.978516
6 0.891667 0.362891 0.216667 0.713281 0.108948
6 0.863542 0.413281 0.272917 0.804688 0.0231476
6 0.746875 0.410938 0.50625 0.8125 0.0115967
14 0.9625 0.760938 0.075 0.20625 0.00923157
4 0.892708 0.359766 0.214583 0.7 0.00698471
72 0.895313 0.35 0.209375 0.7 0.00439835
2 0.897917 0.357812 0.204167 0.708594 0.00403976
4 0.863542 0.413281 0.272917 0.804688 0.00277901
14 0.965104 0.809375 0.0697917 0.271875 0.00195694
5 0.897917 0.357812 0.204167 0.708594 0.00178242
60 0.00143229 0.526172 0.00286458 0.883594 0.00157356
7 0.897917 0.357812 0.204167 0.708594 0.00154877
4 0.746875 0.410938 0.50625 0.8125 0.0014782
6 0.630208 0.479297 0.739583 0.907031 0.00133514
72 0.888021 0.514844 0.223958 0.807813 0.00114727
14 0.186719 0.241797 0.248438 0.105469 0.00106525
61 0.448047 0.558594 0.553906 0.848437 0.978516
6 0.892708 0.360938 0.214583 0.7 0.126343
6 0.849479 0.421094 0.301042 0.820312 0.0283356
6 0.738021 0.419922 0.523958 0.828906 0.0131226
14 0.96276 0.760938 0.0744792 0.209375 0.00888062
4 0.892708 0.360938 0.214583 0.7 0.00867462
2 0.898438 0.35957 0.203125 0.707422 0.00429916
72 0.890625 0.376465 0.21875 0.681445 0.00426483
4 0.849479 0.421094 0.301042 0.820312 0.00338936
6 0.628646 0.479688 0.742708 0.914062 0.00225258
14 0.965104 0.810156 0.0697917 0.26875 0.00218201
4 0.738021 0.419922 0.523958 0.828906 0.00171375
14 0.186719 0.242188 0.247917 0.103906 0.00169373
15 0.782292 0.929688 0.316667 0.125 0.00159168
60 0.000911458 0.785156 0.00182292 0.429688 0.00157928
5 0.898438 0.35957 0.203125 0.707422 0.00150681
7 0.898438 0.35957 0.203125 0.707422 0.00148964
60 0.000976562 0.897656 0.00195312 0.204688 0.00136662
72 0.888542 0.511719 0.222917 0.814063 0.00131512
60 0.00117188 0.545703 0.00234375 0.830469 0.00123501
14 0.788542 0.926562 0.327083 0.134375 0.00116062
61 0.448438 0.559375 0.553125 0.846875 0.978516
6 0.892708 0.363086 0.214583 0.701953 0.119995
6 0.822396 0.439063 0.355208 0.85625 0.0292053
6 0.727083 0.435547 0.545833 0.860156 0.0137405
4 0.892708 0.363086 0.214583 0.701953 0.00997162
14 0.96276 0.760938 0.0744792 0.209375 0.00834656
2 0.898958 0.361328 0.202083 0.709375 0.00481033
72 0.891146 0.376465 0.217708 0.68457 0.00432968
4 0.822396 0.439063 0.355208 0.85625 0.00413513
6 0.616016 0.484375 0.767969 0.928125 0.00324821
15 0.782292 0.926562 0.31875 0.13125 0.00288963
14 0.965104 0.811719 0.0697917 0.26875 0.00223351
4 0.727083 0.435547 0.545833 0.860156 0.00214958
60 0.00078125 0.89375 0.0015625 0.2125 0.0020752
60 0.00143229 0.785937 0.00286458 0.428125 0.00204277
14 0.186458 0.242578 0.247917 0.102734 0.00191212
14 0.789063 0.926562 0.328125 0.134375 0.00181007
72 0.888021 0.510938 0.223958 0.823438 0.00158501
7 0.898958 0.361328 0.202083 0.709375 0.00143242
5 0.898958 0.361328 0.202083 0.709375 0.00119686
3 0.572005 0.486328 0.85599 0.952344 0.00115108
60 0.0015625 0.696875 0.003125 0.526563 0.00106049
4 0.616016 0.484375 0.767969 0.928125 0.00104809
2 0.727083 0.435547 0.545833 0.860156 0.00100422
61 0.448438 0.559375 0.553125 0.846875 0.977051
6 0.891667 0.364648 0.216667 0.705078 0.104858
6 0.801563 0.452734 0.396875 0.885156 0.0307922
4 0.891667 0.364648 0.216667 0.705078 0.0108566
14 0.96276 0.760938 0.0744792 0.210938 0.00809479
4 0.801563 0.452734 0.396875 0.885156 0.00524139
2 0.898958 0.3625 0.202083 0.710938 0.00475693
6 0.603776 0.486719 0.792448 0.935938 0.00457382
15 0.782292 0.925 0.31875 0.134375 0.00382423
72 0.890104 0.378809 0.219792 0.689258 0.00376511
14 0.965104 0.811133 0.0697917 0.265234 0.00229645
14 0.790104 0.926562 0.328125 0.134375 0.00229645
15 0.569792 0.166992 0.835417 0.325781 0.00219917
60 0.000716146 0.892969 0.00143229 0.214062 0.00218201
16 0.540104 0.14668 0.903125 0.286328 0.00211525
60 0.0015625 0.785352 0.003125 0.429297 0.00210762
3 0.536328 0.485156 0.927344 0.948438 0.00181007
14 0.186458 0.242578 0.247917 0.102344 0.00179577
72 0.8875 0.510938 0.225 0.83125 0.0017271
4 0.603776 0.486719 0.792448 0.935938 0.00154877
7 0.898958 0.3625 0.202083 0.710938 0.00127888
15 0.575521 0.106055 0.823958 0.205859 0.00124454
3 0.720313 0.445703 0.559375 0.880469 0.00121593
16 0.303125 0.148145 0.5875 0.291602 0.00118351
2 0.720313 0.445703 0.559375 0.880469 0.00116539
60 0.0014974 0.703906 0.00299479 0.510938 0.00105667
61 0.448438 0.560156 0.553125 0.846875 0.977051
6 0.891667 0.366016 0.216667 0.707812 0.100159
6 0.794792 0.459375 0.410417 0.898438 0.0339661
4 0.891667 0.366016 0.216667 0.707812 0.011116
14 0.963542 0.760938 0.0729167 0.210938 0.00784302
6 0.599609 0.488281 0.800781 0.940625 0.005867
4 0.794792 0.459375 0.410417 0.898438 0.00584412
2 0.898958 0.363086 0.202083 0.710547 0.00494385
15 0.782292 0.925 0.31875 0.134375 0.00453949
15 0.536979 0.148926 0.913542 0.29082 0.00365067
16 0.536979 0.148926 0.913542 0.29082 0.0036068
72 0.889583 0.378906 0.220833 0.690625 0.00353813
14 0.790104 0.926562 0.328125 0.134375 0.00260162
3 0.533203 0.4875 0.933594 0.953125 0.00253105
14 0.961458 0.80918 0.0770833 0.262891 0.00239754
60 0.000585938 0.892969 0.00117188 0.214062 0.00217438
15 0.571875 0.105273 0.83125 0.204688 0.00214958
60 0.0015625 0.785156 0.003125 0.429688 0.00209045
4 0.599609 0.488281 0.800781 0.940625 0.00191212
72 0.886458 0.510938 0.227083 0.835938 0.00188255
3 0.716146 0.450781 0.567708 0.890625 0.00168133
16 0.301563 0.148047 0.584375 0.291406 0.00154305
14 0.186393 0.242969 0.247005 0.101562 0.00151253
2 0.716146 0.450781 0.567708 0.890625 0.00133514
7 0.898958 0.363086 0.202083 0.710547 0.00118828
15 0.53125 0.231055 0.929167 0.453516 0.00106525
61 0.448438 0.560156 0.552083 0.846875 0.976074
6 0.891667 0.365625 0.216667 0.708594 0.100891
6 0.795313 0.458594 0.409375 0.9 0.0368958
4 0.891667 0.365625 0.216667 0.708594 0.0113297
14 0.963542 0.760938 0.0729167 0.210938 0.0088501
6 0.600911 0.488281 0.798177 0.942187 0.00706482
4 0.795313 0.458594 0.409375 0.9 0.00614548
15 0.782292 0.924219 0.31875 0.135937 0.00534439
2 0.898958 0.3625 0.202083 0.709375 0.00494385
15 0.565755 0.163867 0.845573 0.319531 0.00471878
16 0.534896 0.150391 0.917708 0.29375 0.0042305
72 0.889583 0.377441 0.220833 0.688867 0.00335121
3 0.536328 0.487109 0.927344 0.953906 0.00312424
14 0.789583 0.926562 0.327083 0.134375 0.00291252
15 0.571745 0.104883 0.83151 0.203516 0.00286674
14 0.961458 0.809375 0.0770833 0.264062 0.00270462
60 0.000520833 0.892188 0.00104167 0.215625 0.00222588
3 0.714583 0.451953 0.570833 0.892969 0.00213242
4 0.600911 0.488281 0.798177 0.942187 0.00211525
60 0.00143229 0.785156 0.00286458 0.429688 0.00208282
72 0.886979 0.509375 0.226042 0.8375 0.00186729
16 0.318229 0.149414 0.628125 0.291797 0.00168133
2 0.714583 0.451953 0.570833 0.892969 0.00143242
14 0.186458 0.242969 0.246875 0.101562 0.00141048
15 0.530729 0.232422 0.932292 0.45625 0.00127411
7 0.898958 0.3625 0.202083 0.709375 0.00112057
60 0.000651042 0.935938 0.00130208 0.128125 0.00110722
3 0.889583 0.374805 0.220833 0.731641 0.00103188
5 0.889583 0.377441 0.220833 0.688867 0.00101662
61 0.447917 0.560547 0.552083 0.847656 0.976074
6 0.890625 0.368945 0.21875 0.716797 0.102661
6 0.788021 0.467187 0.423958 0.91875 0.0435181
6 0.875521 0.460156 0.248958 0.904688 0.0133743
4 0.890625 0.368945 0.21875 0.716797 0.0107803
6 0.601563 0.489063 0.796875 0.946875 0.0103683
14 0.963021 0.760547 0.0739583 0.211719 0.00912476
4 0.788021 0.467187 0.423958 0.91875 0.00636292
15 0.782292 0.924219 0.31875 0.135937 0.00508118
2 0.897917 0.363281 0.204167 0.711719 0.00419998
3 0.540625 0.488281 0.91875 0.95625 0.00397491
15 0.534375 0.151074 0.91875 0.294727 0.00335121
16 0.534375 0.151074 0.91875 0.294727 0.00335121
14 0.96224 0.809375 0.0755208 0.264062 0.00296974
72 0.888542 0.377441 0.222917 0.693555 0.00284576
14 0.789583 0.926562 0.325 0.134375 0.00268364
3 0.713542 0.457031 0.572917 0.904688 0.00261116
4 0.601563 0.489063 0.796875 0.946875 0.00254059
60 0.00136719 0.784766 0.00273438 0.430469 0.00206757
60 0.000520833 0.892578 0.00104167 0.214844 0.00204277
72 0.885938 0.508594 0.228125 0.842188 0.00183868
15 0.572917 0.104688 0.829167 0.202734 0.0018034
16 0.303125 0.147949 0.5875 0.29082 0.00144386
14 0.186198 0.242969 0.246354 0.101562 0.00139427
2 0.713542 0.457031 0.572917 0.904688 0.00138855
6 0.996875 0.46875 0.00625 0.901563 0.00123501
5 0.888542 0.377441 0.222917 0.693555 0.00106525
60 0.000651042 0.935938 0.00130208 0.128125 0.00105667
61 0.447917 0.560156 0.552083 0.846875 0.975098
6 0.891667 0.36875 0.216667 0.714844 0.103394
6 0.792188 0.464063 0.415625 0.909375 0.0448608
6 0.876563 0.458594 0.246875 0.901563 0.0139008
6 0.603255 0.489063 0.79349 0.94375 0.0108185
4 0.891667 0.36875 0.216667 0.714844 0.0107346
14 0.963021 0.760938 0.0739583 0.210938 0.0105667
4 0.792188 0.464063 0.415625 0.909375 0.00634003
15 0.782813 0.925 0.317708 0.134375 0.00498199
2 0.898958 0.363281 0.202083 0.710156 0.00426483
3 0.544661 0.487109 0.910677 0.952344 0.00348282
14 0.961458 0.809375 0.0770833 0.264062 0.00314713
72 0.889063 0.376465 0.221875 0.687695 0.00291252
16 0.535417 0.149219 0.914583 0.291016 0.00282288
15 0.535417 0.149219 0.914583 0.291016 0.00281143
14 0.789583 0.926562 0.325 0.134375 0.00255013
4 0.603255 0.489063 0.79349 0.94375 0.00245285
3 0.713021 0.453906 0.573958 0.895312 0.00239754
60 0.000390625 0.892188 0.00078125 0.215625 0.00208282
60 0.00130208 0.784766 0.00260417 0.430469 0.0020752
72 0.886458 0.508203 0.227083 0.839844 0.00175476
15 0.576172 0.104297 0.822656 0.201953 0.00144386
2 0.713021 0.453906 0.573958 0.895312 0.00143242
14 0.185872 0.243359 0.245964 0.100781 0.00138855
16 0.302083 0.147461 0.585417 0.289844 0.00131512
6 0.997917 0.46875 0.00416667 0.9 0.00123501
60 0.000455729 0.935938 0.000911458 0.128125 0.00113773
5 0.889063 0.376465 0.221875 0.687695 0.00109005
7 0.898958 0.363281 0.202083 0.710156 0.00100422
61 0.448438 0.558203 0.554167 0.849219 0.979004
6 0.891667 0.362891 0.216667 0.713281 0.113586
6 0.747396 0.410547 0.505208 0.813281 0.0121918
14 0.96276 0.760938 0.0744792 0.20625 0.00933838
4 0.892708 0.35957 0.214583 0.700391 0.00706482
72 0.895313 0.35 0.209375 0.7 0.00436401
2 0.897917 0.357422 0.204167 0.708594 0.00403976
4 0.865104 0.412891 0.269792 0.803906 0.00282288
6 0.875521 0.463281 0.248958 0.896875 0.00212479
14 0.965104 0.807813 0.0697917 0.26875 0.00197983
5 0.897917 0.357422 0.204167 0.708594 0.00179577
60 0.0014974 0.525391 0.00299479 0.883594 0.00156689
7 0.897917 0.357422 0.204167 0.708594 0.00154877
4 0.747396 0.410547 0.505208 0.813281 0.00149536
6 0.630208 0.479688 0.739583 0.90625 0.00137806
72 0.888021 0.514844 0.223958 0.807813 0.00116062
14 0.186719 0.241797 0.248438 0.105469 0.00104809
