15 0.535547 0.546253 0.502344 0.56089 0.649414
2 0.548047 0.819672 0.903906 0.339578 0.647949
2 0.478906 0.651639 0.954688 0.672131 0.30249
2 0.458203 0.850703 0.914844 0.272834 0.149048
2 0.0432739 0.361241 0.0841553 0.0995316 0.0809326
2 0.051709 0.365925 0.0661133 0.087822 0.0685425
2 0.0699219 0.361534 0.1375 0.101874 0.0247955
2 0.0340332 0.357143 0.065918 0.087822 0.0218658
2 0.0287598 0.342799 0.0558594 0.0614754 0.0120087
0 0.112305 0.352166 0.0644531 0.129391 0.0077858
2 0.0111328 0.305621 0.021582 0.0480094 0.00769424
0 0.122656 0.326698 0.0308594 0.073185 0.00734711
2 0.610059 0.615925 0.779883 0.741218 0.00669098
2 0.0917725 0.360948 0.179736 0.122365 0.00653839
7 0.504687 0.830796 0.98125 0.31733 0.00653839
2 0.18667 0.672717 0.372754 0.581967 0.00629044
0 0.255469 0.366511 0.0632813 0.087822 0.00575256
0 0.254688 0.348361 0.0417969 0.0538642 0.00547028
2 0.0221191 0.347775 0.0427734 0.0632318 0.00526047
2 0.0149658 0.332553 0.0283691 0.0784543 0.0051384
2 0.133691 0.37822 0.118164 0.0971897 0.00457382
2 0.108105 0.383489 0.0634766 0.0807962 0.00408554
15 0.843945 0.522834 0.312109 0.343091 0.00390053
2 0.077832 0.371194 0.114258 0.0901639 0.00366402
9 0.197461 0.0995316 0.0253906 0.0365925 0.00352478
68 0.504687 0.830796 0.98125 0.31733 0.00351143
0 0.254688 0.33548 0.0417969 0.0725995 0.00314713
2 0.369141 0.664959 0.736719 0.576405 0.00314713
15 0.587891 0.553279 0.783594 0.559719 0.00305176
60 0.469531 0.651639 0.934375 0.68267 0.00290108
0 0.133398 0.357728 0.112891 0.128806 0.00261116
58 0.255664 0.351288 0.0417969 0.0491803 0.00254059
58 0.257422 0.364754 0.0484375 0.0843091 0.00252151
13 0.134277 0.37822 0.109961 0.0714286 0.00246239
0 0.111035 0.379098 0.0664062 0.0919204 0.00234985
2 0.0763916 0.344848 0.14917 0.132318 0.00225258
13 0.161621 0.38144 0.16582 0.0872365 0.00223351
60 0.501563 0.838407 0.990625 0.298595 0.00219917
13 0.162988 0.387881 0.0560547 0.045082 0.0020752
58 0.24707 0.367096 0.0800781 0.086651 0.0020504
1 0.13418 0.372951 0.115234 0.100703 0.00195694
2 0.0169922 0.344848 0.0316406 0.058548 0.00194168
2 0.0209473 0.32055 0.0397461 0.0761124 0.00186729
2 0.133789 0.383782 0.108203 0.0638173 0.00183868
3 0.13418 0.372951 0.115234 0.100703 0.0018177
1 0.166406 0.375293 0.171875 0.088993 0.00178909
2 0.166406 0.375293 0.171875 0.088993 0.00177479
7 0.0814453 0.367681 0.157813 0.108899 0.00176811
7 0.0434082 0.364169 0.0838867 0.0948478 0.0017271
0 0.221094 0.372073 0.0625 0.0755269 0.00167465
2 0.162988 0.387881 0.0560547 0.045082 0.0016613
2 0.0306641 0.33548 0.0613281 0.0913349 0.00158501
3 0.0729492 0.364754 0.138477 0.106557 0.00158501
59 0.558594 0.531616 0.882812 0.63466 0.00157928
2 0.107031 0.397834 0.0628906 0.0614754 0.00157356
1 0.23125 0.373536 0.108594 0.0837236 0.00157356
2 0.536719 0.567037 0.9125 0.587237 0.00154877
62 0.505469 0.837237 0.982813 0.299766 0.00150681
50 0.845508 0.547424 0.308984 0.36534 0.0014267
0 0.13252 0.375878 0.10918 0.0936768 0.00141048
0 0.212891 0.376171 0.053125 0.0790398 0.00135612
13 0.191748 0.375293 0.0969727 0.0796253 0.00134087
0 0.110254 0.330796 0.05625 0.0796253 0.0012598
0 0.235742 0.373829 0.101172 0.0813817 0.00123978
3 0.112109 0.358314 0.0705078 0.126464 0.00123978
69 0.504687 0.830796 0.98125 0.31733 0.00118828
57 0.558594 0.531616 0.882812 0.63466 0.00110722
69 0.478906 0.651639 0.954688 0.672131 0.00109863
71 0.546484 0.816159 0.907031 0.348946 0.00109863
2 0.143555 0.36329 0.280078 0.12178 0.00109005
0 0.122656 0.308621 0.0324219 0.0947014 0.00106907
1 0.0729492 0.364754 0.138477 0.106557 0.00106525
2 0.14082 0.361241 0.125781 0.120609 0.00106049
13 0.0524414 0.368852 0.0650391 0.0901639 0.00105667
71 0.478906 0.651639 0.954688 0.672131 0.00105667
0 0.105273 0.352459 0.0484375 0.0456674 0.00104809
0 0.0444214 0.365047 0.0801025 0.0848946 0.00103188
13 0.13418 0.372951 0.115234 0.100703 0.00103188
13 0.133887 0.395785 0.111914 0.0690866 0.00101662
2 0.546484 0.819672 0.907031 0.339578 0.716797
15 0.522266 0.545375 0.475781 0.560304 0.658203
2 0.477344 0.648712 0.951563 0.679157 0.219971
2 0.457031 0.850117 0.9125 0.276347 0.201782
2 0.0528809 0.366218 0.0647461 0.0884075 0.0611877
2 0.0433594 0.360656 0.084375 0.101874 0.0609741
2 0.0336792 0.356557 0.0650635 0.0901639 0.0212097
2 0.071875 0.360656 0.141406 0.105386 0.0206451
2 0.0286133 0.34192 0.0554687 0.0632318 0.0116882
0 0.109961 0.354801 0.0609375 0.131733 0.00985718
0 0.255664 0.366218 0.0625 0.087822 0.0091629
0 0.122949 0.326112 0.0306641 0.073185 0.0086441
0 0.254688 0.347482 0.0414063 0.0526932 0.00784302
2 0.0111084 0.305621 0.0215332 0.0480094 0.00751877
7 0.505859 0.83548 0.983594 0.303279 0.00734711
0 0.253906 0.362998 0.046875 0.0831382 0.00695801
2 0.187305 0.662178 0.373437 0.558548 0.00498199
2 0.0220215 0.34719 0.0424805 0.0644028 0.0049057
2 0.609277 0.624122 0.781445 0.724824 0.00486755
0 0.254688 0.335773 0.0414063 0.072014 0.00481033
2 0.0150879 0.331382 0.0286133 0.0807962 0.0045929
0 0.109766 0.37822 0.0632813 0.0936768 0.00434875
0 0.115039 0.367096 0.0765625 0.112412 0.00407028
15 0.844531 0.522541 0.310937 0.343677 0.00403976
2 0.10791 0.382904 0.0630859 0.0819672 0.00369263
0 0.132617 0.35685 0.111328 0.131733 0.00338936
9 0.197461 0.0995316 0.0257812 0.0368852 0.00316048
2 0.0932617 0.360363 0.183008 0.125878 0.00291252
60 0.466797 0.649883 0.928906 0.686183 0.00277901
0 0.216406 0.371487 0.0515625 0.0737705 0.0024929
3 0.0726563 0.364169 0.138086 0.11007 0.00248146
2 0.0748047 0.371194 0.106641 0.0901639 0.00235939
68 0.505859 0.827869 0.982031 0.323185 0.00229645
2 0.132812 0.377049 0.114453 0.100703 0.00219917
13 0.163086 0.387588 0.0566406 0.0456674 0.00214005
13 0.134375 0.377049 0.110156 0.0725995 0.00213242
2 0.305273 0.65808 0.608984 0.557377 0.00209045
58 0.257031 0.363583 0.0476562 0.0819672 0.00208282
58 0.255469 0.350703 0.0414063 0.0480094 0.00202751
0 0.235742 0.373536 0.100391 0.0807962 0.00200272
2 0.0172852 0.344262 0.0323242 0.059719 0.00179577
60 0.505859 0.83548 0.983594 0.303279 0.0017271
1 0.13418 0.370902 0.114844 0.105972 0.00172043
3 0.13418 0.370902 0.114844 0.105972 0.00172043
15 0.574609 0.555694 0.811719 0.563085 0.0017004
0 0.110156 0.330796 0.0566406 0.0807962 0.00168705
0 0.122656 0.308255 0.0324219 0.0954333 0.00165462
1 0.163477 0.375293 0.164062 0.088993 0.00162315
3 0.115039 0.367096 0.0765625 0.112412 0.00161648
2 0.0303223 0.335187 0.0606445 0.0919204 0.0015974
58 0.247656 0.366803 0.078125 0.087822 0.00158501
1 0.230859 0.373536 0.100781 0.0831382 0.00151253
13 0.161816 0.382318 0.166211 0.087822 0.00148964
0 0.2125 0.391101 0.0523438 0.059719 0.00146675
71 0.544531 0.817916 0.910937 0.347775 0.00146675
2 0.107031 0.397834 0.0628906 0.0620609 0.00146103
50 0.845313 0.543911 0.309375 0.357143 0.00143242
0 0.132812 0.377049 0.114453 0.100703 0.0014267
0 0.104883 0.353044 0.0480469 0.0491803 0.00141048
2 0.163086 0.387588 0.0566406 0.0456674 0.00141048
7 0.0435547 0.364169 0.0841797 0.0971897 0.00141048
0 0.213867 0.357436 0.0449219 0.0398126 0.00140476
62 0.505859 0.83548 0.983594 0.303279 0.00139427
0 0.0518066 0.365925 0.065918 0.0901639 0.00138283
71 0.477344 0.648712 0.951563 0.679157 0.00138283
1 0.0726563 0.364169 0.138086 0.11007 0.00137806
2 0.134082 0.384075 0.107617 0.0632318 0.00133514
7 0.0726563 0.364169 0.138086 0.11007 0.00133514
56 0.193164 0.375 0.0933594 0.0796253 0.00128937
2 0.0256836 0.362119 0.0498047 0.0930913 0.00126934
13 0.193164 0.375 0.0933594 0.0796253 0.00126457
56 0.235742 0.373536 0.100391 0.0807962 0.0012064
49 0.770703 0.0502415 0.0351562 0.0515954 0.00119686
69 0.477344 0.648712 0.951563 0.679157 0.00118351
59 0.546484 0.506733 0.907031 0.703162 0.0011692
13 0.0526245 0.368852 0.0646729 0.0913349 0.00115108
2 0.0245117 0.321429 0.046875 0.0784543 0.00110722
2 0.163477 0.375293 0.164062 0.088993 0.00109005
69 0.505859 0.827869 0.982031 0.323185 0.00104046
56 0.213086 0.376464 0.0542969 0.0796253 0.00102425
2 0.546484 0.819087 0.907031 0.340749 0.767578
15 0.518652 0.545375 0.467383 0.560304 0.647949
2 0.455859 0.846604 0.910156 0.283372 0.247314
2 0.476562 0.641686 0.95 0.693208 0.191284
2 0.0528809 0.366218 0.0649414 0.0884075 0.0600891
2 0.043457 0.360363 0.0847656 0.10363 0.0549927
2 0.0625 0.364754 0.121094 0.100117 0.0226288
2 0.0335938 0.355972 0.0650391 0.0907494 0.0217743
0 0.110059 0.354215 0.0611328 0.132318 0.0119629
2 0.0285645 0.34192 0.0552734 0.0632318 0.0118713
0 0.255469 0.365925 0.0625 0.087822 0.0115051
0 0.257031 0.362998 0.046875 0.0807962 0.0103302
0 0.123047 0.325527 0.0304688 0.0737705 0.00981903
0 0.255273 0.345433 0.0410156 0.0515222 0.00963593
7 0.505469 0.833724 0.984375 0.306792 0.00901794
2 0.0111328 0.305328 0.0214844 0.0480094 0.00809479
0 0.109473 0.377635 0.0626953 0.0948478 0.005867
2 0.0224609 0.34719 0.0432617 0.0644028 0.00503922
0 0.255273 0.33548 0.0425781 0.0702576 0.00496292
2 0.015332 0.330796 0.0291016 0.0819672 0.00453949
0 0.131836 0.355972 0.109766 0.132904 0.00403976
9 0.197461 0.0993852 0.0257812 0.0370316 0.00395966
2 0.107813 0.382904 0.0630859 0.0819672 0.00359344
2 0.187451 0.657055 0.373535 0.547717 0.00345612
15 0.844727 0.522248 0.310547 0.343091 0.00333786
0 0.215625 0.371194 0.0503906 0.0725995 0.00309944
2 0.048877 0.345726 0.0952148 0.128806 0.00296974
0 0.235547 0.373536 0.1 0.0807962 0.0026207
3 0.0728516 0.363583 0.139063 0.112412 0.0026207
2 0.0760742 0.344848 0.148828 0.13466 0.00257111
0 0.122656 0.308036 0.0324219 0.0958724 0.00237846
2 0.0947266 0.360656 0.186328 0.126464 0.00227928
60 0.464453 0.642857 0.924219 0.701405 0.00226974
0 0.129102 0.376171 0.107422 0.103044 0.0020752
0 0.110156 0.330211 0.0566406 0.0819672 0.00205803
13 0.163281 0.387588 0.0570313 0.0456674 0.00205803
13 0.134375 0.376464 0.110156 0.0737705 0.00203514
58 0.255469 0.365925 0.0625 0.087822 0.00201035
58 0.257031 0.362998 0.046875 0.0807962 0.00187492
58 0.255664 0.35041 0.0414063 0.0474239 0.0018177
49 0.770703 0.0502781 0.0351562 0.0510831 0.0018034
0 0.213281 0.360363 0.0453125 0.0515222 0.00176811
2 0.0176025 0.343384 0.032959 0.0614754 0.00175476
0 0.2125 0.390515 0.0523438 0.0608899 0.00175476
2 0.0301758 0.334602 0.0603516 0.0930913 0.0016613
2 0.131738 0.37178 0.108008 0.101874 0.00163555
0 0.104883 0.35363 0.0484375 0.0503513 0.00162315
0 0.0517578 0.365632 0.0662109 0.0901639 0.00150681
68 0.505469 0.825527 0.982813 0.327869 0.00148964
1 0.163184 0.375 0.162695 0.088993 0.00147247
60 0.505469 0.833724 0.984375 0.306792 0.00147247
56 0.193408 0.374707 0.0928711 0.0796253 0.00146675
2 0.106836 0.397834 0.0628906 0.0620609 0.00145531
50 0.845313 0.54274 0.309375 0.35363 0.00143242
2 0.324023 0.653981 0.646484 0.548009 0.00143242
1 0.134082 0.369145 0.115039 0.108899 0.00141621
1 0.0728516 0.363583 0.139063 0.112412 0.00136662
3 0.134082 0.369145 0.115039 0.108899 0.00133514
2 0.1625 0.390515 0.0542969 0.0433255 0.00132465
1 0.229492 0.373536 0.0976562 0.0831382 0.00132465
15 0.567187 0.55745 0.828125 0.566598 0.00131512
56 0.235547 0.373536 0.1 0.0807962 0.00130463
13 0.162109 0.382318 0.166797 0.088993 0.00128937
71 0.54375 0.81733 0.9125 0.348946 0.0012846
0 0.213281 0.35363 0.04375 0.0357143 0.00127411
7 0.0436035 0.363583 0.0844727 0.0983607 0.00127411
0 0.0725586 0.357143 0.141602 0.12178 0.00125504
2 0.0255981 0.362119 0.049585 0.0936768 0.00124931
59 0.567187 0.55745 0.828125 0.566598 0.00124931
7 0.0728516 0.363583 0.139063 0.112412 0.00123501
3 0.111035 0.365925 0.0689453 0.114754 0.00121593
13 0.193408 0.374707 0.0928711 0.0796253 0.00121117
71 0.476562 0.641686 0.95 0.693208 0.00121117
2 0.133984 0.384368 0.107422 0.0626464 0.00119686
62 0.505469 0.833724 0.984375 0.306792 0.00118828
0 0.225391 0.358899 0.06875 0.057377 0.00113773
56 0.213086 0.376171 0.0539063 0.0796253 0.0011034
69 0.476562 0.641686 0.95 0.693208 0.00108147
2 0.546094 0.601288 0.907813 0.5363 0.00106907
56 0.213672 0.357728 0.0453125 0.0403981 0.00104046
13 0.0525269 0.36856 0.0648682 0.0919204 0.00102806
0 0.116016 0.318208 0.0457031 0.087822 0.00100803
2 0.548438 0.818501 0.903125 0.34192 0.811523
15 0.516406 0.546912 0.4625 0.561915 0.690918
2 0.475781 0.644028 0.948438 0.690866 0.177246
2 0.456641 0.844262 0.911719 0.285714 0.0648804
2 0.0528198 0.365925 0.0648682 0.087822 0.0594177
2 0.0435059 0.36007 0.0848633 0.104215 0.0516663
2 0.0333984 0.355386 0.0646484 0.0901639 0.0240479
15 0.5375 0.553571 0.65 0.552108 0.0237732
2 0.067627 0.364754 0.131543 0.101874 0.0214539
0 0.109961 0.353923 0.0611328 0.132904 0.0147858
2 0.0284302 0.341335 0.0550537 0.0632318 0.0135345
0 0.255469 0.364754 0.0617188 0.088993 0.0135345
0 0.256641 0.361827 0.046875 0.0807962 0.0121918
0 0.255469 0.343384 0.040625 0.0544496 0.012146
0 0.123242 0.324941 0.0304688 0.0737705 0.0116882
2 0.011084 0.305328 0.0213867 0.0480094 0.00926971
7 0.505469 0.830211 0.984375 0.316159 0.0088501
0 0.109375 0.375878 0.0626953 0.0983607 0.00775528
2 0.0228271 0.346604 0.0439941 0.0644028 0.00595856
9 0.197266 0.0992389 0.0257812 0.0368852 0.00536346
2 0.015625 0.330503 0.0296875 0.0825527 0.00508118
0 0.131445 0.355386 0.108984 0.133489 0.00460815
2 0.107715 0.382318 0.0630859 0.0819672 0.00369263
0 0.215234 0.370609 0.05 0.072014 0.00363541
0 0.122656 0.307377 0.0324219 0.0960187 0.00328636
0 0.235547 0.373536 0.1 0.0807962 0.00309944
0 0.125293 0.374707 0.0998047 0.106557 0.0029583
2 0.0510864 0.345726 0.0997803 0.128806 0.00293541
15 0.845508 0.521955 0.308984 0.343677 0.00293541
2 0.0761475 0.344555 0.149268 0.135246 0.00288963
3 0.0729492 0.362998 0.139844 0.113583 0.0027256
2 0.187891 0.653396 0.374219 0.538642 0.00265312
49 0.770312 0.0503513 0.034375 0.0503513 0.0026207
58 0.255469 0.364754 0.0617188 0.088993 0.00252151
0 0.110156 0.329625 0.0566406 0.0819672 0.00246239
60 0.475781 0.644028 0.948438 0.690866 0.00239754
13 0.134375 0.375293 0.110156 0.074356 0.00232315
13 0.163281 0.387588 0.0574219 0.0456674 0.00230598
58 0.256641 0.361827 0.046875 0.0807962 0.00221634
0 0.213086 0.360363 0.0449219 0.0515222 0.00217438
58 0.255469 0.349824 0.0414063 0.0468384 0.00213242
2 0.0960938 0.360363 0.189063 0.127635 0.00208282
56 0.194189 0.374415 0.0913086 0.0796253 0.00194168
2 0.0178467 0.343091 0.0334473 0.0620609 0.00193405
0 0.2125 0.390222 0.0523438 0.0608899 0.00192642
2 0.0300781 0.334016 0.0601563 0.0936768 0.00189686
0 0.104883 0.35363 0.0484375 0.0526932 0.00184631
0 0.255469 0.333724 0.0429688 0.0702576 0.00171375
60 0.505469 0.830211 0.984375 0.316159 0.00160408
56 0.235547 0.373536 0.1 0.0807962 0.0015974
50 0.845313 0.540398 0.309375 0.352459 0.0015974
1 0.156055 0.372951 0.15625 0.0995316 0.00155449
0 0.213086 0.35363 0.04375 0.0357143 0.00154305
0 0.0516724 0.36534 0.0663818 0.0901639 0.00154305
2 0.131445 0.369731 0.107813 0.105386 0.00153637
0 0.0727539 0.356557 0.141992 0.122951 0.00152493
2 0.106836 0.397541 0.0628906 0.0620609 0.00150108
1 0.0729492 0.362998 0.139844 0.113583 0.00143242
56 0.213672 0.357728 0.0460938 0.0409836 0.00141048
1 0.133984 0.367096 0.114844 0.112412 0.00137806
2 0.0260742 0.361827 0.0503906 0.0936768 0.00136662
56 0.213086 0.375878 0.0535156 0.0796253 0.00136662
59 0.567187 0.559133 0.846875 0.567916 0.00134563
1 0.227734 0.373536 0.0929688 0.0831382 0.00134087
71 0.545313 0.816159 0.909375 0.352459 0.00132465
0 0.224023 0.357728 0.0660156 0.0556206 0.00130463
13 0.162109 0.382318 0.166406 0.0901639 0.00127888
13 0.194189 0.374415 0.0913086 0.0796253 0.00127411
47 0.771094 0.0507904 0.034375 0.0481557 0.00126934
0 0.116016 0.317037 0.0457031 0.0895784 0.00126457
0 0.256641 0.377635 0.0625 0.0673302 0.00126457
2 0.1625 0.390222 0.0542969 0.04274 0.00125504
56 0.257031 0.365925 0.059375 0.0854801 0.00121593
2 0.135547 0.382904 0.119531 0.088993 0.0011692
71 0.475781 0.644028 0.948438 0.690866 0.0011692
7 0.0435547 0.363583 0.0845703 0.0983607 0.00115108
7 0.0729492 0.362998 0.139844 0.113583 0.00115108
3 0.133984 0.367096 0.114844 0.112412 0.00115108
62 0.505469 0.830211 0.984375 0.316159 0.00114727
64 0.446875 0.782787 0.08125 0.0796253 0.0011425
0 0.203906 0.374122 0.0695313 0.0796253 0.00112915
2 0.134082 0.384075 0.107227 0.0632318 0.0011158
68 0.505469 0.823185 0.982813 0.334895 0.00110722
2 0.245312 0.688378 0.489844 0.602166 0.00109863
2 0.325391 0.650468 0.649219 0.542155 0.00108624
0 0.214844 0.380269 0.0789063 0.0831382 0.00106907
2 0.547656 0.594994 0.904688 0.512588 0.00103188
13 0.052356 0.36856 0.06521 0.0919204 0.00102425
0 0.156055 0.372951 0.15625 0.0995316 0.00102425
69 0.475781 0.644028 0.948438 0.690866 0.00102425
56 0.255469 0.349824 0.0414063 0.0468384 0.00101662
2 0.549219 0.818501 0.901563 0.344262 0.85498
15 0.514453 0.547424 0.460938 0.56089 0.759277
2 0.485938 0.665105 0.971875 0.648712 0.180054
2 0.0529419 0.365925 0.0644287 0.087822 0.0339661
2 0.044043 0.359485 0.0857422 0.105386 0.0265503
2 0.426953 0.839578 0.852344 0.298595 0.0240479
2 0.0332031 0.355972 0.0640625 0.0913349 0.0162201
0 0.109961 0.35363 0.0609375 0.133489 0.0155411
0 0.255469 0.364461 0.0617188 0.0907494 0.0152512
0 0.255469 0.342506 0.040625 0.0550351 0.0135345
0 0.256641 0.36007 0.0460938 0.0784543 0.0135345
2 0.0735352 0.359485 0.144922 0.111241 0.0125275
0 0.123242 0.325234 0.0306641 0.0749414 0.0107803
0 0.109277 0.374707 0.0623047 0.0995316 0.00974274
7 0.507031 0.825527 0.982813 0.327869 0.00952148
2 0.0281128 0.341335 0.0543213 0.0638173 0.00948334
2 0.0110352 0.305035 0.0212402 0.0480094 0.00706482
15 0.542969 0.553571 0.69375 0.550937 0.00653839
9 0.197461 0.0990925 0.0257812 0.0364461 0.00500107
0 0.130859 0.367681 0.106641 0.108899 0.0049057
0 0.214453 0.370023 0.0484375 0.0702576 0.00434875
2 0.0220703 0.34719 0.0423828 0.0661592 0.00405502
0 0.235156 0.373244 0.1 0.0802108 0.00399017
2 0.0157715 0.330211 0.0297852 0.0831382 0.00362206
0 0.122754 0.307084 0.0326172 0.0966042 0.00348282
49 0.770703 0.0507172 0.0335938 0.0477166 0.00266266
0 0.109863 0.34192 0.0587891 0.086651 0.00266266
0 0.213086 0.360656 0.0453125 0.0526932 0.0024929
58 0.255469 0.364461 0.0617188 0.0907494 0.00248146
0 0.2125 0.387295 0.0523438 0.0655738 0.00234222
13 0.159863 0.384368 0.0638672 0.0509368 0.00226974
13 0.134375 0.374707 0.110156 0.0749414 0.00223351
3 0.0731934 0.362412 0.140527 0.115925 0.00216484
2 0.107617 0.382318 0.0628906 0.0831382 0.00214958
60 0.475 0.638759 0.946875 0.701405 0.00209045
0 0.105078 0.354801 0.0490234 0.057377 0.00201035
58 0.256641 0.36007 0.0460938 0.0784543 0.00191212
58 0.255664 0.349532 0.0410156 0.0462529 0.00191212
56 0.194922 0.374122 0.0890625 0.0796253 0.00183105
0 0.212891 0.35363 0.04375 0.0351288 0.00171375
0 0.0519043 0.36534 0.0663086 0.0913349 0.00171375
0 0.0731934 0.362412 0.140527 0.115925 0.0017004
2 0.0541992 0.344848 0.105859 0.128806 0.00169373
2 0.188672 0.65442 0.375781 0.538934 0.00167465
15 0.845313 0.521955 0.309375 0.344848 0.00151253
56 0.235156 0.373244 0.1 0.0802108 0.00148964
0 0.214062 0.379977 0.0757812 0.0843091 0.00145531
0 0.220313 0.356557 0.0585938 0.0526932 0.00143242
0 0.127539 0.345433 0.0871094 0.148126 0.00143242
1 0.0731934 0.362412 0.140527 0.115925 0.00141621
0 0.115527 0.315501 0.0470703 0.0926522 0.00135136
2 0.0298828 0.333138 0.0597656 0.0960187 0.00134087
0 0.205078 0.373829 0.0667969 0.0790398 0.00129986
56 0.213672 0.358021 0.046875 0.0415691 0.0012846
0 0.254297 0.380855 0.0648438 0.0638173 0.00123501
56 0.212891 0.375585 0.053125 0.0790398 0.00119209
0 0.235547 0.386417 0.1 0.0661592 0.00118351
0 0.143066 0.358314 0.129883 0.124122 0.0011692
0 0.107617 0.391393 0.0632813 0.0749414 0.00116539
56 0.257031 0.365632 0.059375 0.0860656 0.00112438
47 0.770703 0.0507172 0.0335938 0.0477166 0.0011158
50 0.842969 0.541862 0.314063 0.356557 0.0011158
0 0.0395996 0.360363 0.0766602 0.0925058 0.00108147
13 0.1625 0.390222 0.0542969 0.04274 0.00107765
2 0.0773438 0.37178 0.110937 0.0901639 0.00107288
13 0.162305 0.382318 0.166406 0.0913349 0.00107288
13 0.052356 0.36856 0.0650147 0.0919204 0.00105667
64 0.447266 0.782201 0.08125 0.0796253 0.00104809
0 0.156543 0.372365 0.156836 0.0995316 0.00104809
13 0.194922 0.374122 0.0890625 0.0796253 0.00102043
60 0.507031 0.825527 0.982813 0.327869 0.00101662
1 0.156543 0.372365 0.156836 0.0995316 0.00100803
2 0.547656 0.81733 0.904688 0.344262 0.893066
15 0.513672 0.546546 0.461719 0.557962 0.835449
2 0.459375 0.68267 0.91875 0.615925 0.272705
2 0.0527832 0.365925 0.0647461 0.087822 0.028656
2 0.428125 0.834895 0.854688 0.306792 0.0282135
2 0.0443848 0.359778 0.0864258 0.104215 0.0237732
0 0.255469 0.342213 0.040625 0.0550351 0.0164032
0 0.109961 0.35363 0.0609375 0.133489 0.0160217
0 0.255859 0.363583 0.0617188 0.0913349 0.0154266
0 0.256641 0.358314 0.0453125 0.0761124 0.0153046
2 0.0330566 0.356557 0.0638672 0.0913349 0.0151901
0 0.123242 0.324356 0.0302734 0.0737705 0.01297
2 0.0737305 0.359485 0.145117 0.11007 0.011467
0 0.109277 0.374122 0.0625 0.100703 0.00952148
2 0.0278809 0.34192 0.0539063 0.0632318 0.00898743
7 0.507812 0.821429 0.98125 0.336066 0.00818634
9 0.197266 0.0989461 0.0257812 0.036007 0.00757599
2 0.0110352 0.305035 0.0212891 0.0480094 0.00703812
0 0.214453 0.369438 0.0476562 0.0690866 0.00511932
0 0.119336 0.373536 0.0863281 0.107728 0.00503922
0 0.235156 0.372951 0.0992187 0.0796253 0.00446701
0 0.122754 0.306499 0.0324219 0.0960187 0.00403976
2 0.0215088 0.347775 0.0413574 0.0661592 0.00378036
0 0.132129 0.354801 0.109961 0.132318 0.00346947
2 0.0156738 0.330796 0.0294922 0.0819672 0.00344276
13 0.15918 0.384075 0.065625 0.0515222 0.00333786
13 0.13418 0.374122 0.110937 0.0761124 0.00329781
49 0.770703 0.0504611 0.0335938 0.0477898 0.00324821
58 0.255859 0.363583 0.0617188 0.0913349 0.00324821
0 0.213086 0.359485 0.0449219 0.0491803 0.00296974
0 0.109766 0.329625 0.0570313 0.0819672 0.0028553
0 0.2125 0.387002 0.0523438 0.0661592 0.00259018
58 0.255469 0.348946 0.040625 0.0456674 0.00244331
60 0.476562 0.648712 0.95 0.680328 0.00243378
58 0.256641 0.358314 0.0453125 0.0761124 0.00240517
2 0.544141 0.615925 0.910156 0.552693 0.00212479
0 0.213086 0.353044 0.04375 0.0351288 0.00210762
0 0.104785 0.354801 0.0484375 0.0562061 0.00209999
2 0.107617 0.381733 0.0628906 0.0831382 0.00201988
56 0.195312 0.374122 0.0882813 0.0796253 0.00191879
0 0.213672 0.379391 0.0699219 0.0831382 0.00189686
2 0.189111 0.661592 0.377246 0.548009 0.00163555
15 0.562109 0.555035 0.755469 0.551522 0.00154305
3 0.0733398 0.362412 0.14082 0.113583 0.00152493
0 0.0517578 0.36534 0.0671875 0.0913349 0.0015192
13 0.1625 0.38993 0.0542969 0.04274 0.00151253
13 0.162109 0.381733 0.164844 0.0907494 0.00150108
0 0.0733398 0.362412 0.14082 0.113583 0.00148392
0 0.205908 0.373536 0.0647461 0.0784543 0.00146675
56 0.235156 0.372951 0.0992187 0.0796253 0.00144958
0 0.115625 0.315501 0.0464844 0.0914813 0.00144386
56 0.213672 0.357143 0.046875 0.0398126 0.00141621
71 0.476562 0.648712 0.95 0.680328 0.00135612
0 0.256641 0.377049 0.0617188 0.0679157 0.00133514
0 0.235547 0.386124 0.0992187 0.0661592 0.00133038
2 0.0297363 0.333138 0.0594727 0.0948478 0.0012598
2 0.0570801 0.344262 0.111621 0.12822 0.00123978
56 0.213086 0.375293 0.053125 0.0796253 0.0012207
58 0.0515137 0.364169 0.0641602 0.088993 0.00121593
56 0.257031 0.36534 0.0585938 0.086651 0.00120163
64 0.447266 0.782201 0.08125 0.0796253 0.00119686
1 0.0733398 0.362412 0.14082 0.113583 0.00118828
47 0.770703 0.0504611 0.0335938 0.0477898 0.00117397
50 0.842969 0.541569 0.3125 0.354801 0.0011692
13 0.163965 0.371194 0.0720703 0.0807962 0.00116062
13 0.0520508 0.36856 0.0654297 0.0919204 0.00115585
13 0.131445 0.368267 0.107813 0.107728 0.0011425
13 0.195312 0.374122 0.0882813 0.0796253 0.00112438
15 0.844727 0.521663 0.310547 0.345433 0.00109005
2 0.78457 0.550937 0.430859 0.384075 0.00102806
0 0.156055 0.372658 0.155078 0.0971897 0.00102425
58 0.131445 0.368267 0.107813 0.107728 0.00102043
0 0.107617 0.38993 0.0628906 0.0772834 0.00100422
2 0.546484 0.816745 0.907031 0.343091 0.901855
15 0.512598 0.545667 0.460742 0.555035 0.876465
2 0.459375 0.683255 0.91875 0.612412 0.375732
2 0.0523926 0.365925 0.0651367 0.087822 0.0212097
2 0.0449707 0.359778 0.087793 0.10363 0.016922
0 0.255273 0.343384 0.0402344 0.0526932 0.0127258
2 0.0332153 0.35685 0.0642334 0.0919204 0.0118256
0 0.109961 0.35363 0.0609375 0.13466 0.0118256
0 0.256641 0.358314 0.0453125 0.0749414 0.0112457
0 0.255664 0.363876 0.0621094 0.0913349 0.011116
0 0.123242 0.324356 0.0304688 0.0737705 0.01017
2 0.0744141 0.359485 0.146484 0.11007 0.00941467
9 0.197656 0.0987998 0.0257812 0.0357143 0.00854492
2 0.0278442 0.34192 0.0538818 0.0620609 0.0068779
0 0.25625 0.33548 0.04375 0.0696721 0.00582123
2 0.0110352 0.305035 0.0213867 0.0474239 0.00564194
7 0.508594 0.81733 0.979688 0.34192 0.00547028
0 0.10957 0.376464 0.0617188 0.0925058 0.00521851
0 0.214453 0.369438 0.0484375 0.0690866 0.00387001
0 0.122656 0.306279 0.0324219 0.0958724 0.00369263
0 0.120605 0.373536 0.0888672 0.108314 0.00366402
2 0.528516 0.595872 0.936719 0.590457 0.00342941
0 0.235156 0.372951 0.1 0.0796253 0.00331116
58 0.255664 0.363876 0.0621094 0.0913349 0.00317192
49 0.770703 0.0503513 0.0335938 0.0477166 0.00302696
2 0.0279175 0.330796 0.0545166 0.087822 0.00300407
13 0.13418 0.374122 0.111328 0.0766979 0.00282288
2 0.0212891 0.348653 0.040918 0.0673302 0.00277901
13 0.158496 0.383489 0.0669922 0.0526932 0.00269318
2 0.0156738 0.331382 0.0295898 0.0807962 0.00261116
0 0.213086 0.359778 0.0453125 0.0503513 0.00245285
60 0.476172 0.655152 0.949219 0.665105 0.00240517
2 0.189014 0.658226 0.37666 0.540691 0.00234222
0 0.132715 0.354801 0.111133 0.131148 0.00233269
58 0.255469 0.348946 0.040625 0.0456674 0.00216484
58 0.256641 0.358314 0.0453125 0.0749414 0.00215721
0 0.109766 0.32904 0.0570313 0.0819672 0.00214005
71 0.476172 0.655152 0.949219 0.665105 0.00212479
0 0.10957 0.343677 0.0585938 0.088993 0.00201035
0 0.2125 0.387881 0.0523438 0.0638173 0.00192642
0 0.213281 0.353044 0.04375 0.0339578 0.00168133
2 0.425 0.840749 0.85 0.290398 0.0016613
2 0.107617 0.381733 0.0632813 0.0843091 0.0016489
56 0.194922 0.374122 0.0898438 0.0796253 0.00162315
50 0.841992 0.539813 0.312891 0.351288 0.00160408
0 0.104883 0.356557 0.0488281 0.059719 0.00158501
0 0.212891 0.379684 0.0710938 0.0837236 0.00153065
13 0.163086 0.373829 0.160156 0.0872365 0.00139904
15 0.844922 0.520784 0.310156 0.346019 0.00124454
0 0.11543 0.315281 0.046875 0.0919204 0.00119686
13 0.162305 0.38993 0.0542969 0.04274 0.00118828
2 0.752344 0.548888 0.49375 0.381148 0.00118828
0 0.0736816 0.362412 0.141699 0.112998 0.0011425
56 0.235156 0.372951 0.1 0.0796253 0.00113392
0 0.0513794 0.36534 0.0679443 0.0925058 0.00112057
56 0.213672 0.357143 0.046875 0.0398126 0.0011158
60 0.508594 0.81733 0.979688 0.34192 0.00106049
64 0.447266 0.782201 0.08125 0.0796253 0.00104809
69 0.476172 0.655152 0.949219 0.665105 0.00103188
3 0.0736816 0.362412 0.141699 0.112998 0.00102806
58 0.131836 0.368852 0.108203 0.107728 0.00102425
58 0.0511719 0.364169 0.0648438 0.088993 0.00101185
47 0.770703 0.0503513 0.0335938 0.0477166 0.00100803
2 0.544531 0.814988 0.910937 0.344262 0.896484
15 0.513184 0.54618 0.461133 0.554011 0.884766
2 0.458594 0.682084 0.917188 0.612412 0.294922
2 0.0522949 0.365925 0.065332 0.088993 0.0138474
2 0.0379883 0.358314 0.0739258 0.0936768 0.0109482
0 0.255469 0.345726 0.0398437 0.0474239 0.00854492
0 0.109961 0.353923 0.0609375 0.134075 0.00821686
0 0.256641 0.358607 0.0445313 0.073185 0.00748825
0 0.255664 0.364754 0.0625 0.0895784 0.00725937
0 0.123047 0.324356 0.0308594 0.073185 0.00714874
2 0.0748047 0.359485 0.146875 0.111241 0.0069046
9 0.197656 0.0987998 0.0257812 0.0352752 0.00658798
0 0.109277 0.374122 0.0619141 0.101874 0.00524139
2 0.0279175 0.342506 0.0539307 0.0620609 0.00486755
2 0.525 0.608314 0.946875 0.624122 0.0045929
0 0.255078 0.33548 0.0414063 0.0702576 0.00445175
2 0.011084 0.305035 0.0212891 0.0468384 0.00403976
58 0.255664 0.364754 0.0625 0.0895784 0.00344276
7 0.508984 0.815574 0.982031 0.343091 0.00305176
0 0.122656 0.306206 0.0324219 0.0948478 0.00275803
13 0.134277 0.374707 0.111914 0.0761124 0.0026722
13 0.158203 0.384368 0.0675781 0.0515222 0.00265312
0 0.214844 0.369731 0.0484375 0.0690866 0.00264168
0 0.132031 0.369731 0.108203 0.105386 0.00253105
0 0.235352 0.373244 0.0996094 0.0796253 0.00228691
58 0.255469 0.348946 0.040625 0.0444965 0.00226021
58 0.256641 0.358607 0.0445313 0.073185 0.00223351
2 0.0280396 0.330796 0.0548584 0.088993 0.00221634
60 0.474219 0.646224 0.945312 0.67945 0.00206757
71 0.474219 0.646224 0.945312 0.67945 0.00200272
49 0.771094 0.0503879 0.0328125 0.0476434 0.00187492
2 0.0208496 0.349824 0.0400391 0.0685012 0.00184631
2 0.0160645 0.331967 0.0301758 0.0796253 0.0018034
0 0.212891 0.359778 0.0453125 0.0491803 0.00176144
2 0.189453 0.655152 0.377344 0.535129 0.00172043
50 0.842969 0.53952 0.3125 0.350703 0.00156116
0 0.109668 0.329625 0.0574219 0.0831382 0.00148964
56 0.194922 0.374122 0.0898438 0.0796253 0.00148964
0 0.212305 0.388759 0.0523438 0.0620609 0.00146103
0 0.109473 0.34719 0.0587891 0.0936768 0.00138855
13 0.165234 0.374122 0.163672 0.0854801 0.00133514
13 0.162207 0.38993 0.0544922 0.0421546 0.00124931
60 0.508984 0.815574 0.982031 0.343091 0.00123024
2 0.107617 0.381733 0.0628906 0.0843091 0.0012064
0 0.213281 0.353044 0.04375 0.0339578 0.00120163
63 0.474219 0.646224 0.945312 0.67945 0.00119209
71 0.508594 0.810304 0.979688 0.351288 0.00118828
0 0.105078 0.359192 0.0492188 0.0644028 0.00117397
15 0.844531 0.520492 0.310937 0.346604 0.0011692
69 0.474219 0.646224 0.945312 0.67945 0.00116062
0 0.213086 0.379977 0.0722656 0.0831382 0.00102425
2 0.425 0.840749 0.85 0.288056 0.00102425
56 0.235352 0.373244 0.0996094 0.0796253 0.00102043
56 0.213477 0.357143 0.046875 0.0398126 0.00101662
15 0.514453 0.546253 0.460156 0.555035 0.891602
2 0.54375 0.815574 0.9125 0.34192 0.867188
2 0.457031 0.678571 0.914062 0.615925 0.172729
2 0.534375 0.745902 0.929688 0.482436 0.0235138
2 0.0518555 0.366511 0.0667969 0.0901639 0.0131683
2 0.0385254 0.358899 0.075293 0.0936768 0.0101318
2 0.0753662 0.359192 0.148096 0.112412 0.00706482
0 0.109863 0.353923 0.0607422 0.135246 0.00677109
2 0.0442871 0.351288 0.0866211 0.117096 0.00609589
0 0.123047 0.324356 0.03125 0.0737705 0.005867
0 0.255469 0.346604 0.0398437 0.0462529 0.00579834
9 0.197656 0.0989461 0.0257812 0.0351288 0.00559998
0 0.256836 0.358899 0.0445313 0.0725995 0.00479126
0 0.255469 0.36534 0.0636719 0.088993 0.00475693
2 0.0282227 0.343091 0.0547852 0.0620609 0.00413513
58 0.255469 0.36534 0.0636719 0.088993 0.00397491
2 0.427734 0.830211 0.853906 0.309133 0.00367928
2 0.011084 0.305035 0.0214844 0.0468384 0.00358009
0 0.255078 0.33548 0.0414063 0.0708431 0.00311089
0 0.109375 0.376464 0.0621094 0.0936768 0.0029583
0 0.122656 0.306206 0.0326172 0.0948478 0.00266266
13 0.134375 0.374707 0.1125 0.0772834 0.00263214
13 0.156738 0.384075 0.0712891 0.0532787 0.00253105
58 0.255469 0.349532 0.0402344 0.0433255 0.00250244
13 0.162988 0.387588 0.0595703 0.045082 0.00250244
58 0.256836 0.358899 0.0445313 0.0725995 0.00246239
0 0.132422 0.368852 0.108984 0.107728 0.00229645
71 0.447656 0.673302 0.89375 0.631148 0.00206757
2 0.0283203 0.330796 0.0554687 0.0895784 0.00198746
60 0.470703 0.637002 0.936719 0.696721 0.00186062
0 0.214844 0.370316 0.0488281 0.0708431 0.00164223
63 0.470703 0.637002 0.936719 0.696721 0.00157928
2 0.0213379 0.350703 0.0411133 0.0714286 0.00150681
49 0.771094 0.0503147 0.034375 0.0493999 0.0014782
0 0.235547 0.373536 0.1 0.0796253 0.00146103
2 0.0164063 0.332553 0.0310547 0.0796253 0.00143242
71 0.508594 0.808548 0.982813 0.352459 0.00143242
2 0.189648 0.641101 0.376953 0.518735 0.00142097
56 0.194531 0.374415 0.0902344 0.0802108 0.00141048
50 0.841992 0.538934 0.312891 0.353044 0.00141048
7 0.507812 0.807962 0.982813 0.351288 0.00141048
13 0.167969 0.373536 0.170313 0.086651 0.00138283
15 0.844531 0.519614 0.310937 0.349532 0.00130463
60 0.507812 0.807962 0.982813 0.351288 0.00130463
0 0.213086 0.360363 0.0453125 0.0503513 0.00124931
69 0.470703 0.637002 0.936719 0.696721 0.0011692
0 0.109668 0.32904 0.0576172 0.0843091 0.00113392
56 0.213477 0.357436 0.046875 0.0403981 0.00111198
2 0.108203 0.381733 0.0617188 0.0860656 0.00105286
56 0.235547 0.373536 0.1 0.0796253 0.00104046
15 0.514844 0.546253 0.459375 0.557377 0.904785
2 0.54375 0.815574 0.9125 0.340749 0.85498
2 0.457031 0.682816 0.9125 0.606265 0.117554
2 0.0514648 0.366511 0.0681641 0.0913349 0.0126266
2 0.0508301 0.359485 0.099707 0.106557 0.0100555
2 0.0391113 0.358899 0.0764648 0.0948478 0.00955963
2 0.0755859 0.358899 0.148633 0.114754 0.0078125
0 0.109961 0.354215 0.0609375 0.137002 0.00695801
0 0.122852 0.324649 0.0316406 0.0761124 0.00544739
0 0.255469 0.346311 0.040625 0.0485948 0.00502014
0 0.255078 0.365632 0.0648438 0.0895784 0.00446701
0 0.257227 0.361827 0.0453125 0.0796253 0.00419998
58 0.255078 0.365632 0.0648438 0.0895784 0.00405502
9 0.197656 0.0989461 0.0257812 0.0352752 0.00363541
2 0.0285645 0.343091 0.0554687 0.0638173 0.00332451
0 0.10957 0.374707 0.0625 0.0977752 0.003088
2 0.0111328 0.305328 0.0214844 0.0474239 0.00299263
0 0.255078 0.33548 0.0414063 0.0714286 0.00286674
0 0.122656 0.306206 0.0326172 0.0954333 0.0027256
0 0.132617 0.367681 0.108984 0.112412 0.00259018
2 0.428516 0.831382 0.855469 0.306792 0.00256157
13 0.134473 0.374122 0.113086 0.0796253 0.0024147
58 0.255469 0.349532 0.040625 0.0444965 0.00236893
58 0.257227 0.361827 0.0453125 0.0796253 0.00234985
13 0.154883 0.382318 0.0761719 0.057377 0.00229645
13 0.163086 0.387002 0.0605469 0.0468384 0.00224304
71 0.447266 0.667301 0.892969 0.641979 0.00222588
60 0.467578 0.628659 0.930469 0.712237 0.00195694
63 0.467578 0.628659 0.930469 0.712237 0.0017271
2 0.0286133 0.330796 0.055957 0.0913349 0.00171375
0 0.215234 0.371194 0.05 0.0737705 0.00154305
0 0.235547 0.373536 0.1 0.0807962 0.00150681
71 0.508203 0.808548 0.983594 0.351288 0.0014782
13 0.169922 0.373829 0.173438 0.087822 0.00139904
56 0.194141 0.374707 0.0914062 0.0807962 0.00133514
2 0.0219482 0.35363 0.0424316 0.0772834 0.00118828
69 0.467578 0.628659 0.930469 0.712237 0.0011692
60 0.508203 0.808548 0.983594 0.351288 0.00116062
0 0.213086 0.36329 0.0457031 0.0562061 0.00114727
2 0.189648 0.639198 0.376953 0.517857 0.00111198
2 0.0164795 0.331967 0.0311035 0.0807962 0.00109863
0 0.109668 0.32904 0.0580078 0.086651 0.00104427
49 0.771094 0.0503879 0.034375 0.0496926 0.00103188
56 0.235547 0.373536 0.1 0.0807962 0.00102806
15 0.515527 0.54596 0.458008 0.560304 0.91748
2 0.546484 0.816159 0.905469 0.34192 0.851074
2 0.453516 0.648126 0.905469 0.67096 0.0742188
2 0.0509644 0.367096 0.069751 0.0942623 0.0130692
2 0.0518066 0.360363 0.101855 0.110656 0.0107803
2 0.0396484 0.358899 0.0773438 0.0971897 0.00919342
2 0.0726563 0.36534 0.141992 0.107728 0.008255
0 0.109863 0.35363 0.0607422 0.138173 0.00658798
2 0.571875 0.71209 0.854688 0.554742 0.00595856
0 0.122559 0.325527 0.0322266 0.0807962 0.00484848
58 0.254492 0.365925 0.0664062 0.0901639 0.00441742
0 0.254492 0.365925 0.0664062 0.0901639 0.00342941
0 0.255859 0.346604 0.040625 0.0515222 0.00333786
0 0.257812 0.364754 0.046875 0.086651 0.00284576
2 0.0323364 0.346019 0.0630615 0.0761124 0.0027256
9 0.197656 0.0989461 0.0253906 0.0354215 0.00268364
0 0.122656 0.306133 0.0324219 0.0961651 0.00266266
0 0.13291 0.366511 0.10918 0.115925 0.00261116
0 0.109375 0.379391 0.0636719 0.0948478 0.00255013
2 0.0111328 0.305621 0.0212891 0.0480094 0.00243378
0 0.113867 0.36534 0.0742188 0.113583 0.00234985
58 0.257812 0.364754 0.046875 0.086651 0.00230598
13 0.134473 0.373536 0.113086 0.0831382 0.00227928
58 0.255859 0.351288 0.0414063 0.0491803 0.00226021
0 0.120703 0.339578 0.0363281 0.11007 0.00217438
13 0.15293 0.38144 0.0804688 0.0620609 0.00214958
13 0.163086 0.386417 0.0613281 0.0503513 0.00214958
0 0.255078 0.33548 0.0414063 0.0725995 0.00209999
60 0.444922 0.651639 0.888281 0.67096 0.00201035
71 0.444922 0.651639 0.888281 0.67096 0.00188923
2 0.427734 0.831967 0.853906 0.307963 0.00162315
2 0.0765869 0.343384 0.149951 0.142272 0.00150681
2 0.0289185 0.330211 0.0564209 0.0936768 0.00143242
71 0.507812 0.809133 0.984375 0.351288 0.00133514
0 0.235547 0.374122 0.1 0.0831382 0.00130463
3 0.460156 0.619438 0.914062 0.730679 0.00130463
63 0.460156 0.619438 0.914062 0.730679 0.00129414
13 0.171484 0.374707 0.175781 0.088993 0.00125504
0 0.2125 0.376756 0.053125 0.0825527 0.00124454
8 0.507812 0.809133 0.984375 0.351288 0.00122547
56 0.193555 0.375293 0.0925781 0.0831382 0.00116062
69 0.460156 0.619438 0.914062 0.730679 0.0011425
58 0.244531 0.362119 0.084375 0.0989461 0.00113392
60 0.507812 0.809133 0.984375 0.351288 0.00106049
15 0.516016 0.545667 0.457813 0.56089 0.932617
2 0.548438 0.812646 0.901563 0.346604 0.884766
2 0.450781 0.647395 0.898438 0.670082 0.0651245
2 0.0504883 0.367096 0.0705078 0.0954333 0.00912476
2 0.0581055 0.359485 0.114258 0.114169 0.00695801
2 0.0396362 0.358899 0.0767822 0.0971897 0.00631332
0 0.113477 0.350703 0.0667969 0.138173 0.00462723
2 0.0741211 0.355386 0.144336 0.129977 0.0042305
2 0.0453613 0.349532 0.0889648 0.13466 0.00332451
0 0.109375 0.371194 0.0609375 0.111241 0.00322342
0 0.121777 0.327283 0.0337891 0.0848946 0.00314713
71 0.441406 0.644614 0.88125 0.68267 0.00257111
0 0.123047 0.316086 0.0296875 0.0821136 0.00248146
0 0.132812 0.367681 0.108594 0.114754 0.00208282
0 0.25293 0.366803 0.0695313 0.0884075 0.00194168
58 0.25293 0.366803 0.0695313 0.0884075 0.00194168
60 0.441406 0.644614 0.88125 0.68267 0.00192642
2 0.0320801 0.34719 0.0624023 0.0784543 0.00182438
0 0.255078 0.348946 0.0414063 0.0515222 0.00176144
8 0.541406 0.803279 0.915625 0.364169 0.00174809
3 0.450781 0.616511 0.896875 0.734192 0.00158501
0 0.257812 0.36534 0.046875 0.0854801 0.00157928
2 0.0111328 0.305621 0.0209961 0.0480094 0.00157356
9 0.197656 0.0987998 0.025 0.0351288 0.00143814
63 0.450781 0.616511 0.896875 0.734192 0.00138855
2 0.574219 0.742389 0.85 0.491803 0.00138855
71 0.507422 0.809133 0.985156 0.35363 0.00135612
0 0.117285 0.344555 0.0435547 0.121194 0.00135136
69 0.450781 0.616511 0.896875 0.734192 0.00123501
13 0.134375 0.373829 0.112891 0.0831382 0.00117397
0 0.0820312 0.353923 0.135742 0.134075 0.00115108
0 0.254883 0.33548 0.0417969 0.0725995 0.00103188
13 0.163086 0.386417 0.0613281 0.0503513 0.00103188
13 0.152344 0.381148 0.08125 0.0620609 0.00102806
15 0.516016 0.54596 0.458594 0.561475 0.934082
2 0.549219 0.812646 0.9 0.348946 0.893066
2 0.45 0.648126 0.896875 0.668618 0.0583496
2 0.0505371 0.367096 0.0704102 0.0948478 0.00772476
2 0.060498 0.358899 0.119043 0.115925 0.00561905
2 0.0397949 0.359192 0.0768555 0.0966042 0.00516129
0 0.114258 0.350703 0.0685547 0.138173 0.00391388
0 0.109375 0.373536 0.0609375 0.106557 0.0027256
71 0.440625 0.644614 0.878125 0.68267 0.00263214
0 0.121289 0.327869 0.0349609 0.086651 0.00261116
2 0.0456055 0.348653 0.0894531 0.136417 0.00253105
8 0.543359 0.803279 0.911719 0.36534 0.00201035
0 0.123047 0.315867 0.0296875 0.0831382 0.00191879
2 0.0820312 0.368267 0.160938 0.119438 0.00186062
0 0.132812 0.369145 0.108594 0.111827 0.00181007
60 0.440625 0.644614 0.878125 0.68267 0.0017271
63 0.448047 0.615925 0.891406 0.735363 0.00153637
2 0.0321411 0.347482 0.0624756 0.0796253 0.0014782
0 0.251953 0.367096 0.0714844 0.0872365 0.00144386
3 0.448047 0.615925 0.891406 0.735363 0.00138855
58 0.251953 0.367096 0.0714844 0.0872365 0.00137234
0 0.255078 0.349532 0.0414063 0.0503513 0.00131512
2 0.011084 0.305328 0.0209961 0.0474239 0.00129414
9 0.197656 0.0987998 0.025 0.0351288 0.00124454
0 0.257812 0.365632 0.046875 0.0837236 0.00113773
69 0.448047 0.615925 0.891406 0.735363 0.00112438
71 0.507031 0.809133 0.985938 0.354801 0.0011158
0 0.11543 0.34514 0.0472656 0.122365 0.0011034
0 0.0781006 0.353337 0.145361 0.135831 0.00103188
15 0.516016 0.547131 0.458594 0.561475 0.922363
2 0.550391 0.813232 0.899219 0.347775 0.904785
2 0.449219 0.654567 0.895312 0.655738 0.0726318
2 0.0500122 0.366803 0.0718506 0.0942623 0.00751877
2 0.0632324 0.36534 0.124121 0.105972 0.0055542
2 0.0405762 0.359192 0.0782227 0.0960187 0.00475693
71 0.441016 0.650907 0.880469 0.66774 0.00301552
0 0.116211 0.351288 0.0726563 0.137588 0.00291252
2 0.0458862 0.347775 0.0898682 0.139344 0.00228691
2 0.0829102 0.367974 0.163086 0.118852 0.00219154
8 0.544922 0.803864 0.910156 0.364169 0.00208282
60 0.422656 0.607143 0.839063 0.752927 0.00206757
0 0.119922 0.32904 0.0378906 0.088993 0.00199509
0 0.10957 0.374122 0.0609375 0.103044 0.00176811
3 0.446875 0.621194 0.890625 0.724824 0.00154877
0 0.122461 0.318208 0.03125 0.0807962 0.00150108
63 0.446875 0.621194 0.890625 0.724824 0.00134563
0 0.133398 0.370023 0.109375 0.108899 0.00126934
2 0.032373 0.34719 0.062793 0.0807962 0.00122547
69 0.446875 0.621194 0.890625 0.724824 0.00121593
2 0.0111816 0.305621 0.0210938 0.0468384 0.00115108
9 0.197656 0.0987998 0.025 0.0349824 0.00100803
2 0.552344 0.814403 0.895312 0.345433 0.908203
15 0.516016 0.547717 0.459375 0.562646 0.903809
2 0.447656 0.659104 0.89375 0.646663 0.0734253
2 0.0428711 0.363583 0.0826172 0.0960187 0.00698471
2 0.0649414 0.365632 0.127539 0.106557 0.00439835
71 0.441016 0.654713 0.880469 0.660129 0.00317192
0 0.119336 0.352166 0.0789063 0.136417 0.00233269
8 0.546875 0.805621 0.90625 0.360656 0.00206757
60 0.425 0.607728 0.845313 0.750585 0.00193405
2 0.0845703 0.368267 0.166797 0.120023 0.0018177
0 0.118555 0.330503 0.040625 0.0907494 0.00163555
2 0.0458984 0.34719 0.0898438 0.140515 0.00163555
3 0.444922 0.625293 0.886719 0.716628 0.00149536
63 0.444922 0.625293 0.886719 0.716628 0.00130463
0 0.109668 0.375878 0.0609375 0.0995316 0.0012598
2 0.0519043 0.371487 0.0663086 0.0913349 0.00124454
0 0.469531 0.461944 0.923438 0.913349 0.00123024
0 0.122266 0.319087 0.03125 0.0796253 0.00119686
69 0.444922 0.625293 0.886719 0.716628 0.0011692
9 0.197656 0.0987998 0.025 0.0348361 0.00105667
7 0.507422 0.810304 0.985156 0.35363 0.00104046
2 0.553125 0.814988 0.89375 0.344262 0.92041
15 0.515625 0.547424 0.460156 0.562061 0.891113
2 0.445703 0.676961 0.889844 0.620316 0.0797729
2 0.0429688 0.363876 0.0820312 0.0954333 0.00486755
2 0.0663574 0.36534 0.130176 0.108899 0.00259018
2 0.5375 0.592359 0.920313 0.65603 0.00239754
71 0.440234 0.659251 0.878906 0.651054 0.00227928
0 0.120898 0.35363 0.0820312 0.134075 0.00202751
0 0.467969 0.466335 0.920313 0.93267 0.00176811
8 0.548047 0.806792 0.903906 0.360656 0.00176144
60 0.420703 0.61007 0.838281 0.747073 0.00151253
3 0.442188 0.627049 0.882812 0.713115 0.00148392
0 0.117383 0.331967 0.0429688 0.0895784 0.00140476
7 0.507422 0.810304 0.985156 0.35363 0.00126457
69 0.442188 0.627049 0.882812 0.713115 0.0012207
0 0.109766 0.377342 0.0609375 0.0966042 0.00117874
2 0.0520508 0.372365 0.0662109 0.0895784 0.00107288
2 0.553906 0.814988 0.892188 0.344262 0.92627
15 0.515625 0.546546 0.4625 0.560304 0.881836
2 0.445703 0.666276 0.889844 0.632318 0.0734253
2 0.0430176 0.363583 0.0819336 0.0948478 0.00468063
2 0.066748 0.364754 0.130957 0.110656 0.00269318
0 0.120898 0.353337 0.0820312 0.13466 0.00235939
2 0.542188 0.59192 0.910937 0.649883 0.00230598
8 0.548438 0.807377 0.903125 0.357143 0.00161076
0 0.117676 0.331382 0.0421875 0.0884075 0.0015974
0 0.466016 0.462237 0.917969 0.924473 0.00153637
7 0.521875 0.811475 0.95625 0.348946 0.00146675
71 0.439844 0.662763 0.878125 0.642857 0.00141621
3 0.442578 0.632318 0.883594 0.702576 0.00138855
60 0.421875 0.613583 0.840625 0.737705 0.00136662
0 0.109766 0.376171 0.0613281 0.0989461 0.00127411
2 0.0473145 0.346897 0.0926758 0.142857 0.00116539
0 0.12207 0.320258 0.0314453 0.0761124 0.00112438
69 0.442578 0.632318 0.883594 0.702576 0.00109863
9 0.197656 0.0987998 0.025 0.0351288 0.00106907
2 0.551953 0.814988 0.896094 0.343091 0.932617
15 0.515625 0.54596 0.463281 0.557962 0.867188
2 0.439844 0.631148 0.879687 0.704918 0.0685425
2 0.449219 0.78103 0.896875 0.407494 0.00482941
2 0.0432129 0.363583 0.081543 0.0948478 0.00300407
0 0.122266 0.35363 0.0851563 0.133489 0.00219917
0 0.110156 0.356265 0.0613281 0.133489 0.00195694
2 0.067334 0.364461 0.131934 0.111827 0.00186729
7 0.521484 0.812646 0.957031 0.348946 0.00174809
8 0.546875 0.809133 0.90625 0.35363 0.00148964
0 0.117383 0.331967 0.0429688 0.087822 0.00147247
0 0.462891 0.454625 0.911719 0.909251 0.00127411
3 0.439844 0.631148 0.879687 0.704918 0.00119686
0 0.109766 0.376756 0.0617188 0.0977752 0.00115108
60 0.416016 0.609485 0.830469 0.74356 0.00115108
9 0.197656 0.0987998 0.025 0.0352752 0.00111198
71 0.416016 0.609485 0.830469 0.74356 0.00108147
0 0.12207 0.320843 0.0316406 0.0749414 0.00101185
2 0.549609 0.816159 0.900781 0.340749 0.941895
15 0.514746 0.544789 0.462695 0.555621 0.85791
2 0.439063 0.628806 0.878125 0.709602 0.069519
2 0.0433716 0.363583 0.0812256 0.0936768 0.00292397
0 0.119727 0.353337 0.0796875 0.132318 0.00251198
7 0.519531 0.814403 0.959375 0.345433 0.00221634
2 0.067041 0.364754 0.131348 0.108899 0.00176144
0 0.11875 0.329625 0.0394531 0.0819672 0.0017271
9 0.197461 0.0988729 0.0253906 0.0355679 0.00151253
8 0.544922 0.81089 0.910156 0.350117 0.00134563
0 0.109668 0.376464 0.0619141 0.0971897 0.00130463
0 0.12207 0.320843 0.03125 0.0725995 0.00122547
3 0.439063 0.628806 0.878125 0.709602 0.00110722
2 0.544922 0.81733 0.910156 0.337237 0.946289
15 0.513672 0.543911 0.461719 0.553864 0.852051
2 0.435937 0.627635 0.871875 0.710773 0.062561
2 0.439844 0.740047 0.879687 0.490632 0.0078125
7 0.517188 0.815574 0.9625 0.340749 0.00250244
0 0.120117 0.354215 0.0804688 0.129977 0.00201035
2 0.04375 0.363876 0.0804688 0.0936768 0.00199509
9 0.197266 0.0989461 0.0257812 0.0358607 0.0015192
0 0.118555 0.329625 0.0398437 0.0784543 0.00145531
8 0.540625 0.812061 0.91875 0.345433 0.00120163
2 0.0670898 0.36534 0.131445 0.108899 0.00115108
0 0.10957 0.37822 0.0621094 0.0936768 0.00109005
0 0.122168 0.321429 0.0310547 0.0708431 0.00102806
2 0.539062 0.81733 0.921875 0.334895 0.949707
15 0.51416 0.545375 0.460742 0.552108 0.851074
2 0.432422 0.638759 0.864844 0.687354 0.0600891
2 0.437891 0.753513 0.874219 0.462529 0.0077858
7 0.514844 0.816159 0.967188 0.339578 0.00245285
0 0.109961 0.358899 0.0617188 0.125293 0.00193405
9 0.197266 0.0990925 0.0257812 0.0362998 0.0018177
2 0.0519409 0.367681 0.0677979 0.088993 0.00153637
0 0.119043 0.32904 0.0384766 0.0737705 0.00132465
0 0.10957 0.379977 0.0617188 0.0901639 0.00113392
2 0.534375 0.817916 0.93125 0.334895 0.950195
15 0.51416 0.54457 0.45918 0.551376 0.85791
2 0.429688 0.64637 0.859375 0.672131 0.0531921
2 0.436328 0.77459 0.871094 0.420375 0.00584412
7 0.510938 0.816159 0.978125 0.339578 0.00230598
9 0.197266 0.0991657 0.0257812 0.0364461 0.00183868
0 0.109961 0.362705 0.0613281 0.116511 0.00164223
2 0.0523438 0.368267 0.0667969 0.0884075 0.00124931
0 0.120801 0.357143 0.0814453 0.120609 0.00124454
0 0.109473 0.380562 0.0617188 0.0872365 0.00115585
0 0.119043 0.32904 0.0380859 0.0690866 0.00105286
2 0.53125 0.81733 0.935938 0.334895 0.944336
15 0.51416 0.543984 0.45918 0.551376 0.866211
2 0.428906 0.652225 0.857813 0.660421 0.0476074
2 0.436328 0.773419 0.871094 0.422717 0.00526047
7 0.510156 0.816745 0.976562 0.340749 0.0037365
9 0.197266 0.0992389 0.0257812 0.0365925 0.0019722
0 0.109961 0.367096 0.0613281 0.106557 0.00155449
0 0.108496 0.382318 0.0615234 0.0825527 0.00128937
0 0.120898 0.357728 0.0816406 0.118267 0.00109482
2 0.0523438 0.368852 0.0666016 0.087822 0.00104809
2 0.525781 0.81733 0.946875 0.334895 0.935059
15 0.514063 0.544204 0.460156 0.552108 0.872559
2 0.432031 0.661739 0.864062 0.643735 0.0486755
7 0.509766 0.814403 0.977344 0.344262 0.00407028
9 0.197266 0.0992389 0.0257812 0.0362998 0.00166798
0 0.109766 0.367681 0.0617188 0.104215 0.00131989
2 0.0522339 0.368852 0.0670166 0.087822 0.00104046
2 0.522656 0.816745 0.953125 0.334895 0.925781
15 0.514063 0.543984 0.461719 0.553718 0.873047
2 0.433594 0.660421 0.867188 0.645199 0.0427246
7 0.508594 0.811475 0.979688 0.351288 0.00379562
9 0.197266 0.0992389 0.0257812 0.036007 0.00149536
16 0.5125 0.547936 0.4625 0.557523 0.00101662
2 0.521094 0.816159 0.95625 0.334895 0.92041
15 0.513281 0.543911 0.464063 0.558548 0.872559
2 0.448047 0.758197 0.896094 0.453162 0.0643921
2 0.436719 0.651639 0.873438 0.662763 0.0401001
7 0.507031 0.807962 0.979688 0.355972 0.00365067
16 0.5125 0.548302 0.464063 0.559133 0.00119686
2 0.522656 0.816159 0.953125 0.337237 0.913086
15 0.513672 0.543984 0.465625 0.559573 0.867188
2 0.451562 0.710187 0.903125 0.550351 0.189575
7 0.505859 0.806792 0.982031 0.360656 0.0037365
16 0.512891 0.548083 0.464844 0.560744 0.00125504
9 0.197266 0.0992389 0.0257812 0.0357143 0.00107288
0 0.513281 0.543838 0.4625 0.555182 0.00104809
2 0.50625 0.813232 0.978125 0.343091 0.915527
15 0.514063 0.544423 0.467187 0.559865 0.868164
2 0.453906 0.694233 0.907813 0.583431 0.204956
7 0.504297 0.806206 0.983594 0.361827 0.00383949
16 0.513281 0.548009 0.465625 0.56089 0.00136662
0 0.454688 0.43911 0.898438 0.87822 0.00112438
2 0.507031 0.813817 0.976562 0.34192 0.91748
15 0.514453 0.544789 0.467969 0.560304 0.878418
2 0.455469 0.692623 0.909375 0.586651 0.248657
7 0.504297 0.809133 0.983594 0.358314 0.00399017
0 0.457031 0.441159 0.901563 0.882318 0.00192642
16 0.513184 0.547936 0.46582 0.561036 0.00143814
2 0.507422 0.813817 0.975781 0.34192 0.917969
15 0.514453 0.54596 0.467187 0.561475 0.88623
2 0.45625 0.698039 0.9125 0.57582 0.251709
7 0.504687 0.81089 0.98125 0.352459 0.00443268
0 0.460938 0.443501 0.909375 0.887002 0.00291252
16 0.513672 0.548083 0.465625 0.561915 0.00139427
0 0.513281 0.544423 0.464844 0.557523 0.00108147
2 0.507422 0.814988 0.975781 0.34192 0.918457
15 0.514844 0.546253 0.467187 0.56089 0.896484
2 0.458984 0.701405 0.916406 0.569087 0.222046
0 0.464844 0.445843 0.920313 0.891686 0.00460815
7 0.504297 0.811475 0.982031 0.350117 0.00453949
2 0.436328 0.589578 0.871094 0.790398 0.00185299
16 0.513965 0.548302 0.46582 0.561475 0.00152493
57 0.467969 0.423888 0.925 0.845433 0.00135136
2 0.507812 0.814988 0.975 0.339578 0.921387
15 0.515234 0.546253 0.466406 0.56089 0.911133
2 0.459766 0.712529 0.917969 0.546838 0.195557
0 0.463672 0.447892 0.916406 0.895784 0.00579834
7 0.504687 0.813232 0.98125 0.346604 0.00479126
2 0.433984 0.587237 0.866406 0.796253 0.00186729
57 0.467187 0.424473 0.921875 0.846604 0.0015974
16 0.514063 0.548083 0.465625 0.561915 0.00156116
13 0.467187 0.424473 0.921875 0.846604 0.00107765
15 0.515625 0.544789 0.465625 0.559133 0.920898
2 0.508594 0.816159 0.971875 0.339578 0.916016
2 0.460547 0.75 0.919531 0.471897 0.0755615
2 0.453125 0.650029 0.904688 0.669496 0.0630493
7 0.505469 0.813817 0.979688 0.344262 0.0055542
0 0.461328 0.4476 0.911719 0.895199 0.00536346
16 0.513672 0.548522 0.464844 0.562207 0.00158501
57 0.465625 0.423888 0.91875 0.845433 0.00139904
13 0.465625 0.423888 0.91875 0.845433 0.00106907
15 0.513672 0.547131 0.4625 0.560304 0.924316
2 0.508203 0.816159 0.971094 0.339578 0.917969
2 0.450781 0.649883 0.901563 0.668618 0.0526123
7 0.505469 0.815574 0.979688 0.343091 0.00568771
0 0.458594 0.446721 0.904688 0.893443 0.00502014
16 0.513672 0.548668 0.464844 0.563085 0.00156116
57 0.464063 0.423595 0.914062 0.843677 0.0011692
15 0.513672 0.547131 0.4625 0.560304 0.921387
2 0.507812 0.816159 0.971875 0.337237 0.914062
2 0.448438 0.651639 0.896875 0.663934 0.032959
7 0.50625 0.816745 0.979688 0.340749 0.00643921
0 0.451953 0.443794 0.888281 0.887588 0.00279999
16 0.513281 0.544789 0.465625 0.556792 0.00153637
5 0.50625 0.816745 0.979688 0.340749 0.00109005
0 0.513281 0.544789 0.465625 0.556792 0.00104809
15 0.513184 0.547131 0.462695 0.560304 0.923828
2 0.508203 0.816745 0.972656 0.338407 0.905762
2 0.446875 0.661007 0.89375 0.645199 0.018692
7 0.50625 0.81733 0.98125 0.339578 0.00682449
0 0.447266 0.43911 0.875781 0.87822 0.00165462
16 0.512891 0.544789 0.466406 0.556792 0.00143814
5 0.50625 0.81733 0.98125 0.339578 0.00118828
0 0.512891 0.544789 0.466406 0.556792 0.00112438
15 0.513281 0.547424 0.463281 0.56089 0.924316
2 0.507812 0.81733 0.973437 0.337237 0.901367
2 0.442969 0.668618 0.885938 0.629977 0.0104523
7 0.506641 0.819672 0.980469 0.337237 0.00734711
5 0.506641 0.819672 0.980469 0.337237 0.00125504
16 0.513672 0.549693 0.464844 0.563378 0.00123978
15 0.515234 0.545155 0.466406 0.558402 0.928223
2 0.509375 0.81733 0.971875 0.337237 0.896973
7 0.50625 0.820843 0.98125 0.333724 0.00818634
2 0.441797 0.677986 0.883594 0.611241 0.00740433
5 0.50625 0.820843 0.98125 0.333724 0.00143814
16 0.512402 0.549693 0.464258 0.563378 0.00112057
15 0.514844 0.545594 0.466406 0.558694 0.932129
2 0.509375 0.81733 0.971875 0.337237 0.884766
7 0.507031 0.822014 0.979688 0.332553 0.00837708
2 0.441406 0.684865 0.882812 0.597482 0.00631332
5 0.507031 0.822014 0.979688 0.332553 0.00150108
0 0.109766 0.364754 0.0621094 0.11007 0.00109005
16 0.511719 0.550278 0.464063 0.564549 0.00102425
15 0.512598 0.548888 0.463867 0.562646 0.92627
2 0.508984 0.81733 0.971094 0.337237 0.874023
7 0.507031 0.822014 0.979688 0.330211 0.00837708
2 0.442188 0.68911 0.884375 0.588993 0.0050621
5 0.507031 0.822014 0.979688 0.330211 0.00148392
0 0.109668 0.362998 0.0619141 0.113583 0.00131989
15 0.512891 0.548302 0.463281 0.562646 0.936523
2 0.509375 0.816159 0.970313 0.340749 0.865234
7 0.507812 0.825527 0.978125 0.325527 0.00766754
2 0.440625 0.696868 0.88125 0.573478 0.00564194
0 0.10957 0.355679 0.0619141 0.125878 0.00431442
0 0.122656 0.324649 0.0300781 0.0638173 0.00324821
0 0.130469 0.373536 0.107422 0.0925058 0.0024929
2 0.861719 0.731265 0.276563 0.115925 0.00214958
0 0.10957 0.379977 0.0628906 0.087822 0.00194931
13 0.15625 0.384075 0.0710938 0.0538642 0.00185299
9 0.197266 0.0997512 0.0265625 0.0357143 0.00183868
13 0.163086 0.387295 0.0589844 0.0462529 0.00173378
0 0.251953 0.367096 0.0738281 0.0843091 0.00166798
0 0.255078 0.348653 0.0414063 0.0456674 0.00145531
0 0.255078 0.362119 0.05 0.074356 0.00135136
0 0.0470215 0.364754 0.0770508 0.0831382 0.00130463
2 0.195312 0.837822 0.390625 0.286885 0.0012207
58 0.251953 0.367096 0.0738281 0.0843091 0.00121117
5 0.507812 0.825527 0.978125 0.325527 0.0012064
0 0.119165 0.360948 0.0894043 0.117096 0.00116062
58 0.05177 0.366511 0.0669678 0.0895784 0.00115585
13 0.134766 0.377635 0.109766 0.0714286 0.00110722
2 0.0522949 0.367681 0.0680664 0.087822 0.00104809
15 0.512891 0.548009 0.4625 0.562061 0.939941
2 0.5375 0.814988 0.921875 0.344262 0.85791
2 0.437109 0.701405 0.872656 0.566745 0.00841522
0 0.122754 0.322014 0.0302734 0.0679157 0.00734711
0 0.109473 0.354215 0.0617188 0.127635 0.00677109
7 0.508594 0.828454 0.975 0.319672 0.00664139
2 0.861719 0.730094 0.276563 0.118267 0.00494385
9 0.197266 0.0999707 0.0265625 0.036007 0.00446701
13 0.156543 0.384075 0.0701172 0.0550351 0.00387001
13 0.163281 0.387295 0.0585938 0.0468384 0.00380898
0 0.133691 0.372365 0.113867 0.0960187 0.00302696
0 0.119922 0.359485 0.0871094 0.119438 0.00291252
58 0.252734 0.366511 0.071875 0.0848946 0.00264168
0 0.110645 0.378806 0.0654297 0.0901639 0.00247192
2 0.0467773 0.364754 0.0748047 0.087822 0.00243378
0 0.255078 0.348361 0.0421875 0.0474239 0.00240517
0 0.252734 0.366511 0.071875 0.0848946 0.00209045
13 0.134668 0.377049 0.10918 0.0725995 0.00204277
0 0.255469 0.364169 0.0507812 0.0796253 0.0019722
0 0.122266 0.307889 0.0324219 0.0903103 0.00171375
58 0.0507324 0.365925 0.0692383 0.0901639 0.00168705
0 0.255078 0.334895 0.0414063 0.0679157 0.00168133
2 0.0254395 0.342799 0.0492188 0.059719 0.00164223
2 0.0111572 0.306206 0.0223145 0.0485948 0.00157928
0 0.0466675 0.364754 0.07854 0.0831382 0.00152493
2 0.0489258 0.361534 0.0947266 0.10363 0.00132465
2 0.0313355 0.359485 0.060376 0.0831382 0.00129414
0 0.108789 0.327283 0.0582031 0.0725995 0.00124454
13 0.158496 0.380562 0.155664 0.0796253 0.0012064
2 0.195703 0.836066 0.391406 0.288056 0.00117874
59 0.582031 0.533885 0.832812 0.597336 0.00109863
13 0.181445 0.374122 0.142969 0.0807962 0.00107288
0 0.236719 0.372365 0.0992187 0.0796253 0.00101662
15 0.512891 0.547936 0.4625 0.562207 0.936523
2 0.536719 0.814403 0.923438 0.345433 0.836426
2 0.436328 0.698039 0.871094 0.573478 0.0127258
0 0.122852 0.322014 0.0300781 0.0685012 0.0124817
9 0.197266 0.100117 0.0265625 0.0362998 0.00955963
2 0.861719 0.728337 0.276563 0.12178 0.00955963
0 0.109375 0.353044 0.0617188 0.128806 0.00746155
2 0.0439941 0.364461 0.0811523 0.0884075 0.00682449
13 0.155664 0.384075 0.0714844 0.0550351 0.00614548
13 0.163477 0.387002 0.0578125 0.0468384 0.00582123
58 0.256641 0.367096 0.0628906 0.0843091 0.00536346
7 0.509375 0.830211 0.975 0.316159 0.00534439
13 0.13584 0.381733 0.116211 0.0784543 0.00419998
58 0.244531 0.368267 0.0882813 0.0843091 0.00376511
0 0.127539 0.358314 0.101562 0.122365 0.00322342
0 0.122363 0.307963 0.0324219 0.0907494 0.00271416
0 0.255273 0.348361 0.0421875 0.0480094 0.00271416
2 0.0466797 0.347482 0.0921875 0.118267 0.00258064
2 0.0112549 0.306206 0.0225098 0.0485948 0.00237846
2 0.0257324 0.341628 0.0500977 0.0608899 0.00232315
58 0.256836 0.358314 0.0453125 0.0638173 0.00219917
13 0.18042 0.373536 0.144629 0.0819672 0.00215721
58 0.0481934 0.36534 0.0745117 0.0901639 0.00185299
59 0.585938 0.539813 0.826563 0.590164 0.00185299
0 0.255078 0.334895 0.0414063 0.0690866 0.00183868
0 0.116797 0.377635 0.0785156 0.0936768 0.00183105
0 0.255859 0.36534 0.0515625 0.0807962 0.00182438
2 0.0317383 0.359192 0.0613281 0.0831382 0.00178242
0 0.108984 0.326405 0.0576172 0.072014 0.0017004
9 0.106445 0.0678425 0.025 0.0414227 0.00169373
0 0.252734 0.366511 0.071875 0.0854801 0.00163555
0 0.118945 0.318208 0.0429688 0.0778688 0.00148964
2 0.0597168 0.36534 0.115137 0.0960187 0.00142097
9 0.298828 0.0286062 0.0734375 0.0519797 0.00124931
0 0.13252 0.375878 0.110742 0.087822 0.00118828
2 0.196484 0.834895 0.392969 0.290398 0.00117397
2 0.0227783 0.328454 0.0446777 0.087822 0.0011425
0 0.045166 0.364754 0.0819336 0.0831382 0.00113773
9 0.193359 0.100117 0.0351562 0.0395199 0.00112057
9 0.770312 0.0505342 0.034375 0.0493999 0.00109482
13 0.233203 0.372658 0.10625 0.0802108 0.00108624
2 0.0946289 0.367096 0.184961 0.104215 0.00104046
15 0.512891 0.547717 0.461719 0.562646 0.9375
2 0.535937 0.813817 0.925 0.346604 0.817383
2 0.437891 0.694965 0.874219 0.580796 0.0189819
0 0.122852 0.322014 0.0300781 0.0679157 0.0170441
9 0.197266 0.100263 0.0265625 0.0362998 0.0155411
2 0.861719 0.727166 0.276563 0.124122 0.0142288
2 0.0433716 0.364169 0.0827881 0.087822 0.0107346
58 0.256445 0.366803 0.0632813 0.0848946 0.00806427
13 0.154883 0.384075 0.0726563 0.0550351 0.00796509
0 0.109277 0.353044 0.0615234 0.128806 0.00740433
13 0.163574 0.387295 0.0572266 0.0474239 0.00717545
13 0.135352 0.381733 0.116406 0.0796253 0.00698471
58 0.244922 0.36856 0.0875 0.0837236 0.00664139
7 0.510156 0.831967 0.973437 0.313817 0.00450516
2 0.0463379 0.347482 0.0916992 0.118852 0.00383949
58 0.257031 0.362119 0.0460938 0.0714286 0.0037365
0 0.122266 0.307889 0.0320312 0.0903103 0.00338936
13 0.180811 0.372951 0.165723 0.0831382 0.00335121
9 0.298828 0.0286977 0.0734375 0.0520894 0.00317192
9 0.106445 0.0679157 0.0246094 0.0414227 0.0028553
0 0.131836 0.357728 0.109766 0.124122 0.00283432
2 0.0113159 0.306206 0.0226318 0.0485948 0.00279999
0 0.255469 0.348946 0.0421875 0.0491803 0.00266266
2 0.025769 0.340749 0.0502197 0.0620609 0.00264168
59 0.590625 0.543033 0.81875 0.589578 0.00248146
0 0.119727 0.31733 0.040625 0.0761124 0.00213242
2 0.0320801 0.358899 0.0619141 0.0831382 0.00194168
9 0.193359 0.100117 0.0351562 0.0395199 0.00191879
0 0.109277 0.326112 0.0568359 0.0714286 0.00191879
9 0.770703 0.0504245 0.0335938 0.0499122 0.00187492
9 0.4125 0.0253952 0.0390625 0.0488144 0.00186729
13 0.23457 0.372365 0.107422 0.0807962 0.00183868
58 0.0465332 0.365047 0.0780273 0.0895784 0.00176144
9 0.0366699 0.0334821 0.0733398 0.0638905 0.00172043
0 0.255078 0.334602 0.0414063 0.0690866 0.00168705
2 0.0952148 0.366511 0.186133 0.104215 0.00162315
0 0.25625 0.365925 0.0523438 0.0819672 0.00156689
58 0.134473 0.37822 0.116602 0.088993 0.00153637
2 0.0669922 0.366803 0.130078 0.0971897 0.00145531
13 0.14541 0.374122 0.0962891 0.0749414 0.00136662
2 0.0218262 0.328162 0.0428711 0.0872365 0.00129414
57 0.590625 0.543033 0.81875 0.589578 0.00129414
0 0.125 0.376464 0.0953125 0.0971897 0.0012598
58 0.112207 0.379098 0.0712891 0.0913349 0.00124454
0 0.25293 0.366511 0.071875 0.0854801 0.0012064
58 0.230273 0.364169 0.117969 0.0995316 0.00115108
2 0.191016 0.836066 0.382031 0.269321 0.00115108
13 0.19082 0.373536 0.0933594 0.0796253 0.00112915
13 0.162988 0.373536 0.0755859 0.0761124 0.00112057
58 0.22832 0.375585 0.103125 0.0813817 0.00109863
2 0.0135986 0.329625 0.0259277 0.0831382 0.00105667
58 0.137598 0.361241 0.117773 0.114754 0.00101185
15 0.513379 0.547717 0.462305 0.562646 0.936035
2 0.535937 0.813817 0.926562 0.348946 0.808105
2 0.441797 0.691452 0.882031 0.587822 0.024704
9 0.197266 0.100483 0.0257812 0.0364461 0.0209656
2 0.861719 0.726581 0.276563 0.125293 0.0199432
0 0.122754 0.322014 0.0298828 0.0679157 0.0187988
2 0.0431763 0.363876 0.0831787 0.087822 0.0119629
58 0.256055 0.367096 0.0636719 0.0843091 0.0088501
58 0.244727 0.368852 0.0878906 0.0843091 0.00837708
13 0.135059 0.381148 0.116602 0.0807962 0.0077858
13 0.153809 0.384075 0.0740234 0.0550351 0.00731659
0 0.10918 0.352752 0.0617188 0.128806 0.0068512
13 0.163477 0.387295 0.0566406 0.0474239 0.0064888
9 0.298828 0.0288257 0.0734375 0.0522724 0.00498199
9 0.106445 0.0679157 0.0246094 0.0414227 0.00439835
2 0.0462891 0.347775 0.0916016 0.119438 0.00426483
58 0.257031 0.363583 0.046875 0.0737705 0.00424957
13 0.184033 0.372365 0.186621 0.0848946 0.00408554
7 0.510156 0.833724 0.973437 0.311475 0.00367928
0 0.122266 0.307377 0.0320312 0.0907494 0.00366402
59 0.590234 0.546838 0.819531 0.594848 0.00356483
9 0.412109 0.0254592 0.0390625 0.0484668 0.00300407
2 0.0113525 0.306206 0.0227051 0.0485948 0.0029583
9 0.0366699 0.0332168 0.0733398 0.0631038 0.00279999
2 0.0563965 0.364461 0.109473 0.0954333 0.00273705
2 0.0256958 0.339578 0.0501709 0.0638173 0.00255013
9 0.193359 0.0999707 0.0351562 0.0398126 0.00252151
9 0.770703 0.0502049 0.0335938 0.0500585 0.002388
0 0.255469 0.349239 0.0421875 0.0497658 0.00226021
2 0.0952148 0.366511 0.186133 0.104215 0.00225258
13 0.23418 0.372365 0.108984 0.0819672 0.00223351
0 0.133594 0.357436 0.114844 0.125293 0.00220871
0 0.119727 0.31733 0.040625 0.0749414 0.00217438
57 0.590234 0.546838 0.819531 0.594848 0.00192642
58 0.13418 0.377635 0.116016 0.088993 0.00189686
0 0.10957 0.325527 0.0558594 0.0708431 0.00185299
2 0.032312 0.358899 0.0623291 0.0831382 0.00185299
58 0.047998 0.36007 0.0932617 0.101874 0.00166798
58 0.114453 0.378806 0.0759766 0.0913349 0.00140476
0 0.255078 0.334895 0.0414063 0.0690866 0.00136662
58 0.228711 0.364169 0.120703 0.0995316 0.00131512
2 0.0203613 0.327576 0.0400391 0.086651 0.00130463
13 0.190674 0.373536 0.0944336 0.0796253 0.0012846
58 0.137207 0.360948 0.117773 0.116511 0.00126457
2 0.191016 0.836066 0.382031 0.266979 0.0012207
0 0.256445 0.365925 0.053125 0.0819672 0.00121593
13 0.162891 0.373536 0.0765625 0.0761124 0.00118351
7 0.099292 0.351874 0.194775 0.13466 0.00115585
60 0.409375 0.643882 0.815625 0.66774 0.0011425
58 0.0952148 0.366511 0.186133 0.104215 0.0011034
9 0.423438 0.0306554 0.0640625 0.0547607 0.00108624
2 0.0133301 0.328454 0.0253906 0.0843091 0.00105667
15 0.512891 0.547424 0.4625 0.562061 0.936523
2 0.510938 0.833724 0.973437 0.309133 0.790527
2 0.442969 0.691013 0.884375 0.589871 0.0310211
9 0.197266 0.100556 0.0257812 0.0365925 0.0267639
2 0.861719 0.725995 0.276563 0.126464 0.0233307
0 0.122656 0.321721 0.0296875 0.0679157 0.0205994
2 0.0431519 0.363876 0.0832275 0.0872365 0.0129242
58 0.244922 0.368852 0.0875 0.0831382 0.0104065
13 0.13457 0.381148 0.116406 0.0819672 0.00809479
9 0.298828 0.0289081 0.0742188 0.0525468 0.00772476
13 0.153516 0.384368 0.0742188 0.0544496 0.0069046
0 0.10918 0.352459 0.0617188 0.128806 0.00624084
13 0.163379 0.387295 0.0560547 0.0474239 0.00619125
9 0.106543 0.0679157 0.0246094 0.0415691 0.00609589
9 0.4125 0.0255416 0.0390625 0.0483021 0.00481033
58 0.257422 0.364754 0.046875 0.0761124 0.00475693
2 0.0461914 0.347775 0.0914062 0.119438 0.00446701
13 0.155469 0.377927 0.155469 0.0813817 0.00436401
13 0.184766 0.372073 0.194531 0.0860656 0.00431442
9 0.0366699 0.0328601 0.0733398 0.0622073 0.00413513
59 0.590625 0.546546 0.81875 0.595433 0.00403976
0 0.122266 0.307084 0.0320312 0.0907494 0.00392914
7 0.510938 0.833724 0.973437 0.309133 0.00324821
9 0.192969 0.0998244 0.0355469 0.0401054 0.00322342
2 0.011377 0.306206 0.0227539 0.0485948 0.00312424
2 0.0952148 0.366511 0.186133 0.104215 0.00309944
9 0.770703 0.0500585 0.0335938 0.0503513 0.00284576
2 0.0253052 0.338993 0.049585 0.0644028 0.00251198
0 0.119922 0.317037 0.0396484 0.074356 0.0024147
13 0.233594 0.372365 0.109375 0.0819672 0.00235939
9 0.444141 0.0451551 0.0328125 0.0826991 0.00226974
58 0.133984 0.377635 0.115625 0.088993 0.00223351
57 0.590625 0.546546 0.81875 0.595433 0.00216484
9 0.424219 0.0321374 0.065625 0.0576515 0.00215721
0 0.255469 0.349532 0.0421875 0.0503513 0.0020504
2 0.0324219 0.358899 0.0625 0.0831382 0.00185299
2 0.0685547 0.366803 0.133594 0.0971897 0.00176811
0 0.110156 0.324941 0.0544922 0.0702576 0.00175476
7 0.0988037 0.352166 0.193799 0.135246 0.00167465
58 0.0478638 0.359485 0.0929443 0.101288 0.00162315
58 0.137012 0.360656 0.117773 0.117681 0.00148964
0 0.133203 0.357143 0.117188 0.125878 0.00148392
58 0.227344 0.364169 0.123438 0.0995316 0.00145531
58 0.116699 0.379098 0.0804688 0.0919204 0.00141621
13 0.19082 0.373536 0.0949219 0.0796253 0.00137806
2 0.0185791 0.327283 0.0365723 0.0860656 0.00136662
60 0.409766 0.644614 0.814844 0.668618 0.00121117
13 0.162695 0.373536 0.0765625 0.0761124 0.00118828
58 0.0952148 0.366511 0.186133 0.104215 0.00118351
0 0.255078 0.334895 0.0414063 0.0690866 0.00117874
2 0.191016 0.836066 0.382031 0.266979 0.00117874
1 0.237109 0.37178 0.1 0.0819672 0.00112057
2 0.0130859 0.327869 0.025 0.0854801 0.00110722
0 0.256641 0.365925 0.0539063 0.0819672 0.00104046
2 0.775195 0.766979 0.115234 0.0737705 0.00102425
15 0.512891 0.547131 0.461719 0.561475 0.9375
2 0.510938 0.834895 0.973437 0.309133 0.78418
2 0.44375 0.691891 0.884375 0.585773 0.0343628
9 0.197266 0.100556 0.0257812 0.0364461 0.03125
2 0.861719 0.72541 0.276563 0.127635 0.028656
0 0.122656 0.322014 0.0296875 0.0679157 0.0216522
2 0.0431152 0.363876 0.0833008 0.0872365 0.0139542
58 0.244922 0.368852 0.0875 0.0831382 0.0130692
9 0.298633 0.0289447 0.0738281 0.05262 0.0109482
13 0.134473 0.380855 0.116211 0.0825527 0.0077858
9 0.106445 0.0679157 0.0246094 0.0414227 0.00757599
9 0.4125 0.0255782 0.0390625 0.0482289 0.00656509
13 0.153906 0.384953 0.0726563 0.0532787 0.00616837
13 0.163379 0.387588 0.0552734 0.0468384 0.00582123
0 0.109082 0.352459 0.0615234 0.128806 0.00570679
9 0.0366211 0.0322654 0.0732422 0.0610546 0.00557709
58 0.257422 0.365925 0.0539063 0.0854801 0.00547028
9 0.445312 0.0436914 0.0296875 0.0803571 0.00481033
2 0.0460938 0.347775 0.0912109 0.119438 0.00460815
59 0.590625 0.544204 0.81875 0.600117 0.00441742
13 0.185547 0.37178 0.198437 0.086651 0.00419998
0 0.122266 0.306718 0.0320312 0.0903103 0.00392914
2 0.0951172 0.366511 0.185938 0.104215 0.00388527
13 0.155664 0.377342 0.156641 0.0819672 0.00387001
9 0.192969 0.0997512 0.0355469 0.039959 0.00358009
2 0.011377 0.306206 0.0227539 0.0485948 0.00324821
9 0.424609 0.033226 0.065625 0.059719 0.0030632
9 0.770703 0.0500585 0.0335938 0.0503513 0.00296974
7 0.510938 0.834895 0.973437 0.309133 0.00275803
58 0.13418 0.378806 0.116016 0.0848946 0.00269318
0 0.120117 0.317037 0.0390625 0.0737705 0.00264168
2 0.0249512 0.338993 0.0489258 0.0644028 0.00252151
13 0.233594 0.372073 0.110156 0.0819672 0.002388
57 0.590625 0.544204 0.81875 0.600117 0.00234985
9 0.0365234 0.0228978 0.0730469 0.0415874 0.00230598
7 0.0983398 0.352459 0.193164 0.13466 0.0019722
0 0.255664 0.350117 0.0425781 0.0503513 0.00187492
2 0.0324707 0.359192 0.0625977 0.0825527 0.00186729
2 0.068457 0.366511 0.133789 0.0971897 0.00186062
58 0.136719 0.360656 0.117969 0.118267 0.00175476
58 0.225586 0.364754 0.126563 0.0983607 0.0017004
58 0.0475586 0.359485 0.0923828 0.100703 0.00168705
0 0.11084 0.324941 0.0529297 0.0696721 0.00161648
58 0.118555 0.379098 0.0839844 0.0919204 0.00151253
13 0.19082 0.373536 0.0949219 0.0796253 0.00141621
2 0.0173828 0.326991 0.0341797 0.0854801 0.00137806
2 0.190625 0.836066 0.38125 0.266979 0.00126934
1 0.237109 0.371487 0.0996094 0.0813817 0.00123978
58 0.0951172 0.366511 0.185938 0.104215 0.00123024
60 0.408984 0.644614 0.813281 0.668618 0.00119686
2 0.775195 0.766979 0.115234 0.0749414 0.00118828
9 0.440625 0.0469848 0.0421875 0.0888466 0.0011692
13 0.162695 0.373536 0.0761719 0.0761124 0.00110722
0 0.132642 0.357143 0.118311 0.126464 0.00110722
2 0.133789 0.377635 0.114844 0.088993 0.00110722
15 0.512891 0.547351 0.461719 0.561036 0.937012
2 0.510938 0.834895 0.973437 0.309133 0.771973
2 0.441406 0.694526 0.88125 0.582845 0.0346069
9 0.197266 0.100556 0.0257812 0.0362998 0.0340881
2 0.861719 0.724824 0.276563 0.128806 0.0302124
0 0.122656 0.322014 0.0296875 0.0673302 0.0225067
2 0.0430786 0.363583 0.0831787 0.086651 0.0149536
9 0.298633 0.0289813 0.0738281 0.0526932 0.014061
58 0.244727 0.368852 0.0878906 0.0831382 0.0134811
9 0.106445 0.0679157 0.0246094 0.0414227 0.00787354
9 0.4125 0.0256056 0.0390625 0.048174 0.00772476
13 0.134277 0.380855 0.116211 0.0831382 0.00760651
9 0.445312 0.0437646 0.0296875 0.0803571 0.00679779
9 0.0366211 0.0316891 0.0732422 0.0598653 0.00651169
13 0.154297 0.385246 0.0714844 0.0526932 0.00636292
13 0.163281 0.387588 0.0546875 0.0468384 0.00616837
0 0.109082 0.352459 0.0615234 0.128806 0.00551224
58 0.257422 0.365925 0.0539063 0.0854801 0.0053215
59 0.592188 0.545082 0.815625 0.598361 0.0046463
2 0.0460083 0.347775 0.0911865 0.119438 0.00436401
13 0.1875 0.37178 0.196094 0.086651 0.00407028
2 0.0951416 0.366511 0.185889 0.104215 0.00407028
9 0.425 0.0339213 0.065625 0.0611095 0.00392914
9 0.192969 0.0998244 0.0351562 0.0398126 0.00391388
0 0.122266 0.307084 0.0320312 0.0901639 0.00382423
13 0.156055 0.377049 0.157813 0.0819672 0.00349617
2 0.011377 0.306206 0.0227539 0.0485948 0.00325966
9 0.770703 0.0500585 0.0335938 0.0502049 0.00300407
58 0.133984 0.378806 0.115625 0.0854801 0.00294685
0 0.120313 0.316745 0.0382813 0.0725995 0.00287819
9 0.036499 0.0219921 0.072998 0.0396663 0.00268364
2 0.0245117 0.339578 0.0480469 0.0632318 0.00264168
57 0.592188 0.545082 0.815625 0.598361 0.0024147
13 0.233789 0.372073 0.109766 0.0819672 0.00239754
7 0.510938 0.834895 0.973437 0.309133 0.00235939
7 0.0980713 0.352459 0.192529 0.13466 0.00201035
2 0.0323364 0.359485 0.0622803 0.0819672 0.00194168
0 0.255664 0.350117 0.0425781 0.0503513 0.00194168
58 0.136426 0.360656 0.117383 0.118267 0.00183105
2 0.0686035 0.366803 0.134082 0.0966042 0.00182438
58 0.226367 0.364754 0.125 0.0983607 0.00175476
0 0.111035 0.324941 0.0523438 0.0690866 0.00160408
58 0.0473145 0.36007 0.0918945 0.0995316 0.00158501
13 0.191016 0.373536 0.0949219 0.0796253 0.00149536
9 0.441016 0.0465457 0.0414063 0.087822 0.00148964
2 0.0168457 0.326991 0.0331055 0.0854801 0.00141621
1 0.237109 0.371487 0.0996094 0.0813817 0.00133514
2 0.775781 0.766979 0.114063 0.0749414 0.00127411
2 0.190234 0.836651 0.380469 0.265808 0.00127411
2 0.133789 0.377342 0.114453 0.088993 0.00122547
58 0.0951416 0.366511 0.185889 0.104215 0.00120163
60 0.406641 0.645053 0.808594 0.66774 0.00119209
58 0.108984 0.379977 0.0652344 0.088993 0.00116062
13 0.162598 0.373829 0.0755859 0.0755269 0.00112438
0 0.132837 0.357143 0.11792 0.126464 0.00108624
0 0.596094 0.444672 0.8 0.789813 0.00106525
9 0.311914 0.030015 0.108984 0.0561878 0.00104427
0 0.513672 0.544789 0.46875 0.560304 0.00101662
0 0.255078 0.334602 0.0414063 0.0685012 0.00100422
15 0.512891 0.547351 0.461719 0.561036 0.939453
2 0.535937 0.814403 0.926562 0.347775 0.764648
9 0.197266 0.100556 0.0257812 0.0365925 0.0450134
2 0.861719 0.724824 0.276563 0.128806 0.0330811
2 0.435156 0.698039 0.867188 0.57582 0.0317383
0 0.122656 0.322014 0.0296875 0.0673302 0.0259552
9 0.298633 0.0290453 0.0738281 0.0528579 0.0205688
58 0.244922 0.368852 0.0875 0.0831382 0.0157776
2 0.042981 0.363583 0.0829834 0.086651 0.014061
9 0.4125 0.0256148 0.0390625 0.0480825 0.0133286
9 0.445312 0.0437646 0.0296875 0.0805035 0.011734
9 0.106543 0.0678974 0.0244141 0.0413129 0.0107346
9 0.0365723 0.0308475 0.0731445 0.0581821 0.00878143
13 0.163184 0.387588 0.0544922 0.0462529 0.00751877
13 0.133984 0.380562 0.115625 0.0831382 0.0068779
58 0.257422 0.366218 0.0539063 0.0860656 0.00636292
9 0.425 0.0338023 0.065625 0.0609082 0.00626373
0 0.108984 0.352166 0.0609375 0.12822 0.00551224
9 0.192969 0.0996048 0.0355469 0.0401054 0.00538635
59 0.594531 0.544204 0.810938 0.597775 0.00443268
2 0.0950195 0.366803 0.185742 0.10363 0.00434875
0 0.122266 0.306792 0.0318359 0.0907494 0.00428009
13 0.191797 0.371487 0.1875 0.0860656 0.00391388
2 0.0459839 0.347482 0.09104 0.118852 0.00383949
9 0.0364746 0.0209675 0.0729492 0.0375439 0.00362206
9 0.770703 0.0500585 0.0335938 0.0503513 0.00345612
2 0.0113525 0.306206 0.0227051 0.0485948 0.00342941
58 0.133789 0.378806 0.115234 0.0854801 0.00322342
13 0.156641 0.377049 0.159375 0.0819672 0.0030632
2 0.0239502 0.340457 0.0468262 0.0614754 0.00271416
9 0.108594 0.0708431 0.01875 0.036007 0.00248146
13 0.233203 0.372073 0.110937 0.0819672 0.00237846
57 0.594531 0.544204 0.810938 0.597775 0.00228691
9 0.441406 0.0461797 0.040625 0.0872365 0.00226974
7 0.511719 0.836066 0.971875 0.306792 0.00221634
7 0.0977539 0.352166 0.191992 0.134075 0.00217438
2 0.0322266 0.359485 0.0619141 0.0807962 0.00200272
0 0.255469 0.350117 0.0421875 0.0497658 0.00192642
58 0.225 0.36534 0.127734 0.0971897 0.00183868
58 0.136523 0.360656 0.117578 0.118267 0.0018177
2 0.0691406 0.367096 0.134961 0.0960187 0.00178909
13 0.191211 0.373536 0.0945313 0.0796253 0.00172043
0 0.111719 0.324941 0.0507812 0.0690866 0.00160408
1 0.237109 0.371194 0.0992187 0.0807962 0.0015974
58 0.0473633 0.36007 0.0919922 0.0995316 0.0015192
2 0.0157715 0.326698 0.030957 0.0848946 0.00148392
2 0.775781 0.766979 0.114063 0.0749414 0.00142097
9 0.311719 0.0300424 0.107813 0.0561329 0.00137234
2 0.190039 0.836651 0.380078 0.265808 0.00131512
58 0.109082 0.379977 0.0650391 0.088993 0.00124454
2 0.133594 0.377635 0.114063 0.088993 0.00124454
58 0.0950195 0.366803 0.185742 0.10363 0.00123501
13 0.163086 0.374122 0.0738281 0.0749414 0.00118351
60 0.4 0.645199 0.795313 0.665105 0.0011034
0 0.60166 0.447892 0.787305 0.777518 0.00100803
15 0.512402 0.546838 0.461133 0.56089 0.941895
2 0.535937 0.813817 0.925 0.348946 0.763672
9 0.197266 0.100556 0.0257812 0.0365925 0.0440063
2 0.861719 0.724824 0.276563 0.128806 0.0354004
2 0.432813 0.700381 0.8625 0.571136 0.0309143
0 0.122656 0.322014 0.0296875 0.0667447 0.0263519
9 0.298633 0.0290453 0.0738281 0.0528579 0.0199432
58 0.244922 0.369145 0.0875 0.0825527 0.0164642
2 0.0430176 0.363583 0.0829102 0.086651 0.0154877
9 0.4125 0.0256239 0.0390625 0.0481374 0.0126266
9 0.445312 0.0436914 0.0296875 0.0803571 0.012146
9 0.106543 0.0678425 0.0244141 0.0412763 0.0105286
9 0.0365723 0.0310304 0.0731445 0.058548 0.00901794
13 0.163184 0.387588 0.0544922 0.0462529 0.00763702
13 0.155859 0.385539 0.0679687 0.0521077 0.00728989
58 0.257422 0.366511 0.0539063 0.0854801 0.00653839
9 0.425 0.0337291 0.065625 0.0607619 0.0064621
13 0.133984 0.380562 0.115625 0.0831382 0.00636292
0 0.108984 0.352459 0.0609375 0.127635 0.00551224
9 0.192969 0.099678 0.0351562 0.0398126 0.00540543
2 0.0951172 0.366803 0.185547 0.10363 0.00439835
0 0.122266 0.306718 0.0318359 0.0903103 0.00421524
59 0.594531 0.54274 0.810938 0.593677 0.00413513
2 0.045813 0.347775 0.0907959 0.118267 0.00407028
9 0.0364746 0.0212968 0.0729492 0.0381294 0.00370789
13 0.193359 0.371487 0.185156 0.0860656 0.00370789
2 0.011377 0.306206 0.0227539 0.0485948 0.00348282
58 0.133789 0.378513 0.115234 0.0848946 0.00337601
9 0.770703 0.050022 0.0335938 0.0504245 0.00335121
2 0.0239014 0.340457 0.0467285 0.0614754 0.00291252
13 0.156445 0.377049 0.158594 0.0813817 0.00277901
13 0.233789 0.37178 0.109766 0.0819672 0.002388
9 0.441406 0.04607 0.040625 0.087017 0.00229645
9 0.108789 0.0705503 0.01875 0.0365925 0.00226974
2 0.0322388 0.359778 0.0618896 0.0813817 0.00216484
57 0.594531 0.54274 0.810938 0.593677 0.00212479
7 0.510938 0.83548 0.971875 0.307963 0.00211525
0 0.255469 0.350117 0.0421875 0.0491803 0.0020504
7 0.0977295 0.352166 0.19165 0.134075 0.00198746
58 0.226611 0.365925 0.124902 0.0960187 0.00195694
58 0.13623 0.360656 0.116992 0.118267 0.00194168
2 0.0683594 0.367096 0.133398 0.0960187 0.00182438
13 0.191064 0.373244 0.0944336 0.0790398 0.00174809
1 0.237109 0.371194 0.0992187 0.0807962 0.00173378
2 0.775 0.766979 0.114063 0.0749414 0.00161076
0 0.111523 0.324941 0.0511719 0.0690866 0.00160408
2 0.0158691 0.326698 0.0311523 0.0848946 0.00154877
58 0.0472168 0.360363 0.0916992 0.0989461 0.00151253
2 0.190234 0.837237 0.380469 0.264637 0.00143242
9 0.311719 0.0300424 0.108203 0.0561329 0.00140476
2 0.133398 0.377342 0.114063 0.088993 0.00129414
58 0.109082 0.379684 0.0650391 0.088993 0.00128937
13 0.163086 0.374122 0.0734375 0.0749414 0.00121117
58 0.0951172 0.366803 0.185547 0.10363 0.00120163
60 0.397656 0.645053 0.790625 0.663056 0.00109863
0 0.256836 0.366511 0.0539063 0.0819672 0.00106525
0 0.255078 0.334895 0.0410156 0.0679157 0.00101662
15 0.512598 0.547936 0.462305 0.562207 0.937012
2 0.536719 0.814403 0.923438 0.345433 0.836426
2 0.436719 0.698039 0.871875 0.573478 0.0129242
0 0.122852 0.322014 0.0300781 0.0685012 0.0117798
2 0.861719 0.728337 0.276563 0.12178 0.00952148
9 0.197266 0.10019 0.0265625 0.0361534 0.00933838
0 0.109375 0.353337 0.0617188 0.12822 0.00723267
2 0.044043 0.364461 0.0810547 0.0884075 0.00653839
13 0.155762 0.384075 0.0712891 0.0550351 0.00584412
13 0.163477 0.387002 0.0578125 0.0468384 0.00557709
7 0.509375 0.830211 0.975 0.316159 0.00530243
58 0.252734 0.366511 0.071875 0.0854801 0.00494385
13 0.13584 0.381733 0.116211 0.0778688 0.0039444
0 0.127539 0.358314 0.101953 0.12178 0.0029583
0 0.255273 0.348361 0.0421875 0.0480094 0.00263214
0 0.122266 0.307963 0.0324219 0.0907494 0.00257111
2 0.0466675 0.34719 0.0922119 0.118267 0.0024147
2 0.0112549 0.306206 0.0225098 0.0485948 0.00228691
2 0.0256958 0.341335 0.0499756 0.0608899 0.00226974
58 0.237109 0.364169 0.101562 0.0960187 0.00211525
13 0.180469 0.373829 0.146484 0.0813817 0.0020504
58 0.256641 0.358021 0.0453125 0.0626464 0.00199509
58 0.257617 0.365925 0.0507812 0.0860656 0.00194168
58 0.0483276 0.36534 0.0744385 0.0901639 0.00183105
59 0.585938 0.539813 0.826563 0.588993 0.00182438
0 0.255859 0.36534 0.0515625 0.0807962 0.00178909
0 0.116406 0.377635 0.0777344 0.0925058 0.00178242
0 0.255078 0.334895 0.0414063 0.0690866 0.00176811
2 0.0317383 0.359192 0.0612305 0.0831382 0.0017271
0 0.252734 0.366511 0.071875 0.0854801 0.0016489
9 0.106445 0.067751 0.025 0.0413129 0.00164223
0 0.108984 0.326698 0.0576172 0.0714286 0.0015974
0 0.11875 0.318501 0.0433594 0.0784543 0.00134087
2 0.0602539 0.36534 0.116211 0.0960187 0.00130463
9 0.298828 0.0286062 0.0734375 0.0519797 0.0012207
2 0.19668 0.834895 0.393359 0.290398 0.00118351
0 0.13252 0.375878 0.110742 0.0872365 0.00116062
0 0.0452637 0.365047 0.0817383 0.0831382 0.00112057
9 0.770703 0.0505342 0.0335938 0.0493999 0.00110722
2 0.0226807 0.328454 0.0444824 0.087822 0.00109863
9 0.193359 0.100117 0.0351562 0.0395199 0.00107765
13 0.233203 0.372658 0.10625 0.0802108 0.00102425
2 0.0945313 0.367096 0.184766 0.104215 0.00101185
