55 0.486328 0.347775 0.555469 0.69555 0.909668
42 0.785156 0.629977 0.265625 0.729508 0.878418
60 0.533203 0.497658 0.933594 0.98829 0.370117
44 0.785156 0.628806 0.267188 0.728337 0.0953369
60 0.559375 0.620755 0.870313 0.73507 0.0567627
60 0.171191 0.496487 0.338477 0.987119 0.0145035
43 0.879102 0.221751 0.241797 0.202869 0.0139542
28 0.487109 0.348068 0.558594 0.694965 0.0120544
43 0.785156 0.635831 0.267188 0.716628 0.0118256
48 0.4875 0.347775 0.554688 0.69555 0.0107346
60 0.838867 0.162178 0.319141 0.320843 0.00658798
53 0.487891 0.348946 0.553906 0.697892 0.00600433
42 0.873633 0.350776 0.252734 0.464725 0.00598145
42 0.878125 0.22219 0.24375 0.204918 0.00593567
60 0.566406 0.174766 0.865625 0.349532 0.00530243
38 0.785937 0.634514 0.265625 0.726288 0.00473785
60 0.795313 0.521663 0.407813 0.948478 0.00424957
60 0.681641 0.507611 0.633594 0.964871 0.00363541
44 0.878906 0.22186 0.242188 0.20382 0.0036068
45 0.785156 0.631148 0.26875 0.725995 0.00309944
42 0.808594 0.484704 0.214062 0.442769 0.00298119
79 0.785156 0.635831 0.267188 0.716628 0.00290108
60 0.179492 0.314988 0.355859 0.622951 0.00282288
43 0.873633 0.350776 0.252734 0.464725 0.00279045
40 0.785937 0.634514 0.265625 0.726288 0.00277901
60 0.045166 0.730094 0.084668 0.528103 0.00276756
53 0.49375 0.11695 0.35 0.231557 0.00235939
55 0.452344 0.496487 0.89375 0.981265 0.00218201
76 0.785156 0.635831 0.267188 0.716628 0.00209999
73 0.487109 0.348068 0.558594 0.694965 0.00203514
15 0.487109 0.348068 0.558594 0.694965 0.00201988
75 0.785937 0.634514 0.265625 0.726288 0.00194168
60 0.445312 0.392272 0.8875 0.784543 0.00172043
55 0.494629 0.443501 0.307617 0.45726 0.00167465
60 0.590723 0.713115 0.75918 0.543325 0.00162888
60 0.0466309 0.813817 0.0901367 0.355972 0.00162315
14 0.785937 0.634514 0.265625 0.726288 0.00148392
39 0.785937 0.634514 0.265625 0.726288 0.00141048
55 0.548828 0.364754 0.432031 0.442623 0.00138855
60 0.813867 0.62822 0.369141 0.724824 0.00137806
60 0.399219 0.56089 0.7875 0.847775 0.00128937
0 0.453125 0.491218 0.903125 0.97541 0.00120163
26 0.487109 0.348068 0.558594 0.694965 0.00118351
59 0.542188 0.497658 0.915625 0.98829 0.0011425
8 0.785937 0.6351 0.265625 0.729801 0.0011158
55 0.486328 0.348361 0.55625 0.696721 0.946777
42 0.785156 0.628806 0.265625 0.733021 0.88623
60 0.532031 0.498829 0.935938 0.989461 0.40918
44 0.785742 0.627635 0.266016 0.733021 0.0953369
60 0.558203 0.620609 0.875781 0.735363 0.0579224
43 0.878906 0.221604 0.242188 0.202576 0.0177765
60 0.172852 0.495902 0.341406 0.985948 0.0175781
43 0.785156 0.635978 0.265625 0.718677 0.0150146
48 0.487402 0.348068 0.554883 0.696136 0.00888062
42 0.87832 0.221897 0.243359 0.203747 0.00725937
60 0.826563 0.163203 0.345313 0.323478 0.00634003
42 0.874023 0.349824 0.251953 0.461944 0.00624084
53 0.488281 0.349532 0.553125 0.699063 0.00547028
60 0.558594 0.175644 0.88125 0.351288 0.00518036
44 0.878906 0.221751 0.242188 0.203454 0.00502014
28 0.487109 0.348946 0.558594 0.697892 0.00471878
38 0.785937 0.6351 0.265625 0.729801 0.00441742
45 0.785156 0.629977 0.26875 0.730679 0.00411606
60 0.748047 0.58548 0.497656 0.805621 0.00370789
60 0.180127 0.317916 0.356934 0.628806 0.00363541
43 0.874023 0.349824 0.251953 0.461944 0.00325966
40 0.785937 0.6351 0.265625 0.729801 0.00317192
42 0.809375 0.482728 0.2125 0.444379 0.00294685
60 0.400098 0.556792 0.788867 0.857143 0.00291252
79 0.785156 0.635978 0.265625 0.718677 0.00279999
60 0.0451172 0.730094 0.0839844 0.529274 0.00255013
76 0.785156 0.635978 0.265625 0.718677 0.00247192
60 0.683594 0.507318 0.629687 0.965457 0.00218201
60 0.45 0.403981 0.9 0.807962 0.0020504
55 0.492969 0.444379 0.297656 0.455503 0.00200272
73 0.487109 0.348946 0.558594 0.697892 0.00191879
55 0.451562 0.494731 0.890625 0.984777 0.00186729
14 0.785937 0.6351 0.265625 0.729801 0.00182438
75 0.785937 0.6351 0.265625 0.729801 0.00168705
53 0.49209 0.117389 0.34082 0.232143 0.0016613
60 0.0466797 0.813817 0.0898438 0.355972 0.00151253
45 0.166797 0.594262 0.324219 0.78103 0.00138855
60 0.591406 0.710773 0.7625 0.550351 0.00136662
55 0.496777 0.226288 0.531445 0.44555 0.00129986
55 0.550781 0.361827 0.423438 0.437939 0.00129414
8 0.785742 0.634075 0.266016 0.73185 0.00127888
15 0.487109 0.348946 0.558594 0.697892 0.00127411
39 0.785937 0.6351 0.265625 0.729801 0.0012598
42 0.798438 0.548595 0.2375 0.557377 0.00118828
14 0.348828 0.111534 0.0703125 0.0582553 0.00108147
63 0.487109 0.348946 0.558594 0.697892 0.00104809
42 0.845313 0.403908 0.146875 0.356118 0.00103188
55 0.486719 0.348361 0.55625 0.696721 0.955078
42 0.785742 0.628806 0.266016 0.735363 0.900391
60 0.530469 0.499415 0.939063 0.989461 0.411133
44 0.785156 0.627049 0.267188 0.735363 0.085083
60 0.551172 0.622365 0.891406 0.734192 0.0509033
43 0.78418 0.635831 0.266016 0.71897 0.0173798
43 0.878906 0.221604 0.242188 0.201991 0.0160217
60 0.172656 0.495316 0.340625 0.985948 0.0158997
48 0.487402 0.348361 0.554883 0.696721 0.00796509
42 0.876367 0.222775 0.244141 0.199063 0.00677109
42 0.874023 0.349824 0.251953 0.460773 0.00564194
60 0.792969 0.163642 0.4125 0.324941 0.00553513
44 0.878906 0.221897 0.242188 0.202576 0.00548935
60 0.252148 0.498829 0.501172 0.98829 0.00500107
53 0.487109 0.350117 0.555469 0.700234 0.00500107
60 0.555469 0.176522 0.8875 0.353044 0.00479126
60 0.721094 0.584309 0.551562 0.809133 0.00390053
60 0.181445 0.313817 0.359375 0.620609 0.00388527
45 0.785742 0.629977 0.269141 0.733021 0.00385475
43 0.874023 0.349824 0.251953 0.460773 0.00331116
38 0.785742 0.63466 0.266016 0.730679 0.00321007
28 0.487109 0.349239 0.558594 0.698478 0.00296974
79 0.78418 0.635831 0.266016 0.71897 0.00279045
76 0.78418 0.635831 0.266016 0.71897 0.00264168
40 0.785742 0.63466 0.266016 0.730679 0.0026207
42 0.808594 0.482728 0.214062 0.446721 0.00257111
60 0.789844 0.521663 0.41875 0.947307 0.00248146
60 0.0451294 0.730679 0.08396 0.528103 0.00235939
14 0.785742 0.63466 0.266016 0.730679 0.00203514
55 0.492969 0.444965 0.296094 0.451991 0.0019722
60 0.404004 0.560597 0.79668 0.849532 0.00194931
73 0.487109 0.349239 0.558594 0.698478 0.0017271
75 0.785742 0.63466 0.266016 0.730679 0.00145531
8 0.786133 0.633489 0.268359 0.733021 0.00137234
60 0.0467773 0.813817 0.0898438 0.357143 0.00135612
55 0.497266 0.225263 0.532031 0.443501 0.00132465
63 0.487109 0.349239 0.558594 0.698478 0.00130463
14 0.348828 0.111388 0.0703125 0.058548 0.00126457
55 0.550781 0.359485 0.425 0.433255 0.00124454
15 0.487109 0.349239 0.558594 0.698478 0.00118828
53 0.484766 0.118267 0.325 0.233607 0.00113392
39 0.785742 0.63466 0.266016 0.730679 0.00112438
60 0.45 0.40808 0.9 0.816159 0.0011158
55 0.451562 0.496194 0.890625 0.98185 0.00110722
42 0.797656 0.555621 0.2375 0.5726 0.00109005
45 0.169922 0.59192 0.330469 0.785714 0.00107765
0 0.451562 0.491218 0.9 0.97541 0.00104809
55 0.486621 0.348946 0.556445 0.697892 0.962402
42 0.785156 0.628806 0.267188 0.737705 0.922363
60 0.528906 0.500585 0.942187 0.989461 0.38208
44 0.785156 0.626317 0.265625 0.737998 0.0690308
60 0.551953 0.625293 0.891406 0.730679 0.047699
43 0.78418 0.636417 0.266016 0.72014 0.0172424
43 0.878906 0.221311 0.242188 0.201405 0.0162201
60 0.172754 0.495902 0.34082 0.985948 0.0107346
42 0.876367 0.222629 0.244141 0.19877 0.0069313
44 0.878906 0.221604 0.242188 0.201991 0.00641251
48 0.487109 0.348946 0.555469 0.697892 0.006073
42 0.874219 0.349312 0.251563 0.459455 0.00557709
60 0.808594 0.164227 0.38125 0.326112 0.00496292
60 0.598828 0.688671 0.761719 0.594555 0.00450516
60 0.555469 0.176376 0.8875 0.352752 0.00441742
60 0.708984 0.587237 0.575781 0.80445 0.00413513
53 0.4875 0.350117 0.555469 0.700234 0.00400543
60 0.265625 0.498244 0.528125 0.98829 0.00367928
45 0.785742 0.629977 0.269141 0.735363 0.00365067
60 0.182861 0.31089 0.362402 0.615925 0.00356483
43 0.874219 0.349312 0.251563 0.459455 0.00342941
40 0.785156 0.634221 0.265625 0.731557 0.00281143
79 0.78418 0.636417 0.266016 0.72014 0.002388
60 0.609766 0.419789 0.780469 0.776347 0.00231361
42 0.807813 0.48185 0.215625 0.446136 0.00227928
38 0.785156 0.633343 0.267188 0.733314 0.00222588
14 0.785156 0.634221 0.265625 0.731557 0.00201988
76 0.78418 0.636417 0.266016 0.72014 0.00185299
55 0.495313 0.447014 0.292188 0.446721 0.00184631
60 0.792383 0.523419 0.415234 0.946136 0.0018034
60 0.0452026 0.726581 0.0840088 0.5363 0.00178242
75 0.785156 0.634221 0.265625 0.731557 0.00162888
28 0.487109 0.348946 0.558594 0.697892 0.00162315
8 0.785156 0.633343 0.267188 0.733314 0.00157928
63 0.487109 0.348946 0.558594 0.697892 0.0014782
55 0.489453 0.224239 0.552344 0.444965 0.00142097
73 0.487109 0.348946 0.558594 0.697892 0.00141048
45 0.43125 0.500293 0.85 0.973653 0.00135612
14 0.348828 0.111168 0.0703125 0.0586944 0.0012846
39 0.785156 0.634221 0.265625 0.731557 0.0012846
0 0.451172 0.490925 0.899219 0.975995 0.0011425
15 0.487109 0.348946 0.558594 0.697892 0.0011158
55 0.534375 0.494145 0.93125 0.987119 0.00110722
60 0.046875 0.813817 0.0900391 0.358314 0.00109863
55 0.552246 0.355972 0.42207 0.423888 0.00103188
55 0.485938 0.349239 0.55625 0.698478 0.963867
42 0.784375 0.624707 0.265625 0.74356 0.938965
60 0.526563 0.501756 0.946875 0.989461 0.375732
44 0.784375 0.624707 0.265625 0.74356 0.0505066
60 0.552734 0.625878 0.891406 0.728337 0.0441895
43 0.784375 0.636417 0.267188 0.72014 0.0184021
43 0.879297 0.220982 0.241406 0.199722 0.0163422
60 0.181982 0.486534 0.359473 0.962529 0.00945282
60 0.596094 0.700234 0.784375 0.5726 0.00740433
42 0.876758 0.222336 0.246484 0.197014 0.00734711
44 0.878906 0.221165 0.242188 0.200527 0.00728989
42 0.874219 0.346824 0.251563 0.452722 0.00500107
60 0.793555 0.16452 0.409766 0.325527 0.00481033
60 0.551172 0.177108 0.897656 0.354215 0.00466537
60 0.713281 0.584895 0.56875 0.809133 0.00378036
60 0.262891 0.498536 0.522656 0.987705 0.00362206
48 0.488672 0.350995 0.552344 0.701991 0.00356483
60 0.184424 0.312061 0.365527 0.618267 0.00351143
45 0.785156 0.627635 0.26875 0.741218 0.00335121
60 0.853125 0.165544 0.29375 0.318794 0.00333786
43 0.874219 0.346824 0.251563 0.452722 0.00332451
53 0.487891 0.350703 0.555469 0.701405 0.00273705
40 0.785156 0.633489 0.265625 0.733021 0.00253105
14 0.785156 0.627635 0.26875 0.741218 0.00231361
45 0.435937 0.503513 0.859375 0.968384 0.00218201
55 0.486816 0.246487 0.560742 0.489461 0.00216484
42 0.807031 0.479581 0.217188 0.448331 0.00191879
75 0.785156 0.627635 0.26875 0.741218 0.00183868
79 0.784375 0.636417 0.267188 0.72014 0.00170708
55 0.497266 0.44877 0.285156 0.444379 0.00157928
8 0.784375 0.632318 0.26875 0.735363 0.00156689
39 0.785156 0.633489 0.265625 0.733021 0.00152493
60 0.0450684 0.72014 0.0838867 0.54918 0.00139904
55 0.460156 0.500585 0.907813 0.973068 0.00131512
63 0.486719 0.348361 0.559375 0.69555 0.00129414
55 0.597656 0.465457 0.804688 0.86534 0.00129414
38 0.785156 0.633489 0.265625 0.733021 0.00126457
76 0.784375 0.636417 0.267188 0.72014 0.00119686
14 0.349023 0.110802 0.0707031 0.0594262 0.00114727
0 0.452344 0.491218 0.901563 0.97541 0.00113392
60 0.79043 0.522834 0.416016 0.951991 0.00100422
55 0.485156 0.348946 0.55625 0.697892 0.961914
42 0.784375 0.62661 0.265625 0.739754 0.942871
60 0.523828 0.502927 0.952344 0.98829 0.373779
44 0.784375 0.62661 0.265625 0.739754 0.0465393
60 0.553906 0.629391 0.890625 0.72014 0.0401611
43 0.78418 0.636856 0.266016 0.719262 0.0200195
43 0.879297 0.221019 0.241406 0.197892 0.011467
44 0.878906 0.221019 0.242188 0.198478 0.0078125
60 0.182568 0.483899 0.360645 0.95726 0.0078125
60 0.598828 0.700234 0.783594 0.571429 0.00577545
42 0.876563 0.222336 0.246875 0.195258 0.0053215
45 0.436719 0.514637 0.860938 0.946136 0.00475693
42 0.874219 0.346019 0.251563 0.449063 0.00452042
48 0.488281 0.351288 0.551562 0.702576 0.00438309
60 0.804492 0.16452 0.387891 0.324941 0.00432968
60 0.548438 0.178571 0.903125 0.357143 0.0039444
60 0.183398 0.310012 0.362891 0.611827 0.0037365
45 0.784375 0.630562 0.26875 0.736534 0.00370789
60 0.705859 0.583138 0.582031 0.811475 0.00336266
53 0.487598 0.35041 0.554492 0.699649 0.00313568
55 0.486328 0.237119 0.560156 0.46897 0.00298119
43 0.874219 0.346019 0.251563 0.449063 0.00269318
40 0.784375 0.635246 0.265625 0.729508 0.00268364
14 0.784375 0.630562 0.26875 0.736534 0.00235939
55 0.467578 0.50644 0.921094 0.961358 0.00209999
42 0.805469 0.480679 0.217188 0.441452 0.00191212
75 0.784375 0.630562 0.26875 0.736534 0.00184631
55 0.510938 0.465749 0.300781 0.429157 0.00175476
39 0.784375 0.635246 0.265625 0.729508 0.0017271
8 0.783008 0.633636 0.268359 0.732728 0.0012846
60 0.0447144 0.712529 0.0830322 0.563232 0.00121593
63 0.486035 0.347775 0.55918 0.693208 0.00118828
79 0.78418 0.636856 0.266016 0.719262 0.00118828
60 0.396875 0.285714 0.790625 0.566745 0.00116539
53 0.784375 0.635246 0.265625 0.729508 0.00113773
0 0.453516 0.492389 0.903906 0.977752 0.00103188
55 0.486719 0.348946 0.55625 0.689696 0.950195
42 0.782813 0.633636 0.265625 0.725703 0.933594
60 0.521875 0.503513 0.95625 0.984777 0.321777
44 0.783594 0.632904 0.265625 0.723653 0.0350037
43 0.782813 0.637149 0.265625 0.716335 0.0318604
60 0.548438 0.635246 0.9 0.706089 0.0289764
44 0.878906 0.221165 0.242188 0.197014 0.00997162
43 0.879297 0.221897 0.241406 0.197892 0.00815582
45 0.423047 0.526347 0.833594 0.920375 0.00769424
60 0.205078 0.498829 0.407031 0.984777 0.005867
42 0.878906 0.221165 0.242188 0.197014 0.00466537
60 0.546094 0.178279 0.90625 0.353044 0.00408554
60 0.183252 0.30445 0.362402 0.59719 0.00385475
60 0.790625 0.165691 0.417188 0.323185 0.00380898
55 0.4625 0.513759 0.909375 0.944379 0.00366402
55 0.485547 0.223653 0.560938 0.436768 0.00351143
42 0.873438 0.343018 0.253125 0.440427 0.00332451
48 0.485547 0.346019 0.560156 0.685012 0.00327301
60 0.594922 0.709455 0.789844 0.550644 0.00318527
60 0.382715 0.273126 0.762695 0.537471 0.00253105
60 0.851562 0.165105 0.295312 0.314988 0.00246239
53 0.485547 0.346019 0.560156 0.685012 0.00203514
45 0.782813 0.635685 0.26875 0.721604 0.00200272
39 0.782617 0.638027 0.266016 0.723946 0.00189686
42 0.802344 0.485875 0.223438 0.435744 0.00188923
60 0.735938 0.569672 0.523438 0.834895 0.00187492
43 0.873438 0.343018 0.253125 0.440427 0.00171375
63 0.485547 0.346019 0.560156 0.685012 0.00168705
14 0.782617 0.638027 0.266016 0.723946 0.0016613
15 0.485547 0.346019 0.560156 0.685012 0.00156116
55 0.782813 0.637149 0.265625 0.716335 0.00150108
55 0.517188 0.466701 0.310156 0.427254 0.00144386
40 0.782617 0.638027 0.266016 0.723946 0.00136662
0 0.452344 0.49356 0.901563 0.976581 0.00135612
75 0.782617 0.638027 0.266016 0.723946 0.00116062
55 0.486719 0.348946 0.554688 0.688525 0.948242
42 0.783008 0.637588 0.265234 0.716628 0.935547
60 0.521484 0.502927 0.957031 0.987119 0.311523
43 0.782813 0.634807 0.265625 0.718677 0.0391846
60 0.540625 0.637002 0.915625 0.702576 0.0267029
44 0.782813 0.634807 0.265625 0.718677 0.024231
45 0.426953 0.51815 0.839844 0.935597 0.00809479
44 0.878906 0.221568 0.242188 0.197965 0.00651169
55 0.462109 0.511124 0.907031 0.948478 0.00436401
43 0.878906 0.223104 0.242188 0.199576 0.00407028
60 0.212305 0.497073 0.420703 0.980094 0.00400543
60 0.546094 0.17945 0.90625 0.354801 0.00376511
60 0.8375 0.163056 0.321875 0.316745 0.00302696
60 0.694141 0.165984 0.610156 0.3226 0.00301552
55 0.486035 0.223068 0.560742 0.434426 0.00275803
42 0.878906 0.223104 0.242188 0.199576 0.00271416
60 0.18457 0.303571 0.364844 0.594262 0.00271416
15 0.486719 0.346604 0.559375 0.683841 0.00259018
60 0.590527 0.713115 0.798633 0.543325 0.00245285
48 0.486719 0.346604 0.559375 0.683841 0.00191212
53 0.486719 0.346604 0.559375 0.683841 0.00186062
39 0.782031 0.639198 0.265625 0.719262 0.00182438
63 0.486719 0.346604 0.559375 0.683841 0.00175476
60 0.38125 0.274005 0.758594 0.538642 0.00174809
42 0.873047 0.346604 0.253906 0.449649 0.0017271
55 0.782031 0.639198 0.265625 0.719262 0.00171375
42 0.800781 0.483607 0.214062 0.409836 0.00158501
55 0.521484 0.465749 0.310937 0.429157 0.00124454
45 0.783008 0.637588 0.268359 0.717799 0.0012064
0 0.445312 0.498244 0.8875 0.983607 0.00117874
79 0.782031 0.637588 0.265625 0.715457 0.00109482
14 0.782031 0.639198 0.265625 0.719262 0.00106525
60 0.7375 0.568501 0.51875 0.837237 0.00106525
55 0.486816 0.348946 0.55293 0.688525 0.949707
42 0.782813 0.636856 0.264062 0.71692 0.933105
60 0.522266 0.501464 0.955469 0.988876 0.318359
43 0.782813 0.634075 0.264062 0.72014 0.0558167
44 0.782813 0.634075 0.264062 0.72014 0.0259552
60 0.535156 0.63466 0.925 0.70726 0.0248413
45 0.433594 0.51171 0.851562 0.95082 0.00746155
60 0.213086 0.492974 0.422266 0.973068 0.00468063
55 0.464844 0.507904 0.910937 0.954918 0.00432968
60 0.546484 0.17945 0.905469 0.355386 0.0041008
44 0.878906 0.221604 0.242188 0.20082 0.00405502
15 0.487402 0.346897 0.558008 0.684426 0.00346947
60 0.825781 0.16291 0.345313 0.317037 0.00313568
60 0.185547 0.300278 0.366406 0.587968 0.00301552
43 0.879492 0.224239 0.241016 0.202576 0.00256157
42 0.799219 0.484192 0.215625 0.411007 0.00226974
55 0.486719 0.223653 0.559375 0.435597 0.00223351
60 0.585938 0.713115 0.804688 0.543325 0.00221634
60 0.383594 0.273712 0.7625 0.539227 0.00213242
63 0.487402 0.346897 0.558008 0.684426 0.0019722
39 0.782031 0.63832 0.264062 0.718677 0.00179577
42 0.879492 0.224239 0.241016 0.202576 0.00176144
53 0.487402 0.346897 0.558008 0.684426 0.00172043
55 0.782031 0.637002 0.264062 0.716628 0.00156116
48 0.487402 0.346897 0.558008 0.684426 0.00137806
79 0.782031 0.637002 0.264062 0.716628 0.00136662
0 0.445312 0.497073 0.8875 0.983607 0.00130939
76 0.782031 0.637002 0.264062 0.716628 0.00129414
45 0.782031 0.637002 0.267188 0.71897 0.0011158
55 0.52334 0.465749 0.312695 0.431499 0.00102425
55 0.486328 0.348361 0.550781 0.689696 0.948242
42 0.782617 0.636417 0.262891 0.717799 0.935059
60 0.523438 0.5 0.953125 0.990632 0.282959
43 0.782617 0.632318 0.262891 0.722482 0.0665894
60 0.529297 0.636417 0.930469 0.703747 0.0268097
44 0.782617 0.632318 0.262891 0.722482 0.0261536
45 0.435547 0.510539 0.853906 0.955503 0.00818634
55 0.460156 0.507026 0.901563 0.957845 0.00526047
15 0.488672 0.351874 0.552344 0.693208 0.00416565
42 0.799219 0.484485 0.214062 0.413934 0.00298119
60 0.79668 0.161885 0.403516 0.316745 0.00261116
79 0.782617 0.632318 0.262891 0.722482 0.00256157
39 0.782031 0.637588 0.2625 0.71897 0.00255013
60 0.585254 0.710187 0.798242 0.54918 0.00253105
55 0.486719 0.227459 0.557813 0.444379 0.00235939
60 0.549219 0.184133 0.9 0.366511 0.00228691
60 0.187939 0.451698 0.370996 0.895199 0.00216484
60 0.187451 0.300059 0.369629 0.589578 0.00195694
0 0.514844 0.536885 0.970313 0.907494 0.00191212
63 0.487598 0.347775 0.556055 0.686183 0.00188923
76 0.782031 0.637588 0.264062 0.715457 0.0014782
53 0.487598 0.347775 0.556055 0.686183 0.00137806
60 0.385449 0.274297 0.765039 0.542155 0.00131989
55 0.782031 0.637588 0.264062 0.715457 0.00130939
39 0.487598 0.347775 0.556055 0.686183 0.00109005
55 0.524219 0.468384 0.3125 0.428571 0.00106907
44 0.879687 0.225703 0.240625 0.20726 0.00105286
55 0.485938 0.348361 0.550781 0.688525 0.95166
42 0.782813 0.637588 0.264062 0.715457 0.942871
60 0.525 0.499707 0.95 0.99356 0.260498
43 0.782813 0.634075 0.264062 0.717799 0.0598755
60 0.528906 0.638759 0.929688 0.697892 0.0273743
44 0.782813 0.634075 0.264062 0.717799 0.0202484
45 0.428906 0.510539 0.839063 0.954333 0.011116
55 0.453125 0.50644 0.8875 0.957845 0.00712204
15 0.488965 0.351581 0.551758 0.691452 0.00511932
39 0.782031 0.638173 0.2625 0.716628 0.00390053
0 0.514453 0.529859 0.971094 0.921546 0.00279999
60 0.586816 0.708577 0.791992 0.5524 0.0027256
79 0.782813 0.634075 0.264062 0.717799 0.00268364
60 0.778906 0.161885 0.440625 0.317916 0.00261116
42 0.799805 0.485948 0.212891 0.413349 0.0020752
55 0.486719 0.232436 0.557031 0.455503 0.00194168
60 0.187109 0.449649 0.36875 0.891101 0.00174141
63 0.4875 0.34719 0.554688 0.686183 0.0017271
60 0.615625 0.16774 0.76875 0.330796 0.00172043
39 0.488965 0.351581 0.551758 0.691452 0.00166798
0 0.534766 0.674473 0.925781 0.619438 0.00164223
55 0.782031 0.638173 0.2625 0.716628 0.00151253
60 0.187109 0.306499 0.368359 0.602459 0.00147247
76 0.782031 0.638173 0.264062 0.713115 0.00123501
60 0.839844 0.157641 0.317188 0.301815 0.00117397
55 0.486328 0.348068 0.552344 0.687939 0.948242
42 0.782813 0.63832 0.264062 0.713993 0.9375
60 0.526172 0.5 0.947656 0.992974 0.240112
43 0.782813 0.634807 0.264062 0.716335 0.0560303
60 0.528125 0.63993 0.93125 0.69555 0.0247498
44 0.782813 0.634807 0.264062 0.716335 0.0188293
45 0.426563 0.509953 0.834375 0.955503 0.012291
55 0.449219 0.505855 0.879687 0.957845 0.00616837
15 0.488672 0.351288 0.552344 0.690866 0.0051384
39 0.782813 0.639198 0.2625 0.714578 0.00460815
0 0.443359 0.497073 0.882031 0.984777 0.00327301
79 0.782813 0.634807 0.264062 0.716335 0.0029583
60 0.580859 0.711944 0.800781 0.545667 0.00253105
60 0.757812 0.162178 0.482812 0.318501 0.00235939
39 0.488672 0.351288 0.552344 0.690866 0.00198746
60 0.211328 0.483899 0.417969 0.956089 0.00183868
42 0.8 0.486534 0.2125 0.412178 0.00183868
55 0.486621 0.229069 0.556445 0.44877 0.00181007
0 0.528906 0.672717 0.934375 0.624122 0.00181007
60 0.613184 0.168326 0.773633 0.331967 0.00155449
63 0.487109 0.34719 0.555469 0.686183 0.00151253
55 0.782813 0.639198 0.2625 0.714578 0.00142097
60 0.186523 0.309719 0.367578 0.608899 0.00138283
76 0.782031 0.638759 0.264062 0.711944 0.0012064
55 0.520703 0.471311 0.305469 0.422717 0.00114727
6 0.782031 0.63832 0.267188 0.723361 0.00109005
60 0.834375 0.16452 0.329688 0.319087 0.00100803
55 0.489063 0.348361 0.557031 0.688525 0.941895
42 0.782813 0.637588 0.265625 0.713115 0.941895
60 0.527344 0.500585 0.945312 0.992974 0.21936
43 0.783008 0.635246 0.265234 0.715457 0.0462036
60 0.526563 0.645199 0.939063 0.683841 0.0230255
45 0.427734 0.509368 0.836719 0.955503 0.0183411
44 0.783008 0.635246 0.265234 0.715457 0.016922
55 0.450781 0.505269 0.882812 0.959016 0.00803375
39 0.782813 0.639344 0.2625 0.714286 0.00658798
15 0.489063 0.351874 0.553125 0.689696 0.00482941
79 0.783008 0.635246 0.265234 0.715457 0.00387001
0 0.443359 0.498244 0.882031 0.985948 0.00353813
60 0.573438 0.716628 0.815625 0.5363 0.00257111
60 0.702344 0.1613 0.595313 0.316745 0.00218201
39 0.489063 0.351874 0.553125 0.689696 0.00216484
0 0.523828 0.672131 0.944531 0.624122 0.00209999
55 0.782813 0.639344 0.2625 0.714286 0.00144958
6 0.782031 0.638612 0.267188 0.722775 0.00141048
60 0.596484 0.169643 0.803906 0.3387 0.00121593
76 0.782031 0.639344 0.264062 0.711944 0.00112438
55 0.486035 0.221165 0.556055 0.432377 0.0011158
45 0.523828 0.672131 0.944531 0.624122 0.0011158
63 0.487109 0.34719 0.555469 0.685012 0.00107288
55 0.523828 0.475117 0.313281 0.417447 0.00106525
45 0.782617 0.63832 0.266016 0.713993 0.00104809
60 0.205469 0.482143 0.405469 0.952576 0.00103664
42 0.782813 0.637002 0.265625 0.711944 0.946289
55 0.491406 0.348653 0.5625 0.687939 0.937988
60 0.528125 0.501171 0.94375 0.994145 0.202393
43 0.782813 0.635246 0.265625 0.714286 0.0281067
45 0.423828 0.510246 0.828906 0.953747 0.0243378
60 0.524609 0.675059 0.942969 0.617096 0.0215302
44 0.782813 0.635246 0.265625 0.714286 0.0144501
39 0.782813 0.639198 0.2625 0.712237 0.00857544
55 0.445703 0.504684 0.874219 0.959016 0.0068779
15 0.488672 0.351874 0.555469 0.688525 0.00419998
79 0.782813 0.635246 0.265625 0.714286 0.00397491
0 0.443359 0.498536 0.880469 0.986534 0.003088
60 0.682422 0.160714 0.635156 0.316159 0.00212479
0 0.524609 0.675059 0.942969 0.617096 0.00201988
39 0.488672 0.351874 0.555469 0.688525 0.00200272
6 0.782617 0.638759 0.266016 0.722482 0.00157356
45 0.782031 0.639344 0.264062 0.711944 0.00139904
55 0.782813 0.639198 0.2625 0.712237 0.00139427
45 0.524609 0.675059 0.942969 0.617096 0.0011425
42 0.782813 0.635831 0.265625 0.713115 0.954102
55 0.493652 0.348361 0.567383 0.687354 0.931641
60 0.528125 0.502049 0.94375 0.99356 0.194336
45 0.423047 0.511124 0.827344 0.949649 0.0323486
60 0.530469 0.668765 0.932813 0.629684 0.0233765
43 0.782813 0.634075 0.265625 0.715457 0.0160217
44 0.782813 0.636417 0.267188 0.714286 0.0111618
39 0.782813 0.637149 0.2625 0.711651 0.00997162
55 0.444141 0.504391 0.872656 0.958431 0.00757599
79 0.782813 0.634075 0.265625 0.715457 0.00441742
15 0.488672 0.350995 0.555469 0.687939 0.00351143
0 0.528125 0.502049 0.94375 0.99356 0.00307465
60 0.658203 0.160422 0.682031 0.316159 0.00227928
6 0.782617 0.638027 0.266016 0.723946 0.00213242
0 0.530469 0.668765 0.932813 0.629684 0.00210762
39 0.488672 0.350995 0.555469 0.687939 0.00201988
45 0.782031 0.638759 0.265625 0.711944 0.00173378
41 0.441406 0.538349 0.864062 0.890515 0.00132465
22 0.782617 0.638173 0.266016 0.723653 0.00131512
55 0.782813 0.637149 0.2625 0.711651 0.00128937
45 0.530469 0.668765 0.932813 0.629684 0.00112438
71 0.441406 0.538349 0.864062 0.890515 0.00107765
42 0.782617 0.635246 0.266016 0.713115 0.964355
55 0.494629 0.34719 0.57168 0.686183 0.930664
60 0.528125 0.503513 0.94375 0.991803 0.218018
45 0.424219 0.513173 0.829688 0.944379 0.0296478
60 0.537109 0.683255 0.922656 0.599532 0.0281067
43 0.782617 0.633489 0.266016 0.715457 0.0118256
44 0.782031 0.638173 0.265625 0.710773 0.0101318
39 0.782813 0.635978 0.264062 0.711651 0.00989532
55 0.539453 0.483021 0.799219 0.954333 0.00737381
79 0.782617 0.633489 0.266016 0.715457 0.00392914
0 0.528125 0.503513 0.94375 0.991803 0.00316048
15 0.488281 0.350117 0.55625 0.686183 0.00269318
6 0.782031 0.636856 0.267188 0.721604 0.00257111
60 0.658594 0.160129 0.682813 0.315574 0.00211525
39 0.488281 0.350117 0.55625 0.686183 0.0020504
22 0.782617 0.637441 0.266016 0.722775 0.00201988
0 0.537109 0.683255 0.922656 0.599532 0.00196457
45 0.782031 0.638173 0.265625 0.710773 0.00192642
41 0.442188 0.544496 0.865625 0.877049 0.00157356
55 0.782813 0.635978 0.264062 0.711651 0.00124454
60 0.566406 0.182523 0.864062 0.362705 0.00123024
71 0.442188 0.544496 0.865625 0.877049 0.00121117
45 0.537109 0.683255 0.922656 0.599532 0.00108624
75 0.782813 0.635978 0.264062 0.711651 0.00103188
42 0.782031 0.634514 0.267188 0.712237 0.972656
55 0.494531 0.346604 0.573438 0.683841 0.935059
60 0.526953 0.503513 0.946094 0.990632 0.245117
60 0.538281 0.683255 0.920313 0.598361 0.0289764
45 0.41875 0.511124 0.820312 0.947307 0.0280151
43 0.782031 0.638173 0.265625 0.709602 0.0100555
44 0.782031 0.638173 0.265625 0.709602 0.00963593
39 0.782031 0.635831 0.265625 0.709602 0.00874329
55 0.540234 0.483607 0.835156 0.957845 0.00631332
79 0.783008 0.633489 0.268359 0.714286 0.00335121
22 0.782813 0.637002 0.267188 0.721311 0.00292397
6 0.782031 0.636417 0.267188 0.72014 0.00255013
0 0.526953 0.503513 0.946094 0.990632 0.00236893
39 0.487891 0.349239 0.55625 0.684426 0.00221634
60 0.653223 0.159836 0.691992 0.314988 0.00211525
45 0.782031 0.638173 0.265625 0.709602 0.00199509
41 0.41875 0.511124 0.820312 0.947307 0.00164223
15 0.487891 0.349239 0.55625 0.684426 0.00152493
0 0.538281 0.683255 0.920313 0.598361 0.00151253
14 0.783008 0.635246 0.268359 0.713115 0.00123501
55 0.782031 0.635831 0.265625 0.709602 0.00121593
45 0.538281 0.683255 0.920313 0.598361 0.00117874
75 0.782031 0.635831 0.265625 0.709602 0.0011158
60 0.817187 0.630562 0.3625 0.715457 0.00102043
42 0.781445 0.635685 0.268359 0.71692 0.977539
55 0.494141 0.346019 0.574219 0.68267 0.94043
60 0.527734 0.501171 0.944531 0.984777 0.262207
60 0.529688 0.668618 0.939063 0.627635 0.0300446
45 0.419531 0.508197 0.823438 0.953162 0.02211
43 0.782031 0.634075 0.26875 0.713115 0.00967407
44 0.781055 0.638173 0.266016 0.70726 0.00847626
39 0.781055 0.636417 0.266016 0.708431 0.0078125
55 0.539844 0.489461 0.920313 0.959016 0.00570679
22 0.782031 0.635978 0.267188 0.718677 0.00431442
79 0.781055 0.638173 0.266016 0.70726 0.0037365
6 0.781445 0.635685 0.268359 0.71692 0.00290108
39 0.4875 0.348361 0.555469 0.68267 0.00209045
60 0.653906 0.159543 0.690625 0.314403 0.00198746
45 0.781055 0.638173 0.266016 0.70726 0.00182438
0 0.525391 0.503513 0.949219 0.98829 0.00171375
41 0.419531 0.508197 0.823438 0.953162 0.00165462
14 0.782031 0.635978 0.26875 0.711651 0.00163555
55 0.781055 0.636417 0.266016 0.708431 0.00127411
75 0.781055 0.636417 0.266016 0.708431 0.00125504
0 0.533594 0.651639 0.932813 0.666276 0.00118828
45 0.529688 0.668618 0.939063 0.627635 0.0011034
60 0.813867 0.634075 0.366016 0.706089 0.00109482
42 0.781445 0.637149 0.268359 0.716335 0.981445
55 0.493066 0.344848 0.573242 0.681499 0.95166
60 0.525391 0.501171 0.949219 0.983607 0.269775
60 0.523047 0.665105 0.952344 0.63466 0.0282135
45 0.419531 0.506148 0.821875 0.95726 0.0166626
43 0.781445 0.636417 0.268359 0.708431 0.00908661
44 0.781055 0.638173 0.266016 0.706089 0.00806427
39 0.781055 0.637002 0.266016 0.706089 0.00723267
22 0.782031 0.636856 0.267188 0.71692 0.00519943
55 0.442969 0.502342 0.873438 0.961358 0.0049057
79 0.781055 0.638173 0.266016 0.706089 0.00379562
6 0.781445 0.637149 0.268359 0.716335 0.00273705
39 0.487109 0.348068 0.553906 0.680913 0.00197983
14 0.781445 0.636417 0.268359 0.708431 0.00196457
45 0.781055 0.638173 0.266016 0.706089 0.00192642
60 0.656641 0.159397 0.685156 0.314696 0.00181007
55 0.781055 0.637002 0.266016 0.706089 0.00135612
0 0.523438 0.504098 0.953125 0.987119 0.00132465
41 0.419531 0.506148 0.821875 0.95726 0.00131989
60 0.81582 0.634807 0.365234 0.704625 0.0012846
75 0.781055 0.637002 0.266016 0.706089 0.00116539
42 0.771094 0.721311 0.242188 0.538642 0.00115108
45 0.523047 0.665105 0.952344 0.63466 0.00113773
42 0.877344 0.217799 0.245312 0.201405 0.00104809
42 0.781445 0.637149 0.268359 0.716335 0.983887
55 0.482812 0.344555 0.560938 0.679742 0.95752
60 0.524609 0.500585 0.950781 0.981265 0.293457
60 0.523047 0.671107 0.952344 0.622658 0.0309601
43 0.782031 0.637002 0.267188 0.70726 0.00803375
45 0.416016 0.507611 0.814844 0.954333 0.0077858
44 0.781055 0.638759 0.266016 0.703747 0.00666809
39 0.782031 0.638027 0.265625 0.705211 0.00658798
22 0.781055 0.636856 0.266016 0.71692 0.00653839
55 0.440625 0.502927 0.870313 0.960187 0.00407028
79 0.781055 0.638759 0.266016 0.703747 0.00367928
6 0.781445 0.637149 0.268359 0.716335 0.00311089
14 0.782031 0.637002 0.267188 0.70726 0.00216484
45 0.782031 0.637002 0.267188 0.70726 0.00170708
39 0.486719 0.34719 0.553125 0.677986 0.0015974
60 0.652734 0.159397 0.694531 0.314696 0.00155449
60 0.816406 0.635831 0.3625 0.700234 0.00150681
55 0.782031 0.638027 0.265625 0.705211 0.00148392
42 0.770703 0.725995 0.239844 0.528103 0.00136662
75 0.782031 0.638027 0.265625 0.705211 0.00107288
8 0.782031 0.637002 0.267188 0.70726 0.00101662
42 0.78125 0.639198 0.267188 0.71692 0.985352
55 0.483203 0.344555 0.560156 0.679742 0.961426
60 0.523828 0.500585 0.952344 0.980094 0.318359
60 0.523438 0.659251 0.951563 0.645199 0.0317383
22 0.78125 0.63832 0.265625 0.718677 0.0101318
39 0.781445 0.639198 0.265234 0.705211 0.00595856
43 0.781055 0.638027 0.266016 0.705211 0.00588989
45 0.439063 0.5 0.865625 0.983607 0.00479126
44 0.78125 0.639344 0.265625 0.702576 0.00473785
6 0.78125 0.639198 0.267188 0.71692 0.00436401
55 0.438281 0.503513 0.865625 0.960187 0.00362206
79 0.78125 0.639344 0.265625 0.702576 0.00349617
14 0.781055 0.638027 0.266016 0.705211 0.00218201
42 0.770312 0.727166 0.2375 0.525761 0.00170708
60 0.81875 0.636417 0.357812 0.699063 0.00162888
55 0.781445 0.639198 0.265234 0.705211 0.00160408
60 0.642969 0.159251 0.714063 0.314988 0.0014782
45 0.781055 0.638027 0.266016 0.705211 0.00145531
8 0.781055 0.638027 0.266016 0.705211 0.00143242
55 0.486328 0.237559 0.550781 0.469262 0.00128937
39 0.486328 0.346604 0.553125 0.677986 0.00127411
55 0.520312 0.476581 0.342187 0.413349 0.00102425
42 0.780469 0.639491 0.267188 0.718677 0.985352
55 0.483594 0.344848 0.559375 0.680328 0.961914
60 0.524609 0.500878 0.950781 0.979508 0.294922
60 0.525781 0.642857 0.946875 0.679157 0.0284882
22 0.780469 0.639491 0.267188 0.718677 0.0153046
6 0.780469 0.639491 0.267188 0.718677 0.00624084
39 0.78125 0.639491 0.265625 0.706967 0.00591278
43 0.78125 0.638759 0.267188 0.704918 0.00530243
44 0.78125 0.63993 0.265625 0.701405 0.00367928
79 0.78125 0.63993 0.265625 0.701405 0.00345612
45 0.438281 0.500293 0.864062 0.983021 0.00335121
14 0.78125 0.638759 0.267188 0.704918 0.00248146
55 0.435156 0.504391 0.857813 0.961944 0.00219917
8 0.78125 0.638759 0.267188 0.704918 0.00192642
42 0.769922 0.728191 0.236719 0.524883 0.00192642
55 0.78125 0.639491 0.265625 0.706967 0.0018177
55 0.558203 0.442037 0.883594 0.858314 0.00148964
60 0.819531 0.635831 0.354688 0.700234 0.00140476
60 0.651953 0.159397 0.694531 0.314696 0.00134563
55 0.486719 0.240925 0.55 0.476581 0.00121593
45 0.78125 0.638759 0.267188 0.704918 0.0011425
55 0.519434 0.476874 0.337695 0.415105 0.00107288
42 0.878125 0.218823 0.24375 0.197014 0.00105286
39 0.486816 0.346897 0.55293 0.678571 0.00103664
43 0.878125 0.218823 0.24375 0.197014 0.00101662
42 0.780469 0.63993 0.267188 0.72014 0.984863
55 0.483594 0.345726 0.559375 0.680913 0.962402
60 0.523828 0.501464 0.952344 0.979508 0.276611
60 0.521484 0.645784 0.957031 0.673302 0.0258636
22 0.780469 0.63993 0.267188 0.72014 0.0200195
6 0.780469 0.63993 0.267188 0.72014 0.0085144
43 0.78125 0.639344 0.267188 0.704918 0.00559998
39 0.78125 0.63993 0.265625 0.708431 0.00503922
79 0.78125 0.640515 0.265625 0.702576 0.00359344
44 0.78125 0.640515 0.265625 0.702576 0.00340271
14 0.78125 0.639344 0.267188 0.704918 0.00248146
45 0.438672 0.500585 0.864844 0.982436 0.0020504
8 0.78125 0.639344 0.267188 0.704918 0.00200272
55 0.516797 0.507026 0.966406 0.964871 0.00194168
55 0.78125 0.63993 0.265625 0.708431 0.00191212
42 0.769141 0.72702 0.235156 0.527225 0.00185299
55 0.487109 0.244731 0.550781 0.484778 0.00133514
60 0.820508 0.636417 0.352734 0.701405 0.00123024
60 0.653516 0.158811 0.691406 0.313525 0.0012064
42 0.781445 0.63993 0.268359 0.72014 0.983887
55 0.484375 0.346311 0.560938 0.682084 0.961914
60 0.524219 0.501171 0.951563 0.981265 0.236572
22 0.781445 0.63993 0.268359 0.72014 0.0263519
60 0.517578 0.647541 0.964844 0.67096 0.0215759
6 0.781445 0.63993 0.268359 0.72014 0.0107346
43 0.781445 0.639491 0.268359 0.706967 0.00538635
39 0.78125 0.640515 0.267188 0.709602 0.00519943
79 0.781055 0.640515 0.266016 0.703747 0.00383949
44 0.781055 0.640515 0.266016 0.703747 0.00351143
14 0.781445 0.639491 0.268359 0.706967 0.00228691
45 0.445703 0.503513 0.877344 0.974239 0.00224304
55 0.516406 0.505855 0.967188 0.967213 0.0020504
42 0.76875 0.728337 0.234375 0.525761 0.00194931
8 0.781445 0.639491 0.268359 0.706967 0.00191879
55 0.78125 0.640515 0.267188 0.709602 0.00187492
60 0.652441 0.158519 0.695117 0.312939 0.0012207
60 0.820117 0.636417 0.350391 0.706089 0.00109863
42 0.78125 0.638027 0.26875 0.709895 0.983887
55 0.484766 0.34719 0.561719 0.683841 0.962402
60 0.521875 0.505562 0.95625 0.980679 0.211426
22 0.780469 0.640515 0.26875 0.71897 0.0306702
60 0.514844 0.636856 0.970313 0.693501 0.0205231
6 0.780469 0.640515 0.26875 0.71897 0.012825
39 0.78125 0.641101 0.267188 0.709602 0.00629044
43 0.78125 0.63993 0.26875 0.70726 0.00534439
79 0.782031 0.641101 0.267188 0.703747 0.00432968
44 0.782031 0.641101 0.267188 0.703747 0.00385475
45 0.447656 0.503806 0.884375 0.974824 0.00319672
42 0.76875 0.729655 0.234375 0.524297 0.00212479
14 0.78125 0.63993 0.26875 0.70726 0.00199509
55 0.516797 0.504684 0.966406 0.969555 0.00198746
8 0.78125 0.63993 0.26875 0.70726 0.00184631
55 0.78125 0.641101 0.267188 0.709602 0.00182438
60 0.645312 0.158519 0.709375 0.311768 0.00139904
0 0.451172 0.492389 0.897656 0.959016 0.0012598
60 0.820312 0.635831 0.351562 0.709602 0.00104427
42 0.780469 0.640808 0.26875 0.718384 0.98291
55 0.485547 0.347482 0.5625 0.685597 0.961426
60 0.522656 0.504684 0.954688 0.983607 0.206299
22 0.780469 0.640808 0.26875 0.718384 0.0351562
6 0.780469 0.640808 0.26875 0.718384 0.0153046
39 0.781445 0.64154 0.268359 0.709895 0.00746155
43 0.782617 0.638173 0.269141 0.708431 0.00575256
79 0.782031 0.641101 0.267188 0.703747 0.00477219
44 0.782031 0.641101 0.267188 0.703747 0.00432968
45 0.449219 0.503513 0.885938 0.976581 0.00356483
55 0.517188 0.50322 0.965625 0.972482 0.00233269
42 0.769141 0.730094 0.235156 0.523419 0.00216484
14 0.78125 0.640515 0.26875 0.70726 0.00188255
55 0.781445 0.64154 0.268359 0.709895 0.00181007
8 0.78125 0.640515 0.26875 0.70726 0.00178909
0 0.451172 0.492974 0.897656 0.962529 0.00174141
60 0.650098 0.158372 0.699805 0.313232 0.00156689
60 0.820117 0.637149 0.350391 0.709309 0.0011158
42 0.780469 0.640515 0.270313 0.71897 0.984375
55 0.485938 0.347775 0.5625 0.686183 0.960449
60 0.522656 0.503513 0.954688 0.98829 0.187134
22 0.780469 0.640515 0.270313 0.71897 0.0350037
6 0.780469 0.640515 0.270313 0.71897 0.0147324
39 0.78125 0.641833 0.26875 0.711651 0.00898743
43 0.782617 0.638173 0.269141 0.709602 0.00653839
44 0.782031 0.641101 0.26875 0.703747 0.00494385
79 0.782617 0.638173 0.269141 0.709602 0.00477219
45 0.451172 0.503806 0.891406 0.978337 0.0039444
42 0.76875 0.733021 0.235938 0.518735 0.00286674
55 0.517969 0.501756 0.964063 0.97541 0.00261116
0 0.451953 0.494145 0.899219 0.966042 0.00230598
14 0.782031 0.640369 0.26875 0.707553 0.0018034
55 0.78125 0.641833 0.26875 0.711651 0.00176144
60 0.643652 0.158372 0.712695 0.314403 0.00175476
8 0.782031 0.640369 0.26875 0.707553 0.00163555
60 0.820117 0.637002 0.350391 0.709602 0.00119686
48 0.492188 0.34719 0.564063 0.688525 0.00104427
42 0.78125 0.638027 0.26875 0.712237 0.986328
55 0.486328 0.347775 0.563281 0.687354 0.959961
60 0.523047 0.502342 0.953906 0.991803 0.16394
22 0.780469 0.641101 0.270313 0.717799 0.0372009
6 0.780469 0.641101 0.270313 0.717799 0.0147324
39 0.781055 0.641833 0.269141 0.711651 0.0086441
43 0.782031 0.640515 0.26875 0.704918 0.00734711
44 0.782031 0.640515 0.26875 0.704918 0.0050621
45 0.451953 0.502927 0.892969 0.978923 0.00376511
79 0.782617 0.638173 0.269141 0.709602 0.00363541
42 0.769531 0.735509 0.235938 0.51493 0.00332451
55 0.519141 0.501171 0.961719 0.977752 0.00282288
0 0.452734 0.494731 0.900781 0.968384 0.00265312
60 0.647266 0.15808 0.705469 0.316159 0.0018177
55 0.781055 0.641833 0.269141 0.711651 0.00175476
14 0.782031 0.63993 0.26875 0.708431 0.00168705
8 0.782031 0.63993 0.26875 0.708431 0.00151253
48 0.49209 0.347775 0.564258 0.688525 0.00137806
60 0.821094 0.638173 0.348438 0.708431 0.00119209
42 0.781055 0.637588 0.269141 0.713115 0.986328
55 0.486621 0.348068 0.562695 0.687939 0.95459
60 0.523438 0.501464 0.953125 0.99356 0.149536
22 0.78125 0.640954 0.270313 0.718091 0.0399475
6 0.78125 0.640954 0.270313 0.718091 0.0160217
39 0.781055 0.641686 0.269141 0.711944 0.00793457
43 0.782031 0.640369 0.26875 0.705211 0.00790405
44 0.782031 0.640369 0.26875 0.705211 0.00494385
45 0.4375 0.500293 0.86875 0.987705 0.00426483
42 0.769531 0.737705 0.2375 0.509368 0.00366402
0 0.453516 0.494731 0.902344 0.968384 0.00327301
79 0.782813 0.637588 0.270313 0.710773 0.00301552
55 0.520312 0.500585 0.959375 0.978923 0.00276756
60 0.642578 0.158519 0.714844 0.317037 0.00196457
48 0.492188 0.347775 0.564063 0.688525 0.00179577
55 0.781055 0.641686 0.269141 0.711944 0.00157356
14 0.782031 0.63993 0.26875 0.709602 0.00157356
8 0.782031 0.63993 0.26875 0.709602 0.00137806
60 0.82168 0.63832 0.347266 0.709309 0.00129414
42 0.78125 0.637588 0.26875 0.713115 0.985352
55 0.491797 0.348361 0.566406 0.688525 0.95166
60 0.526563 0.500585 0.946875 0.990632 0.142212
22 0.78125 0.640954 0.270313 0.718091 0.0403748
6 0.78125 0.640954 0.270313 0.718091 0.0164032
43 0.783008 0.63993 0.268359 0.706089 0.00857544
39 0.78125 0.641833 0.26875 0.711651 0.00714874
45 0.438281 0.5 0.870313 0.98829 0.00631332
44 0.783008 0.63993 0.268359 0.706089 0.00466537
42 0.769531 0.739022 0.2375 0.507904 0.00452042
0 0.454297 0.495023 0.903906 0.97014 0.00395966
55 0.521875 0.499415 0.95625 0.980094 0.00253105
48 0.492188 0.347482 0.5625 0.68911 0.00220871
79 0.782617 0.638027 0.269141 0.709895 0.00220871
60 0.630078 0.158958 0.739844 0.317916 0.0020752
55 0.78125 0.641833 0.26875 0.711651 0.00146675
14 0.783008 0.639344 0.268359 0.709602 0.00144958
8 0.783008 0.639344 0.268359 0.709602 0.00120163
60 0.822656 0.637002 0.345313 0.711944 0.00118351
42 0.781445 0.637588 0.268359 0.711944 0.984375
55 0.491406 0.348361 0.564844 0.688525 0.944824
60 0.526953 0.500878 0.946094 0.991218 0.129883
22 0.781055 0.641247 0.269141 0.717506 0.0465393
6 0.781055 0.641247 0.269141 0.717506 0.0197144
43 0.782813 0.63993 0.267188 0.706089 0.00757599
45 0.439063 0.499707 0.871875 0.988876 0.00658798
39 0.781445 0.64154 0.268359 0.709895 0.0064888
0 0.455078 0.495316 0.905469 0.970726 0.00498199
42 0.770312 0.737559 0.239063 0.508489 0.0042305
44 0.782813 0.63993 0.267188 0.706089 0.00407028
55 0.521875 0.499415 0.95625 0.982436 0.00282288
48 0.491797 0.347775 0.561719 0.689696 0.00263214
79 0.782813 0.638173 0.26875 0.709602 0.00228691
60 0.627344 0.159982 0.745313 0.319965 0.00203514
55 0.781445 0.64154 0.268359 0.709895 0.00129986
14 0.782813 0.63993 0.267188 0.708431 0.00126934
60 0.823438 0.637002 0.342187 0.713115 0.00104427
8 0.782813 0.63993 0.267188 0.708431 0.00101185
42 0.781445 0.638759 0.268359 0.709602 0.98291
55 0.490625 0.348361 0.564063 0.687354 0.942383
60 0.525 0.5 0.95 0.994145 0.117554
22 0.782031 0.641686 0.26875 0.716628 0.044342
6 0.782031 0.641686 0.26875 0.716628 0.0220337
43 0.782031 0.640515 0.267188 0.704918 0.00712204
39 0.781055 0.641686 0.266016 0.709602 0.00595856
45 0.439063 0.499122 0.871875 0.987705 0.00441742
0 0.455469 0.494145 0.904688 0.967213 0.00439835
42 0.770312 0.739022 0.2375 0.505562 0.00436401
55 0.508984 0.494731 0.860156 0.989461 0.00405502
44 0.782031 0.640515 0.267188 0.704918 0.00374985
79 0.782813 0.638759 0.26875 0.708431 0.00252151
48 0.491504 0.347775 0.560742 0.688525 0.00232315
60 0.649512 0.160422 0.700977 0.320843 0.00186729
55 0.781055 0.641686 0.266016 0.709602 0.00137806
14 0.782617 0.640662 0.266016 0.706967 0.00117874
42 0.782031 0.639344 0.267188 0.708431 0.981934
55 0.490625 0.348653 0.564063 0.686768 0.938965
60 0.525 0.499415 0.95 0.992974 0.110107
22 0.781445 0.641686 0.268359 0.716628 0.0450134
6 0.781445 0.641686 0.268359 0.716628 0.0238647
43 0.782617 0.640515 0.266016 0.704918 0.00679779
39 0.782031 0.641833 0.265625 0.709309 0.00511932
42 0.770312 0.739461 0.2375 0.505855 0.00502014
0 0.45625 0.49356 0.90625 0.966042 0.00468063
55 0.509375 0.494438 0.825 0.988876 0.00418091
45 0.439453 0.498829 0.872656 0.98829 0.00392914
44 0.782617 0.640515 0.266016 0.704918 0.00341606
48 0.490723 0.347775 0.560742 0.688525 0.00233269
60 0.649512 0.160422 0.700977 0.320843 0.00206757
79 0.782813 0.639491 0.26875 0.706967 0.00205803
55 0.782031 0.641833 0.265625 0.709309 0.00137806
42 0.782031 0.639344 0.267188 0.708431 0.978516
55 0.490625 0.348946 0.564063 0.687354 0.927246
60 0.524609 0.498829 0.950781 0.992974 0.0892944
22 0.781445 0.641686 0.268359 0.716628 0.0479431
6 0.781445 0.641686 0.268359 0.716628 0.0252686
43 0.782813 0.638759 0.267188 0.70726 0.00658798
55 0.503125 0.494731 0.804688 0.989461 0.00482941
39 0.781445 0.641686 0.265234 0.709602 0.0046463
0 0.45625 0.492974 0.90625 0.9637 0.00421524
42 0.770312 0.737705 0.239063 0.508197 0.00407028
45 0.439844 0.498244 0.871875 0.987119 0.00319672
44 0.782617 0.640515 0.266016 0.704918 0.00305176
79 0.782813 0.638759 0.267188 0.70726 0.00271416
48 0.491016 0.347482 0.560938 0.68911 0.00237846
60 0.652344 0.160861 0.695312 0.321721 0.00191212
55 0.781445 0.641686 0.265234 0.709602 0.00121593
42 0.782813 0.639344 0.267188 0.706089 0.976074
55 0.490723 0.348946 0.56543 0.686183 0.924805
60 0.524219 0.498244 0.951563 0.991803 0.0878906
22 0.781445 0.64154 0.268359 0.71692 0.0538025
6 0.781445 0.64154 0.268359 0.71692 0.026062
43 0.782813 0.639344 0.267188 0.706089 0.00591278
55 0.505078 0.494438 0.796094 0.988876 0.00436401
39 0.781445 0.641833 0.265234 0.709309 0.0042305
42 0.771094 0.736534 0.239063 0.510539 0.00380898
0 0.457813 0.491803 0.907813 0.961358 0.00370789
45 0.440234 0.498244 0.872656 0.987119 0.00274658
44 0.782617 0.640515 0.266016 0.704918 0.00265312
79 0.782813 0.639344 0.267188 0.706089 0.00235939
48 0.491016 0.347482 0.561719 0.68911 0.00209999
60 0.646973 0.161007 0.706055 0.322014 0.00194168
55 0.781445 0.641833 0.265234 0.709309 0.00115585
42 0.782813 0.639491 0.267188 0.706967 0.973633
55 0.490625 0.348946 0.565625 0.686183 0.916016
60 0.525781 0.498829 0.948438 0.987119 0.0863037
22 0.782031 0.64154 0.26875 0.71692 0.0552063
6 0.782031 0.64154 0.26875 0.71692 0.0237732
43 0.782813 0.639491 0.267188 0.706967 0.00614548
55 0.487891 0.485363 0.650781 0.961358 0.00511932
39 0.781445 0.641686 0.265234 0.709602 0.00366402
42 0.771094 0.734778 0.240625 0.512881 0.00338936
0 0.457422 0.490925 0.907031 0.959602 0.00287819
55 0.522656 0.499707 0.954688 0.98185 0.00257111
44 0.782617 0.640369 0.266016 0.705211 0.00250244
45 0.440234 0.498244 0.872656 0.987119 0.00226974
79 0.782813 0.639491 0.267188 0.706967 0.00216484
48 0.491016 0.34719 0.5625 0.688525 0.00206757
60 0.651953 0.1613 0.696094 0.3226 0.00193405
55 0.781445 0.641686 0.265234 0.709602 0.00103664
42 0.782813 0.638759 0.267188 0.70726 0.974121
55 0.487891 0.347775 0.565625 0.687354 0.923828
60 0.523828 0.497658 0.952344 0.991803 0.0847778
22 0.782031 0.641101 0.26875 0.717799 0.0583496
6 0.782031 0.641101 0.26875 0.717799 0.0244293
43 0.782813 0.638759 0.267188 0.70726 0.00612259
42 0.771094 0.733167 0.242188 0.517272 0.00333786
39 0.782031 0.641686 0.265625 0.710773 0.00312424
44 0.782617 0.63993 0.266016 0.706089 0.00239754
0 0.457813 0.490632 0.907813 0.957845 0.00236893
55 0.498535 0.494731 0.757617 0.987119 0.00234222
60 0.650391 0.1613 0.699219 0.3226 0.00194931
45 0.440625 0.498536 0.873438 0.987705 0.00192642
79 0.782813 0.638759 0.267188 0.70726 0.00188923
48 0.491016 0.34719 0.563281 0.688525 0.00154305
42 0.783008 0.639198 0.268359 0.707553 0.975098
55 0.4875 0.347482 0.565625 0.687939 0.931152
60 0.523828 0.497073 0.952344 0.991803 0.093689
22 0.781055 0.641393 0.269141 0.717213 0.0495911
6 0.781055 0.641393 0.269141 0.717213 0.0215302
43 0.783008 0.639198 0.268359 0.707553 0.00679779
42 0.771875 0.733167 0.242188 0.517272 0.00418091
39 0.782031 0.641833 0.265625 0.711651 0.00314713
44 0.782617 0.640369 0.266016 0.705211 0.00263214
0 0.458203 0.490047 0.908594 0.957845 0.00239754
60 0.656934 0.161446 0.686133 0.322892 0.00195694
55 0.524219 0.5 0.951563 0.978923 0.00176811
79 0.782617 0.640369 0.266016 0.705211 0.00168705
45 0.441016 0.498829 0.874219 0.987119 0.00152493
48 0.490527 0.346897 0.562695 0.68911 0.00152493
42 0.783008 0.638759 0.268359 0.708431 0.973633
55 0.4875 0.347482 0.565625 0.687939 0.930176
60 0.523828 0.496487 0.952344 0.992974 0.0922241
22 0.781055 0.64154 0.269141 0.71692 0.044342
6 0.781055 0.64154 0.269141 0.71692 0.0189819
43 0.783008 0.638759 0.268359 0.708431 0.00695801
42 0.771875 0.730533 0.24375 0.520199 0.00418091
39 0.781055 0.642272 0.266016 0.713115 0.00309944
44 0.782031 0.640369 0.267188 0.705211 0.00292397
0 0.458203 0.489461 0.908594 0.956674 0.00191879
60 0.66709 0.162178 0.66582 0.324356 0.00176144
79 0.782031 0.640369 0.267188 0.705211 0.00174141
55 0.524609 0.500293 0.950781 0.980679 0.00157356
48 0.490527 0.346897 0.562695 0.68911 0.00134563
45 0.441016 0.498829 0.874219 0.987119 0.0012846
42 0.782813 0.639344 0.26875 0.70726 0.977051
55 0.487109 0.34719 0.564844 0.688525 0.941895
60 0.525391 0.497073 0.949219 0.989461 0.107056
22 0.78125 0.641833 0.270313 0.716335 0.0603027
6 0.78125 0.641833 0.270313 0.716335 0.0294189
43 0.782813 0.639344 0.26875 0.70726 0.0050621
42 0.772266 0.731265 0.242969 0.521077 0.00432968
0 0.456641 0.490047 0.907031 0.956674 0.00299263
39 0.78125 0.641686 0.267188 0.711944 0.00287819
44 0.782031 0.640515 0.267188 0.704918 0.00266266
60 0.718359 0.161446 0.563281 0.322892 0.00218201
60 0.533594 0.634075 0.920313 0.708431 0.00209045
60 0.569531 0.174473 0.859375 0.348946 0.00153065
79 0.782031 0.640515 0.267188 0.704918 0.00148964
48 0.490234 0.346604 0.561719 0.688525 0.00130463
45 0.439844 0.499707 0.871875 0.986534 0.00106525
42 0.782813 0.63993 0.26875 0.706089 0.978027
55 0.487109 0.34719 0.563281 0.687354 0.944824
60 0.526953 0.497658 0.946094 0.98829 0.12085
22 0.78125 0.641979 0.26875 0.716042 0.0668335
6 0.78125 0.641979 0.26875 0.716042 0.0350037
42 0.771875 0.731265 0.242188 0.521077 0.00450516
43 0.782813 0.63993 0.26875 0.706089 0.00434875
0 0.455469 0.490632 0.904688 0.960187 0.00408554
39 0.78125 0.641686 0.267188 0.711944 0.0027256
60 0.770312 0.160422 0.459375 0.320843 0.00253105
44 0.782031 0.641101 0.267188 0.704918 0.00253105
60 0.543359 0.642857 0.902344 0.690866 0.00219917
60 0.675098 0.171546 0.649805 0.338407 0.00165462
48 0.489844 0.346604 0.560938 0.688525 0.00138855
79 0.782031 0.641101 0.267188 0.704918 0.00123501
60 0.184717 0.287544 0.364941 0.566598 0.00121593
60 0.858594 0.162471 0.28125 0.307377 0.0012064
45 0.4375 0.500585 0.86875 0.987119 0.00103188
42 0.782813 0.639491 0.26875 0.706967 0.979004
55 0.486621 0.34719 0.562695 0.687354 0.949219
60 0.527734 0.498244 0.944531 0.987119 0.133911
22 0.78125 0.642125 0.26875 0.715749 0.0713501
6 0.78125 0.642125 0.26875 0.715749 0.0390625
60 0.527734 0.653981 0.935156 0.660421 0.0164642
0 0.454688 0.491511 0.904688 0.961944 0.00488663
42 0.771875 0.731704 0.240625 0.520199 0.00419998
43 0.782813 0.639491 0.26875 0.706967 0.00382423
60 0.798633 0.159543 0.402734 0.319087 0.00283432
39 0.78125 0.641833 0.267188 0.711651 0.00270462
44 0.782617 0.641101 0.266016 0.704918 0.00256157
60 0.182422 0.284251 0.360938 0.558548 0.00209045
60 0.717969 0.171546 0.564063 0.338407 0.00168705
60 0.860156 0.161592 0.278125 0.305621 0.00151253
60 0.555078 0.740632 0.811719 0.490632 0.00123978
48 0.490234 0.346604 0.560156 0.687354 0.00123024
60 0.82832 0.642711 0.340234 0.698185 0.00123024
79 0.782617 0.641101 0.266016 0.704918 0.00116539
44 0.867969 0.425644 0.0796875 0.25644 0.00106049
45 0.435937 0.500585 0.865625 0.987119 0.00102043
42 0.782813 0.63993 0.26875 0.706089 0.980469
55 0.487109 0.346897 0.5625 0.686768 0.95166
60 0.528516 0.498244 0.942969 0.987119 0.146118
22 0.78125 0.641979 0.26875 0.716042 0.0713501
6 0.78125 0.641979 0.26875 0.716042 0.0394897
60 0.532813 0.668618 0.925 0.631148 0.016922
0 0.455078 0.491803 0.905469 0.9637 0.00534439
42 0.771094 0.733607 0.239063 0.518735 0.00382423
43 0.782813 0.63993 0.26875 0.706089 0.00356483
60 0.180127 0.281616 0.356934 0.552108 0.00331116
60 0.814063 0.158958 0.371875 0.31733 0.00307465
44 0.782617 0.641686 0.266016 0.704918 0.00281143
39 0.781055 0.641101 0.266016 0.710773 0.00273705
60 0.404687 0.38144 0.807813 0.762881 0.00266266
60 0.115332 0.27803 0.22793 0.530591 0.00162888
60 0.828906 0.645199 0.339063 0.693208 0.00149536
60 0.565234 0.73829 0.786719 0.495316 0.00136662
44 0.86875 0.426229 0.075 0.25644 0.00136185
60 0.7125 0.165398 0.575 0.330796 0.00126934
48 0.490625 0.346604 0.559375 0.686183 0.0012207
79 0.782617 0.641686 0.266016 0.704918 0.00120163
44 0.851562 0.430328 0.08125 0.26815 0.00102806
42 0.783008 0.63993 0.268359 0.70726 0.981445
55 0.487598 0.346604 0.562305 0.686183 0.950684
60 0.528516 0.498244 0.942969 0.98829 0.15979
22 0.78125 0.641979 0.26875 0.716042 0.0670776
6 0.78125 0.641979 0.26875 0.716042 0.0389099
60 0.5375 0.674473 0.915625 0.619438 0.0151291
60 0.40625 0.382026 0.810938 0.764051 0.00664139
0 0.455469 0.493267 0.90625 0.966628 0.00591278
60 0.178125 0.280445 0.353125 0.54918 0.00462723
43 0.783008 0.63993 0.268359 0.70726 0.00338936
42 0.771094 0.734192 0.2375 0.517564 0.00337601
60 0.820312 0.158372 0.359375 0.315574 0.00327301
44 0.782813 0.641686 0.265625 0.704918 0.003088
39 0.782031 0.641101 0.265625 0.710773 0.00271416
60 0.11543 0.273566 0.228125 0.522541 0.00219154
0 0.40625 0.382026 0.810938 0.764051 0.00174809
44 0.869531 0.426522 0.071875 0.258197 0.0015974
60 0.829492 0.646955 0.337891 0.689696 0.00158501
0 0.178125 0.280445 0.353125 0.54918 0.00137806
60 0.717188 0.164666 0.565625 0.329333 0.00133038
48 0.490625 0.346897 0.559375 0.685597 0.00132465
60 0.571973 0.736388 0.766992 0.499122 0.00132465
79 0.782813 0.641686 0.265625 0.704918 0.00120163
44 0.85 0.430621 0.078125 0.268735 0.00118351
42 0.807813 0.46897 0.071875 0.386417 0.00103188
42 0.783008 0.63993 0.268359 0.706089 0.980957
55 0.4875 0.346604 0.5625 0.686183 0.949707
60 0.528906 0.497658 0.942187 0.98829 0.167725
22 0.78125 0.641833 0.26875 0.716335 0.0668335
6 0.78125 0.641833 0.26875 0.716335 0.0367737
60 0.540625 0.681499 0.907813 0.605386 0.0130234
60 0.404297 0.37822 0.807031 0.75644 0.0111618
0 0.455469 0.49356 0.90625 0.967213 0.00636292
60 0.176758 0.279859 0.350391 0.548009 0.00557709
60 0.823242 0.157494 0.353516 0.313817 0.00345612
0 0.404297 0.37822 0.807031 0.75644 0.00332451
44 0.782813 0.641686 0.265625 0.704918 0.00311089
42 0.770312 0.735363 0.2375 0.515222 0.00309944
43 0.783008 0.63993 0.268359 0.706089 0.00294685
39 0.782031 0.641101 0.265625 0.710773 0.00277901
60 0.115332 0.270638 0.22793 0.517272 0.00244331
44 0.869531 0.426815 0.071875 0.258782 0.00175476
0 0.176758 0.279859 0.350391 0.548009 0.00171375
60 0.829492 0.648712 0.337891 0.686183 0.00162888
60 0.716797 0.163934 0.566406 0.327869 0.00140476
48 0.491406 0.346604 0.559375 0.685012 0.00137234
42 0.807813 0.467213 0.071875 0.381733 0.00134087
60 0.558203 0.361827 0.883594 0.721311 0.00131512
44 0.85 0.430913 0.078125 0.269321 0.00127411
60 0.575781 0.735217 0.75625 0.501464 0.00124931
42 0.825781 0.373536 0.101562 0.295082 0.00115108
79 0.782031 0.641101 0.265625 0.710773 0.00113392
60 0.310547 0.249415 0.617969 0.491218 0.00100803
42 0.783008 0.63993 0.268359 0.706089 0.981934
55 0.4875 0.346604 0.561719 0.686183 0.950195
60 0.528906 0.497658 0.942187 0.98829 0.180664
22 0.78125 0.642272 0.26875 0.715457 0.0656128
6 0.78125 0.642272 0.26875 0.715457 0.0334778
60 0.407422 0.377927 0.813281 0.755855 0.0168457
60 0.54375 0.681499 0.9 0.605386 0.0125275
0 0.455859 0.49356 0.907031 0.967213 0.00643921
60 0.176953 0.279567 0.350781 0.546253 0.00629044
0 0.407422 0.377927 0.813281 0.755855 0.00510025
60 0.828125 0.156909 0.34375 0.312061 0.00366402
44 0.782813 0.641686 0.265625 0.703747 0.00329781
42 0.770312 0.735363 0.235938 0.515222 0.00296974
43 0.783008 0.63993 0.268359 0.706089 0.00292397
39 0.782031 0.641101 0.265625 0.709602 0.00284576
60 0.115234 0.269028 0.227344 0.514637 0.00269318
60 0.558594 0.370902 0.882812 0.73829 0.00223351
0 0.176953 0.279567 0.350781 0.546253 0.00214005
44 0.86875 0.427108 0.071875 0.258782 0.00175476
60 0.829688 0.649883 0.3375 0.683841 0.00173378
42 0.807813 0.466628 0.071875 0.37822 0.00165462
60 0.717969 0.163056 0.564063 0.326112 0.00144958
42 0.825781 0.374122 0.101562 0.296253 0.00137806
48 0.491797 0.346604 0.559375 0.685012 0.00125504
44 0.85 0.431499 0.078125 0.269321 0.00124931
42 0.75 0.791569 0.192188 0.409836 0.00123501
60 0.579297 0.733167 0.749219 0.505562 0.00123024
42 0.812695 0.39637 0.0777344 0.286885 0.00121593
79 0.782031 0.641101 0.265625 0.709602 0.00117397
60 0.308789 0.250293 0.614453 0.491803 0.00106525
55 0.782031 0.641101 0.265625 0.709602 0.00102425
42 0.783008 0.640369 0.268359 0.705211 0.981934
55 0.487891 0.346604 0.561719 0.686183 0.94873
60 0.528906 0.497658 0.942187 0.98829 0.188354
22 0.781445 0.64154 0.268359 0.714578 0.0703125
6 0.781445 0.64154 0.268359 0.714578 0.0334778
60 0.402734 0.374707 0.803906 0.749415 0.0182648
60 0.548828 0.68267 0.891406 0.601874 0.0112
60 0.177539 0.279567 0.351953 0.546253 0.0064621
0 0.455078 0.49356 0.905469 0.967213 0.006073
0 0.402734 0.374707 0.803906 0.749415 0.0053215
60 0.832031 0.156616 0.335938 0.31089 0.0036068
44 0.782813 0.64154 0.265625 0.705211 0.00301552
42 0.769922 0.734778 0.235156 0.516393 0.00284576
60 0.559766 0.372658 0.880469 0.741803 0.00277901
60 0.114844 0.268589 0.226562 0.513759 0.00277901
39 0.782031 0.640662 0.265625 0.709309 0.00274658
43 0.783008 0.640369 0.268359 0.705211 0.0027256
0 0.177539 0.279567 0.351953 0.546253 0.00227928
44 0.869531 0.427108 0.071875 0.258782 0.00183105
42 0.807813 0.4637 0.0703125 0.372365 0.00181007
60 0.829688 0.651054 0.3375 0.680328 0.00179577
42 0.826563 0.374195 0.1 0.296107 0.00144958
60 0.720313 0.162763 0.559375 0.325527 0.00141048
42 0.749609 0.791569 0.191406 0.409836 0.00139904
48 0.491797 0.346604 0.560156 0.685012 0.00134087
42 0.812695 0.396077 0.0777344 0.283958 0.00133038
44 0.85 0.431499 0.078125 0.269321 0.00126457
60 0.583203 0.732436 0.742969 0.505855 0.00116539
60 0.305469 0.250585 0.607813 0.492974 0.0011158
79 0.782031 0.640662 0.265625 0.709309 0.00106525
42 0.783594 0.63993 0.267188 0.706089 0.980957
55 0.491504 0.34719 0.563867 0.683841 0.947266
60 0.529688 0.497658 0.940625 0.987119 0.188354
22 0.78125 0.641686 0.267188 0.714286 0.0720825
6 0.78125 0.641686 0.267188 0.714286 0.0332031
60 0.391016 0.368267 0.780469 0.736534 0.0165863
60 0.553516 0.681499 0.880469 0.604215 0.0103683
60 0.177148 0.27781 0.351562 0.54274 0.005867
0 0.454688 0.492974 0.904688 0.966042 0.00547028
0 0.391016 0.368267 0.780469 0.736534 0.00503922
60 0.835156 0.156323 0.329688 0.310304 0.00351143
60 0.563672 0.369438 0.872656 0.735363 0.00319672
44 0.782813 0.641686 0.265625 0.704918 0.00290108
42 0.769922 0.735363 0.235156 0.515222 0.00283432
39 0.783008 0.640662 0.265234 0.709309 0.00270462
60 0.114648 0.267857 0.226172 0.512295 0.00269318
42 0.807031 0.461944 0.0703125 0.366511 0.00232315
43 0.783594 0.63993 0.267188 0.706089 0.00223351
0 0.177148 0.27781 0.351562 0.54274 0.00213242
44 0.869531 0.4274 0.071875 0.258782 0.00201035
60 0.829688 0.651639 0.3375 0.677986 0.00189686
42 0.810938 0.397834 0.075 0.278689 0.00176811
42 0.826563 0.374195 0.1 0.296107 0.00166798
42 0.749609 0.789813 0.191406 0.412178 0.00138855
44 0.85 0.431499 0.0765625 0.269321 0.00137234
60 0.726562 0.162324 0.546875 0.324649 0.00136662
48 0.49209 0.346604 0.55957 0.683841 0.00119686
60 0.710938 0.502635 0.575 0.96897 0.00115585
60 0.585156 0.73185 0.734375 0.507026 0.0011425
42 0.783594 0.640369 0.267188 0.705211 0.980469
55 0.491504 0.34719 0.563867 0.683841 0.948242
60 0.529688 0.497658 0.940625 0.987119 0.182983
22 0.78125 0.641686 0.267188 0.714286 0.0766602
6 0.78125 0.641686 0.267188 0.714286 0.0348816
60 0.390625 0.366511 0.779688 0.733021 0.0182343
60 0.55625 0.685597 0.871875 0.596019 0.01017
60 0.17793 0.277225 0.352734 0.541569 0.005867
0 0.390625 0.366511 0.779688 0.733021 0.00547028
0 0.454688 0.492681 0.904688 0.965457 0.00524139
60 0.563672 0.36856 0.872656 0.733607 0.00403976
60 0.835938 0.156323 0.328125 0.310304 0.00376511
60 0.114258 0.267711 0.225391 0.512588 0.00286674
42 0.769922 0.736534 0.235156 0.512881 0.00286674
44 0.782813 0.641686 0.265625 0.704918 0.00284576
39 0.782031 0.640515 0.264062 0.708431 0.00260162
42 0.807031 0.460773 0.0703125 0.361827 0.00226021
43 0.783594 0.640369 0.267188 0.705211 0.00215721
0 0.17793 0.277225 0.352734 0.541569 0.00214005
60 0.829688 0.65281 0.3375 0.675644 0.0019722
44 0.869531 0.4274 0.0734375 0.258782 0.00195694
42 0.810938 0.397468 0.0734375 0.275322 0.00177479
42 0.826563 0.373536 0.1 0.293911 0.00151253
42 0.75 0.790398 0.190625 0.412178 0.00148392
60 0.724609 0.162178 0.550781 0.324356 0.00141048
44 0.846875 0.427986 0.078125 0.297424 0.00134563
60 0.70625 0.502049 0.584375 0.97014 0.00126457
48 0.49209 0.346604 0.55957 0.683841 0.00126457
42 0.782813 0.639491 0.26875 0.706967 0.979492
55 0.487109 0.34719 0.563281 0.687354 0.949219
60 0.527734 0.498244 0.944531 0.987119 0.136597
22 0.78125 0.642125 0.26875 0.715749 0.0708008
6 0.78125 0.642125 0.26875 0.715749 0.0386047
60 0.527344 0.655152 0.9375 0.65808 0.0165863
0 0.454688 0.491511 0.904688 0.961944 0.00494385
42 0.771484 0.732436 0.239844 0.519906 0.00431442
43 0.782813 0.639491 0.26875 0.706967 0.00379562
60 0.799219 0.159543 0.401563 0.319087 0.00286674
39 0.78125 0.641833 0.267188 0.711651 0.00269318
44 0.782617 0.641101 0.266016 0.704918 0.00255013
60 0.182422 0.284031 0.360938 0.558402 0.00209999
60 0.717578 0.171546 0.564844 0.338407 0.00168705
60 0.860156 0.161592 0.278125 0.305621 0.00151253
48 0.490234 0.346604 0.560156 0.687354 0.00126457
60 0.554688 0.740193 0.814063 0.491511 0.00123024
60 0.82832 0.642272 0.340234 0.699063 0.00121593
79 0.782617 0.641101 0.266016 0.704918 0.0011425
44 0.867969 0.425644 0.0796875 0.25644 0.00106907
45 0.435937 0.500585 0.865625 0.987119 0.00100803
