4 0.514063 0.455882 0.932813 0.768235 0.901367
4 0.455469 0.304118 0.779688 0.461765 0.00602722
4 0.477441 0.253824 0.645117 0.369412 0.00273705
0 0.255078 0.433529 0.0175781 0.0223529 0.00223351
4 0.779688 0.432353 0.385938 0.382353 0.00136662
4 0.55166 0.237353 0.498242 0.334706 0.00104046
4 0.513281 0.455882 0.932813 0.770588 0.906738
4 0.452441 0.302059 0.776367 0.461765 0.00557709
0 0.255078 0.433235 0.0175781 0.0217647 0.00261116
4 0.77793 0.432279 0.387891 0.383676 0.0012846
4 0.533203 0.24 0.533594 0.341765 0.00107288
4 0.514453 0.455882 0.933594 0.772941 0.905273
4 0.453125 0.302059 0.778125 0.464118 0.00534439
0 0.255078 0.433235 0.0175781 0.0223529 0.00332451
0 0.27793 0.434706 0.0175781 0.0205882 0.00108147
4 0.514844 0.456176 0.932813 0.774706 0.908691
4 0.457715 0.302059 0.78457 0.466471 0.00385475
0 0.255078 0.433235 0.0171875 0.0217647 0.00356483
0 0.278125 0.434706 0.0171875 0.02 0.00123024
0 0.346875 0.435294 0.0140625 0.0211765 0.00103664
0 0.273047 0.433529 0.0195312 0.0235294 0.00100422
4 0.512109 0.450588 0.921094 0.778823 0.916016
0 0.255078 0.433235 0.0171875 0.0217647 0.00380898
4 0.462891 0.300588 0.792969 0.463529 0.00293541
0 0.278125 0.434706 0.0171875 0.02 0.0014782
0 0.273047 0.433529 0.01875 0.0235294 0.00117874
0 0.346875 0.435294 0.0140625 0.0211765 0.00114727
4 0.5125 0.451765 0.921875 0.777647 0.925293
0 0.255078 0.433235 0.0171875 0.0217647 0.00436401
4 0.495703 0.297941 0.871094 0.458824 0.00271416
0 0.278125 0.434706 0.0171875 0.02 0.0018034
0 0.273047 0.433529 0.0179687 0.0235294 0.0014267
0 0.346875 0.435294 0.0140625 0.0211765 0.0012598
4 0.5125 0.451765 0.925 0.774118 0.928711
4 0.459277 0.301176 0.78457 0.461176 0.00351143
0 0.255273 0.433529 0.0171875 0.0211765 0.00291252
0 0.278125 0.434706 0.0171875 0.02 0.00126934
0 0.346875 0.435588 0.0140625 0.0205882 0.00106525
4 0.513281 0.453824 0.926562 0.77 0.918945
4 0.461816 0.307721 0.791992 0.470441 0.00271416
0 0.255078 0.433529 0.0171875 0.02 0.00190449
4 0.512891 0.455 0.927344 0.768824 0.896973
4 0.464746 0.308309 0.795508 0.468088 0.00265312
0 0.255469 0.433529 0.0171875 0.02 0.00126457
4 0.514063 0.454706 0.928125 0.770588 0.882324
4 0.466504 0.306544 0.798242 0.465735 0.00270462
4 0.514063 0.455294 0.928125 0.770588 0.871582
4 0.474219 0.296397 0.809375 0.444853 0.00230598
4 0.513281 0.455294 0.926562 0.769412 0.877441
4 0.477344 0.29125 0.815625 0.435147 0.00152493
4 0.665234 0.364044 0.477344 0.273088 0.00126934
4 0.513281 0.456176 0.926562 0.767647 0.879883
4 0.666406 0.364412 0.476562 0.273529 0.00144386
4 0.475 0.289706 0.810938 0.432353 0.0012598
4 0.513281 0.457647 0.926562 0.769412 0.878906
4 0.665234 0.367059 0.480469 0.279412 0.0020752
4 0.514063 0.458235 0.925 0.771765 0.885742
4 0.667578 0.369118 0.477344 0.282941 0.00242424
4 0.514844 0.457647 0.923438 0.772941 0.900391
4 0.669531 0.371103 0.473438 0.286029 0.00273705
4 0.515625 0.455882 0.923438 0.769412 0.916016
4 0.671875 0.371691 0.470313 0.286029 0.00298119
4 0.516406 0.452941 0.921875 0.764706 0.934082
4 0.676172 0.372941 0.464844 0.288235 0.00318527
4 0.516406 0.451176 0.921875 0.761176 0.941895
4 0.677734 0.369926 0.463281 0.281324 0.00309944
4 0.516016 0.45 0.921094 0.758824 0.940918
4 0.682813 0.372279 0.454688 0.286029 0.003088
4 0.475 0.302353 0.801562 0.455294 0.00109005
4 0.521875 0.448824 0.915625 0.754118 0.9375
4 0.6875 0.369118 0.445312 0.278824 0.00301552
4 0.476562 0.305294 0.80625 0.460588 0.00130463
4 0.521875 0.448235 0.914062 0.754118 0.936035
4 0.688281 0.364412 0.44375 0.268824 0.00341606
4 0.475781 0.31 0.807813 0.471176 0.0016613
4 0.521094 0.448529 0.9125 0.754706 0.935059
4 0.691406 0.36 0.4375 0.259412 0.00388527
4 0.471973 0.314706 0.799805 0.480588 0.00167465
4 0.691406 0.417059 0.432813 0.372941 0.00133038
4 0.520312 0.449412 0.9125 0.756471 0.935059
4 0.692187 0.357353 0.4375 0.254118 0.00397491
4 0.469922 0.318529 0.797656 0.488824 0.00153637
4 0.692578 0.416765 0.432031 0.373529 0.00106049
4 0.517969 0.451176 0.914062 0.758824 0.933105
4 0.692578 0.359706 0.438281 0.259412 0.0037365
4 0.469141 0.322647 0.797656 0.497647 0.0011692
4 0.516406 0.452353 0.915625 0.761176 0.930176
4 0.691406 0.364632 0.442188 0.269559 0.00345612
4 0.511719 0.452941 0.917188 0.764706 0.932617
4 0.692187 0.368235 0.442188 0.276471 0.00365067
4 0.510938 0.453529 0.91875 0.767059 0.93457
4 0.694531 0.373235 0.439063 0.286471 0.00416565
4 0.510156 0.451176 0.917188 0.769412 0.9375
4 0.696875 0.371103 0.434375 0.281324 0.00460815
4 0.510156 0.451176 0.915625 0.772941 0.938477
4 0.700781 0.369412 0.428125 0.278235 0.00498199
4 0.729688 0.348824 0.396875 0.218824 0.00104809
4 0.510156 0.450882 0.917188 0.774706 0.937012
4 0.701563 0.370588 0.426563 0.281176 0.00516129
4 0.730469 0.34875 0.398438 0.218971 0.00109005
4 0.509375 0.450588 0.915625 0.776471 0.938477
4 0.702734 0.375294 0.424219 0.290588 0.00530243
4 0.730859 0.348897 0.396094 0.219853 0.00107288
4 0.510156 0.45 0.914062 0.775294 0.935059
4 0.704688 0.377353 0.420312 0.294706 0.00598145
4 0.732813 0.349118 0.392188 0.22 0.00118828
4 0.510547 0.449412 0.916406 0.776471 0.924805
4 0.707031 0.382353 0.415625 0.304706 0.00593567
4 0.719531 0.347574 0.385938 0.227206 0.00300407
4 0.510156 0.448824 0.917188 0.776471 0.913574
4 0.709375 0.384706 0.410938 0.309412 0.00602722
4 0.721875 0.347574 0.382812 0.227206 0.00299263
4 0.510938 0.448824 0.91875 0.775294 0.90332
4 0.709375 0.384632 0.4125 0.309559 0.00631332
4 0.721484 0.347721 0.383594 0.226912 0.00304031
4 0.511719 0.449118 0.91875 0.774706 0.890137
4 0.710156 0.381765 0.410938 0.303529 0.00629044
4 0.722656 0.348309 0.382812 0.225735 0.00286674
4 0.5125 0.449706 0.91875 0.773529 0.880859
4 0.710547 0.375368 0.410156 0.290441 0.00651169
4 0.737109 0.349412 0.378906 0.218824 0.00106907
4 0.5125 0.449412 0.920313 0.772941 0.868164
4 0.710938 0.371765 0.409375 0.282353 0.00671768
4 0.703516 0.428824 0.422656 0.396471 0.00113392
4 0.739062 0.349485 0.376563 0.218676 0.00109863
4 0.5125 0.449412 0.920313 0.774118 0.86084
4 0.710547 0.370662 0.411719 0.281029 0.00621796
4 0.739453 0.349118 0.378906 0.218824 0.00102425
4 0.703516 0.429338 0.422656 0.397794 0.00100422
4 0.513281 0.45 0.920313 0.774118 0.880859
4 0.709375 0.368235 0.415625 0.276471 0.00746155
4 0.703906 0.427353 0.421875 0.395882 0.0016613
0 0.254883 0.433235 0.0167969 0.0205882 0.00146675
4 0.740234 0.349118 0.378906 0.218235 0.00112438
4 0.514844 0.449412 0.920313 0.774118 0.888672
4 0.709766 0.366471 0.414844 0.272353 0.0085144
0 0.254688 0.433235 0.0171875 0.0211765 0.00242424
4 0.707031 0.424632 0.415625 0.390735 0.0020504
4 0.741016 0.349412 0.377344 0.217647 0.00124454
4 0.514844 0.449706 0.921875 0.774706 0.890137
4 0.709766 0.367721 0.416406 0.275147 0.00963593
0 0.254883 0.433529 0.0171875 0.0211765 0.00307465
4 0.740625 0.349706 0.378125 0.217647 0.00139427
4 0.515234 0.449706 0.922656 0.773529 0.893066
4 0.709375 0.368824 0.417188 0.278235 0.0100555
0 0.254688 0.433529 0.0171875 0.0223529 0.00353813
4 0.740625 0.35 0.379688 0.217647 0.00143814
0 0.254102 0.190588 0.446484 0.381176 0.00104046
4 0.515625 0.449412 0.921875 0.774118 0.892578
4 0.708984 0.369926 0.419531 0.280147 0.0106506
0 0.254883 0.433529 0.0175781 0.0223529 0.00390053
4 0.740234 0.350294 0.380469 0.217647 0.00153065
0 0.25625 0.187647 0.440625 0.375294 0.00133514
0 0.228906 0.431471 0.0125 0.0211765 0.00105667
4 0.515625 0.449118 0.921875 0.772353 0.888184
4 0.709375 0.371471 0.41875 0.284118 0.0112
0 0.254688 0.433529 0.0179687 0.0223529 0.00443268
4 0.741016 0.350294 0.380469 0.217647 0.00160408
0 0.257422 0.185882 0.435937 0.371765 0.00155449
0 0.228906 0.431471 0.0125 0.0211765 0.00124454
4 0.515625 0.449412 0.921875 0.771765 0.887207
4 0.711719 0.371176 0.414062 0.282353 0.0113754
0 0.254688 0.433529 0.0179687 0.0223529 0.00477219
0 0.258594 0.183824 0.428906 0.367647 0.00178909
4 0.741406 0.350294 0.376563 0.217059 0.00168133
0 0.228906 0.431471 0.0125 0.0211765 0.00144386
0 0.3375 0.181176 0.414844 0.36 0.00104046
4 0.515625 0.449412 0.921875 0.770588 0.887207
4 0.712109 0.371838 0.413281 0.283382 0.0107803
0 0.254688 0.433529 0.0179687 0.0223529 0.00511932
0 0.259375 0.183382 0.424219 0.366765 0.00182438
4 0.741406 0.350515 0.376563 0.216618 0.00162888
0 0.228906 0.431471 0.0125 0.0211765 0.00161648
0 0.338477 0.180588 0.412891 0.358824 0.00106525
4 0.516016 0.448824 0.921094 0.770588 0.88623
4 0.711719 0.371176 0.4125 0.282941 0.0105667
0 0.254688 0.433529 0.0179687 0.0229412 0.00582123
0 0.228906 0.431471 0.0125 0.0211765 0.00188255
0 0.259766 0.1825 0.421094 0.365 0.00173378
4 0.741406 0.350294 0.373437 0.216471 0.00160408
0 0.250586 0.433235 0.0199219 0.0235294 0.0011692
0 0.277539 0.435294 0.0160156 0.02 0.00102043
0 0.338867 0.18 0.412891 0.357059 0.00101185
4 0.516406 0.449118 0.920313 0.77 0.88623
4 0.714453 0.369412 0.407031 0.278235 0.0102463
0 0.254688 0.433529 0.0179687 0.0229412 0.0064888
0 0.228906 0.431176 0.0125 0.0211765 0.00212479
4 0.742188 0.350074 0.370313 0.216324 0.00162888
0 0.260352 0.181912 0.419922 0.363824 0.00155449
0 0.250391 0.433235 0.0195312 0.0235294 0.00132465
0 0.277344 0.435294 0.015625 0.02 0.00113773
4 0.469531 0.330882 0.723437 0.502941 0.00104809
4 0.514844 0.449412 0.921875 0.775294 0.890137
4 0.709375 0.367353 0.417188 0.274706 0.00967407
0 0.254883 0.433529 0.0171875 0.0211765 0.00301552
4 0.740625 0.349338 0.378125 0.217794 0.00140476
