75 0.506348 0.59229 0.26543 0.46028 0.909668
58 0.519141 0.448598 0.399219 0.745327 0.286133
75 0.512402 0.536361 0.34082 0.576811 0.123352
60 0.515625 0.845794 0.96875 0.271028 0.0690308
58 0.512402 0.536361 0.34082 0.576811 0.0222931
58 0.138672 0.320093 0.272266 0.589953 0.00766754
58 0.507031 0.59594 0.267969 0.455315 0.0039444
58 0.768359 0.559579 0.446094 0.413551 0.00277901
58 0.934375 0.58528 0.13125 0.290888 0.00219154
47 0.507031 0.59594 0.267969 0.455315 0.00204277
58 0.923438 0.527453 0.153125 0.408879 0.00201988
75 0.503125 0.688668 0.185938 0.26285 0.00183105
75 0.519141 0.448598 0.402344 0.746495 0.00176144
41 0.507129 0.593312 0.266992 0.458236 0.00162315
47 0.029773 0.102658 0.0582275 0.148072 0.00144386
14 0.0424316 0.505257 0.0514648 0.0665888 0.00136662
13 0.509766 0.839369 0.980469 0.280374 0.00119209
50 0.140039 0.322138 0.274219 0.578855 0.00117397
0 0.136719 0.316297 0.266797 0.576519 0.00112438
58 0.2 0.35222 0.394531 0.646028 0.00104809
39 0.507031 0.59594 0.267969 0.455315 0.00102425
75 0.507129 0.59229 0.26543 0.459112 0.928711
58 0.519141 0.44889 0.398438 0.747079 0.366699
75 0.513965 0.566735 0.337695 0.516063 0.15918
60 0.515625 0.844626 0.96875 0.273364 0.0809326
58 0.513965 0.566735 0.337695 0.516063 0.0319824
58 0.13877 0.319509 0.27207 0.58528 0.00519943
75 0.607813 0.581922 0.123438 0.324474 0.00292397
47 0.0299805 0.102658 0.0585938 0.148072 0.00256157
58 0.767188 0.564252 0.445312 0.410047 0.00255013
75 0.503125 0.688084 0.185938 0.264019 0.00219917
47 0.50791 0.596379 0.268555 0.455607 0.00203514
58 0.934375 0.582944 0.13125 0.296729 0.00200272
41 0.507129 0.593458 0.266992 0.46028 0.00188255
58 0.929688 0.525847 0.140625 0.408586 0.0017271
14 0.0424316 0.505257 0.0520508 0.0665888 0.00147247
39 0.513965 0.566735 0.337695 0.516063 0.00137806
75 0.519141 0.448598 0.401563 0.747663 0.0012064
75 0.696094 0.576957 0.296875 0.360105 0.0011692
50 0.138867 0.321262 0.271484 0.574766 0.00109482
32 0.0342773 0.103242 0.0681641 0.154206 0.00100422
75 0.507422 0.591706 0.265625 0.461449 0.935059
58 0.51875 0.448014 0.4 0.748832 0.435791
60 0.515234 0.843458 0.969531 0.273364 0.0738525
58 0.511621 0.586449 0.320508 0.477804 0.0348816
75 0.607813 0.580754 0.123438 0.324474 0.00362206
58 0.139453 0.319801 0.273438 0.581192 0.00309944
75 0.503516 0.6875 0.185938 0.265187 0.00302696
47 0.0299316 0.102512 0.0584961 0.146904 0.00270462
58 0.934375 0.58236 0.13125 0.297897 0.00218201
47 0.507812 0.595794 0.26875 0.457944 0.00201988
58 0.757812 0.57535 0.41875 0.382009 0.00197983
58 0.929688 0.526723 0.140625 0.406834 0.00190449
39 0.511621 0.586449 0.320508 0.477804 0.00186729
41 0.507129 0.592874 0.266992 0.461449 0.00168705
14 0.0423706 0.505257 0.0521729 0.0665888 0.00136662
32 0.0341797 0.10295 0.0679687 0.152745 0.00116062
75 0.695312 0.584112 0.3 0.348131 0.00112057
0 0.0418945 0.504673 0.0501953 0.0665888 0.00104809
75 0.507422 0.592436 0.266406 0.462325 0.946777
58 0.518652 0.44743 0.400195 0.751168 0.539062
60 0.516016 0.84229 0.967969 0.276869 0.0747681
58 0.51084 0.589807 0.30332 0.472255 0.0528259
75 0.503516 0.686916 0.185938 0.266355 0.00418091
58 0.934375 0.579439 0.13125 0.303738 0.00383949
75 0.607813 0.579293 0.123438 0.320386 0.00382423
58 0.929688 0.528037 0.140625 0.404206 0.00356483
39 0.51084 0.589807 0.30332 0.472255 0.00283432
47 0.0298706 0.10222 0.0582275 0.14632 0.00270462
58 0.759375 0.576519 0.425 0.384346 0.00263214
47 0.507422 0.595794 0.269531 0.457944 0.00186729
41 0.506641 0.593604 0.265625 0.462325 0.00154877
58 0.139941 0.321846 0.274023 0.57243 0.0015192
75 0.500781 0.635368 0.198437 0.371787 0.00142097
32 0.0340332 0.102548 0.0677734 0.151796 0.00139427
0 0.0418823 0.504673 0.0502197 0.0665888 0.00118828
58 0.904688 0.556659 0.190625 0.352804 0.00113392
75 0.694531 0.584258 0.298438 0.347839 0.00113392
14 0.042334 0.505257 0.0522461 0.0665888 0.00112438
50 0.519141 0.448598 0.403125 0.75 0.00104046
75 0.507129 0.590975 0.266992 0.462909 0.94043
58 0.518359 0.446846 0.402344 0.753505 0.633301
60 0.516016 0.841121 0.967969 0.280374 0.0750122
58 0.51084 0.589953 0.295508 0.473131 0.0648804
75 0.503906 0.685748 0.185938 0.268692 0.00510025
58 0.929688 0.527453 0.140625 0.405374 0.00469971
58 0.933594 0.588201 0.132812 0.287383 0.00382423
75 0.607813 0.577103 0.123438 0.317757 0.00328636
39 0.51084 0.589953 0.295508 0.473131 0.0030632
47 0.0299683 0.102183 0.0586182 0.146101 0.00248146
58 0.763281 0.575789 0.432813 0.388142 0.00199509
75 0.500781 0.636536 0.196875 0.369451 0.00168705
47 0.50791 0.59521 0.270117 0.459112 0.00159168
58 0.904688 0.553154 0.190625 0.358645 0.00157928
32 0.0340698 0.102366 0.0679932 0.151577 0.00146675
41 0.506934 0.592874 0.26582 0.463785 0.00141048
0 0.0419434 0.504673 0.0504883 0.0654206 0.00108147
49 0.0299683 0.102183 0.0586182 0.146101 0.00102425
50 0.519434 0.448306 0.40332 0.750584 0.00101662
75 0.506934 0.591121 0.26582 0.462617 0.911133
58 0.517969 0.446262 0.404687 0.754673 0.668945
60 0.515234 0.839953 0.969531 0.279206 0.0907593
58 0.509473 0.589369 0.287305 0.473131 0.0653687
58 0.929688 0.527453 0.140625 0.403037 0.0068779
75 0.503906 0.685748 0.185938 0.268692 0.0064621
58 0.934375 0.584696 0.13125 0.293224 0.00566483
39 0.509473 0.589369 0.287305 0.473131 0.00304031
58 0.903906 0.551256 0.190625 0.360105 0.00290108
75 0.607813 0.576519 0.121875 0.314252 0.00268364
47 0.030188 0.101928 0.0593506 0.146904 0.00234222
75 0.500781 0.637266 0.197656 0.367991 0.00209999
58 0.876563 0.619159 0.140625 0.228972 0.00165462
41 0.506641 0.592144 0.265625 0.462909 0.00134087
47 0.507422 0.594626 0.269531 0.459112 0.00129986
32 0.0342896 0.102183 0.0685303 0.152526 0.00129414
0 0.0421387 0.504527 0.0508789 0.0657126 0.0012598
58 0.903125 0.608645 0.19375 0.25 0.00123501
49 0.030188 0.101928 0.0593506 0.146904 0.0011158
50 0.519531 0.446262 0.403125 0.75 0.00100803
75 0.50625 0.591706 0.266406 0.461449 0.871582
58 0.517578 0.445678 0.405469 0.753505 0.663574
60 0.513672 0.838785 0.972656 0.278037 0.0739746
58 0.509375 0.589369 0.2875 0.470794 0.0630493
58 0.93125 0.527015 0.1375 0.401577 0.00941467
58 0.934375 0.582798 0.13125 0.294685 0.00818634
75 0.503516 0.685164 0.186719 0.26986 0.00566483
58 0.903125 0.531688 0.19375 0.415596 0.00457382
39 0.509375 0.589369 0.2875 0.470794 0.00282288
58 0.905469 0.59229 0.1875 0.279206 0.00266266
75 0.607813 0.577249 0.121875 0.312792 0.00250244
47 0.0305786 0.10222 0.0603271 0.14778 0.00237846
58 0.876563 0.617991 0.140625 0.228972 0.00228691
75 0.500781 0.637704 0.198437 0.367114 0.00197983
49 0.0305786 0.10222 0.0603271 0.14778 0.00139904
41 0.509375 0.589369 0.2875 0.470794 0.00121117
47 0.507422 0.594626 0.269531 0.456776 0.00108147
0 0.0422363 0.504673 0.0508789 0.0654206 0.00100803
58 0.765625 0.543808 0.465625 0.438084 0.00100422
75 0.506641 0.591268 0.266406 0.459988 0.842773
58 0.519922 0.445678 0.407031 0.751168 0.645996
60 0.5125 0.837617 0.975 0.278037 0.0559387
58 0.509277 0.589369 0.287695 0.470794 0.0512695
58 0.932813 0.527453 0.134375 0.400701 0.00818634
58 0.935156 0.583966 0.129688 0.292348 0.00725937
75 0.503516 0.685164 0.186719 0.26986 0.00448608
58 0.904688 0.555491 0.190625 0.350467 0.00418091
39 0.509277 0.589369 0.287695 0.470794 0.00268364
75 0.607813 0.579439 0.121875 0.316589 0.00259018
58 0.876563 0.619743 0.140625 0.225467 0.00220871
47 0.0311035 0.102658 0.0614258 0.148657 0.00214005
58 0.903125 0.608791 0.192188 0.249708 0.00182438
75 0.5 0.636098 0.198437 0.370327 0.00161076
49 0.0311035 0.102658 0.0614258 0.148657 0.00138855
41 0.509277 0.589369 0.287695 0.470794 0.00126457
58 0.765625 0.543224 0.467187 0.436916 0.00118828
75 0.506641 0.589807 0.265625 0.462909 0.831055
58 0.52041 0.446262 0.407617 0.752336 0.666992
58 0.509375 0.587617 0.282031 0.473131 0.0408325
60 0.511328 0.833528 0.977344 0.276869 0.0345459
58 0.934375 0.526869 0.13125 0.400701 0.00871277
58 0.935938 0.584112 0.128125 0.292056 0.00748825
58 0.903125 0.531542 0.19375 0.412383 0.00720596
75 0.503516 0.683995 0.186719 0.272196 0.00333786
58 0.903125 0.601051 0.19375 0.26285 0.00290108
58 0.876563 0.619159 0.140625 0.226636 0.00271416
39 0.509375 0.587617 0.282031 0.473131 0.00234985
75 0.607813 0.581192 0.121875 0.320093 0.00226021
47 0.0314331 0.103096 0.0623291 0.149825 0.00190449
58 0.765625 0.541472 0.467187 0.433411 0.00178242
49 0.0314331 0.103096 0.0623291 0.149825 0.00143242
41 0.509375 0.587617 0.282031 0.473131 0.00134563
75 0.500391 0.633178 0.196875 0.376168 0.00109863
75 0.507422 0.588639 0.266406 0.465245 0.84082
58 0.519922 0.446262 0.405469 0.754673 0.70752
58 0.510156 0.586449 0.282031 0.476635 0.0433655
60 0.510938 0.831192 0.978125 0.279206 0.0265045
58 0.903125 0.531688 0.19375 0.413259 0.00933838
58 0.934375 0.527015 0.13125 0.401577 0.00790405
58 0.935938 0.584258 0.128125 0.291764 0.00653839
58 0.903516 0.600613 0.192969 0.263727 0.00294685
58 0.877344 0.619159 0.142188 0.227804 0.0024929
39 0.510156 0.586449 0.282031 0.476635 0.00234985
75 0.503516 0.682827 0.186719 0.274533 0.00226021
58 0.766406 0.540888 0.465625 0.432243 0.00214958
47 0.0318481 0.10295 0.0632568 0.150409 0.00176144
41 0.510156 0.586449 0.282031 0.476635 0.00153637
49 0.0318481 0.10295 0.0632568 0.150409 0.00147247
75 0.608203 0.581776 0.121094 0.321262 0.00139904
0 0.04375 0.504673 0.0587891 0.067757 0.00103188
75 0.507031 0.587617 0.265625 0.469626 0.849121
58 0.520215 0.446262 0.404883 0.757009 0.788086
58 0.508691 0.58528 0.281055 0.48014 0.0587769
60 0.511719 0.828271 0.976562 0.287383 0.0178528
58 0.903125 0.533294 0.190625 0.410047 0.0134277
58 0.935938 0.526285 0.128125 0.401869 0.00754929
58 0.939844 0.588201 0.11875 0.281542 0.00359344
58 0.903516 0.600321 0.192969 0.264311 0.00302696
58 0.767969 0.539866 0.4625 0.431951 0.00291252
39 0.508691 0.58528 0.281055 0.48014 0.00259018
58 0.882031 0.619159 0.15 0.226636 0.00225258
41 0.508691 0.58528 0.281055 0.48014 0.00191212
47 0.0322754 0.102767 0.0639648 0.150774 0.00153637
49 0.0322754 0.102767 0.0639648 0.150774 0.00144958
0 0.0438477 0.504527 0.0586914 0.0680491 0.00115108
75 0.503906 0.679907 0.1875 0.280374 0.00104809
26 0.507031 0.587617 0.265625 0.469626 0.00100803
75 0.507031 0.588785 0.266406 0.468458 0.855957
58 0.519531 0.446262 0.403906 0.757009 0.831055
58 0.508203 0.585864 0.283594 0.477804 0.0747681
60 0.5125 0.821262 0.973437 0.307243 0.0135345
58 0.903906 0.533732 0.192188 0.411507 0.00894928
58 0.935938 0.523364 0.128125 0.40771 0.00598145
58 0.935938 0.585426 0.128125 0.289428 0.00418091
39 0.508203 0.585864 0.283594 0.477804 0.00336266
41 0.508203 0.585864 0.283594 0.477804 0.00243378
58 0.768359 0.540888 0.463281 0.433411 0.00232315
58 0.903906 0.601051 0.192188 0.26285 0.00176144
58 0.88125 0.612734 0.15 0.238318 0.00141048
49 0.0322754 0.103132 0.0636719 0.151796 0.00137806
47 0.0322754 0.103132 0.0636719 0.151796 0.0012846
26 0.507031 0.588785 0.266406 0.468458 0.00123024
58 0.519434 0.446846 0.40332 0.755841 0.852051
75 0.506641 0.589369 0.266406 0.46729 0.850098
58 0.507031 0.586449 0.284375 0.476635 0.0900879
60 0.514453 0.818925 0.971094 0.315421 0.0110321
58 0.935156 0.52278 0.129688 0.408879 0.00526047
58 0.903125 0.534463 0.19375 0.411215 0.00494385
39 0.507031 0.586449 0.284375 0.476635 0.0039444
58 0.935938 0.58528 0.128125 0.288551 0.00356483
41 0.507031 0.586449 0.284375 0.476635 0.00275803
58 0.770312 0.569071 0.445312 0.40625 0.00182438
49 0.0322144 0.103534 0.0633057 0.151577 0.00150681
58 0.903906 0.601636 0.192188 0.261682 0.00138283
47 0.0322144 0.103534 0.0633057 0.151577 0.00132465
26 0.506641 0.589369 0.266406 0.46729 0.00126457
58 0.88125 0.613318 0.15 0.23715 0.00117397
50 0.519531 0.444509 0.4 0.73715 0.00105286
74 0.507812 0.593458 0.265625 0.46028 0.00103188
58 0.520215 0.44743 0.40332 0.755841 0.875977
75 0.507129 0.589369 0.266992 0.468458 0.824219
58 0.50625 0.587471 0.285938 0.476928 0.117554
60 0.516406 0.818925 0.967188 0.318925 0.00881195
58 0.935938 0.521612 0.128125 0.412383 0.00482941
58 0.903125 0.535047 0.19375 0.412383 0.0039444
39 0.50625 0.587471 0.285938 0.476928 0.00383949
41 0.50625 0.587471 0.285938 0.476928 0.00321007
58 0.939844 0.583966 0.11875 0.287675 0.00192642
58 0.770312 0.569509 0.44375 0.413551 0.00160408
26 0.507129 0.589369 0.266992 0.468458 0.00143242
49 0.0319824 0.103388 0.0625977 0.150993 0.0012064
50 0.519629 0.44743 0.399805 0.742991 0.00117397
74 0.505469 0.590975 0.2625 0.467582 0.0011425
1 0.507812 0.59229 0.266406 0.464953 0.00108147
47 0.0319824 0.103388 0.0625977 0.150993 0.00104809
58 0.520312 0.447138 0.403125 0.755257 0.897461
75 0.507422 0.589953 0.26875 0.469626 0.801758
58 0.506641 0.587471 0.292969 0.476928 0.182983
58 0.935156 0.521028 0.129688 0.413551 0.00593567
60 0.519141 0.820093 0.961719 0.315421 0.00542831
58 0.903125 0.536069 0.192188 0.413843 0.00468063
39 0.506641 0.587471 0.292969 0.476928 0.00367928
41 0.506641 0.587471 0.292969 0.476928 0.00333786
58 0.940625 0.580607 0.117188 0.295561 0.00232315
26 0.507422 0.589953 0.26875 0.469626 0.00171375
74 0.506348 0.591268 0.263867 0.469334 0.00152493
50 0.519922 0.450642 0.399219 0.749416 0.00139427
1 0.508203 0.592874 0.267969 0.46729 0.00135612
58 0.771094 0.570093 0.445312 0.424065 0.0012207
58 0.520215 0.446554 0.401758 0.754089 0.925781
75 0.507812 0.589369 0.270313 0.470794 0.822266
58 0.507812 0.585864 0.30625 0.48014 0.325928
58 0.935156 0.520882 0.129688 0.413843 0.00669098
60 0.521094 0.823598 0.957812 0.310748 0.00453949
41 0.506152 0.590099 0.264258 0.471671 0.00431442
39 0.507812 0.585864 0.30625 0.48014 0.00336266
58 0.904688 0.52906 0.189063 0.404498 0.00257111
58 0.940625 0.578417 0.117188 0.30111 0.00245285
74 0.506152 0.590099 0.264258 0.471671 0.00225258
26 0.507812 0.589369 0.270313 0.470794 0.00214958
50 0.519922 0.454147 0.399219 0.757593 0.00195694
1 0.508594 0.592436 0.269531 0.469334 0.00187492
58 0.770312 0.570093 0.446875 0.435748 0.00129986
56 0.507812 0.589369 0.270313 0.470794 0.00121117
58 0.52041 0.445678 0.40293 0.753505 0.936035
75 0.508496 0.588931 0.273633 0.471671 0.856934
58 0.508691 0.58528 0.310742 0.478972 0.394287
58 0.934375 0.522196 0.13125 0.412383 0.00790405
58 0.910937 0.534025 0.175 0.413259 0.00614548
41 0.507031 0.589953 0.267188 0.471963 0.00494385
60 0.522656 0.824766 0.954688 0.307243 0.00484848
39 0.508691 0.58528 0.310742 0.478972 0.00342941
58 0.940625 0.581192 0.11875 0.294393 0.00300407
74 0.507031 0.589953 0.267188 0.471963 0.0029583
1 0.509766 0.591268 0.272656 0.469334 0.00247192
26 0.508496 0.588931 0.273633 0.471671 0.0024147
50 0.519531 0.454731 0.398438 0.758762 0.00209045
58 0.769922 0.572284 0.447656 0.434871 0.00145531
56 0.508496 0.588931 0.273633 0.471671 0.00139427
58 0.903516 0.591121 0.192969 0.283879 0.00124931
45 0.508203 0.593312 0.270313 0.462909 0.00102806
58 0.517188 0.443925 0.4 0.752336 0.944824
75 0.508594 0.589369 0.275781 0.470794 0.905273
58 0.506641 0.587033 0.303906 0.475467 0.401611
58 0.933594 0.524679 0.132812 0.408586 0.00582123
58 0.908594 0.535631 0.178125 0.411215 0.00548935
41 0.506641 0.587033 0.303906 0.475467 0.0051384
60 0.522266 0.824766 0.955469 0.306075 0.00432968
74 0.507422 0.590537 0.269531 0.470794 0.00331116
39 0.506641 0.587033 0.303906 0.475467 0.00317192
1 0.509473 0.592436 0.274805 0.466998 0.00309944
26 0.508594 0.589369 0.275781 0.470794 0.00244331
58 0.939063 0.584112 0.11875 0.288551 0.00243378
50 0.519434 0.454147 0.398633 0.757593 0.00226974
58 0.769141 0.573014 0.446094 0.428738 0.00174141
56 0.508594 0.589369 0.275781 0.470794 0.00132465
45 0.508203 0.593458 0.272656 0.462617 0.00113392
58 0.903516 0.590537 0.192969 0.285047 0.00110722
58 0.516504 0.443925 0.401367 0.752336 0.950684
75 0.506641 0.589369 0.273438 0.470794 0.936523
58 0.503906 0.587033 0.296875 0.474299 0.40918
41 0.503906 0.587033 0.296875 0.474299 0.00600433
58 0.907813 0.536215 0.178125 0.40771 0.00526047
58 0.932813 0.528621 0.134375 0.400701 0.00518036
60 0.517969 0.834112 0.964063 0.303738 0.00397491
74 0.50625 0.589953 0.26875 0.469626 0.0037365
1 0.507812 0.591268 0.271094 0.466998 0.00369263
39 0.503906 0.587033 0.296875 0.474299 0.00275803
26 0.506641 0.589369 0.273438 0.470794 0.00247192
58 0.939063 0.585426 0.120313 0.287091 0.002388
50 0.51875 0.452395 0.398438 0.754089 0.00220871
58 0.769141 0.573598 0.444531 0.425234 0.00169373
45 0.507129 0.593604 0.27168 0.462325 0.00124931
56 0.506641 0.589369 0.273438 0.470794 0.0011425
58 0.903125 0.591121 0.19375 0.283879 0.00109005
75 0.505078 0.589369 0.269531 0.469626 0.957031
58 0.516016 0.443633 0.401563 0.752921 0.95459
58 0.503125 0.587617 0.2875 0.474299 0.397949
41 0.503125 0.587617 0.2875 0.474299 0.008255
58 0.908594 0.536215 0.178125 0.405374 0.00518036
58 0.934375 0.528621 0.13125 0.399533 0.00462723
60 0.516016 0.836449 0.967969 0.299065 0.00432968
74 0.50625 0.591706 0.267969 0.464953 0.00391388
1 0.50625 0.591706 0.267969 0.464953 0.00374985
39 0.503125 0.587617 0.2875 0.474299 0.00255013
58 0.939063 0.58528 0.11875 0.287383 0.00225258
50 0.518359 0.451227 0.397656 0.751752 0.00216484
26 0.505078 0.589369 0.269531 0.469626 0.00209999
58 0.769141 0.573744 0.439844 0.417932 0.00163555
45 0.506641 0.590975 0.271094 0.465245 0.00145531
75 0.504297 0.588639 0.266406 0.469918 0.96582
58 0.516016 0.443925 0.401563 0.754673 0.956543
58 0.503516 0.586595 0.280469 0.476343 0.359375
41 0.503516 0.586595 0.280469 0.476343 0.0085144
60 0.514453 0.837617 0.971094 0.296729 0.00432968
74 0.505566 0.590537 0.26543 0.466121 0.00429916
58 0.909375 0.537967 0.176563 0.399533 0.00415039
58 0.935938 0.533732 0.128125 0.388142 0.00374985
1 0.505566 0.590537 0.26543 0.466121 0.00367928
39 0.503516 0.586595 0.280469 0.476343 0.00232315
58 0.939844 0.584696 0.11875 0.287383 0.00211525
50 0.517969 0.450058 0.396875 0.749416 0.00192642
26 0.504297 0.588639 0.266406 0.469918 0.0018177
58 0.767188 0.574766 0.434375 0.405374 0.00162888
45 0.505859 0.590537 0.267969 0.466121 0.00154877
75 0.504004 0.588785 0.263867 0.468458 0.967773
58 0.516406 0.443925 0.4 0.754673 0.953125
58 0.503516 0.587033 0.276563 0.475467 0.332764
41 0.503516 0.587033 0.276563 0.475467 0.00841522
74 0.505469 0.590537 0.2625 0.466121 0.00482941
60 0.502344 0.818925 0.989062 0.309579 0.00448608
1 0.505469 0.590537 0.2625 0.466121 0.00355148
58 0.938281 0.570678 0.121875 0.314252 0.00301552
58 0.910937 0.539866 0.173438 0.394568 0.00253105
39 0.503516 0.587033 0.276563 0.475467 0.00201035
50 0.517969 0.449766 0.396094 0.748832 0.00194168
58 0.762891 0.576957 0.425781 0.397488 0.0017271
26 0.504004 0.588785 0.263867 0.468458 0.00151253
45 0.505078 0.590537 0.265625 0.466121 0.0014782
75 0.503516 0.589369 0.263281 0.468458 0.967773
58 0.516504 0.444217 0.399805 0.756425 0.953125
58 0.502734 0.587471 0.275781 0.474591 0.331055
41 0.502734 0.587471 0.275781 0.474591 0.00734711
74 0.505469 0.590537 0.261719 0.466121 0.00524139
60 0.502344 0.820093 0.985938 0.310748 0.00424957
1 0.505469 0.590537 0.261719 0.466121 0.00346947
58 0.938281 0.570678 0.121875 0.314252 0.00298119
58 0.9125 0.541472 0.171875 0.389019 0.00221634
39 0.502734 0.587471 0.275781 0.474591 0.00176811
50 0.518066 0.45035 0.39668 0.751168 0.00156116
58 0.760156 0.578855 0.420312 0.391355 0.00156116
45 0.50459 0.591121 0.264258 0.466121 0.00144386
26 0.503516 0.589369 0.263281 0.468458 0.00131989
75 0.503125 0.590537 0.263281 0.468458 0.963867
58 0.517188 0.443925 0.399219 0.757009 0.956055
58 0.501465 0.588201 0.279883 0.474299 0.345215
41 0.501465 0.588201 0.279883 0.474299 0.00653839
74 0.503906 0.590975 0.265625 0.465245 0.00540543
60 0.496875 0.823598 0.99375 0.310748 0.00367928
1 0.505469 0.591121 0.2625 0.466121 0.00329781
58 0.939063 0.573014 0.121875 0.307243 0.0030632
58 0.913281 0.546875 0.170313 0.378213 0.00188255
39 0.501465 0.588201 0.279883 0.474299 0.00155449
50 0.518652 0.450058 0.39707 0.751752 0.00152493
45 0.503906 0.590975 0.265625 0.465245 0.00129986
26 0.503125 0.590537 0.263281 0.468458 0.00122547
58 0.759375 0.581776 0.41875 0.389019 0.00122547
75 0.503125 0.591268 0.264062 0.466998 0.962402
58 0.517578 0.443925 0.399219 0.758178 0.960938
58 0.500781 0.588639 0.292188 0.474591 0.40918
41 0.500781 0.588639 0.292188 0.474591 0.00579834
74 0.504297 0.59229 0.266406 0.463785 0.00544739
60 0.496094 0.821262 0.992188 0.317757 0.00340271
1 0.505469 0.59229 0.2625 0.464953 0.00299263
58 0.939063 0.573452 0.121875 0.306367 0.0028553
39 0.500781 0.588639 0.292188 0.474591 0.00148392
50 0.518848 0.45035 0.398242 0.752336 0.0014782
58 0.913281 0.548481 0.170313 0.373832 0.00142097
26 0.503125 0.591268 0.264062 0.466998 0.00121593
45 0.504297 0.59229 0.266406 0.463785 0.00117397
58 0.518066 0.44597 0.398242 0.761098 0.961914
75 0.503516 0.592144 0.264844 0.467582 0.958984
58 0.501172 0.587033 0.299219 0.48014 0.453369
74 0.504687 0.592874 0.267969 0.463785 0.00484848
60 0.498437 0.803154 0.996875 0.377336 0.00439835
41 0.505469 0.591706 0.264062 0.469626 0.00415039
1 0.504687 0.592874 0.267969 0.463785 0.00265312
58 0.939063 0.573598 0.121875 0.304907 0.00259018
50 0.519141 0.45035 0.399219 0.753505 0.00170708
39 0.501172 0.587033 0.299219 0.48014 0.00149536
26 0.503516 0.592144 0.264844 0.467582 0.00109482
58 0.910937 0.551986 0.175 0.367991 0.00108147
58 0.518359 0.446262 0.396875 0.761682 0.964355
75 0.504004 0.59229 0.26543 0.468458 0.958496
58 0.502344 0.582798 0.307031 0.48861 0.470703
60 0.498047 0.796145 0.996094 0.396028 0.00526047
74 0.505371 0.593604 0.267383 0.464661 0.00473785
41 0.506152 0.591706 0.264258 0.470794 0.00336266
58 0.939063 0.574912 0.121875 0.30111 0.00302696
1 0.505371 0.593604 0.267383 0.464661 0.0026207
50 0.519434 0.450935 0.398633 0.754673 0.00174141
39 0.49834 0.585134 0.292383 0.483937 0.00153637
58 0.909375 0.554907 0.178125 0.36215 0.00104809
26 0.504004 0.59229 0.26543 0.468458 0.00102425
58 0.51875 0.446846 0.396875 0.761682 0.967285
75 0.504687 0.59229 0.265625 0.469626 0.958008
58 0.500098 0.58236 0.298242 0.490654 0.44165
60 0.496094 0.808411 0.992188 0.371495 0.00614548
74 0.50625 0.593458 0.267969 0.464953 0.00460815
58 0.939063 0.57535 0.121875 0.300234 0.00331116
41 0.50625 0.593458 0.267969 0.464953 0.00271416
1 0.50625 0.593458 0.267969 0.464953 0.00261116
50 0.519922 0.453271 0.399219 0.759346 0.00181007
39 0.500098 0.58236 0.298242 0.490654 0.00150681
58 0.908594 0.554761 0.179688 0.362442 0.00113392
58 0.518848 0.446554 0.39668 0.761098 0.969238
75 0.505469 0.592436 0.265625 0.469334 0.953125
58 0.501465 0.580607 0.304883 0.495327 0.466797
75 0.507031 0.54191 0.325 0.572722 0.0544128
60 0.497656 0.790888 0.995313 0.410047 0.00812531
74 0.507031 0.593312 0.26875 0.465245 0.00434875
58 0.939063 0.575789 0.121875 0.299357 0.00336266
41 0.507031 0.593312 0.26875 0.465245 0.0027256
1 0.507031 0.593312 0.26875 0.465245 0.00253105
50 0.519434 0.454147 0.398633 0.761098 0.00158501
58 0.908594 0.555491 0.179688 0.363318 0.00135612
39 0.501465 0.580607 0.304883 0.495327 0.00129414
26 0.505078 0.591706 0.267188 0.466121 0.00109863
58 0.51875 0.446846 0.395313 0.759346 0.970703
75 0.505566 0.593458 0.26543 0.468458 0.950195
58 0.50459 0.573744 0.31582 0.509054 0.462891
75 0.510547 0.490654 0.335938 0.67757 0.0182648
60 0.497656 0.78972 0.995313 0.408879 0.00959778
74 0.507031 0.594626 0.267969 0.464953 0.00415039
58 0.939844 0.574766 0.120313 0.301402 0.00300407
41 0.507031 0.59521 0.265625 0.46729 0.00291252
1 0.507031 0.594626 0.267969 0.464953 0.00230598
50 0.519629 0.454439 0.398242 0.761682 0.00157356
39 0.507031 0.59521 0.265625 0.46729 0.00141621
26 0.505078 0.59229 0.265625 0.466121 0.00112438
58 0.51875 0.446262 0.394531 0.758178 0.972168
75 0.505371 0.592436 0.264258 0.469334 0.944824
58 0.505078 0.572284 0.317188 0.511974 0.420654
75 0.511035 0.480724 0.338867 0.69743 0.0156708
60 0.498437 0.787383 0.996875 0.408879 0.01017
74 0.507031 0.594042 0.267188 0.466121 0.00402451
41 0.506934 0.59448 0.264258 0.467582 0.00298119
58 0.940625 0.574766 0.11875 0.301402 0.00275803
1 0.506934 0.59448 0.264258 0.467582 0.00201988
39 0.506934 0.59448 0.264258 0.467582 0.00141048
50 0.519629 0.455023 0.398242 0.76285 0.00119686
26 0.505078 0.59229 0.264844 0.466121 0.0011158
59 0.496094 0.809579 0.992188 0.379673 0.00108147
58 0.51875 0.446554 0.39375 0.756425 0.973633
75 0.505469 0.593458 0.264062 0.46729 0.941895
58 0.509277 0.551548 0.329883 0.553446 0.373779
75 0.509277 0.551548 0.329883 0.553446 0.0753174
58 0.506641 0.594042 0.264844 0.468458 0.02034
60 0.498437 0.788551 0.996875 0.406542 0.00905609
74 0.506934 0.595794 0.264258 0.466121 0.00403976
41 0.506934 0.595794 0.264258 0.466121 0.0029583
58 0.940625 0.574182 0.11875 0.30257 0.00219917
1 0.506934 0.595794 0.264258 0.466121 0.0019722
39 0.506934 0.595794 0.264258 0.466121 0.0012846
50 0.519922 0.455607 0.397656 0.76285 0.00106049
26 0.505078 0.592874 0.264062 0.463785 0.00103188
58 0.51875 0.446262 0.394531 0.754673 0.975586
75 0.505371 0.594042 0.262695 0.464953 0.941895
58 0.507031 0.561916 0.323438 0.530374 0.275146
75 0.513965 0.460864 0.34707 0.733645 0.0127258
60 0.498437 0.78972 0.996875 0.406542 0.00818634
74 0.50625 0.596379 0.263281 0.464953 0.00421524
41 0.505566 0.592874 0.262305 0.469626 0.00378036
58 0.939063 0.574766 0.11875 0.300234 0.00255013
1 0.50625 0.596379 0.263281 0.464953 0.00203514
39 0.50625 0.596379 0.263281 0.464953 0.00112438
58 0.764063 0.587033 0.43125 0.399533 0.00100803
58 0.518848 0.446262 0.395117 0.754673 0.975586
75 0.505469 0.594042 0.263281 0.464953 0.937988
58 0.501953 0.578271 0.309375 0.496495 0.0847778
75 0.511035 0.482477 0.337305 0.689252 0.0318604
60 0.498437 0.790888 0.995313 0.401869 0.0078125
41 0.505469 0.592874 0.2625 0.468458 0.00482941
74 0.505469 0.592874 0.2625 0.468458 0.00471878
58 0.939063 0.57535 0.120313 0.299065 0.0026207
1 0.50625 0.596817 0.2625 0.462909 0.0019722
39 0.50625 0.596817 0.2625 0.462909 0.00102425
58 0.518359 0.446262 0.395313 0.754673 0.976074
75 0.505859 0.593458 0.2625 0.461449 0.934082
58 0.507812 0.523949 0.328906 0.60514 0.370117
75 0.507812 0.523949 0.328906 0.60514 0.122498
58 0.505469 0.592874 0.2625 0.468458 0.0411377
60 0.497656 0.792056 0.995313 0.399533 0.0069046
74 0.505469 0.592874 0.2625 0.468458 0.00521851
41 0.505469 0.592874 0.2625 0.468458 0.00469971
58 0.939063 0.57535 0.120313 0.299065 0.00227928
1 0.506152 0.597109 0.262695 0.462325 0.00182438
58 0.934375 0.526869 0.13125 0.392523 0.00104427
58 0.518066 0.446554 0.39668 0.755257 0.976074
75 0.505371 0.592874 0.262695 0.461449 0.930664
58 0.503906 0.569947 0.31875 0.511974 0.422607
60 0.498437 0.794393 0.996875 0.39486 0.00757599
74 0.505078 0.592436 0.2625 0.469334 0.00538635
41 0.505078 0.592436 0.2625 0.469334 0.00443268
58 0.939063 0.576081 0.120313 0.296437 0.00232315
1 0.505859 0.595794 0.2625 0.462617 0.00174809
58 0.934375 0.526869 0.13125 0.392523 0.00109005
58 0.518066 0.446846 0.39668 0.755841 0.975586
75 0.505371 0.592874 0.262695 0.461449 0.928711
58 0.503125 0.578855 0.316406 0.494159 0.470703
60 0.498437 0.796729 0.996875 0.390187 0.00706482
74 0.504687 0.592144 0.2625 0.467582 0.00582123
41 0.505078 0.595794 0.265625 0.457944 0.0053215
58 0.939063 0.577103 0.11875 0.294393 0.00236893
1 0.505469 0.595794 0.2625 0.461449 0.00167465
75 0.607813 0.573014 0.120313 0.290888 0.00123024
58 0.934375 0.526723 0.13125 0.392815 0.00116062
39 0.505078 0.595794 0.265625 0.457944 0.00106525
45 0.505078 0.595794 0.265625 0.457944 0.00100422
58 0.518066 0.446846 0.39668 0.757009 0.975586
75 0.50459 0.593604 0.262695 0.464661 0.928711
58 0.503027 0.578855 0.317383 0.494159 0.476562
60 0.500781 0.817757 0.992188 0.33528 0.00653839
74 0.504687 0.59229 0.2625 0.468458 0.00609589
41 0.505078 0.59521 0.264844 0.459112 0.00544739
58 0.939063 0.578271 0.11875 0.292056 0.00255013
1 0.504687 0.59229 0.2625 0.468458 0.00172043
75 0.607813 0.573598 0.120313 0.292056 0.00139904
58 0.934375 0.526723 0.13125 0.392815 0.00123501
39 0.505078 0.59521 0.264844 0.459112 0.00106907
58 0.517969 0.446846 0.396875 0.759346 0.974121
75 0.505078 0.594042 0.261719 0.463785 0.92627
58 0.499609 0.586449 0.30625 0.478972 0.434082
60 0.500781 0.819509 0.992188 0.330607 0.0064888
74 0.50459 0.591121 0.261133 0.470794 0.00564194
41 0.505078 0.59448 0.264062 0.460572 0.00564194
58 0.939063 0.584112 0.121875 0.286215 0.00445175
58 0.934375 0.527015 0.13125 0.394568 0.00200272
58 0.904688 0.573598 0.190625 0.311916 0.0018177
75 0.607813 0.574182 0.120313 0.293224 0.00176144
1 0.505078 0.594042 0.261719 0.463785 0.00171375
39 0.505078 0.59448 0.264062 0.460572 0.00112438
45 0.505078 0.59448 0.264062 0.460572 0.00107288
75 0.500781 0.660631 0.192188 0.317757 0.00106525
58 0.518066 0.447138 0.39668 0.75993 0.973633
75 0.505078 0.59448 0.261719 0.462909 0.927246
58 0.500684 0.586303 0.30957 0.479264 0.453369
74 0.50459 0.591706 0.261133 0.469626 0.00577545
60 0.501563 0.820093 0.990625 0.331776 0.00575256
41 0.504687 0.594042 0.264062 0.46028 0.00540543
58 0.939063 0.583966 0.121875 0.287675 0.00518036
58 0.933594 0.526869 0.132812 0.39486 0.00243378
58 0.904688 0.572284 0.190625 0.315713 0.00217438
75 0.607813 0.573744 0.120313 0.2941 0.00197983
1 0.505078 0.59448 0.261719 0.462909 0.00175476
39 0.504687 0.594042 0.264062 0.46028 0.00113392
58 0.518066 0.446846 0.39668 0.760514 0.976074
75 0.505078 0.593458 0.261719 0.463785 0.942871
58 0.500781 0.587033 0.308594 0.477804 0.53125
58 0.938281 0.583528 0.123438 0.287383 0.0101318
60 0.497656 0.803154 0.99375 0.38785 0.0068512
41 0.504687 0.593312 0.264062 0.460572 0.00593567
74 0.504297 0.591121 0.261719 0.470794 0.00570679
58 0.932813 0.527453 0.134375 0.39486 0.00383949
58 0.909375 0.586595 0.178125 0.284755 0.00233269
58 0.90625 0.529206 0.184375 0.40771 0.00216484
1 0.505078 0.593458 0.261719 0.463785 0.00204277
75 0.607422 0.568925 0.119531 0.28271 0.00177479
45 0.504687 0.593312 0.264062 0.460572 0.00130939
39 0.500781 0.587033 0.308594 0.477804 0.00123501
75 0.500781 0.668224 0.190625 0.303738 0.00115108
9 0.0347168 0.104994 0.0694336 0.157418 0.00112057
58 0.517969 0.446846 0.396094 0.760514 0.977539
75 0.505078 0.593312 0.261719 0.462909 0.949219
58 0.502734 0.586303 0.311719 0.479264 0.611328
58 0.9375 0.582798 0.125 0.287675 0.0154877
60 0.499219 0.804906 0.9875 0.385514 0.00834656
74 0.504687 0.593458 0.263281 0.46028 0.00626373
41 0.504687 0.593458 0.263281 0.46028 0.00616837
58 0.93125 0.530958 0.1375 0.389019 0.00510025
58 0.903906 0.531396 0.190625 0.413843 0.00240517
1 0.505078 0.593312 0.261719 0.462909 0.00200272
75 0.607422 0.566589 0.11875 0.278037 0.00174809
58 0.903125 0.586449 0.19375 0.288551 0.00169373
45 0.504687 0.593458 0.263281 0.46028 0.00157356
58 0.769531 0.547751 0.457813 0.469918 0.00146675
75 0.501172 0.67465 0.189844 0.290888 0.00133038
39 0.502734 0.586303 0.311719 0.479264 0.0012846
9 0.034668 0.104702 0.0693359 0.156542 0.00125504
58 0.877344 0.611565 0.142188 0.239486 0.00100422
58 0.517871 0.446262 0.395508 0.760514 0.977539
75 0.50459 0.592874 0.261133 0.466121 0.953613
58 0.503223 0.585864 0.312305 0.48014 0.642578
58 0.9375 0.582944 0.125 0.288551 0.0206451
60 0.500781 0.803738 0.984375 0.390187 0.0105667
41 0.504687 0.593458 0.2625 0.46028 0.00661469
74 0.504687 0.593458 0.2625 0.46028 0.00653839
58 0.9125 0.543808 0.171875 0.377336 0.00572968
1 0.504687 0.591706 0.2625 0.463785 0.00231361
58 0.954688 0.586303 0.090625 0.278329 0.00221634
58 0.769922 0.543808 0.457031 0.470794 0.00206757
58 0.903125 0.593604 0.19375 0.277745 0.0019722
58 0.710938 0.588931 0.332813 0.354848 0.00194168
45 0.504687 0.593458 0.2625 0.46028 0.00175476
75 0.607031 0.566589 0.11875 0.278037 0.00174809
75 0.501563 0.678738 0.189063 0.28271 0.00161648
58 0.873438 0.609813 0.134375 0.242991 0.0014782
39 0.503223 0.585864 0.312305 0.48014 0.00136662
9 0.0347168 0.104556 0.0694336 0.155958 0.00124454
75 0.690234 0.58309 0.277344 0.347839 0.0011692
58 0.518848 0.445093 0.398242 0.759346 0.977539
75 0.504785 0.592874 0.260742 0.466121 0.955078
58 0.504297 0.584696 0.313281 0.482477 0.665527
58 0.9375 0.582944 0.125 0.288551 0.0259552
60 0.509375 0.821262 0.976562 0.315421 0.0112915
58 0.909375 0.542056 0.178125 0.380841 0.00695801
41 0.504785 0.593312 0.262305 0.460572 0.00682449
74 0.504785 0.593312 0.262305 0.460572 0.00674438
58 0.696094 0.587033 0.298438 0.363318 0.00530243
1 0.504687 0.591121 0.261719 0.464953 0.00246239
58 0.903125 0.592874 0.19375 0.278037 0.00243378
58 0.770312 0.539136 0.45625 0.468458 0.00220871
58 0.870313 0.608645 0.128125 0.245327 0.00214958
75 0.607031 0.567173 0.11875 0.279206 0.00191212
45 0.504785 0.593312 0.262305 0.460572 0.00177479
75 0.501563 0.682243 0.188281 0.275701 0.00171375
75 0.689063 0.581922 0.275 0.347839 0.0014782
39 0.504297 0.584696 0.313281 0.482477 0.00137806
9 0.0347656 0.10441 0.0695313 0.155666 0.00113773
0 0.0461426 0.518692 0.0893555 0.0946262 0.0011158
58 0.957812 0.594626 0.084375 0.267523 0.00104427
0 0.0351074 0.304834 0.0688477 0.22094 0.00103188
58 0.518359 0.44597 0.395313 0.75993 0.976074
75 0.504297 0.592874 0.260156 0.466121 0.957031
58 0.50625 0.577687 0.31875 0.495327 0.6875
58 0.9375 0.582944 0.125 0.288551 0.0317383
58 0.69375 0.586595 0.296875 0.361857 0.0136337
60 0.509375 0.821262 0.975 0.318925 0.0122375
58 0.904688 0.538405 0.1875 0.395152 0.00993347
74 0.50459 0.593312 0.261133 0.460572 0.00701141
41 0.50459 0.593312 0.261133 0.460572 0.00698471
58 0.761719 0.530958 0.4375 0.484813 0.00419998
58 0.86875 0.608061 0.121875 0.246495 0.00269318
58 0.903125 0.59229 0.19375 0.279206 0.00253105
1 0.504687 0.591121 0.260938 0.464953 0.00243378
75 0.607031 0.568925 0.11875 0.281542 0.00209999
75 0.689063 0.581922 0.273438 0.347839 0.00183105
45 0.50459 0.593312 0.261133 0.460572 0.00175476
75 0.501563 0.683411 0.1875 0.273364 0.00168705
58 0.132617 0.315421 0.260938 0.588785 0.00157928
0 0.0472778 0.518838 0.0917725 0.0955023 0.00130463
39 0.50625 0.577687 0.31875 0.495327 0.00121593
0 0.0350586 0.304249 0.06875 0.219772 0.00117874
9 0.03479 0.104301 0.0695801 0.155301 0.00104809
58 0.957812 0.594042 0.084375 0.267523 0.00100803
58 0.518848 0.44597 0.395117 0.75993 0.975586
75 0.50459 0.592144 0.25957 0.465245 0.959473
58 0.508984 0.557097 0.325781 0.535339 0.716797
75 0.508984 0.557097 0.325781 0.535339 0.246582
58 0.503809 0.590975 0.25957 0.469918 0.0875854
58 0.9375 0.582944 0.125 0.288551 0.0344849
58 0.69375 0.58528 0.295312 0.363318 0.0158386
60 0.508594 0.821262 0.975 0.320093 0.0126266
58 0.904688 0.537237 0.1875 0.395152 0.0119171
74 0.50459 0.593458 0.261133 0.46028 0.0069046
41 0.50459 0.593458 0.261133 0.46028 0.00682449
58 0.760156 0.527891 0.432813 0.48861 0.00570679
58 0.867188 0.608061 0.120313 0.246495 0.00296974
58 0.903125 0.591706 0.19375 0.279206 0.00263214
58 0.132422 0.314544 0.260938 0.590537 0.00261116
1 0.504785 0.591121 0.260742 0.464953 0.0024147
75 0.689063 0.580607 0.271875 0.348131 0.00204277
75 0.607031 0.568925 0.11875 0.28271 0.00192642
75 0.501563 0.683995 0.1875 0.272196 0.0016489
45 0.50459 0.593458 0.261133 0.46028 0.00162888
0 0.0350098 0.304322 0.0686523 0.219626 0.00139904
0 0.0483398 0.518546 0.0939453 0.0960864 0.00131512
58 0.769922 0.394276 0.458594 0.755841 0.0011425
39 0.508984 0.557097 0.325781 0.535339 0.00110722
58 0.187939 0.376752 0.370215 0.497664 0.00108147
58 0.957812 0.593458 0.084375 0.268692 0.00106525
58 0.746094 0.598131 0.395313 0.386682 0.00102425
58 0.518359 0.28271 0.395313 0.416472 0.00102043
39 0.50459 0.593458 0.261133 0.46028 0.00101662
58 0.518848 0.446262 0.395117 0.759346 0.975586
75 0.504297 0.593604 0.259375 0.464661 0.958984
58 0.510547 0.541472 0.328906 0.566589 0.744629
75 0.510547 0.541472 0.328906 0.566589 0.201782
58 0.503906 0.591121 0.259375 0.469626 0.0856934
58 0.9375 0.582944 0.125 0.288551 0.0370483
58 0.692969 0.585134 0.295312 0.362442 0.0200195
60 0.507812 0.821262 0.975 0.320093 0.012825
58 0.904688 0.53972 0.1875 0.391355 0.0118713
58 0.759375 0.525701 0.43125 0.490654 0.00703812
41 0.504004 0.593458 0.260742 0.459112 0.00674438
74 0.504004 0.593458 0.260742 0.459112 0.00656509
58 0.132617 0.314252 0.261719 0.593458 0.00353813
58 0.866406 0.608061 0.120313 0.246495 0.00317192
58 0.903125 0.591706 0.19375 0.279206 0.00286674
1 0.504687 0.591706 0.260156 0.463785 0.00242424
75 0.689063 0.580607 0.271875 0.348131 0.00212479
75 0.607031 0.569071 0.11875 0.282418 0.00198746
75 0.501563 0.684579 0.1875 0.271028 0.00169373
58 0.18833 0.375 0.371777 0.5 0.00152493
58 0.770312 0.391355 0.459375 0.760514 0.00146675
45 0.504004 0.593458 0.260742 0.459112 0.00143242
0 0.0350464 0.304322 0.0685791 0.219042 0.00137806
58 0.745313 0.597985 0.39375 0.385806 0.00119209
58 0.957812 0.593312 0.084375 0.268984 0.00114727
58 0.205273 0.390771 0.408203 0.65771 0.00112915
58 0.102148 0.286726 0.203906 0.534025 0.0011158
39 0.510547 0.541472 0.328906 0.566589 0.0011158
0 0.0489258 0.519276 0.0953125 0.0969626 0.00110722
39 0.504004 0.593458 0.260742 0.459112 0.00108147
58 0.518359 0.28271 0.395313 0.416472 0.00106049
58 0.518848 0.445678 0.395117 0.759346 0.974609
75 0.504297 0.593458 0.259375 0.463785 0.959473
58 0.511328 0.526723 0.33125 0.596086 0.766113
75 0.511328 0.526723 0.33125 0.596086 0.182373
58 0.503906 0.591268 0.259375 0.469334 0.085083
58 0.9375 0.582944 0.125 0.28972 0.0372009
58 0.694531 0.58528 0.296875 0.363318 0.0201721
60 0.507812 0.821262 0.975 0.320093 0.0127258
58 0.904688 0.54337 0.1875 0.385222 0.00981903
58 0.763281 0.525555 0.439063 0.490946 0.00769424
41 0.504004 0.593458 0.260742 0.459112 0.00636292
74 0.504004 0.593458 0.260742 0.459112 0.00605011
58 0.132617 0.314179 0.261719 0.593604 0.00379562
58 0.867188 0.608499 0.121875 0.245619 0.00279045
75 0.699219 0.589953 0.3 0.36215 0.00234985
1 0.504297 0.59229 0.260156 0.462617 0.00228691
75 0.607031 0.570093 0.11875 0.283879 0.00198746
75 0.503125 0.699766 0.182812 0.240654 0.00178242
58 0.770312 0.391063 0.459375 0.761098 0.0017004
58 0.189014 0.374416 0.372754 0.501168 0.00169373
58 0.903125 0.601782 0.19375 0.266063 0.00139904
0 0.0350708 0.304322 0.0687256 0.219626 0.00134563
58 0.746094 0.596963 0.395313 0.385514 0.0012846
58 0.206836 0.396028 0.411328 0.671729 0.00126934
45 0.504004 0.593458 0.260742 0.459112 0.00126457
58 0.957812 0.593604 0.084375 0.270736 0.00110722
39 0.511328 0.526723 0.33125 0.596086 0.00110722
58 0.518359 0.282199 0.395313 0.415742 0.00109005
39 0.504004 0.593458 0.260742 0.459112 0.00108147
58 0.10332 0.286215 0.20625 0.53271 0.00107765
58 0.518359 0.445385 0.394531 0.758762 0.974609
75 0.504297 0.593312 0.259375 0.462909 0.95752
58 0.511035 0.537237 0.331055 0.575058 0.775879
75 0.511035 0.537237 0.331055 0.575058 0.190674
58 0.503906 0.591706 0.259375 0.468458 0.088501
58 0.9375 0.582944 0.125 0.28972 0.0389099
58 0.694531 0.585426 0.296875 0.364194 0.0168457
60 0.507812 0.821846 0.975 0.320093 0.0124283
58 0.904688 0.54337 0.1875 0.385222 0.0107803
58 0.761719 0.527891 0.435937 0.48861 0.0068512
41 0.504004 0.593458 0.260742 0.459112 0.00591278
74 0.504004 0.593458 0.260742 0.459112 0.00591278
58 0.132324 0.313668 0.261133 0.59229 0.00362206
58 0.867188 0.608061 0.121875 0.246495 0.00293541
1 0.504687 0.591706 0.260156 0.462617 0.00227928
75 0.607031 0.568341 0.11875 0.280374 0.00215721
75 0.698438 0.589807 0.3 0.362442 0.00194168
75 0.503125 0.699766 0.182812 0.240654 0.00168705
58 0.189111 0.375 0.37334 0.5 0.00167465
0 0.0350586 0.304614 0.0686523 0.219042 0.00150108
58 0.903125 0.601051 0.19375 0.266355 0.00144386
58 0.770312 0.391647 0.459375 0.761098 0.00144386
58 0.207227 0.398657 0.412109 0.672313 0.00127411
45 0.504004 0.593458 0.260742 0.459112 0.00124454
39 0.511035 0.537237 0.331055 0.575058 0.0011425
0 0.0938477 0.226928 0.184961 0.425234 0.00103664
0 0.0490234 0.519276 0.0955078 0.0981308 0.00103188
58 0.518359 0.282637 0.395313 0.416034 0.00103188
39 0.504004 0.593458 0.260742 0.459112 0.00103188
58 0.518359 0.445678 0.394531 0.758178 0.973633
75 0.504297 0.593458 0.259375 0.462617 0.956543
58 0.511328 0.535047 0.33125 0.579439 0.782715
75 0.511328 0.535047 0.33125 0.579439 0.189575
58 0.503906 0.591706 0.259375 0.46729 0.088501
58 0.9375 0.582944 0.125 0.28972 0.0367737
58 0.695312 0.585864 0.298438 0.363318 0.0145035
60 0.507031 0.82243 0.975 0.317757 0.0122375
58 0.904688 0.54337 0.1875 0.385222 0.00809479
58 0.761719 0.532126 0.435937 0.48014 0.0068779
74 0.504297 0.593458 0.260156 0.457944 0.00579834
41 0.504297 0.593458 0.260156 0.457944 0.00572968
58 0.132324 0.313668 0.261133 0.59229 0.00273705
58 0.867969 0.608499 0.123438 0.245619 0.00250244
1 0.50459 0.59229 0.25957 0.461449 0.00226974
75 0.607031 0.568341 0.11875 0.280374 0.00215721
75 0.503516 0.699766 0.182812 0.240654 0.0018177
75 0.689844 0.580754 0.273438 0.347839 0.00172043
0 0.0350586 0.304249 0.0686523 0.218604 0.00148392
58 0.189795 0.376168 0.374316 0.5 0.00139904
45 0.504297 0.593458 0.260156 0.457944 0.00132465
58 0.903125 0.601636 0.19375 0.265187 0.00129414
39 0.511328 0.535047 0.33125 0.579439 0.00114727
58 0.957812 0.592436 0.084375 0.270736 0.00113773
58 0.769922 0.392523 0.460156 0.758178 0.0011158
0 0.048938 0.51986 0.0954834 0.0981308 0.00110722
58 0.518359 0.282637 0.395313 0.416034 0.00109863
58 0.208008 0.403037 0.413672 0.676402 0.00107765
58 0.517871 0.446262 0.395508 0.760514 0.978027
75 0.50459 0.592874 0.261133 0.466121 0.953613
58 0.504004 0.58528 0.313867 0.481308 0.649414
58 0.9375 0.582944 0.125 0.288551 0.0198669
60 0.500781 0.803738 0.984375 0.390187 0.0107346
41 0.504687 0.593458 0.2625 0.46028 0.00666809
74 0.504687 0.593458 0.2625 0.46028 0.00661469
58 0.913281 0.544246 0.171875 0.37646 0.00542831
1 0.504687 0.591706 0.2625 0.463785 0.00232315
58 0.954688 0.586303 0.090625 0.278329 0.00209999
58 0.769922 0.543808 0.457031 0.470794 0.00209045
58 0.710938 0.588931 0.334375 0.354848 0.00189686
58 0.903125 0.593604 0.19375 0.277745 0.00186729
75 0.607031 0.566735 0.11875 0.277745 0.00184631
45 0.504687 0.593458 0.2625 0.46028 0.00176144
75 0.501563 0.678738 0.189063 0.28271 0.00164223
58 0.873438 0.609813 0.134375 0.242991 0.00138283
39 0.504004 0.58528 0.313867 0.481308 0.00134563
9 0.0347168 0.104702 0.0694336 0.15625 0.00123024
75 0.690625 0.58309 0.278125 0.347839 0.00115108
