0 0.173311 0.634375 0.342792 0.473438 0.902344
38 0.224582 0.658203 0.118384 0.0734375 0.679199
38 0.211003 0.651563 0.144847 0.0875 0.0110321
0 0.0807799 0.00599365 0.130919 0.0119873 0.00806427
74 0.607242 0.156152 0.119777 0.108789 0.0064621
0 0.0898329 0.00766602 0.171309 0.015332 0.00397491
74 0.237465 0.657813 0.091922 0.0734375 0.00299263
0 0.117688 0.00644531 0.116992 0.0128906 0.00205803
0 0.174008 0.530469 0.344185 0.265625 0.00142097
0 0.173398 0.634375 0.342618 0.475 0.907227
38 0.222841 0.657813 0.12117 0.0734375 0.692871
38 0.239554 0.659375 0.0884401 0.0703125 0.12854
38 0.211351 0.651563 0.145543 0.0875 0.0110703
0 0.0814763 0.00600586 0.126741 0.0120117 0.0109863
74 0.607242 0.156055 0.119777 0.109375 0.00941467
0 0.0828691 0.0076416 0.160864 0.0152832 0.00341606
74 0.238162 0.657813 0.091922 0.0734375 0.00328636
0 0.118384 0.00644531 0.11351 0.0128906 0.00244331
38 0.160167 0.611719 0.0654596 0.05 0.00106049
0 0.173311 0.634766 0.342792 0.475781 0.908203
38 0.223538 0.657813 0.119777 0.0734375 0.694336
0 0.0821727 0.00598145 0.123955 0.0119629 0.0144501
38 0.211003 0.651953 0.14624 0.0867188 0.0108185
74 0.607242 0.156055 0.119777 0.109375 0.01017
0 0.0813893 0.00759277 0.158948 0.0151855 0.00407028
74 0.238162 0.657813 0.091922 0.0734375 0.0037365
0 0.118733 0.00637207 0.111421 0.0127441 0.0030632
38 0.240599 0.659375 0.0870474 0.071875 0.00258064
1 0.229109 0.657813 0.110028 0.075 0.00110722
0 0.0188022 0.00664063 0.0362117 0.0125977 0.00102425
0 0.17305 0.634766 0.342618 0.477344 0.908203
38 0.229109 0.657813 0.110028 0.0734375 0.6875
0 0.0828691 0.00593262 0.12117 0.0118652 0.0182953
38 0.211003 0.652344 0.145543 0.0859375 0.00981903
74 0.606546 0.156055 0.12117 0.109375 0.00901794
0 0.0806929 0.00753174 0.157556 0.0150635 0.00479126
74 0.238162 0.658203 0.091922 0.0726563 0.00428009
0 0.119081 0.00629883 0.110028 0.0125977 0.00376511
0 0.0188022 0.00661621 0.0362117 0.0125977 0.00130939
0 0.160167 0.00531006 0.0389972 0.0106201 0.00116539
1 0.231546 0.658203 0.105153 0.0742188 0.00115585
11 0.607242 0.155859 0.119777 0.109766 0.00103664
0 0.173398 0.635156 0.343315 0.478125 0.911133
38 0.237465 0.658594 0.091922 0.071875 0.699219
38 0.21727 0.658203 0.133705 0.0742188 0.509766
0 0.0821727 0.0059082 0.123955 0.0118164 0.0213623
74 0.607242 0.156055 0.12117 0.108984 0.00734711
0 0.0811281 0.0074707 0.158078 0.0148437 0.00536346
74 0.238162 0.658594 0.091922 0.071875 0.00508118
0 0.118036 0.00622559 0.110724 0.0124512 0.00428009
38 0.212396 0.646094 0.140669 0.100781 0.00233269
0 0.0194986 0.00661621 0.0376045 0.0125977 0.00129414
0 0.160167 0.00527344 0.0389972 0.0105469 0.00127411
40 0.237465 0.658594 0.091922 0.071875 0.00108147
0 0.174095 0.634766 0.342618 0.477344 0.917969
38 0.239554 0.658594 0.0877437 0.0703125 0.70752
0 0.0804318 0.00598145 0.130223 0.0119629 0.0277405
0 0.0821727 0.00749512 0.160167 0.014502 0.00769424
38 0.211699 0.657813 0.144847 0.0765625 0.00701141
74 0.237465 0.658594 0.091922 0.071875 0.00671768
0 0.117688 0.00620117 0.112813 0.0124023 0.00595856
74 0.607242 0.155859 0.12117 0.108594 0.00557709
0 0.160167 0.00532227 0.0389972 0.0106445 0.00157356
40 0.239554 0.658594 0.0877437 0.0703125 0.00143814
0 0.0212396 0.00668945 0.0410863 0.012793 0.00137234
32 0.238858 0.658984 0.0898329 0.0703125 0.00121593
1 0.237117 0.658594 0.0933148 0.0734375 0.00100422
0 0.174182 0.634766 0.341052 0.475781 0.922363
38 0.239902 0.658594 0.086351 0.0703125 0.680664
0 0.0814763 0.00598145 0.129526 0.0119629 0.0309601
0 0.082782 0.00756836 0.160341 0.0141602 0.00908661
0 0.118384 0.00617676 0.111421 0.0123535 0.00701141
74 0.237465 0.658594 0.091922 0.071875 0.0068512
74 0.607242 0.155762 0.12117 0.108398 0.00481033
38 0.211003 0.657813 0.14624 0.075 0.00408554
0 0.160167 0.00533447 0.0389972 0.0106689 0.00172043
0 0.0212396 0.00673828 0.0410863 0.0126953 0.00169373
40 0.239902 0.658594 0.086351 0.0703125 0.0014267
32 0.237813 0.659375 0.0940111 0.06875 0.0012846
0 0.173485 0.634766 0.339659 0.474219 0.924316
38 0.240251 0.658594 0.0856546 0.0695313 0.651367
0 0.0835655 0.00595703 0.123955 0.0119141 0.0279541
0 0.0821727 0.00766602 0.158774 0.0138672 0.00803375
74 0.237117 0.658594 0.091922 0.071875 0.00671768
0 0.119081 0.00615234 0.109331 0.0123047 0.00602722
74 0.607242 0.155176 0.119777 0.108398 0.00479126
38 0.212047 0.654688 0.142758 0.08125 0.00469971
0 0.0208914 0.00678711 0.04039 0.0125977 0.00178909
0 0.160167 0.00533447 0.0389972 0.0106689 0.00162888
40 0.240251 0.658594 0.0856546 0.0695313 0.00126457
1 0.236421 0.658594 0.0933148 0.071875 0.00118351
32 0.237465 0.659375 0.0933148 0.06875 0.00109863
0 0.172789 0.635156 0.338266 0.473438 0.924316
38 0.239902 0.658594 0.086351 0.06875 0.675781
0 0.0849582 0.00603027 0.12117 0.0120605 0.0244751
0 0.0814763 0.00771484 0.156685 0.0137695 0.00682449
74 0.236769 0.658594 0.091922 0.0710938 0.00593567
74 0.607242 0.155273 0.119777 0.108203 0.0049057
0 0.119081 0.00621338 0.108635 0.0124268 0.00477219
38 0.212744 0.655469 0.140669 0.0789063 0.00332451
0 0.0208914 0.00683594 0.0410863 0.0126953 0.00153637
1 0.236769 0.658594 0.0933148 0.071875 0.00136662
40 0.239902 0.658594 0.086351 0.06875 0.00135136
0 0.160515 0.00541992 0.0389972 0.0108398 0.00129986
56 0.238162 0.659375 0.0891365 0.0703125 0.0012064
0 0.173398 0.528516 0.342618 0.259375 0.00107765
0 0.172789 0.635156 0.338266 0.475 0.922363
38 0.239902 0.658594 0.086351 0.0703125 0.700684
0 0.0821727 0.00612793 0.130223 0.0122559 0.0214081
0 0.0901811 0.0074707 0.16922 0.0141602 0.00698471
74 0.236769 0.658594 0.0926184 0.071875 0.00591278
74 0.607242 0.155176 0.12117 0.108398 0.00469971
0 0.118733 0.00629883 0.111421 0.0125977 0.00378036
38 0.213788 0.655859 0.139276 0.078125 0.00254059
56 0.238162 0.659375 0.0891365 0.0703125 0.0016489
40 0.238162 0.659375 0.0891365 0.0703125 0.00159168
1 0.236769 0.658594 0.0933148 0.071875 0.00147247
0 0.0236769 0.00686035 0.0466574 0.0130371 0.00111198
0 0.172789 0.635547 0.338266 0.475781 0.927246
38 0.239902 0.659375 0.0870474 0.0703125 0.764648
0 0.0804318 0.00622559 0.135794 0.0124512 0.0178528
74 0.239902 0.659375 0.0870474 0.0703125 0.00651169
0 0.0825209 0.00761719 0.158078 0.0140625 0.00643921
74 0.607242 0.155176 0.122563 0.108398 0.00468063
0 0.116992 0.00635986 0.114206 0.0127197 0.00279999
56 0.23851 0.659375 0.0884401 0.0710938 0.00259018
40 0.23851 0.659375 0.0884401 0.0710938 0.00247192
29 0.240599 0.659375 0.0849582 0.071875 0.00176811
1 0.236769 0.658594 0.091922 0.071875 0.0016489
38 0.219359 0.657031 0.126741 0.075 0.00145531
11 0.607242 0.155566 0.119777 0.10918 0.00137806
0 0.172702 0.635938 0.337744 0.475 0.931641
38 0.239554 0.659375 0.0870474 0.0703125 0.777344
0 0.0807799 0.00616455 0.133705 0.0123291 0.0133743
74 0.239554 0.659375 0.0870474 0.0703125 0.0100098
0 0.0901811 0.00742187 0.16922 0.0143555 0.00540543
74 0.607242 0.155176 0.122563 0.108398 0.00448608
56 0.238858 0.659375 0.0877437 0.0710938 0.00329781
40 0.238858 0.659375 0.0877437 0.0710938 0.00273705
0 0.116992 0.00632324 0.114206 0.0126465 0.00214958
29 0.240251 0.659375 0.0849582 0.071875 0.00202751
11 0.606546 0.155469 0.119777 0.109375 0.00193405
1 0.237117 0.658594 0.0912256 0.071875 0.00177479
38 0.223189 0.657422 0.117688 0.0742188 0.00106049
0 0.172702 0.635547 0.337744 0.474219 0.928711
38 0.239206 0.659375 0.0877437 0.0703125 0.785156
0 0.0814763 0.00606689 0.132312 0.0121338 0.0120544
74 0.239206 0.659375 0.0877437 0.0703125 0.0113297
0 0.0901811 0.00742187 0.16922 0.0142578 0.00498199
74 0.606546 0.155176 0.122563 0.108398 0.00457382
56 0.238162 0.659375 0.0891365 0.0703125 0.00329781
40 0.238162 0.659375 0.0891365 0.0703125 0.00282288
11 0.606546 0.155371 0.119777 0.10918 0.00226021
0 0.116992 0.00629883 0.114206 0.0125977 0.00199509
29 0.240251 0.659375 0.0856546 0.0710938 0.00196457
1 0.237465 0.658594 0.0905292 0.071875 0.00154877
0 0.172702 0.635547 0.337047 0.472656 0.925293
38 0.239206 0.659375 0.0877437 0.0703125 0.767578
74 0.239206 0.659375 0.0877437 0.0703125 0.0106964
0 0.0807799 0.00598145 0.135097 0.0119629 0.00723267
74 0.606546 0.155273 0.122563 0.108594 0.00450516
0 0.0905292 0.0074707 0.169916 0.0142578 0.00311089
40 0.238162 0.659375 0.0905292 0.0710938 0.00305176
11 0.606546 0.155176 0.12117 0.10957 0.00292397
56 0.238162 0.659375 0.0905292 0.0710938 0.00291252
1 0.237117 0.658594 0.0912256 0.071875 0.00150681
29 0.240251 0.658984 0.086351 0.0710938 0.00134563
0 0.115599 0.00620117 0.116992 0.0124023 0.00123024
38 0.216574 0.656641 0.130919 0.0757812 0.00112438
73 0.0724234 0.00672607 0.141365 0.0134521 0.00105667
0 0.172615 0.635156 0.337221 0.473438 0.922852
38 0.238858 0.658984 0.0884401 0.0703125 0.746094
74 0.238858 0.658984 0.0884401 0.0703125 0.00828552
0 0.0814763 0.00585938 0.134401 0.0117188 0.00540543
74 0.607242 0.155176 0.122563 0.108789 0.00434875
40 0.235376 0.659375 0.0947075 0.0710938 0.00329781
11 0.606546 0.154883 0.12117 0.109766 0.00298119
0 0.0908774 0.0074707 0.170613 0.0143555 0.00237846
56 0.235376 0.659375 0.0947075 0.0710938 0.00226974
1 0.236072 0.658594 0.0933148 0.071875 0.00191212
38 0.213092 0.655469 0.137883 0.078125 0.00168133
73 0.0724234 0.00661621 0.142061 0.0132324 0.00116062
0 0.171919 0.635156 0.337221 0.473438 0.92627
38 0.236072 0.658984 0.0933148 0.0703125 0.740234
74 0.236072 0.658984 0.0933148 0.0703125 0.00706482
0 0.0814763 0.00574951 0.135097 0.011499 0.00469971
74 0.607242 0.15498 0.122563 0.108789 0.00362206
40 0.230153 0.659375 0.105153 0.071875 0.00352478
11 0.606546 0.15459 0.12117 0.110352 0.00288963
1 0.23468 0.658594 0.0967967 0.0726563 0.00269318
38 0.212396 0.655078 0.139276 0.0789063 0.00242424
0 0.082782 0.00761719 0.158948 0.0141113 0.00192642
56 0.230153 0.659375 0.105153 0.071875 0.00161076
73 0.0725104 0.00654297 0.141887 0.0130859 0.00127888
0 0.172006 0.634766 0.33844 0.472656 0.930664
38 0.232591 0.658594 0.100279 0.0703125 0.723145
74 0.236421 0.658594 0.0940111 0.071875 0.00734711
0 0.0814763 0.00567627 0.135097 0.0113525 0.00450516
38 0.211003 0.657813 0.143454 0.075 0.0041008
1 0.231894 0.658594 0.103064 0.0734375 0.00395966
40 0.224582 0.658984 0.116295 0.071875 0.00355148
11 0.607242 0.15459 0.119777 0.110742 0.00274658
74 0.607242 0.154883 0.122563 0.108984 0.00264168
0 0.0821727 0.00756836 0.158774 0.014209 0.00174809
73 0.07164 0.00646973 0.140843 0.0129395 0.0012598
56 0.224582 0.658984 0.116295 0.071875 0.00119686
0 0.171657 0.634766 0.339136 0.472656 0.932617
38 0.229805 0.658594 0.10585 0.0703125 0.72168
74 0.236072 0.658594 0.0947075 0.071875 0.00769424
38 0.211351 0.657422 0.143454 0.0742188 0.00712204
0 0.0814763 0.00568848 0.133705 0.011377 0.00536346
1 0.230153 0.658594 0.106546 0.0734375 0.00475693
40 0.222841 0.658984 0.119777 0.071875 0.00358009
11 0.607242 0.154492 0.119777 0.110937 0.00247192
74 0.607242 0.154883 0.122563 0.108984 0.00222588
0 0.0821727 0.0074707 0.158078 0.0142578 0.00194168
73 0.071727 0.00644531 0.140669 0.0128906 0.00118828
0 0.171396 0.634375 0.339659 0.471875 0.937012
38 0.227368 0.658594 0.110724 0.0703125 0.732422
74 0.235376 0.658594 0.0961003 0.071875 0.0078125
1 0.227716 0.658594 0.111421 0.0734375 0.00621796
0 0.0814763 0.0057373 0.133705 0.0114746 0.00551224
38 0.212396 0.654688 0.139276 0.0796875 0.00376511
40 0.227368 0.658594 0.110724 0.0703125 0.00338936
11 0.607242 0.154492 0.119777 0.110937 0.00228691
0 0.0822597 0.00744629 0.1586 0.014209 0.00186729
74 0.607242 0.15498 0.122563 0.108789 0.00176144
73 0.07164 0.00646973 0.140843 0.0129395 0.00106049
0 0.171657 0.634375 0.339833 0.471875 0.935547
38 0.22493 0.658594 0.115599 0.0703125 0.728027
1 0.224234 0.658203 0.118384 0.0734375 0.00784302
74 0.235028 0.658594 0.097493 0.071875 0.0068512
0 0.0821727 0.00576172 0.132312 0.0115234 0.00612259
40 0.22493 0.658594 0.115599 0.0703125 0.00298119
11 0.607242 0.154688 0.12117 0.110937 0.00261116
0 0.082782 0.00751953 0.158948 0.0140625 0.00182438
74 0.607242 0.155176 0.122563 0.108789 0.00151253
0 0.172006 0.634766 0.337744 0.471094 0.931641
38 0.222841 0.658594 0.119777 0.0703125 0.73584
1 0.221448 0.658203 0.123955 0.0734375 0.0109024
74 0.233983 0.658594 0.0988858 0.071875 0.00723267
0 0.0832173 0.00578613 0.130223 0.0115723 0.0068779
40 0.222841 0.658594 0.119777 0.0703125 0.00301552
11 0.607242 0.154688 0.119777 0.110937 0.00281143
0 0.0828691 0.00751953 0.159471 0.0139648 0.0016613
0 0.173398 0.534375 0.340529 0.270313 0.00144958
74 0.607242 0.155078 0.123955 0.108594 0.00137806
0 0.172354 0.634766 0.336351 0.472656 0.929688
38 0.222841 0.658594 0.119777 0.0703125 0.756348
1 0.220752 0.657813 0.123955 0.0734375 0.0132217
0 0.0842618 0.00582275 0.129526 0.0116455 0.00806427
74 0.233983 0.658594 0.0995822 0.071875 0.00748825
40 0.222841 0.658594 0.119777 0.0703125 0.00287819
11 0.607242 0.154688 0.119777 0.110547 0.00269318
0 0.173747 0.533594 0.339136 0.270313 0.0017271
0 0.0839136 0.0074707 0.160864 0.0140625 0.00171375
74 0.607242 0.155078 0.123955 0.108594 0.0012598
0 0.118384 0.00599365 0.111421 0.0119873 0.00110722
0 0.17305 0.635156 0.334958 0.473438 0.92627
38 0.222145 0.658594 0.122563 0.0710938 0.751953
1 0.219359 0.657813 0.126741 0.0734375 0.0130234
0 0.0856546 0.00581055 0.125348 0.0116211 0.0113297
74 0.232939 0.658594 0.100975 0.071875 0.00737381
11 0.607242 0.154492 0.119777 0.110547 0.00247192
40 0.222145 0.658594 0.122563 0.0710938 0.00247192
0 0.08461 0.0074707 0.162256 0.0138672 0.00232315
0 0.174008 0.532813 0.338614 0.26875 0.00225258
0 0.119429 0.00595703 0.110724 0.0119141 0.00170708
32 0.23468 0.658984 0.0988858 0.0703125 0.0011425
74 0.607242 0.155078 0.123955 0.108594 0.00106525
0 0.173398 0.635156 0.334262 0.473438 0.922363
38 0.220752 0.658594 0.125348 0.071875 0.744629
0 0.0849582 0.00581055 0.129526 0.0116211 0.012825
1 0.218663 0.657813 0.129526 0.0734375 0.011734
74 0.232242 0.658203 0.102368 0.0726563 0.0069046
0 0.0853064 0.0074707 0.164345 0.0137695 0.00268364
0 0.173485 0.532813 0.338266 0.26875 0.00217438
40 0.220752 0.658594 0.125348 0.071875 0.00214958
0 0.119081 0.00592041 0.112117 0.0118408 0.00204277
11 0.607939 0.154395 0.12117 0.110352 0.00193405
32 0.234331 0.658984 0.0995822 0.0703125 0.00129414
0 0.173747 0.635547 0.334958 0.474219 0.918945
38 0.219011 0.658594 0.12883 0.071875 0.737305
0 0.0842618 0.00578613 0.132312 0.0115723 0.0121918
1 0.217618 0.657813 0.130919 0.0734375 0.0109863
74 0.231198 0.657813 0.104457 0.071875 0.00679779
0 0.0860028 0.0074707 0.165738 0.0137695 0.00284576
0 0.118733 0.0059082 0.11351 0.0118164 0.00201988
40 0.219011 0.658594 0.12883 0.071875 0.00191212
11 0.607242 0.154297 0.122563 0.110156 0.00171375
0 0.174008 0.536719 0.338614 0.275 0.00153637
32 0.233287 0.658594 0.100279 0.0703125 0.00140476
0 0.0446553 0.00649414 0.0889624 0.0129883 0.00100422
0 0.174008 0.635938 0.335829 0.475 0.914062
38 0.217967 0.658594 0.130919 0.0703125 0.733887
0 0.0842618 0.00576172 0.135097 0.0115234 0.0115051
1 0.21727 0.657813 0.130919 0.071875 0.0106964
74 0.230501 0.658203 0.106546 0.071875 0.0068779
0 0.086438 0.0074707 0.166957 0.0136719 0.00279999
0 0.119081 0.00584717 0.112813 0.0116943 0.00192642
40 0.217967 0.658594 0.130919 0.0703125 0.00183868
11 0.608635 0.154395 0.122563 0.109961 0.00161648
0 0.173485 0.539453 0.339659 0.279687 0.00144958
32 0.233287 0.658594 0.101671 0.0703125 0.00136662
0 0.045874 0.00649414 0.0907033 0.012793 0.00104046
0 0.175139 0.635938 0.337744 0.471875 0.909668
38 0.217618 0.658594 0.132312 0.0703125 0.737305
0 0.0835655 0.00577393 0.139276 0.0115479 0.0121918
1 0.217967 0.657813 0.130919 0.071875 0.0103683
74 0.23085 0.658203 0.106546 0.071875 0.00847626
0 0.0877437 0.0074707 0.168524 0.0137695 0.00358009
40 0.217618 0.658594 0.132312 0.0703125 0.00218201
0 0.118733 0.00583496 0.114903 0.0116699 0.00211525
32 0.233287 0.658984 0.101671 0.0695313 0.00141048
11 0.608635 0.154688 0.12117 0.109375 0.00137806
0 0.173311 0.542188 0.3414 0.285938 0.0012207
0 0.051532 0.00646973 0.101671 0.0126953 0.00106525
0 0.175139 0.635938 0.339136 0.471875 0.907227
38 0.217967 0.658594 0.132312 0.0703125 0.741699
0 0.0849582 0.00576172 0.137883 0.0115234 0.0110703
1 0.218663 0.658203 0.129526 0.0726563 0.0104065
74 0.231198 0.658203 0.10585 0.071875 0.00945282
0 0.0877437 0.00742187 0.168524 0.0138672 0.00323486
40 0.217967 0.658594 0.132312 0.0703125 0.00291252
0 0.119081 0.00582275 0.114206 0.0116455 0.00194931
11 0.609331 0.155078 0.12117 0.108984 0.00139904
32 0.233635 0.658594 0.101671 0.0703125 0.00133038
0 0.175575 0.635156 0.341052 0.471875 0.905762
38 0.219708 0.658984 0.128134 0.0710938 0.73584
74 0.232242 0.658594 0.10376 0.071875 0.0110321
0 0.0849582 0.00578613 0.13649 0.0115723 0.0108566
1 0.2211 0.658203 0.124652 0.0726563 0.00974274
40 0.219708 0.658984 0.128134 0.0710938 0.00374985
0 0.0933148 0.00727539 0.170613 0.0143555 0.00345612
0 0.119777 0.00581055 0.112813 0.0116211 0.00202751
32 0.233983 0.658594 0.100975 0.0703125 0.00138283
11 0.609331 0.155469 0.119777 0.108594 0.00136662
0 0.176184 0.635547 0.342618 0.471094 0.907227
38 0.224234 0.659375 0.118384 0.071875 0.729492
0 0.0856546 0.00578613 0.135097 0.0115723 0.012146
74 0.233287 0.658594 0.101671 0.071875 0.012146
1 0.22493 0.658594 0.116992 0.071875 0.0085144
0 0.0936629 0.00722656 0.16922 0.0143555 0.00468063
40 0.223538 0.659375 0.12117 0.071875 0.00457382
0 0.119777 0.00579834 0.112813 0.0115967 0.00254059
32 0.23468 0.658594 0.100279 0.0703125 0.00141621
11 0.609331 0.155273 0.119777 0.108984 0.00127411
0 0.0449164 0.00637207 0.0884401 0.0125977 0.0011158
0 0.176532 0.635156 0.343315 0.470313 0.908203
38 0.226323 0.659375 0.114206 0.071875 0.710449
74 0.233983 0.658594 0.100279 0.071875 0.012146
0 0.0856546 0.00577393 0.135097 0.0115479 0.0115509
1 0.227716 0.658594 0.111421 0.0726563 0.00740433
40 0.226323 0.659375 0.115599 0.071875 0.00496292
0 0.0932277 0.00722656 0.168698 0.0144531 0.00439835
0 0.119777 0.00577393 0.112813 0.0115479 0.00246239
32 0.23468 0.658984 0.0995822 0.0695313 0.00137234
11 0.608635 0.155078 0.119777 0.109766 0.00134563
29 0.226323 0.659375 0.114206 0.071875 0.00108624
0 0.0431755 0.00639648 0.0842618 0.0125977 0.00106525
0 0.176097 0.635156 0.342792 0.470313 0.911621
38 0.227716 0.659375 0.112117 0.071875 0.699219
0 0.0853064 0.00576172 0.133705 0.0115234 0.0112
74 0.233983 0.658594 0.0988858 0.071875 0.0110703
1 0.229109 0.658594 0.108635 0.0726563 0.00629044
0 0.0932277 0.00725098 0.167305 0.0144043 0.00453949
40 0.227716 0.659375 0.112813 0.071875 0.00453949
0 0.119777 0.00579834 0.112813 0.0115967 0.00246239
11 0.608635 0.154883 0.122563 0.110547 0.00172043
32 0.23468 0.658984 0.0995822 0.0695313 0.00140476
0 0.04039 0.00637207 0.0793872 0.0125977 0.00105286
0 0.176184 0.634766 0.342618 0.469531 0.912598
38 0.228064 0.659375 0.111421 0.071875 0.679199
0 0.0860028 0.00574951 0.130223 0.011499 0.0113754
74 0.233983 0.658594 0.0988858 0.071875 0.0102921
1 0.229805 0.658594 0.106546 0.071875 0.00619125
40 0.228064 0.659375 0.111421 0.071875 0.00448608
0 0.0936629 0.00722656 0.165738 0.0143555 0.00428009
0 0.119777 0.00577393 0.111421 0.0115479 0.00256157
11 0.608635 0.15498 0.122563 0.110352 0.00184631
32 0.23468 0.658984 0.0988858 0.0695313 0.00139904
0 0.0372563 0.00634766 0.0731198 0.0125 0.00108147
0 0.176097 0.635156 0.342792 0.470313 0.914551
38 0.23085 0.659375 0.10585 0.071875 0.663574
74 0.23468 0.658594 0.097493 0.071875 0.0109482
0 0.0860028 0.00568848 0.12883 0.011377 0.0104904
1 0.232242 0.658594 0.101671 0.071875 0.0055542
40 0.231198 0.659375 0.104457 0.071875 0.00415039
0 0.0936629 0.00722656 0.165042 0.0142578 0.00331116
0 0.119429 0.0057373 0.110724 0.0114746 0.00226974
11 0.607939 0.15498 0.122563 0.110352 0.00205803
32 0.23468 0.658984 0.0988858 0.0695313 0.00154305
29 0.23085 0.659375 0.10585 0.071875 0.00101185
0 0.175487 0.635547 0.343315 0.469531 0.915527
38 0.232591 0.659375 0.103064 0.071875 0.677246
74 0.23468 0.658594 0.097493 0.071875 0.0116882
0 0.0870474 0.00566406 0.126741 0.0113281 0.0105667
1 0.233287 0.658984 0.0995822 0.071875 0.00577545
40 0.232591 0.659375 0.101671 0.0703125 0.00378036
0 0.0940111 0.00722656 0.162953 0.0142578 0.00309944
0 0.119429 0.00571289 0.110724 0.0114258 0.00226974
11 0.607242 0.154883 0.122563 0.110156 0.00205803
32 0.235376 0.659375 0.097493 0.0703125 0.00154305
38 0.212047 0.658594 0.141365 0.071875 0.00121117
0 0.0344708 0.00634766 0.0675487 0.0123047 0.00101185
29 0.232591 0.659375 0.103064 0.071875 0.00100422
0 0.175836 0.635547 0.343315 0.469531 0.918945
38 0.232591 0.659375 0.101671 0.071875 0.692871
74 0.23468 0.658594 0.097493 0.071875 0.0124283
0 0.086351 0.00561523 0.128134 0.0112305 0.0110703
1 0.233983 0.658594 0.0988858 0.071875 0.00521851
40 0.232939 0.659375 0.100279 0.0703125 0.00395966
0 0.0940111 0.00727539 0.164345 0.0142578 0.0030632
0 0.119081 0.00568848 0.111421 0.011377 0.00237846
11 0.607242 0.154883 0.122563 0.110156 0.00214005
32 0.235376 0.659375 0.097493 0.0703125 0.00203514
29 0.232591 0.659375 0.101671 0.071875 0.00109005
38 0.211699 0.658594 0.142061 0.071875 0.00101662
0 0.176532 0.635547 0.343315 0.469531 0.91748
38 0.232591 0.659375 0.101671 0.0703125 0.699219
0 0.086351 0.00559082 0.130223 0.0111816 0.012825
74 0.235028 0.658594 0.0967967 0.071875 0.0126724
1 0.233983 0.658594 0.097493 0.071875 0.00510025
40 0.232591 0.659375 0.100279 0.0703125 0.00418091
0 0.0940111 0.00722656 0.162953 0.0141113 0.00369263
0 0.119081 0.00566406 0.111421 0.0113281 0.00288963
32 0.235376 0.659375 0.0967967 0.0703125 0.00227928
11 0.607242 0.154883 0.122563 0.110156 0.0020504
29 0.235376 0.659375 0.0967967 0.0703125 0.00123978
0 0.0356024 0.00629883 0.0694638 0.012207 0.00118351
0 0.176793 0.635547 0.342792 0.469531 0.918945
38 0.231894 0.659375 0.101671 0.0710938 0.723145
0 0.0856546 0.00562744 0.137883 0.0112549 0.0134277
74 0.235028 0.658594 0.0967967 0.071875 0.0123825
1 0.233983 0.658594 0.097493 0.071875 0.00466537
0 0.0940111 0.00717773 0.164345 0.0140625 0.00466537
40 0.232591 0.659375 0.100279 0.0703125 0.0045929
0 0.118384 0.00567627 0.112813 0.0113525 0.00317192
32 0.235376 0.659375 0.0967967 0.0703125 0.00228691
11 0.607242 0.154688 0.122563 0.110547 0.00201988
29 0.235376 0.659375 0.0967967 0.0703125 0.00129986
0 0.04039 0.00629883 0.0793872 0.012207 0.00111198
38 0.211003 0.658594 0.142061 0.071875 0.00104427
0 0.17688 0.635938 0.342618 0.470313 0.918945
38 0.232242 0.659375 0.100975 0.0710938 0.757812
0 0.0856546 0.00565186 0.140669 0.0113037 0.0158997
74 0.235028 0.658594 0.0967967 0.071875 0.0118713
0 0.0947075 0.00710449 0.164345 0.0140137 0.00658798
40 0.232591 0.659375 0.100279 0.0703125 0.00524139
1 0.234331 0.658984 0.097493 0.071875 0.00400543
0 0.118384 0.00568848 0.112813 0.011377 0.00390053
32 0.235376 0.659375 0.097493 0.0703125 0.00231361
11 0.607242 0.15459 0.122563 0.110742 0.00203514
29 0.235376 0.659375 0.097493 0.0703125 0.0014267
0 0.0424791 0.00634766 0.0835655 0.0123047 0.00131512
0 0.176793 0.636328 0.342792 0.471094 0.915039
38 0.232242 0.659375 0.100975 0.0710938 0.775879
0 0.086351 0.00567627 0.142061 0.0113525 0.0165253
74 0.235028 0.658594 0.0967967 0.071875 0.0115051
0 0.0954039 0.00705566 0.162953 0.0140137 0.00831604
40 0.232591 0.659375 0.100279 0.0703125 0.00577545
0 0.118733 0.00571289 0.11351 0.0114258 0.00439835
1 0.234331 0.658984 0.097493 0.071875 0.00346947
32 0.235376 0.659375 0.097493 0.0703125 0.00219154
11 0.607242 0.154688 0.123955 0.110937 0.00188923
0 0.0396936 0.00632324 0.0779944 0.0123535 0.00151253
29 0.235376 0.659375 0.097493 0.0703125 0.00146675
0 0.176793 0.636328 0.342792 0.471094 0.927246
38 0.232591 0.659375 0.100279 0.071875 0.808105
0 0.0890494 0.00576172 0.156163 0.0115234 0.0272217
0 0.0897458 0.00761719 0.174269 0.0139648 0.0142822
74 0.235376 0.658594 0.0961003 0.071875 0.0121918
0 0.118384 0.00568848 0.116992 0.011377 0.0091629
40 0.232591 0.659375 0.0995822 0.0703125 0.00568771
32 0.235376 0.658594 0.0961003 0.071875 0.00301552
1 0.235376 0.658984 0.0961003 0.071875 0.002388
0 0.051445 0.00637207 0.101845 0.0125 0.00229645
0 0.155989 0.0052124 0.0487465 0.0104248 0.00215721
11 0.607242 0.154688 0.122563 0.110937 0.00179577
29 0.235376 0.659375 0.097493 0.0703125 0.00176144
0 0.176532 0.635938 0.343315 0.471875 0.932617
38 0.232591 0.659375 0.100279 0.071875 0.82666
0 0.091922 0.00584717 0.164345 0.0116943 0.033783
0 0.0908774 0.00751953 0.176184 0.0139648 0.0243378
0 0.11734 0.00571289 0.12117 0.0114258 0.0124283
74 0.235376 0.658984 0.0961003 0.0710938 0.0120087
40 0.231894 0.659375 0.100279 0.071875 0.00540543
32 0.235376 0.658984 0.0961003 0.0710938 0.00351143
0 0.151114 0.00523682 0.0571031 0.0104736 0.0030632
0 0.0598015 0.00639648 0.118558 0.0125977 0.00266266
11 0.607242 0.154785 0.122563 0.111133 0.00221634
29 0.232591 0.659375 0.100279 0.071875 0.00189686
1 0.235376 0.658984 0.0954039 0.071875 0.00176144
0 0.123259 0.00583496 0.112813 0.0116699 0.00100422
0 0.176184 0.635938 0.344011 0.471875 0.933105
38 0.232591 0.659375 0.100279 0.071875 0.845703
0 0.0947946 0.00688477 0.171135 0.0137695 0.0423889
0 0.115947 0.00570068 0.125348 0.0114014 0.0132217
74 0.235376 0.658984 0.0961003 0.0710938 0.0116882
40 0.231894 0.659375 0.100279 0.071875 0.00542831
32 0.235376 0.658984 0.0961003 0.0710938 0.00365067
0 0.146936 0.00529785 0.0668524 0.0105957 0.00321007
0 0.066156 0.0064209 0.130919 0.0126953 0.00279999
11 0.607242 0.154883 0.122563 0.111328 0.00261116
29 0.235376 0.659375 0.097493 0.0703125 0.00194931
1 0.235376 0.658984 0.0947075 0.071875 0.00156689
0 0.0901811 0.0275513 0.178969 0.0544678 0.00133514
0 0.108983 0.00598145 0.14415 0.0119629 0.0011158
0 0 0.102246 0 0.204492 0.0011034
56 0.066156 0.0064209 0.130919 0.0126953 0.00106525
34 0.0755571 0.00645752 0.144847 0.012915 0.00100803
0 0.175487 0.635938 0.344708 0.471875 0.933105
38 0.232591 0.659375 0.100279 0.071875 0.865234
0 0.0946205 0.00688477 0.172876 0.0137695 0.0475159
0 0.114554 0.0057373 0.129526 0.0114746 0.012825
74 0.235376 0.658984 0.0961003 0.071875 0.0111618
40 0.231894 0.659375 0.100975 0.071875 0.00553513
0 0.145543 0.00532227 0.0696379 0.0106445 0.00300407
0 0.0016539 0.207617 0.0033078 0.415234 0.00300407
32 0.235376 0.658984 0.0961003 0.071875 0.00290108
0 0.0689415 0.00644531 0.13649 0.0126953 0.00281143
11 0.607939 0.154883 0.12117 0.111328 0.00257111
0 0 0.101758 0 0.203516 0.0019722
29 0.232591 0.659375 0.100279 0.071875 0.00169373
1 0.235376 0.658984 0.0947075 0.071875 0.00161648
0 0 0.167773 0 0.335547 0.00153637
0 0 0.225586 0 0.375391 0.00153065
0 0.0904422 0.0273926 0.17984 0.0542969 0.0015192
0 0 0.073877 0 0.147754 0.00150681
0 0.108635 0.00599365 0.147632 0.0119873 0.00120163
0 0 0.298486 0 0.385059 0.00115585
0 0 0.0803711 0 0.160742 0.0011425
0 0 0.0712402 0 0.14248 0.00113392
56 0.0689415 0.00644531 0.13649 0.0126953 0.0011034
0 0 0.124414 0 0.248828 0.00108147
34 0.0755571 0.00645752 0.145543 0.012915 0.00104809
0 0 0.15 0 0.3 0.00101662
0 0.174878 0.636328 0.34523 0.472656 0.933594
38 0.232242 0.659375 0.100279 0.071875 0.878418
0 0.0946205 0.00688477 0.174269 0.0137695 0.0503235
0 0.11351 0.00571289 0.130919 0.0114258 0.0121918
74 0.235028 0.658984 0.0961003 0.071875 0.0110321
0 0.000957521 0.180371 0.00191504 0.360742 0.0105286
40 0.231894 0.659375 0.101671 0.071875 0.00544739
0 0 0.200781 0 0.367188 0.00298119
0 0.147632 0.00532227 0.066156 0.0106445 0.00281143
0 0 0.15293 0 0.305859 0.00270462
0 0.0703343 0.00639648 0.139276 0.012793 0.00266266
32 0.235028 0.659375 0.0967967 0.0703125 0.0024147
0 0 0.269922 0 0.386719 0.00233269
11 0.607242 0.154883 0.119777 0.111328 0.00232315
0 0 0.100781 0 0.201563 0.00227928
0 0 0.0870117 0 0.174023 0.00218201
0 0 0.123535 0 0.207227 0.00188255
1 0.235028 0.658984 0.0954039 0.071875 0.00179577
0 0 0.0724121 0 0.144824 0.00179577
0 0 0.348096 0 0.382715 0.00171375
29 0.232242 0.659375 0.100279 0.071875 0.00157356
0 0.194986 0.00716553 0.327298 0.0143311 0.00152493
0 0.0906163 0.0272339 0.180884 0.054126 0.0015192
0 0 0.108789 0 0.217578 0.00149536
0 0 0.0723633 0 0.144727 0.00137806
0 0 0.147266 0 0.294531 0.00133514
0 0 0.169824 0 0.223633 0.00130463
0 0 0.424316 0 0.376367 0.00124454
0 0.108287 0.00599365 0.149721 0.0119873 0.00119686
0 0 0.0949219 0 0.189844 0.00119686
34 0.0751219 0.00644531 0.145021 0.0128906 0.00113773
56 0.0703343 0.00639648 0.139276 0.012793 0.00108147
0 0.229109 0.00583496 0.178273 0.0116699 0.00107765
0 0 0.268359 0 0.505469 0.00103188
0 0 0.497656 0 0.367969 0.00101662
60 0.23468 0.0064209 0.188022 0.0128418 0.00100803
0 0.174791 0.636328 0.345404 0.472656 0.932617
38 0.231894 0.659766 0.100975 0.071875 0.885742
0 0.0947946 0.00692139 0.175313 0.0138428 0.0458679
0 0.000522284 0.178418 0.00104457 0.356836 0.0162811
74 0.23468 0.658984 0.0961003 0.071875 0.0110321
0 0.113162 0.00576172 0.133008 0.0115234 0.0109482
40 0.231198 0.659375 0.101671 0.071875 0.00542831
0 0 0.163477 0 0.326953 0.00292397
0 0 0.220313 0 0.367188 0.00284576
0 0.149721 0.00532227 0.0626741 0.0106445 0.00252151
0 0 0.087207 0 0.174414 0.00235939
0 0.0703343 0.00639648 0.139276 0.012793 0.00228691
11 0.607939 0.155078 0.119777 0.111328 0.00222588
32 0.23468 0.659375 0.097493 0.0703125 0.00209999
0 0 0.122461 0 0.208984 0.00202751
1 0.23468 0.658984 0.0961003 0.071875 0.00198746
0 0 0.0990234 0 0.198047 0.00198746
0 0.19429 0.00715332 0.330084 0.0143066 0.00191879
0 0 0.293359 0 0.375 0.00191879
0 0 0.267578 0 0.492969 0.00186062
0 0 0.0719727 0 0.143945 0.0018177
0 0 0.372461 0 0.366797 0.00146103
0 0 0.168848 0 0.224805 0.00144958
29 0.231894 0.659766 0.100975 0.071875 0.0014267
0 0 0.108203 0 0.216406 0.00141048
34 0.0751219 0.00644531 0.145021 0.0128906 0.00127888
0 0 0.0711914 0 0.142383 0.00121593
0 0 0.447656 0 0.359375 0.00116062
60 0.23468 0.00640869 0.189415 0.0128174 0.00115108
0 0 0.0949219 0 0.189844 0.00114727
0 0.230153 0.00585938 0.180362 0.0117188 0.00111198
0 0.108287 0.00598145 0.150418 0.0119629 0.00109863
0 0.0911386 0.0271973 0.181233 0.0541992 0.00106049
0 0 0.849609 0 0.300781 0.00102806
0 0 0.0537109 0 0.107422 0.00102425
0 0.174443 0.635938 0.344708 0.471875 0.932129
38 0.231894 0.659375 0.101671 0.071875 0.890137
0 0.0950557 0.0069458 0.176184 0.0138916 0.0419312
0 0.000174095 0.177441 0.000348189 0.354883 0.0142822
74 0.23468 0.658984 0.0961003 0.071875 0.0105286
0 0.112117 0.0057373 0.135097 0.0114746 0.0100555
40 0.231198 0.659375 0.101671 0.071875 0.0051384
0 0 0.174219 0 0.348438 0.00261116
11 0.607939 0.15498 0.119777 0.111133 0.00244331
0 0.150418 0.00534668 0.0612813 0.0106934 0.00234222
1 0.23468 0.658984 0.0961003 0.071875 0.00222588
0 0 0.241211 0 0.365234 0.00219917
0 0 0.265234 0 0.489844 0.00219917
0 0 0.0868164 0 0.173633 0.00204277
0 0.0703343 0.00637207 0.139972 0.0127441 0.00200272
0 0.192897 0.00716553 0.334262 0.0143311 0.00198746
32 0.23468 0.659375 0.097493 0.0703125 0.00188255
0 0 0.12168 0 0.208203 0.00173378
0 0 0.134082 0 0.268164 0.0017271
0 0 0.0719238 0 0.143848 0.00159168
0 0 0.319922 0 0.357031 0.00154877
34 0.0751219 0.00646973 0.145021 0.0129395 0.00154305
0 0 0.0976562 0 0.195312 0.00145531
29 0.231894 0.659375 0.101671 0.071875 0.00136185
60 0.235376 0.00638428 0.190808 0.0127686 0.00135136
0 0 0.168359 0 0.222656 0.00129986
0 0 0.396094 0 0.355469 0.00122547
0 0.230501 0.00588379 0.182451 0.0117676 0.00111198
0 0.107939 0.00598145 0.151811 0.0119629 0.00100803
0 0.174182 0.635938 0.34523 0.471875 0.932617
38 0.231894 0.659766 0.100975 0.071875 0.892578
0 0.0947075 0.00697022 0.17688 0.0139404 0.0379639
0 0 0.177051 0 0.354102 0.0110321
74 0.23468 0.658984 0.0961003 0.071875 0.0106964
0 0.110724 0.00576172 0.137883 0.0115234 0.00933838
40 0.231198 0.659375 0.101671 0.071875 0.00496292
11 0.607939 0.155176 0.119777 0.111133 0.00284576
1 0.23468 0.658984 0.0961003 0.071875 0.00234985
0 0 0.172656 0 0.345313 0.00226021
0 0 0.263672 0 0.489844 0.00222588
0 0.150418 0.00534668 0.0626741 0.0106934 0.00218201
0 0.191852 0.00717773 0.337744 0.0143555 0.00195694
0 0 0.241064 0 0.358496 0.00191212
0 0.0706825 0.0064209 0.140669 0.0128418 0.00182438
32 0.23468 0.659375 0.097493 0.0703125 0.00181007
0 0 0.0864746 0 0.172949 0.00169373
34 0.0755571 0.00646973 0.145543 0.0129395 0.0016489
60 0.235376 0.00637207 0.190808 0.0127441 0.00152493
0 0 0.121289 0 0.206641 0.0014267
0 0 0.133203 0 0.266406 0.00139427
0 0 0.319922 0 0.35 0.00136185
0 0 0.0720703 0 0.144141 0.00135612
29 0.231894 0.659766 0.100975 0.071875 0.00129986
0 0.231198 0.00588379 0.183844 0.0117676 0.00112915
0 0 0.168359 0 0.220313 0.0011158
0 0 0.396484 0 0.347656 0.0011034
0 0 0.0964844 0 0.192969 0.00104809
0 0.174095 0.635938 0.345404 0.471875 0.932617
38 0.231894 0.659766 0.100975 0.071875 0.89502
0 0.0947075 0.00698242 0.17688 0.0139648 0.0335388
74 0.23468 0.658984 0.0961003 0.071875 0.0108566
0 0.110724 0.0057373 0.137883 0.0114746 0.00908661
0 0.000174095 0.153613 0.000348189 0.307227 0.00908661
40 0.231198 0.659375 0.101671 0.071875 0.0049057
0 0 0.226367 0 0.452734 0.00419998
11 0.607939 0.155176 0.119777 0.111133 0.00284576
1 0.23468 0.658984 0.0961003 0.071875 0.00259018
0 0.151114 0.00534668 0.0598886 0.0106934 0.00219154
0 0 0.170996 0 0.341992 0.00187492
34 0.0755571 0.00646973 0.145543 0.0129395 0.00183868
0 0.191156 0.00720215 0.339136 0.0144043 0.00183868
32 0.23468 0.659375 0.097493 0.0703125 0.00162888
60 0.235376 0.00633545 0.190808 0.0126709 0.00161076
0 0.0706825 0.00639648 0.139972 0.012793 0.00157928
0 0 0.241406 0 0.35 0.00156116
0 0 0.0863281 0 0.172656 0.00141048
29 0.231894 0.659766 0.100975 0.071875 0.00124931
0 0 0.0737793 0 0.147559 0.00118351
0 0 0.121094 0 0.20625 0.00115108
0 0.231198 0.00588379 0.183844 0.0117676 0.00114727
0 0 0.320508 0 0.341797 0.00109863
0 0 0.132031 0 0.264062 0.00109482
0 0.174095 0.635938 0.344708 0.471875 0.932617
38 0.231894 0.659766 0.100279 0.071875 0.895508
0 0.0947075 0.00700684 0.17688 0.0140137 0.0303345
74 0.23468 0.659375 0.0961003 0.071875 0.0110703
0 0 0.152734 0 0.305469 0.00881195
0 0.110724 0.00576172 0.137883 0.0115234 0.00809479
40 0.231546 0.659375 0.101671 0.071875 0.00468063
0 0 0.225391 0 0.450781 0.0039444
11 0.607242 0.155273 0.119777 0.110937 0.00338936
1 0.23468 0.658984 0.0961003 0.071875 0.00255013
0 0.153203 0.00537109 0.0571031 0.0107422 0.00196457
0 0.190808 0.00717773 0.339833 0.0143555 0.00188255
60 0.235376 0.00634766 0.190808 0.0126953 0.00181007
34 0.0755571 0.00644531 0.145543 0.0128906 0.00168705
32 0.23468 0.659375 0.097493 0.0703125 0.00163555
0 0 0.19375 0 0.340234 0.00161076
0 0.0699861 0.00639648 0.139276 0.012793 0.00134563
0 0 0.0734863 0 0.146973 0.00122547
0 0 0.144727 0 0.289453 0.0012207
29 0.231894 0.659766 0.100279 0.071875 0.0012064
0 0 0.0858398 0 0.17168 0.0011692
0 0 0.267236 0 0.342871 0.0011692
0 0.231198 0.00588379 0.18454 0.0117676 0.00108147
60 1 0.923438 0 0.153125 0.00103188
0 0.176184 0.635938 0.344011 0.471875 0.933594
38 0.232591 0.659375 0.100279 0.071875 0.847168
0 0.0950557 0.00688477 0.170613 0.0137695 0.0423279
0 0.116295 0.00571289 0.125348 0.0114258 0.0133286
74 0.235376 0.658984 0.0961003 0.0710938 0.0116425
40 0.231894 0.659375 0.100279 0.071875 0.00540543
32 0.235376 0.658984 0.0961003 0.0710938 0.0036068
0 0.147284 0.00529785 0.066156 0.0105957 0.00323486
0 0.0658078 0.00644531 0.130223 0.0126953 0.00286674
11 0.607242 0.154883 0.122563 0.111328 0.0026207
29 0.235376 0.659375 0.097493 0.0703125 0.00192642
1 0.235376 0.658984 0.0947075 0.071875 0.00156689
0 0.0901811 0.0275879 0.178969 0.0544922 0.00135136
0 0.123607 0.00585938 0.11351 0.0117188 0.00112438
0 0 0.102344 0 0.204688 0.0011158
56 0.0658078 0.00644531 0.130223 0.0126953 0.00106525
34 0.0752089 0.00643311 0.144847 0.0128662 0.00101662
