3 0.473653 0.638672 0.877049 0.544531 0.890137
0 0.509953 0.432422 0.529274 0.61875 0.796387
0 0.588407 0.289062 0.228337 0.284375 0.0923462
0 0.440281 0.273877 0.377049 0.313184 0.0409851
0 0.428571 0.460938 0.505855 0.684375 0.019455
3 0.587968 0.746875 0.601581 0.314063 0.00971222
0 0.545082 0.403809 0.309133 0.350195 0.00527954
3 0.29274 0.642578 0.508197 0.525781 0.00494385
0 0.714286 0.560938 0.227166 0.370313 0.00481033
0 0.639344 0.551562 0.274005 0.35 0.00445175
1 0.736534 0.431348 0.234192 0.131055 0.00407028
0 0.451405 0.296533 0.476581 0.355371 0.00405502
1 0.727166 0.454688 0.263466 0.178906 0.00365067
1 0.713115 0.535547 0.293911 0.339844 0.00359344
1 0.737705 0.500781 0.250585 0.267969 0.00322342
1 0.770492 0.432813 0.169789 0.132812 0.00294685
0 0.355679 0.416016 0.607143 0.436719 0.00266266
0 0.730679 0.69375 0.0960187 0.119531 0.00246239
0 0.615925 0.31582 0.154567 0.234766 0.00235939
1 0.582992 0.744531 0.611534 0.320312 0.00205803
0 0.644614 0.289453 0.352459 0.288281 0.00197983
0 0.376464 0.556934 0.660421 0.493945 0.00197983
1 0.473653 0.638672 0.877049 0.544531 0.00176811
1 0.641686 0.654688 0.405152 0.267188 0.00175476
24 0.388173 0.320703 0.28103 0.186719 0.00168705
60 0.473653 0.638672 0.877049 0.544531 0.00156116
0 0.563232 0.554688 0.41452 0.335938 0.00144958
0 0.647541 0.210156 0.106557 0.125 0.00144386
2 0.473653 0.638672 0.877049 0.544531 0.00143242
0 0.590164 0.35625 0.189696 0.18125 0.00139904
1 0.2863 0.769531 0.31733 0.251563 0.00136662
0 0.608899 0.236719 0.18267 0.180859 0.00136185
0 0.541569 0.382031 0.436768 0.316406 0.00134563
3 0.734192 0.55166 0.248244 0.373242 0.00123978
0 0.361314 0.308154 0.584163 0.308691 0.00113392
0 0.424473 0.347266 0.358314 0.225 0.0011158
0 0.706089 0.636719 0.215457 0.229687 0.00108624
26 0.762295 0.563281 0.100703 0.10625 0.00106049
1 0.742389 0.4375 0.177986 0.119531 0.00101662
0 0.539813 0.286914 0.290398 0.303516 0.00101662
3 0.472482 0.638965 0.873536 0.543945 0.901855
0 0.521663 0.436328 0.556206 0.635156 0.823242
0 0.587822 0.288477 0.229508 0.283984 0.116333
0 0.440281 0.273438 0.379391 0.3125 0.0520325
0 0.43267 0.462109 0.495316 0.688281 0.02034
3 0.588847 0.746484 0.599824 0.316406 0.00871277
0 0.716042 0.560254 0.220141 0.37168 0.0064888
0 0.639344 0.550781 0.271663 0.351562 0.00619125
3 0.293618 0.643359 0.508782 0.528906 0.00619125
0 0.548009 0.400879 0.300937 0.34043 0.00553513
1 0.736534 0.431152 0.234192 0.131445 0.00524139
1 0.715457 0.533691 0.288056 0.337305 0.00457382
1 0.727166 0.450781 0.259953 0.173438 0.00445175
1 0.737705 0.496777 0.250585 0.261133 0.00441742
0 0.73185 0.690625 0.0913349 0.1125 0.00380898
1 0.770492 0.432813 0.168618 0.132812 0.00359344
0 0.588993 0.545313 0.391101 0.341406 0.00349617
0 0.615925 0.309375 0.154567 0.246094 0.00294685
0 0.354215 0.417969 0.605386 0.44375 0.00206757
0 0.643443 0.28833 0.354801 0.287402 0.00196457
24 0.388466 0.319922 0.281616 0.188281 0.00179577
0 0.375878 0.564941 0.65808 0.501367 0.00178242
0 0.647541 0.209766 0.105386 0.127344 0.00168705
0 0.590164 0.355664 0.188525 0.180859 0.00166798
60 0.472482 0.638965 0.873536 0.543945 0.0016613
0 0.608899 0.236523 0.181499 0.18125 0.00161648
0 0.539666 0.382422 0.433548 0.314844 0.00157356
3 0.734192 0.550879 0.245902 0.37168 0.00157356
0 0.708431 0.637109 0.206089 0.227344 0.00157356
1 0.641686 0.655469 0.398126 0.267188 0.00148392
0 0.425059 0.345898 0.359485 0.222266 0.00142097
1 0.582992 0.744141 0.611534 0.322656 0.00137234
0 0.50483 0.556641 0.430621 0.347656 0.00134563
1 0.285129 0.768359 0.316159 0.253906 0.00134563
1 0.472482 0.638965 0.873536 0.543945 0.00133514
2 0.472482 0.638965 0.873536 0.543945 0.00123501
1 0.74356 0.4375 0.177986 0.119531 0.00122547
0 0.540984 0.286914 0.285714 0.303516 0.00118828
1 0.670375 0.508594 0.400468 0.28125 0.00118351
36 0.333724 0.493359 0.552693 0.253125 0.00116539
29 0.522248 0.315234 0.0796253 0.0804688 0.00115108
0 0.478923 0.299609 0.470726 0.364844 0.00109863
26 0.762295 0.565234 0.100703 0.100781 0.00108624
0 0.482582 0.283398 0.189403 0.292578 0.00104809
3 0.466188 0.634766 0.861534 0.550781 0.900391
0 0.522248 0.436035 0.558548 0.635742 0.834961
0 0.586066 0.287891 0.233021 0.283594 0.11615
0 0.442477 0.273389 0.38671 0.312598 0.0656128
0 0.539227 0.284961 0.323185 0.283203 0.0423889
0 0.432231 0.460156 0.498536 0.684375 0.0207977
0 0.639344 0.549902 0.271663 0.351758 0.00669098
0 0.715457 0.560156 0.222482 0.371875 0.00643921
3 0.589139 0.753125 0.599239 0.304688 0.00629044
1 0.735948 0.430859 0.235363 0.132031 0.00598145
0 0.539666 0.395215 0.316452 0.320508 0.00496292
1 0.736534 0.495313 0.252927 0.259375 0.00473785
1 0.714871 0.529004 0.286885 0.329492 0.00453949
0 0.581821 0.54375 0.407787 0.339063 0.00434875
0 0.73185 0.690625 0.0913349 0.110937 0.00426483
3 0.295375 0.64375 0.512295 0.528125 0.00370789
0 0.614754 0.314258 0.154567 0.235547 0.0027256
0 0.353337 0.411621 0.604801 0.436133 0.00198746
60 0.473068 0.639063 0.874707 0.542188 0.00194168
0 0.509368 0.555469 0.442623 0.34375 0.00185299
0 0.486534 0.297705 0.482436 0.362402 0.00179577
0 0.662178 0.541309 0.385246 0.350195 0.00177479
24 0.389344 0.319727 0.283372 0.187891 0.00174141
0 0.588993 0.355859 0.190867 0.179688 0.0016613
0 0.377049 0.564941 0.660421 0.498242 0.0016613
1 0.774005 0.438281 0.180328 0.144531 0.00165462
3 0.733607 0.546875 0.247073 0.365625 0.00163555
0 0.608314 0.235938 0.18267 0.180469 0.00161648
0 0.426083 0.345703 0.360948 0.220313 0.0015974
0 0.537324 0.385254 0.43589 0.307617 0.00156689
0 0.648126 0.209766 0.106557 0.127734 0.00148392
0 0.642272 0.287695 0.373536 0.286328 0.0014782
0 0.708431 0.6375 0.208431 0.226562 0.00143814
1 0.473068 0.639063 0.874707 0.542188 0.00138855
36 0.33731 0.492969 0.559573 0.250781 0.00124931
0 0.404567 0.486719 0.715457 0.657813 0.00118828
2 0.473068 0.639063 0.874707 0.542188 0.00118351
29 0.522834 0.315234 0.0807962 0.0804688 0.00117874
1 0.659251 0.499316 0.423888 0.263867 0.00117397
1 0.638173 0.656641 0.400468 0.264844 0.0011692
4 0.473068 0.639063 0.874707 0.542188 0.00116062
1 0.742389 0.4375 0.177986 0.11875 0.00115108
1 0.285129 0.767188 0.316159 0.25625 0.00110722
0 0.548156 0.462109 0.461066 0.163281 0.00108624
0 0.530445 0.428809 0.453162 0.22207 0.00106049
0 0.478337 0.284375 0.199063 0.292188 0.00104809
0 0.412324 0.290039 0.329918 0.252734 0.00102425
3 0.467213 0.636328 0.860656 0.549219 0.916016
0 0.523419 0.435547 0.559719 0.633594 0.839844
0 0.58548 0.287695 0.236534 0.283984 0.115173
0 0.456821 0.279492 0.416569 0.327734 0.0809326
0 0.532787 0.284961 0.337237 0.283984 0.0325928
0 0.431499 0.456641 0.5 0.678906 0.0191193
0 0.637588 0.54834 0.272834 0.351758 0.00712204
1 0.735948 0.430469 0.236534 0.132031 0.00664139
0 0.714286 0.559375 0.222482 0.371875 0.00595856
0 0.576698 0.542285 0.420375 0.337305 0.00516129
0 0.73185 0.690625 0.0913349 0.110937 0.00511932
1 0.736534 0.492578 0.252927 0.255469 0.0049057
3 0.589139 0.759375 0.596897 0.292188 0.00475693
0 0.534543 0.389844 0.327869 0.300781 0.00445175
1 0.715457 0.522656 0.288056 0.317969 0.00441742
0 0.613583 0.319727 0.155738 0.223828 0.00265312
3 0.297717 0.644531 0.516979 0.526563 0.00236893
60 0.474092 0.639063 0.876171 0.540625 0.00198746
24 0.38993 0.319141 0.284543 0.189063 0.00196457
0 0.652225 0.539453 0.407494 0.349219 0.00183868
0 0.587822 0.355273 0.194379 0.178516 0.00168705
0 0.353044 0.400684 0.605386 0.401758 0.00168133
0 0.4274 0.344922 0.364169 0.21875 0.00163555
29 0.522834 0.315039 0.0807962 0.0804688 0.00162888
0 0.549034 0.462109 0.459309 0.1625 0.00161648
1 0.774005 0.437891 0.18267 0.142969 0.00159168
0 0.607728 0.235156 0.18267 0.179297 0.00156116
3 0.733021 0.542578 0.248244 0.357812 0.00153637
0 0.709016 0.637109 0.20726 0.226562 0.00141048
0 0.643443 0.205859 0.113583 0.117969 0.00139904
0 0.381148 0.567187 0.668618 0.4875 0.00133038
1 0.474092 0.639063 0.876171 0.540625 0.00123501
4 0.474092 0.639063 0.876171 0.540625 0.0012207
0 0.617096 0.283252 0.17096 0.272559 0.0012064
0 0.412763 0.292773 0.32904 0.245703 0.00118828
1 0.742389 0.4375 0.177986 0.11875 0.00115585
1 0.649883 0.483496 0.444965 0.233008 0.00113773
0 0.642857 0.287109 0.391101 0.285938 0.00113392
36 0.340749 0.492285 0.565574 0.248242 0.00112438
67 0.644028 0.232422 0.0351288 0.0199219 0.0011158
26 0.522834 0.314063 0.0819672 0.08125 0.00111198
2 0.474092 0.639063 0.876171 0.540625 0.00105667
0 0.483021 0.26543 0.211944 0.283984 0.00101662
3 0.468384 0.635547 0.861827 0.552344 0.932129
0 0.518735 0.435254 0.542155 0.62793 0.849121
0 0.587237 0.2875 0.23185 0.284375 0.0966797
0 0.461505 0.279102 0.428279 0.327734 0.0770874
0 0.526786 0.284961 0.349239 0.284766 0.0228424
0 0.426815 0.457813 0.516393 0.68125 0.0146179
0 0.620023 0.547754 0.298595 0.349805 0.00682449
0 0.731265 0.690625 0.0925058 0.110937 0.00534439
0 0.573185 0.542578 0.4274 0.339844 0.00471878
0 0.711944 0.559277 0.227166 0.373633 0.00462723
1 0.735363 0.430078 0.234192 0.132031 0.00436401
0 0.530591 0.38584 0.334602 0.293945 0.00419998
1 0.735948 0.491309 0.251756 0.25332 0.00313568
1 0.711944 0.52041 0.290398 0.31543 0.00281143
29 0.522834 0.315039 0.0807962 0.0804688 0.0026207
0 0.612412 0.311719 0.156909 0.239844 0.0026207
24 0.391101 0.318945 0.288056 0.189453 0.00230598
60 0.473068 0.638379 0.875878 0.54043 0.00205803
0 0.645199 0.540234 0.418033 0.352344 0.00166798
0 0.54918 0.461719 0.456674 0.1625 0.00162315
0 0.428571 0.344336 0.366511 0.217578 0.00161076
0 0.608314 0.235205 0.18267 0.180371 0.00155449
0 0.587822 0.354492 0.193208 0.178516 0.00146675
3 0.590749 0.7625 0.593677 0.284375 0.00144386
4 0.473068 0.638379 0.875878 0.54043 0.00137806
0 0.353044 0.385938 0.605386 0.35625 0.00134087
3 0.3024 0.64375 0.526347 0.526563 0.00131512
0 0.642857 0.206299 0.114754 0.118652 0.00130939
0 0.413495 0.292139 0.329918 0.246191 0.00129986
26 0.522248 0.314063 0.0819672 0.08125 0.00127411
46 0.522834 0.315039 0.0807962 0.0804688 0.00126934
67 0.644028 0.232422 0.0351288 0.0203125 0.00122547
1 0.774005 0.437402 0.175644 0.142383 0.00122547
0 0.482436 0.263477 0.213115 0.282422 0.00119686
2 0.473068 0.638379 0.875878 0.54043 0.00109863
1 0.465457 0.636719 0.851288 0.545313 0.00106525
3 0.73185 0.539844 0.245902 0.353906 0.00103664
67 0.64637 0.239063 0.0374707 0.0390625 0.00102806
0 0.70726 0.635938 0.210773 0.228125 0.00102425
3 0.468384 0.634766 0.860656 0.553906 0.947266
0 0.522834 0.435937 0.550351 0.629687 0.875488
0 0.590164 0.285742 0.227166 0.280859 0.0888062
0 0.463115 0.277539 0.430913 0.323047 0.0734253
0 0.528103 0.284717 0.347775 0.282129 0.0280151
0 0.424473 0.458691 0.530445 0.682617 0.0100098
0 0.634075 0.548047 0.272834 0.354688 0.00709534
0 0.531762 0.384473 0.327576 0.281055 0.00619125
0 0.734192 0.693359 0.103044 0.120313 0.00612259
0 0.58548 0.550391 0.374707 0.380469 0.00588989
29 0.523419 0.314844 0.0819672 0.0804688 0.00488663
1 0.735363 0.429688 0.23185 0.13125 0.00402451
0 0.709602 0.559277 0.229508 0.373633 0.00370789
0 0.551522 0.533203 0.480094 0.299219 0.00336266
0 0.612412 0.322656 0.154567 0.2125 0.00322342
24 0.392272 0.318359 0.289227 0.189844 0.00305176
46 0.523419 0.314844 0.0819672 0.0804688 0.00298119
1 0.733021 0.496094 0.248244 0.26875 0.00259018
0 0.608899 0.235938 0.18267 0.182031 0.00252151
0 0.729508 0.687109 0.0796253 0.107813 0.00227928
0 0.430913 0.343555 0.370023 0.218359 0.00214958
0 0.48185 0.261768 0.210773 0.280371 0.00214005
0 0.588993 0.35293 0.189696 0.177734 0.00194168
0 0.41452 0.289844 0.330211 0.25 0.00191212
0 0.642857 0.20625 0.113583 0.11875 0.00165462
0 0.550937 0.475391 0.485948 0.189063 0.00165462
60 0.469555 0.636816 0.872365 0.538867 0.00151253
26 0.522248 0.314063 0.0831382 0.08125 0.00145531
67 0.644028 0.232227 0.0351288 0.0207031 0.00144386
0 0.532201 0.449121 0.441452 0.179883 0.00139904
67 0.64637 0.239844 0.0374707 0.0421875 0.00131512
1 0.774005 0.437109 0.17096 0.142969 0.00124454
67 0.663934 0.242188 0.0468384 0.0601563 0.00120163
0 0.499415 0.200977 0.125293 0.0527344 0.00119209
0 0.390515 0.320117 0.286885 0.187891 0.00116062
4 0.469555 0.636816 0.872365 0.538867 0.00113773
67 0.65808 0.235547 0.0491803 0.0476562 0.00106049
0 0.355094 0.385059 0.609485 0.337695 0.00100422
3 0.468384 0.635938 0.861827 0.548438 0.94873
0 0.525761 0.436621 0.557377 0.629883 0.891602
0 0.454186 0.272852 0.412471 0.308203 0.072876
0 0.587822 0.284814 0.229508 0.278809 0.0657349
0 0.524005 0.283984 0.354801 0.280469 0.0268097
0 0.406909 0.456641 0.571429 0.677344 0.00888062
0 0.53147 0.383984 0.328162 0.272656 0.00790405
29 0.523419 0.314844 0.0819672 0.0804688 0.0069313
0 0.729508 0.692969 0.100703 0.120313 0.0069313
0 0.611241 0.548438 0.313817 0.342187 0.00653839
46 0.523419 0.314844 0.0819672 0.0804688 0.00498199
0 0.550351 0.532031 0.477752 0.296875 0.00481033
24 0.394614 0.318359 0.293911 0.189063 0.00390053
1 0.736534 0.429688 0.227166 0.129688 0.00362206
0 0.612412 0.339063 0.149883 0.172656 0.00351143
0 0.608899 0.235986 0.180328 0.181934 0.00322342
0 0.479508 0.257861 0.209602 0.270996 0.00304031
0 0.437939 0.3625 0.391101 0.269531 0.00283432
0 0.417447 0.328125 0.334895 0.18125 0.0024929
0 0.704918 0.559375 0.234192 0.369531 0.0024147
0 0.590164 0.351562 0.187354 0.175781 0.00236893
1 0.733021 0.494922 0.247073 0.264844 0.00222588
0 0.548595 0.479297 0.485948 0.197656 0.00215721
67 0.644028 0.232422 0.0351288 0.0210938 0.00210762
67 0.64637 0.240234 0.0386417 0.04375 0.00202751
0 0.495463 0.299609 0.510246 0.361719 0.00194168
67 0.663934 0.242188 0.0468384 0.0601563 0.00192642
0 0.534104 0.398535 0.437646 0.27793 0.00186062
0 0.642857 0.20625 0.113583 0.11875 0.00174809
0 0.501171 0.200781 0.126464 0.0535156 0.0017004
60 0.467213 0.636328 0.871194 0.535156 0.00167465
0 0.530591 0.448438 0.444672 0.182031 0.00166798
4 0.467213 0.636328 0.871194 0.535156 0.00162315
67 0.656909 0.233789 0.0444965 0.0425781 0.00150681
0 0.523419 0.283643 0.227166 0.288965 0.0014782
26 0.522248 0.314063 0.0831382 0.0808594 0.00144386
0 0.632904 0.53916 0.429742 0.34668 0.00142097
0 0.542155 0.252539 0.311475 0.230859 0.00120163
0 0.617096 0.213232 0.166276 0.134473 0.00119686
24 0.413934 0.270898 0.327869 0.284766 0.0011692
67 0.651639 0.25293 0.0515222 0.0417969 0.00116062
67 0.662178 0.255078 0.0409836 0.0351562 0.00111198
32 0.522248 0.314063 0.0819672 0.0828125 0.0011034
2 0.467213 0.636328 0.871194 0.535156 0.00109005
36 0.333724 0.491797 0.555035 0.253906 0.00108624
0 0.334309 0.398438 0.201405 0.121094 0.00106525
1 0.773419 0.436719 0.167447 0.142969 0.00103664
0 0.686183 0.678125 0.173302 0.140625 0.00100422
3 0.46897 0.6375 0.862998 0.542188 0.942871
0 0.530445 0.438672 0.566745 0.629687 0.89502
0 0.456089 0.272852 0.416862 0.307422 0.0629272
0 0.606557 0.278564 0.18267 0.26709 0.0626831
0 0.518735 0.284375 0.36534 0.280469 0.0233307
0 0.577283 0.288477 0.236534 0.296484 0.0157166
0 0.534543 0.383203 0.323185 0.275 0.00926971
0 0.41935 0.458594 0.540691 0.679688 0.00926971
0 0.558548 0.546094 0.428571 0.323438 0.00898743
0 0.728337 0.692969 0.100703 0.119531 0.00763702
29 0.523419 0.314844 0.0819672 0.0804688 0.00706482
0 0.591335 0.3125 0.192037 0.238281 0.00636292
24 0.395785 0.318555 0.296253 0.189453 0.00570679
46 0.523419 0.314844 0.0819672 0.0804688 0.0055542
0 0.62822 0.550781 0.279859 0.340625 0.00538635
0 0.612998 0.341797 0.148712 0.163281 0.0039444
0 0.474824 0.25708 0.216628 0.268652 0.00385475
0 0.43911 0.369531 0.393443 0.282813 0.00345612
0 0.608899 0.236133 0.180328 0.181641 0.00342941
1 0.735948 0.429688 0.223653 0.128906 0.00294685
0 0.419057 0.328125 0.337529 0.179688 0.00275803
0 0.589578 0.351172 0.187354 0.175 0.00274658
0 0.545667 0.484766 0.487119 0.207031 0.0026207
67 0.644614 0.232422 0.0351288 0.0210938 0.00258064
67 0.64637 0.240625 0.0386417 0.0445313 0.00245285
67 0.663349 0.242188 0.0456674 0.0601563 0.00242424
4 0.466042 0.636035 0.867681 0.531055 0.00225258
0 0.535129 0.397656 0.437939 0.280469 0.00204277
0 0.453162 0.284766 0.247073 0.272656 0.00194931
36 0.327942 0.492969 0.546692 0.259375 0.00194931
0 0.497658 0.459766 0.498829 0.172656 0.00191212
0 0.497804 0.326953 0.51493 0.414844 0.00179577
67 0.656909 0.232031 0.0409836 0.0382813 0.00178909
0 0.642857 0.206689 0.113583 0.119434 0.00177479
1 0.732436 0.505078 0.24356 0.282031 0.00177479
0 0.701405 0.561719 0.236534 0.364844 0.00176144
24 0.413934 0.271826 0.327869 0.28291 0.0017004
60 0.466042 0.636035 0.867681 0.531055 0.00168705
0 0.501171 0.200732 0.128806 0.0532227 0.00168133
26 0.522834 0.313672 0.0807962 0.08125 0.00153637
67 0.651639 0.253516 0.0515222 0.040625 0.00141048
67 0.662178 0.255469 0.0409836 0.0335938 0.00138855
0 0.517564 0.282617 0.206089 0.282422 0.00137234
0 0.540837 0.252344 0.311768 0.230469 0.00132465
2 0.466042 0.636035 0.867681 0.531055 0.0012207
0 0.686768 0.678125 0.173302 0.140625 0.00120163
26 0.603044 0.482812 0.220141 0.107813 0.00119209
0 0.334602 0.398438 0.203162 0.122656 0.00117397
0 0.730679 0.686719 0.0725995 0.1125 0.00116539
0 0.583138 0.380371 0.238876 0.24707 0.00112915
77 0.604215 0.278906 0.187354 0.26875 0.0011158
53 0.4637 0.6375 0.861827 0.546875 0.00107288
0 0.225117 0.397559 0.0679157 0.0455078 0.00104427
0 0.710773 0.633203 0.224824 0.228906 0.00103664
32 0.522834 0.314063 0.0807962 0.0828125 0.00100422
3 0.471897 0.641406 0.868852 0.532813 0.939453
0 0.532201 0.43916 0.567916 0.632617 0.894043
0 0.606557 0.278516 0.18267 0.266406 0.0611877
0 0.45726 0.272314 0.418033 0.306934 0.0497742
0 0.518882 0.285156 0.365047 0.280469 0.0205994
0 0.575527 0.287695 0.238876 0.297266 0.0163422
0 0.559133 0.546094 0.423888 0.321875 0.014061
0 0.431938 0.460156 0.515515 0.682813 0.0116425
0 0.538495 0.380566 0.316452 0.282617 0.0107803
0 0.734192 0.692578 0.104215 0.121094 0.00919342
24 0.396955 0.318359 0.297424 0.190625 0.00760651
0 0.588993 0.317383 0.194379 0.227734 0.00679779
0 0.613583 0.550879 0.313817 0.35918 0.00671768
29 0.522834 0.314844 0.0819672 0.0808594 0.00636292
0 0.472922 0.257812 0.220433 0.270313 0.00471878
46 0.522834 0.314844 0.0819672 0.0808594 0.00445175
0 0.613583 0.341992 0.147541 0.161328 0.00434875
0 0.439696 0.375684 0.392272 0.29707 0.00415039
0 0.729508 0.686719 0.0796253 0.10625 0.00352478
0 0.544643 0.491797 0.484485 0.221875 0.00352478
67 0.645199 0.232422 0.0351288 0.0210938 0.00328636
0 0.549766 0.461719 0.45082 0.167187 0.00319672
0 0.587822 0.351172 0.190867 0.173438 0.00317192
0 0.610656 0.230664 0.175644 0.166016 0.00313568
67 0.662763 0.242578 0.0468384 0.0597656 0.00311089
67 0.64637 0.241016 0.0374707 0.0453125 0.00309944
1 0.735363 0.429785 0.222482 0.129492 0.00299263
0 0.419789 0.328711 0.339578 0.178516 0.00288963
24 0.414666 0.272852 0.327576 0.280859 0.00242424
0 0.536885 0.395703 0.430913 0.283594 0.00234222
0 0.504537 0.297266 0.517857 0.355469 0.00234222
36 0.327283 0.493848 0.546838 0.26543 0.00233269
0 0.450234 0.284961 0.252927 0.272266 0.00224304
67 0.656909 0.231055 0.0374707 0.0355469 0.00217438
0 0.666276 0.552344 0.306792 0.35 0.00212479
4 0.464725 0.635156 0.862119 0.528125 0.00210762
60 0.464725 0.635156 0.862119 0.528125 0.0020752
67 0.651639 0.254102 0.0515222 0.0402344 0.00183868
67 0.662178 0.25625 0.0409836 0.0328125 0.00183868
0 0.687354 0.677344 0.173302 0.142188 0.00168133
0 0.642272 0.207031 0.114754 0.120313 0.0015974
1 0.730679 0.511035 0.241218 0.293555 0.00159168
0 0.556206 0.350195 0.257611 0.187109 0.00157928
26 0.522834 0.314063 0.0807962 0.08125 0.00155449
0 0.723653 0.620313 0.238876 0.251563 0.00142097
0 0.517564 0.282031 0.213115 0.282031 0.00141621
26 0.601874 0.483594 0.222482 0.107813 0.00135136
0 0.334309 0.398828 0.204918 0.124219 0.00133038
0 0.539813 0.255811 0.314988 0.238379 0.00133038
0 0.690866 0.576563 0.241218 0.346875 0.00132465
0 0.58548 0.378906 0.238876 0.250781 0.00130939
67 0.64637 0.261719 0.0421546 0.0273438 0.00130463
24 0.437939 0.34082 0.380562 0.224609 0.00127888
0 0.5 0.201563 0.124122 0.0519531 0.00116062
0 0.361827 0.453516 0.615925 0.489063 0.00116062
53 0.462529 0.6375 0.866511 0.546875 0.00115585
0 0.504098 0.458496 0.539813 0.204883 0.00112915
2 0.464725 0.635156 0.862119 0.528125 0.00112057
77 0.60363 0.278906 0.188525 0.26875 0.00110722
0 0.6774 0.720313 0.161592 0.06875 0.00106907
0 0.397102 0.536328 0.383782 0.335156 0.00105286
26 0.588993 0.464844 0.241218 0.09375 0.00100422
3 0.470726 0.641797 0.86534 0.535156 0.940918
0 0.533372 0.440234 0.569087 0.636719 0.891602
0 0.607143 0.27832 0.18267 0.266797 0.0534058
0 0.457845 0.272217 0.420375 0.307129 0.0333862
0 0.515808 0.285352 0.370023 0.281641 0.0153046
0 0.575527 0.287061 0.237705 0.298535 0.0151291
0 0.558402 0.546094 0.42418 0.325 0.0148392
0 0.432084 0.462598 0.515222 0.69043 0.0137939
0 0.543325 0.38125 0.311475 0.3 0.01017
0 0.728337 0.692187 0.100703 0.121094 0.00905609
24 0.398126 0.317969 0.299766 0.192188 0.00815582
0 0.628806 0.552344 0.278689 0.34375 0.00737381
0 0.587822 0.315234 0.197892 0.232031 0.00661469
29 0.523419 0.314844 0.0819672 0.0808594 0.005867
0 0.474092 0.25957 0.218091 0.275391 0.00438309
0 0.613583 0.341406 0.147541 0.1625 0.00387001
0 0.439696 0.382812 0.392272 0.313281 0.00358009
67 0.645199 0.232422 0.0339578 0.0210938 0.00353813
67 0.646955 0.241016 0.0374707 0.0453125 0.00322342
46 0.523419 0.314844 0.0819672 0.0808594 0.00321007
0 0.543911 0.498437 0.483607 0.235938 0.00313568
67 0.662763 0.242773 0.0444965 0.0597656 0.00304031
0 0.586651 0.351953 0.192037 0.174219 0.00292397
0 0.550205 0.460547 0.4476 0.171094 0.00284576
24 0.414374 0.273828 0.32582 0.279687 0.0027256
0 0.608899 0.235938 0.180328 0.180078 0.00260162
0 0.504098 0.299023 0.519906 0.360547 0.00257111
0 0.598361 0.458203 0.416862 0.60625 0.0024147
1 0.734778 0.429688 0.220141 0.129688 0.00233269
60 0.464286 0.633594 0.859485 0.526563 0.00229645
0 0.414666 0.301172 0.329918 0.226562 0.00225258
67 0.656323 0.230469 0.0362998 0.034375 0.00210762
0 0.5363 0.429785 0.433255 0.223242 0.00210762
67 0.651054 0.254688 0.0515222 0.0394531 0.00196457
36 0.327869 0.494434 0.548009 0.270508 0.00191879
0 0.687354 0.677734 0.173302 0.144531 0.00186729
67 0.661592 0.256641 0.0398126 0.0320312 0.00183868
4 0.464286 0.633594 0.859485 0.526563 0.00183868
0 0.43428 0.344727 0.377342 0.219141 0.0017004
0 0.359485 0.464453 0.611241 0.511719 0.00152493
67 0.64637 0.261719 0.0421546 0.0273438 0.00148392
0 0.515808 0.281641 0.215457 0.285156 0.00147247
0 0.641686 0.207227 0.114754 0.120703 0.00145531
0 0.557377 0.349609 0.255269 0.189063 0.00143814
0 0.693208 0.567969 0.250585 0.365625 0.00143242
26 0.601874 0.483594 0.222482 0.109375 0.00139904
24 0.43911 0.341016 0.381733 0.226562 0.00136185
26 0.522834 0.314063 0.0819672 0.08125 0.00133514
0 0.730679 0.687109 0.0749414 0.113281 0.00131989
0 0.689696 0.609375 0.234192 0.25625 0.00131989
0 0.726581 0.623828 0.245902 0.246875 0.00127888
0 0.334309 0.399121 0.204918 0.126758 0.0012598
0 0.586651 0.377734 0.245902 0.257031 0.00123501
1 0.730094 0.517969 0.237705 0.307813 0.0012207
0 0.539227 0.256641 0.316159 0.242188 0.00119686
26 0.588407 0.466406 0.242389 0.0984375 0.00104809
24 0.601874 0.483594 0.222482 0.109375 0.00104046
0 0.677986 0.720313 0.163934 0.071875 0.00104046
3 0.471311 0.641504 0.861827 0.535742 0.950195
0 0.534543 0.442578 0.569087 0.639063 0.897461
0 0.591335 0.287109 0.210773 0.292969 0.0571899
0 0.459163 0.272314 0.425937 0.308496 0.0236969
0 0.559133 0.549219 0.420375 0.332813 0.0175781
0 0.522248 0.286133 0.355972 0.282422 0.0162201
0 0.433109 0.465625 0.517857 0.69375 0.0130234
0 0.632318 0.555078 0.274005 0.349219 0.0106125
0 0.556206 0.383984 0.285714 0.325781 0.00974274
24 0.398712 0.317969 0.299766 0.192969 0.00967407
0 0.728337 0.692187 0.103044 0.121875 0.00861359
67 0.645784 0.232422 0.0327869 0.021875 0.00536346
29 0.523419 0.314844 0.0819672 0.08125 0.00524139
67 0.647541 0.241406 0.0351288 0.0460938 0.00488663
0 0.478337 0.261523 0.210773 0.280078 0.0045929
0 0.612998 0.3375 0.149883 0.176563 0.00436401
67 0.662178 0.242969 0.0433255 0.059375 0.00421524
0 0.437793 0.386719 0.38671 0.322656 0.00370789
0 0.488876 0.55459 0.411007 0.368945 0.00365067
0 0.497658 0.333594 0.508197 0.430469 0.00353813
0 0.586066 0.353516 0.194379 0.176563 0.00325966
24 0.413934 0.276514 0.324356 0.274316 0.00324821
0 0.514637 0.482812 0.4637 0.214062 0.0030632
67 0.651054 0.255078 0.0491803 0.0398437 0.00304031
67 0.645199 0.261719 0.0398126 0.028125 0.00282288
0 0.550937 0.460938 0.433255 0.171875 0.00279045
67 0.655738 0.230078 0.0316159 0.0320312 0.00274658
67 0.661592 0.256641 0.0398126 0.0328125 0.00244331
0 0.728337 0.685938 0.0796253 0.115625 0.00233269
1 0.734192 0.429688 0.220141 0.13125 0.00233269
46 0.522834 0.314063 0.0819672 0.08125 0.00229645
0 0.620023 0.4625 0.377049 0.603125 0.00226021
0 0.543911 0.382031 0.40281 0.314844 0.00224304
0 0.609485 0.237109 0.179157 0.182422 0.00221634
0 0.693208 0.571484 0.257611 0.371875 0.00211525
0 0.617096 0.27832 0.168618 0.266797 0.00204277
0 0.414666 0.298828 0.329918 0.232031 0.00197983
0 0.518735 0.282422 0.224824 0.290625 0.00194168
0 0.687939 0.677344 0.173302 0.146875 0.00161648
0 0.727752 0.625391 0.242389 0.249219 0.00161076
24 0.437793 0.342187 0.377342 0.228125 0.00160408
0 0.437793 0.342187 0.377342 0.228125 0.0015974
26 0.601874 0.483203 0.220141 0.110937 0.00152493
0 0.686183 0.608984 0.238876 0.253906 0.00146103
0 0.360656 0.456152 0.606557 0.467383 0.0014267
0 0.453747 0.533691 0.311475 0.348242 0.00139427
0 0.641686 0.207422 0.114754 0.121875 0.00130939
0 0.591335 0.375391 0.238876 0.264844 0.00124454
26 0.522834 0.314063 0.0819672 0.08125 0.00122547
0 0.525176 0.321484 0.211944 0.219531 0.00121593
1 0.729508 0.518066 0.236534 0.30918 0.00112438
0 0.474092 0.478125 0.478044 0.273438 0.00111198
24 0.615925 0.490625 0.23185 0.096875 0.00104046
36 0.327283 0.494141 0.544496 0.276563 0.00102425
26 0.589578 0.467969 0.236534 0.102344 0.00101662
3 0.470726 0.641504 0.860656 0.53418 0.958008
0 0.538642 0.446973 0.578454 0.651367 0.90625
0 0.590164 0.287891 0.213115 0.29375 0.0496826
0 0.468384 0.276563 0.446136 0.319531 0.018692
0 0.618852 0.555469 0.296253 0.34375 0.0184784
0 0.461505 0.461719 0.411885 0.682813 0.0159607
0 0.551669 0.537891 0.45404 0.308594 0.014061
24 0.399297 0.318164 0.300937 0.193359 0.00993347
0 0.531762 0.378906 0.33226 0.357031 0.00784302
0 0.728337 0.691797 0.103044 0.121875 0.00725937
0 0.417447 0.268555 0.334895 0.294141 0.00548935
67 0.64637 0.232422 0.0327869 0.021875 0.00516129
67 0.647541 0.241406 0.0351288 0.0460938 0.00500107
0 0.494731 0.325977 0.5 0.414453 0.00426483
0 0.477605 0.262695 0.213407 0.281641 0.00416565
67 0.662178 0.243164 0.0421546 0.0589844 0.00399017
0 0.48024 0.555566 0.383782 0.379492 0.00374985
0 0.612412 0.33125 0.152225 0.192188 0.00362206
29 0.522834 0.314844 0.0819672 0.0808594 0.0036068
24 0.413349 0.276953 0.324356 0.274219 0.00340271
67 0.645199 0.261328 0.0398126 0.0289063 0.00331116
0 0.436622 0.388184 0.384368 0.326758 0.00327301
67 0.651054 0.255273 0.0491803 0.0394531 0.00314713
0 0.58548 0.354297 0.196721 0.177344 0.00313568
0 0.674473 0.559766 0.289227 0.361719 0.00276756
0 0.509953 0.487598 0.457845 0.22793 0.00254059
67 0.655738 0.229687 0.030445 0.03125 0.00248146
0 0.525761 0.283594 0.264637 0.296875 0.002388
67 0.661592 0.256836 0.0398126 0.0328125 0.00225258
0 0.550351 0.460059 0.426229 0.17207 0.00208282
0 0.728337 0.684375 0.0796253 0.11875 0.00195694
0 0.620609 0.46709 0.374707 0.598633 0.00194931
60 0.467213 0.635547 0.866511 0.553906 0.00192642
0 0.539813 0.404297 0.407494 0.275 0.00191879
0 0.418618 0.332031 0.338407 0.178906 0.00188923
0 0.728337 0.61875 0.238876 0.265625 0.00174141
0 0.61007 0.237305 0.177986 0.182422 0.0017004
1 0.733021 0.429785 0.21897 0.131055 0.0017004
24 0.436622 0.342383 0.375 0.227734 0.0016489
0 0.528103 0.312109 0.222482 0.239063 0.00160408
0 0.618267 0.279102 0.169789 0.266797 0.0015192
0 0.454333 0.532031 0.293911 0.351562 0.00144958
46 0.522834 0.314063 0.0807962 0.08125 0.00142097
0 0.363583 0.45459 0.61007 0.450195 0.00141621
0 0.687939 0.677344 0.173302 0.148438 0.00138855
0 0.683841 0.607813 0.24356 0.258594 0.00135612
26 0.601288 0.482812 0.21897 0.1125 0.00128937
0 0.454479 0.326953 0.325234 0.214844 0.00124454
3 0.290325 0.635938 0.496633 0.498437 0.00114727
0 0.641686 0.207373 0.114754 0.121973 0.00106525
0 0.591335 0.374219 0.24356 0.271875 0.00105286
26 0.522834 0.314063 0.0807962 0.08125 0.00101662
3 0.471311 0.641797 0.860656 0.533594 0.958008
0 0.538056 0.448047 0.577283 0.653906 0.910156
0 0.589578 0.287695 0.214286 0.292578 0.0351562
0 0.560304 0.554297 0.416862 0.342969 0.0170441
0 0.46897 0.277148 0.448478 0.320703 0.0168457
0 0.461505 0.462109 0.411885 0.683594 0.0150757
24 0.400615 0.318359 0.304157 0.19375 0.01017
0 0.633489 0.557813 0.271663 0.351562 0.01017
0 0.531616 0.379297 0.334895 0.350781 0.00643921
0 0.728337 0.691797 0.103044 0.121875 0.006073
0 0.543179 0.297461 0.360948 0.304297 0.00602722
67 0.648126 0.241797 0.0351288 0.0476562 0.00503922
67 0.64637 0.232227 0.0327869 0.021875 0.00488663
0 0.416862 0.269092 0.334895 0.293066 0.0045929
67 0.662178 0.243359 0.0433255 0.059375 0.00388527
29 0.522834 0.314844 0.0819672 0.0808594 0.00355148
0 0.481265 0.555078 0.386417 0.380469 0.00349617
24 0.413203 0.279297 0.323478 0.269531 0.00344276
0 0.608314 0.260107 0.181499 0.230566 0.00342941
0 0.474239 0.260986 0.221311 0.277246 0.00340271
67 0.64637 0.260938 0.0421546 0.0292969 0.00314713
67 0.651054 0.254883 0.0491803 0.0402344 0.00302696
0 0.583724 0.354297 0.200234 0.176563 0.00291252
0 0.693208 0.572656 0.266979 0.378125 0.00281143
0 0.437793 0.38584 0.38671 0.320508 0.00271416
0 0.611827 0.336328 0.153396 0.18125 0.00270462
0 0.549034 0.496875 0.463993 0.228125 0.00243378
67 0.656323 0.230273 0.030445 0.0324219 0.00227928
60 0.466628 0.6375 0.867681 0.554688 0.00213242
0 0.418618 0.331836 0.339578 0.180078 0.00210762
67 0.661592 0.256641 0.0398126 0.0335938 0.00209045
0 0.549766 0.459766 0.4274 0.173438 0.00188255
0 0.539959 0.403906 0.411885 0.275781 0.00172043
0 0.728337 0.615625 0.238876 0.275 0.00166798
24 0.437354 0.341797 0.37822 0.226562 0.00164223
0 0.728337 0.684375 0.0796253 0.11875 0.00163555
1 0.733021 0.430078 0.220141 0.130469 0.00160408
0 0.362998 0.439453 0.613583 0.421094 0.00159168
0 0.529859 0.313672 0.24356 0.235938 0.0014782
0 0.456089 0.532813 0.297424 0.353125 0.00139904
0 0.611827 0.228857 0.172131 0.162598 0.00133038
0 0.688525 0.677344 0.173302 0.148438 0.00130463
0 0.682084 0.608594 0.247073 0.259375 0.00117397
46 0.522834 0.314063 0.0807962 0.08125 0.00113392
26 0.600703 0.482812 0.222482 0.1125 0.00104046
3 0.472482 0.642188 0.864169 0.532813 0.955078
0 0.540398 0.450879 0.579625 0.660742 0.914062
0 0.588993 0.287695 0.217799 0.291797 0.02034
0 0.461212 0.466016 0.410129 0.691406 0.0170441
0 0.560304 0.559375 0.416862 0.353906 0.0126266
0 0.471897 0.278467 0.454333 0.322754 0.0100555
0 0.413495 0.478125 0.599239 0.70625 0.00844574
24 0.402664 0.31875 0.307084 0.19375 0.00803375
0 0.633489 0.560156 0.274005 0.357812 0.00728989
0 0.532787 0.379688 0.337237 0.357031 0.00399017
67 0.648712 0.242773 0.0351288 0.0488281 0.00390053
0 0.535714 0.278076 0.322014 0.287598 0.00367928
0 0.729508 0.691406 0.103044 0.123438 0.00363541
0 0.416276 0.269727 0.333724 0.293359 0.00340271
67 0.64637 0.232422 0.0316159 0.021875 0.00336266
24 0.412763 0.28208 0.324356 0.263965 0.00307465
67 0.662763 0.243359 0.0421546 0.0589844 0.00279045
67 0.647541 0.260742 0.0444965 0.0296875 0.00260162
29 0.522834 0.314844 0.0819672 0.0804688 0.00236893
67 0.651054 0.255078 0.0491803 0.0398437 0.00234222
0 0.486534 0.555859 0.408665 0.392188 0.00209999
0 0.683841 0.573828 0.291569 0.382031 0.00208282
60 0.466628 0.637109 0.864169 0.561719 0.00202751
0 0.420375 0.332422 0.344262 0.184375 0.0018034
0 0.549327 0.500781 0.465749 0.234375 0.00174141
0 0.583138 0.354883 0.202576 0.175391 0.00173378
0 0.439696 0.382422 0.391101 0.314063 0.00162315
67 0.657494 0.231445 0.030445 0.034375 0.00154877
67 0.662178 0.256641 0.0398126 0.0332031 0.00154305
24 0.440281 0.342187 0.382904 0.226562 0.00153637
0 0.608899 0.25293 0.181499 0.216016 0.0014782
0 0.380562 0.425781 0.651054 0.39375 0.00146103
0 0.608314 0.336719 0.162763 0.183594 0.00138855
1 0.733021 0.430078 0.221311 0.130469 0.00120163
0 0.538056 0.4 0.422717 0.283594 0.00113773
0 0.548009 0.457813 0.430913 0.178125 0.00113392
0 0.728337 0.683594 0.0796253 0.123438 0.00110722
0 0.498244 0.24082 0.250585 0.248047 0.00109482
0 0.528103 0.312109 0.274005 0.239844 0.00106907
0 0.457699 0.532715 0.300059 0.361133 0.00106049
0 0.730679 0.596875 0.248244 0.320312 0.00105286
0 0.688525 0.676953 0.175644 0.15 0.00103664
3 0.475263 0.641797 0.869145 0.533594 0.95166
0 0.540837 0.450781 0.578747 0.6625 0.922852
0 0.460187 0.466504 0.409836 0.693555 0.016922
0 0.588993 0.287549 0.217799 0.291309 0.0150146
0 0.562646 0.560156 0.411007 0.359375 0.0121918
0 0.473068 0.280029 0.459016 0.325879 0.00763702
0 0.404713 0.478027 0.644906 0.706445 0.00658798
0 0.63466 0.559766 0.274005 0.360156 0.0064621
24 0.403396 0.319141 0.309133 0.192969 0.00518036
67 0.648712 0.243164 0.0362998 0.0496094 0.00426483
67 0.64637 0.232422 0.0327869 0.021875 0.00341606
67 0.647541 0.260742 0.0444965 0.0296875 0.00312424
67 0.662763 0.243359 0.0444965 0.0585938 0.00292397
0 0.416276 0.269922 0.334895 0.295312 0.00286674
0 0.728337 0.684766 0.087822 0.120313 0.00282288
0 0.534543 0.376172 0.340749 0.350781 0.00279999
0 0.527518 0.276758 0.340749 0.287109 0.0026722
29 0.523419 0.314844 0.0819672 0.0796875 0.00266266
67 0.651054 0.255469 0.0503513 0.0390625 0.00248146
24 0.412763 0.283984 0.324356 0.260938 0.00226021
60 0.467799 0.638281 0.860656 0.560938 0.00217438
0 0.680328 0.574219 0.302108 0.385938 0.00183868
0 0.42096 0.332617 0.347775 0.188672 0.00170708
0 0.551522 0.510938 0.462529 0.25625 0.00163555
67 0.657494 0.232031 0.030445 0.0351562 0.00159168
67 0.661592 0.256836 0.0398126 0.0328125 0.00157356
0 0.485948 0.553906 0.416862 0.390625 0.00152493
0 0.387002 0.404687 0.667447 0.354688 0.00137806
0 0.583138 0.355469 0.203747 0.175781 0.00120163
0 0.412324 0.297705 0.622658 0.330371 0.00120163
1 0.733021 0.430566 0.224824 0.131055 0.00118351
0 0.440135 0.375879 0.393735 0.301367 0.00112915
0 0.441306 0.319922 0.400761 0.234375 0.00106525
24 0.441452 0.342773 0.386417 0.226172 0.00103664
0 0.608899 0.246484 0.181499 0.202734 0.00102425
3 0.476581 0.640723 0.873536 0.53418 0.94873
0 0.539813 0.449609 0.576112 0.663281 0.937012
0 0.564403 0.560156 0.405152 0.365625 0.0141144
0 0.587822 0.287842 0.220141 0.292285 0.0136337
0 0.460187 0.465234 0.409836 0.691406 0.0134277
0 0.473653 0.280811 0.460187 0.327441 0.00955963
0 0.399737 0.478125 0.678279 0.7125 0.0078125
0 0.632318 0.560547 0.283372 0.384375 0.00723267
24 0.403981 0.319531 0.311475 0.192969 0.00341606
67 0.648712 0.24375 0.0374707 0.0507812 0.00331116
0 0.416276 0.269922 0.336066 0.299219 0.00327301
29 0.523419 0.314844 0.0819672 0.0796875 0.00287819
60 0.467799 0.639063 0.857143 0.553125 0.00283432
0 0.522834 0.276953 0.351288 0.288281 0.0027256
0 0.534543 0.374219 0.344262 0.346094 0.00271416
67 0.648712 0.260547 0.0468384 0.0304688 0.0026722
67 0.64637 0.232422 0.0327869 0.021875 0.00237846
0 0.728337 0.683594 0.087822 0.121875 0.00233269
67 0.662763 0.243555 0.0444965 0.0589844 0.00219917
0 0.423302 0.332031 0.35363 0.196875 0.00218201
67 0.651054 0.255664 0.0503513 0.0386719 0.0019722
0 0.679157 0.575 0.310304 0.389062 0.0017004
24 0.412763 0.281592 0.325527 0.266504 0.00168133
0 0.39154 0.400879 0.680621 0.360742 0.00159168
0 0.391101 0.29668 0.67096 0.333203 0.00150681
0 0.442623 0.313672 0.413349 0.25 0.00142097
0 0.482436 0.553125 0.422717 0.389062 0.00134563
67 0.662178 0.257227 0.0409836 0.0320312 0.00128937
0 0.442037 0.371094 0.398126 0.296094 0.00122547
1 0.73185 0.430371 0.229508 0.131445 0.00119686
0 0.583138 0.355664 0.206089 0.176172 0.00118828
67 0.65808 0.233594 0.0327869 0.0386719 0.0011425
0 0.535714 0.444922 0.57377 0.655469 0.950195
3 0.477752 0.640234 0.87822 0.533594 0.942871
0 0.564988 0.558594 0.40281 0.367188 0.0171814
0 0.471897 0.280029 0.457845 0.325098 0.0121918
0 0.587822 0.288281 0.222482 0.292969 0.0118713
0 0.399297 0.477441 0.701405 0.713867 0.01017
0 0.63466 0.560156 0.283372 0.38125 0.00888062
0 0.415837 0.270117 0.336944 0.298828 0.00319672
67 0.648712 0.243359 0.0374707 0.0507812 0.0029583
24 0.403396 0.320117 0.312646 0.193359 0.00274658
60 0.467799 0.637891 0.855972 0.546094 0.00268364
67 0.648712 0.260547 0.0480094 0.0304688 0.00248146
0 0.424473 0.332813 0.357143 0.2 0.00243378
0 0.534104 0.371094 0.348653 0.332031 0.00226021
0 0.728337 0.683203 0.088993 0.123438 0.00214958
67 0.645784 0.232617 0.0327869 0.0222656 0.00209999
0 0.38144 0.296826 0.696136 0.335254 0.00198746
29 0.523419 0.314844 0.0819672 0.0796875 0.00194931
0 0.398712 0.402734 0.699063 0.378906 0.00194168
67 0.662763 0.243555 0.0468384 0.0589844 0.00190449
0 0.682084 0.575391 0.309133 0.391406 0.00181007
67 0.651054 0.255469 0.0515222 0.0398437 0.0016613
0 0.444818 0.314258 0.419496 0.251172 0.00157356
1 0.730679 0.430371 0.236534 0.131445 0.00150108
24 0.412178 0.284766 0.325527 0.260156 0.00133038
0 0.483607 0.553125 0.437939 0.378906 0.0012846
0 0.603044 0.263867 0.194379 0.236328 0.00122547
0 0.442037 0.367773 0.399297 0.287891 0.0011034
67 0.661592 0.257031 0.0421546 0.0328125 0.00103664
67 0.65808 0.232617 0.0327869 0.0371094 0.00102806
0 0.536153 0.442871 0.576405 0.654883 0.960449
3 0.477166 0.639453 0.879391 0.533594 0.937012
0 0.580211 0.545215 0.382904 0.343945 0.0188293
0 0.472043 0.281201 0.461066 0.327441 0.0121918
0 0.402664 0.475 0.719262 0.710938 0.0112
0 0.587822 0.288281 0.224824 0.292188 0.00898743
0 0.632904 0.560547 0.286885 0.378125 0.00881195
67 0.648712 0.242969 0.0374707 0.0511719 0.00300407
0 0.415837 0.269727 0.336944 0.297266 0.00268364
60 0.46853 0.636719 0.854508 0.545313 0.0024929
24 0.40281 0.320508 0.312646 0.193359 0.00231361
67 0.648712 0.260742 0.0480094 0.0304688 0.00230598
67 0.645784 0.232422 0.0327869 0.0226563 0.00218201
0 0.37822 0.297607 0.70726 0.336816 0.00214958
0 0.425205 0.33457 0.360363 0.199609 0.00213242
0 0.399444 0.394922 0.704625 0.375781 0.00198746
67 0.662178 0.243555 0.0480094 0.059375 0.00191879
0 0.728337 0.683203 0.088993 0.124219 0.00185299
1 0.729508 0.430469 0.241218 0.132031 0.00183105
0 0.532201 0.370703 0.357143 0.316406 0.00181007
0 0.681499 0.575781 0.313817 0.390625 0.0016613
29 0.523419 0.314844 0.0819672 0.0796875 0.00156689
67 0.651054 0.254102 0.0526932 0.0421875 0.00150108
0 0.481265 0.550684 0.460187 0.368945 0.00116062
1 0.666276 0.421094 0.154567 0.0828125 0.00109005
67 0.491803 0.238281 0.088993 0.021875 0.00108147
67 0.65808 0.232031 0.0339578 0.0359375 0.00108147
1 0.725995 0.45 0.266979 0.16875 0.00108147
1 0.665691 0.440625 0.151054 0.084375 0.00107288
0 0.598361 0.258008 0.203747 0.225391 0.00106049
1 0.772834 0.439063 0.173302 0.142188 0.00101185
0 0.535275 0.442969 0.578162 0.653125 0.96582
3 0.475556 0.638672 0.877927 0.533594 0.927246
0 0.582553 0.542969 0.37822 0.341406 0.0208435
0 0.471311 0.282617 0.460187 0.330078 0.0141144
0 0.400907 0.471484 0.715749 0.705469 0.0113754
0 0.63466 0.559375 0.283372 0.376563 0.00891876
0 0.586651 0.288672 0.224824 0.292969 0.00831604
67 0.648712 0.242578 0.0374707 0.0515625 0.00372124
67 0.645784 0.232422 0.0327869 0.0230469 0.00259018
0 0.415105 0.269531 0.336066 0.296094 0.00252151
67 0.648712 0.260547 0.0491803 0.03125 0.00251198
1 0.728923 0.430469 0.244731 0.132031 0.00251198
67 0.661592 0.243359 0.0491803 0.059375 0.00248146
60 0.467213 0.635547 0.85363 0.542969 0.00244331
0 0.376464 0.297607 0.704918 0.340723 0.00237846
24 0.401639 0.320703 0.311475 0.192969 0.00210762
0 0.424473 0.335156 0.359485 0.200781 0.00205803
0 0.399297 0.392969 0.704918 0.384375 0.00192642
0 0.54113 0.28833 0.32055 0.295215 0.00182438
0 0.685012 0.575781 0.30445 0.392188 0.00175476
0 0.728337 0.682813 0.088993 0.125 0.00171375
67 0.651054 0.251953 0.0538642 0.046875 0.00166798
0 0.530299 0.370898 0.358607 0.308984 0.0016489
1 0.666276 0.421094 0.154567 0.0828125 0.00150108
1 0.665105 0.440234 0.152225 0.0835937 0.00138855
67 0.65808 0.231641 0.0351288 0.0351562 0.00136185
1 0.708431 0.517969 0.296253 0.305469 0.0012598
0 0.477752 0.547656 0.477752 0.357812 0.00121593
67 0.492389 0.237891 0.088993 0.021875 0.0012064
1 0.772834 0.439063 0.177986 0.142188 0.0012064
1 0.726581 0.458594 0.261124 0.189063 0.00114727
0 0.594848 0.254492 0.210773 0.218359 0.00109863
67 0.499415 0.243945 0.0737705 0.0308594 0.00102806
0 0.534543 0.443359 0.577283 0.652344 0.969238
3 0.474239 0.638184 0.873536 0.533008 0.906738
0 0.565574 0.557031 0.400468 0.359375 0.0252228
0 0.47058 0.283203 0.456967 0.33125 0.0150757
0 0.399151 0.469922 0.712237 0.702344 0.012146
0 0.635246 0.559375 0.271663 0.357812 0.0088501
0 0.58548 0.289014 0.227166 0.293848 0.00763702
67 0.648712 0.242578 0.0374707 0.0523438 0.00481033
67 0.662178 0.243555 0.0491803 0.0597656 0.00329781
67 0.645199 0.232422 0.0327869 0.0234375 0.00318527
0 0.375293 0.298438 0.700234 0.342187 0.00286674
67 0.649297 0.260547 0.0503513 0.0320312 0.00284576
1 0.728337 0.430469 0.247073 0.132031 0.0027256
0 0.649297 0.541309 0.382904 0.342383 0.00268364
0 0.414666 0.269531 0.334602 0.296094 0.00239754
0 0.424473 0.336328 0.358314 0.199219 0.00217438
60 0.467213 0.635254 0.851288 0.541992 0.00211525
0 0.398273 0.394141 0.702283 0.388281 0.00209999
24 0.400468 0.320898 0.309133 0.192578 0.0020504
67 0.651639 0.249609 0.0538642 0.0515625 0.00198746
0 0.529274 0.372656 0.355972 0.303906 0.00181007
67 0.65808 0.231641 0.0351288 0.0359375 0.00176811
1 0.666276 0.421094 0.156909 0.0828125 0.00176144
0 0.687354 0.576172 0.299766 0.391406 0.0017004
0 0.728337 0.682813 0.086651 0.125 0.0016489
1 0.665105 0.439844 0.154567 0.0835937 0.00159168
67 0.492974 0.237891 0.088993 0.021875 0.00150108
1 0.70726 0.515234 0.297424 0.300781 0.00146675
1 0.72541 0.458594 0.263466 0.189063 0.00134087
0 0.477898 0.543848 0.479801 0.345117 0.00133514
67 0.5 0.243164 0.0725995 0.0296875 0.0012598
1 0.772834 0.439453 0.180328 0.141406 0.00121117
0 0.530445 0.459473 0.456674 0.174805 0.00109863
0 0.593677 0.250977 0.213115 0.210547 0.00108147
0 0.579625 0.357227 0.210773 0.178516 0.00104427
0 0.534104 0.444141 0.57582 0.651563 0.969727
3 0.465457 0.631641 0.848946 0.546094 0.887207
0 0.566891 0.55625 0.397834 0.353125 0.0349426
0 0.471311 0.28457 0.453162 0.333984 0.0200195
0 0.63466 0.558594 0.271663 0.35625 0.0107803
0 0.58548 0.289258 0.227166 0.294141 0.00941467
0 0.396516 0.464453 0.705796 0.689844 0.00834656
67 0.648712 0.242188 0.0374707 0.0515625 0.00682449
67 0.645784 0.232422 0.0327869 0.0234375 0.00494385
67 0.661592 0.24375 0.0480094 0.059375 0.00486755
67 0.648712 0.260547 0.0491803 0.0320312 0.00408554
0 0.651054 0.538379 0.379391 0.335742 0.00345612
1 0.727166 0.430469 0.248244 0.13125 0.00319672
67 0.651054 0.249609 0.0538642 0.0515625 0.00281143
0 0.422863 0.336914 0.353337 0.199609 0.00271416
67 0.656909 0.230469 0.0327869 0.0328125 0.00266266
0 0.414666 0.269531 0.334602 0.295312 0.00263214
1 0.666276 0.421094 0.156909 0.08125 0.00248146
0 0.373536 0.298047 0.693208 0.340625 0.00248146
1 0.665105 0.439844 0.154567 0.0828125 0.00220871
24 0.399444 0.321094 0.306499 0.192188 0.00216484
0 0.688525 0.576563 0.29274 0.390625 0.00206757
0 0.728337 0.682422 0.086651 0.125 0.00196457
60 0.467213 0.635938 0.850117 0.540625 0.00192642
0 0.52942 0.373047 0.355679 0.299219 0.00189686
1 0.70726 0.509375 0.297424 0.2875 0.00188923
0 0.476581 0.539844 0.47541 0.330469 0.00182438
0 0.398126 0.389844 0.700234 0.36875 0.00178909
67 0.492974 0.237891 0.086651 0.0214844 0.00175476
1 0.724239 0.458984 0.265808 0.189063 0.0017271
0 0.513905 0.276953 0.372658 0.286719 0.00157356
67 0.5 0.243359 0.0725995 0.0296875 0.00156116
0 0.52942 0.460254 0.45404 0.173242 0.00154877
1 0.773419 0.439453 0.179157 0.140625 0.00141621
0 0.57904 0.357031 0.211944 0.179688 0.00138283
1 0.609485 0.435937 0.224824 0.0679687 0.00129986
0 0.522834 0.357422 0.331382 0.201563 0.00121593
0 0.597775 0.252539 0.204918 0.213281 0.00121117
1 0.653396 0.434473 0.407494 0.129492 0.0012064
0 0.440427 0.361914 0.397834 0.269922 0.00113392
0 0.577283 0.327148 0.224824 0.217578 0.00111198
67 0.516979 0.243359 0.0456674 0.028125 0.0011034
67 0.5 0.251172 0.0702576 0.0453125 0.00104809
0 0.446282 0.243164 0.313525 0.252734 0.00104809
1 0.64637 0.450781 0.248244 0.0953125 0.00103188
1 0.747073 0.439063 0.17096 0.117188 0.00100803
0 0.53103 0.444922 0.567916 0.65 0.967773
3 0.471311 0.638281 0.86534 0.532813 0.876465
0 0.566745 0.554688 0.395785 0.348438 0.0431213
0 0.47014 0.285742 0.45082 0.336328 0.0270691
0 0.58548 0.289844 0.225995 0.295312 0.012291
0 0.633489 0.558984 0.269321 0.357031 0.0116882
67 0.648126 0.242578 0.0362998 0.0515625 0.00740433
0 0.388905 0.46084 0.688232 0.681445 0.00582123
67 0.648126 0.260547 0.0480094 0.0320312 0.00553513
67 0.661592 0.24375 0.0468384 0.059375 0.00540543
67 0.64637 0.232422 0.0327869 0.0234375 0.00536346
0 0.650468 0.536719 0.37822 0.330469 0.00418091
67 0.651054 0.250391 0.0515222 0.0503906 0.00352478
1 0.727166 0.430566 0.248244 0.131055 0.00321007
0 0.420521 0.3375 0.348653 0.199219 0.00314713
67 0.656909 0.230664 0.0316159 0.0328125 0.00284576
0 0.415105 0.269482 0.334895 0.293848 0.00275803
0 0.690281 0.576172 0.286885 0.389844 0.00265312
0 0.728337 0.682031 0.086651 0.123438 0.00256157
1 0.666276 0.421094 0.156909 0.08125 0.0024929
1 0.654567 0.442188 0.161592 0.0828125 0.00239754
24 0.399297 0.321094 0.305621 0.192188 0.00236893
0 0.476581 0.536719 0.468384 0.320312 0.00226974
0 0.370609 0.296289 0.681499 0.337109 0.00223351
0 0.53147 0.460547 0.445258 0.169531 0.00216484
0 0.528103 0.372266 0.355972 0.296875 0.00204277
1 0.70726 0.506934 0.297424 0.281445 0.00203514
1 0.723653 0.458984 0.264637 0.188281 0.00192642
0 0.578454 0.356641 0.210773 0.18125 0.00189686
0 0.519321 0.277734 0.362998 0.286719 0.0018177
60 0.467799 0.6375 0.848946 0.540625 0.0018177
0 0.393443 0.379004 0.689696 0.34043 0.00165462
1 0.772834 0.439453 0.177986 0.139844 0.00157928
1 0.61007 0.435937 0.222482 0.06875 0.00153065
0 0.524005 0.356641 0.32904 0.200781 0.00141621
67 0.49356 0.237891 0.086651 0.0214844 0.00139904
67 0.5 0.243359 0.0725995 0.0296875 0.00134087
0 0.598361 0.255859 0.203747 0.219531 0.00131989
0 0.438525 0.361719 0.393443 0.267969 0.00130939
67 0.655738 0.254883 0.0562061 0.0386719 0.00129414
67 0.627635 0.301953 0.0515222 0.0445313 0.0012846
1 0.655738 0.434473 0.399297 0.12793 0.00124454
1 0.64637 0.450781 0.248244 0.09375 0.00119209
1 0.747073 0.439063 0.168618 0.116406 0.0011692
1 0.656909 0.457422 0.236534 0.0640625 0.00110722
0 0.449649 0.243555 0.306792 0.253906 0.00109863
67 0.51815 0.243359 0.0433255 0.028125 0.00106525
0 0.481265 0.319727 0.385246 0.236328 0.00105667
1 0.61007 0.453906 0.215457 0.06875 0.00105286
1 0.642857 0.466406 0.440281 0.1875 0.00101662
0 0.526932 0.446191 0.56089 0.648242 0.96582
3 0.470726 0.638184 0.862998 0.533008 0.881836
0 0.568501 0.554688 0.392272 0.346875 0.0538025
0 0.469701 0.286719 0.449356 0.338281 0.0474243
0 0.584309 0.29043 0.227166 0.296484 0.0164642
0 0.63466 0.559375 0.266979 0.357812 0.0146713
67 0.648126 0.242188 0.0351288 0.0507812 0.00760651
67 0.646955 0.260742 0.0456674 0.0320312 0.00634003
67 0.64637 0.232422 0.0316159 0.0230469 0.00559998
0 0.654567 0.53584 0.371194 0.329883 0.00542831
67 0.661592 0.24375 0.0456674 0.0589844 0.00530243
0 0.382904 0.456641 0.662763 0.671094 0.00503922
0 0.421546 0.338672 0.351288 0.202344 0.00439835
67 0.650468 0.250781 0.0503513 0.0492188 0.00390053
1 0.723653 0.43125 0.259953 0.130469 0.00323486
0 0.416276 0.269971 0.336066 0.295215 0.00318527
0 0.546838 0.465527 0.442623 0.18457 0.00312424
1 0.666276 0.421094 0.156909 0.08125 0.00301552
1 0.654567 0.441797 0.159251 0.0820312 0.00301552
0 0.477752 0.535937 0.454333 0.315625 0.00300407
0 0.375 0.294531 0.65281 0.332031 0.00291252
67 0.656323 0.230078 0.029274 0.03125 0.00282288
0 0.577869 0.355078 0.211944 0.185156 0.00282288
0 0.690866 0.576172 0.283372 0.390625 0.00268364
0 0.728923 0.682422 0.086651 0.122656 0.00259018
0 0.52459 0.279102 0.351288 0.289453 0.00240517
0 0.527957 0.369922 0.353923 0.296875 0.00240517
24 0.399444 0.321289 0.306499 0.193359 0.00234222
1 0.70726 0.50791 0.297424 0.28418 0.00214005
1 0.610656 0.435547 0.21897 0.0679687 0.00213242
1 0.723068 0.459473 0.265808 0.188867 0.00202751
0 0.438525 0.359766 0.392272 0.264062 0.00201988
0 0.478776 0.457813 0.517857 0.175 0.00191212
0 0.525907 0.356055 0.325234 0.201953 0.00183868
0 0.539959 0.447754 0.38144 0.14668 0.00179577
60 0.468238 0.637891 0.848068 0.539844 0.00163555
0 0.386417 0.371484 0.672131 0.310156 0.00161076
1 0.655152 0.434473 0.399297 0.12793 0.00155449
67 0.655738 0.254688 0.0562061 0.0382813 0.00153637
1 0.608899 0.453906 0.211944 0.06875 0.00153637
1 0.771663 0.439746 0.177986 0.139258 0.00152493
0 0.598361 0.263281 0.203747 0.234375 0.0014782
1 0.64637 0.450781 0.248244 0.0929688 0.00143814
1 0.656909 0.457031 0.236534 0.0640625 0.00143242
0 0.48829 0.316602 0.36534 0.244141 0.00134087
67 0.627635 0.301953 0.0515222 0.0445313 0.00133514
0 0.451844 0.245703 0.3024 0.258594 0.00127411
1 0.641686 0.470996 0.440281 0.19707 0.00127411
1 0.659251 0.447656 0.133489 0.0578125 0.00115108
1 0.744731 0.439063 0.17096 0.117188 0.00113392
1 0.673302 0.433594 0.168618 0.0898438 0.0011034
67 0.5 0.244141 0.0725995 0.03125 0.00106907
29 0.52459 0.314063 0.0819672 0.0804688 0.00106525
0 0.642272 0.208594 0.113583 0.124219 0.00104809
67 0.492974 0.237891 0.086651 0.0214844 0.00101662
0 0.525176 0.446484 0.558548 0.645312 0.963867
3 0.470872 0.638379 0.863876 0.53418 0.885742
0 0.468384 0.291992 0.459016 0.347266 0.0813599
0 0.569087 0.553906 0.38993 0.346875 0.0605164
0 0.584309 0.290674 0.227166 0.297559 0.0174408
0 0.63466 0.559375 0.266979 0.359375 0.0173798
0 0.653396 0.535059 0.374707 0.329883 0.00621796
67 0.647541 0.242188 0.0351288 0.0492188 0.00540543
67 0.645784 0.260938 0.0433255 0.03125 0.00524139
0 0.42257 0.341016 0.353923 0.202344 0.00524139
0 0.382611 0.448438 0.644614 0.653125 0.00511932
0 0.382026 0.293164 0.62822 0.330078 0.0042305
67 0.64637 0.232422 0.030445 0.0226563 0.00421524
0 0.546838 0.465234 0.440281 0.182031 0.00399017
67 0.661592 0.24375 0.0444965 0.0585938 0.0036068
0 0.482436 0.534766 0.4637 0.308594 0.00331116
0 0.415837 0.270898 0.336944 0.294141 0.00324821
1 0.723653 0.43125 0.262295 0.130469 0.00317192
0 0.577283 0.354688 0.213115 0.185156 0.00314713
67 0.649883 0.252734 0.0491803 0.0460938 0.00311089
1 0.653396 0.441406 0.156909 0.08125 0.00293541
1 0.666276 0.421875 0.156909 0.08125 0.00288963
0 0.688525 0.560547 0.269321 0.4 0.00261116
0 0.525761 0.279883 0.348946 0.290234 0.00237846
0 0.527518 0.369336 0.354801 0.294922 0.00232315
1 0.61007 0.435547 0.217799 0.0671875 0.00226974
0 0.728923 0.682422 0.086651 0.122656 0.00211525
0 0.525176 0.35625 0.327869 0.202344 0.00209999
1 0.722482 0.458984 0.269321 0.188281 0.00205803
1 0.704918 0.508984 0.30445 0.286719 0.00205803
67 0.656909 0.229687 0.028103 0.0304688 0.00200272
0 0.538495 0.447656 0.379684 0.134375 0.00194168
67 0.661592 0.253125 0.0421546 0.0414063 0.00170708
1 0.643443 0.434375 0.425059 0.127344 0.00165462
1 0.608899 0.452734 0.210773 0.0703125 0.0016489
0 0.386417 0.362891 0.672131 0.28125 0.00162888
24 0.399883 0.321875 0.306792 0.19375 0.00159168
1 0.656323 0.457422 0.237705 0.0640625 0.00149536
60 0.46897 0.638281 0.848946 0.539062 0.0014267
0 0.484778 0.315234 0.368852 0.246875 0.00139427
1 0.64637 0.450781 0.248244 0.0921875 0.00138283
0 0.473068 0.360938 0.4274 0.221094 0.00133514
0 0.450673 0.247266 0.307084 0.261719 0.00131512
1 0.635246 0.471875 0.454333 0.2 0.00130463
67 0.655738 0.255469 0.0562061 0.0371094 0.00126934
1 0.771663 0.439453 0.18267 0.139063 0.00126934
0 0.605386 0.242383 0.187354 0.193359 0.00118828
1 0.65808 0.447656 0.132318 0.05625 0.0011425
0 0.593677 0.333984 0.189696 0.195312 0.00113773
0 0.642272 0.208789 0.113583 0.124219 0.00112915
1 0.673302 0.433984 0.17096 0.0914062 0.00103664
0 0.523566 0.446777 0.557084 0.643945 0.964355
3 0.472482 0.638672 0.867681 0.535156 0.888672
0 0.467799 0.293555 0.460187 0.350391 0.107239
0 0.56894 0.553906 0.389051 0.348438 0.0545959
0 0.637002 0.559375 0.262295 0.360938 0.0205688
0 0.584309 0.291211 0.227166 0.298828 0.0146179
0 0.378513 0.444922 0.646955 0.647656 0.0050621
0 0.376464 0.292383 0.635831 0.331641 0.00498199
0 0.424034 0.34375 0.358021 0.205469 0.00481033
0 0.654567 0.535156 0.374707 0.332813 0.00363541
0 0.548009 0.466016 0.437939 0.183594 0.00355148
67 0.645199 0.261328 0.0409836 0.0304688 0.00348282
67 0.648126 0.242188 0.0339578 0.0484375 0.00340271
0 0.692037 0.560254 0.263466 0.401367 0.00309944
0 0.48829 0.536719 0.466042 0.3125 0.00300407
0 0.413203 0.298047 0.335187 0.271875 0.00292397
0 0.578454 0.354297 0.213115 0.186719 0.00276756
67 0.64637 0.232422 0.030445 0.0222656 0.00259018
1 0.663934 0.439063 0.154567 0.0828125 0.00255013
1 0.665691 0.421875 0.15808 0.08125 0.00248146
1 0.722482 0.43125 0.263466 0.130469 0.00222588
0 0.528249 0.368164 0.353337 0.297266 0.00215721
0 0.525176 0.357227 0.327869 0.205859 0.00214005
67 0.649883 0.253516 0.0491803 0.04375 0.00208282
67 0.662178 0.24375 0.0433255 0.0585938 0.00205803
1 0.612412 0.435547 0.211944 0.0671875 0.00202751
0 0.523419 0.281055 0.354801 0.292578 0.00176811
1 0.701405 0.51709 0.311475 0.30332 0.00169373
0 0.728923 0.682422 0.086651 0.122656 0.00167465
0 0.385246 0.357031 0.672131 0.275 0.00159168
0 0.474239 0.458594 0.518735 0.167969 0.00155449
0 0.538642 0.446484 0.375878 0.129688 0.00154305
1 0.721311 0.459766 0.271663 0.190625 0.00154305
1 0.607728 0.45 0.210773 0.0765625 0.00146675
60 0.469409 0.637598 0.85041 0.538867 0.00133038
0 0.472043 0.362305 0.430621 0.222266 0.00130463
1 0.631148 0.434375 0.449649 0.128125 0.00129414
1 0.655738 0.457031 0.238876 0.065625 0.00126934
0 0.476581 0.31543 0.384075 0.250391 0.00123501
67 0.656909 0.229492 0.028103 0.0304688 0.00119209
0 0.450673 0.249561 0.309426 0.266504 0.00112057
67 0.661592 0.254492 0.0421546 0.0378906 0.0011158
1 0.64637 0.451172 0.248244 0.0929688 0.00109005
0 0.642272 0.208936 0.113583 0.124316 0.00104427
1 0.629391 0.487402 0.464871 0.233008 0.00104046
1 0.656909 0.446484 0.133489 0.0585938 0.00102425
0 0.51976 0.45 0.54596 0.648438 0.962891
3 0.473068 0.63916 0.871194 0.537305 0.900391
0 0.467359 0.292188 0.456382 0.348438 0.128052
0 0.611827 0.559766 0.312646 0.355469 0.0493164
0 0.561915 0.537109 0.407787 0.320312 0.0352173
0 0.58548 0.291602 0.224824 0.299609 0.0109482
0 0.366218 0.291016 0.656323 0.334375 0.00674438
0 0.373536 0.433496 0.65808 0.62832 0.005867
0 0.436768 0.35 0.392272 0.21875 0.00407028
0 0.694379 0.560547 0.259953 0.4 0.00324821
0 0.653981 0.53584 0.377049 0.33457 0.00307465
0 0.547424 0.467187 0.43911 0.182812 0.00302696
0 0.413349 0.299658 0.337237 0.27334 0.00258064
67 0.645199 0.261328 0.0398126 0.0296875 0.00244331
0 0.578454 0.354492 0.213115 0.186328 0.0024147
67 0.648126 0.241797 0.0339578 0.0472656 0.00234222
1 0.652225 0.441406 0.154567 0.0804688 0.00218201
0 0.524005 0.358203 0.330211 0.20625 0.00215721
1 0.665105 0.422266 0.156909 0.08125 0.0020752
0 0.528103 0.36875 0.351288 0.29375 0.00187492
1 0.611241 0.435547 0.213115 0.0671875 0.00185299
0 0.386124 0.348242 0.679742 0.280078 0.00185299
67 0.64637 0.232422 0.030445 0.021875 0.0018034
67 0.649883 0.254297 0.0491803 0.0421875 0.00150681
1 0.700234 0.454688 0.318501 0.178125 0.00144386
1 0.722482 0.431152 0.264637 0.129883 0.00143242
1 0.697307 0.523047 0.319672 0.315625 0.00136662
0 0.729508 0.685156 0.0819672 0.117188 0.00133514
1 0.607143 0.449219 0.209602 0.078125 0.00132465
0 0.521224 0.281641 0.360363 0.29375 0.00130463
60 0.46897 0.637598 0.85363 0.538867 0.00127888
67 0.662763 0.243555 0.0444965 0.0585938 0.00127411
0 0.538056 0.446094 0.373536 0.123438 0.0012207
0 0.47014 0.459375 0.523419 0.165625 0.00119686
0 0.462676 0.548438 0.390808 0.320312 0.00112057
1 0.654567 0.457031 0.241218 0.0640625 0.00105667
0 0.470726 0.317773 0.396955 0.248047 0.00101662
0 0.519321 0.449609 0.545667 0.649219 0.960938
3 0.474239 0.639453 0.875878 0.538281 0.916016
0 0.466628 0.293799 0.457845 0.351465 0.12085
0 0.614754 0.560156 0.309133 0.35625 0.044342
0 0.561475 0.5375 0.411007 0.320312 0.0326538
0 0.586066 0.291797 0.223653 0.299219 0.008255
0 0.362705 0.291797 0.668033 0.3375 0.00703812
0 0.373244 0.422656 0.66452 0.60625 0.00557709
0 0.437354 0.350977 0.394614 0.218359 0.00362206
0 0.69555 0.559766 0.257611 0.402344 0.00342941
0 0.413349 0.300195 0.337237 0.279297 0.0026207
0 0.545082 0.46875 0.442623 0.184375 0.00234222
1 0.65281 0.441797 0.153396 0.0804688 0.00200272
0 0.52459 0.359961 0.330211 0.210547 0.00196457
0 0.579625 0.354297 0.210773 0.1875 0.00194168
0 0.385831 0.341992 0.68267 0.282422 0.00193405
1 0.665691 0.422656 0.15808 0.08125 0.00192642
67 0.644614 0.261719 0.0398126 0.0289063 0.00168705
1 0.610656 0.435937 0.213115 0.0671875 0.00168133
0 0.529274 0.368359 0.350117 0.296094 0.00162888
67 0.648126 0.241602 0.0339578 0.0464844 0.00160408
60 0.46897 0.637598 0.855972 0.538867 0.00149536
1 0.699063 0.453027 0.320843 0.173633 0.00147247
1 0.722482 0.431641 0.264637 0.130469 0.00146103
1 0.696721 0.522754 0.320843 0.31543 0.00144958
67 0.64637 0.232422 0.030445 0.021875 0.00127888
1 0.607143 0.448438 0.209602 0.0796875 0.00121593
0 0.546253 0.455078 0.394614 0.142969 0.00114727
0 0.729508 0.685156 0.0819672 0.117188 0.00111198
0 0.462529 0.549219 0.393443 0.321875 0.00107288
67 0.649883 0.253906 0.0491803 0.0421875 0.00100803
0 0.520053 0.449609 0.547717 0.649219 0.958984
3 0.47541 0.63916 0.87822 0.538867 0.927734
0 0.466188 0.294141 0.458724 0.352344 0.107422
0 0.613583 0.561719 0.311475 0.359375 0.0430298
0 0.559719 0.538672 0.41452 0.320312 0.0268097
0 0.362119 0.291992 0.673888 0.339453 0.00790405
0 0.586651 0.291455 0.222482 0.299121 0.00600433
0 0.374707 0.403906 0.672131 0.569531 0.00575256
0 0.438525 0.351367 0.396955 0.217578 0.00342941
0 0.694379 0.557813 0.262295 0.40625 0.00329781
0 0.389783 0.337695 0.693501 0.287109 0.00220871
0 0.413349 0.300977 0.337237 0.276172 0.00214005
0 0.542155 0.471094 0.447307 0.184375 0.00195694
0 0.523273 0.35918 0.332845 0.208984 0.00194168
0 0.56089 0.354102 0.241218 0.191797 0.00176144
60 0.46897 0.637109 0.857143 0.538281 0.00159168
1 0.652225 0.442188 0.154567 0.08125 0.00154305
0 0.52942 0.36875 0.350995 0.296875 0.00153065
1 0.666276 0.422656 0.159251 0.08125 0.00146103
1 0.696721 0.524219 0.323185 0.31875 0.00133038
67 0.645199 0.261523 0.0398126 0.0292969 0.00126934
1 0.609485 0.435937 0.215457 0.0671875 0.00126934
67 0.647541 0.241406 0.0351288 0.046875 0.00124931
1 0.699063 0.45459 0.323185 0.17832 0.00122547
1 0.723653 0.431348 0.264637 0.131055 0.00118351
0 0.462529 0.549219 0.394614 0.323438 0.0011034
0 0.520053 0.449902 0.547717 0.650195 0.955078
3 0.475556 0.639453 0.880269 0.538281 0.937988
0 0.466188 0.294531 0.458724 0.353125 0.11615
0 0.612412 0.5625 0.314988 0.360938 0.044281
0 0.559719 0.540625 0.434426 0.320312 0.0298157
0 0.361827 0.292188 0.673302 0.340625 0.00828552
0 0.375585 0.390234 0.673888 0.542969 0.00536346
0 0.587822 0.291406 0.221311 0.298438 0.00380898
0 0.696136 0.55625 0.261124 0.409375 0.00333786
0 0.440427 0.352148 0.400176 0.216797 0.00288963
0 0.522248 0.35957 0.334895 0.208984 0.00179577
0 0.413934 0.302148 0.337237 0.274609 0.00178909
0 0.542301 0.471875 0.447014 0.182812 0.00178909
60 0.468384 0.637109 0.857143 0.538281 0.00174809
0 0.557377 0.354102 0.248244 0.192578 0.00150108
1 0.652225 0.442188 0.154567 0.08125 0.00128937
0 0.529274 0.369727 0.351288 0.294922 0.00126934
1 0.69555 0.526172 0.327869 0.323438 0.00124931
1 0.666276 0.422656 0.159251 0.08125 0.00117874
0 0.468238 0.549219 0.405445 0.325 0.00112438
1 0.608314 0.436719 0.217799 0.0695313 0.00107288
1 0.697307 0.455566 0.32904 0.181055 0.00103664
0 0.520492 0.44834 0.546838 0.650195 0.955078
3 0.475556 0.639746 0.880269 0.537695 0.939453
0 0.466042 0.294922 0.459016 0.353906 0.110657
0 0.611241 0.563672 0.31733 0.363281 0.0406799
0 0.558548 0.542188 0.435597 0.322656 0.0292053
0 0.362412 0.292578 0.673302 0.341406 0.00874329
0 0.377049 0.383984 0.674473 0.529688 0.00519943
0 0.697892 0.553906 0.259953 0.415625 0.00344276
0 0.588407 0.291406 0.221311 0.298438 0.00341606
0 0.440135 0.35293 0.400761 0.217578 0.00242424
60 0.467799 0.637109 0.855972 0.538281 0.00192642
0 0.522248 0.358984 0.336066 0.209375 0.00168133
0 0.41452 0.30293 0.338407 0.274609 0.0016489
0 0.540837 0.474219 0.449941 0.1875 0.00159168
0 0.557962 0.353711 0.250585 0.194141 0.00142097
1 0.696721 0.526172 0.325527 0.323438 0.00119686
1 0.662763 0.439063 0.154567 0.084375 0.00117397
0 0.472922 0.55 0.410129 0.328125 0.00109863
0 0.529274 0.369531 0.354801 0.296094 0.00109005
1 0.666276 0.422656 0.159251 0.0828125 0.00107288
0 0.519321 0.447656 0.544496 0.649219 0.954102
3 0.47541 0.640234 0.880562 0.536719 0.939941
0 0.466628 0.294971 0.457845 0.353809 0.131836
0 0.61007 0.564453 0.320843 0.365625 0.0393372
0 0.557962 0.542969 0.436768 0.323438 0.0344238
0 0.362412 0.292969 0.673302 0.342969 0.0107346
0 0.377049 0.378223 0.674473 0.518555 0.00568771
0 0.699063 0.575781 0.276347 0.392969 0.00337601
0 0.588407 0.291211 0.221311 0.298828 0.00304031
0 0.406909 0.345703 0.326698 0.225 0.00277901
0 0.404567 0.471484 0.689696 0.702344 0.00222588
0 0.416276 0.304248 0.34192 0.27666 0.0019722
60 0.467799 0.637402 0.85363 0.537695 0.00183105
0 0.520053 0.358984 0.341628 0.207031 0.00169373
0 0.540398 0.476562 0.451991 0.189063 0.00164223
0 0.445989 0.357031 0.43589 0.207813 0.00141048
0 0.581382 0.353516 0.211944 0.189844 0.00121593
0 0.478337 0.55 0.421546 0.329688 0.0011692
1 0.69555 0.526953 0.325527 0.325781 0.00101185
0 0.51976 0.445996 0.541276 0.64707 0.958008
3 0.47541 0.640625 0.87822 0.535937 0.941895
0 0.467067 0.295508 0.456967 0.355078 0.119812
0 0.609485 0.564063 0.319672 0.365625 0.0369873
0 0.556206 0.542578 0.43911 0.325 0.0366211
0 0.362998 0.293164 0.674473 0.344922 0.0113297
0 0.378513 0.375684 0.678571 0.514258 0.0055542
0 0.697892 0.55 0.264637 0.421875 0.00331116
0 0.40647 0.345703 0.325234 0.227344 0.00316048
0 0.588993 0.291211 0.220141 0.297266 0.00251198
0 0.405152 0.470313 0.694379 0.7 0.00210762
0 0.417447 0.30542 0.343091 0.27666 0.00199509
60 0.468384 0.637109 0.852459 0.538281 0.00181007
0 0.518735 0.358984 0.344262 0.207031 0.00172043
0 0.447453 0.357422 0.439988 0.208594 0.00154877
0 0.536885 0.48125 0.461358 0.201563 0.00148392
0 0.477752 0.55 0.413349 0.329688 0.00120163
0 0.581967 0.354102 0.213115 0.188672 0.00115585
0 0.518882 0.444531 0.540691 0.645312 0.958984
3 0.474824 0.641016 0.877049 0.533594 0.940918
0 0.46853 0.295898 0.456382 0.355859 0.124878
0 0.554889 0.541406 0.442916 0.323438 0.0362854
0 0.611241 0.563672 0.316159 0.364844 0.0304413
0 0.363583 0.292969 0.673302 0.345313 0.0109024
0 0.381148 0.368945 0.681499 0.501172 0.00471878
0 0.405738 0.345898 0.323185 0.226953 0.00372124
0 0.696721 0.549121 0.264637 0.42207 0.00317192
0 0.588993 0.291211 0.220141 0.296484 0.00299263
0 0.398126 0.338672 0.711944 0.303125 0.00259018
0 0.418033 0.308789 0.344262 0.270703 0.00206757
60 0.46897 0.637109 0.851288 0.538281 0.00190449
0 0.516247 0.359961 0.349239 0.208203 0.0018177
0 0.409836 0.465234 0.700234 0.688281 0.00173378
0 0.448478 0.358398 0.440281 0.208203 0.00167465
0 0.532641 0.48125 0.473361 0.201563 0.00141621
0 0.469701 0.548438 0.39315 0.328125 0.00135612
0 0.581967 0.355078 0.211944 0.186719 0.00122547
0 0.52459 0.370703 0.368852 0.292188 0.00101662
0 0.518735 0.443066 0.539813 0.645117 0.958008
3 0.474239 0.641309 0.874707 0.533008 0.93457
0 0.468238 0.295508 0.456967 0.355859 0.136597
0 0.553864 0.540625 0.444965 0.322656 0.0428162
0 0.608899 0.563281 0.318501 0.364063 0.026413
0 0.365632 0.292383 0.675059 0.345703 0.0110321
0 0.383782 0.357617 0.686768 0.480078 0.00468063
0 0.405738 0.346094 0.323185 0.224219 0.00362206
0 0.698478 0.548438 0.261124 0.422656 0.00274658
0 0.400615 0.339063 0.716335 0.301563 0.00269318
0 0.588407 0.291406 0.221311 0.295312 0.00223351
0 0.530591 0.489063 0.482143 0.21875 0.00163555
0 0.513466 0.359766 0.354801 0.204688 0.0015974
0 0.413349 0.463672 0.710773 0.685156 0.00153637
60 0.468238 0.6375 0.85041 0.539062 0.00150108
0 0.416276 0.276758 0.336066 0.292578 0.00133514
0 0.471897 0.548438 0.409836 0.325 0.00133038
0 0.581967 0.35625 0.213115 0.183594 0.00110722
0 0.526347 0.439746 0.553864 0.642383 0.958008
3 0.474239 0.641797 0.874707 0.533594 0.92627
0 0.46897 0.295508 0.459016 0.355859 0.112
0 0.551522 0.540625 0.45082 0.321875 0.043457
0 0.607143 0.5625 0.323185 0.3625 0.02211
0 0.367389 0.292236 0.6774 0.346777 0.0132217
0 0.387002 0.360156 0.693208 0.4875 0.00547028
0 0.404567 0.346094 0.322014 0.221875 0.00332451
0 0.694379 0.573438 0.285714 0.390625 0.00257111
0 0.528249 0.490625 0.491511 0.221875 0.00175476
0 0.413203 0.464746 0.714578 0.689258 0.00174141
0 0.588993 0.291748 0.220141 0.293066 0.00154305
0 0.466628 0.547656 0.405152 0.326562 0.00144386
60 0.468384 0.637891 0.851288 0.539844 0.00139427
0 0.510539 0.35957 0.361827 0.202734 0.00130939
0 0.415837 0.277148 0.336944 0.291797 0.00101662
0 0.526347 0.438672 0.555035 0.642188 0.958496
3 0.474239 0.641797 0.874707 0.533594 0.92041
0 0.46897 0.295117 0.460187 0.355078 0.12146
0 0.550205 0.539844 0.454625 0.321875 0.0458679
0 0.606557 0.561719 0.325527 0.3625 0.0190125
0 0.36856 0.292188 0.6774 0.346875 0.0162811
0 0.405152 0.345313 0.323185 0.220313 0.00341606
0 0.693208 0.572266 0.289227 0.389844 0.00255013
0 0.52459 0.493359 0.501171 0.230469 0.00206757
0 0.416276 0.462891 0.723653 0.686719 0.00181007
0 0.467359 0.546875 0.411885 0.325 0.00143814
0 0.506879 0.358984 0.367974 0.200781 0.00136185
60 0.46853 0.6375 0.852166 0.540625 0.00130939
0 0.589578 0.291748 0.220141 0.291504 0.00126457
0 0.526932 0.438281 0.557377 0.64375 0.961426
3 0.474239 0.641797 0.873536 0.533594 0.911621
0 0.46897 0.295508 0.462529 0.355859 0.0883179
0 0.54918 0.539453 0.456674 0.321875 0.0419312
0 0.371194 0.292188 0.680328 0.347656 0.0185394
0 0.605972 0.560938 0.326698 0.360938 0.0157166
0 0.39154 0.360352 0.701698 0.488672 0.0068779
0 0.405152 0.344922 0.323185 0.220313 0.00355148
0 0.693208 0.571875 0.290398 0.389062 0.00274658
0 0.523273 0.496094 0.506148 0.239063 0.00199509
0 0.416276 0.462109 0.724824 0.686719 0.00188923
0 0.455503 0.542969 0.529274 0.31875 0.00168705
0 0.505269 0.359375 0.373536 0.200781 0.00134087
0 0.590164 0.291797 0.220141 0.289844 0.00109005
0 0.527957 0.438184 0.560012 0.643945 0.962402
3 0.473653 0.641504 0.872365 0.53418 0.903809
0 0.469409 0.295117 0.463993 0.355078 0.0810547
0 0.547424 0.539453 0.460187 0.322656 0.0397949
0 0.371194 0.291455 0.680328 0.347559 0.0235596
0 0.593677 0.555469 0.35363 0.382812 0.0137405
0 0.391686 0.362305 0.702576 0.492578 0.00898743
0 0.405299 0.343945 0.322892 0.220703 0.00340271
0 0.693208 0.571484 0.290398 0.389844 0.00287819
0 0.415105 0.4625 0.724824 0.6875 0.00243378
0 0.521077 0.495313 0.51171 0.239063 0.00198746
0 0.452137 0.541797 0.526639 0.319531 0.00168133
0 0.453747 0.357422 0.453162 0.20625 0.00136662
0 0.527518 0.354688 0.320843 0.189844 0.00104809
0 0.590164 0.291602 0.220141 0.290234 0.00101185
0 0.528103 0.438672 0.563232 0.646094 0.963867
3 0.473653 0.641406 0.872365 0.534375 0.898438
0 0.46897 0.295361 0.464871 0.356152 0.0773926
0 0.546838 0.539062 0.461358 0.323438 0.0386963
0 0.371487 0.291406 0.679742 0.346875 0.0237274
0 0.604801 0.560156 0.32904 0.360938 0.0125275
0 0.392125 0.364453 0.702869 0.496094 0.00874329
0 0.404128 0.34375 0.32055 0.221875 0.00325966
0 0.692037 0.571484 0.293911 0.389844 0.00265312
0 0.414666 0.460156 0.725703 0.682813 0.00229645
0 0.521224 0.489844 0.510246 0.229687 0.00213242
0 0.436768 0.540625 0.498829 0.31875 0.00190449
0 0.452137 0.357422 0.451698 0.207813 0.00136662
0 0.531762 0.354883 0.311183 0.190234 0.00104809
0 0.591335 0.291992 0.220141 0.290234 0.00101662
0 0.528688 0.439453 0.565574 0.647656 0.962402
3 0.472482 0.641406 0.870023 0.535937 0.893066
0 0.468384 0.295117 0.464871 0.355859 0.0823975
0 0.546985 0.539844 0.463407 0.325 0.0348206
0 0.37178 0.291602 0.680328 0.347266 0.0273743
0 0.604215 0.560156 0.332553 0.3625 0.0136337
0 0.390954 0.36875 0.700527 0.504687 0.0103683
0 0.404567 0.343359 0.322014 0.222656 0.00305176
0 0.412763 0.461621 0.722482 0.686133 0.00277901
0 0.692623 0.571875 0.29274 0.390625 0.00237846
0 0.518735 0.491797 0.515222 0.233594 0.00206757
0 0.44555 0.541797 0.518735 0.322656 0.00170708
0 0.420228 0.30957 0.349239 0.262109 0.00149536
0 0.452576 0.357422 0.453162 0.208594 0.00139904
0 0.532201 0.354688 0.310304 0.191406 0.00112057
0 0.590749 0.292236 0.220141 0.290527 0.00104809
0 0.528688 0.440527 0.563232 0.64707 0.960938
3 0.472043 0.641016 0.870902 0.536719 0.895508
0 0.468384 0.294922 0.461358 0.355469 0.0864868
0 0.544496 0.537891 0.464871 0.324219 0.0350647
0 0.370902 0.291748 0.679742 0.346191 0.0255585
0 0.603044 0.560938 0.330211 0.361719 0.0177155
0 0.388173 0.392969 0.697892 0.553125 0.0100555
0 0.446721 0.353125 0.413349 0.220313 0.00274658
0 0.692623 0.54541 0.277518 0.429492 0.002388
0 0.51815 0.478223 0.509368 0.20918 0.00217438
0 0.419057 0.30332 0.346897 0.275391 0.00198746
0 0.635831 0.533203 0.433255 0.336719 0.00179577
0 0.590164 0.293018 0.220141 0.290527 0.00158501
0 0.510539 0.359766 0.362998 0.207813 0.00144386
0 0.445111 0.540625 0.526639 0.317969 0.00140476
60 0.466042 0.6375 0.854801 0.54375 0.00139904
0 0.54918 0.354883 0.274005 0.191016 0.00132465
1 0.665105 0.421484 0.161592 0.0835937 0.00128937
1 0.662763 0.436719 0.159251 0.0875 0.0012207
67 0.648712 0.260742 0.0480094 0.03125 0.00104427
0 0.547424 0.302686 0.615925 0.325098 0.00101185
0 0.519906 0.444922 0.545667 0.652344 0.95752
3 0.471897 0.641016 0.871194 0.538281 0.895508
0 0.46853 0.294873 0.458724 0.355566 0.0689087
0 0.543325 0.536719 0.466042 0.322656 0.0301514
0 0.369438 0.291992 0.679157 0.346484 0.0253754
0 0.602459 0.561719 0.331382 0.3625 0.0204926
0 0.387588 0.407422 0.697892 0.582031 0.0106125
0 0.446282 0.352539 0.411885 0.220703 0.00293541
0 0.402225 0.341016 0.314988 0.224219 0.00223351
0 0.688525 0.546973 0.283372 0.42793 0.00214005
0 0.589578 0.293359 0.221311 0.289844 0.00192642
0 0.416715 0.301367 0.342213 0.273828 0.00186062
0 0.51815 0.472656 0.503513 0.199219 0.00183868
1 0.665105 0.421094 0.161592 0.0835937 0.00182438
1 0.663349 0.435937 0.160422 0.0890625 0.00162888
0 0.516979 0.359766 0.350117 0.209375 0.00140476
0 0.56089 0.354688 0.245902 0.190625 0.00133514
67 0.647541 0.261133 0.0444965 0.0304688 0.00124454
0 0.635831 0.530859 0.435597 0.332031 0.00121117
60 0.464871 0.637109 0.857143 0.542969 0.00120163
1 0.770492 0.440234 0.201405 0.139063 0.00113392
0 0.443648 0.541406 0.529567 0.320312 0.00111198
1 0.730679 0.429297 0.252927 0.132031 0.00108147
67 0.645199 0.232422 0.0327869 0.0226563 0.00105667
0 0.517564 0.371484 0.396955 0.285156 0.00105286
1 0.604215 0.435156 0.229508 0.0671875 0.00101662
0 0.547863 0.304102 0.609192 0.324609 0.00101662
0 0.521224 0.445996 0.545375 0.651758 0.953125
3 0.472482 0.641016 0.873536 0.538281 0.891113
0 0.467799 0.294727 0.455503 0.355859 0.0662231
0 0.542155 0.535937 0.468384 0.320312 0.025177
0 0.368267 0.291406 0.679157 0.345313 0.0248871
0 0.603044 0.5625 0.32904 0.364063 0.0207977
0 0.386124 0.409277 0.697307 0.58457 0.0103302
0 0.446136 0.351562 0.412178 0.221875 0.00335121
0 0.589578 0.29375 0.221311 0.290625 0.00271416
1 0.665105 0.421094 0.161592 0.084375 0.0026722
1 0.653396 0.440625 0.163934 0.08125 0.00202751
0 0.401054 0.339844 0.312646 0.224219 0.00197983
0 0.415691 0.300586 0.339578 0.273828 0.00186062
0 0.685012 0.548828 0.289227 0.425781 0.00182438
0 0.515808 0.469922 0.504684 0.195312 0.00163555
1 0.730679 0.429297 0.255269 0.132031 0.00161076
67 0.645199 0.261719 0.0398126 0.0292969 0.00142097
67 0.645784 0.232422 0.0316159 0.0226563 0.00140476
1 0.771077 0.440234 0.203747 0.139063 0.00139427
0 0.522834 0.359766 0.337237 0.211719 0.00139427
0 0.566159 0.354492 0.229508 0.190234 0.00138283
1 0.605386 0.434375 0.229508 0.0664062 0.00130939
1 0.593677 0.433691 0.538642 0.129492 0.00116539
0 0.521077 0.370313 0.394614 0.289062 0.0011425
60 0.463115 0.636719 0.860656 0.54375 0.00107765
67 0.648712 0.240625 0.0351288 0.046875 0.00100803
0 0.521224 0.446875 0.545375 0.652344 0.948242
3 0.472922 0.640723 0.873829 0.538867 0.884766
0 0.447307 0.289258 0.482436 0.344922 0.057373
0 0.540837 0.535059 0.468677 0.320508 0.0185394
0 0.605386 0.563281 0.324356 0.365625 0.0180511
0 0.359778 0.299414 0.641101 0.325391 0.0120544
0 0.38671 0.410547 0.698478 0.5875 0.0119629
0 0.446282 0.351172 0.411885 0.221875 0.00323486
1 0.665691 0.420312 0.161592 0.084375 0.00301552
0 0.589578 0.29375 0.221311 0.290625 0.00294685
1 0.663934 0.435156 0.161592 0.090625 0.002388
60 0 0.902344 0 0.195312 0.00219154
1 0.730679 0.429004 0.255269 0.132617 0.00192642
67 0.64637 0.232422 0.030445 0.0226563 0.0018177
0 0.400322 0.338867 0.309426 0.223047 0.00165462
0 0.413934 0.275439 0.332553 0.295215 0.0016489
1 0.771663 0.439746 0.203747 0.139258 0.00163555
0 0.681499 0.55 0.295082 0.424219 0.00157928
0 0.511856 0.316406 0.521955 0.335938 0.0014267
67 0.643443 0.2625 0.0362998 0.028125 0.00138283
1 0.606557 0.434375 0.227166 0.065625 0.00134087
0 0.570258 0.354102 0.210773 0.189453 0.00134087
0 0.529274 0.35957 0.323185 0.212891 0.00129414
0 0.513027 0.469141 0.505562 0.196094 0.00126457
0 0.524737 0.369336 0.390808 0.296484 0.00122547
1 0.599678 0.433496 0.524297 0.12832 0.0012064
60 0.462529 0.636035 0.862998 0.543555 0.00112438
1 0.715457 0.470703 0.290398 0.216406 0.00103188
67 0.648712 0.239063 0.0327869 0.04375 0.00102043
0 0.522395 0.447754 0.545375 0.65293 0.944336
3 0.473653 0.641016 0.874707 0.539844 0.877441
0 0.443208 0.288867 0.484778 0.344141 0.0531921
0 0.608899 0.563672 0.31733 0.366406 0.0164642
0 0.539959 0.534766 0.470433 0.321094 0.0141754
0 0.387881 0.415234 0.701991 0.597656 0.0129242
0 0.38144 0.317627 0.679742 0.333496 0.00553513
1 0.665691 0.420312 0.161592 0.084375 0.0036068
60 0 0.904688 0 0.190625 0.00352478
0 0.589578 0.294189 0.221311 0.291309 0.00314713
0 0.447453 0.350781 0.414227 0.221875 0.00307465
1 0.663934 0.435156 0.161592 0.090625 0.00274658
1 0.730679 0.429004 0.255269 0.132617 0.00226021
67 0.64637 0.232617 0.0316159 0.0230469 0.00200272
1 0.772248 0.439844 0.203747 0.139844 0.00186729
0 0.414374 0.275049 0.332845 0.295215 0.00154877
0 0.399151 0.338086 0.307084 0.222266 0.00154877
0 0.511856 0.316992 0.521955 0.337891 0.00154877
1 0.605972 0.434375 0.228337 0.0664062 0.0014782
0 0.679157 0.550781 0.299766 0.424219 0.00136662
1 0.605386 0.433594 0.509368 0.128125 0.00134563
67 0.641686 0.262891 0.0327869 0.0273438 0.00131989
0 0.570258 0.354102 0.206089 0.189453 0.00125504
0 0.525907 0.368555 0.390808 0.301172 0.00125504
0 0.533372 0.359961 0.314988 0.216016 0.00118828
60 0.462529 0.636328 0.864169 0.544531 0.00116062
1 0.716628 0.467871 0.288056 0.211133 0.00111198
60 0 0.861328 0 0.277344 0.00106525
0 0.510392 0.467969 0.508489 0.196875 0.00104427
0 0.522248 0.448828 0.544496 0.653906 0.938477
3 0.474092 0.641016 0.876171 0.539844 0.869629
0 0.440281 0.288867 0.48829 0.344141 0.0517578
0 0.611241 0.564453 0.312646 0.367188 0.0157776
0 0.390369 0.418066 0.706382 0.60293 0.0142822
0 0.539813 0.535254 0.470726 0.32168 0.0107803
0 0.38144 0.316064 0.679742 0.33584 0.00602722
1 0.666276 0.420312 0.161592 0.084375 0.00391388
0 0.590164 0.294141 0.220141 0.291406 0.00329781
1 0.663934 0.435156 0.160422 0.090625 0.00293541
0 0.447453 0.350781 0.414227 0.222656 0.00284576
60 0 0.904688 0 0.190625 0.00279045
1 0.730679 0.429004 0.252927 0.132617 0.00253105
1 0.772834 0.439844 0.203747 0.139844 0.00210762
67 0.64637 0.232617 0.0316159 0.0230469 0.0020752
0 0.512295 0.317188 0.521077 0.338281 0.00175476
1 0.608899 0.433984 0.222482 0.065625 0.00149536
0 0.398273 0.337695 0.306499 0.221484 0.00144958
0 0.414374 0.275 0.332845 0.295312 0.00143814
2 0.922717 0.726953 0.154567 0.178906 0.00135612
1 0.614169 0.433594 0.487119 0.127344 0.00131989
0 0.526786 0.367578 0.389051 0.303906 0.00130463
0 0.677986 0.551562 0.302108 0.423438 0.00126934
0 0.570258 0.353711 0.203747 0.189453 0.00123024
60 0.461944 0.636328 0.867681 0.546094 0.00122547
67 0.641101 0.263672 0.030445 0.0257812 0.00120163
0 0.5363 0.359375 0.309133 0.215625 0.00116062
1 0.71897 0.464844 0.283372 0.204688 0.0011034
60 0 0.860547 0 0.278906 0.00108147
60 1 0.880469 0 0.239063 0.00100803
0 0.522248 0.449219 0.544496 0.654688 0.93457
3 0.474239 0.641016 0.875878 0.539844 0.865234
0 0.436768 0.288477 0.494145 0.343359 0.0507202
0 0.391686 0.418359 0.708431 0.603906 0.0152512
0 0.640515 0.561719 0.262295 0.367188 0.0149536
0 0.539227 0.534766 0.470726 0.321094 0.00919342
0 0.382318 0.314844 0.680328 0.335156 0.0064888
0 0.575527 0.561719 0.366511 0.359375 0.00538635
1 0.666276 0.420312 0.160422 0.084375 0.00372124
0 0.590164 0.294336 0.220141 0.291797 0.00323486
1 0.663934 0.435156 0.160422 0.090625 0.00281143
0 0.447453 0.350781 0.414227 0.221875 0.00274658
1 0.731265 0.428906 0.252927 0.132031 0.00257111
1 0.772834 0.439941 0.203747 0.14043 0.00228691
67 0.64637 0.232617 0.0316159 0.0230469 0.00223351
60 0 0.903125 0 0.19375 0.00198746
0 0.512295 0.317188 0.521077 0.338281 0.00191212
2 0.922717 0.726562 0.154567 0.178125 0.00181007
1 0.61007 0.434375 0.220141 0.065625 0.00143814
0 0.398126 0.337305 0.305621 0.218359 0.00140476
0 0.414374 0.275 0.332845 0.294531 0.00135612
0 0.527078 0.367383 0.388466 0.304297 0.00134563
1 0.618852 0.433496 0.47541 0.126758 0.00124454
0 0.677986 0.551953 0.302108 0.422656 0.00122547
0 0.570258 0.354102 0.201405 0.188672 0.0012207
7 0.920375 0.727344 0.156909 0.182812 0.0011692
60 0.461944 0.636328 0.867681 0.546094 0.0011692
0 0.537471 0.358594 0.306792 0.2125 0.00115585
67 0.640515 0.264062 0.028103 0.025 0.00112057
60 1 0.876563 0 0.246875 0.00106907
1 0.71897 0.46416 0.28103 0.20293 0.00105667
0 0.522102 0.449316 0.543618 0.654492 0.93457
3 0.474239 0.641016 0.875878 0.539844 0.863281
0 0.445111 0.288281 0.475117 0.342969 0.0537109
0 0.370609 0.29082 0.68267 0.346484 0.0300446
0 0.640515 0.562109 0.259953 0.367969 0.0153046
0 0.392857 0.42041 0.710773 0.60918 0.0143356
0 0.539227 0.535254 0.469555 0.32168 0.00793457
0 0.576698 0.561719 0.364169 0.359375 0.00481033
0 0.590164 0.294092 0.220141 0.291504 0.00353813
1 0.666276 0.420312 0.160422 0.084375 0.00332451
0 0.44716 0.350781 0.412471 0.222656 0.00271416
1 0.663934 0.435156 0.159251 0.090625 0.00256157
1 0.73185 0.429004 0.252927 0.132617 0.00243378
1 0.772834 0.439941 0.203747 0.14043 0.00223351
67 0.64637 0.232617 0.0327869 0.0230469 0.00219154
2 0.922717 0.725781 0.154567 0.178125 0.00219154
0 0.510539 0.316992 0.516393 0.337891 0.00211525
60 0 0.901563 0 0.196875 0.00181007
0 0.398126 0.337695 0.30445 0.219922 0.00145531
0 0.527078 0.366992 0.388466 0.305078 0.00137806
7 0.920375 0.726562 0.156909 0.18125 0.00136662
0 0.41452 0.274951 0.333724 0.294629 0.00134087
1 0.612412 0.433984 0.213115 0.0648438 0.00130463
0 0.679742 0.552441 0.297424 0.42168 0.00129414
0 0.569672 0.353906 0.203747 0.189063 0.00126934
60 0.461358 0.636328 0.868852 0.546094 0.00119686
0 0.538056 0.357422 0.30445 0.210156 0.00118828
60 1 0.903125 0 0.19375 0.00115585
1 0.622951 0.433984 0.462529 0.126563 0.00111198
67 0.63993 0.264258 0.028103 0.0246094 0.00106907
1 0.72014 0.463281 0.279859 0.201563 0.00103188
0 0.522102 0.449609 0.543618 0.653906 0.933594
3 0.473653 0.641016 0.874707 0.539844 0.858887
0 0.444379 0.288477 0.474239 0.343359 0.0544128
0 0.370902 0.29082 0.683255 0.346484 0.0332031
0 0.640515 0.5625 0.262295 0.36875 0.0167236
0 0.393443 0.424609 0.711944 0.616406 0.0160217
0 0.548595 0.535156 0.436768 0.325 0.00682449
0 0.590164 0.293945 0.220141 0.291797 0.00380898
1 0.666276 0.420312 0.159251 0.0851563 0.00325966
1 0.73185 0.429004 0.251756 0.132617 0.00271416
1 0.663934 0.435156 0.159251 0.090625 0.00260162
0 0.446136 0.350781 0.411007 0.222656 0.00254059
1 0.772834 0.439453 0.202576 0.139844 0.00233269
0 0.509368 0.317139 0.514051 0.337598 0.00223351
2 0.922717 0.725781 0.154567 0.178125 0.00220871
67 0.64637 0.232813 0.0327869 0.0234375 0.00209045
0 0.398126 0.338281 0.305621 0.221875 0.00147247
0 0.527518 0.366016 0.384075 0.307813 0.00147247
0 0.680913 0.552344 0.29274 0.421094 0.00147247
7 0.921546 0.726562 0.156909 0.18125 0.00144386
60 0 0.900781 0 0.198437 0.00139904
1 0.617681 0.433594 0.202576 0.0640625 0.00137806
0 0.570258 0.353906 0.201405 0.189063 0.00132465
0 0.41452 0.274609 0.334895 0.29375 0.00125504
0 0.539813 0.356445 0.299766 0.208984 0.00123978
60 0.461358 0.636035 0.868852 0.54668 0.00121593
60 1 0.903516 0 0.192969 0.00110722
1 0.636417 0.433984 0.435597 0.126563 0.00108147
1 0.721311 0.461816 0.278689 0.198242 0.00108147
0 0.467067 0.535254 0.492096 0.329492 0.00104809
67 0.639344 0.264453 0.028103 0.0242188 0.00100422
1 0.64637 0.441797 0.159251 0.0828125 0.00100422
0 0.521077 0.45 0.543325 0.653125 0.933594
3 0.473653 0.641016 0.873536 0.539844 0.861328
0 0.449063 0.288477 0.464871 0.343359 0.0566406
0 0.370023 0.29082 0.68267 0.346484 0.0319824
0 0.641686 0.561328 0.259953 0.366406 0.0178528
0 0.391686 0.425 0.709602 0.617188 0.0154266
0 0.549327 0.534766 0.435304 0.324219 0.00725937
0 0.589578 0.294092 0.221311 0.291504 0.0041008
1 0.666276 0.420312 0.159251 0.0859375 0.00337601
1 0.73185 0.429297 0.252927 0.132031 0.00300407
1 0.663934 0.435547 0.159251 0.0898438 0.00277901
0 0.444818 0.350781 0.407787 0.222656 0.00260162
0 0.53103 0.308203 0.558548 0.327344 0.0024929
1 0.772834 0.439453 0.201405 0.139844 0.00237846
67 0.64637 0.232813 0.0327869 0.0234375 0.00221634
2 0.922717 0.725781 0.154567 0.178125 0.00220871
0 0.397102 0.338867 0.304157 0.222266 0.0015974
0 0.681499 0.552734 0.290398 0.419531 0.00157356
1 0.618267 0.433984 0.201405 0.0648438 0.00153065
0 0.527957 0.366016 0.382026 0.30625 0.00152493
7 0.921546 0.726562 0.156909 0.18125 0.00143242
0 0.569087 0.353516 0.203747 0.189063 0.00141621
60 0 0.9 0 0.2 0.00134563
0 0.412178 0.297266 0.331382 0.263281 0.00130463
0 0.539813 0.35625 0.302108 0.208594 0.00129414
1 0.642857 0.433984 0.426229 0.126563 0.00124454
1 0.720726 0.4625 0.278689 0.2 0.00123024
0 0.444379 0.261914 0.293911 0.276172 0.00118828
0 0.46853 0.533691 0.491511 0.324805 0.00115108
60 0.461505 0.636719 0.86856 0.546875 0.00112915
60 1 0.903516 0 0.192969 0.00112915
0 0.730679 0.686719 0.0819672 0.1375 0.00108624
67 0.63993 0.264258 0.028103 0.0246094 0.00108147
1 0.607728 0.444922 0.229508 0.0859375 0.00104046
0 0.520492 0.445996 0.545667 0.651758 0.953125
3 0.472482 0.641016 0.873536 0.538281 0.891113
0 0.467799 0.294727 0.455503 0.355859 0.0671997
0 0.368267 0.291406 0.679157 0.345313 0.0256195
0 0.542155 0.535937 0.468384 0.320312 0.0255585
0 0.603044 0.5625 0.330211 0.364063 0.0207214
0 0.386417 0.408691 0.697892 0.58418 0.0106964
0 0.446136 0.351758 0.412178 0.221484 0.00335121
0 0.589578 0.29375 0.221311 0.290625 0.00264168
1 0.665105 0.421094 0.161592 0.084375 0.00257111
0 0.401054 0.340234 0.312646 0.224219 0.00197983
1 0.653396 0.440625 0.163934 0.08125 0.00195694
0 0.414374 0.275781 0.332845 0.296875 0.00186729
0 0.685012 0.548828 0.290398 0.425781 0.00182438
0 0.515808 0.470215 0.504684 0.195508 0.00166798
1 0.730679 0.429297 0.255269 0.132031 0.00156116
0 0.542155 0.305078 0.593677 0.324219 0.00146675
67 0.645784 0.232422 0.0316159 0.0226563 0.00141621
67 0.645199 0.261719 0.0398126 0.0296875 0.00141048
1 0.771077 0.440234 0.203747 0.139063 0.00139904
0 0.522248 0.359961 0.338407 0.211328 0.00138855
0 0.565574 0.354688 0.230679 0.189844 0.00136185
1 0.604801 0.434375 0.229508 0.0664062 0.00126934
0 0.521224 0.370703 0.395492 0.289062 0.00113773
1 0.593091 0.433691 0.540984 0.129492 0.00112438
60 0.463554 0.636719 0.859778 0.54375 0.00107288
67 0.648712 0.240625 0.0339578 0.046875 0.00100803
