21 0.56709 0.500878 0.436133 0.609485 0.91748
18 0.865625 0.376756 0.071875 0.0778688 0.0154266
18 0.867969 0.365925 0.06875 0.0550351 0.0110703
18 0.86875 0.358314 0.0625 0.0421546 0.00428009
18 0.630469 0.150725 0.0554687 0.0568648 0.00332451
14 0.669531 0.252927 0.034375 0.0603044 0.00327301
18 0.529297 0.212529 0.078125 0.0837236 0.0030632
11 0.567969 0.500585 0.4375 0.61007 0.00190449
18 0.874219 0.38993 0.0890625 0.106557 0.00181007
18 0.133594 0.491218 0.0517578 0.0807962 0.00165462
19 0.133594 0.491218 0.0517578 0.0807962 0.00136662
62 0.566406 0.500585 0.435937 0.604215 0.00123501
14 0.635547 0.150468 0.04375 0.0600117 0.00123024
21 0.567285 0.500585 0.437305 0.61007 0.932617
18 0.865625 0.376464 0.0703125 0.0772834 0.0230713
18 0.867969 0.366803 0.06875 0.0567916 0.0182648
18 0.86875 0.358314 0.0625 0.0421546 0.00616837
18 0.528906 0.211944 0.0789063 0.0854801 0.00496292
18 0.630469 0.150761 0.0546875 0.0567916 0.00434875
14 0.669531 0.252635 0.034375 0.0603044 0.0041008
18 0.138281 0.491218 0.0625 0.0813817 0.00265312
18 0.874219 0.391686 0.090625 0.111241 0.00253105
19 0.133984 0.491511 0.0523438 0.0813817 0.00221634
11 0.568359 0.501171 0.438281 0.611241 0.0020752
20 0.144043 0.48829 0.0755859 0.0807962 0.00161076
14 0.635547 0.150468 0.04375 0.059719 0.00156116
21 0.138281 0.491218 0.0625 0.0813817 0.0015192
19 0.144141 0.48829 0.075 0.0819672 0.00148964
19 0.865625 0.376464 0.0703125 0.0772834 0.00136185
62 0.567285 0.501171 0.437305 0.608899 0.00127411
20 0.133984 0.491511 0.0523438 0.0813817 0.00124454
18 0.199805 0.161556 0.05 0.0826259 0.00108147
21 0.530469 0.211651 0.0765625 0.0825527 0.00108147
21 0.568066 0.500878 0.438867 0.610656 0.944824
18 0.865625 0.376171 0.0703125 0.0766979 0.0282135
18 0.867969 0.366511 0.06875 0.0562061 0.0247955
18 0.86875 0.358021 0.0625 0.0415691 0.00800323
18 0.528906 0.211651 0.0796875 0.0854801 0.00638962
18 0.63125 0.150798 0.0546875 0.0567184 0.0055542
14 0.669531 0.252635 0.034375 0.0603044 0.00450516
18 0.139844 0.491218 0.065625 0.0813817 0.00395966
18 0.874219 0.391101 0.090625 0.109485 0.0030632
19 0.134277 0.491218 0.053125 0.0807962 0.00293541
20 0.144141 0.48829 0.0757812 0.0807962 0.00271416
11 0.56875 0.501171 0.439063 0.611241 0.00219154
19 0.144141 0.48829 0.0757812 0.0807962 0.00216484
21 0.139844 0.491218 0.065625 0.0813817 0.00202751
20 0.134277 0.491218 0.053125 0.0807962 0.00192642
14 0.635547 0.150432 0.04375 0.0592067 0.0018177
19 0.865625 0.376171 0.0703125 0.0766979 0.00144958
21 0.529688 0.211651 0.0765625 0.0825527 0.00138855
18 0.199951 0.161044 0.0500977 0.081894 0.00129414
62 0.567871 0.501464 0.437695 0.609485 0.0012064
18 0.883594 0.37822 0.08125 0.057377 0.00112438
14 0.867969 0.369731 0.06875 0.0626464 0.00109863
0 0.669531 0.252635 0.034375 0.0603044 0.00108624
18 0.403027 0.110217 0.195508 0.209602 0.00107288
32 0.139648 0.179157 0.0285156 0.0474239 0.00105667
18 0.824219 0.393443 0.171875 0.127635 0.00104046
21 0.568066 0.501171 0.438867 0.611241 0.959961
18 0.865625 0.375878 0.0703125 0.0755269 0.033844
18 0.867969 0.36534 0.06875 0.0538642 0.0327148
18 0.86875 0.357436 0.0625 0.0403981 0.0103302
18 0.528516 0.211358 0.0796875 0.0854801 0.0069046
18 0.632031 0.150615 0.0523438 0.0559133 0.0068512
14 0.669531 0.252635 0.034375 0.059719 0.00530243
18 0.138965 0.491218 0.0636719 0.0807962 0.00519943
18 0.875 0.390515 0.090625 0.108899 0.00385475
20 0.143945 0.48829 0.0753906 0.0807962 0.00363541
19 0.134082 0.491218 0.0525391 0.0807962 0.00331116
20 0.134082 0.491218 0.0525391 0.0807962 0.00260162
19 0.143945 0.48829 0.0753906 0.0807962 0.00247192
21 0.138965 0.491218 0.0636719 0.0807962 0.002388
14 0.635547 0.150468 0.04375 0.0591335 0.00232315
11 0.569141 0.501171 0.439844 0.612412 0.00228691
18 0.199609 0.160678 0.0496094 0.080284 0.00179577
21 0.529688 0.211505 0.0773438 0.0819672 0.00169373
19 0.865625 0.375878 0.0703125 0.0755269 0.00140476
18 0.884375 0.378513 0.08125 0.057377 0.00138855
0 0.669531 0.252635 0.034375 0.059719 0.00136185
32 0.139551 0.179011 0.0287109 0.0471311 0.00134087
62 0.567871 0.501756 0.437695 0.61007 0.00127411
18 0.403125 0.109924 0.195312 0.208724 0.00120163
14 0.86875 0.368852 0.06875 0.0603044 0.00118828
32 0.635938 0.149627 0.0421875 0.0584748 0.00116062
16 0.134082 0.491218 0.0525391 0.0807962 0.00109482
18 0.826563 0.393443 0.16875 0.127635 0.00106525
20 0.173242 0.490632 0.138672 0.0936768 0.00104809
18 0.907813 0.363583 0.028125 0.0257611 0.00102043
21 0.867188 0.378513 0.075 0.0837236 0.00101185
21 0.568359 0.501464 0.439844 0.610656 0.971191
18 0.86875 0.364754 0.06875 0.0515222 0.0303345
18 0.865625 0.375293 0.0703125 0.0749414 0.0296478
18 0.870313 0.382904 0.08125 0.0936768 0.0101318
18 0.86875 0.357143 0.0625 0.0392272 0.00974274
18 0.529688 0.211358 0.0765625 0.0813817 0.00740433
18 0.635156 0.149554 0.0453125 0.0586212 0.00723267
14 0.669531 0.252488 0.034375 0.0594262 0.00706482
18 0.138574 0.491511 0.0626953 0.0813817 0.00568771
20 0.14375 0.488583 0.075 0.0807962 0.00342941
14 0.635156 0.149627 0.0453125 0.0584748 0.00338936
19 0.133984 0.491218 0.0523438 0.0807962 0.00294685
19 0.14375 0.488583 0.075 0.0807962 0.00252151
21 0.529688 0.211358 0.0765625 0.0813817 0.00239754
11 0.568848 0.501756 0.44043 0.612412 0.00229645
20 0.133984 0.491218 0.0523438 0.0807962 0.00220871
21 0.138574 0.491511 0.0626953 0.0813817 0.00219154
18 0.199805 0.160714 0.0496094 0.079918 0.00188255
0 0.669531 0.252488 0.034375 0.0594262 0.00186062
16 0.133984 0.491218 0.0523438 0.0807962 0.00145531
14 0.867969 0.367681 0.0671875 0.0579625 0.00142097
32 0.139453 0.178864 0.0285156 0.0468384 0.00136662
32 0.635938 0.14959 0.0421875 0.0570843 0.00135136
14 0.529688 0.211358 0.0765625 0.0813817 0.00131989
14 0.133984 0.491218 0.0523438 0.0807962 0.00127411
62 0.567969 0.502049 0.439063 0.610656 0.00123978
19 0.865625 0.375293 0.0703125 0.0749414 0.00118828
18 0.885938 0.378806 0.078125 0.0562061 0.00112915
21 0.867188 0.37822 0.075 0.0831382 0.00112915
21 0.567578 0.501756 0.439844 0.608899 0.978027
18 0.86875 0.363583 0.06875 0.0497658 0.0269623
18 0.865625 0.375 0.0703125 0.074356 0.0248871
18 0.86875 0.357143 0.0625 0.0386417 0.00908661
14 0.669922 0.252342 0.034375 0.059719 0.00888062
18 0.635156 0.149151 0.0453125 0.0582553 0.00763702
18 0.533594 0.211066 0.0695313 0.0825527 0.0068779
14 0.635156 0.149261 0.0453125 0.0580357 0.00548935
18 0.137109 0.491803 0.0597656 0.0807962 0.00536346
21 0.530469 0.210041 0.0765625 0.0892857 0.00333786
20 0.143457 0.488876 0.0744141 0.0807962 0.00296974
19 0.133789 0.491218 0.0519531 0.0807962 0.00265312
0 0.669922 0.252342 0.034375 0.059719 0.00244331
19 0.143457 0.488876 0.0744141 0.0807962 0.00226021
18 0.2 0.160275 0.0492188 0.0805035 0.00224304
11 0.56875 0.501756 0.440625 0.61007 0.00210762
18 0.875 0.391686 0.090625 0.111241 0.00206757
20 0.133789 0.491218 0.0519531 0.0807962 0.00193405
14 0.529297 0.211358 0.0773438 0.0813817 0.00192642
21 0.137109 0.491803 0.0597656 0.0807962 0.00191212
14 0.86875 0.366803 0.065625 0.0562061 0.00176811
32 0.636328 0.149261 0.0421875 0.0568648 0.0017004
16 0.133789 0.491218 0.0519531 0.0807962 0.00154877
32 0.139453 0.178571 0.0283203 0.0462529 0.00153065
14 0.133789 0.491218 0.0519531 0.0807962 0.00145531
21 0.867188 0.377635 0.0734375 0.0819672 0.00131512
14 0.2 0.160275 0.0492188 0.0805035 0.00112915
14 0.865625 0.375 0.0703125 0.074356 0.0011158
21 0.567187 0.503513 0.439063 0.606557 0.984375
18 0.865625 0.375293 0.0703125 0.0737705 0.0153656
18 0.86875 0.362412 0.065625 0.0480094 0.0151901
14 0.669922 0.252342 0.034375 0.0591335 0.00703812
14 0.635156 0.149261 0.04375 0.0568648 0.006073
21 0.53125 0.210626 0.075 0.0875293 0.00538635
18 0.635938 0.149005 0.04375 0.0567916 0.00452042
18 0.534375 0.211505 0.0679687 0.0816745 0.00388527
18 0.135156 0.492389 0.0556641 0.0813817 0.00322342
18 0.870313 0.383782 0.0796875 0.0942623 0.00316048
0 0.669922 0.252342 0.034375 0.0591335 0.00230598
14 0.529688 0.211651 0.0765625 0.0813817 0.00219917
11 0.567871 0.503513 0.439258 0.603044 0.00204277
18 0.2 0.160092 0.0492188 0.0796985 0.00190449
32 0.636719 0.149297 0.0421875 0.0556206 0.00167465
20 0.142773 0.489461 0.0722656 0.0819672 0.0016613
14 0.86875 0.366218 0.065625 0.0544496 0.00141048
21 0.540625 0.215457 0.0992187 0.0942623 0.00138283
19 0.133594 0.491803 0.0515625 0.0807962 0.00134563
0 0.199414 0.170521 0.0527344 0.105679 0.00133038
19 0.142773 0.489461 0.0722656 0.0819672 0.0012846
47 0.529688 0.211651 0.0765625 0.0813817 0.00127411
14 0.135156 0.492389 0.0556641 0.0813817 0.00125504
21 0.672656 0.349239 0.221875 0.241803 0.00120163
14 0.2 0.169204 0.05 0.0998244 0.00118351
32 0.139453 0.178864 0.028125 0.0462529 0.00111198
21 0.135156 0.492389 0.0556641 0.0813817 0.00104046
21 0.567578 0.503806 0.438281 0.605972 0.983887
18 0.86875 0.363583 0.0671875 0.0491803 0.0161591
18 0.865625 0.375878 0.0703125 0.0755269 0.0154877
21 0.53125 0.211212 0.075 0.0863583 0.00664139
14 0.635156 0.149737 0.0445313 0.0570843 0.00553513
14 0.669922 0.252342 0.034375 0.0591335 0.00530243
18 0.86875 0.357143 0.0625 0.0386417 0.00526047
18 0.635547 0.149334 0.0445313 0.0567184 0.00380898
18 0.534766 0.211944 0.0679687 0.0819672 0.0037365
18 0.134961 0.492974 0.0554687 0.0825527 0.00312424
18 0.870313 0.38466 0.08125 0.0948478 0.00288963
18 0.2 0.160275 0.0492188 0.0796253 0.00237846
14 0.529688 0.211944 0.0765625 0.0819672 0.00214005
11 0.568066 0.502927 0.438867 0.603044 0.00200272
0 0.199414 0.170631 0.0523438 0.106045 0.00199509
0 0.669922 0.252342 0.034375 0.0591335 0.00183105
32 0.636719 0.149444 0.0421875 0.0556206 0.0016489
21 0.673047 0.348653 0.221094 0.241803 0.00141621
14 0.2 0.16924 0.05 0.100044 0.00136662
47 0.529688 0.211944 0.0765625 0.0819672 0.00136185
20 0.142773 0.490047 0.0726563 0.0819672 0.00127888
14 0.86875 0.367096 0.065625 0.0562061 0.00124454
21 0.867188 0.377635 0.075 0.0807962 0.00104427
21 0.634375 0.150139 0.0476562 0.0527664 0.00104046
19 0.133398 0.492389 0.0515625 0.0819672 0.00103188
19 0.142773 0.490047 0.0726563 0.0819672 0.00103188
21 0.567578 0.503513 0.436719 0.607728 0.984863
18 0.86875 0.364754 0.06875 0.0526932 0.0151291
18 0.865625 0.377342 0.071875 0.0784543 0.0147858
21 0.530469 0.211358 0.075 0.0863583 0.00636292
18 0.876563 0.375293 0.1 0.0737705 0.006073
14 0.635156 0.150029 0.0453125 0.0576698 0.00482941
18 0.86875 0.357436 0.0625 0.0392272 0.00438309
14 0.669922 0.252342 0.034375 0.059719 0.00376511
18 0.534766 0.212237 0.0679687 0.0825527 0.00351143
18 0.635938 0.149554 0.04375 0.0568648 0.00317192
18 0.871875 0.385246 0.08125 0.0971897 0.00286674
18 0.134863 0.49356 0.0552734 0.0843091 0.00266266
18 0.2 0.160568 0.0492188 0.081089 0.00203514
0 0.199658 0.170997 0.0522461 0.10707 0.00196457
11 0.568066 0.502927 0.437305 0.605386 0.00183105
14 0.529688 0.211944 0.0765625 0.0825527 0.00176144
32 0.636719 0.149627 0.0421875 0.0561329 0.00173378
21 0.540625 0.216335 0.0984375 0.0936768 0.00162888
14 0.86875 0.369145 0.06875 0.0603044 0.00122547
47 0.529688 0.211944 0.0765625 0.0825527 0.00118351
14 0.2 0.16946 0.05 0.100776 0.00113392
0 0.669922 0.252342 0.034375 0.059719 0.00112438
21 0.867969 0.37822 0.075 0.0819672 0.00106049
21 0.673438 0.347775 0.220313 0.24356 0.00102425
21 0.569141 0.502049 0.436719 0.611827 0.98584
18 0.86875 0.366511 0.06875 0.0562061 0.0171051
18 0.865625 0.378806 0.071875 0.0819672 0.016922
18 0.876563 0.375878 0.1 0.0761124 0.00671768
21 0.530078 0.211797 0.0757812 0.0863583 0.00457382
18 0.86875 0.357728 0.0625 0.0398126 0.0041008
14 0.635156 0.150505 0.04375 0.0584748 0.00342941
18 0.534375 0.212237 0.06875 0.0837236 0.00341606
18 0.872656 0.385831 0.084375 0.0983607 0.00341606
18 0.635938 0.149919 0.04375 0.0578893 0.003088
18 0.13457 0.49356 0.0546875 0.0848946 0.00274658
14 0.669922 0.252342 0.034375 0.059719 0.00251198
18 0.200195 0.161007 0.0484375 0.0819672 0.00205803
32 0.636328 0.150029 0.0414063 0.0579625 0.00199509
11 0.568652 0.502049 0.436133 0.608314 0.0015974
0 0.199561 0.171399 0.0516602 0.108021 0.00136662
21 0.551562 0.217506 0.123438 0.095726 0.0011425
14 0.528906 0.21209 0.078125 0.0840164 0.00107288
14 0.86875 0.372365 0.06875 0.0667447 0.00102425
21 0.86875 0.379098 0.075 0.0843091 0.00102425
21 0.569922 0.502342 0.436719 0.611241 0.986816
18 0.865625 0.379391 0.0703125 0.0831382 0.0156708
18 0.86875 0.367681 0.06875 0.058548 0.0146713
18 0.876563 0.376171 0.1 0.0766979 0.00579834
21 0.529688 0.211651 0.0765625 0.0860656 0.00369263
18 0.86875 0.358021 0.0625 0.0409836 0.00299263
18 0.873438 0.386417 0.084375 0.100117 0.00286674
18 0.533984 0.212237 0.06875 0.0843091 0.00270462
14 0.635156 0.150432 0.04375 0.0580357 0.00253105
18 0.635938 0.149737 0.04375 0.0576698 0.00252151
18 0.134082 0.494145 0.0537109 0.0854801 0.00223351
32 0.636719 0.150176 0.040625 0.0576698 0.00200272
14 0.669531 0.252342 0.034375 0.059719 0.00191879
11 0.569141 0.502342 0.436719 0.608899 0.00158501
18 0.200195 0.1613 0.0484375 0.0819672 0.00153065
21 0.569922 0.502342 0.436719 0.611241 0.98584
18 0.865625 0.379098 0.0703125 0.0825527 0.0157776
18 0.86875 0.367974 0.06875 0.0591335 0.0145035
18 0.876563 0.376171 0.1 0.0766979 0.00577545
21 0.529688 0.211651 0.0757812 0.0860656 0.00316048
18 0.86875 0.358314 0.0625 0.0409836 0.00294685
18 0.873438 0.385831 0.084375 0.0989461 0.00279045
18 0.533594 0.212237 0.06875 0.0843091 0.00273705
18 0.635938 0.149846 0.04375 0.0574502 0.00264168
32 0.636719 0.150176 0.040625 0.057377 0.00228691
18 0.13418 0.493852 0.0539063 0.0848946 0.00226021
14 0.635547 0.150322 0.04375 0.0579625 0.00205803
14 0.669531 0.252488 0.034375 0.0594262 0.00168705
11 0.569141 0.502342 0.436719 0.608899 0.0014267
18 0.2 0.161446 0.0484375 0.081089 0.00139427
21 0.57041 0.502927 0.437305 0.61007 0.984375
18 0.865625 0.37822 0.071875 0.0807962 0.0130234
18 0.86875 0.367681 0.06875 0.058548 0.011116
18 0.876563 0.376464 0.1 0.0761124 0.00502014
32 0.636719 0.150029 0.040625 0.0564988 0.00244331
18 0.533594 0.212237 0.0703125 0.0837236 0.0024147
18 0.635938 0.14959 0.04375 0.0567916 0.00235939
18 0.86875 0.357728 0.0625 0.0409836 0.00221634
21 0.529688 0.211651 0.0765625 0.0854801 0.00219154
18 0.875 0.386417 0.0875 0.100703 0.00188255
18 0.133984 0.494145 0.053125 0.0843091 0.00169373
14 0.635547 0.150139 0.04375 0.0568648 0.0014782
14 0.669922 0.252488 0.0335938 0.0588407 0.00122547
11 0.569434 0.502342 0.436133 0.608899 0.0011692
18 0.2 0.1613 0.0484375 0.0802108 0.0011034
21 0.57041 0.502927 0.437305 0.611241 0.98291
18 0.865625 0.37822 0.071875 0.0807962 0.012291
18 0.86875 0.367389 0.06875 0.0579625 0.00993347
18 0.876563 0.376464 0.101562 0.0761124 0.0049057
18 0.533594 0.21209 0.0695313 0.0834309 0.00263214
32 0.636719 0.149846 0.040625 0.0556938 0.00242424
18 0.635938 0.149297 0.04375 0.0564988 0.00240517
18 0.86875 0.358021 0.0625 0.0415691 0.00186062
21 0.529688 0.211651 0.0765625 0.0854801 0.00176811
18 0.13418 0.494145 0.053125 0.0837236 0.00168705
18 0.876563 0.38671 0.090625 0.102459 0.00142097
14 0.635156 0.149883 0.04375 0.0562061 0.00124454
18 0.200391 0.161153 0.0484375 0.0793326 0.00102043
21 0.569922 0.502927 0.436719 0.611241 0.983398
18 0.865625 0.377927 0.071875 0.0802108 0.012291
18 0.86875 0.367096 0.0703125 0.0579625 0.00912476
18 0.877344 0.380562 0.090625 0.086651 0.00706482
18 0.533594 0.21209 0.0703125 0.0834309 0.00279999
18 0.635547 0.149261 0.0445313 0.0562793 0.00236893
32 0.636328 0.149737 0.0414063 0.0553279 0.00216484
18 0.134668 0.494145 0.0542969 0.0843091 0.00203514
21 0.529688 0.211505 0.0765625 0.0857728 0.00164223
18 0.86875 0.358021 0.0625 0.0415691 0.00151253
14 0.635156 0.149737 0.0445313 0.0559133 0.00104809
21 0.569434 0.502342 0.436133 0.611241 0.984863
18 0.865625 0.377049 0.071875 0.0796253 0.0127258
18 0.86875 0.365925 0.0703125 0.0562061 0.00834656
18 0.877344 0.380269 0.0921875 0.0860656 0.00712204
18 0.533984 0.211944 0.0695313 0.0831382 0.00252151
18 0.635156 0.149151 0.0453125 0.0564988 0.00209045
32 0.636719 0.14959 0.0421875 0.0556206 0.00201035
18 0.135254 0.494145 0.0554687 0.0843091 0.00186729
21 0.529688 0.211651 0.0765625 0.0857728 0.00138855
18 0.86875 0.357143 0.0625 0.0409836 0.00133038
15 0.569141 0.50322 0.436719 0.610656 0.00109863
21 0.569141 0.501756 0.436719 0.61007 0.98584
18 0.865625 0.376464 0.071875 0.0784543 0.00989532
18 0.86875 0.365047 0.0703125 0.0544496 0.00568771
18 0.878125 0.379977 0.09375 0.086651 0.00534439
18 0.534375 0.212237 0.06875 0.0831382 0.00201035
18 0.136719 0.494145 0.0582031 0.0843091 0.00174141
18 0.635156 0.149151 0.0453125 0.0567916 0.00172043
32 0.636719 0.149444 0.0421875 0.0559133 0.00172043
21 0.529688 0.211651 0.0765625 0.0857728 0.00123978
15 0.56875 0.502927 0.4375 0.61007 0.0011425
11 0.56875 0.502927 0.4375 0.61007 0.00106525
21 0.568359 0.501464 0.436719 0.608314 0.986328
18 0.865625 0.376171 0.071875 0.0772834 0.00923157
18 0.878125 0.379977 0.0953125 0.0854801 0.00479126
18 0.86875 0.364169 0.0703125 0.0526932 0.00462723
18 0.534375 0.212237 0.06875 0.0831382 0.00188255
32 0.636328 0.149297 0.0421875 0.0562061 0.0017004
18 0.635156 0.149041 0.0453125 0.0573039 0.00164223
18 0.137793 0.494145 0.0607422 0.0848946 0.00137234
15 0.568359 0.502342 0.436719 0.608899 0.00117874
11 0.568359 0.502342 0.436719 0.608899 0.00112438
21 0.530078 0.212237 0.075 0.0848946 0.00107288
21 0.567969 0.500585 0.435937 0.605386 0.986328
18 0.865625 0.376464 0.071875 0.0772834 0.00775528
18 0.878125 0.379977 0.09375 0.0854801 0.00408554
18 0.86875 0.363876 0.0703125 0.0521077 0.0036068
18 0.533984 0.212237 0.06875 0.0831382 0.00179577
32 0.636328 0.149297 0.0421875 0.0564988 0.00163555
18 0.63125 0.149919 0.053125 0.053791 0.00152493
11 0.567871 0.502049 0.436133 0.607143 0.00123501
15 0.567871 0.502049 0.436133 0.607143 0.00119686
72 0.567871 0.502049 0.436133 0.607143 0.00119686
18 0.139453 0.494145 0.0644531 0.0854801 0.00119209
21 0.530078 0.212529 0.075 0.0843091 0.00106049
21 0.568066 0.5 0.435742 0.601874 0.986328
18 0.865625 0.375878 0.071875 0.0761124 0.00809479
18 0.878125 0.379684 0.09375 0.0848946 0.00432968
18 0.86875 0.364169 0.071875 0.0515222 0.00355148
18 0.533594 0.212237 0.06875 0.0828454 0.00211525
32 0.636328 0.149444 0.0421875 0.0567916 0.00200272
18 0.631641 0.149883 0.0523438 0.0535714 0.00172043
72 0.567578 0.501756 0.435156 0.605386 0.0014782
21 0.530469 0.212529 0.075 0.0843091 0.0012846
11 0.567578 0.501756 0.435156 0.605386 0.00123501
15 0.567578 0.501756 0.435156 0.605386 0.00121593
18 0.140234 0.493852 0.0660156 0.0848946 0.00116539
21 0.568359 0.5 0.435156 0.601874 0.984375
18 0.865625 0.375293 0.071875 0.0755269 0.00751877
18 0.878125 0.379391 0.09375 0.0843091 0.00413513
18 0.86875 0.363583 0.0703125 0.0515222 0.00336266
18 0.533984 0.21209 0.0695313 0.0825527 0.00228691
32 0.635938 0.149444 0.0421875 0.0567916 0.00224304
18 0.632031 0.149883 0.0515625 0.0532787 0.00210762
21 0.530469 0.212529 0.075 0.0837236 0.00168133
72 0.568359 0.502342 0.435156 0.603044 0.00156116
11 0.568359 0.502342 0.435156 0.603044 0.0012064
15 0.568359 0.502342 0.435156 0.603044 0.00112915
18 0.140918 0.49356 0.0669922 0.0843091 0.00108624
21 0.569141 0.5 0.436719 0.601874 0.98291
18 0.865625 0.375 0.071875 0.0749414 0.00894928
18 0.878125 0.379098 0.09375 0.0837236 0.00502014
18 0.86875 0.364169 0.0703125 0.0515222 0.00421524
18 0.529297 0.211651 0.078125 0.0813817 0.00276756
18 0.632812 0.149883 0.0507812 0.0526932 0.00274658
32 0.635938 0.14959 0.0421875 0.0567916 0.00273705
21 0.530469 0.212529 0.075 0.0837236 0.00190449
72 0.56875 0.502342 0.435937 0.603044 0.00168133
15 0.56875 0.502342 0.435937 0.603044 0.00120163
11 0.56875 0.502342 0.435937 0.603044 0.00118828
18 0.86875 0.356557 0.0625 0.0386417 0.00104809
18 0.140527 0.493267 0.0669922 0.0837236 0.00104046
21 0.569531 0.500585 0.4375 0.603044 0.980957
18 0.865625 0.374707 0.071875 0.074356 0.00787354
18 0.878125 0.378806 0.09375 0.0837236 0.00477219
18 0.86875 0.363583 0.0703125 0.0503513 0.00387001
32 0.635938 0.149919 0.0429688 0.0567184 0.00307465
18 0.632812 0.150029 0.05 0.0521077 0.00292397
18 0.528906 0.211651 0.078125 0.0813817 0.00239754
72 0.569141 0.502927 0.436719 0.601874 0.00214958
21 0.530469 0.212237 0.0765625 0.0837236 0.00202751
15 0.569141 0.502927 0.436719 0.601874 0.00113773
18 0.86875 0.356557 0.0625 0.0386417 0.00111198
11 0.569141 0.502927 0.436719 0.601874 0.00105667
21 0.569922 0.500585 0.438281 0.604215 0.978027
18 0.865625 0.374707 0.071875 0.0737705 0.00731659
18 0.878125 0.378806 0.09375 0.0831382 0.00466537
18 0.86875 0.363583 0.071875 0.0509368 0.00349617
32 0.635938 0.149737 0.04375 0.0564988 0.00304031
72 0.569531 0.502927 0.4375 0.603044 0.0029583
18 0.632812 0.150139 0.0515625 0.0515954 0.00293541
18 0.528125 0.211651 0.0796875 0.0819672 0.00199509
21 0.529688 0.211797 0.0765625 0.0837236 0.00183868
15 0.569531 0.502927 0.4375 0.603044 0.00113392
20 0.173145 0.489169 0.138867 0.0919204 0.00105667
18 0.86875 0.356557 0.0625 0.0386417 0.00102425
21 0.569629 0.500585 0.438867 0.605386 0.976074
18 0.865625 0.374707 0.071875 0.0749414 0.00605011
18 0.878125 0.378806 0.09375 0.0837236 0.0041008
72 0.569434 0.50322 0.437695 0.602459 0.00356483
32 0.635547 0.14959 0.04375 0.0562061 0.00288963
18 0.63125 0.150029 0.0539063 0.0515222 0.00284576
18 0.86875 0.363876 0.071875 0.0515222 0.00279045
18 0.528125 0.210919 0.0804688 0.0834309 0.00179577
21 0.529688 0.211358 0.078125 0.0843091 0.00144386
15 0.569434 0.50322 0.437695 0.602459 0.00116062
21 0.569141 0.500585 0.438281 0.607728 0.973145
18 0.865625 0.374707 0.071875 0.0749414 0.00624084
18 0.878125 0.378513 0.09375 0.0831382 0.00445175
72 0.569922 0.502927 0.438281 0.603044 0.0042305
18 0.630859 0.150176 0.0546875 0.0515222 0.00312424
32 0.635547 0.14959 0.04375 0.0562061 0.00299263
18 0.86875 0.36329 0.071875 0.0509368 0.00271416
18 0.528906 0.209748 0.078125 0.0892857 0.00191212
15 0.569922 0.502927 0.438281 0.603044 0.00123024
21 0.529688 0.211066 0.078125 0.0848946 0.00122547
20 0.173438 0.489461 0.139453 0.0913349 0.0011034
21 0.569141 0.500293 0.438281 0.605972 0.969727
18 0.865625 0.374707 0.071875 0.0761124 0.00553513
72 0.569922 0.501756 0.438281 0.603044 0.00477219
18 0.877344 0.378806 0.0921875 0.0837236 0.00395966
18 0.630469 0.150212 0.05625 0.0520345 0.00321007
32 0.635547 0.149554 0.04375 0.0562793 0.00291252
18 0.86875 0.364169 0.071875 0.0526932 0.00234222
15 0.567969 0.501171 0.435937 0.599532 0.00216484
18 0.528906 0.209309 0.078125 0.0904567 0.00215721
62 0.567969 0.501171 0.435937 0.599532 0.00115108
21 0.529688 0.21048 0.078125 0.0860656 0.00104427
21 0.567871 0.500585 0.439258 0.603044 0.966309
18 0.865625 0.375293 0.071875 0.0772834 0.00624084
72 0.569922 0.501464 0.438281 0.60363 0.00557709
18 0.877344 0.378806 0.090625 0.0843091 0.00431442
18 0.630469 0.150176 0.0546875 0.0524005 0.00370789
15 0.568066 0.500293 0.437305 0.598946 0.00288963
32 0.635547 0.14959 0.04375 0.0567916 0.00265312
18 0.86875 0.364754 0.071875 0.0550351 0.00245285
18 0.528906 0.209016 0.078125 0.0913349 0.00240517
62 0.568066 0.500293 0.437305 0.598946 0.00139904
18 0.793555 0.38144 0.122266 0.116511 0.00104046
21 0.567578 0.500585 0.438281 0.604215 0.963379
72 0.569922 0.501171 0.438281 0.603044 0.00570679
18 0.865625 0.375293 0.071875 0.0772834 0.00568771
18 0.877344 0.378806 0.090625 0.0843091 0.00397491
18 0.630859 0.150212 0.0546875 0.05262 0.00344276
15 0.567969 0.499927 0.4375 0.598507 0.00335121
32 0.635938 0.14959 0.04375 0.0567916 0.00269318
18 0.528906 0.209016 0.078125 0.0919204 0.00229645
18 0.86875 0.365047 0.0703125 0.0550351 0.00226021
62 0.567969 0.499927 0.4375 0.598507 0.00148964
21 0.567969 0.500293 0.439063 0.60363 0.961914
72 0.569531 0.501171 0.4375 0.603044 0.00619125
18 0.865625 0.375878 0.071875 0.0784543 0.00534439
18 0.877344 0.378806 0.090625 0.0848946 0.00382423
15 0.567969 0.5 0.4375 0.598361 0.00359344
18 0.630859 0.150029 0.0546875 0.0529859 0.00322342
32 0.635938 0.149554 0.04375 0.0568648 0.00236893
18 0.528906 0.209016 0.078125 0.0925058 0.00212479
18 0.86875 0.36534 0.06875 0.0562061 0.0020752
62 0.567969 0.5 0.4375 0.598361 0.00148964
18 0.79375 0.381148 0.123438 0.117096 0.00100803
21 0.567578 0.500585 0.438281 0.604215 0.961426
72 0.569531 0.501171 0.4375 0.601874 0.00609589
18 0.865625 0.375878 0.071875 0.0796253 0.00516129
15 0.568066 0.499927 0.437305 0.597336 0.00376511
18 0.877344 0.378806 0.090625 0.0854801 0.0037365
18 0.630859 0.149883 0.0546875 0.0529859 0.00305176
32 0.635547 0.149444 0.04375 0.0567916 0.00239754
18 0.528516 0.209016 0.078125 0.0925058 0.00209045
18 0.86875 0.365925 0.06875 0.057377 0.00205803
62 0.568066 0.499927 0.437305 0.597336 0.00133514
0 0.252734 0.418326 0.500781 0.833138 0.00104046
18 0.79375 0.381733 0.123438 0.119438 0.00100422
21 0.567969 0.500585 0.439063 0.598361 0.959961
72 0.569141 0.501171 0.436719 0.601874 0.00651169
18 0.865625 0.376171 0.071875 0.0790398 0.00626373
15 0.568066 0.5 0.437305 0.596019 0.00353813
18 0.63125 0.149883 0.053125 0.0529859 0.00314713
32 0.635547 0.149444 0.04375 0.0564988 0.00244331
18 0.86875 0.365925 0.06875 0.0562061 0.002388
18 0.528516 0.209163 0.078125 0.0922131 0.00213242
0 0.252734 0.420375 0.500781 0.836066 0.0012207
62 0.568066 0.5 0.437305 0.596019 0.00121117
20 0.173633 0.490632 0.139453 0.0948478 0.00112438
18 0.79375 0.381733 0.123438 0.118852 0.00105286
21 0.567969 0.500659 0.439063 0.598214 0.959961
18 0.865625 0.376171 0.071875 0.0790398 0.00720596
72 0.569141 0.501464 0.436719 0.601288 0.0064621
18 0.63125 0.149737 0.053125 0.0529859 0.00313568
18 0.86875 0.366511 0.06875 0.057377 0.00269318
15 0.569141 0.501464 0.436719 0.601288 0.00239754
32 0.635547 0.149444 0.04375 0.0562061 0.00231361
18 0.528125 0.209016 0.078125 0.0925058 0.0020504
0 0.252734 0.42096 0.500781 0.837237 0.00139427
18 0.402734 0.109338 0.194531 0.209602 0.00115108
62 0.569141 0.501464 0.436719 0.601288 0.00112438
18 0.793555 0.382026 0.122266 0.118852 0.0011158
21 0.569141 0.499415 0.436719 0.601874 0.958984
18 0.865625 0.375878 0.071875 0.0778688 0.00888062
72 0.568848 0.501756 0.437305 0.600703 0.00575256
18 0.86875 0.366218 0.06875 0.0562061 0.00342941
18 0.631641 0.149919 0.0523438 0.05262 0.00340271
15 0.568848 0.501756 0.437305 0.600703 0.00254059
32 0.635547 0.149554 0.04375 0.0556938 0.0024147
18 0.528516 0.209016 0.0789063 0.0919204 0.00219154
18 0.174121 0.489169 0.142383 0.0971897 0.00133514
18 0.402734 0.109046 0.194531 0.208724 0.00129414
18 0.86875 0.356557 0.0625 0.0386417 0.00127888
18 0.793555 0.38144 0.122266 0.117681 0.00119686
62 0.568848 0.501756 0.437305 0.600703 0.00116539
0 0.252539 0.421838 0.499609 0.836651 0.00110722
18 0.877344 0.38466 0.09375 0.0960187 0.00109863
20 0.173633 0.490632 0.139453 0.0948478 0.00105667
21 0.568848 0.5 0.437305 0.601874 0.961914
18 0.865625 0.375878 0.071875 0.0772834 0.0102921
18 0.876563 0.378806 0.0890625 0.0843091 0.0068779
72 0.568652 0.501756 0.436133 0.600703 0.00530243
18 0.86875 0.365925 0.06875 0.0562061 0.00426483
18 0.632031 0.149846 0.0515625 0.0521809 0.00348282
32 0.635156 0.14959 0.04375 0.0556206 0.00277901
15 0.568652 0.501756 0.436133 0.600703 0.00263214
18 0.528516 0.209309 0.0789063 0.0919204 0.00214005
18 0.86875 0.356557 0.0625 0.0386417 0.00159168
18 0.174219 0.489169 0.142578 0.0971897 0.00153065
62 0.568652 0.501756 0.436133 0.600703 0.00121593
18 0.793555 0.380562 0.122266 0.115925 0.00120163
18 0.403223 0.109046 0.195117 0.208138 0.00106525
20 0.173633 0.490632 0.139453 0.0948478 0.00103188
21 0.568652 0.500293 0.436133 0.602459 0.964355
18 0.865625 0.375878 0.071875 0.0772834 0.0127716
18 0.86875 0.365925 0.06875 0.0550351 0.00570679
72 0.568359 0.501756 0.436719 0.601874 0.00446701
18 0.632422 0.149883 0.0507812 0.0524005 0.00407028
32 0.635156 0.149554 0.04375 0.0556938 0.00286674
15 0.568359 0.501756 0.436719 0.601874 0.00245285
18 0.528906 0.209309 0.0796875 0.0913349 0.00224304
18 0.877344 0.382611 0.09375 0.0913349 0.00203514
18 0.86875 0.356265 0.0625 0.0380562 0.00201035
18 0.174121 0.489169 0.142773 0.0983607 0.00185299
20 0.173633 0.490632 0.139453 0.0960187 0.00164223
18 0.793555 0.380269 0.122266 0.11534 0.00123501
62 0.568359 0.501756 0.436719 0.601874 0.00117874
20 0.174121 0.51171 0.142383 0.137002 0.00109005
18 0.403125 0.108826 0.194531 0.207699 0.00107765
21 0.568652 0.500585 0.436133 0.603044 0.967285
18 0.865625 0.375585 0.071875 0.0761124 0.013588
18 0.876563 0.37822 0.0875 0.0831382 0.00933838
18 0.86875 0.36534 0.06875 0.0538642 0.00641251
72 0.568359 0.502049 0.436719 0.602459 0.00407028
18 0.632422 0.149883 0.0507812 0.0524005 0.00397491
32 0.635156 0.14959 0.04375 0.0556206 0.00282288
18 0.86875 0.356265 0.0625 0.0374707 0.00233269
18 0.528906 0.209455 0.0796875 0.0916276 0.00229645
15 0.568359 0.502049 0.436719 0.602459 0.00221634
18 0.174219 0.488876 0.142578 0.0977752 0.00183868
20 0.173828 0.49034 0.139453 0.0960187 0.00141621
18 0.793555 0.379391 0.122266 0.113583 0.00123501
62 0.568359 0.502049 0.436719 0.602459 0.00116062
21 0.568066 0.500585 0.435742 0.603044 0.969238
18 0.865625 0.375293 0.071875 0.0755269 0.0164032
18 0.876563 0.37822 0.0875 0.0831382 0.0118256
18 0.86875 0.36534 0.0703125 0.0538642 0.00772476
18 0.632812 0.149846 0.05 0.0527664 0.00468063
72 0.567969 0.502049 0.435937 0.602459 0.00407028
32 0.635156 0.14959 0.0445313 0.0559133 0.00299263
18 0.528906 0.209602 0.0796875 0.0913349 0.00287819
18 0.86875 0.355972 0.0625 0.0374707 0.00279999
15 0.567969 0.502049 0.435937 0.602459 0.00224304
18 0.174219 0.488876 0.142578 0.0983607 0.00218201
20 0.173828 0.49034 0.139453 0.0966042 0.00161076
18 0.793555 0.379391 0.122266 0.113583 0.00154305
62 0.567969 0.502049 0.435937 0.602459 0.00138283
20 0.174316 0.510539 0.141992 0.135831 0.00106525
21 0.568066 0.501464 0.435742 0.604801 0.971191
18 0.865625 0.375293 0.071875 0.0755269 0.0173798
18 0.876563 0.37822 0.0875 0.0831382 0.0123367
18 0.86875 0.36534 0.0703125 0.0538642 0.00800323
18 0.632812 0.150029 0.05 0.0529859 0.0049057
72 0.568066 0.502049 0.435742 0.60363 0.00356483
18 0.528906 0.209455 0.0796875 0.0919204 0.00304031
18 0.86875 0.355972 0.0625 0.0374707 0.00292397
32 0.635156 0.14959 0.0445313 0.0562061 0.00291252
18 0.174219 0.488876 0.142578 0.0989461 0.00204277
15 0.568066 0.502049 0.435742 0.60363 0.00201988
20 0.173828 0.490632 0.139453 0.0971897 0.00168133
18 0.793555 0.379977 0.122266 0.114754 0.00151253
62 0.568066 0.502049 0.435742 0.60363 0.00135612
20 0.174316 0.511417 0.141992 0.137588 0.00109005
21 0.568359 0.501756 0.435156 0.605386 0.977539
18 0.865625 0.373536 0.071875 0.072014 0.0253754
18 0.876563 0.377049 0.0921875 0.0784543 0.0218658
18 0.86875 0.366511 0.065625 0.0550351 0.0160217
18 0.875 0.364169 0.0875 0.0526932 0.0121918
20 0.173828 0.494145 0.137891 0.0983607 0.00658798
18 0.633203 0.150322 0.0492188 0.0532787 0.00634003
18 0.86875 0.355972 0.0625 0.0362998 0.00575256
18 0.529297 0.209163 0.0796875 0.0927986 0.00407028
32 0.635156 0.14959 0.0453125 0.0567916 0.00346947
18 0.173926 0.487119 0.141211 0.0989461 0.00327301
20 0.174121 0.51171 0.14082 0.141686 0.00324821
72 0.568359 0.502049 0.435156 0.604801 0.00309944
0 0.361523 0.982436 0.0261719 0.0316159 0.00290108
18 0.79375 0.379977 0.123438 0.117096 0.00246239
18 0.909375 0.361827 0.025 0.0269321 0.00205803
15 0.568359 0.502049 0.435156 0.604801 0.00181007
18 0.898438 0.373536 0.046875 0.0491803 0.00156689
0 0.123145 0.985363 0.0246094 0.029274 0.00150108
62 0.568359 0.502049 0.435156 0.604801 0.00137806
18 0.175195 0.513466 0.142578 0.148712 0.00107288
0 0.276563 0.983607 0.0332031 0.030445 0.00104046
21 0.568359 0.502049 0.433594 0.607143 0.979004
18 0.876563 0.376756 0.0921875 0.0778688 0.0408325
18 0.865625 0.372365 0.071875 0.0702576 0.026062
18 0.86875 0.36534 0.0640625 0.0526932 0.0186157
18 0.875781 0.363583 0.0875 0.0515222 0.016098
20 0.173633 0.492974 0.137109 0.0983607 0.0137405
18 0.86875 0.355972 0.0625 0.0362998 0.00763702
18 0.633203 0.150468 0.0492188 0.0535714 0.00754929
0 0.361719 0.980679 0.0261719 0.0351288 0.00737381
18 0.529297 0.209016 0.0796875 0.0930913 0.00551224
20 0.174023 0.512295 0.140234 0.145199 0.00526047
32 0.634766 0.14959 0.0453125 0.057377 0.0039444
18 0.909375 0.361827 0.025 0.0269321 0.00380898
0 0.303125 0.982436 0.0164063 0.030445 0.00365067
0 0.123242 0.984777 0.0240234 0.030445 0.00344276
18 0.79375 0.380855 0.123438 0.119438 0.00324821
18 0.173926 0.485363 0.14043 0.0983607 0.00309944
0 0.276367 0.982436 0.0320312 0.030445 0.00294685
72 0.568652 0.502342 0.43457 0.606557 0.00265312
18 0.9 0.372365 0.04375 0.0468384 0.00232315
0 0.118359 0.985948 0.0308594 0.0257611 0.00192642
15 0.568652 0.502342 0.43457 0.606557 0.00174141
0 0.143945 0.984192 0.0132813 0.0316159 0.00170708
0 0.251367 0.982436 0.0191406 0.0327869 0.00159168
0 0.362109 0.969555 0.0273438 0.0538642 0.00156689
62 0.568652 0.502342 0.43457 0.606557 0.00131512
18 0.175 0.514051 0.141406 0.152225 0.00129414
0 0.29043 0.982436 0.0179687 0.0327869 0.00126457
18 0.845313 0.393443 0.03125 0.0333724 0.00108624
21 0.568359 0.501756 0.433594 0.607728 0.980469
18 0.876563 0.376464 0.0921875 0.0772834 0.0605164
18 0.865625 0.372073 0.071875 0.0696721 0.0235138
18 0.86875 0.364754 0.0640625 0.0521077 0.0188293
0 0.361719 0.978923 0.0261719 0.0386417 0.0136871
20 0.173438 0.492389 0.136328 0.0971897 0.0112
18 0.633203 0.150468 0.0492188 0.0541569 0.00978088
18 0.529297 0.209016 0.0796875 0.0936768 0.00821686
18 0.86875 0.355679 0.0625 0.0362998 0.00809479
0 0.303125 0.982436 0.0164063 0.0327869 0.00769424
20 0.173828 0.510539 0.137109 0.140515 0.00658798
0 0.12334 0.984777 0.0236328 0.030445 0.00572968
0 0.276172 0.982436 0.03125 0.0327869 0.00516129
18 0.909375 0.361241 0.025 0.0269321 0.00492477
18 0.793945 0.381733 0.124609 0.12178 0.00434875
32 0.634766 0.14959 0.0453125 0.0576698 0.00408554
0 0.11875 0.985948 0.0296875 0.0257611 0.00348282
0 0.14375 0.983607 0.0128906 0.0327869 0.00318527
0 0.362109 0.969555 0.0273438 0.0550351 0.00309944
18 0.900781 0.372073 0.0421875 0.0468384 0.00294685
0 0.251172 0.982436 0.01875 0.0351288 0.00293541
0 0.214258 0.960187 0.0179687 0.030445 0.00236893
18 0.173926 0.483899 0.139648 0.0960187 0.00235939
72 0.56875 0.502635 0.434375 0.607143 0.00214005
0 0.291016 0.981265 0.0171875 0.0351288 0.00212479
15 0.56875 0.502635 0.434375 0.607143 0.0017004
18 0.9375 0.318501 0.040625 0.0327869 0.00161648
0 0.344141 0.980094 0.015625 0.0351288 0.00150681
0 0.245703 0.984192 0.0234375 0.029274 0.00148392
0 0.361914 0.98829 0.0253906 0.0210773 0.00147247
18 0.845313 0.393443 0.03125 0.0333724 0.00142097
0 0.193359 0.961358 0.0125 0.029274 0.00142097
62 0.56875 0.502635 0.434375 0.607143 0.00131989
0 0.286914 0.976581 0.0214844 0.0421546 0.00126457
0 0.151953 0.980094 0.0177734 0.0398126 0.00118351
18 0.174951 0.514051 0.140723 0.153396 0.0011158
18 0.848437 0.389344 0.0375 0.0433255 0.00110722
18 0.585938 0.223068 0.192188 0.110656 0.00107288
18 0.573047 0.0739169 0.0789063 0.0554742 0.00103188
21 0.56875 0.502342 0.432813 0.607728 0.981445
18 0.877344 0.375293 0.090625 0.0725995 0.0809326
18 0.865625 0.37178 0.071875 0.0690866 0.0197144
0 0.361719 0.977752 0.0265625 0.0398126 0.0193481
18 0.871875 0.361827 0.075 0.0468384 0.0190582
18 0.633594 0.150468 0.0484375 0.0547424 0.0115051
0 0.303125 0.981265 0.0164063 0.0351288 0.0112
18 0.529297 0.208724 0.0796875 0.0942623 0.0104065
18 0.86875 0.355972 0.0625 0.0362998 0.00793457
0 0.123438 0.984777 0.0234375 0.030445 0.00706482
0 0.276172 0.98185 0.03125 0.0327869 0.00653839
20 0.173438 0.507611 0.136719 0.133489 0.00629044
18 0.909375 0.361534 0.025 0.0269321 0.00577545
0 0.118945 0.985948 0.0289063 0.0257611 0.0046463
18 0.794531 0.382318 0.123438 0.122951 0.00455475
0 0.362109 0.969555 0.0273438 0.0550351 0.00445175
0 0.143555 0.983607 0.0128906 0.0327869 0.00424957
32 0.634375 0.149554 0.0453125 0.0580357 0.00416565
0 0.214258 0.960187 0.0179687 0.030445 0.00397491
0 0.251172 0.981265 0.0183594 0.0351288 0.00370789
0 0.287109 0.977752 0.0171875 0.0398126 0.00329781
18 0.901563 0.371194 0.040625 0.045082 0.00317192
0 0.291406 0.981265 0.0164063 0.0351288 0.00260162
0 0.193359 0.961358 0.0125 0.029274 0.00258064
18 0.9375 0.318501 0.040625 0.0327869 0.00215721
20 0.173633 0.486534 0.137891 0.0960187 0.00210762
0 0.245312 0.984192 0.0234375 0.030445 0.00204277
0 0.344141 0.980094 0.0148437 0.0351288 0.00204277
0 0.361914 0.988876 0.0253906 0.0222482 0.00173378
72 0.568848 0.502927 0.43418 0.607728 0.00171375
18 0.845313 0.393735 0.03125 0.0333724 0.00162888
0 0.152246 0.980094 0.0171875 0.0398126 0.00162315
15 0.568848 0.502927 0.43418 0.607728 0.00154877
20 0.878125 0.378806 0.090625 0.0819672 0.00136185
18 0.573438 0.0739352 0.078125 0.0564622 0.00135612
62 0.568848 0.502927 0.43418 0.607728 0.00131512
0 0.136914 0.978337 0.0261719 0.0433255 0.00130463
18 0.850781 0.396077 0.0421875 0.04274 0.00118351
18 0.585547 0.223214 0.191406 0.110363 0.0011692
0 0.304297 0.973068 0.015625 0.0398126 0.0011158
18 0.173926 0.483021 0.139258 0.0936768 0.00111198
18 0.404785 0.106557 0.191992 0.201698 0.00106525
0 0.168359 0.983607 0.0269531 0.0327869 0.00105286
0 0.318359 0.985948 0.0453125 0.0257611 0.00104046
18 0.905469 0.406616 0.0453125 0.0263466 0.00103188
0 0.191211 0.983607 0.0148437 0.030445 0.00101185
21 0.56875 0.501756 0.432813 0.607728 0.981445
18 0.877344 0.375293 0.090625 0.0725995 0.105957
0 0.361719 0.977752 0.0265625 0.0421546 0.0228424
18 0.871875 0.362412 0.078125 0.0480094 0.0196381
18 0.865625 0.37178 0.071875 0.0690866 0.0184021
18 0.633203 0.150468 0.0492188 0.0553279 0.0144501
18 0.528906 0.208431 0.0796875 0.0948478 0.0136337
0 0.30332 0.981265 0.0167969 0.0351288 0.0133286
0 0.123438 0.984777 0.0234375 0.030445 0.00803375
18 0.86875 0.355386 0.0625 0.0362998 0.00763702
0 0.275781 0.98185 0.03125 0.0327869 0.00737381
18 0.908594 0.361534 0.0265625 0.0269321 0.00591278
0 0.118848 0.986534 0.0287109 0.0269321 0.00564194
18 0.794531 0.383782 0.125 0.125878 0.00547028
0 0.362109 0.969555 0.0273438 0.0538642 0.00542831
0 0.214258 0.960187 0.0179687 0.030445 0.00518036
0 0.143457 0.983607 0.0126953 0.0327869 0.00508118
0 0.287109 0.977752 0.0164063 0.0398126 0.0050621
0 0.251172 0.981265 0.0183594 0.0362998 0.00407028
20 0.173438 0.508489 0.136719 0.135246 0.00385475
0 0.193359 0.961358 0.0125 0.029274 0.00369263
18 0.901563 0.371194 0.040625 0.0444965 0.00351143
32 0.634375 0.149297 0.0460938 0.058548 0.00346947
18 0.9375 0.318501 0.040625 0.0327869 0.00283432
0 0.291797 0.981265 0.0164063 0.0351288 0.00275803
0 0.245312 0.983607 0.0234375 0.030445 0.00245285
0 0.344336 0.979508 0.0148437 0.0362998 0.00232315
18 0.573438 0.0753074 0.0828125 0.0603044 0.00213242
0 0.136719 0.979508 0.0240234 0.0409836 0.00210762
0 0.152441 0.980094 0.0166016 0.0398126 0.00198746
0 0.362109 0.988876 0.0257812 0.0222482 0.00178909
23 0.0274536 0.919789 0.0529053 0.147541 0.00175476
18 0.846094 0.394028 0.0328125 0.0339578 0.0017004
0 0.304297 0.973068 0.015625 0.0398126 0.00153065
18 0.404297 0.106265 0.191406 0.201991 0.00150108
20 0.878125 0.378806 0.090625 0.0819672 0.00147247
0 0.378906 0.980094 0.0359375 0.0398126 0.00147247
15 0.569141 0.502927 0.433594 0.607728 0.00146675
72 0.569141 0.502927 0.433594 0.607728 0.00144958
18 0.585547 0.223068 0.191406 0.110656 0.00144386
0 0.264453 0.974239 0.0414063 0.0468384 0.00143242
18 0.85 0.396955 0.040625 0.0421546 0.00140476
18 0.583594 0.0765515 0.059375 0.0562061 0.00131512
62 0.569141 0.502927 0.433594 0.607728 0.00130463
0 0.180273 0.962529 0.0167969 0.028103 0.00129414
18 0.544141 0.214578 0.110937 0.0930913 0.00127411
0 0.168066 0.983607 0.0259766 0.0327869 0.00124931
0 0.277148 0.974239 0.0238281 0.0421546 0.00123024
0 0.191406 0.983021 0.0144531 0.030445 0.00119209
18 0.85 0.405738 0.040625 0.0491803 0.00113392
18 0.904688 0.406323 0.04375 0.0257611 0.00112438
0 0.317969 0.985948 0.0445313 0.0257611 0.00108624
18 0.901563 0.399883 0.05 0.0398126 0.00105286
7 0.252295 0.983021 0.204785 0.0339578 0.00104427
0 0.252734 0.990632 0.0171875 0.0187354 0.00103188
20 0.173633 0.485948 0.137891 0.0948478 0.00102806
18 0.589844 0.111955 0.135937 0.139674 0.00100803
21 0.569141 0.501756 0.433594 0.607728 0.981445
18 0.877344 0.375 0.090625 0.072014 0.110474
0 0.361719 0.977752 0.0265625 0.0421546 0.0225067
18 0.871875 0.361827 0.075 0.0480094 0.0210419
18 0.865625 0.37178 0.071875 0.0690866 0.0180511
18 0.633203 0.150468 0.0492188 0.0556206 0.0154877
18 0.528906 0.208431 0.0796875 0.0954333 0.0153656
0 0.30332 0.981265 0.0167969 0.0351288 0.0138474
18 0.86875 0.355386 0.0625 0.0362998 0.00793457
0 0.123438 0.984777 0.0230469 0.030445 0.00772476
0 0.275781 0.98185 0.03125 0.0327869 0.00734711
18 0.908594 0.361827 0.0265625 0.0269321 0.00643921
0 0.287109 0.977752 0.0164063 0.0398126 0.00614548
18 0.794531 0.384368 0.125 0.127049 0.00598145
0 0.11875 0.985948 0.0289063 0.0257611 0.00588989
0 0.214453 0.960187 0.0179687 0.030445 0.00551224
0 0.362109 0.969555 0.0273438 0.0538642 0.00526047
0 0.143262 0.983607 0.0125 0.0327869 0.00510025
0 0.193359 0.961358 0.0125 0.030445 0.00405502
0 0.251172 0.981265 0.0179687 0.0362998 0.00405502
18 0.902344 0.370609 0.0390625 0.0444965 0.00376511
32 0.634375 0.149297 0.0460938 0.058548 0.00340271
18 0.9375 0.318501 0.040625 0.0327869 0.00325966
0 0.291602 0.981265 0.0160156 0.0351288 0.00269318
18 0.573047 0.0753623 0.0820312 0.060341 0.00265312
0 0.245312 0.983607 0.0234375 0.030445 0.00252151
0 0.136621 0.980094 0.0234375 0.0398126 0.00246239
20 0.173438 0.508782 0.136328 0.135831 0.00233269
0 0.379297 0.980679 0.034375 0.0386417 0.00231361
0 0.344141 0.979508 0.0148437 0.0362998 0.00230598
23 0.0273438 0.920375 0.052832 0.147541 0.00214958
0 0.152539 0.980094 0.0164063 0.0398126 0.00194931
18 0.846094 0.394028 0.0328125 0.0339578 0.00186729
20 0.17334 0.491218 0.135352 0.0948478 0.00183105
0 0.361914 0.988876 0.0257812 0.0222482 0.00175476
18 0.85 0.397541 0.040625 0.0415691 0.00168705
0 0.304297 0.973068 0.015625 0.0398126 0.00168705
20 0.878125 0.378806 0.090625 0.0819672 0.00167465
18 0.40459 0.106118 0.19082 0.202283 0.0016613
0 0.265234 0.974239 0.0386719 0.0468384 0.00164223
18 0.583594 0.0765332 0.059375 0.0562427 0.00156689
18 0.585547 0.223068 0.191406 0.110656 0.00153637
0 0.180273 0.962529 0.0167969 0.028103 0.00139904
18 0.54375 0.214578 0.110937 0.0930913 0.00139427
15 0.569141 0.502927 0.433594 0.607728 0.00131989
18 0.85 0.405738 0.040625 0.0491803 0.00130939
0 0.277148 0.974239 0.0238281 0.0421546 0.00129414
0 0.167969 0.983607 0.0257812 0.0327869 0.00126457
7 0.251123 0.983021 0.197754 0.0339578 0.00120163
0 0.191406 0.982436 0.0140625 0.030445 0.00118351
18 0.590234 0.1119 0.135156 0.139491 0.00115108
72 0.569141 0.502927 0.433594 0.607728 0.00115108
18 0.904688 0.406323 0.04375 0.0257611 0.0011425
18 0.901563 0.399297 0.0484375 0.0409836 0.0011034
62 0.569141 0.502927 0.433594 0.607728 0.0011034
0 0.252734 0.990632 0.0171875 0.0187354 0.00107765
0 0.322656 0.984777 0.0421875 0.0257611 0.00106525
0 0.336719 0.97541 0.0421875 0.0444965 0.00103188
0 0.10957 0.985948 0.0433594 0.0269321 0.00100803
21 0.569141 0.501756 0.433594 0.607728 0.981934
18 0.876563 0.374707 0.090625 0.0714286 0.112
0 0.361719 0.977752 0.0265625 0.0409836 0.022934
18 0.871875 0.361827 0.075 0.0474239 0.0227966
18 0.633203 0.150322 0.0492188 0.0559133 0.016983
18 0.528906 0.208431 0.0796875 0.0954333 0.016983
0 0.30332 0.981265 0.0167969 0.0351288 0.0149536
18 0.86875 0.355386 0.0625 0.0362998 0.008255
0 0.123438 0.984777 0.0230469 0.030445 0.00818634
0 0.275781 0.98185 0.03125 0.0327869 0.00757599
0 0.287109 0.978337 0.015625 0.0398126 0.00743103
18 0.909375 0.361827 0.025 0.0269321 0.00709534
0 0.11875 0.985948 0.0285156 0.0257611 0.00626373
18 0.795313 0.38466 0.125 0.127635 0.00605011
0 0.214453 0.960187 0.0179687 0.030445 0.00595856
0 0.143164 0.983607 0.0125 0.0327869 0.00553513
0 0.362109 0.969555 0.0273438 0.0550351 0.00527954
0 0.193359 0.961358 0.0125 0.030445 0.0046463
0 0.251172 0.981265 0.0179687 0.0374707 0.00413513
18 0.903125 0.370609 0.0375 0.0433255 0.00402451
18 0.9375 0.318501 0.040625 0.0327869 0.00383949
32 0.634375 0.149151 0.0460938 0.0588407 0.00344276
0 0.379785 0.980679 0.0326172 0.0386417 0.00324821
18 0.573047 0.0753074 0.0820312 0.0604508 0.00318527
23 0.0270996 0.919789 0.0526367 0.147541 0.00309944
0 0.136621 0.980094 0.0226563 0.0398126 0.00294685
0 0.291797 0.981265 0.015625 0.0351288 0.00281143
0 0.245312 0.983607 0.0234375 0.030445 0.00264168
0 0.344336 0.979508 0.0144531 0.0362998 0.00234985
0 0.152734 0.980094 0.0160156 0.0398126 0.00209999
18 0.846094 0.394028 0.0328125 0.0339578 0.00206757
18 0.85 0.398126 0.040625 0.0409836 0.00200272
0 0.265625 0.97541 0.0359375 0.0444965 0.00195694
20 0.173438 0.508489 0.136328 0.135246 0.00194931
0 0.304297 0.972482 0.015625 0.0386417 0.00187492
20 0.878125 0.378806 0.090625 0.0807962 0.00185299
18 0.583594 0.0765515 0.059375 0.0563525 0.00183868
18 0.404687 0.106045 0.190625 0.20243 0.00183105
18 0.865625 0.369145 0.071875 0.0685012 0.00178242
0 0.362109 0.988876 0.0257812 0.0222482 0.00178242
18 0.585547 0.223068 0.191406 0.111241 0.00161076
0 0.180273 0.962529 0.0164063 0.028103 0.00157356
20 0.173047 0.490632 0.135156 0.0948478 0.00145531
18 0.935938 0.322307 0.053125 0.0362998 0.00141048
0 0.277344 0.974239 0.0242188 0.0421546 0.00137806
7 0.249951 0.983607 0.190723 0.0327869 0.00136662
0 0.167773 0.983607 0.025 0.0327869 0.00133038
18 0.590234 0.1119 0.135156 0.139198 0.00133038
18 0.542969 0.214286 0.109375 0.0930913 0.00132465
0 0.186523 0.970726 0.0257812 0.0398126 0.00127888
0 0.337109 0.97541 0.040625 0.0444965 0.00124454
0 0.191406 0.982436 0.0140625 0.030445 0.00123501
18 0.366797 0.242828 0.0632813 0.0488876 0.00116539
0 0.252734 0.990632 0.0171875 0.0187354 0.00114727
15 0.569141 0.502927 0.433594 0.607728 0.0011425
18 0.904688 0.406323 0.04375 0.0257611 0.00112915
18 0.901563 0.398419 0.046875 0.0421546 0.00111198
0 0.322656 0.984777 0.0414063 0.0257611 0.00109005
0 0.109473 0.985948 0.0433594 0.0269321 0.00108147
7 0.222998 0.980386 0.180566 0.0392272 0.00104809
32 0.587891 0.0775029 0.05 0.0528396 0.00103188
21 0.569434 0.501756 0.433008 0.607728 0.98291
18 0.876563 0.374707 0.090625 0.0714286 0.10968
18 0.871875 0.361534 0.075 0.0468384 0.0241394
0 0.361719 0.977752 0.0265625 0.0409836 0.0234222
18 0.528906 0.208431 0.0796875 0.0954333 0.0189056
18 0.633594 0.150468 0.0484375 0.0562061 0.0175171
0 0.30332 0.981265 0.0167969 0.0351288 0.0162811
18 0.86875 0.355386 0.0625 0.0362998 0.00844574
0 0.123438 0.984777 0.0230469 0.030445 0.00834656
0 0.287305 0.978337 0.015625 0.0398126 0.008255
0 0.275781 0.98185 0.03125 0.0327869 0.00800323
18 0.909375 0.361827 0.025 0.0269321 0.00743103
0 0.118945 0.985948 0.0285156 0.0257611 0.00643921
0 0.214453 0.960187 0.0179687 0.030445 0.00614548
18 0.794531 0.38466 0.125 0.127635 0.00572968
0 0.362109 0.969555 0.0273438 0.0538642 0.00544739
0 0.142969 0.983607 0.0125 0.0327869 0.00544739
0 0.193359 0.961358 0.0125 0.030445 0.00479126
0 0.251172 0.981265 0.0179687 0.0374707 0.00424957
18 0.903125 0.370316 0.0375 0.04274 0.00418091
18 0.9375 0.318501 0.040625 0.0327869 0.00403976
23 0.027002 0.920375 0.0524414 0.147541 0.00362206
32 0.634375 0.149151 0.0460938 0.0591335 0.00341606
0 0.380078 0.980679 0.0320312 0.0386417 0.00340271
18 0.573438 0.0753074 0.08125 0.0604508 0.00337601
0 0.291602 0.981265 0.015625 0.0351288 0.00296974
0 0.136523 0.980094 0.0226563 0.0398126 0.00291252
0 0.245312 0.983607 0.0234375 0.030445 0.00273705
0 0.344336 0.979508 0.0144531 0.0362998 0.0024147
18 0.846094 0.394028 0.0328125 0.0339578 0.00214958
18 0.85 0.398126 0.040625 0.0409836 0.00214005
0 0.265625 0.97541 0.034375 0.0444965 0.00209045
0 0.304297 0.972482 0.015625 0.0386417 0.00208282
0 0.152734 0.980094 0.0160156 0.0398126 0.00208282
20 0.878125 0.378806 0.090625 0.0807962 0.00194168
18 0.583594 0.0765332 0.0585938 0.0562427 0.00193405
18 0.865625 0.369145 0.071875 0.0685012 0.00187492
0 0.362109 0.988876 0.0257812 0.0222482 0.00181007
20 0.173242 0.508782 0.136328 0.135831 0.00181007
18 0.404687 0.106118 0.190625 0.202283 0.0016489
0 0.180029 0.962529 0.0165039 0.028103 0.00163555
18 0.585547 0.223361 0.191406 0.110656 0.00157928
18 0.935938 0.322014 0.0515625 0.0362998 0.00152493
7 0.249951 0.984192 0.185254 0.0316159 0.00147247
0 0.277344 0.974239 0.0242188 0.0421546 0.00146675
0 0.186719 0.970726 0.0242188 0.0398126 0.00143814
0 0.167773 0.983607 0.025 0.0327869 0.00134563
0 0.337109 0.97541 0.0398437 0.0444965 0.00131989
18 0.590234 0.111827 0.135156 0.139052 0.00129414
18 0.366797 0.242681 0.0632813 0.0485948 0.00126934
20 0.172949 0.490047 0.135352 0.0936768 0.00125504
0 0.191406 0.982436 0.0140625 0.0316159 0.00124931
18 0.542188 0.214286 0.107813 0.0927986 0.00124454
0 0.252539 0.990632 0.0167969 0.0187354 0.00116062
18 0.904688 0.406616 0.04375 0.0257611 0.0011425
7 0.22207 0.980972 0.176172 0.0380562 0.0011425
0 0.322656 0.984777 0.0414063 0.0257611 0.00113773
18 0.901563 0.398126 0.046875 0.0433255 0.00112057
0 0.109277 0.985948 0.0435547 0.0269321 0.00109482
15 0.569141 0.502927 0.433594 0.607728 0.00109482
23 0.0266113 0.901639 0.0490234 0.0995316 0.00105667
32 0.587891 0.0775029 0.05 0.0528396 0.00103664
0 0.117578 0.978923 0.0328125 0.0421546 0.00100803
21 0.569434 0.502049 0.433008 0.607143 0.982422
18 0.877344 0.374415 0.090625 0.0702576 0.100159
18 0.870313 0.361241 0.075 0.0456674 0.0282135
0 0.361719 0.977752 0.0265625 0.0421546 0.0275269
18 0.528906 0.208138 0.0796875 0.0954333 0.0226288
18 0.633594 0.150468 0.0484375 0.0562061 0.0200195
18 0.865625 0.371194 0.0703125 0.0679157 0.0194244
0 0.30332 0.981265 0.0167969 0.0351288 0.0192413
18 0.86875 0.355386 0.0625 0.0362998 0.00989532
0 0.287305 0.978337 0.0152344 0.0398126 0.00985718
18 0.909375 0.361827 0.025 0.0269321 0.00926971
0 0.275781 0.98185 0.03125 0.0327869 0.00901794
0 0.123535 0.984777 0.0228516 0.030445 0.00891876
0 0.214453 0.960187 0.0179687 0.030445 0.00709534
0 0.118945 0.985948 0.028125 0.0257611 0.00695801
0 0.362109 0.969555 0.0273438 0.0538642 0.00653839
0 0.142969 0.983607 0.0121094 0.0327869 0.00595856
18 0.794531 0.383489 0.125 0.125293 0.00564194
18 0.9375 0.318501 0.040625 0.0327869 0.0055542
0 0.193359 0.961358 0.0125 0.030445 0.00544739
0 0.251172 0.981265 0.0179687 0.0374707 0.00479126
18 0.903125 0.370023 0.0375 0.0409836 0.00457382
0 0.380469 0.981265 0.0304688 0.0374707 0.00457382
18 0.573438 0.0753074 0.08125 0.0603044 0.00432968
32 0.634375 0.149151 0.046875 0.0591335 0.00362206
0 0.291602 0.981265 0.0152344 0.0351288 0.00336266
0 0.136523 0.980679 0.0222656 0.0386417 0.00331116
0 0.245312 0.983607 0.0234375 0.030445 0.00319672
23 0.0268677 0.920375 0.0509521 0.147541 0.00291252
18 0.85 0.398419 0.040625 0.0403981 0.00288963
0 0.344336 0.978923 0.0140625 0.0374707 0.00279999
18 0.845313 0.394028 0.03125 0.0333724 0.00275803
0 0.304492 0.972482 0.015625 0.0386417 0.00275803
0 0.26582 0.975995 0.0320312 0.0444965 0.00258064
18 0.583984 0.0766247 0.0578125 0.0560597 0.00240517
0 0.15293 0.980094 0.015625 0.0398126 0.00225258
0 0.186719 0.970726 0.0210938 0.0374707 0.00211525
18 0.850781 0.405738 0.040625 0.0497658 0.00209999
0 0.362109 0.988876 0.0257812 0.0222482 0.00197983
20 0.878125 0.378806 0.090625 0.0807962 0.00193405
0 0.180078 0.962529 0.0164063 0.028103 0.00191879
0 0.277344 0.974239 0.0234375 0.0421546 0.00186062
18 0.366406 0.242681 0.0632813 0.0485948 0.00178909
7 0.249658 0.984192 0.181152 0.0316159 0.00171375
20 0.17334 0.507904 0.136133 0.13466 0.00168133
18 0.585156 0.223214 0.190625 0.110948 0.00167465
18 0.404687 0.106045 0.189844 0.202137 0.0016613
0 0.337109 0.97541 0.0375 0.0444965 0.00152493
0 0.167578 0.983607 0.0246094 0.0327869 0.00146675
18 0.590625 0.1119 0.134375 0.13832 0.00146675
0 0.191602 0.982436 0.0136719 0.0327869 0.00139904
7 0.22168 0.981265 0.172266 0.0374707 0.00137806
0 0.323047 0.984777 0.0398437 0.0257611 0.00131989
0 0.252539 0.990632 0.0167969 0.0187354 0.00131512
32 0.587891 0.0775944 0.05 0.0526566 0.00130939
18 0.904688 0.406616 0.04375 0.0257611 0.0012846
18 0.902344 0.399883 0.046875 0.0386417 0.00124931
18 0.541016 0.213847 0.105469 0.0925058 0.0012064
20 0.172852 0.490047 0.135156 0.0936768 0.00120163
0 0.10957 0.985948 0.0425781 0.0269321 0.00119209
0 0.271875 0.991803 0.0308594 0.0163934 0.00113773
0 0.215234 0.982436 0.0296875 0.030445 0.0011158
0 0.117773 0.978923 0.0324219 0.0421546 0.00109482
18 0.78457 0.367096 0.105859 0.087822 0.00108624
0 0.0677246 0.978923 0.021582 0.0398126 0.00108147
15 0.569531 0.50322 0.434375 0.607143 0.00106525
0 0.305469 0.990047 0.01875 0.0187354 0.00104427
0 0.3125 0.97541 0.0421875 0.0444965 0.00100422
21 0.569434 0.501756 0.433008 0.607728 0.98291
18 0.877344 0.374415 0.090625 0.0702576 0.100159
18 0.870313 0.361827 0.075 0.0468384 0.0296478
0 0.361719 0.977166 0.0265625 0.0421546 0.028595
18 0.528906 0.208138 0.0796875 0.0960187 0.0249939
18 0.633594 0.150468 0.0484375 0.0564988 0.0210419
18 0.865625 0.371487 0.0703125 0.0685012 0.0204926
0 0.30332 0.980679 0.0167969 0.0362998 0.0196381
18 0.867969 0.355679 0.0640625 0.0357143 0.0102463
0 0.287305 0.978337 0.0152344 0.0398126 0.00978088
0 0.275781 0.98185 0.03125 0.0327869 0.00945282
18 0.909375 0.361827 0.025 0.0269321 0.0091629
0 0.123438 0.984777 0.0230469 0.030445 0.00898743
0 0.214453 0.960187 0.0179687 0.030445 0.00728989
0 0.118945 0.985948 0.028125 0.0257611 0.00703812
18 0.794531 0.383197 0.125 0.124122 0.00626373
0 0.142969 0.983607 0.0125 0.0327869 0.00584412
18 0.9375 0.318794 0.040625 0.0327869 0.00582123
0 0.193359 0.961358 0.0125 0.030445 0.00561905
0 0.362109 0.96897 0.0289063 0.0538642 0.00502014
0 0.251172 0.981265 0.0179687 0.0374707 0.00486755
18 0.903125 0.370023 0.0375 0.0409836 0.00471878
18 0.573438 0.0753074 0.08125 0.0603044 0.00466537
0 0.380469 0.981265 0.0304688 0.0374707 0.00453949
32 0.634375 0.148968 0.046875 0.0592067 0.00342941
0 0.291602 0.981265 0.0152344 0.0351288 0.00337601
0 0.245312 0.983607 0.0234375 0.030445 0.00331116
0 0.136523 0.980094 0.0224609 0.0398126 0.00319672
0 0.304492 0.972482 0.015625 0.0386417 0.0029583
18 0.85 0.398712 0.040625 0.0409836 0.00294685
0 0.344336 0.978923 0.0144531 0.0374707 0.0028553
18 0.846094 0.394028 0.0328125 0.0333724 0.00275803
0 0.266016 0.97541 0.0320312 0.0444965 0.00265312
18 0.583984 0.0766247 0.0578125 0.0560597 0.00260162
23 0.02677 0.920375 0.0509521 0.147541 0.00260162
20 0.17334 0.508197 0.136133 0.13466 0.002388
0 0.15293 0.980094 0.015625 0.0398126 0.00225258
0 0.186719 0.970726 0.0210938 0.0386417 0.00216484
18 0.366406 0.242681 0.0632813 0.0485948 0.00213242
0 0.362109 0.988876 0.0257812 0.0222482 0.00202751
0 0.277344 0.974239 0.0242188 0.0421546 0.00195694
0 0.180078 0.962529 0.0164063 0.028103 0.00194931
20 0.878125 0.378806 0.090625 0.0807962 0.00188923
18 0.585156 0.223068 0.190625 0.111241 0.00178909
18 0.404687 0.105972 0.189844 0.201991 0.00173378
20 0.172852 0.490047 0.135156 0.0936768 0.00167465
7 0.250342 0.984192 0.182129 0.0316159 0.00158501
0 0.337305 0.97541 0.0382813 0.0444965 0.00152493
18 0.590625 0.111827 0.134375 0.138173 0.00148392
0 0.167773 0.983607 0.0246094 0.0327869 0.00147247
0 0.191406 0.982436 0.0140625 0.0327869 0.00144958
18 0.541016 0.2137 0.105469 0.0925058 0.00137234
0 0.323047 0.984777 0.0398437 0.0257611 0.00135136
18 0.904688 0.406616 0.04375 0.0257611 0.00134563
32 0.587891 0.0775944 0.05 0.0526566 0.00131989
0 0.252539 0.990632 0.0167969 0.0187354 0.00131989
7 0.221826 0.980679 0.172754 0.0386417 0.00124454
18 0.78457 0.367096 0.105859 0.087822 0.00123978
18 0.902344 0.398712 0.046875 0.0409836 0.00123978
0 0.10957 0.985948 0.0427734 0.0269321 0.00119686
0 0.271875 0.991803 0.03125 0.0163934 0.00119686
0 0.215234 0.981265 0.0296875 0.030445 0.00115108
15 0.569629 0.50322 0.43418 0.607143 0.00109863
0 0.209766 0.964871 0.0398437 0.0491803 0.00109005
0 0.117773 0.978337 0.0324219 0.0433255 0.00107288
0 0.305469 0.989461 0.01875 0.0187354 0.00104809
0 0.312891 0.97541 0.0421875 0.0444965 0.00102425
0 0.0676758 0.978923 0.0216797 0.0398126 0.00101662
0 0.177344 0.985948 0.0289063 0.028103 0.00101662
0 0.226562 0.984192 0.0328125 0.0269321 0.00100803
21 0.568359 0.502342 0.433594 0.607728 0.980469
18 0.876563 0.376756 0.0921875 0.0778688 0.0616455
18 0.865625 0.372073 0.071875 0.0696721 0.0238647
18 0.871094 0.362412 0.075 0.0480094 0.0190582
0 0.361719 0.978923 0.0261719 0.0386417 0.0133286
20 0.173438 0.492389 0.136328 0.0971897 0.0120087
18 0.633594 0.150468 0.0484375 0.0541569 0.00974274
18 0.86875 0.355679 0.0625 0.0362998 0.00809479
18 0.529297 0.209016 0.0796875 0.0936768 0.00803375
0 0.303125 0.982436 0.0164063 0.0327869 0.00746155
20 0.17373 0.510539 0.137305 0.140515 0.00706482
0 0.123242 0.984777 0.0238281 0.030445 0.00557709
0 0.276172 0.982436 0.03125 0.0327869 0.00508118
18 0.909375 0.361241 0.025 0.0269321 0.00496292
18 0.793945 0.382026 0.124609 0.122365 0.00452042
32 0.634766 0.14959 0.0453125 0.0576698 0.00421524
0 0.11875 0.985948 0.0296875 0.0257611 0.00340271
0 0.14375 0.983607 0.0128906 0.0327869 0.00309944
18 0.900781 0.372073 0.0421875 0.0468384 0.00299263
0 0.362109 0.969555 0.0273438 0.0550351 0.00299263
0 0.251172 0.982436 0.01875 0.0339578 0.00288963
18 0.173926 0.484192 0.139648 0.0960187 0.00244331
0 0.214258 0.960187 0.0179687 0.030445 0.00232315
72 0.56875 0.502635 0.434375 0.607143 0.00212479
0 0.291016 0.981265 0.0171875 0.0351288 0.00209045
15 0.56875 0.502635 0.434375 0.607143 0.0017004
18 0.9375 0.318501 0.040625 0.0327869 0.00160408
0 0.344141 0.980094 0.015625 0.0351288 0.0014782
0 0.245703 0.984192 0.0234375 0.029274 0.00146103
0 0.361719 0.98829 0.0257812 0.0210773 0.00146103
18 0.845313 0.393443 0.03125 0.0339578 0.00139427
0 0.193359 0.961358 0.0125 0.029274 0.00138855
62 0.56875 0.502635 0.434375 0.607143 0.00130463
18 0.174951 0.514051 0.140723 0.153396 0.00116539
0 0.287109 0.976581 0.021875 0.0421546 0.00116062
0 0.151953 0.980094 0.0177734 0.0398126 0.00114727
18 0.848437 0.389344 0.0375 0.0444965 0.00109863
18 0.585938 0.223068 0.192188 0.110656 0.00106525
18 0.573438 0.0738437 0.078125 0.0554742 0.00102425
