3 0.692969 0.770492 0.378125 0.374707 0.922852
39 0.378906 0.427986 0.0203125 0.0843091 0.0113754
39 0.37959 0.432377 0.0173828 0.0667447 0.00695801
39 0.395313 0.426522 0.015625 0.0848946 0.00521851
58 0.82207 0.233607 0.352734 0.465457 0.00432968
39 0.371484 0.4274 0.0117188 0.0784543 0.00419998
69 0.321484 0.482436 0.364063 0.912178 0.00374985
74 0.759375 0.434133 0.0421875 0.0854801 0.00316048
58 0.82207 0.381148 0.355859 0.757611 0.00311089
0 0.673438 0.448478 0.0171875 0.029274 0.003088
72 0.319873 0.476874 0.354004 0.911592 0.00293541
39 0.374219 0.42945 0.0171875 0.088993 0.00279999
58 0.0709961 0.495023 0.125195 0.266393 0.00235939
74 0.764453 0.420375 0.0539063 0.112998 0.00226974
39 0.392188 0.428279 0.0125 0.0755269 0.00225258
73 0.417188 0.4274 0.01875 0.0854801 0.00216484
73 0.43125 0.428279 0.0164063 0.0837236 0.00185299
73 0.421094 0.426229 0.0140625 0.0807962 0.00185299
0 0.725781 0.43911 0.01875 0.0362998 0.00177479
73 0.439453 0.429742 0.0171875 0.0901639 0.00159168
74 0.757031 0.444965 0.0375 0.0632318 0.00157928
39 0.51875 0.62178 0.0132813 0.0257611 0.00134563
73 0.435156 0.426815 0.0171875 0.0854801 0.00116062
41 0.37959 0.432377 0.0173828 0.0667447 0.00112438
73 0.442969 0.431206 0.015625 0.0971897 0.00101662
3 0.693359 0.770492 0.378906 0.377049 0.93457
39 0.378906 0.427986 0.0195312 0.0843091 0.0136871
39 0.379688 0.433548 0.0171875 0.0644028 0.00834656
39 0.395313 0.426522 0.015625 0.0848946 0.00598145
58 0.821875 0.228337 0.351562 0.456089 0.0050621
0 0.673047 0.448478 0.0171875 0.029274 0.00488663
39 0.371484 0.427986 0.0109375 0.0772834 0.00460815
39 0.394922 0.41452 0.0148437 0.0608899 0.00362206
74 0.758984 0.437939 0.0414063 0.0784543 0.00359344
39 0.373828 0.42945 0.0164063 0.0884075 0.00335121
58 0.821875 0.376171 0.354688 0.748829 0.00331116
72 0.321289 0.476874 0.355078 0.911592 0.00331116
58 0.0710938 0.494145 0.124609 0.265808 0.00300407
73 0.417188 0.4274 0.0171875 0.0854801 0.00299263
69 0.324414 0.482436 0.368359 0.91452 0.00296974
0 0.725781 0.43911 0.01875 0.0362998 0.00294685
73 0.421094 0.426229 0.0140625 0.0807962 0.00255013
73 0.430469 0.428571 0.015625 0.0831382 0.00253105
39 0.392188 0.429157 0.0117188 0.0737705 0.00251198
74 0.764063 0.42096 0.0515625 0.111241 0.00230598
73 0.439844 0.429742 0.0171875 0.0901639 0.00209999
39 0.51875 0.62178 0.0132813 0.0257611 0.00160408
73 0.434375 0.426815 0.015625 0.0843091 0.00156116
73 0.442969 0.431499 0.015625 0.0971897 0.00136662
73 0.402344 0.43267 0.1 0.102459 0.00133038
73 0.441406 0.428864 0.0125 0.0831382 0.0012064
41 0.379688 0.433548 0.0171875 0.0644028 0.00112057
73 0.379688 0.433548 0.0171875 0.0644028 0.00109863
9 0.673047 0.448478 0.0171875 0.029274 0.00101185
73 0.405469 0.428279 0.0101563 0.0825527 0.00100803
16 0.692969 0.770492 0.378125 0.380562 0.00100803
3 0.69375 0.770492 0.379688 0.377049 0.938477
39 0.378906 0.427986 0.0195312 0.0843091 0.016098
39 0.379785 0.434133 0.0169922 0.0626464 0.00989532
39 0.395313 0.426229 0.015625 0.0843091 0.0068512
0 0.673047 0.448478 0.0171875 0.029274 0.00631332
39 0.371094 0.427986 0.0109375 0.0761124 0.0051384
58 0.821875 0.224971 0.351562 0.449941 0.00475693
74 0.758594 0.440281 0.040625 0.0725995 0.00460815
0 0.725781 0.43911 0.01875 0.0362998 0.00443268
58 0.0711426 0.49356 0.124512 0.265808 0.00439835
39 0.394922 0.412178 0.0148437 0.0562061 0.00416565
73 0.416797 0.4274 0.0171875 0.0854801 0.0039444
39 0.373437 0.429742 0.015625 0.087822 0.00379562
73 0.429688 0.428571 0.0140625 0.0831382 0.00337601
73 0.421094 0.426229 0.0140625 0.0807962 0.00329781
39 0.392188 0.429742 0.0117188 0.0725995 0.00291252
74 0.763281 0.421546 0.05 0.108899 0.00277901
72 0.321143 0.477166 0.352246 0.909836 0.00271416
73 0.439453 0.429742 0.0164063 0.0895784 0.00263214
58 0.820117 0.379977 0.353516 0.757611 0.00221634
69 0.324414 0.483314 0.367578 0.913934 0.00219154
73 0.402734 0.432963 0.100781 0.10363 0.00202751
73 0.434375 0.426815 0.015625 0.0843091 0.00200272
39 0.51875 0.62178 0.0132813 0.0257611 0.00178242
73 0.44375 0.430913 0.0140625 0.0960187 0.00171375
73 0.432031 0.426229 0.0109375 0.0772834 0.00168705
73 0.379785 0.434133 0.0169922 0.0626464 0.00157356
73 0.405469 0.427986 0.009375 0.0819672 0.00140476
73 0.442578 0.426229 0.0109375 0.0807962 0.00136185
74 0.402734 0.432963 0.100781 0.10363 0.00133038
73 0.392188 0.429742 0.0117188 0.0725995 0.00131512
41 0.379785 0.434133 0.0169922 0.0626464 0.00115108
9 0.673047 0.448478 0.0171875 0.029274 0.0011425
16 0.692969 0.770492 0.378125 0.381733 0.0011425
73 0.371094 0.427986 0.0109375 0.0761124 0.00108147
73 0.422266 0.328454 0.015625 0.0954333 0.00105286
73 0.372656 0.430621 0.015625 0.0848946 0.00104427
0 0.689063 0.418618 0.0515625 0.0925058 0.00100803
3 0.69375 0.770492 0.379688 0.379391 0.945312
39 0.379004 0.427986 0.0185547 0.0831382 0.0194244
39 0.379688 0.435012 0.0164063 0.0603044 0.0120087
39 0.395313 0.426229 0.015625 0.0843091 0.00812531
39 0.378809 0.419789 0.0158203 0.0690866 0.00725937
58 0.0712402 0.492681 0.123926 0.266393 0.00709534
0 0.673047 0.448478 0.0171875 0.029274 0.00653839
74 0.758594 0.441159 0.040625 0.0702576 0.00621796
39 0.371094 0.428279 0.0101563 0.0755269 0.00542831
73 0.416797 0.427108 0.0164063 0.0848946 0.00540543
0 0.725781 0.43911 0.01875 0.0362998 0.00526047
39 0.394922 0.409836 0.0148437 0.0515222 0.00510025
73 0.429297 0.428571 0.0140625 0.0831382 0.00486755
73 0.421094 0.426229 0.0132813 0.0807962 0.00471878
58 0.821875 0.221019 0.353125 0.442037 0.00468063
39 0.372461 0.429742 0.0144531 0.087822 0.00400543
73 0.403125 0.433255 0.101562 0.104215 0.00370789
73 0.439453 0.429742 0.0164063 0.088993 0.00365067
39 0.392188 0.430913 0.0109375 0.0702576 0.00348282
74 0.763281 0.422717 0.05 0.106557 0.00346947
73 0.434375 0.426229 0.015625 0.0831382 0.0029583
72 0.321045 0.477752 0.349316 0.908665 0.00286674
39 0.382129 0.437354 0.0154297 0.0562061 0.00277901
73 0.379688 0.435012 0.0164063 0.0603044 0.00252151
73 0.43125 0.426229 0.0109375 0.0772834 0.00247192
73 0.44375 0.430913 0.0140625 0.0948478 0.00244331
69 0.325391 0.484192 0.36875 0.91452 0.002388
73 0.405469 0.427986 0.009375 0.0813817 0.00234222
73 0.441406 0.428571 0.0117188 0.0825527 0.00219917
74 0.403125 0.433255 0.101562 0.104215 0.00219917
73 0.392188 0.430913 0.0109375 0.0702576 0.00210762
39 0.51875 0.62178 0.0132813 0.0234192 0.00195694
73 0.371094 0.428279 0.0101563 0.0755269 0.0016613
73 0.382129 0.437354 0.0154297 0.0562061 0.00164223
73 0.372656 0.430328 0.0148437 0.0843091 0.00156689
58 0.820117 0.36534 0.353516 0.728337 0.00156116
73 0.410156 0.378513 0.120313 0.233021 0.00154877
0 0.0708008 0.49034 0.124023 0.262881 0.00150108
16 0.693359 0.771077 0.378906 0.381733 0.00139904
73 0.422656 0.328454 0.015625 0.0948478 0.00138855
73 0.394531 0.435597 0.0109375 0.0608899 0.00129986
73 0.435547 0.469848 0.0171875 0.0322014 0.0012064
74 0.288672 0.429742 0.0445313 0.086651 0.00119686
9 0.673047 0.448478 0.0171875 0.029274 0.00119686
39 0.394531 0.435597 0.0109375 0.0608899 0.00116539
74 0.329297 0.178023 0.292969 0.134002 0.00113773
39 0.51875 0.59719 0.0132813 0.0690866 0.00110722
73 0.376953 0.33226 0.025 0.0860656 0.00109863
73 0.419922 0.46692 0.015625 0.0386417 0.00109005
0 0.688281 0.418618 0.05 0.0913349 0.00107765
68 0.329492 0.1774 0.294141 0.132904 0.00105286
1 0.763281 0.422717 0.05 0.106557 0.00104046
41 0.379688 0.435012 0.0164063 0.0603044 0.00103188
24 0.681641 0.713115 0.102344 0.0796253 0.00103188
69 0.329492 0.1774 0.294141 0.132904 0.00101662
58 0.0376953 0.711944 0.0736328 0.0667447 0.00100803
3 0.694141 0.770492 0.380469 0.379391 0.956055
39 0.378906 0.427986 0.0179687 0.0837236 0.0153656
39 0.379688 0.435012 0.015625 0.0608899 0.0104904
74 0.758594 0.442037 0.0390625 0.0679157 0.00821686
58 0.0714355 0.491511 0.123535 0.266393 0.00757599
0 0.673047 0.448185 0.0171875 0.0286885 0.00737381
0 0.725781 0.43911 0.01875 0.0362998 0.00674438
39 0.378906 0.41452 0.015625 0.0591335 0.00636292
39 0.395313 0.426522 0.0140625 0.0843091 0.00595856
73 0.416797 0.4274 0.0164063 0.0843091 0.00561905
73 0.429297 0.428279 0.0132813 0.0825527 0.0050621
73 0.421094 0.426229 0.0132813 0.0807962 0.0049057
73 0.404297 0.433255 0.104688 0.105386 0.00466537
39 0.394922 0.407494 0.0140625 0.0456674 0.00443268
74 0.7625 0.425644 0.0484375 0.0995316 0.00388527
39 0.370703 0.427986 0.0101563 0.0772834 0.00367928
73 0.439453 0.429742 0.015625 0.088993 0.00342941
73 0.433984 0.426229 0.0148437 0.0825527 0.00322342
73 0.379688 0.435012 0.015625 0.0608899 0.00314713
39 0.392188 0.430913 0.0109375 0.0702576 0.00271416
73 0.392188 0.430913 0.0109375 0.0702576 0.00263214
73 0.405078 0.427986 0.009375 0.0813817 0.00257111
73 0.43125 0.426229 0.0109375 0.0772834 0.00251198
39 0.382031 0.437354 0.0148437 0.0562061 0.00250244
39 0.371875 0.430035 0.0140625 0.088993 0.00247192
73 0.444531 0.430621 0.0140625 0.0948478 0.00245285
72 0.323242 0.480972 0.356641 0.912763 0.00236893
74 0.404297 0.433255 0.104688 0.105386 0.00234222
58 0.82168 0.217799 0.353516 0.434426 0.00228691
73 0.441406 0.428571 0.0109375 0.0825527 0.00209999
73 0.382031 0.437354 0.0148437 0.0562061 0.00198746
73 0.370703 0.427986 0.0101563 0.0772834 0.00194168
39 0.51875 0.622951 0.0125 0.0234192 0.00188255
16 0.69375 0.771663 0.379688 0.381733 0.00175476
73 0.372266 0.430035 0.0148437 0.0848946 0.00174809
73 0.394531 0.435597 0.0101563 0.0608899 0.00161648
69 0.325977 0.485363 0.368359 0.918033 0.00158501
73 0.409766 0.378806 0.119531 0.230679 0.00142097
58 0.769531 0.704333 0.040625 0.028103 0.00137806
74 0.329492 0.178425 0.292578 0.133197 0.00135612
9 0.673047 0.448185 0.0171875 0.0286885 0.00134087
24 0.682031 0.713115 0.101562 0.0796253 0.0012846
73 0.422266 0.328454 0.0148437 0.0948478 0.00127411
14 0.696875 0.382318 0.0148437 0.0234192 0.00126457
1 0.7625 0.425644 0.0484375 0.0995316 0.00119686
0 0.0708984 0.489461 0.123828 0.263466 0.00119209
73 0.435156 0.471311 0.0171875 0.028103 0.00118828
73 0.420312 0.469555 0.015625 0.0327869 0.00116062
58 0.767188 0.710773 0.0484375 0.0386417 0.0011425
74 0.288672 0.430035 0.0445313 0.086651 0.00113773
1 0.725781 0.439403 0.021875 0.0386417 0.00112915
68 0.329688 0.177254 0.29375 0.132026 0.00112057
0 0.686328 0.419204 0.0453125 0.087822 0.00108624
58 0.763281 0.717213 0.0578125 0.0550351 0.00108147
58 0.0376953 0.711944 0.0734375 0.0667447 0.00107288
39 0.51875 0.598361 0.0125 0.0667447 0.00106525
69 0.329688 0.177254 0.29375 0.132026 0.00101662
73 0.377344 0.331967 0.025 0.087822 0.00100422
3 0.69375 0.770492 0.38125 0.377049 0.965332
39 0.378906 0.427693 0.0179687 0.0837236 0.0119629
74 0.758594 0.442037 0.0390625 0.0667447 0.0109482
39 0.379688 0.433841 0.015625 0.0620609 0.00888062
0 0.725781 0.43911 0.01875 0.0362998 0.0086441
0 0.673047 0.447892 0.0171875 0.028103 0.0077858
73 0.405469 0.432963 0.105469 0.105386 0.0069046
58 0.0719727 0.491218 0.12207 0.266979 0.00643921
73 0.417188 0.426815 0.015625 0.0843091 0.00626373
39 0.379004 0.409836 0.0154297 0.0503513 0.00614548
73 0.428906 0.427986 0.0132813 0.0819672 0.00579834
73 0.421484 0.427108 0.015625 0.0854801 0.00544739
39 0.395313 0.426229 0.0140625 0.0843091 0.00443268
74 0.7625 0.429157 0.0484375 0.0925058 0.00436401
39 0.394922 0.404859 0.0140625 0.0415691 0.00415039
73 0.379688 0.433841 0.015625 0.0620609 0.00385475
73 0.439453 0.429157 0.015625 0.088993 0.00382423
73 0.433984 0.425937 0.0148437 0.0825527 0.00359344
73 0.392188 0.429742 0.0109375 0.072014 0.00322342
73 0.405078 0.427693 0.009375 0.0813817 0.00293541
74 0.405469 0.432963 0.105469 0.105386 0.00287819
73 0.43125 0.425937 0.0109375 0.0778688 0.00279999
73 0.444531 0.430328 0.0140625 0.0948478 0.00269318
39 0.370508 0.4274 0.00976562 0.0784543 0.00257111
73 0.441406 0.427986 0.0109375 0.0819672 0.00237846
73 0.382031 0.436768 0.0148437 0.0562061 0.00236893
58 0.770312 0.704333 0.040625 0.028103 0.00236893
39 0.382031 0.436768 0.0148437 0.0562061 0.00221634
73 0.370508 0.4274 0.00976562 0.0784543 0.00211525
39 0.51875 0.622951 0.0125 0.0210773 0.00194168
39 0.392188 0.429742 0.0109375 0.072014 0.00192642
73 0.394531 0.435012 0.0101563 0.0614754 0.00191212
73 0.37207 0.429742 0.0144531 0.0860656 0.00190449
16 0.692969 0.772248 0.379688 0.380562 0.00189686
58 0.767188 0.710773 0.0484375 0.0398126 0.00179577
58 0.763281 0.716628 0.0578125 0.0562061 0.00176811
74 0.767969 0.42096 0.0609375 0.112412 0.00173378
39 0.371094 0.429742 0.0132813 0.088993 0.0016489
74 0.329688 0.178864 0.291406 0.131148 0.00158501
9 0.673047 0.447892 0.0171875 0.028103 0.00153637
72 0.319873 0.479508 0.338379 0.879391 0.00144386
1 0.7625 0.429157 0.0484375 0.0925058 0.00143242
68 0.330078 0.177364 0.292969 0.13005 0.0014267
14 0.696875 0.382318 0.0140625 0.0234192 0.00136662
73 0.420312 0.47014 0.015625 0.0316159 0.00133514
58 0.0376953 0.711944 0.0733398 0.0655738 0.00132465
9 0.798438 0.441745 0.028125 0.0603044 0.00129414
73 0.435156 0.473068 0.0171875 0.0245902 0.0012846
1 0.725391 0.43911 0.0210938 0.0386417 0.00123978
73 0.409766 0.378806 0.11875 0.229508 0.0012064
74 0.725781 0.43911 0.01875 0.0362998 0.00119209
0 0.685547 0.42096 0.0414063 0.0831382 0.00118351
73 0.422266 0.328454 0.0148437 0.0936768 0.00117874
69 0.330078 0.177364 0.292969 0.13005 0.0011425
24 0.682422 0.713115 0.100781 0.0796253 0.00110722
73 0.378906 0.427693 0.0179687 0.0837236 0.00109863
0 0.0713867 0.488876 0.122266 0.263466 0.00109863
9 0.794531 0.439696 0.0203125 0.059719 0.00106907
73 0.376563 0.331382 0.0257812 0.0884075 0.00106525
1 0.756641 0.444087 0.0359375 0.0626464 0.00104046
69 0.324023 0.485656 0.364453 0.919789 0.00101662
73 0.403516 0.322892 0.108594 0.107143 0.00100803
3 0.692969 0.771663 0.38125 0.377049 0.967773
74 0.758594 0.44233 0.0390625 0.0661592 0.0107346
0 0.725781 0.438817 0.01875 0.0357143 0.00748825
39 0.378906 0.427693 0.0179687 0.0837236 0.00740433
0 0.673047 0.447892 0.0164063 0.028103 0.00651169
73 0.407031 0.432963 0.108594 0.105972 0.00638962
39 0.37959 0.433255 0.0158203 0.0632318 0.00624084
58 0.0722656 0.491511 0.121484 0.266393 0.0053215
73 0.417188 0.426229 0.0164063 0.0831382 0.0050621
39 0.379004 0.409251 0.0154297 0.0485948 0.00486755
73 0.421875 0.426522 0.015625 0.0848946 0.00484848
73 0.428906 0.4274 0.0132813 0.0819672 0.0046463
74 0.7625 0.431206 0.0484375 0.087822 0.0041008
58 0.769922 0.704333 0.0414063 0.028103 0.00344276
73 0.37959 0.433255 0.0158203 0.0632318 0.00332451
74 0.407031 0.432963 0.108594 0.105972 0.00332451
73 0.433594 0.425644 0.0148437 0.0819672 0.00317192
39 0.394922 0.403689 0.0140625 0.0392272 0.00313568
73 0.439844 0.429157 0.015625 0.087822 0.00288963
73 0.392188 0.429157 0.0109375 0.0725995 0.00277901
39 0.395313 0.425937 0.0140625 0.0837236 0.00269318
58 0.763281 0.716628 0.0578125 0.0562061 0.00260162
58 0.767188 0.710773 0.0484375 0.0398126 0.00258064
16 0.692969 0.772834 0.379688 0.379391 0.00230598
73 0.405078 0.4274 0.009375 0.0807962 0.00228691
73 0.445312 0.430035 0.0140625 0.0942623 0.00222588
73 0.382031 0.436768 0.0148437 0.0562061 0.00210762
73 0.443359 0.425644 0.0101563 0.0807962 0.00188255
39 0.51875 0.624122 0.0125 0.0210773 0.00188255
74 0.329688 0.178718 0.291406 0.129684 0.00185299
74 0.767969 0.42096 0.0609375 0.111827 0.0017004
73 0.370313 0.4274 0.0101563 0.0796253 0.00168133
73 0.394531 0.434719 0.0101563 0.0614754 0.00165462
39 0.382031 0.436768 0.0148437 0.0562061 0.0016489
39 0.370313 0.4274 0.0101563 0.0796253 0.0015974
73 0.37207 0.42945 0.0144531 0.0860656 0.0015974
9 0.673047 0.447892 0.0164063 0.028103 0.00155449
68 0.330078 0.176961 0.292969 0.128513 0.00154305
9 0.798438 0.442037 0.028125 0.0591335 0.00130939
39 0.392188 0.429157 0.0109375 0.0725995 0.0012846
24 0.682031 0.713115 0.101562 0.0796253 0.0012064
1 0.7625 0.431206 0.0484375 0.087822 0.00120163
14 0.696875 0.382318 0.0140625 0.0234192 0.00115108
73 0.420312 0.471897 0.0148437 0.028103 0.00112057
0 0.0714844 0.488876 0.121875 0.262295 0.0011034
74 0.725781 0.438817 0.01875 0.0357143 0.00107765
73 0.404687 0.322307 0.110156 0.107143 0.00106049
9 0.794531 0.439696 0.0203125 0.058548 0.00105667
69 0.330078 0.176961 0.292969 0.128513 0.00105667
58 0.0378052 0.711944 0.0734131 0.0655738 0.00105286
73 0.407422 0.568208 0.116406 0.110656 0.00104809
73 0.435156 0.474239 0.0171875 0.0234192 0.00103188
0 0.685938 0.424473 0.0382813 0.0749414 0.00100422
3 0.692969 0.772248 0.379688 0.374707 0.963867
74 0.758594 0.442037 0.0390625 0.0661592 0.00760651
0 0.725781 0.43911 0.01875 0.0351288 0.00629044
0 0.673047 0.447892 0.0164063 0.028103 0.00621796
39 0.380078 0.43267 0.015625 0.0644028 0.00457382
58 0.769922 0.704918 0.0414063 0.028103 0.00441742
39 0.379297 0.427986 0.0179687 0.0843091 0.00436401
73 0.408203 0.433255 0.110937 0.106557 0.00431442
58 0.0725098 0.492096 0.120996 0.265222 0.00370789
58 0.766797 0.710773 0.0476562 0.0374707 0.00346947
58 0.762891 0.717213 0.0585938 0.0550351 0.00341606
73 0.421875 0.426229 0.015625 0.0843091 0.00338936
39 0.379004 0.411592 0.0154297 0.0532787 0.00331116
74 0.408203 0.433255 0.110937 0.106557 0.00316048
73 0.417188 0.426522 0.0171875 0.0837236 0.003088
74 0.7625 0.431206 0.0484375 0.087822 0.00259018
73 0.429297 0.4274 0.0140625 0.0819672 0.0024929
73 0.433594 0.425644 0.015625 0.0825527 0.00225258
73 0.380078 0.43267 0.015625 0.0644028 0.00219917
74 0.329883 0.178242 0.291797 0.129464 0.00212479
39 0.394922 0.403396 0.0140625 0.0386417 0.00204277
16 0.692969 0.773419 0.379688 0.377049 0.00200272
39 0.51875 0.624122 0.0125 0.0210773 0.00183868
73 0.391797 0.428571 0.0117188 0.0737705 0.00182438
72 0.321094 0.483021 0.335156 0.874707 0.00171375
68 0.330078 0.176559 0.292969 0.128732 0.00166798
39 0.395313 0.426229 0.0140625 0.0843091 0.00161076
73 0.382422 0.436183 0.0148437 0.0562061 0.00148964
24 0.682031 0.713115 0.101562 0.0796253 0.00142097
73 0.439844 0.429157 0.015625 0.087822 0.00141048
73 0.445312 0.429742 0.0148437 0.0948478 0.00134563
73 0.407715 0.568208 0.11582 0.109485 0.00134563
73 0.404687 0.4274 0.009375 0.0807962 0.00132465
9 0.673047 0.447892 0.0164063 0.028103 0.00129414
39 0.382422 0.436183 0.0148437 0.0562061 0.00124931
73 0.44375 0.425059 0.0109375 0.0807962 0.0011425
0 0.071582 0.489461 0.12168 0.261124 0.00112438
73 0.394531 0.434426 0.0101563 0.0614754 0.00110722
14 0.696875 0.382318 0.0140625 0.0228337 0.00109005
73 0.371875 0.429742 0.0140625 0.086651 0.00106525
73 0.370313 0.427693 0.0101563 0.0796253 0.00105667
39 0.370313 0.427693 0.0101563 0.0796253 0.00105286
74 0.767969 0.42096 0.0609375 0.111241 0.00103664
6 0.951563 0.600117 0.09375 0.633489 0.00101662
3 0.692969 0.772834 0.379688 0.372365 0.962891
74 0.758594 0.44233 0.0390625 0.0661592 0.00582123
72 0.322266 0.483314 0.328906 0.876464 0.00494385
0 0.673047 0.447892 0.0171875 0.028103 0.0049057
74 0.408203 0.435597 0.111719 0.107728 0.0049057
58 0.769922 0.704918 0.0414063 0.028103 0.00453949
0 0.725781 0.43911 0.01875 0.0351288 0.0041008
73 0.408594 0.434133 0.1125 0.108314 0.00405502
39 0.380078 0.431792 0.0164063 0.0673302 0.00367928
58 0.767188 0.710187 0.046875 0.0362998 0.0036068
74 0.329688 0.178315 0.292188 0.129318 0.00341606
58 0.762891 0.716628 0.0585938 0.0538642 0.00316048
39 0.379297 0.428571 0.01875 0.0854801 0.00314713
73 0.421875 0.426522 0.015625 0.0837236 0.00284576
68 0.329883 0.176852 0.293359 0.128732 0.00276756
39 0.379297 0.415105 0.015625 0.059719 0.00263214
73 0.407422 0.568208 0.115625 0.108314 0.0024929
58 0.0719727 0.49034 0.121484 0.259368 0.00219917
73 0.417969 0.426815 0.0171875 0.0843091 0.00206757
39 0.51875 0.624122 0.0140625 0.0210773 0.00192642
73 0.433203 0.425937 0.0148437 0.0825527 0.00188255
74 0.762891 0.430621 0.0492188 0.0895784 0.00184631
69 0.327002 0.486534 0.364746 0.912178 0.00183868
73 0.380078 0.431792 0.0164063 0.0673302 0.00178242
16 0.692969 0.774005 0.379688 0.374707 0.00176144
39 0.394922 0.403981 0.0140625 0.0392272 0.00162315
74 0.407422 0.568208 0.115625 0.108314 0.00156689
73 0.392188 0.428279 0.0125 0.074356 0.00152493
73 0.429688 0.427693 0.0148437 0.0819672 0.0015192
74 0.409277 0.378732 0.117383 0.224971 0.00135612
73 0.382812 0.436183 0.015625 0.0567916 0.00131512
73 0.409277 0.378732 0.117383 0.224971 0.00126457
39 0.395313 0.426815 0.015625 0.0843091 0.00123501
0 0.0712402 0.49034 0.121973 0.26171 0.0011692
74 0.2625 0.437354 0.120313 0.108314 0.0011425
24 0.68125 0.713115 0.103125 0.0796253 0.00109863
6 0.951563 0.600849 0.09375 0.634368 0.00107288
39 0.382812 0.436183 0.015625 0.0567916 0.00105667
74 0.408496 0.324356 0.11582 0.111827 0.00103664
73 0.394531 0.434426 0.0101563 0.0620609 0.00102425
69 0.263086 0.688525 0.128516 0.416862 0.00102425
73 0.445703 0.430035 0.015625 0.0948478 0.00101662
3 0.692969 0.772834 0.378125 0.372365 0.962891
72 0.322461 0.481557 0.326953 0.879977 0.00551224
74 0.407813 0.43589 0.1125 0.108314 0.00494385
74 0.329688 0.177986 0.292188 0.129684 0.0039444
74 0.758984 0.441452 0.0398437 0.0685012 0.00352478
58 0.769922 0.704918 0.0414063 0.028103 0.00348282
0 0.673438 0.448185 0.0171875 0.0286885 0.00340271
74 0.409375 0.392272 0.115625 0.197307 0.00312424
58 0.767578 0.710187 0.0460938 0.0374707 0.00296974
73 0.408594 0.434426 0.1125 0.108899 0.00293541
39 0.380371 0.431499 0.0158203 0.0690866 0.00288963
68 0.329688 0.176815 0.29375 0.129391 0.00282288
0 0.725781 0.43911 0.01875 0.0351288 0.00260162
58 0.763281 0.717213 0.0578125 0.0550351 0.00242424
39 0.379297 0.428571 0.01875 0.0854801 0.00236893
73 0.422266 0.426522 0.015625 0.0837236 0.00224304
73 0.407129 0.568208 0.11543 0.108314 0.00224304
39 0.379297 0.417447 0.015625 0.0644028 0.00199509
69 0.326172 0.486827 0.360156 0.910421 0.00199509
74 0.407129 0.568208 0.11543 0.108314 0.00188255
39 0.51875 0.624122 0.0140625 0.0210773 0.00166798
16 0.692969 0.774005 0.379688 0.373536 0.00158501
73 0.417969 0.427108 0.01875 0.0848946 0.00153637
73 0.433203 0.426229 0.015625 0.0831382 0.00150108
73 0.380371 0.431499 0.0158203 0.0690866 0.00149536
58 0.0715332 0.490632 0.122363 0.259953 0.00139427
73 0.392188 0.428279 0.0125 0.0749414 0.00128937
39 0.395313 0.404567 0.0140625 0.0398126 0.00126457
73 0.409277 0.379098 0.117383 0.22541 0.00123501
73 0.382812 0.436183 0.015625 0.057377 0.00115108
69 0.263281 0.566159 0.123438 0.120609 0.00115108
74 0.2625 0.436183 0.121094 0.112412 0.0011034
74 0.764063 0.424766 0.0515625 0.101874 0.00108624
69 0.263086 0.688378 0.128516 0.417155 0.00105667
74 0.408496 0.325015 0.11582 0.114608 0.00104809
73 0.430078 0.427986 0.015625 0.0819672 0.00104046
6 0.951563 0.600117 0.09375 0.635831 0.00103664
74 0.263281 0.376537 0.124609 0.236388 0.00100422
3 0.692969 0.773419 0.378125 0.373536 0.965332
74 0.407422 0.436183 0.111719 0.11007 0.00566483
72 0.324805 0.478337 0.322266 0.881733 0.0050621
74 0.329883 0.178023 0.291797 0.131074 0.00452042
74 0.409375 0.377342 0.115625 0.228923 0.00355148
68 0.327734 0.180035 0.291406 0.125293 0.00332451
58 0.769922 0.704918 0.0414063 0.028103 0.00324821
58 0.767188 0.710187 0.0453125 0.0374707 0.00288963
74 0.407031 0.568501 0.114844 0.108899 0.00287819
73 0.408496 0.435012 0.112695 0.11007 0.00253105
69 0.328076 0.487998 0.356348 0.906909 0.00235939
74 0.758984 0.439403 0.0398437 0.073185 0.00234985
73 0.407031 0.568501 0.114844 0.108899 0.00226021
58 0.763281 0.716628 0.0578125 0.0562061 0.00216484
73 0.422266 0.426522 0.015625 0.0837236 0.00191212
0 0.673438 0.448185 0.0171875 0.0286885 0.00178242
39 0.380859 0.430913 0.015625 0.0702576 0.00174141
0 0.725781 0.43911 0.01875 0.0362998 0.00157356
39 0.379688 0.429157 0.01875 0.086651 0.00153637
16 0.693359 0.774005 0.378906 0.372365 0.0015192
73 0.380859 0.430913 0.015625 0.0702576 0.00143242
39 0.379688 0.419204 0.015625 0.0679157 0.00142097
73 0.408984 0.378806 0.117188 0.22541 0.00138283
73 0.392188 0.428279 0.0125 0.0755269 0.00132465
74 0.262695 0.428279 0.121875 0.131733 0.0012598
73 0.432813 0.426229 0.015625 0.0831382 0.00124454
39 0.519141 0.624122 0.0132813 0.0234192 0.00122547
73 0.41875 0.4274 0.0195312 0.0854801 0.00121117
74 0.263672 0.375878 0.125 0.238876 0.00116062
74 0.408203 0.328454 0.115625 0.122951 0.00112915
73 0.382812 0.43589 0.0148437 0.0579625 0.0011158
69 0.263281 0.566452 0.123438 0.120023 0.00110722
68 0.263281 0.566452 0.121094 0.117681 0.00106049
6 0.951563 0.600849 0.09375 0.639051 0.00105286
69 0.263281 0.688378 0.128125 0.414813 0.00100803
3 0.693359 0.774005 0.378906 0.374707 0.966309
74 0.408203 0.376171 0.115625 0.23185 0.00519943
72 0.323438 0.475117 0.325 0.882318 0.00494385
74 0.407422 0.436183 0.1125 0.111241 0.00457382
74 0.330469 0.177437 0.292188 0.13166 0.00383949
74 0.407031 0.568794 0.114063 0.108314 0.00321007
68 0.327734 0.179596 0.292188 0.126171 0.00266266
69 0.329883 0.487412 0.363672 0.915105 0.00237846
58 0.769922 0.704918 0.0414063 0.028103 0.00235939
58 0.767188 0.710187 0.0453125 0.0374707 0.00222588
73 0.407031 0.568794 0.114063 0.108314 0.00213242
58 0.763281 0.716628 0.0578125 0.0562061 0.00155449
73 0.408984 0.37822 0.117969 0.226581 0.00147247
74 0.759375 0.438525 0.040625 0.0749414 0.00137234
73 0.407422 0.436183 0.1125 0.111241 0.00125504
16 0.69375 0.77459 0.378125 0.373536 0.00125504
74 0.263672 0.375 0.126563 0.241803 0.00119686
0 0.673438 0.447892 0.015625 0.028103 0.00118351
0 0.725781 0.43911 0.0179687 0.0351288 0.00113392
73 0.421875 0.426522 0.0140625 0.0796253 0.00100803
3 0.69375 0.774005 0.378125 0.374707 0.964844
74 0.408203 0.375878 0.116406 0.232436 0.00534439
72 0.322852 0.474824 0.325391 0.880562 0.00477219
74 0.40791 0.436475 0.113867 0.112998 0.00351143
74 0.330469 0.177108 0.292969 0.132026 0.00349617
74 0.406934 0.568794 0.114258 0.108314 0.00316048
58 0.769531 0.705503 0.0421875 0.029274 0.00248146
68 0.327539 0.17912 0.292578 0.126537 0.00243378
58 0.767188 0.710773 0.0453125 0.0374707 0.00240517
69 0.329297 0.487998 0.363281 0.915105 0.00214958
73 0.406934 0.568794 0.114258 0.108314 0.00189686
58 0.762891 0.717213 0.0585938 0.0562061 0.0016613
74 0.263867 0.374707 0.127344 0.241803 0.00134087
74 0.759375 0.438817 0.040625 0.0737705 0.00130463
73 0.408984 0.37822 0.11875 0.227166 0.00128937
16 0.69375 0.775176 0.378125 0.372365 0.00121593
0 0.673438 0.448185 0.015625 0.028103 0.0012064
0 0.725781 0.43911 0.0179687 0.0351288 0.0011692
2 0.673438 0.448185 0.015625 0.028103 0.00104809
3 0.693359 0.774005 0.377344 0.374707 0.964355
74 0.408496 0.376171 0.117383 0.233021 0.00540543
72 0.322852 0.476581 0.323828 0.87822 0.0041008
74 0.329492 0.17945 0.294141 0.126756 0.00391388
74 0.406934 0.568208 0.114258 0.108314 0.00353813
69 0.329639 0.491511 0.359473 0.913934 0.00233269
68 0.327539 0.177693 0.293359 0.129391 0.00221634
73 0.406934 0.568208 0.114258 0.108314 0.00172043
58 0.769531 0.704918 0.0421875 0.028103 0.00164223
58 0.767188 0.710773 0.0453125 0.0374707 0.00161648
74 0.407031 0.410422 0.114844 0.166276 0.00141621
74 0.263672 0.374415 0.128906 0.242974 0.00130463
2 0.673438 0.447892 0.015625 0.028103 0.0011158
58 0.762891 0.716628 0.0585938 0.0562061 0.00104046
73 0.408984 0.377927 0.119531 0.227752 0.00103188
3 0.693359 0.774005 0.377344 0.374707 0.961914
74 0.408203 0.376537 0.117969 0.232875 0.0045929
72 0.326904 0.485948 0.338379 0.905152 0.00390053
74 0.329688 0.178718 0.29375 0.129098 0.00345612
74 0.406934 0.567916 0.114258 0.108899 0.00314713
69 0.330078 0.493852 0.353906 0.912763 0.0020752
58 0.767188 0.710187 0.0453125 0.0374707 0.00156689
58 0.770312 0.704918 0.0421875 0.028103 0.00149536
68 0.327539 0.176852 0.294141 0.131074 0.00144386
73 0.406934 0.567916 0.114258 0.108899 0.00131512
2 0.673438 0.447892 0.015625 0.0275176 0.00109863
3 0.693359 0.77459 0.378906 0.377049 0.96582
72 0.325391 0.487119 0.338281 0.911007 0.0055542
74 0.40791 0.37639 0.118555 0.233167 0.00477219
74 0.329688 0.177986 0.29375 0.131733 0.00305176
74 0.406152 0.567916 0.114258 0.11007 0.00273705
69 0.329102 0.494438 0.351953 0.917447 0.00221634
58 0.767188 0.710187 0.046875 0.0374707 0.00128937
58 0.770312 0.704918 0.0421875 0.028103 0.00119209
68 0.327734 0.175644 0.294531 0.133489 0.00114727
3 0.692969 0.77459 0.379688 0.377049 0.964844
72 0.324268 0.489461 0.333496 0.906323 0.00439835
74 0.408203 0.376464 0.11875 0.232436 0.00376511
74 0.329883 0.177547 0.293359 0.132904 0.00244331
74 0.406152 0.567916 0.114258 0.11007 0.00212479
69 0.327686 0.497365 0.343066 0.906909 0.00168705
58 0.767188 0.710187 0.046875 0.0374707 0.00117874
58 0.769922 0.704918 0.0429688 0.028103 0.00109863
74 0.760938 0.436183 0.0421875 0.0784543 0.00105667
3 0.692969 0.77459 0.379688 0.37822 0.96582
74 0.407813 0.376756 0.11875 0.231265 0.00288963
72 0.323047 0.490632 0.328906 0.899297 0.00235939
74 0.329688 0.177693 0.292969 0.132904 0.00201988
74 0.40625 0.568208 0.114844 0.110656 0.00146675
74 0.760938 0.433841 0.04375 0.0831382 0.00121117
58 0.766797 0.710187 0.0476562 0.0374707 0.00104809
69 0.325977 0.499122 0.337891 0.894028 0.00100803
3 0.692187 0.77459 0.379688 0.37822 0.961914
74 0.408203 0.377122 0.11875 0.230533 0.00221634
74 0.760938 0.432963 0.04375 0.0848946 0.00143242
74 0.329883 0.177986 0.292578 0.132904 0.00138855
72 0.324219 0.499122 0.335938 0.887002 0.00124454
58 0.766797 0.709602 0.0476562 0.0374707 0.00116062
58 0.769922 0.704918 0.0429688 0.028103 0.00107288
74 0.757812 0.44555 0.0390625 0.0608899 0.00105286
3 0.692187 0.774005 0.379688 0.379391 0.953613
74 0.408203 0.377342 0.11875 0.229508 0.00205803
74 0.761328 0.431499 0.0445313 0.0884075 0.00153065
74 0.757812 0.444965 0.0390625 0.0620609 0.00115585
74 0.329688 0.178571 0.292969 0.13144 0.0011425
58 0.766406 0.710773 0.05 0.0398126 0.0011158
58 0.770312 0.705503 0.04375 0.029274 0.00107288
3 0.692969 0.774005 0.379688 0.37822 0.938965
74 0.407422 0.383489 0.116406 0.217213 0.0020504
74 0.761719 0.432963 0.04375 0.0848946 0.00156116
58 0.770312 0.705503 0.04375 0.029274 0.00145531
58 0.766797 0.710773 0.0492188 0.0398126 0.00138283
74 0.757812 0.445258 0.0390625 0.0614754 0.00131512
77 0.0696777 0.484778 0.125879 0.255269 0.00124931
74 0.329688 0.178718 0.292969 0.130269 0.00112057
58 0.7625 0.716628 0.0609375 0.0562061 0.00109482
0 0.0696777 0.484778 0.125879 0.255269 0.00104046
3 0.692578 0.772834 0.377344 0.379391 0.928223
58 0.770312 0.705503 0.04375 0.029274 0.0020752
58 0.766406 0.711358 0.05 0.0398126 0.00184631
74 0.407422 0.38466 0.116406 0.216628 0.00174809
58 0.762109 0.717799 0.0617188 0.0562061 0.00169373
77 0.0699219 0.485363 0.125391 0.255269 0.00131989
74 0.760938 0.435012 0.04375 0.0807962 0.00126457
74 0.329688 0.178864 0.292969 0.129977 0.00119209
74 0.757812 0.44555 0.0390625 0.0608899 0.00117397
3 0.692969 0.772834 0.378125 0.379391 0.923828
58 0.770312 0.705503 0.04375 0.029274 0.00229645
58 0.762109 0.717799 0.0617188 0.0562061 0.00189686
58 0.766406 0.711944 0.05 0.0398126 0.00188923
74 0.407422 0.384002 0.116406 0.216774 0.00177479
77 0.0699707 0.485948 0.125098 0.257611 0.00151253
74 0.330078 0.178718 0.292969 0.130269 0.00139427
74 0.760938 0.435304 0.04375 0.0802108 0.0011692
74 0.757812 0.44555 0.0375 0.0608899 0.00113773
0 0.0699707 0.485948 0.125098 0.257611 0.00101662
1 0.692578 0.771663 0.380469 0.377049 0.00100803
3 0.692969 0.772834 0.379688 0.379391 0.92041
58 0.770312 0.705503 0.04375 0.029274 0.00258064
58 0.761719 0.717799 0.0625 0.0562061 0.00205803
58 0.766406 0.711944 0.05 0.0398126 0.0019722
74 0.40791 0.38466 0.116992 0.215457 0.00188255
74 0.330078 0.178535 0.292969 0.13005 0.00160408
1 0.692578 0.771663 0.380469 0.377049 0.00104046
74 0.757812 0.44555 0.0375 0.0608899 0.00100422
3 0.692969 0.772834 0.379688 0.379391 0.916016
58 0.770312 0.705503 0.04375 0.029274 0.00232315
58 0.767188 0.70726 0.0453125 0.0374707 0.00222588
58 0.761719 0.717799 0.0625 0.0562061 0.00201988
58 0.765625 0.711944 0.0515625 0.0421546 0.00186062
74 0.407813 0.385539 0.117188 0.212529 0.00114727
74 0.330078 0.178279 0.29375 0.130269 0.00101662
1 0.692578 0.771663 0.380469 0.377049 0.00101662
3 0.693359 0.772834 0.380469 0.379391 0.92041
58 0.770312 0.705503 0.04375 0.029274 0.00226021
58 0.767188 0.70726 0.0453125 0.0374707 0.00220871
58 0.761719 0.717799 0.0625 0.0562061 0.00214958
58 0.765625 0.712529 0.053125 0.0421546 0.00194168
1 0.692187 0.771663 0.38125 0.377049 0.00101185
3 0.692969 0.772834 0.379688 0.379391 0.928223
58 0.761719 0.717799 0.0625 0.0562061 0.00275803
58 0.766797 0.708431 0.0476562 0.0398126 0.00265312
58 0.770312 0.705503 0.0453125 0.029274 0.00261116
77 0.0686035 0.485363 0.130762 0.25644 0.00112915
1 0.692187 0.771077 0.38125 0.377049 0.00106525
3 0.693359 0.772834 0.380469 0.379391 0.936035
58 0.761719 0.717799 0.0625 0.0562061 0.00337601
58 0.766406 0.708431 0.0484375 0.0421546 0.00317192
58 0.770312 0.706089 0.0453125 0.030445 0.00304031
77 0.0687012 0.485656 0.130957 0.255855 0.00142097
1 0.692187 0.770492 0.38125 0.377049 0.00108624
3 0.692969 0.774005 0.379688 0.379391 0.940918
58 0.761719 0.717799 0.0625 0.058548 0.00419998
58 0.766406 0.710187 0.05 0.0444965 0.00392914
58 0.770312 0.706089 0.046875 0.0316159 0.00372124
77 0.06875 0.485656 0.130859 0.254684 0.00123501
1 0.692187 0.771077 0.38125 0.375878 0.0011158
3 0.692969 0.774005 0.379688 0.379391 0.940918
58 0.761719 0.717799 0.0625 0.058548 0.00403976
58 0.765625 0.710773 0.0515625 0.0468384 0.00379562
58 0.770312 0.706089 0.046875 0.0327869 0.00352478
58 0.773438 0.71897 0.0828125 0.058548 0.00225258
1 0.692187 0.771077 0.38125 0.375878 0.0011425
3 0.692969 0.774005 0.379688 0.379391 0.943359
58 0.761719 0.716628 0.0625 0.058548 0.00322342
58 0.765625 0.710773 0.0515625 0.0468384 0.00309944
58 0.770312 0.706089 0.046875 0.0327869 0.00286674
58 0.773438 0.71897 0.084375 0.058548 0.0018034
1 0.692578 0.771077 0.380469 0.375878 0.00117874
3 0.692969 0.77459 0.379688 0.37822 0.944336
58 0.761719 0.716628 0.0625 0.058548 0.00234985
58 0.765625 0.711358 0.0515625 0.0480094 0.00229645
58 0.769531 0.706089 0.046875 0.0327869 0.00208282
58 0.773438 0.71897 0.084375 0.058548 0.0012846
1 0.692578 0.771663 0.380469 0.374707 0.00115108
3 0.692969 0.77459 0.379688 0.37822 0.944336
58 0.765234 0.710773 0.0507812 0.0468384 0.00208282
58 0.761719 0.717213 0.0625 0.057377 0.00198746
58 0.769531 0.706089 0.046875 0.0316159 0.00190449
1 0.692578 0.771663 0.380469 0.377049 0.00112438
58 0.773828 0.71897 0.0851563 0.058548 0.0011158
77 0.068457 0.485656 0.131055 0.255855 0.00108147
16 0.69375 0.776347 0.38125 0.379391 0.00102043
3 0.692969 0.77459 0.379688 0.37822 0.941406
58 0.764844 0.710773 0.0515625 0.0468384 0.00151253
58 0.761719 0.716628 0.0625 0.0562061 0.00140476
58 0.769531 0.706089 0.046875 0.0316159 0.00139904
77 0.0683594 0.485363 0.131055 0.25644 0.00139904
74 0.409375 0.376464 0.120313 0.231265 0.00113392
1 0.692969 0.772248 0.38125 0.375878 0.00112915
74 0.406934 0.567916 0.11582 0.11007 0.00108624
3 0.692969 0.774005 0.379688 0.377049 0.937988
77 0.0683106 0.485363 0.130957 0.25644 0.00167465
58 0.764453 0.714286 0.0554687 0.0468384 0.00161076
58 0.769531 0.706089 0.046875 0.030445 0.00151253
74 0.408984 0.376464 0.120313 0.231265 0.00114727
1 0.692187 0.771663 0.38125 0.374707 0.00112438
16 0.69375 0.776347 0.382812 0.379391 0.00105667
74 0.407031 0.568208 0.115625 0.109485 0.00103664
3 0.692969 0.774005 0.379688 0.377049 0.936523
77 0.0682617 0.485363 0.131055 0.25644 0.00202751
58 0.765625 0.709602 0.05 0.0433255 0.00186062
58 0.769922 0.706089 0.0460938 0.030445 0.00178909
58 0.761719 0.716628 0.0625 0.0562061 0.0016489
74 0.409277 0.376464 0.120508 0.231265 0.00121117
1 0.692187 0.771663 0.38125 0.374707 0.00104809
3 0.692969 0.774005 0.379688 0.379391 0.934082
58 0.764844 0.713115 0.0546875 0.0444965 0.00226021
58 0.769922 0.706089 0.0460938 0.030445 0.00214958
58 0.761719 0.716628 0.0625 0.0562061 0.00199509
77 0.0682617 0.485363 0.130859 0.255269 0.00198746
74 0.409375 0.376976 0.121094 0.230826 0.00112438
1 0.692187 0.772248 0.38125 0.374707 0.00104809
58 0.773438 0.71897 0.084375 0.0562061 0.00104046
3 0.692187 0.774005 0.379688 0.379391 0.931152
58 0.764063 0.713115 0.0546875 0.0444965 0.00275803
58 0.769922 0.706089 0.0460938 0.030445 0.00253105
58 0.761719 0.716628 0.0625 0.0562061 0.00236893
77 0.0682129 0.484778 0.130957 0.255269 0.00148964
58 0.774219 0.71897 0.0859375 0.0562061 0.00129986
74 0.409375 0.377049 0.121875 0.231265 0.00106525
1 0.692187 0.772248 0.38125 0.375878 0.00102043
16 0.69375 0.775176 0.382812 0.379391 0.00101662
3 0.692187 0.774005 0.378125 0.379391 0.931152
58 0.764063 0.713115 0.0546875 0.0444965 0.00367928
58 0.770312 0.706089 0.0453125 0.030445 0.00353813
58 0.761719 0.716628 0.0625 0.0562061 0.00324821
77 0.0683106 0.485363 0.130762 0.25644 0.00209999
58 0.774219 0.71897 0.0859375 0.0562061 0.00186062
74 0.409375 0.376756 0.121875 0.231265 0.00162888
74 0.406934 0.569087 0.11582 0.11007 0.00122547
74 0.330859 0.17579 0.294531 0.136124 0.00117397
16 0.693359 0.775176 0.382031 0.379391 0.00108147
3 0.691797 0.774005 0.378906 0.379391 0.929199
58 0.764453 0.713115 0.0554687 0.0444965 0.00363541
58 0.769922 0.706089 0.0460938 0.030445 0.00344276
77 0.0683594 0.485363 0.130469 0.257611 0.00189686
58 0.774219 0.71897 0.0859375 0.0562061 0.00187492
74 0.409473 0.377049 0.12168 0.23185 0.00157356
74 0.330859 0.17579 0.294531 0.135831 0.00109005
74 0.407422 0.569087 0.116406 0.11007 0.00106907
16 0.692969 0.775176 0.382812 0.379391 0.00105286
3 0.692187 0.774005 0.379688 0.379391 0.930664
58 0.766406 0.708431 0.05 0.0421546 0.00395966
58 0.769531 0.706089 0.046875 0.030445 0.00359344
58 0.761719 0.716628 0.0625 0.0562061 0.00352478
74 0.408691 0.38144 0.118555 0.223068 0.003088
74 0.406934 0.569087 0.11582 0.11007 0.0028553
74 0.331055 0.175059 0.294141 0.135246 0.00265312
77 0.0693848 0.485948 0.128809 0.255269 0.00174141
14 0.0976562 0.696721 0.0121094 0.0245902 0.00122547
74 0.757812 0.444672 0.0390625 0.0632318 0.00118351
74 0.760938 0.433548 0.04375 0.0848946 0.00114727
1 0.379785 0.742389 0.0529297 0.225995 0.00105286
16 0.692969 0.77459 0.382812 0.380562 0.00104809
3 0.692187 0.774005 0.378125 0.381733 0.928711
74 0.407031 0.569087 0.115625 0.11007 0.0053215
74 0.408594 0.381806 0.117969 0.223507 0.00482941
58 0.766406 0.708431 0.0515625 0.0421546 0.00421524
74 0.331055 0.174473 0.293359 0.135246 0.00383949
58 0.761328 0.716628 0.0632813 0.0562061 0.00362206
58 0.769531 0.706089 0.0484375 0.030445 0.00356483
14 0.0979492 0.696721 0.0123047 0.0234192 0.00243378
14 0.0712402 0.486241 0.125098 0.253513 0.00185299
74 0.760938 0.432084 0.04375 0.087822 0.00176144
77 0.0712402 0.486241 0.125098 0.253513 0.00174809
1 0.379297 0.742974 0.0507812 0.223653 0.00157356
74 0.757812 0.444672 0.0390625 0.0638173 0.00154877
69 0.409277 0.694233 0.12207 0.375 0.00136662
73 0.407031 0.569087 0.115625 0.11007 0.00131512
68 0.326953 0.175059 0.294531 0.136124 0.00109863
11 0.954688 0.450234 0.090625 0.344262 0.00107288
2 0.40625 0.569087 0.117188 0.105386 0.00104427
16 0.692969 0.775176 0.382812 0.381733 0.00102425
3 0.691797 0.774005 0.378906 0.381733 0.924316
74 0.407422 0.570258 0.114844 0.111241 0.00948334
74 0.409375 0.378732 0.120313 0.229655 0.00815582
74 0.331641 0.173156 0.292969 0.138173 0.00579834
58 0.765625 0.709016 0.053125 0.0433255 0.00429916
58 0.761719 0.716628 0.0640625 0.057377 0.00358009
58 0.769531 0.706089 0.0484375 0.0316159 0.00344276
14 0.0980469 0.696721 0.0125 0.0234192 0.00321007
14 0.0737305 0.492096 0.119922 0.262881 0.00291252
68 0.327344 0.175205 0.292969 0.137295 0.00215721
74 0.760938 0.431499 0.0453125 0.088993 0.00213242
1 0.379297 0.742974 0.05 0.222482 0.00213242
69 0.408594 0.693794 0.120313 0.373536 0.00200272
73 0.407031 0.569087 0.115625 0.11007 0.0017004
74 0.757812 0.444379 0.0390625 0.0644028 0.00166798
2 0.406348 0.569087 0.116992 0.105386 0.00158501
68 0.408691 0.377342 0.116992 0.232436 0.00133514
15 0.0729004 0.493852 0.121387 0.265222 0.00118828
77 0.0725586 0.486534 0.122461 0.254098 0.00111198
65 0.407813 0.569672 0.114844 0.111241 0.00109005
59 0.327148 0.511124 0.314453 0.813817 0.00104427
16 0.693359 0.775176 0.382031 0.381733 0.00101662
11 0.954688 0.450234 0.090625 0.345433 0.00100422
3 0.691797 0.774005 0.378906 0.381733 0.91748
74 0.407422 0.569965 0.114063 0.110656 0.0157776
74 0.409473 0.378513 0.120117 0.230679 0.0101318
74 0.331445 0.173046 0.292578 0.1381 0.00679779
14 0.0741211 0.492389 0.119336 0.263466 0.00519943
58 0.766016 0.709602 0.0539063 0.0444965 0.00453949
58 0.761719 0.716628 0.0640625 0.057377 0.00369263
14 0.0982422 0.697307 0.0125 0.0234192 0.00358009
58 0.769531 0.706089 0.05 0.0327869 0.00348282
68 0.331445 0.173046 0.292578 0.1381 0.00275803
1 0.37959 0.74356 0.0486328 0.222482 0.00260162
74 0.761719 0.429742 0.0453125 0.0930913 0.00234222
69 0.408203 0.693355 0.11875 0.372073 0.00219917
2 0.406934 0.569379 0.11582 0.105972 0.00204277
65 0.408691 0.569379 0.11543 0.112998 0.00189686
73 0.407129 0.569087 0.11543 0.11007 0.00182438
59 0.326953 0.515222 0.309375 0.834895 0.00178909
74 0.757812 0.444379 0.0390625 0.0655738 0.00159168
15 0.073291 0.494145 0.120801 0.266979 0.00150108
68 0.408691 0.377635 0.116992 0.23185 0.00139904
21 0.0745117 0.490632 0.119336 0.259953 0.00135136
73 0.409277 0.377708 0.120508 0.228191 0.00131512
73 0.263672 0.564403 0.123438 0.122951 0.0011692
59 0.0915039 0.652371 0.177148 0.587529 0.00116539
77 0.0741211 0.492389 0.119336 0.263466 0.00110722
16 0.692969 0.775176 0.38125 0.380562 0.00100422
3 0.691797 0.774005 0.378906 0.381733 0.913574
74 0.407422 0.569965 0.114063 0.110656 0.0195618
74 0.409766 0.378879 0.119531 0.230533 0.0118713
74 0.33125 0.173156 0.292188 0.137881 0.00728989
14 0.0744141 0.492389 0.11875 0.263466 0.00609589
58 0.765625 0.710773 0.0546875 0.0468384 0.00494385
68 0.33125 0.173156 0.292188 0.137881 0.0041008
58 0.761719 0.716628 0.0640625 0.058548 0.00385475
14 0.0982422 0.697892 0.0126953 0.0234192 0.00372124
58 0.76875 0.706089 0.0515625 0.0327869 0.00367928
59 0.327344 0.516101 0.307031 0.834309 0.00284576
65 0.408594 0.569379 0.114844 0.112998 0.0027256
1 0.37959 0.742974 0.0470703 0.221311 0.00268364
74 0.761719 0.429742 0.0453125 0.0936768 0.00258064
69 0.407813 0.693062 0.117969 0.370316 0.00253105
2 0.407031 0.569087 0.114844 0.105386 0.00223351
73 0.407422 0.569087 0.114844 0.11007 0.00166798
74 0.757812 0.444379 0.0390625 0.0644028 0.0015974
21 0.0747559 0.490632 0.118848 0.259953 0.00147247
73 0.409375 0.377927 0.120313 0.227752 0.00145531
68 0.408594 0.378147 0.116406 0.230826 0.00141621
15 0.0735352 0.494438 0.120117 0.267564 0.00138283
59 0.0910156 0.653396 0.175781 0.590164 0.00134087
69 0.32793 0.175351 0.291797 0.137002 0.00122547
73 0.263672 0.563817 0.123438 0.124122 0.00117397
23 0.0380859 0.711358 0.0722656 0.0620609 0.00115585
16 0.692969 0.775176 0.38125 0.381733 0.00104046
26 0.407813 0.693062 0.117969 0.370316 0.00102806
11 0.954688 0.450527 0.090625 0.344848 0.00102425
3 0.692187 0.774005 0.378125 0.381733 0.90918
74 0.407422 0.569965 0.114063 0.110656 0.0222015
74 0.409277 0.378879 0.118945 0.230533 0.0133743
74 0.33125 0.173266 0.291406 0.137661 0.00748825
14 0.0745117 0.492681 0.118555 0.264051 0.00706482
58 0.764844 0.711944 0.05625 0.0491803 0.00557709
68 0.33125 0.173266 0.291406 0.137661 0.0051384
58 0.768359 0.706674 0.0523438 0.0339578 0.00408554
59 0.327393 0.516101 0.305371 0.833138 0.00400543
65 0.408496 0.569672 0.114258 0.112412 0.00399017
14 0.0982422 0.697892 0.0126953 0.0234192 0.00388527
58 0.767188 0.717213 0.071875 0.057377 0.00341606
74 0.761328 0.429157 0.0445313 0.0936768 0.00266266
1 0.379688 0.74356 0.046875 0.220141 0.0026207
69 0.407715 0.692623 0.117383 0.370023 0.00255013
2 0.407031 0.569087 0.114844 0.105386 0.00248146
74 0.409473 0.413349 0.118555 0.162763 0.00198746
23 0.0380371 0.711358 0.072168 0.0620609 0.00178242
73 0.408496 0.569672 0.114258 0.112412 0.00174141
21 0.0748535 0.491218 0.118652 0.259953 0.0015974
73 0.409473 0.37822 0.120117 0.227166 0.00157356
74 0.757812 0.444672 0.0375 0.0638173 0.00148964
59 0.0910156 0.65442 0.175781 0.590457 0.00146103
68 0.408594 0.378293 0.115625 0.230533 0.00139904
69 0.328125 0.175498 0.291406 0.13671 0.00135136
15 0.0743164 0.492974 0.118945 0.265808 0.00135136
73 0.263672 0.563525 0.123438 0.123536 0.0011692
53 0.0380371 0.711358 0.072168 0.0620609 0.0011425
26 0.407715 0.692623 0.117383 0.370023 0.00106907
2 0.410938 0.551522 0.109375 0.0737705 0.00104809
16 0.692969 0.775176 0.38125 0.379391 0.00104427
66 0.40791 0.569965 0.11543 0.112998 0.00103188
3 0.692187 0.77459 0.378125 0.381733 0.905762
74 0.407422 0.569965 0.113281 0.110656 0.0245209
74 0.409375 0.378879 0.11875 0.230533 0.0165253
74 0.33125 0.173888 0.292188 0.133197 0.00809479
14 0.0746094 0.492974 0.118359 0.264637 0.00772476
58 0.764844 0.713115 0.0578125 0.0515222 0.0068512
68 0.331055 0.173302 0.291016 0.137588 0.00624084
59 0.327002 0.515222 0.306934 0.818501 0.00582123
65 0.408594 0.569672 0.114063 0.112412 0.00519943
58 0.767969 0.70726 0.053125 0.0351288 0.00492477
58 0.767188 0.717213 0.071875 0.057377 0.00421524
14 0.0983398 0.697892 0.0126953 0.0234192 0.00385475
74 0.409375 0.422717 0.117969 0.143443 0.00294685
2 0.407422 0.569087 0.114063 0.105386 0.00263214
1 0.379688 0.74356 0.0460938 0.220141 0.00261116
74 0.761719 0.429157 0.0453125 0.0948478 0.00251198
69 0.407422 0.692184 0.117188 0.369731 0.00245285
73 0.409375 0.378513 0.119531 0.226581 0.00206757
23 0.0380859 0.711358 0.072168 0.0620609 0.00197983
73 0.408594 0.569672 0.114063 0.112412 0.00188923
59 0.0908203 0.655152 0.175391 0.592506 0.00162315
69 0.328125 0.175607 0.290625 0.13649 0.00156116
21 0.0749512 0.491218 0.118457 0.261124 0.00155449
68 0.408203 0.378513 0.115625 0.230094 0.00148392
59 0.251953 0.473946 0.496094 0.912763 0.00143242
15 0.0744141 0.492974 0.11875 0.266979 0.0014267
74 0.757812 0.444965 0.0375 0.0632318 0.00135612
66 0.407422 0.569672 0.114844 0.112412 0.00129414
73 0.263672 0.563525 0.123438 0.123536 0.0012846
53 0.0380859 0.711358 0.072168 0.0620609 0.00119209
59 0.0803711 0.480679 0.154883 0.957845 0.00113392
2 0.410938 0.551229 0.109375 0.074356 0.0011034
16 0.692969 0.775176 0.38125 0.379391 0.00103188
3 0.692187 0.77459 0.379688 0.380562 0.903809
74 0.407422 0.570258 0.113281 0.11007 0.0245209
74 0.409375 0.378806 0.11875 0.230094 0.0177765
74 0.33125 0.173924 0.292188 0.132831 0.00787354
58 0.764844 0.7137 0.0578125 0.0538642 0.00740433
59 0.327734 0.516979 0.303125 0.832553 0.00706482
14 0.0746582 0.492974 0.118262 0.264637 0.0069046
68 0.33125 0.173448 0.290625 0.137295 0.00584412
65 0.408594 0.569087 0.114063 0.112412 0.00577545
58 0.767188 0.707845 0.0546875 0.0362998 0.00526047
14 0.0983398 0.697892 0.0126953 0.0234192 0.00424957
74 0.409277 0.428279 0.117383 0.131733 0.00352478
1 0.379688 0.74356 0.0460938 0.220141 0.00270462
2 0.407422 0.569087 0.114063 0.105386 0.0026722
69 0.407129 0.692184 0.116992 0.369731 0.00246239
74 0.761719 0.428571 0.0453125 0.0954333 0.00242424
23 0.0380859 0.711358 0.0720703 0.0620609 0.00224304
73 0.409375 0.378732 0.11875 0.226142 0.00215721
73 0.408594 0.569087 0.114063 0.112412 0.00185299
59 0.0901611 0.655738 0.174365 0.592506 0.00171375
59 0.252344 0.473946 0.496875 0.912763 0.00167465
68 0.408203 0.378879 0.114844 0.229362 0.00152493
69 0.328125 0.1759 0.290625 0.135905 0.00150108
21 0.075 0.491511 0.118359 0.260539 0.00143814
66 0.407422 0.569965 0.114844 0.112998 0.00140476
15 0.0744629 0.49356 0.118652 0.266979 0.00136662
59 0.0798828 0.480679 0.154102 0.957845 0.00131512
74 0.757812 0.444965 0.0375 0.0632318 0.0012846
73 0.263672 0.563232 0.123438 0.124122 0.00118351
53 0.0380859 0.711358 0.0720703 0.0620609 0.00117397
2 0.410938 0.551522 0.108594 0.0749414 0.00110722
11 0.954688 0.450234 0.090625 0.345433 0.00108147
3 0.692187 0.775176 0.379688 0.379391 0.903809
74 0.407422 0.570258 0.113281 0.11007 0.0252686
74 0.409375 0.379098 0.117969 0.229508 0.0177765
74 0.407813 0.411592 0.116406 0.165105 0.012825
58 0.764844 0.714286 0.0578125 0.0538642 0.00948334
59 0.327734 0.516979 0.302344 0.831382 0.008255
74 0.331055 0.174034 0.291797 0.132318 0.00784302
14 0.074707 0.492974 0.117969 0.263466 0.00703812
68 0.33125 0.173448 0.290625 0.137002 0.00701141
58 0.767578 0.708431 0.0554687 0.0374707 0.00674438
65 0.408594 0.569087 0.114063 0.112412 0.00664139
14 0.0983398 0.697892 0.0126953 0.0234192 0.00510025
23 0.0381836 0.711944 0.0716797 0.0632318 0.003088
74 0.760938 0.430328 0.04375 0.0925058 0.00284576
2 0.40791 0.569087 0.113867 0.105386 0.00279999
1 0.379688 0.74356 0.0453125 0.220141 0.00275803
69 0.407129 0.692623 0.116992 0.368852 0.0024147
73 0.409375 0.378806 0.11875 0.225995 0.00213242
73 0.408594 0.569087 0.114063 0.112412 0.00185299
59 0.251563 0.473653 0.495313 0.912178 0.00183868
69 0.328125 0.175937 0.290625 0.135831 0.00163555
66 0.407715 0.569672 0.114258 0.112412 0.00163555
21 0.0750977 0.491218 0.118164 0.259953 0.00157928
59 0.0892822 0.655738 0.172217 0.592506 0.00155449
68 0.408203 0.378732 0.114844 0.228484 0.00153637
74 0.757422 0.44555 0.0367188 0.0620609 0.00146103
15 0.0745605 0.492974 0.118457 0.266979 0.00126457
2 0.410938 0.550937 0.108594 0.0737705 0.00123978
0 0.0983398 0.697892 0.0126953 0.0234192 0.00123024
58 0.771484 0.718384 0.0835937 0.058548 0.00120163
73 0.263672 0.563232 0.123438 0.124122 0.0011692
59 0.0799072 0.480679 0.153467 0.957845 0.0011692
53 0.0384766 0.711944 0.0706055 0.0632318 0.00116062
62 0.408203 0.378732 0.114844 0.228484 0.00102425
69 0.326562 0.514637 0.303125 0.825527 0.00100803
3 0.692969 0.775176 0.379688 0.379391 0.906738
74 0.407422 0.570258 0.113281 0.11007 0.0246124
74 0.409375 0.379318 0.117969 0.228484 0.0212097
74 0.407813 0.423302 0.116406 0.142857 0.0145035
59 0.328125 0.515222 0.303125 0.818501 0.0108566
58 0.764844 0.714286 0.0578125 0.0538642 0.00989532
74 0.331055 0.174034 0.291797 0.132318 0.00844574
68 0.33125 0.173595 0.290625 0.137002 0.00746155
65 0.408594 0.569087 0.114063 0.112412 0.00725937
58 0.767578 0.707845 0.0554687 0.0374707 0.00703812
14 0.0748047 0.492681 0.117969 0.264051 0.00656509
14 0.0983398 0.697892 0.0126953 0.0234192 0.00577545
74 0.760938 0.430913 0.04375 0.0901639 0.00307465
2 0.40791 0.569087 0.113867 0.105386 0.00301552
1 0.379688 0.74356 0.0460938 0.220141 0.0029583
23 0.0382813 0.711944 0.0716797 0.0632318 0.00282288
69 0.407129 0.692623 0.116992 0.368852 0.00277901
73 0.409473 0.378879 0.118555 0.225849 0.00251198
73 0.408594 0.569087 0.114063 0.112412 0.00198746
59 0.250781 0.474239 0.49375 0.909836 0.00195694
66 0.407715 0.569672 0.114258 0.112412 0.00186729
68 0.408203 0.379098 0.114844 0.227752 0.00175476
59 0.0897217 0.655738 0.1729 0.592506 0.00168133
69 0.328125 0.1759 0.289844 0.135905 0.00164223
74 0.757422 0.44555 0.0367188 0.0620609 0.00162315
21 0.0751709 0.491218 0.118018 0.261124 0.00144958
2 0.410938 0.550644 0.108594 0.073185 0.00134563
0 0.0983398 0.697892 0.0126953 0.0234192 0.00133514
59 0.0797852 0.480094 0.15332 0.957845 0.00131989
58 0.771875 0.718384 0.0828125 0.058548 0.00129414
15 0.0746094 0.492974 0.118359 0.266979 0.00126457
73 0.263672 0.562939 0.123438 0.123536 0.00124454
69 0.326562 0.515222 0.302344 0.825527 0.00119209
11 0.954688 0.450234 0.090625 0.345433 0.00112438
53 0.0385742 0.711944 0.0705078 0.0632318 0.0011034
62 0.408203 0.379098 0.114844 0.227752 0.00109005
26 0.767188 0.716628 0.075 0.058548 0.00103188
67 0.407422 0.570258 0.113281 0.11007 0.00102806
3 0.691797 0.774005 0.378906 0.381733 0.924316
74 0.407422 0.570258 0.114844 0.111241 0.00945282
74 0.409375 0.378732 0.120313 0.229655 0.00841522
74 0.331641 0.173046 0.292969 0.1381 0.00572968
58 0.765625 0.709016 0.053125 0.0433255 0.00434875
58 0.761719 0.716628 0.0640625 0.057377 0.00362206
58 0.769531 0.706089 0.0484375 0.0316159 0.00346947
14 0.0980469 0.696721 0.0125 0.0234192 0.00314713
14 0.0736816 0.492096 0.12002 0.262881 0.00311089
68 0.327344 0.175205 0.29375 0.137295 0.00216484
1 0.379297 0.742974 0.05 0.222482 0.00210762
69 0.408594 0.693794 0.120313 0.373536 0.00203514
74 0.760938 0.431206 0.0453125 0.0901639 0.00202751
73 0.407031 0.569087 0.115625 0.11007 0.00168705
74 0.757812 0.444379 0.0390625 0.0644028 0.00157928
2 0.406348 0.569379 0.116992 0.105972 0.00156689
68 0.408691 0.377342 0.116992 0.232436 0.00137234
15 0.0729004 0.49356 0.121387 0.265808 0.00124454
77 0.0736816 0.492096 0.12002 0.262881 0.0012064
65 0.407813 0.569672 0.114844 0.111241 0.00108624
11 0.954688 0.450234 0.090625 0.345433 0.00105667
59 0.327148 0.511124 0.314453 0.813817 0.00105667
59 0.0901367 0.648566 0.173633 0.590457 0.00102425
16 0.693359 0.775176 0.382031 0.381733 0.00101185
