0 0.664761 0.618359 0.60395 0.744531 0.867188
25 0.472973 0.420312 0.931393 0.6625 0.782715
33 0.471414 0.445703 0.928274 0.714844 0.0794678
25 0.487006 0.584375 0.974012 0.632812 0.0370483
0 0.0826403 0.959375 0.0155925 0.0140625 0.029541
67 0.468295 0.571484 0.0259875 0.0382813 0.0263519
14 0.170998 0.953125 0.018711 0.009375 0.0197144
67 0.469335 0.5875 0.037422 0.101562 0.014061
25 0.487526 0.547266 0.975052 0.888281 0.0104523
14 0.168919 0.953125 0.022869 0.0125 0.00963593
56 0.5842 0.605078 0.798337 0.752344 0.00831604
14 0.0826403 0.959375 0.0155925 0.0140625 0.00784302
46 0.473493 0.594141 0.0488565 0.139844 0.00751877
8 0.0818607 0.959375 0.0171518 0.015625 0.00631332
8 0.170998 0.953125 0.018711 0.009375 0.00547028
67 0.494803 0.553906 0.0498961 0.1375 0.00510025
65 0.472973 0.650781 0.045738 0.142969 0.00496292
46 0.473493 0.624609 0.0488565 0.117969 0.00482941
79 0.471933 0.661719 0.04158 0.19375 0.00482941
65 0.473493 0.624609 0.0488565 0.117969 0.00429916
25 0.24974 0.444531 0.488046 0.621875 0.00429916
0 0.168919 0.953125 0.022869 0.0125 0.0041008
67 0.596674 0.505469 0.0738046 0.0578125 0.00408554
13 0.492723 0.573828 0.985447 0.805469 0.00408554
79 0.470374 0.68125 0.0301455 0.120313 0.00383949
73 0.892931 0.604688 0.141372 0.240625 0.00366402
25 0.5842 0.605078 0.798337 0.752344 0.00365067
67 0.483368 0.566406 0.0602911 0.120313 0.00356483
67 0.470374 0.68125 0.0301455 0.120313 0.00355148
14 0.0841996 0.959375 0.022869 0.015625 0.00337601
65 0.471933 0.661719 0.04158 0.19375 0.00335121
67 0.5842 0.504687 0.043659 0.0539063 0.00327301
65 0.473493 0.594141 0.0488565 0.139844 0.00312424
56 0.671388 0.726562 0.644751 0.529688 0.00309944
46 0.472973 0.650781 0.045738 0.142969 0.003088
67 0.431523 0.567187 0.105769 0.123438 0.0029583
25 0.704782 0.422266 0.534304 0.598437 0.00291252
39 0.469854 0.657813 0.039501 0.173438 0.00274658
79 0.473493 0.594141 0.0488565 0.139844 0.00270462
0 0.170998 0.953125 0.018711 0.009375 0.0026722
52 0.598753 0.507422 0.0769231 0.0632813 0.00265312
67 0.470374 0.658594 0.0343035 0.184375 0.00264168
67 0.466736 0.538281 0.029106 0.103125 0.00263214
56 0.487526 0.547266 0.975052 0.888281 0.00259018
8 0.168919 0.953125 0.022869 0.0125 0.00255013
67 0.58264 0.494531 0.0405405 0.0359375 0.00245285
39 0.488566 0.699219 0.0696466 0.151562 0.00233269
27 0.486486 0.635938 0.0706861 0.21875 0.00232315
39 0.473493 0.594141 0.0488565 0.139844 0.00223351
37 0.639163 0.694531 0.7092 0.592188 0.00213242
46 0.600832 0.508984 0.0769231 0.0632813 0.00203514
52 0.489085 0.6625 0.0758836 0.207813 0.00199509
67 0.469854 0.688281 0.0259875 0.09375 0.00186729
33 0.0826403 0.959375 0.0155925 0.0140625 0.00178909
26 0.886175 0.613672 0.156965 0.216406 0.00178242
79 0.469854 0.688281 0.0259875 0.09375 0.00177479
66 0.885655 0.646875 0.133056 0.15 0.00173378
26 0.447505 0.660937 0.173597 0.314063 0.00173378
79 0.472973 0.650781 0.045738 0.142969 0.0017271
67 0.599792 0.485156 0.0904366 0.107813 0.0017004
42 0.471933 0.661719 0.04158 0.19375 0.00162315
33 0.37578 0.0880859 0.60395 0.170703 0.00156116
66 0.892412 0.615625 0.142412 0.21875 0.00144386
79 0.469854 0.592188 0.04158 0.110937 0.00143814
67 0.47921 0.594531 0.0561331 0.142188 0.00143242
33 0.170998 0.953125 0.018711 0.009375 0.00136662
67 0.470894 0.594531 0.045738 0.13125 0.00133038
46 0.60395 0.487891 0.0738046 0.1 0.00131512
27 0.490125 0.666406 0.0769231 0.210938 0.00125504
39 0.471414 0.642188 0.0446985 0.125 0.00124454
65 0.470374 0.68125 0.0301455 0.120313 0.00124454
51 0.487526 0.650781 0.0727651 0.222656 0.00124454
79 0.473493 0.624609 0.0488565 0.117969 0.00123501
48 0.473493 0.594141 0.0488565 0.139844 0.00121593
44 0.472973 0.650781 0.045738 0.142969 0.00117874
67 0.485447 0.665234 0.0602911 0.188281 0.0011692
44 0.471933 0.661719 0.04158 0.19375 0.00112438
0 0.0841996 0.959375 0.022869 0.015625 0.00110722
26 0.843035 0.574219 0.247401 0.29375 0.00109863
67 0.488566 0.699219 0.0696466 0.151562 0.00108147
59 0.5842 0.605078 0.798337 0.752344 0.00102806
32 0.0826403 0.959375 0.0155925 0.0140625 0.00102425
8 0.492723 0.573828 0.985447 0.805469 0.00102425
0 0.663202 0.618066 0.600832 0.745117 0.876465
25 0.471933 0.41875 0.931393 0.660937 0.799316
33 0.470764 0.444629 0.927495 0.713867 0.105225
25 0.483888 0.578809 0.967775 0.617383 0.0346069
0 0.0826403 0.959375 0.0150728 0.0140625 0.032959
67 0.468815 0.571094 0.024948 0.0359375 0.0282135
14 0.170998 0.953125 0.018711 0.009375 0.0232391
67 0.468815 0.5875 0.035343 0.0976562 0.0151901
25 0.486486 0.545703 0.972973 0.889844 0.0112457
14 0.168919 0.953125 0.022869 0.0125 0.0108566
14 0.0818607 0.959375 0.0171518 0.015625 0.00933838
56 0.579912 0.604297 0.802755 0.750781 0.00793457
8 0.0818607 0.959375 0.0171518 0.015625 0.00677109
65 0.472973 0.649219 0.045738 0.140625 0.00575256
65 0.472973 0.621875 0.047817 0.121875 0.00564194
46 0.472973 0.593359 0.047817 0.139844 0.00540543
8 0.170998 0.953125 0.018711 0.009375 0.00527954
67 0.494803 0.553125 0.0498961 0.1375 0.00511932
79 0.471933 0.660156 0.04158 0.192188 0.00498199
25 0.250455 0.442578 0.488695 0.627344 0.00475693
0 0.168919 0.953125 0.022869 0.0125 0.00471878
73 0.892931 0.604688 0.141372 0.240625 0.0046463
65 0.472973 0.593359 0.047817 0.139844 0.00429916
67 0.595634 0.505469 0.0727651 0.0578125 0.0041008
25 0.579912 0.604297 0.802755 0.750781 0.00390053
67 0.469854 0.598828 0.04158 0.117969 0.00383949
25 0.717256 0.421875 0.507277 0.601562 0.00376511
46 0.472973 0.621875 0.047817 0.121875 0.00369263
67 0.5842 0.503906 0.04158 0.0523438 0.00367928
13 0.491684 0.574609 0.983368 0.805469 0.00367928
67 0.483368 0.566406 0.0582121 0.120313 0.0036068
79 0.470374 0.683594 0.0301455 0.117188 0.0036068
65 0.471933 0.660156 0.04158 0.192188 0.00345612
67 0.470374 0.683594 0.0301455 0.117188 0.00341606
0 0.170998 0.953125 0.018711 0.009375 0.00338936
79 0.472973 0.593359 0.047817 0.139844 0.00324821
67 0.430873 0.566406 0.106029 0.121875 0.00314713
67 0.466736 0.5375 0.031185 0.104688 0.00279999
52 0.598753 0.507031 0.0758836 0.0625 0.00275803
66 0.885655 0.647656 0.133056 0.148438 0.00273705
67 0.469854 0.658594 0.033264 0.184375 0.00271416
56 0.674636 0.726172 0.638254 0.530469 0.00271416
67 0.582121 0.494531 0.039501 0.034375 0.00266266
65 0.47817 0.633203 0.0550936 0.113281 0.00258064
27 0.486486 0.635156 0.0727651 0.21875 0.00254059
56 0.486486 0.545703 0.972973 0.889844 0.0024147
8 0.168919 0.953125 0.022869 0.0125 0.00239754
46 0.472973 0.649219 0.045738 0.140625 0.00235939
46 0.600832 0.508984 0.0769231 0.0632813 0.00226974
39 0.472973 0.593359 0.047817 0.139844 0.00226021
65 0.470894 0.623047 0.0467775 0.0921875 0.00217438
66 0.891892 0.618359 0.141372 0.213281 0.00210762
73 0.889813 0.638281 0.139293 0.16875 0.00209999
39 0.469854 0.65625 0.039501 0.170313 0.00201988
39 0.488566 0.7 0.0706861 0.151562 0.00201988
33 0.0818607 0.959375 0.0171518 0.015625 0.00196457
52 0.489605 0.65625 0.0769231 0.217188 0.00195694
79 0.472973 0.649219 0.045738 0.140625 0.00191879
67 0.469854 0.688281 0.024948 0.09375 0.00186729
26 0.889813 0.624219 0.149688 0.195312 0.00178909
33 0.170998 0.953125 0.018711 0.009375 0.0017004
79 0.469854 0.688281 0.024948 0.09375 0.00166798
37 0.641372 0.690625 0.704782 0.601562 0.00165462
67 0.599792 0.485156 0.0893971 0.107813 0.00162888
26 0.447505 0.659766 0.173597 0.311719 0.00162315
67 0.549896 0.41875 0.0623701 0.03125 0.00157356
42 0.471933 0.660156 0.04158 0.192188 0.00156116
79 0.469335 0.591406 0.0405405 0.109375 0.00154877
0 0.0841996 0.959375 0.022869 0.015625 0.00149536
27 0.490644 0.663281 0.0769231 0.215625 0.0014782
67 0.47921 0.592969 0.0561331 0.138281 0.00146103
79 0.472973 0.621875 0.047817 0.121875 0.00145531
46 0.602911 0.487891 0.0748441 0.1 0.00143814
46 0.470894 0.623047 0.0467775 0.0921875 0.00141048
56 0.796778 0.45166 0.348233 0.545117 0.00131989
65 0.470374 0.683594 0.0301455 0.117188 0.00127888
44 0.472973 0.649219 0.045738 0.140625 0.00125504
51 0.488566 0.644141 0.0727651 0.23125 0.00125504
40 0.472973 0.593359 0.047817 0.139844 0.00121117
32 0.0826403 0.959375 0.0150728 0.0140625 0.00119209
59 0.579912 0.604297 0.802755 0.750781 0.00115585
44 0.471933 0.660156 0.04158 0.192188 0.00112915
33 0.378638 0.0862549 0.602391 0.167334 0.00110722
67 0.485447 0.665625 0.0592516 0.189063 0.00107765
65 0.469335 0.591406 0.0405405 0.109375 0.00106907
46 0.47817 0.633203 0.0550936 0.113281 0.00106907
26 0.85343 0.578125 0.224532 0.285156 0.00106907
65 0.481809 0.646875 0.0602911 0.160938 0.00102425
0 0.66632 0.618359 0.607069 0.742969 0.878906
25 0.473103 0.419531 0.933212 0.6625 0.813965
33 0.471933 0.447559 0.929314 0.718945 0.0963745
0 0.0827703 0.959375 0.0150728 0.0140625 0.0375366
25 0.483368 0.578809 0.966736 0.614258 0.0347595
67 0.468815 0.571094 0.024948 0.0359375 0.0273743
14 0.170998 0.953125 0.018711 0.0109375 0.0228882
67 0.468815 0.5875 0.035343 0.096875 0.0147324
25 0.486486 0.545703 0.972973 0.885156 0.0118256
14 0.0818607 0.959375 0.016632 0.015625 0.00974274
8 0.0818607 0.959375 0.016632 0.015625 0.00757599
56 0.5625 0.605469 0.837578 0.746875 0.00624084
65 0.472973 0.620703 0.047817 0.121875 0.00595856
65 0.472973 0.648047 0.045738 0.138281 0.00557709
8 0.170998 0.953125 0.018711 0.0109375 0.00536346
67 0.494803 0.552344 0.0498961 0.1375 0.00500107
79 0.471933 0.659375 0.04158 0.190625 0.00494385
0 0.168919 0.953125 0.022869 0.0125 0.00481033
65 0.472973 0.592969 0.047817 0.139063 0.00475693
25 0.24974 0.445996 0.487006 0.620508 0.00446701
73 0.892931 0.605469 0.141372 0.239063 0.00445175
25 0.716216 0.421875 0.507277 0.602344 0.0042305
46 0.472973 0.592969 0.047817 0.139063 0.00411606
67 0.600312 0.507812 0.0769231 0.0625 0.00370789
67 0.58368 0.503125 0.04158 0.0507812 0.00352478
67 0.483368 0.566406 0.0582121 0.120313 0.00352478
79 0.472973 0.592969 0.047817 0.139063 0.00348282
13 0.491684 0.577344 0.983368 0.801562 0.00342941
79 0.470894 0.684375 0.029106 0.114063 0.00341606
65 0.471933 0.659375 0.04158 0.190625 0.00327301
25 0.609148 0.590723 0.679834 0.718555 0.00317192
67 0.430353 0.566406 0.106029 0.121875 0.00300407
67 0.470894 0.684375 0.029106 0.114063 0.00299263
66 0.885655 0.647656 0.133056 0.146875 0.00296974
67 0.466736 0.5375 0.031185 0.104688 0.00290108
46 0.472973 0.620703 0.047817 0.121875 0.00273705
27 0.486486 0.633594 0.0727651 0.221875 0.00271416
67 0.582121 0.494141 0.039501 0.034375 0.0024929
67 0.469854 0.658594 0.033264 0.184375 0.00245285
46 0.598753 0.507031 0.0758836 0.0625 0.00243378
65 0.47817 0.632031 0.0550936 0.111719 0.00242424
52 0.598753 0.507031 0.0758836 0.0625 0.00236893
67 0.549896 0.41875 0.0623701 0.03125 0.00234985
66 0.891892 0.621094 0.141372 0.207813 0.00229645
33 0.0818607 0.959375 0.016632 0.015625 0.00223351
65 0.470894 0.622656 0.0467775 0.0921875 0.00214005
73 0.889813 0.640625 0.139293 0.164062 0.00209999
33 0.170998 0.953125 0.018711 0.0109375 0.00206757
0 0.0814709 0.960938 0.0171518 0.0171875 0.00206757
39 0.472973 0.592969 0.047817 0.139063 0.0020504
79 0.472973 0.648047 0.045738 0.138281 0.00196457
56 0.486486 0.545703 0.972973 0.885156 0.00195694
56 0.670998 0.726562 0.649688 0.53125 0.00186729
46 0.472973 0.648047 0.045738 0.138281 0.00174141
39 0.489085 0.7 0.0706861 0.15 0.00171375
67 0.469854 0.688281 0.024948 0.0929688 0.00167465
0 0.0843295 0.959375 0.0226091 0.015625 0.0016613
79 0.469854 0.688281 0.024948 0.0929688 0.00157928
52 0.489605 0.651563 0.0769231 0.226562 0.00157928
46 0.602911 0.4875 0.0748441 0.1 0.00155449
79 0.472973 0.620703 0.047817 0.121875 0.00153065
39 0.469335 0.655469 0.039501 0.16875 0.00150108
79 0.468815 0.591406 0.039501 0.107813 0.00148964
67 0.47921 0.592188 0.0561331 0.139063 0.00146675
67 0.600312 0.485156 0.0904366 0.107813 0.00139904
67 0.469854 0.595313 0.0446985 0.129688 0.00139427
32 0.0827703 0.959375 0.0150728 0.0140625 0.00139427
42 0.471933 0.659375 0.04158 0.190625 0.00137806
26 0.890852 0.629687 0.147609 0.182812 0.00131512
26 0.447505 0.658984 0.174636 0.310156 0.00130463
65 0.470894 0.684375 0.029106 0.114063 0.00124454
40 0.472973 0.592969 0.047817 0.139063 0.00123978
56 0.801455 0.453516 0.338877 0.540625 0.00123501
37 0.631107 0.689063 0.727391 0.60625 0.00123501
44 0.472973 0.648047 0.045738 0.138281 0.00120163
59 0.5625 0.605469 0.837578 0.746875 0.00115108
51 0.488566 0.640625 0.0748441 0.239063 0.00111198
65 0.468815 0.591406 0.039501 0.107813 0.00109482
44 0.471933 0.659375 0.04158 0.190625 0.00106049
46 0.470894 0.622656 0.0467775 0.0921875 0.00104046
0 0.671648 0.619141 0.619283 0.741406 0.891602
25 0.476091 0.419141 0.933472 0.661719 0.831055
33 0.473883 0.445996 0.929574 0.717383 0.0585632
0 0.0827703 0.959375 0.0150728 0.0125 0.0394287
25 0.482848 0.578027 0.965696 0.612695 0.0330811
67 0.468295 0.570312 0.024948 0.034375 0.0280151
14 0.170998 0.953125 0.018711 0.0109375 0.02211
67 0.468295 0.5875 0.0343035 0.0960938 0.0148392
25 0.487006 0.544922 0.974012 0.880469 0.0105667
14 0.168659 0.953125 0.0223493 0.0125 0.00993347
14 0.0817308 0.959375 0.016632 0.015625 0.00959778
8 0.0817308 0.959375 0.016632 0.015625 0.00746155
65 0.472973 0.61875 0.047817 0.123438 0.00605011
8 0.0844595 0.960156 0.0223493 0.015625 0.00547028
65 0.472973 0.646875 0.0446985 0.1375 0.00526047
65 0.472973 0.592969 0.047817 0.139063 0.00508118
79 0.471933 0.657813 0.0405405 0.190625 0.0050621
0 0.168659 0.953125 0.0223493 0.0125 0.00502014
8 0.170998 0.953125 0.018711 0.0109375 0.00502014
67 0.494283 0.552344 0.0488565 0.135937 0.0046463
14 0.0844595 0.960156 0.0223493 0.015625 0.0046463
56 0.554574 0.603906 0.855509 0.75 0.00446701
67 0.549376 0.41875 0.0623701 0.03125 0.0042305
0 0.170998 0.953125 0.018711 0.0109375 0.00413513
25 0.714137 0.422266 0.513514 0.602344 0.00413513
79 0.472973 0.592969 0.047817 0.139063 0.00399017
73 0.892931 0.605469 0.141372 0.2375 0.00392914
67 0.58316 0.501953 0.0405405 0.0484375 0.00365067
67 0.600832 0.507812 0.0769231 0.0609375 0.00365067
27 0.487006 0.633594 0.0738046 0.225 0.00340271
25 0.249025 0.45459 0.486357 0.604883 0.00340271
67 0.483368 0.566797 0.0561331 0.11875 0.00338936
79 0.470374 0.685938 0.029106 0.109375 0.00335121
13 0.492204 0.580469 0.984407 0.795313 0.00332451
46 0.472973 0.592969 0.047817 0.139063 0.00313568
67 0.466736 0.5375 0.031185 0.103125 0.0030632
25 0.599662 0.588281 0.702963 0.717188 0.00299263
65 0.471933 0.657813 0.0405405 0.190625 0.00291252
66 0.885655 0.648438 0.133056 0.145313 0.00288963
67 0.430353 0.565625 0.106029 0.120313 0.00279999
67 0.470374 0.685938 0.029106 0.109375 0.00268364
67 0.582121 0.49375 0.039501 0.034375 0.00265312
79 0.469854 0.597266 0.039501 0.116406 0.00261116
33 0.0817308 0.959375 0.016632 0.015625 0.00261116
33 0.170998 0.953125 0.018711 0.0109375 0.00255013
46 0.601351 0.508594 0.0779626 0.0625 0.00253105
65 0.47817 0.63125 0.0540541 0.110937 0.00234222
66 0.892931 0.605469 0.141372 0.2375 0.00232315
8 0.168659 0.953125 0.0223493 0.0125 0.00228691
0 0.081341 0.960938 0.0171518 0.0171875 0.00225258
79 0.472973 0.646875 0.0446985 0.1375 0.00221634
67 0.469854 0.658594 0.033264 0.182812 0.00219917
52 0.598753 0.507031 0.0758836 0.0625 0.00205803
46 0.472973 0.61875 0.047817 0.123438 0.00203514
65 0.470894 0.622266 0.045738 0.0921875 0.00198746
73 0.890333 0.641406 0.138254 0.161719 0.00189686
65 0.469854 0.597266 0.039501 0.116406 0.00187492
0 0.0844595 0.960156 0.0223493 0.015625 0.00182438
39 0.472973 0.592969 0.047817 0.139063 0.00176811
79 0.472973 0.61875 0.047817 0.123438 0.00174141
46 0.602911 0.4875 0.0748441 0.1 0.00161076
39 0.489605 0.700781 0.0706861 0.148438 0.00156116
32 0.0827703 0.959375 0.0150728 0.0125 0.00150108
56 0.487006 0.544922 0.974012 0.880469 0.00146103
67 0.47921 0.591016 0.0561331 0.1375 0.00143242
67 0.464657 0.546484 0.027027 0.0820312 0.00137234
67 0.600832 0.485156 0.0893971 0.107813 0.00133038
52 0.490125 0.647266 0.0779626 0.238281 0.00133038
42 0.471933 0.657813 0.0405405 0.190625 0.00131989
46 0.472973 0.646875 0.0446985 0.1375 0.00131512
33 0.0844595 0.960156 0.0223493 0.015625 0.00131512
44 0.472973 0.646875 0.0446985 0.1375 0.00129986
67 0.469854 0.595313 0.043659 0.129688 0.0012846
26 0.890852 0.633594 0.147609 0.175 0.0012207
56 0.62487 0.684375 0.744023 0.615625 0.00121593
40 0.472973 0.592969 0.047817 0.139063 0.00121117
65 0.470374 0.685938 0.029106 0.109375 0.00117874
56 0.801455 0.457715 0.338877 0.533008 0.00111198
44 0.471933 0.657813 0.0405405 0.190625 0.00109863
39 0.469335 0.654688 0.039501 0.167187 0.00104809
42 0.485447 0.626172 0.0696466 0.247656 0.00100422
0 0.676195 0.620313 0.628898 0.742188 0.906738
25 0.47869 0.420703 0.93659 0.665625 0.824219
0 0.0826403 0.959375 0.0150728 0.0125 0.0420227
33 0.477131 0.452344 0.933472 0.729688 0.0391846
25 0.482328 0.539844 0.964657 0.617188 0.0293121
67 0.468295 0.570703 0.024948 0.034375 0.0255585
14 0.171258 0.953125 0.018711 0.0109375 0.0214539
67 0.468295 0.5875 0.0343035 0.096875 0.0132217
14 0.0818607 0.959375 0.016632 0.015625 0.01017
14 0.168659 0.953125 0.0223493 0.0125 0.00985718
25 0.488046 0.545703 0.976092 0.874219 0.00945282
8 0.0818607 0.959375 0.016632 0.015625 0.00821686
8 0.0844595 0.960156 0.0223493 0.015625 0.00588989
67 0.548857 0.417969 0.0623701 0.03125 0.00553513
65 0.472973 0.617188 0.047817 0.128125 0.00548935
8 0.171258 0.953125 0.018711 0.0109375 0.00516129
65 0.472973 0.592969 0.047817 0.139063 0.0050621
0 0.168659 0.953125 0.0223493 0.0125 0.00494385
79 0.471933 0.658594 0.04158 0.19375 0.0049057
14 0.0844595 0.960156 0.0223493 0.015625 0.00482941
65 0.472973 0.647266 0.0446985 0.138281 0.00457382
79 0.472973 0.592969 0.047817 0.139063 0.00434875
67 0.494283 0.552344 0.0488565 0.135937 0.00421524
27 0.487526 0.632422 0.0748441 0.23125 0.00416565
0 0.171258 0.953125 0.018711 0.0109375 0.00408554
25 0.72817 0.423828 0.487526 0.601562 0.00385475
25 0.263254 0.425 0.518191 0.678125 0.00382423
67 0.58316 0.501563 0.0405405 0.046875 0.00328636
67 0.600832 0.507812 0.0769231 0.0609375 0.00325966
13 0.493763 0.582031 0.987526 0.798438 0.00319672
33 0.0818607 0.959375 0.016632 0.015625 0.00314713
79 0.470374 0.686719 0.029106 0.109375 0.00312424
67 0.482848 0.567187 0.0561331 0.11875 0.00311089
67 0.466216 0.5375 0.031185 0.104688 0.00294685
79 0.469854 0.596875 0.039501 0.116406 0.00288963
33 0.171258 0.953125 0.018711 0.0109375 0.00282288
73 0.892931 0.605469 0.141372 0.2375 0.00275803
56 0.554054 0.603906 0.862786 0.751563 0.0027256
25 0.593035 0.588281 0.720374 0.720313 0.00265312
46 0.601351 0.508594 0.0779626 0.0625 0.00246239
8 0.168659 0.953125 0.0223493 0.0125 0.00244331
65 0.471933 0.658594 0.04158 0.19375 0.00242424
67 0.581601 0.49375 0.0384615 0.0335938 0.00239754
79 0.472973 0.647266 0.0446985 0.138281 0.00235939
67 0.470374 0.686719 0.029106 0.109375 0.00233269
67 0.430353 0.565625 0.107069 0.120313 0.00232315
66 0.886175 0.648438 0.134096 0.145313 0.00231361
0 0.081341 0.960938 0.0171518 0.0171875 0.00230598
65 0.47817 0.632422 0.0540541 0.115625 0.00200272
0 0.0844595 0.960156 0.0223493 0.015625 0.00198746
65 0.469854 0.596875 0.039501 0.116406 0.00193405
46 0.472973 0.592969 0.047817 0.139063 0.00190449
79 0.472973 0.617188 0.047817 0.128125 0.00183868
67 0.469854 0.658984 0.033264 0.185156 0.0018177
65 0.470894 0.621875 0.0467775 0.09375 0.00176811
66 0.892931 0.605469 0.141372 0.2375 0.00174141
32 0.0826403 0.959375 0.0150728 0.0125 0.00161076
52 0.598753 0.507031 0.0758836 0.0625 0.00159168
33 0.0844595 0.960156 0.0223493 0.015625 0.00154305
25 0.613306 0.410156 0.721414 0.6125 0.00153637
46 0.60343 0.487109 0.0748441 0.1 0.00144386
73 0.890333 0.641016 0.138254 0.1625 0.00143242
67 0.47921 0.590625 0.0561331 0.135937 0.00133514
44 0.472973 0.647266 0.0446985 0.138281 0.0012846
39 0.472973 0.592969 0.047817 0.139063 0.00127411
46 0.472973 0.617188 0.047817 0.128125 0.00124454
67 0.464657 0.547266 0.027027 0.0804688 0.00123978
42 0.485447 0.625781 0.0686071 0.253125 0.00121593
42 0.471933 0.658594 0.04158 0.19375 0.0012064
67 0.600832 0.484766 0.0914761 0.107031 0.00118351
40 0.472973 0.592969 0.047817 0.139063 0.0011692
39 0.489605 0.700781 0.0727651 0.148438 0.00115108
32 0.171258 0.953125 0.018711 0.0109375 0.00113773
67 0.543139 0.413281 0.0738046 0.040625 0.00113392
67 0.469854 0.595313 0.043659 0.129688 0.00109482
33 0.168659 0.953125 0.0223493 0.0125 0.00107765
67 0.551975 0.4375 0.0686071 0.0578125 0.00106049
2 0.171258 0.953125 0.018711 0.0109375 0.00105667
79 0.548857 0.417969 0.0623701 0.03125 0.00104046
52 0.490644 0.642578 0.0790021 0.250781 0.00103664
44 0.471933 0.658594 0.04158 0.19375 0.00102806
65 0.470374 0.686719 0.029106 0.109375 0.00102806
37 0.0826403 0.959375 0.0150728 0.0125 0.00102425
0 0.676585 0.621094 0.632277 0.742188 0.917969
25 0.481289 0.420703 0.941788 0.665625 0.817383
0 0.0825104 0.959375 0.0150728 0.0125 0.0470886
25 0.482328 0.541504 0.964657 0.629492 0.0342407
67 0.468295 0.570312 0.024948 0.034375 0.0247955
33 0.480249 0.449609 0.939709 0.724219 0.0215302
14 0.170998 0.953125 0.018711 0.0109375 0.0174408
67 0.467775 0.586719 0.035343 0.0976562 0.012825
25 0.641892 0.417578 0.658004 0.624219 0.0120544
14 0.0818607 0.959375 0.016632 0.015625 0.00861359
67 0.466736 0.575781 0.027027 0.04375 0.00834656
14 0.168659 0.953125 0.0223493 0.0125 0.00831604
8 0.0818607 0.959375 0.016632 0.015625 0.0068512
27 0.487526 0.632031 0.0727651 0.239063 0.00666809
25 0.488566 0.550781 0.977131 0.857813 0.00658798
67 0.548857 0.417969 0.0623701 0.03125 0.0064888
0 0.168659 0.953125 0.0223493 0.0125 0.00551224
79 0.471414 0.658594 0.04158 0.198437 0.00500107
0 0.170998 0.953125 0.018711 0.0109375 0.00475693
65 0.472973 0.617188 0.0488565 0.129688 0.00432968
67 0.494283 0.553125 0.0488565 0.132812 0.00431442
79 0.472973 0.592969 0.047817 0.140625 0.0042305
65 0.472973 0.592969 0.047817 0.140625 0.00407028
8 0.170998 0.953125 0.018711 0.0109375 0.00405502
33 0.0818607 0.959375 0.016632 0.015625 0.00378036
13 0.494283 0.592578 0.988566 0.782031 0.00376511
65 0.472973 0.648438 0.045738 0.140625 0.00369263
79 0.469854 0.685938 0.029106 0.107813 0.00318527
79 0.469854 0.596484 0.039501 0.11875 0.00317192
67 0.481809 0.567578 0.0571726 0.11875 0.00316048
25 0.260655 0.423828 0.512994 0.672656 0.00313568
67 0.430353 0.565625 0.106029 0.120313 0.00307465
33 0.170998 0.953125 0.018711 0.0109375 0.00299263
46 0.601351 0.508594 0.0779626 0.0625 0.00296974
67 0.58316 0.501563 0.04158 0.0484375 0.00294685
67 0.465696 0.537891 0.031185 0.103125 0.00291252
0 0.0814709 0.960938 0.0171518 0.0171875 0.0027256
67 0.600832 0.507812 0.0769231 0.0609375 0.00258064
25 0.75052 0.427344 0.442827 0.595313 0.00255013
79 0.472973 0.648438 0.045738 0.140625 0.0024147
0 0.0843295 0.959375 0.0226091 0.015625 0.00230598
67 0.581601 0.49375 0.0384615 0.0335938 0.00225258
56 0.494283 0.592578 0.988566 0.782031 0.00225258
67 0.469854 0.685938 0.029106 0.107813 0.00222588
73 0.893451 0.605469 0.140333 0.2375 0.00212479
25 0.58264 0.588281 0.743243 0.723437 0.00211525
65 0.471414 0.658594 0.04158 0.198437 0.00203514
8 0.168659 0.953125 0.0223493 0.0125 0.00202751
79 0.472973 0.617188 0.0488565 0.129688 0.00178909
67 0.469854 0.658594 0.033264 0.185938 0.00178909
66 0.886175 0.648047 0.134096 0.146094 0.00176144
65 0.47817 0.634766 0.0561331 0.121094 0.00168705
32 0.0825104 0.959375 0.0150728 0.0125 0.0016613
44 0.472973 0.648438 0.045738 0.140625 0.00162888
46 0.60447 0.486719 0.0779626 0.1 0.00162315
65 0.469854 0.596484 0.039501 0.11875 0.00162315
42 0.484407 0.625391 0.0665281 0.255469 0.00154877
52 0.599272 0.507031 0.0758836 0.0625 0.00154305
46 0.472973 0.592969 0.047817 0.140625 0.00153637
2 0.170998 0.953125 0.018711 0.0109375 0.00148964
65 0.470374 0.621094 0.0467775 0.09375 0.00144958
66 0.892931 0.623047 0.141372 0.202344 0.00143814
67 0.47921 0.590625 0.0561331 0.1375 0.00137806
52 0.490125 0.641797 0.0779626 0.254688 0.00135612
42 0.471414 0.658594 0.04158 0.198437 0.00134087
79 0.488566 0.637891 0.0748441 0.255469 0.00134087
73 0.890852 0.641016 0.139293 0.160938 0.00130463
74 0.547297 0.417969 0.0644491 0.0328125 0.00125504
67 0.464657 0.547656 0.0280665 0.0796875 0.00125504
44 0.471414 0.658594 0.04158 0.198437 0.00123978
32 0.170998 0.953125 0.018711 0.0109375 0.00122547
67 0.543139 0.4125 0.0748441 0.0421875 0.00121593
67 0.551975 0.437891 0.0696466 0.0578125 0.00119209
33 0.168659 0.953125 0.0223493 0.0125 0.00119209
67 0.490644 0.652734 0.0769231 0.239063 0.00119209
79 0.548857 0.417969 0.0623701 0.03125 0.00118351
2 0.168659 0.953125 0.0223493 0.0125 0.00115108
37 0.0825104 0.959375 0.0150728 0.0125 0.00102425
39 0.0818607 0.959375 0.016632 0.015625 0.00102043
40 0.472973 0.592969 0.047817 0.140625 0.00101662
67 0.469854 0.595313 0.043659 0.13125 0.00100803
0 0.675676 0.622266 0.632017 0.742969 0.922852
25 0.482848 0.42041 0.949064 0.662305 0.833496
25 0.482848 0.540723 0.965696 0.643555 0.0481262
0 0.0826403 0.960156 0.014553 0.0125 0.0465393
67 0.467775 0.570703 0.024948 0.034375 0.0238647
14 0.170998 0.953125 0.018711 0.0109375 0.0127258
67 0.467775 0.586719 0.035343 0.0984375 0.0118713
0 0.0819906 0.959375 0.0168919 0.015625 0.0117798
25 0.686071 0.418359 0.567568 0.622656 0.0088501
27 0.487006 0.631641 0.0727651 0.241406 0.0086441
67 0.466736 0.577344 0.027027 0.0476562 0.0077858
67 0.548857 0.417969 0.0623701 0.03125 0.00714874
33 0.481809 0.441016 0.946985 0.705469 0.0069046
14 0.0819906 0.959375 0.0168919 0.015625 0.00619125
14 0.168659 0.953125 0.0223493 0.0125 0.00605011
0 0.168659 0.953125 0.0223493 0.0125 0.00521851
79 0.471414 0.657813 0.04158 0.2 0.00519943
0 0.170998 0.953125 0.018711 0.0109375 0.00479126
8 0.0819906 0.959375 0.0168919 0.015625 0.00475693
14 0.0826403 0.960156 0.014553 0.0125 0.00450516
13 0.493763 0.601953 0.987526 0.766406 0.00419998
79 0.472973 0.59375 0.047817 0.139063 0.0039444
67 0.430223 0.566016 0.106289 0.121094 0.00382423
33 0.0819906 0.959375 0.0168919 0.015625 0.00378036
65 0.472973 0.617969 0.0498961 0.129688 0.00372124
67 0.493763 0.554688 0.0498961 0.13125 0.00365067
65 0.472973 0.59375 0.047817 0.139063 0.0036068
65 0.472973 0.648438 0.045738 0.142188 0.00338936
79 0.469854 0.685156 0.029106 0.107813 0.00337601
46 0.601351 0.508594 0.0779626 0.0617188 0.00317192
25 0.261175 0.421094 0.512994 0.664062 0.00291252
67 0.480769 0.567969 0.0582121 0.11875 0.00284576
67 0.465696 0.538281 0.031185 0.103125 0.00279999
33 0.0826403 0.960156 0.014553 0.0125 0.00276756
33 0.170998 0.953125 0.018711 0.0109375 0.00270462
8 0.170998 0.953125 0.018711 0.0109375 0.00261116
79 0.472973 0.648438 0.045738 0.142188 0.00245285
67 0.58316 0.502344 0.04158 0.0484375 0.00240517
67 0.469854 0.685156 0.029106 0.107813 0.00227928
56 0.493763 0.601953 0.987526 0.766406 0.00211525
67 0.593555 0.504687 0.0665281 0.0546875 0.0020752
67 0.581601 0.49375 0.0384615 0.0328125 0.00198746
79 0.468815 0.590625 0.039501 0.1125 0.0019722
44 0.472973 0.648438 0.045738 0.142188 0.00194168
65 0.471414 0.657813 0.04158 0.2 0.00190449
42 0.483368 0.625781 0.0644491 0.25625 0.00188255
67 0.469854 0.657813 0.033264 0.185938 0.00183868
79 0.488566 0.638281 0.0727651 0.254688 0.00176811
2 0.170998 0.953125 0.018711 0.0109375 0.0017271
32 0.0826403 0.960156 0.014553 0.0125 0.00171375
79 0.472973 0.617969 0.0498961 0.129688 0.00169373
67 0.490125 0.652734 0.0758836 0.239063 0.00169373
46 0.60447 0.486719 0.0790021 0.100781 0.00162888
25 0.766632 0.431152 0.410603 0.589258 0.0015974
73 0.893971 0.605469 0.139293 0.2375 0.00159168
65 0.47817 0.635938 0.0561331 0.123438 0.00157356
25 0.581601 0.589063 0.745322 0.717188 0.00153637
74 0.546778 0.417969 0.0644491 0.0328125 0.00153065
44 0.471414 0.657813 0.04158 0.2 0.00145531
66 0.892931 0.63125 0.141372 0.18125 0.00143242
42 0.471414 0.657813 0.04158 0.2 0.0014267
52 0.598753 0.507031 0.0769231 0.0625 0.00138283
79 0.548857 0.417969 0.0623701 0.03125 0.00137806
8 0.168659 0.953125 0.0223493 0.0125 0.00136185
65 0.469854 0.621094 0.047817 0.0953125 0.00135612
67 0.47869 0.591797 0.0561331 0.1375 0.00131989
67 0.551975 0.438281 0.0706861 0.0578125 0.00131512
2 0.168659 0.953125 0.0223493 0.0125 0.00130463
67 0.54262 0.411719 0.0748441 0.04375 0.00127888
52 0.489605 0.642578 0.0769231 0.253125 0.00125504
32 0.170998 0.953125 0.018711 0.0109375 0.00115585
46 0.472973 0.59375 0.047817 0.139063 0.00115108
33 0.168659 0.953125 0.0223493 0.0125 0.00114727
32 0.427755 0.539844 0.0790021 0.06875 0.00112057
73 0.892931 0.635938 0.143451 0.167969 0.00107288
2 0.0819906 0.959375 0.0168919 0.015625 0.00104809
79 0.600832 0.507812 0.0769231 0.0609375 0.00102043
79 0.550416 0.424219 0.0654886 0.04375 0.00101662
26 0.892931 0.635938 0.143451 0.167969 0.00101185
0 0.675676 0.622266 0.632017 0.742969 0.924316
25 0.483888 0.418359 0.953222 0.657031 0.834473
25 0.484927 0.542578 0.969854 0.663281 0.0789185
0 0.0826403 0.960156 0.014553 0.0125 0.046814
67 0.467775 0.571094 0.024948 0.034375 0.0235138
0 0.0821206 0.959375 0.016632 0.015625 0.0124283
67 0.467775 0.5875 0.035343 0.0960938 0.0115051
27 0.486486 0.632031 0.0717256 0.240625 0.00985718
14 0.171258 0.953125 0.0192308 0.0109375 0.00981903
25 0.691268 0.417578 0.555094 0.622656 0.0091629
67 0.466216 0.578125 0.027027 0.0476562 0.00740433
67 0.548857 0.417969 0.0623701 0.03125 0.00658798
0 0.168659 0.953125 0.0223493 0.0125 0.00511932
0 0.171258 0.953125 0.0192308 0.0109375 0.00479126
79 0.471414 0.657813 0.04158 0.203125 0.00475693
14 0.168659 0.953125 0.0223493 0.0125 0.00469971
14 0.0821206 0.959375 0.016632 0.015625 0.00468063
14 0.0826403 0.960156 0.014553 0.0125 0.00395966
33 0.0821206 0.959375 0.016632 0.015625 0.00380898
8 0.0821206 0.959375 0.016632 0.015625 0.00378036
67 0.469854 0.596875 0.04158 0.117188 0.00352478
79 0.472453 0.594922 0.0488565 0.136719 0.00349617
67 0.430483 0.566406 0.107848 0.121875 0.00335121
13 0.494283 0.604004 0.988566 0.766992 0.00333786
67 0.492723 0.555078 0.0498961 0.130469 0.00322342
33 0.483368 0.429688 0.952183 0.68125 0.00316048
79 0.469854 0.682813 0.029106 0.1125 0.003088
33 0.0826403 0.960156 0.014553 0.0125 0.00294685
65 0.472973 0.61875 0.0498961 0.126563 0.0028553
25 0.26137 0.419629 0.510525 0.65918 0.0028553
65 0.472453 0.594922 0.0488565 0.136719 0.00283432
67 0.480249 0.56875 0.0582121 0.11875 0.00277901
67 0.465696 0.539062 0.031185 0.103125 0.00269318
65 0.472973 0.649219 0.045738 0.142188 0.00260162
44 0.472973 0.649219 0.045738 0.142188 0.00257111
67 0.469854 0.682813 0.029106 0.1125 0.00234222
33 0.171258 0.953125 0.0192308 0.0109375 0.00230598
79 0.472973 0.649219 0.045738 0.142188 0.00229645
46 0.601351 0.508594 0.0779626 0.0617188 0.00218201
8 0.171258 0.953125 0.0192308 0.0109375 0.00208282
67 0.58316 0.501172 0.039501 0.0460938 0.00201988
42 0.483368 0.625781 0.0644491 0.257812 0.00201035
67 0.489605 0.653125 0.0748441 0.2375 0.00200272
2 0.171258 0.953125 0.0192308 0.0109375 0.00191212
67 0.469854 0.657031 0.033264 0.188281 0.00187492
44 0.471414 0.657813 0.04158 0.203125 0.0018177
79 0.468815 0.591406 0.039501 0.109375 0.00178242
79 0.488046 0.639063 0.0727651 0.253125 0.00178242
67 0.600312 0.507812 0.0769231 0.0609375 0.00174809
67 0.581081 0.49375 0.037422 0.0328125 0.0017004
56 0.494283 0.604004 0.988566 0.766992 0.00169373
25 0.584719 0.583984 0.739085 0.697656 0.00168133
42 0.471414 0.657813 0.04158 0.203125 0.00161076
32 0.0826403 0.960156 0.014553 0.0125 0.00156689
25 0.773389 0.432422 0.39501 0.585156 0.00154877
79 0.472973 0.61875 0.0498961 0.126563 0.00154305
67 0.551975 0.438281 0.0696466 0.05625 0.00144958
65 0.471414 0.657813 0.04158 0.203125 0.00144958
2 0.168659 0.953125 0.0223493 0.0125 0.00138855
67 0.47817 0.592578 0.0561331 0.135156 0.00134087
52 0.489605 0.642969 0.0769231 0.251563 0.00129986
46 0.60499 0.486719 0.0810811 0.100781 0.00125504
65 0.47817 0.636719 0.0571726 0.124219 0.00125504
66 0.892931 0.631641 0.139293 0.178906 0.00125504
74 0.546778 0.417969 0.0644491 0.0320312 0.00124454
42 0.487526 0.610156 0.0831601 0.2875 0.00123501
67 0.463617 0.548438 0.029106 0.08125 0.00121593
79 0.548857 0.417969 0.0623701 0.03125 0.00115108
8 0.168659 0.953125 0.0223493 0.0125 0.0011158
65 0.469854 0.621875 0.047817 0.09375 0.00111198
39 0.0821206 0.959375 0.016632 0.015625 0.00109005
2 0.0821206 0.959375 0.016632 0.015625 0.00107765
33 0.168659 0.953125 0.0223493 0.0125 0.00106049
73 0.893451 0.604688 0.138254 0.2375 0.00102806
52 0.598753 0.507031 0.0769231 0.0625 0.00100422
0 0.676845 0.622656 0.633836 0.74375 0.918945
25 0.484927 0.421191 0.955301 0.662305 0.823242
25 0.485967 0.553125 0.971933 0.68125 0.0980835
0 0.0823805 0.960156 0.0150728 0.0125 0.037323
67 0.467775 0.571875 0.027027 0.0359375 0.0238647
27 0.485447 0.633594 0.0706861 0.2375 0.0140076
67 0.467775 0.588281 0.037422 0.09375 0.0112915
67 0.466216 0.578516 0.027027 0.0476562 0.00712204
14 0.171258 0.953125 0.0197505 0.009375 0.00669098
25 0.68711 0.416016 0.561331 0.624219 0.00588989
67 0.549896 0.418359 0.0623701 0.0304688 0.00475693
79 0.470894 0.658594 0.04158 0.2125 0.00466537
0 0.168659 0.953125 0.0223493 0.0125 0.00397491
0 0.171258 0.953125 0.0197505 0.009375 0.00362206
14 0.0823805 0.960156 0.0150728 0.0125 0.00352478
8 0.0821206 0.959375 0.0171518 0.015625 0.00348282
79 0.472453 0.595313 0.0488565 0.1375 0.00342941
14 0.168659 0.953125 0.0223493 0.0125 0.00338936
44 0.472453 0.651563 0.0467775 0.149219 0.00321007
33 0.0821206 0.959375 0.0171518 0.015625 0.00314713
67 0.492723 0.553906 0.0498961 0.13125 0.00294685
25 0.263254 0.417969 0.512994 0.65625 0.00290108
79 0.469854 0.680469 0.029106 0.11875 0.00286674
13 0.494803 0.606934 0.989605 0.764258 0.00283432
67 0.47973 0.568359 0.0582121 0.117969 0.00273705
65 0.472453 0.595313 0.0488565 0.1375 0.0027256
67 0.465696 0.539062 0.033264 0.10625 0.00265312
65 0.472973 0.620313 0.0498961 0.132812 0.0026207
42 0.482328 0.625781 0.0623701 0.253906 0.00261116
2 0.171258 0.953125 0.0197505 0.009375 0.002388
67 0.430873 0.566797 0.107069 0.122656 0.00237846
79 0.472453 0.651563 0.0467775 0.149219 0.00237846
67 0.489085 0.655469 0.0748441 0.234375 0.00234222
65 0.472453 0.651563 0.0467775 0.149219 0.00232315
79 0.487526 0.640234 0.0727651 0.249219 0.00232315
67 0.469854 0.680469 0.029106 0.11875 0.00230598
0 0.0816008 0.960938 0.0176715 0.015625 0.00201988
44 0.470894 0.658594 0.04158 0.2125 0.00198746
0 0.0841996 0.959375 0.022869 0.015625 0.00184631
67 0.469854 0.657031 0.033264 0.192188 0.00183105
8 0.171258 0.953125 0.0197505 0.009375 0.00174809
2 0.168659 0.953125 0.0223493 0.0125 0.0017004
42 0.470894 0.658594 0.04158 0.2125 0.00166798
42 0.487526 0.610156 0.0810811 0.284375 0.0016613
33 0.171258 0.953125 0.0197505 0.009375 0.00162888
79 0.469854 0.686719 0.0259875 0.090625 0.00157928
79 0.468295 0.592188 0.0405405 0.103125 0.00157356
46 0.601351 0.508984 0.0779626 0.0617188 0.00154305
79 0.472973 0.620313 0.0498961 0.132812 0.00153065
32 0.0823805 0.960156 0.0150728 0.0125 0.0015192
67 0.582121 0.5 0.039501 0.04375 0.00148964
2 0.0821206 0.959375 0.0171518 0.015625 0.00142097
56 0.494803 0.606934 0.989605 0.764258 0.00140476
14 0.0841996 0.959375 0.022869 0.015625 0.00137234
67 0.47817 0.592578 0.0561331 0.132812 0.00133038
67 0.600312 0.507812 0.0769231 0.0609375 0.00132465
33 0.483888 0.42959 0.955301 0.679883 0.00128937
67 0.469854 0.686719 0.0259875 0.090625 0.00127888
67 0.581081 0.49375 0.037422 0.0328125 0.00124931
67 0.551975 0.439844 0.0686071 0.0546875 0.00121593
65 0.470894 0.658594 0.04158 0.2125 0.00121117
52 0.489605 0.644531 0.0769231 0.246875 0.00117874
67 0.591476 0.503906 0.0644491 0.0539063 0.00116062
65 0.47817 0.639063 0.0571726 0.134375 0.00113392
39 0.0821206 0.959375 0.0171518 0.015625 0.00113392
66 0.892931 0.632812 0.139293 0.176563 0.00113392
42 0.472453 0.651563 0.0467775 0.149219 0.0011158
46 0.60447 0.486719 0.0800416 0.101562 0.00102806
67 0.464657 0.55 0.029106 0.0796875 0.00102043
67 0.487006 0.663672 0.0613306 0.19375 0.00101185
0 0.677235 0.621875 0.633056 0.74375 0.910645
25 0.484927 0.420312 0.955301 0.6625 0.818848
25 0.485967 0.565625 0.971933 0.701563 0.113159
0 0.0823805 0.960156 0.0150728 0.0125 0.037323
67 0.467775 0.573438 0.027027 0.0390625 0.0217743
27 0.484407 0.633594 0.0686071 0.234375 0.0158386
67 0.467775 0.588281 0.037422 0.09375 0.0107346
0 0.0821206 0.960156 0.0176715 0.015625 0.00834656
14 0.171258 0.953125 0.0197505 0.0109375 0.00519943
79 0.470894 0.657813 0.04158 0.217188 0.00439835
25 0.676715 0.414062 0.580042 0.626563 0.0042305
67 0.549896 0.41875 0.0613306 0.03125 0.00367928
0 0.168919 0.953125 0.022869 0.0125 0.00366402
79 0.472453 0.595313 0.0488565 0.1375 0.00345612
42 0.47973 0.625 0.0571726 0.248438 0.00327301
44 0.472453 0.651953 0.0467775 0.152344 0.00313568
33 0.0821206 0.960156 0.0176715 0.015625 0.00298119
14 0.0823805 0.960156 0.0150728 0.0125 0.00292397
65 0.472453 0.595313 0.0488565 0.1375 0.00287819
2 0.171258 0.953125 0.0197505 0.0109375 0.00277901
8 0.0821206 0.960156 0.0176715 0.015625 0.00266266
25 0.265073 0.416797 0.516632 0.657031 0.00259018
79 0.469854 0.680469 0.029106 0.120313 0.00258064
67 0.47921 0.567969 0.0571726 0.117969 0.00257111
65 0.472973 0.619141 0.0498961 0.1375 0.00256157
67 0.491684 0.552734 0.0519751 0.134375 0.00246239
14 0.0821206 0.960156 0.0176715 0.015625 0.00245285
33 0.0823805 0.960156 0.0150728 0.0125 0.00245285
67 0.465696 0.539062 0.033264 0.109375 0.00236893
79 0.472453 0.651953 0.0467775 0.152344 0.00230598
79 0.486486 0.639063 0.0717256 0.248438 0.00226974
65 0.472453 0.651953 0.0467775 0.152344 0.00219154
67 0.469854 0.680469 0.029106 0.120313 0.00209045
42 0.487006 0.607031 0.0779626 0.271875 0.00206757
44 0.470894 0.657813 0.04158 0.217188 0.00184631
13 0.494932 0.609375 0.989345 0.757812 0.00177479
67 0.489085 0.653906 0.0738046 0.236719 0.00175476
67 0.469854 0.65625 0.033264 0.19375 0.00172043
67 0.431393 0.566797 0.107069 0.123438 0.00169373
42 0.470894 0.657813 0.04158 0.217188 0.00158501
2 0.0821206 0.960156 0.0176715 0.015625 0.00154877
79 0.472973 0.619141 0.0498961 0.1375 0.00146103
33 0.171258 0.953125 0.0197505 0.0109375 0.00145531
8 0.171258 0.953125 0.0197505 0.0109375 0.00144958
79 0.469854 0.686719 0.0259875 0.0890625 0.00144386
32 0.0823805 0.960156 0.0150728 0.0125 0.00144386
67 0.47973 0.625 0.0571726 0.248438 0.00138283
79 0.468295 0.592188 0.039501 0.101562 0.00131989
67 0.472453 0.595313 0.0488565 0.1375 0.00126457
25 0.626819 0.503809 0.546778 0.51582 0.00122547
67 0.469854 0.686719 0.0259875 0.0890625 0.00113773
27 0.477131 0.636719 0.0904366 0.282813 0.00110722
42 0.472453 0.651953 0.0467775 0.152344 0.00109482
67 0.582121 0.499219 0.037422 0.0421875 0.00109005
39 0.0821206 0.960156 0.0176715 0.015625 0.00109005
65 0.470894 0.657813 0.04158 0.217188 0.00108624
67 0.600312 0.507812 0.0769231 0.0609375 0.00106525
65 0.47817 0.639063 0.0582121 0.140625 0.00104427
40 0.472453 0.595313 0.0488565 0.1375 0.00104046
0 0.678664 0.621875 0.634355 0.74375 0.907227
25 0.484407 0.417578 0.952183 0.660156 0.844727
25 0.484407 0.580859 0.968815 0.719531 0.135742
0 0.0825104 0.960938 0.0155925 0.0125 0.0388184
67 0.467775 0.575391 0.027027 0.04375 0.0204926
27 0.486486 0.637109 0.0706861 0.244531 0.0164032
67 0.468815 0.589453 0.035343 0.0898438 0.011116
42 0.47817 0.623047 0.0530146 0.239844 0.00482941
27 0.47817 0.623047 0.0530146 0.239844 0.00453949
2 0.170998 0.953125 0.0197505 0.0109375 0.00421524
79 0.471414 0.655469 0.0426195 0.221875 0.00362206
0 0.168919 0.953125 0.022869 0.0125 0.00359344
14 0.170998 0.953125 0.0197505 0.0109375 0.00346947
67 0.549896 0.41875 0.0613306 0.03125 0.00345612
79 0.472973 0.596094 0.047817 0.1375 0.00345612
25 0.692308 0.413672 0.544699 0.625781 0.00309944
33 0.0823805 0.960156 0.0176715 0.015625 0.00288963
65 0.472973 0.596094 0.047817 0.1375 0.00284576
42 0.485967 0.601953 0.0738046 0.249219 0.00282288
14 0.0825104 0.960938 0.0155925 0.0125 0.00277901
25 0.268971 0.416016 0.525468 0.657031 0.00273705
44 0.472453 0.650781 0.0467775 0.15625 0.00268364
67 0.47817 0.623047 0.0530146 0.239844 0.00253105
67 0.47921 0.56875 0.0561331 0.115625 0.00248146
79 0.469335 0.597266 0.0405405 0.110156 0.00215721
2 0.0823805 0.960156 0.0176715 0.015625 0.00211525
79 0.472453 0.650781 0.0467775 0.15625 0.00210762
67 0.465696 0.539844 0.0343035 0.114844 0.0020752
79 0.486486 0.637109 0.0706861 0.244531 0.0020752
79 0.469854 0.678906 0.029106 0.125 0.00205803
67 0.491164 0.551953 0.0519751 0.135156 0.00202751
79 0.469335 0.655078 0.033264 0.196094 0.00199509
8 0.0823805 0.960156 0.0176715 0.015625 0.00199509
67 0.469854 0.678906 0.029106 0.125 0.00188255
65 0.472453 0.650781 0.0467775 0.15625 0.00178242
67 0.472973 0.596094 0.047817 0.1375 0.0015974
25 0.62565 0.502734 0.547037 0.514063 0.00156116
67 0.469335 0.655078 0.033264 0.196094 0.00154877
0 0.0818607 0.960938 0.0176715 0.0171875 0.00148964
44 0.471414 0.655469 0.0426195 0.221875 0.00144386
42 0.471414 0.655469 0.0426195 0.221875 0.00140476
32 0.0825104 0.960938 0.0155925 0.0125 0.00133514
67 0.486486 0.637109 0.0706861 0.244531 0.00133038
65 0.477131 0.612891 0.0561331 0.128906 0.0012846
13 0.501949 0.614746 0.975312 0.748633 0.0012846
33 0.170998 0.953125 0.0197505 0.0109375 0.0012598
79 0.469854 0.686719 0.024948 0.0890625 0.00119686
79 0.47817 0.623047 0.0530146 0.239844 0.00118351
67 0.599792 0.507812 0.0758836 0.0609375 0.00117397
8 0.170998 0.953125 0.0197505 0.0109375 0.00116062
40 0.472973 0.596094 0.047817 0.1375 0.00112438
67 0.581601 0.498437 0.0363825 0.040625 0.00111198
27 0.485447 0.640625 0.0935551 0.285938 0.00107765
76 0.47817 0.623047 0.0530146 0.239844 0.00107288
42 0.472453 0.650781 0.0467775 0.15625 0.00103664
67 0.431913 0.567187 0.107069 0.123438 0.00101662
67 0.469854 0.686719 0.024948 0.0890625 0.00100803
25 0.607588 0.567187 0.685031 0.65 0.00100803
0 0.677885 0.622266 0.633836 0.742969 0.903809
25 0.483238 0.424219 0.950364 0.674219 0.877441
25 0.482328 0.586719 0.964657 0.732813 0.176147
0 0.0827703 0.960938 0.0153326 0.0125 0.0372009
27 0.486486 0.635547 0.0706861 0.241406 0.0164032
67 0.467775 0.578125 0.0280665 0.05 0.0162811
67 0.468815 0.590625 0.0363825 0.0875 0.00937653
42 0.477651 0.621875 0.0509356 0.234375 0.005867
2 0.170998 0.953125 0.0197505 0.0109375 0.00494385
0 0.0823805 0.960156 0.0176715 0.015625 0.00460815
27 0.477651 0.621875 0.0509356 0.234375 0.00408554
42 0.485447 0.598828 0.0727651 0.238281 0.00336266
25 0.266892 0.416016 0.522349 0.657813 0.00332451
79 0.472973 0.596484 0.047817 0.139063 0.00312424
33 0.0823805 0.960156 0.0176715 0.015625 0.00307465
0 0.168919 0.953125 0.022869 0.0125 0.00307465
67 0.477651 0.621875 0.0509356 0.234375 0.00301552
65 0.472973 0.596484 0.047817 0.139063 0.0027256
79 0.471414 0.653125 0.04158 0.223438 0.00261116
2 0.0823805 0.960156 0.0176715 0.015625 0.00239754
33 0.0827703 0.960938 0.0153326 0.0125 0.002388
14 0.0827703 0.960938 0.0153326 0.0125 0.00232315
14 0.170998 0.953125 0.0197505 0.0109375 0.00226021
67 0.47921 0.56875 0.0550936 0.1125 0.0020752
25 0.731809 0.413672 0.467775 0.622656 0.0019722
67 0.549896 0.41875 0.0602911 0.0304688 0.00191879
44 0.472973 0.648047 0.045738 0.161719 0.00190449
79 0.486486 0.635547 0.0706861 0.241406 0.00183105
25 0.62526 0.504004 0.547817 0.516992 0.00176811
79 0.469854 0.597656 0.039501 0.107813 0.0017004
67 0.472973 0.596484 0.047817 0.139063 0.00166798
79 0.472973 0.648047 0.045738 0.161719 0.00165462
13 0.505717 0.614453 0.969854 0.749219 0.00162315
67 0.465696 0.542188 0.035343 0.121094 0.00161648
67 0.469854 0.677344 0.029106 0.125781 0.00157928
79 0.469854 0.677344 0.029106 0.125781 0.00150108
67 0.485447 0.598828 0.0727651 0.238281 0.00146103
67 0.490644 0.551562 0.0519751 0.135937 0.00143814
65 0.472973 0.648047 0.045738 0.161719 0.00141621
8 0.0823805 0.960156 0.0176715 0.015625 0.00131512
33 0.170998 0.953125 0.0197505 0.0109375 0.00123978
67 0.469335 0.653906 0.033264 0.196875 0.00123024
27 0.485447 0.637891 0.0914761 0.280469 0.0012064
32 0.0827703 0.960938 0.0153326 0.0125 0.00112915
40 0.472973 0.596484 0.047817 0.139063 0.00109863
42 0.471414 0.653125 0.04158 0.223438 0.00107288
14 0.0823805 0.960156 0.0176715 0.015625 0.00105667
67 0.599792 0.507812 0.0748441 0.0609375 0.00104046
44 0.471414 0.653125 0.04158 0.223438 0.00102043
0 0.677755 0.622656 0.634096 0.74375 0.900391
25 0.482848 0.430859 0.951143 0.686719 0.883301
25 0.482328 0.585254 0.964657 0.731055 0.197388
0 0.0827703 0.960938 0.0153326 0.0125 0.0337219
27 0.487006 0.635156 0.0717256 0.245312 0.0152512
67 0.467775 0.578516 0.027027 0.05 0.0145569
67 0.468815 0.591406 0.035343 0.0859375 0.00841522
42 0.47817 0.621875 0.0519751 0.236719 0.00557709
2 0.170998 0.953125 0.0192308 0.0109375 0.00498199
0 0.0823805 0.960156 0.0176715 0.015625 0.00424957
27 0.47817 0.621875 0.0519751 0.236719 0.00383949
33 0.0823805 0.960156 0.0176715 0.015625 0.00378036
25 0.263968 0.417285 0.516762 0.65918 0.00356483
42 0.485447 0.599219 0.0748441 0.24375 0.00327301
67 0.47817 0.621875 0.0519751 0.236719 0.00327301
0 0.168919 0.953125 0.0223493 0.0125 0.0029583
33 0.0827703 0.960938 0.0153326 0.0125 0.00293541
79 0.472973 0.597266 0.047817 0.138281 0.00276756
14 0.0827703 0.960938 0.0153326 0.0125 0.00258064
65 0.472973 0.597266 0.047817 0.138281 0.00254059
2 0.0823805 0.960156 0.0176715 0.015625 0.00221634
13 0.505717 0.613281 0.969854 0.754687 0.00221634
79 0.471933 0.652734 0.04158 0.227344 0.00217438
14 0.170998 0.953125 0.0192308 0.0109375 0.00214958
25 0.623831 0.505078 0.544439 0.517969 0.00200272
67 0.47869 0.569531 0.0550936 0.1125 0.00182438
25 0.744283 0.414062 0.444906 0.621875 0.00162315
67 0.485447 0.599219 0.0748441 0.24375 0.00161648
67 0.472973 0.597266 0.047817 0.138281 0.00158501
44 0.472973 0.647266 0.045738 0.165625 0.00154877
67 0.466216 0.542188 0.035343 0.121875 0.00153637
67 0.469854 0.676953 0.0280665 0.127344 0.00146675
79 0.487006 0.635156 0.0717256 0.245312 0.00145531
79 0.472973 0.647266 0.045738 0.165625 0.00142097
79 0.469854 0.598047 0.039501 0.10625 0.00141621
33 0.170998 0.953125 0.0192308 0.0109375 0.00141621
8 0.0823805 0.960156 0.0176715 0.015625 0.00133514
67 0.550416 0.41875 0.0592516 0.0304688 0.00131989
67 0.490644 0.550781 0.0540541 0.139063 0.00126457
65 0.472973 0.647266 0.045738 0.165625 0.00123024
79 0.469854 0.676953 0.0280665 0.127344 0.00123024
67 0.599792 0.507812 0.0748441 0.0609375 0.00117397
32 0.0827703 0.960938 0.0153326 0.0125 0.00112057
67 0.469335 0.653516 0.033264 0.199219 0.00111198
14 0.0823805 0.960156 0.0176715 0.015625 0.00106525
27 0.485447 0.640625 0.0935551 0.2875 0.00102806
56 0.505717 0.613281 0.969854 0.754687 0.00100803
0 0.678274 0.623438 0.635135 0.74375 0.896973
25 0.483888 0.442578 0.953222 0.708594 0.891113
25 0.482328 0.586816 0.964657 0.741992 0.273682
0 0.0829002 0.960938 0.0150728 0.0125 0.0273743
27 0.487526 0.633594 0.0727651 0.246875 0.0123825
67 0.467775 0.578906 0.027027 0.05 0.00997162
67 0.468815 0.591406 0.035343 0.084375 0.00595856
42 0.47869 0.623438 0.0530146 0.240625 0.00469971
2 0.170998 0.953125 0.0192308 0.0109375 0.00462723
33 0.0825104 0.960156 0.0176715 0.015625 0.00411606
25 0.261954 0.418652 0.513514 0.65957 0.00340271
27 0.47869 0.623438 0.0530146 0.240625 0.00286674
13 0.505327 0.613672 0.972713 0.755469 0.00284576
67 0.47869 0.623438 0.0530146 0.240625 0.00277901
0 0.0825104 0.960156 0.0176715 0.015625 0.00275803
42 0.487006 0.603125 0.0779626 0.264062 0.00269318
33 0.0829002 0.960938 0.0150728 0.0125 0.00251198
0 0.168919 0.953125 0.022869 0.0125 0.00233269
79 0.472973 0.597656 0.0467775 0.140625 0.00222588
65 0.472973 0.597656 0.0467775 0.140625 0.00216484
14 0.0829002 0.960938 0.0150728 0.0125 0.00203514
25 0.627989 0.510156 0.548597 0.528906 0.00200272
2 0.0825104 0.960156 0.0176715 0.015625 0.00186729
14 0.170998 0.953125 0.0192308 0.0109375 0.0017004
33 0.170998 0.953125 0.0192308 0.0109375 0.0014267
67 0.472973 0.597656 0.0467775 0.140625 0.00138283
25 0.758836 0.416016 0.417879 0.617969 0.00137234
56 0.662682 0.616797 0.606029 0.744531 0.00136662
79 0.471933 0.650781 0.04158 0.234375 0.00134087
67 0.47869 0.569922 0.0540541 0.110156 0.00129414
67 0.487006 0.603125 0.0779626 0.264062 0.00123024
56 0.505327 0.613672 0.972713 0.755469 0.00118828
67 0.466736 0.543359 0.035343 0.124219 0.00103664
65 0.893971 0.610156 0.139293 0.228125 0.00103188
67 0.469854 0.671094 0.0280665 0.142188 0.00102425
0 0.678794 0.623535 0.638254 0.745117 0.899414
25 0.483368 0.447656 0.956341 0.717188 0.888672
25 0.483368 0.587109 0.966736 0.747656 0.352295
0 0.08329 0.960938 0.0150728 0.0125 0.0210876
27 0.488046 0.632812 0.0727651 0.244531 0.0101318
67 0.467775 0.579688 0.027027 0.0515625 0.00772476
33 0.0823805 0.960156 0.0176715 0.015625 0.00481033
67 0.469854 0.592188 0.035343 0.0828125 0.00475693
42 0.47817 0.625781 0.0509356 0.242188 0.00439835
2 0.170998 0.953125 0.0197505 0.0109375 0.00408554
13 0.512344 0.61416 0.95868 0.757617 0.00321007
25 0.258056 0.420215 0.505717 0.65957 0.00274658
67 0.47817 0.625781 0.0509356 0.242188 0.00260162
42 0.486486 0.606641 0.0769231 0.270313 0.00252151
33 0.08329 0.960938 0.0150728 0.0125 0.00234985
27 0.47817 0.625781 0.0509356 0.242188 0.00226974
79 0.472973 0.597656 0.0467775 0.142188 0.00201035
0 0.0823805 0.960156 0.0176715 0.015625 0.00192642
65 0.472973 0.597656 0.0467775 0.142188 0.00190449
0 0.168919 0.953125 0.022869 0.0125 0.00187492
14 0.08329 0.960938 0.0150728 0.0125 0.00181007
25 0.632926 0.514063 0.555353 0.5375 0.00175476
25 0.585109 0.409766 0.775728 0.627344 0.0017004
2 0.0823805 0.960156 0.0176715 0.015625 0.00158501
56 0.665281 0.617188 0.611227 0.745313 0.00156116
14 0.170998 0.953125 0.0197505 0.0109375 0.0014782
33 0.170998 0.953125 0.0197505 0.0109375 0.00142097
0 0.473103 0.612402 0.941528 0.756445 0.00139427
56 0.512344 0.61416 0.95868 0.757617 0.00133514
57 0.512344 0.61416 0.95868 0.757617 0.00133038
67 0.472973 0.597656 0.0467775 0.142188 0.00125504
67 0.486486 0.606641 0.0769231 0.270313 0.00117874
25 0.762994 0.417188 0.409563 0.614844 0.0011692
79 0.471933 0.649609 0.04158 0.236719 0.00100422
0 0.679834 0.623438 0.640333 0.745313 0.909668
25 0.483888 0.449219 0.959459 0.720313 0.875
25 0.484407 0.587891 0.968815 0.750781 0.403564
0 0.0831601 0.960938 0.0150728 0.0140625 0.018692
27 0.488046 0.630469 0.0727651 0.239063 0.00857544
67 0.467775 0.580078 0.027027 0.0523438 0.00658798
33 0.0823805 0.960156 0.0181913 0.015625 0.00612259
67 0.469854 0.592188 0.035343 0.0828125 0.00415039
42 0.477131 0.626953 0.0498961 0.240625 0.00408554
13 0.524038 0.613281 0.939449 0.760938 0.0039444
2 0.170998 0.953125 0.0197505 0.0109375 0.00392914
67 0.477131 0.626953 0.0498961 0.240625 0.00248146
42 0.485447 0.611719 0.0748441 0.26875 0.00244331
25 0.293399 0.431152 0.575364 0.654883 0.00216484
27 0.477131 0.626953 0.0498961 0.240625 0.00194168
25 0.582251 0.410156 0.785603 0.629687 0.00190449
0 0.168919 0.953125 0.022869 0.0125 0.00187492
57 0.524038 0.613281 0.939449 0.760938 0.00176811
79 0.472973 0.598047 0.045738 0.141406 0.00173378
33 0.170998 0.953125 0.0197505 0.0109375 0.00172043
0 0.475052 0.609375 0.945946 0.7625 0.00165462
56 0.524038 0.613281 0.939449 0.760938 0.00165462
65 0.472973 0.598047 0.045738 0.141406 0.0016489
56 0.668919 0.617285 0.618503 0.74668 0.00161076
14 0.0831601 0.960938 0.0150728 0.0140625 0.0015974
0 0.486486 0.471484 0.964657 0.767969 0.00154877
25 0.635265 0.520312 0.558992 0.551562 0.00146103
2 0.0823805 0.960156 0.0181913 0.015625 0.00142097
14 0.170998 0.953125 0.0197505 0.0109375 0.00141048
25 0.754678 0.416797 0.428274 0.614844 0.00130463
67 0.485447 0.611719 0.0748441 0.26875 0.00121117
56 0.486486 0.471484 0.964657 0.767969 0.00117397
67 0.472973 0.598047 0.045738 0.141406 0.00105667
0 0.679314 0.623047 0.641372 0.746094 0.916016
25 0.484537 0.446094 0.964397 0.714063 0.866211
25 0.485967 0.588184 0.971933 0.748633 0.413086
0 0.0831601 0.960938 0.0155925 0.0125 0.0165253
27 0.487526 0.628906 0.0727651 0.235938 0.00815582
33 0.0822505 0.960156 0.0184511 0.015625 0.00626373
67 0.467775 0.579688 0.027027 0.0515625 0.00619125
13 0.537292 0.616016 0.915021 0.755469 0.00421524
42 0.477131 0.627734 0.0498961 0.24375 0.00411606
67 0.469854 0.592188 0.0363825 0.0828125 0.00385475
2 0.170738 0.953125 0.0197505 0.0109375 0.00376511
42 0.484407 0.613281 0.0748441 0.269531 0.0026207
67 0.477131 0.627734 0.0498961 0.24375 0.00245285
0 0.487526 0.477344 0.966736 0.779688 0.00230598
33 0.0831601 0.960938 0.0155925 0.0125 0.00218201
57 0.537292 0.616016 0.915021 0.755469 0.00199509
27 0.477131 0.627734 0.0498961 0.24375 0.00176144
25 0.290021 0.43125 0.569647 0.651563 0.00175476
56 0.487526 0.477344 0.966736 0.779688 0.0016613
0 0.168919 0.953125 0.0239085 0.0125 0.00165462
56 0.537292 0.616016 0.915021 0.755469 0.0016489
33 0.170738 0.953125 0.0197505 0.0109375 0.00161076
14 0.0831601 0.960938 0.0155925 0.0125 0.00159168
25 0.740645 0.416406 0.460499 0.6125 0.00156116
56 0.673597 0.617188 0.627859 0.745313 0.00154877
0 0.47817 0.607715 0.952183 0.76582 0.00154877
25 0.638384 0.517188 0.567308 0.546875 0.00153637
79 0.472973 0.599219 0.045738 0.139063 0.0014267
14 0.170738 0.953125 0.0197505 0.0109375 0.00136185
0 0.0822505 0.960156 0.0184511 0.015625 0.00131989
65 0.472973 0.599219 0.045738 0.139063 0.00130939
67 0.484407 0.613281 0.0748441 0.269531 0.00127411
2 0.0822505 0.960156 0.0184511 0.015625 0.00124454
67 0.595634 0.507031 0.0665281 0.059375 0.00101185
33 0.485447 0.471484 0.945946 0.766406 0.00101185
0 0.678794 0.622656 0.642412 0.746875 0.922363
25 0.484407 0.438379 0.966736 0.699805 0.863281
25 0.486486 0.585938 0.972973 0.75 0.383057
0 0.0830301 0.960938 0.0161123 0.0125 0.0154877
27 0.487526 0.625781 0.0727651 0.229687 0.008255
67 0.467775 0.578516 0.027027 0.0492188 0.00612259
33 0.0821206 0.960156 0.018711 0.015625 0.00526047
67 0.469854 0.592188 0.0363825 0.08125 0.00403976
13 0.554054 0.618652 0.883576 0.748633 0.00388527
42 0.476091 0.628516 0.0498961 0.242969 0.00349617
2 0.170478 0.953125 0.0197505 0.0109375 0.00345612
0 0.487396 0.485547 0.966996 0.796094 0.0026207
42 0.483368 0.615625 0.0748441 0.265625 0.00231361
67 0.476091 0.628516 0.0498961 0.242969 0.00221634
14 0.0830301 0.960938 0.0161123 0.0125 0.00193405
57 0.554054 0.618652 0.883576 0.748633 0.00192642
33 0.0830301 0.960938 0.0161123 0.0125 0.00181007
56 0.487396 0.485547 0.966996 0.796094 0.00179577
25 0.255262 0.419629 0.50091 0.654492 0.0017271
27 0.476091 0.628516 0.0498961 0.242969 0.00165462
56 0.554054 0.618652 0.883576 0.748633 0.00148964
25 0.725052 0.416406 0.493763 0.611719 0.00146675
0 0.168919 0.953125 0.0239085 0.0125 0.00142097
33 0.486357 0.467969 0.948285 0.760938 0.00131989
14 0.170478 0.953125 0.0197505 0.0109375 0.00130463
25 0.639163 0.507422 0.571985 0.527344 0.00130463
33 0.170478 0.953125 0.0197505 0.0109375 0.0012846
79 0.472973 0.600781 0.047817 0.132812 0.00121117
67 0.483368 0.615625 0.0748441 0.265625 0.00117874
2 0.0821206 0.960156 0.018711 0.015625 0.00113392
13 0.56341 0.503516 0.860707 0.549219 0.00113392
65 0.472973 0.600781 0.047817 0.132812 0.00109482
0 0.0821206 0.960156 0.018711 0.015625 0.00102806
67 0.596674 0.507422 0.0686071 0.059375 0.00101662
0 0.678404 0.621973 0.643191 0.74668 0.924805
25 0.484407 0.426563 0.966736 0.675781 0.85498
25 0.486486 0.583691 0.972973 0.75293 0.345215
0 0.0829002 0.960938 0.016632 0.0125 0.0153046
67 0.467775 0.576563 0.027027 0.0453125 0.00803375
27 0.487006 0.624219 0.0717256 0.222656 0.00671768
67 0.469854 0.592188 0.037422 0.0796875 0.0051384
33 0.0819906 0.960156 0.0189709 0.015625 0.00502014
13 0.557043 0.61875 0.877599 0.746875 0.0036068
2 0.170478 0.953125 0.02079 0.0109375 0.00307465
42 0.475052 0.627344 0.0498961 0.235938 0.0024929
67 0.475052 0.627344 0.0498961 0.235938 0.00224304
14 0.0829002 0.960938 0.016632 0.0125 0.00223351
0 0.485967 0.488281 0.965696 0.801562 0.00209999
57 0.557043 0.61875 0.877599 0.746875 0.00185299
25 0.257277 0.418066 0.506237 0.649805 0.00179577
33 0.485447 0.463184 0.950104 0.751758 0.0016489
42 0.482328 0.617188 0.0758836 0.26875 0.00160408
27 0.475052 0.627344 0.0498961 0.235938 0.00139904
25 0.717256 0.416016 0.509355 0.610156 0.00138283
56 0.485967 0.488281 0.965696 0.801562 0.00137806
0 0.169179 0.953125 0.0244283 0.0125 0.00135612
56 0.557043 0.61875 0.877599 0.746875 0.00131512
67 0.477651 0.579297 0.0530146 0.084375 0.00127888
25 0.637734 0.499121 0.572765 0.511133 0.00119686
67 0.596674 0.507422 0.0686071 0.059375 0.00115585
33 0.170478 0.953125 0.02079 0.0109375 0.00114727
2 0.0819906 0.960156 0.0189709 0.015625 0.00112438
79 0.472973 0.602734 0.0467775 0.127344 0.00108147
14 0.170478 0.953125 0.02079 0.0109375 0.00108147
65 0.472973 0.602734 0.0467775 0.127344 0.00106049
67 0.482328 0.617188 0.0758836 0.26875 0.00105286
0 0.678794 0.621777 0.642412 0.74707 0.924316
25 0.483888 0.414941 0.965696 0.65293 0.853027
25 0.485967 0.580371 0.971933 0.751758 0.287842
0 0.0829002 0.960938 0.016632 0.0125 0.0156708
67 0.467775 0.574609 0.027027 0.0414063 0.0100098
67 0.469854 0.591797 0.037422 0.0789063 0.00626373
27 0.486486 0.623438 0.0706861 0.220313 0.00527954
33 0.0821206 0.960156 0.0192308 0.015625 0.0051384
13 0.576793 0.621777 0.838098 0.74082 0.0026722
2 0.170478 0.953125 0.02079 0.0109375 0.00264168
67 0.474012 0.626172 0.0498961 0.228906 0.00227928
14 0.0829002 0.960938 0.016632 0.0125 0.00215721
42 0.474012 0.626172 0.0498961 0.228906 0.00188923
25 0.259615 0.418652 0.510915 0.648633 0.00185299
33 0.484927 0.454297 0.949064 0.735156 0.00183105
67 0.477651 0.579688 0.0530146 0.08125 0.00158501
33 0.0829002 0.960938 0.016632 0.0125 0.00155449
57 0.576793 0.621777 0.838098 0.74082 0.00152493
0 0.169439 0.953125 0.024948 0.0125 0.00146675
67 0.597713 0.507422 0.0706861 0.0601563 0.00134563
25 0.727131 0.417285 0.487526 0.607617 0.00130939
27 0.474012 0.626172 0.0498961 0.228906 0.00125504
33 0.170478 0.953125 0.02079 0.0109375 0.00123501
67 0.466736 0.541406 0.031185 0.103125 0.00119209
25 0.639163 0.499219 0.571985 0.510156 0.00117397
42 0.481289 0.619922 0.0748441 0.264844 0.0011692
0 0.483888 0.488281 0.961538 0.801562 0.0011158
67 0.472973 0.603125 0.0467775 0.123438 0.00108624
67 0.550936 0.417969 0.0582121 0.03125 0.00106525
65 0.472973 0.603125 0.0467775 0.123438 0.00105286
56 0.576793 0.621777 0.838098 0.74082 0.00104427
79 0.472973 0.603125 0.0467775 0.123438 0.00100803
0 0.677235 0.621094 0.639293 0.746875 0.921875
25 0.482848 0.407031 0.963617 0.6375 0.84375
25 0.484407 0.577734 0.968815 0.746094 0.20752
0 0.0829002 0.960938 0.0161123 0.0125 0.0166626
67 0.467775 0.572266 0.027027 0.0367188 0.0139542
67 0.468815 0.591406 0.035343 0.078125 0.00834656
33 0.0821206 0.960156 0.0189709 0.015625 0.0050621
27 0.485447 0.620313 0.0686071 0.207813 0.00473785
2 0.170478 0.953125 0.02079 0.0109375 0.0024929
13 0.58407 0.623438 0.821466 0.735938 0.00234222
67 0.550936 0.417969 0.0582121 0.03125 0.00219917
67 0.597713 0.507031 0.0706861 0.059375 0.00216484
14 0.0829002 0.960938 0.0161123 0.0125 0.0020504
67 0.47817 0.578906 0.0519751 0.08125 0.00197983
25 0.258056 0.419531 0.506757 0.648438 0.00191212
33 0.483498 0.441504 0.947765 0.710742 0.0018034
67 0.474012 0.622266 0.047817 0.2125 0.00178909
0 0.169439 0.953125 0.024948 0.0125 0.00168133
67 0.466736 0.541016 0.0301455 0.0976562 0.00150108
33 0.0829002 0.960938 0.0161123 0.0125 0.00134087
42 0.474012 0.622266 0.047817 0.2125 0.00132465
27 0.474012 0.622266 0.047817 0.2125 0.00129986
67 0.472453 0.603125 0.045738 0.120313 0.00126457
25 0.72817 0.418359 0.483368 0.605469 0.00124454
33 0.170478 0.953125 0.02079 0.0109375 0.00122547
65 0.472453 0.603125 0.045738 0.120313 0.00121593
57 0.58407 0.623438 0.821466 0.735938 0.00119209
67 0.581081 0.495313 0.0363825 0.0359375 0.00111198
79 0.472453 0.603125 0.045738 0.120313 0.00108147
25 0.637734 0.499219 0.56237 0.509375 0.00106525
0 0.0821206 0.960156 0.0189709 0.015625 0.00104427
2 0.0821206 0.960156 0.0189709 0.015625 0.00103188
0 0.675676 0.621191 0.634096 0.74668 0.916992
25 0.481419 0.404297 0.960239 0.632031 0.831055
25 0.482848 0.575098 0.965696 0.748242 0.144653
0 0.0827703 0.960938 0.0158524 0.0125 0.0185394
67 0.467775 0.571484 0.0259875 0.0351562 0.0172424
67 0.468815 0.591016 0.0343035 0.0773438 0.0104065
27 0.483368 0.61875 0.0634096 0.195312 0.00468063
33 0.0821206 0.960156 0.018711 0.015625 0.00421524
67 0.550936 0.417969 0.0582121 0.03125 0.00336266
67 0.598753 0.507031 0.0706861 0.059375 0.00328636
2 0.170478 0.953125 0.02079 0.0109375 0.00255013
0 0.170478 0.953125 0.02079 0.0109375 0.00228691
67 0.47817 0.578516 0.0519751 0.0820312 0.00223351
25 0.259615 0.419531 0.509875 0.651563 0.00211525
14 0.0827703 0.960938 0.0158524 0.0125 0.00200272
67 0.581081 0.496094 0.037422 0.0359375 0.00183868
33 0.481809 0.435937 0.944906 0.7 0.00182438
13 0.582251 0.625 0.823025 0.732813 0.00179577
67 0.466736 0.542188 0.029106 0.0929688 0.0017004
67 0.473493 0.617188 0.0467775 0.195312 0.00168705
27 0.473493 0.617188 0.0467775 0.195312 0.00147247
67 0.472453 0.602734 0.0446985 0.120313 0.00146675
65 0.472453 0.602734 0.0446985 0.120313 0.00141048
0 0.00337838 0.464844 0.00675676 0.90625 0.00131989
0 0.0821206 0.960156 0.018711 0.015625 0.00126457
79 0.472453 0.602734 0.0446985 0.120313 0.00122547
44 0.474012 0.638672 0.043659 0.139063 0.00121117
33 0.170478 0.953125 0.02079 0.0109375 0.00112915
2 0.0821206 0.960156 0.018711 0.015625 0.00110722
42 0.473493 0.617188 0.0467775 0.195312 0.00109863
33 0.0827703 0.960938 0.0158524 0.0125 0.00108624
25 0.731809 0.41875 0.474012 0.605469 0.00104046
67 0.487526 0.560156 0.0582121 0.113281 0.00100803
40 0.472453 0.602734 0.0446985 0.120313 0.00100803
0 0.675676 0.621484 0.632017 0.746094 0.915039
25 0.480769 0.403906 0.95738 0.63125 0.824219
25 0.481289 0.575879 0.962578 0.74668 0.11676
25 0.464137 0.496875 0.928274 0.523438 0.0296478
0 0.0829002 0.960938 0.0155925 0.0125 0.0214539
67 0.467775 0.571094 0.0259875 0.034375 0.0189819
67 0.468815 0.590625 0.033264 0.0765625 0.0114212
67 0.598233 0.507422 0.0706861 0.059375 0.00481033
67 0.550936 0.417969 0.0582121 0.03125 0.00471878
27 0.482328 0.615625 0.0602911 0.188281 0.00434875
33 0.0821206 0.960156 0.018711 0.015625 0.00385475
0 0.170478 0.953125 0.02079 0.0109375 0.00282288
67 0.581601 0.496094 0.0363825 0.0375 0.00281143
0 0.00318347 0.465625 0.00636694 0.90625 0.00265312
25 0.257017 0.419922 0.505717 0.653125 0.00252151
2 0.170478 0.953125 0.02079 0.0109375 0.00248146
27 0.490125 0.617188 0.0758836 0.225 0.00231361
67 0.47817 0.577344 0.0519751 0.084375 0.00229645
14 0.0829002 0.960938 0.0155925 0.0125 0.00227928
67 0.473493 0.610547 0.045738 0.175781 0.00185299
67 0.466736 0.541797 0.029106 0.0929688 0.00175476
0 0.0821206 0.960156 0.018711 0.015625 0.00174141
33 0.480769 0.432715 0.942827 0.693945 0.0016613
67 0.471933 0.602344 0.043659 0.120313 0.00152493
27 0.473493 0.610547 0.045738 0.175781 0.00146103
65 0.471933 0.602344 0.043659 0.120313 0.00141048
44 0.473493 0.6375 0.043659 0.1375 0.00138855
13 0.593035 0.628125 0.797297 0.728125 0.00136662
67 0.586798 0.503125 0.0509356 0.0515625 0.00131512
2 0.0821206 0.960156 0.018711 0.015625 0.0012846
79 0.471933 0.602344 0.043659 0.120313 0.00126457
67 0.561331 0.417969 0.0519751 0.028125 0.00121117
33 0.170478 0.953125 0.02079 0.0109375 0.00114727
42 0.473493 0.610547 0.045738 0.175781 0.00113392
33 0.0829002 0.960938 0.0155925 0.0125 0.0011034
40 0.471933 0.602344 0.043659 0.120313 0.00105286
39 0.0829002 0.960938 0.0155925 0.0125 0.00104427
67 0.488566 0.559375 0.0571726 0.114063 0.00101662
0 0.675676 0.621875 0.632017 0.745313 0.915527
25 0.47921 0.403027 0.954262 0.62832 0.820801
25 0.480249 0.575391 0.960499 0.746094 0.101562
25 0.464137 0.497266 0.928274 0.523438 0.0324707
0 0.0829002 0.960938 0.0150728 0.0125 0.0214539
67 0.467775 0.571094 0.0259875 0.0335938 0.0164642
67 0.468295 0.590625 0.033264 0.0765625 0.00955963
67 0.597713 0.507422 0.0706861 0.059375 0.00431442
0 0.0031185 0.465625 0.00623701 0.903125 0.00362206
33 0.0821206 0.960156 0.0184511 0.015625 0.00331116
67 0.550936 0.417969 0.0582121 0.03125 0.00292397
0 0.170478 0.953125 0.0202703 0.0109375 0.00275803
67 0.581601 0.496875 0.0363825 0.0375 0.00265312
25 0.257017 0.420312 0.506757 0.651563 0.00257111
27 0.482848 0.615625 0.0613306 0.190625 0.0024147
2 0.170478 0.953125 0.0202703 0.0109375 0.00239754
14 0.0829002 0.960938 0.0150728 0.0125 0.00226974
67 0.47817 0.576172 0.0519751 0.0867188 0.00199509
0 0.0821206 0.960156 0.0184511 0.015625 0.00178242
67 0.466736 0.542188 0.029106 0.0921875 0.00148964
33 0.480249 0.427734 0.943867 0.683594 0.00139904
67 0.471933 0.601953 0.043659 0.120313 0.00133038
65 0.471933 0.601953 0.043659 0.120313 0.00121593
44 0.473493 0.6375 0.043659 0.1375 0.00121593
27 0.490644 0.617578 0.0769231 0.229687 0.00121117
67 0.587318 0.503125 0.0519751 0.0515625 0.00117397
79 0.471933 0.601953 0.043659 0.120313 0.00117397
2 0.0821206 0.960156 0.0184511 0.015625 0.00116062
67 0.474012 0.611328 0.045738 0.178125 0.00115108
13 0.589917 0.631641 0.801455 0.721094 0.00113392
39 0.0829002 0.960938 0.0150728 0.0125 0.00106525
33 0.170478 0.953125 0.0202703 0.0109375 0.00104046
27 0.474012 0.611328 0.045738 0.178125 0.00102425
0 0.676715 0.621973 0.634096 0.745117 0.916504
25 0.478041 0.400879 0.952443 0.624805 0.831055
25 0.480249 0.574902 0.960499 0.750195 0.108215
25 0.465696 0.498047 0.931393 0.524219 0.0339661
0 0.0829002 0.960938 0.014553 0.0125 0.0181885
67 0.467775 0.571094 0.0259875 0.0335938 0.0120087
67 0.467775 0.590625 0.033264 0.0765625 0.00731659
0 0.0031185 0.470313 0.00623701 0.917188 0.0051384
67 0.598233 0.507422 0.0717256 0.059375 0.00336266
25 0.257277 0.420215 0.508316 0.650195 0.0026207
33 0.0821206 0.960156 0.0181913 0.015625 0.00255013
0 0.170478 0.953125 0.0202703 0.0109375 0.00236893
2 0.170478 0.953125 0.0202703 0.0109375 0.00236893
67 0.581081 0.496875 0.035343 0.0375 0.00219917
67 0.550936 0.417969 0.0571726 0.0304688 0.0020504
14 0.0829002 0.960938 0.014553 0.0125 0.00188255
67 0.477651 0.575 0.0530146 0.0890625 0.00160408
0 0.0821206 0.960156 0.0181913 0.015625 0.0015974
27 0.484407 0.616406 0.0644491 0.198437 0.00138283
33 0.47973 0.423535 0.944906 0.674805 0.00124454
67 0.471933 0.601953 0.043659 0.121094 0.00113392
79 0.471933 0.601953 0.043659 0.121094 0.00111198
2 0.0821206 0.960156 0.0181913 0.015625 0.00105286
67 0.466736 0.543359 0.029106 0.0898438 0.00101185
44 0.473493 0.6375 0.043659 0.138281 0.00100422
0 0.677235 0.622559 0.635135 0.745508 0.917969
25 0.47817 0.4 0.952183 0.622656 0.839844
25 0.480249 0.574609 0.960499 0.747656 0.105957
25 0.466736 0.498047 0.933472 0.525781 0.0403748
0 0.0830301 0.960938 0.0142931 0.0125 0.0156021
67 0.467775 0.571094 0.0259875 0.0328125 0.0102463
0 0.00331341 0.472656 0.00662682 0.926562 0.00679779
67 0.467775 0.590625 0.033264 0.0765625 0.00636292
67 0.598233 0.507422 0.0717256 0.059375 0.00307465
25 0.257796 0.419531 0.510395 0.651563 0.0026722
2 0.170478 0.953125 0.0202703 0.0109375 0.00245285
33 0.0819906 0.960156 0.0179314 0.015625 0.00229645
0 0.170478 0.953125 0.0202703 0.0109375 0.00209045
67 0.581081 0.496484 0.0363825 0.0375 0.00201988
14 0.0830301 0.960938 0.0142931 0.0125 0.00160408
67 0.550936 0.417969 0.0571726 0.0296875 0.00147247
0 0.0819906 0.960156 0.0179314 0.015625 0.00144386
67 0.47817 0.574219 0.0530146 0.0898438 0.00141621
79 0.471933 0.602344 0.043659 0.11875 0.00109482
67 0.471933 0.602344 0.043659 0.11875 0.00107288
33 0.47973 0.416406 0.946985 0.661719 0.00105667
25 0.637214 0.502344 0.56341 0.515625 0.00104809
0 0.677755 0.622266 0.636175 0.746094 0.91748
25 0.477131 0.4 0.950104 0.623438 0.861328
25 0.47973 0.575098 0.959459 0.749805 0.117188
25 0.467775 0.497656 0.935551 0.528125 0.0448608
0 0.0830301 0.960938 0.0140333 0.0125 0.0158997
67 0.467775 0.571094 0.0259875 0.0328125 0.008255
0 0.00305353 0.476562 0.00610707 0.93125 0.00698471
67 0.467775 0.590625 0.033264 0.0757812 0.00496292
25 0.262994 0.419434 0.52183 0.65332 0.0029583
2 0.170478 0.953125 0.0202703 0.0109375 0.00276756
67 0.598753 0.507031 0.0727651 0.059375 0.00270462
33 0.0819906 0.959375 0.0176715 0.015625 0.00229645
0 0.170478 0.953125 0.0202703 0.0109375 0.00211525
67 0.581081 0.496484 0.035343 0.0375 0.00173378
14 0.0830301 0.960938 0.0140333 0.0125 0.00154877
0 0.0819906 0.959375 0.0176715 0.015625 0.00141621
67 0.47817 0.575 0.0540541 0.0890625 0.00113773
25 0.638254 0.502344 0.567568 0.514844 0.00112057
67 0.550936 0.417969 0.0571726 0.0296875 0.00109482
0 0.678274 0.622656 0.637214 0.746875 0.916504
25 0.476611 0.400879 0.949064 0.626367 0.871582
25 0.480249 0.574219 0.960499 0.75 0.112793
0 0.0830301 0.960938 0.0140333 0.0125 0.0157776
0 0.00318347 0.479688 0.00636694 0.940625 0.00658798
67 0.467775 0.570312 0.024948 0.03125 0.00614548
67 0.467775 0.590625 0.033264 0.0765625 0.00388527
2 0.170478 0.953125 0.0197505 0.0109375 0.00313568
25 0.264033 0.420312 0.523909 0.654688 0.0028553
67 0.597713 0.507031 0.0706861 0.059375 0.00257111
33 0.0818607 0.959375 0.0176715 0.015625 0.00256157
0 0.170478 0.953125 0.0197505 0.0109375 0.00222588
14 0.0830301 0.960938 0.0140333 0.0125 0.0016489
67 0.581081 0.496484 0.0363825 0.0375 0.00157928
0 0.0818607 0.959375 0.0176715 0.015625 0.00141621
0 0.678664 0.622656 0.638514 0.748438 0.91748
25 0.475962 0.401953 0.948285 0.628125 0.891602
25 0.480769 0.571094 0.961538 0.751563 0.112793
0 0.0829002 0.960938 0.0142931 0.0125 0.0177765
0 0.00363825 0.481641 0.00727651 0.949219 0.00595856
67 0.467775 0.570312 0.024948 0.03125 0.00496292
2 0.170478 0.953125 0.0202703 0.0109375 0.00346947
25 0.269231 0.421191 0.534304 0.656055 0.00298119
67 0.467775 0.590234 0.033264 0.0757812 0.0029583
33 0.0818607 0.959375 0.0176715 0.015625 0.00287819
0 0.170478 0.953125 0.0202703 0.0109375 0.00242424
14 0.0829002 0.960938 0.0142931 0.0125 0.0019722
67 0.597193 0.507031 0.0696466 0.059375 0.00183868
0 0.0818607 0.959375 0.0176715 0.015625 0.00153065
67 0.581081 0.496094 0.0363825 0.0375 0.00116539
33 0.0840696 0.960156 0.0236486 0.015625 0.00102043
33 0.170478 0.953125 0.0202703 0.0109375 0.00101185
0 0.678664 0.621875 0.638514 0.75 0.918945
25 0.474922 0.402734 0.946206 0.630469 0.895508
25 0.480249 0.565625 0.960499 0.753125 0.117188
0 0.0829002 0.960938 0.014553 0.0125 0.0192719
0 0.00422297 0.479688 0.00844595 0.953125 0.00548935
67 0.467775 0.569922 0.024948 0.0304688 0.00455475
33 0.0818607 0.959375 0.0176715 0.015625 0.00331116
2 0.170478 0.953125 0.0202703 0.0109375 0.00329781
25 0.273389 0.422559 0.54158 0.658008 0.00290108
67 0.467775 0.590234 0.0322245 0.0757812 0.00271416
0 0.170478 0.953125 0.0202703 0.0109375 0.00254059
14 0.0829002 0.960938 0.014553 0.0125 0.00225258
67 0.595634 0.507031 0.0644491 0.059375 0.00184631
0 0.0818607 0.959375 0.0176715 0.015625 0.00162888
33 0.0840696 0.960156 0.0236486 0.015625 0.00120163
33 0.170478 0.953125 0.0202703 0.0109375 0.00119209
67 0.581081 0.496094 0.035343 0.0367188 0.00118351
33 0.475572 0.386035 0.949064 0.601367 0.00104046
0 0.677885 0.621484 0.637994 0.750781 0.919434
25 0.473493 0.403906 0.944906 0.632812 0.899902
25 0.480249 0.56084 0.960499 0.756445 0.125488
0 0.0829002 0.960938 0.014553 0.0125 0.0199432
0 0.00467775 0.48125 0.00935551 0.9625 0.00575256
67 0.467775 0.569531 0.024948 0.0296875 0.00374985
33 0.0818607 0.959375 0.0176715 0.015625 0.00331116
2 0.170738 0.953125 0.0202703 0.0109375 0.0030632
25 0.269231 0.423828 0.533264 0.658594 0.00273705
0 0.170738 0.953125 0.0202703 0.0109375 0.00256157
67 0.467775 0.590234 0.0322245 0.0757812 0.00218201
14 0.0829002 0.960938 0.014553 0.0125 0.00211525
0 0.0818607 0.959375 0.0176715 0.015625 0.00163555
67 0.594595 0.507031 0.0634096 0.059375 0.00127888
33 0.0841996 0.960156 0.0236486 0.015625 0.00123501
33 0.170738 0.953125 0.0202703 0.0109375 0.00120163
25 0.768191 0.411328 0.422037 0.625 0.00116539
33 0.475962 0.390527 0.948285 0.60957 0.00106049
0 0.677755 0.621191 0.636175 0.751367 0.924316
25 0.472843 0.405566 0.942048 0.635742 0.896973
25 0.47921 0.555078 0.95842 0.760156 0.125122
0 0.0829002 0.960938 0.0150728 0.0125 0.0185394
0 0.00441788 0.484766 0.00883576 0.969531 0.00737381
67 0.467775 0.569531 0.024948 0.0296875 0.00351143
25 0.278586 0.424609 0.550936 0.660156 0.00335121
33 0.0818607 0.959375 0.0179314 0.015625 0.00317192
67 0.467775 0.590234 0.033264 0.0757812 0.00219917
2 0.170738 0.953125 0.0202703 0.0109375 0.00218201
0 0.170738 0.953125 0.0202703 0.0109375 0.00203514
14 0.0829002 0.960938 0.0150728 0.0125 0.00194168
0 0.0818607 0.959375 0.0179314 0.015625 0.00143814
25 0.77027 0.410547 0.417879 0.626563 0.00141048
67 0.594595 0.507031 0.0644491 0.059375 0.00139904
33 0.170738 0.953125 0.0202703 0.0109375 0.0012598
33 0.0841996 0.960156 0.0236486 0.015625 0.00119209
33 0.475572 0.399219 0.946985 0.627344 0.00106525
0 0.677755 0.621191 0.636175 0.751367 0.92627
25 0.472843 0.405566 0.942048 0.63418 0.902832
25 0.47921 0.553027 0.95842 0.756445 0.118774
0 0.0831601 0.960938 0.0155925 0.0125 0.0185394
0 0.004158 0.484375 0.00831601 0.96875 0.00790405
25 0.275988 0.424219 0.545738 0.660937 0.00432968
67 0.467775 0.569531 0.024948 0.0296875 0.00367928
33 0.0819906 0.959375 0.0179314 0.015625 0.00317192
67 0.467775 0.590234 0.033264 0.0757812 0.00226021
14 0.0831601 0.960938 0.0155925 0.0125 0.00194931
2 0.170738 0.953125 0.0202703 0.0109375 0.00191212
0 0.170738 0.953125 0.0202703 0.0109375 0.00173378
25 0.777547 0.410938 0.401247 0.625781 0.00151253
67 0.594075 0.507031 0.0623701 0.059375 0.00144386
0 0.0819906 0.959375 0.0179314 0.015625 0.00140476
33 0.170738 0.953125 0.0202703 0.0109375 0.00127888
33 0.0841996 0.960156 0.0236486 0.015625 0.00122547
0 0.677235 0.621094 0.635135 0.75 0.930176
25 0.473493 0.404687 0.942827 0.632031 0.906738
25 0.47921 0.549902 0.95842 0.750195 0.111633
0 0.0831601 0.960938 0.0155925 0.0125 0.0173035
0 0.00383316 0.483594 0.00766632 0.967188 0.0108185
25 0.287422 0.42334 0.568607 0.661133 0.00521851
67 0.467775 0.569531 0.024948 0.0296875 0.00477219
33 0.0818607 0.959375 0.0179314 0.015625 0.00291252
67 0.467775 0.589844 0.0322245 0.075 0.00279999
25 0.777027 0.410938 0.400208 0.625781 0.00218201
2 0.170738 0.953125 0.0202703 0.0109375 0.00186729
67 0.593555 0.507031 0.0623701 0.059375 0.0018177
14 0.0831601 0.960938 0.0155925 0.0125 0.0016613
0 0.170738 0.953125 0.0202703 0.0109375 0.00153637
0 0.0818607 0.959375 0.0179314 0.015625 0.0012207
33 0.170738 0.953125 0.0202703 0.0109375 0.00116539
33 0.0843295 0.960156 0.0236486 0.015625 0.0011425
67 0.581081 0.495313 0.035343 0.0359375 0.00108147
0 0.676715 0.620996 0.634096 0.750195 0.930176
25 0.474012 0.405566 0.943867 0.632617 0.911621
25 0.47973 0.547559 0.959459 0.748633 0.0984497
0 0.0830301 0.960938 0.0158524 0.0125 0.0177765
0 0.00376819 0.483594 0.00753638 0.967188 0.0127716
25 0.304054 0.423438 0.601871 0.6625 0.00664139
67 0.467775 0.569531 0.024948 0.0289063 0.005867
67 0.467775 0.589844 0.0322245 0.075 0.00344276
33 0.0818607 0.959375 0.0179314 0.015625 0.00293541
67 0.592516 0.507031 0.0592516 0.0585938 0.00251198
25 0.780665 0.411035 0.392931 0.626367 0.00184631
2 0.170738 0.953125 0.0202703 0.0109375 0.00175476
14 0.0830301 0.960938 0.0158524 0.0125 0.00175476
0 0.170738 0.953125 0.0202703 0.0109375 0.00154305
67 0.581081 0.495313 0.035343 0.034375 0.00140476
0 0.0818607 0.959375 0.0179314 0.015625 0.00125504
33 0.170738 0.953125 0.0202703 0.0109375 0.00123501
0 0.676715 0.620313 0.634096 0.75 0.932617
25 0.474012 0.405371 0.943867 0.631445 0.911621
25 0.47921 0.546094 0.95842 0.745313 0.0797729
0 0.0829002 0.960938 0.0161123 0.0125 0.0190582
0 0.00324844 0.483203 0.00649688 0.966406 0.0134811
25 0.339397 0.423047 0.673597 0.661719 0.0069046
67 0.468295 0.569531 0.024948 0.0289063 0.00677109
67 0.467775 0.589844 0.0322245 0.0757812 0.00399017
33 0.0818607 0.959375 0.0179314 0.015625 0.00313568
67 0.593035 0.507031 0.0602911 0.0585938 0.00292397
14 0.0829002 0.960938 0.0161123 0.0125 0.00198746
2 0.170738 0.953125 0.0202703 0.0109375 0.00181007
25 0.779626 0.411328 0.39501 0.625 0.00178909
67 0.581081 0.495313 0.035343 0.034375 0.00161076
0 0.170738 0.953125 0.0202703 0.0109375 0.00158501
33 0.170738 0.953125 0.0202703 0.0109375 0.00137234
33 0.0843295 0.960156 0.0236486 0.015625 0.00124454
44 0.474012 0.639063 0.0446985 0.128125 0.00106049
0 0.675676 0.620215 0.634096 0.750195 0.931152
25 0.477651 0.423047 0.951143 0.666406 0.906738
25 0.47921 0.596191 0.954262 0.72793 0.0481262
0 0.0826403 0.960156 0.0161123 0.0125 0.0210114
0 0.00363825 0.482031 0.00727651 0.964063 0.0125732
25 0.338358 0.423047 0.670478 0.661719 0.0085144
67 0.467775 0.569531 0.024948 0.0289063 0.00751877
67 0.467775 0.589844 0.0322245 0.0757812 0.00436401
33 0.0818607 0.959375 0.0176715 0.015625 0.00342941
67 0.593555 0.507031 0.0613306 0.059375 0.00323486
14 0.0826403 0.960156 0.0161123 0.0125 0.00237846
2 0.170738 0.953125 0.0202703 0.0109375 0.00191212
25 0.776507 0.410547 0.401247 0.627344 0.00183105
67 0.581081 0.495313 0.035343 0.034375 0.00174141
0 0.170738 0.953125 0.0202703 0.0109375 0.0016489
33 0.170738 0.953125 0.0202703 0.0109375 0.00157928
33 0.0843295 0.960156 0.0236486 0.015625 0.00137806
44 0.474012 0.638281 0.0446985 0.126563 0.00116062
25 0.230249 0.470703 0.449064 0.535156 0.00101662
0 0.675676 0.619922 0.634096 0.750781 0.931641
25 0.477131 0.423438 0.950104 0.667188 0.905762
25 0.47921 0.598047 0.954262 0.728906 0.042572
0 0.0825104 0.960156 0.0161123 0.0125 0.0216217
0 0.00376819 0.481641 0.00753638 0.963281 0.0112915
67 0.468295 0.569531 0.024948 0.028125 0.00737381
67 0.467775 0.589844 0.0322245 0.0765625 0.00432968
33 0.0818607 0.959375 0.0176715 0.015625 0.00388527
67 0.592516 0.507031 0.0602911 0.059375 0.00366402
25 0.334979 0.428125 0.663721 0.653906 0.00252151
14 0.0825104 0.960156 0.0161123 0.0125 0.00243378
25 0.779106 0.410156 0.393971 0.628125 0.00223351
67 0.581081 0.495703 0.035343 0.0351562 0.00202751
2 0.170738 0.953125 0.0202703 0.0109375 0.00195694
33 0.170738 0.953125 0.0202703 0.0109375 0.00184631
0 0.170738 0.953125 0.0202703 0.0109375 0.00176811
33 0.0843295 0.960156 0.0236486 0.015625 0.00154305
25 0.231744 0.467187 0.451273 0.546875 0.00123501
33 0.471933 0.393359 0.93763 0.611719 0.00118828
44 0.474012 0.638672 0.045738 0.127344 0.00110722
25 0.638124 0.403906 0.68841 0.617969 0.00103188
0 0.675156 0.620313 0.633056 0.75 0.931152
25 0.477131 0.423438 0.950104 0.667188 0.900391
25 0.47921 0.596777 0.954262 0.72207 0.0372009
0 0.0823805 0.960156 0.0161123 0.0125 0.024231
0 0.00402807 0.479297 0.00805613 0.953906 0.0100098
67 0.468295 0.569531 0.024948 0.0289063 0.00784302
67 0.467775 0.589844 0.0322245 0.0765625 0.00471878
67 0.593555 0.507031 0.0613306 0.059375 0.00419998
33 0.0817308 0.959375 0.0179314 0.015625 0.00372124
14 0.0823805 0.960156 0.0161123 0.0125 0.00286674
25 0.778586 0.410938 0.392931 0.626563 0.00265312
67 0.581081 0.496094 0.035343 0.0359375 0.00220871
2 0.170738 0.953125 0.0202703 0.0109375 0.00219154
0 0.170738 0.953125 0.0202703 0.0109375 0.00182438
33 0.170738 0.953125 0.0202703 0.0109375 0.00174809
33 0.0843295 0.960156 0.0236486 0.015625 0.00150108
25 0.636045 0.40459 0.690489 0.617383 0.00148964
25 0.232913 0.465625 0.454132 0.554688 0.00142097
44 0.474012 0.638672 0.0446985 0.128906 0.00123501
33 0.471933 0.391797 0.93763 0.608594 0.00107288
79 0.470894 0.601562 0.043659 0.119531 0.00104809
0 0.674506 0.619922 0.632277 0.749219 0.927246
25 0.477651 0.42334 0.951143 0.668945 0.89502
25 0.47921 0.598047 0.954262 0.722656 0.0367737
0 0.0821206 0.960156 0.0161123 0.0125 0.0261078
0 0.00454782 0.475 0.00909563 0.940625 0.00871277
67 0.467775 0.569531 0.024948 0.0296875 0.00857544
67 0.593555 0.507031 0.0602911 0.059375 0.00496292
67 0.467775 0.589844 0.031185 0.0765625 0.00494385
33 0.0817308 0.959375 0.0179314 0.015625 0.00415039
14 0.0821206 0.960156 0.0161123 0.0125 0.00340271
25 0.776507 0.411035 0.397089 0.62793 0.00270462
67 0.581081 0.496094 0.0363825 0.0359375 0.00261116
2 0.170738 0.953125 0.0202703 0.0109375 0.00214958
33 0.170738 0.953125 0.0202703 0.0109375 0.00196457
0 0.170738 0.953125 0.0202703 0.0109375 0.00175476
33 0.0843295 0.960156 0.0236486 0.015625 0.00168705
25 0.635005 0.40459 0.692568 0.617383 0.00162315
25 0.233953 0.463672 0.456211 0.561719 0.00157928
44 0.474012 0.639063 0.045738 0.128906 0.00129414
79 0.470894 0.601562 0.043659 0.119531 0.00113392
33 0.471933 0.391406 0.93763 0.609375 0.00106525
67 0.470894 0.601562 0.043659 0.119531 0.00100422
0 0.675676 0.62041 0.634096 0.749805 0.923828
25 0.476091 0.422656 0.948025 0.667188 0.899902
25 0.476611 0.597559 0.949064 0.726758 0.0463867
0 0.0821206 0.959375 0.0163721 0.0125 0.0370483
67 0.467775 0.569531 0.024948 0.028125 0.00937653
0 0.00279366 0.483984 0.00558732 0.941406 0.0069313
67 0.467775 0.590625 0.033264 0.0765625 0.00503922
33 0.0817308 0.959375 0.0181913 0.015625 0.00438309
14 0.0821206 0.959375 0.0163721 0.0125 0.00353813
25 0.759355 0.411328 0.431393 0.627344 0.00328636
67 0.594075 0.507422 0.0623701 0.059375 0.00322342
33 0.170738 0.953125 0.0202703 0.0109375 0.00245285
2 0.170738 0.953125 0.0202703 0.0109375 0.0024147
0 0.169179 0.953125 0.0244283 0.0125 0.00203514
67 0.581081 0.496094 0.0363825 0.0359375 0.00195694
25 0.627339 0.40459 0.7079 0.614258 0.00184631
33 0.0841996 0.960156 0.0239085 0.015625 0.00169373
25 0.231029 0.465625 0.450624 0.560938 0.00159168
44 0.474012 0.64375 0.045738 0.135937 0.0015192
29 0.0817308 0.959375 0.0181913 0.015625 0.00110722
41 0.985447 0.305078 0.029106 0.0359375 0.00100803
0 0.675676 0.620313 0.634096 0.75 0.919434
25 0.472973 0.402734 0.941788 0.629687 0.902832
25 0.487526 0.525781 0.966736 0.723437 0.139404
0 0.0821206 0.959375 0.016632 0.0125 0.0452576
67 0.467775 0.569531 0.024948 0.028125 0.00894928
0 0.00155925 0.499219 0.0031185 0.935938 0.00570679
67 0.467256 0.591016 0.033264 0.0765625 0.00484848
33 0.0816008 0.960156 0.0181913 0.015625 0.00419998
25 0.745842 0.411719 0.460499 0.626563 0.00382423
14 0.0821206 0.959375 0.016632 0.0125 0.0030632
33 0.170738 0.953125 0.0202703 0.0109375 0.00284576
2 0.170738 0.953125 0.0202703 0.0109375 0.00250244
67 0.593555 0.507422 0.0613306 0.059375 0.00231361
0 0.169179 0.953125 0.0244283 0.0125 0.00210762
25 0.62526 0.404687 0.712058 0.6125 0.00195694
25 0.22999 0.466797 0.448545 0.559375 0.00174141
44 0.474012 0.646094 0.045738 0.140625 0.0016613
67 0.581081 0.496094 0.0363825 0.0359375 0.00163555
60 0.00123441 0.517969 0.00246882 0.898438 0.0012598
29 0.0816008 0.960156 0.0181913 0.015625 0.00120163
25 0.572765 0.617969 0.837838 0.746875 0.00105667
74 0.985447 0.305273 0.029106 0.0355469 0.00104046
0 0.676585 0.62041 0.634355 0.749805 0.911133
25 0.471414 0.424121 0.93659 0.66582 0.90332
25 0.475572 0.54375 0.951143 0.71875 0.150513
0 0.0821206 0.959375 0.016632 0.0125 0.0491333
67 0.467775 0.569531 0.024948 0.028125 0.00912476
67 0.467256 0.591406 0.033264 0.0765625 0.00471878
33 0.0816008 0.960156 0.018711 0.015625 0.00443268
25 0.731809 0.412109 0.488566 0.626563 0.0039444
60 0.00110447 0.545313 0.00220894 0.875 0.00314713
33 0.170738 0.953125 0.0202703 0.0125 0.00312424
0 0.00116944 0.5125 0.00233888 0.910937 0.00307465
2 0.170738 0.953125 0.0202703 0.0125 0.00266266
14 0.0821206 0.959375 0.016632 0.0125 0.00251198
0 0.169179 0.953125 0.0244283 0.0125 0.00217438
25 0.618503 0.404687 0.723493 0.6125 0.00194168
67 0.593555 0.507422 0.0602911 0.059375 0.00176144
44 0.474012 0.648438 0.045738 0.145313 0.00171375
25 0.22895 0.468359 0.446466 0.55625 0.00162888
67 0.581081 0.495703 0.0363825 0.0359375 0.00137234
60 0.578872 0.617969 0.827703 0.746875 0.0012598
29 0.0816008 0.960156 0.018711 0.015625 0.00124931
25 0.578872 0.617969 0.827703 0.746875 0.00116062
74 0.985447 0.305273 0.029106 0.0355469 0.00112438
0 0.676715 0.620313 0.634096 0.75 0.906738
25 0.471024 0.424219 0.93737 0.665625 0.902832
25 0.475572 0.54541 0.951143 0.720117 0.15918
0 0.0821206 0.959375 0.016632 0.0125 0.0528259
67 0.467775 0.569531 0.024948 0.028125 0.00809479
67 0.467256 0.591406 0.033264 0.0765625 0.00424957
33 0.0817308 0.960156 0.018711 0.015625 0.0042305
25 0.719335 0.411719 0.515593 0.627344 0.00385475
60 0.00129938 0.556641 0.00259875 0.842969 0.00366402
33 0.170738 0.953125 0.0202703 0.0125 0.00311089
2 0.170738 0.953125 0.0202703 0.0125 0.00277901
0 0.168919 0.953125 0.024948 0.0125 0.00224304
0 0.00175416 0.523438 0.00350832 0.873438 0.00223351
14 0.0821206 0.959375 0.016632 0.0125 0.00221634
60 0 0.900781 0 0.198437 0.00178909
44 0.474012 0.65 0.045738 0.149219 0.00174141
25 0.615255 0.404687 0.727911 0.6125 0.0016613
25 0.228235 0.468359 0.445816 0.554688 0.00152493
60 0.588488 0.618359 0.810551 0.747656 0.00141621
29 0.0817308 0.960156 0.018711 0.015625 0.00133514
60 0.000194906 0.769141 0.000389813 0.441406 0.00130939
0 0 0.900781 0 0.198437 0.00129414
67 0.592516 0.507422 0.0592516 0.0585938 0.00126934
25 0.0821206 0.959375 0.016632 0.0125 0.00122547
74 0.985447 0.305078 0.029106 0.0359375 0.00117397
67 0.581081 0.496094 0.035343 0.0359375 0.00116062
25 0.588488 0.618359 0.810551 0.747656 0.00114727
13 0.588488 0.618359 0.810551 0.747656 0.00105667
25 0.471414 0.424121 0.93659 0.66582 0.905273
0 0.677235 0.619922 0.635135 0.750781 0.901855
25 0.476091 0.547754 0.952183 0.720117 0.169922
0 0.0821206 0.959375 0.016632 0.0125 0.057373
67 0.467775 0.569531 0.024948 0.028125 0.00754929
67 0.467775 0.591406 0.033264 0.0757812 0.00405502
25 0.705821 0.411719 0.54262 0.628125 0.00379562
33 0.0818607 0.960938 0.018711 0.015625 0.00358009
33 0.170738 0.953125 0.0202703 0.0125 0.00282288
2 0.170738 0.953125 0.0202703 0.0125 0.00257111
0 0 0.899219 0 0.201563 0.00220871
14 0.0821206 0.959375 0.016632 0.0125 0.00215721
0 0.168919 0.953125 0.024948 0.0125 0.00214958
60 0 0.899219 0 0.201563 0.00206757
44 0.474012 0.650781 0.0467775 0.152344 0.0017271
60 0.591346 0.617578 0.806913 0.749219 0.0016489
60 0.000909563 0.603906 0.00181913 0.723437 0.00163555
25 0.0821206 0.959375 0.016632 0.0125 0.00146103
29 0.0818607 0.960938 0.018711 0.015625 0.00137806
13 0.591346 0.617578 0.806913 0.749219 0.00136185
60 0.867464 0.752734 0.265073 0.475781 0.00135612
74 0.985447 0.305273 0.029106 0.0355469 0.00127411
25 0.226676 0.469434 0.442697 0.550195 0.0012064
60 0 0.783008 0 0.415234 0.00114727
0 0 0.946875 0 0.10625 0.00108624
25 0.591346 0.617578 0.806913 0.749219 0.00106525
25 0.62591 0.475391 0.737786 0.557031 0.00102043
0 0.677235 0.619434 0.635135 0.751758 0.898926
25 0.471933 0.424316 0.93763 0.666992 0.898438
25 0.477131 0.549902 0.954262 0.718945 0.165039
0 0.0821206 0.959375 0.016632 0.0125 0.0619812
67 0.467775 0.569531 0.024948 0.028125 0.00725937
67 0.467775 0.591406 0.033264 0.0757812 0.00391388
25 0.691268 0.411328 0.571726 0.628906 0.00382423
33 0.0818607 0.960938 0.018711 0.015625 0.00346947
33 0.170738 0.953125 0.0202703 0.0125 0.00279045
0 0 0.899219 0 0.201563 0.0026722
2 0.170738 0.953125 0.0202703 0.0125 0.00257111
0 0.168919 0.953125 0.024948 0.0125 0.00209045
60 0 0.899219 0 0.201563 0.00190449
14 0.0821206 0.959375 0.016632 0.0125 0.00189686
44 0.474012 0.651563 0.0467775 0.153906 0.00175476
0 0 0.946875 0 0.10625 0.00174141
60 0.595634 0.616406 0.800416 0.751563 0.0016613
25 0.0821206 0.959375 0.016632 0.0125 0.00163555
0 0 0.834766 0 0.330469 0.00155449
60 0.867983 0.752344 0.264033 0.476562 0.00152493
13 0.595634 0.616406 0.800416 0.751563 0.00149536
29 0.0818607 0.960938 0.018711 0.015625 0.00141048
74 0.985447 0.305078 0.029106 0.0359375 0.00133038
60 0 0.698047 0 0.527344 0.00125504
25 0.620062 0.483203 0.751559 0.578125 0.0011692
25 0.225832 0.470703 0.440229 0.54375 0.00115108
25 0.595634 0.616406 0.800416 0.751563 0.00105667
60 0 0.785937 0 0.414062 0.00105667
0 0 0.698047 0 0.527344 0.00105286
0 0.677755 0.619434 0.636175 0.751758 0.899414
25 0.471933 0.424316 0.93763 0.666992 0.894043
25 0.477131 0.552344 0.954262 0.720313 0.15918
0 0.0821206 0.959375 0.0163721 0.0140625 0.0662231
67 0.467775 0.569531 0.024948 0.028125 0.00682449
25 0.681393 0.410547 0.593555 0.630469 0.0042305
67 0.467775 0.591406 0.033264 0.0757812 0.00366402
33 0.0818607 0.960156 0.018711 0.015625 0.00353813
0 0 0.899219 0 0.201563 0.00299263
33 0.170738 0.953125 0.0202703 0.0125 0.00287819
2 0.170738 0.953125 0.0202703 0.0125 0.00257111
0 0 0.946875 0 0.10625 0.00220871
0 0.168919 0.953125 0.024948 0.0125 0.00215721
0 0 0.83418 0 0.331641 0.00185299
44 0.474012 0.651563 0.0467775 0.154688 0.00179577
60 0 0.899219 0 0.201563 0.00179577
25 0.0821206 0.959375 0.0163721 0.0140625 0.00176811
14 0.0821206 0.959375 0.0163721 0.0140625 0.00174809
60 0.868503 0.751563 0.262994 0.478125 0.00166798
60 0.600832 0.614844 0.790021 0.754687 0.00164223
13 0.600832 0.614844 0.790021 0.754687 0.0015192
29 0.0818607 0.960156 0.018711 0.015625 0.00149536
25 0.617983 0.492188 0.755717 0.604688 0.00134087
74 0.985447 0.305078 0.029106 0.0359375 0.00129986
60 0 0.710938 0 0.503125 0.00124454
0 0 0.710938 0 0.503125 0.00119209
25 0.225507 0.470703 0.439839 0.542188 0.00109005
60 0 0.83418 0 0.331641 0.00109005
25 0.600832 0.614844 0.790021 0.754687 0.00101662
0 0.678274 0.619141 0.635135 0.752344 0.902832
25 0.472453 0.424219 0.938669 0.665625 0.893066
25 0.47817 0.553125 0.956341 0.721875 0.15564
0 0.0821206 0.959375 0.0161123 0.0125 0.0700684
67 0.467775 0.569531 0.024948 0.028125 0.00669098
25 0.675676 0.409766 0.60499 0.63125 0.00460815
67 0.467775 0.591406 0.033264 0.0765625 0.00365067
33 0.0818607 0.960156 0.018711 0.015625 0.00340271
33 0.0821206 0.959375 0.0161123 0.0125 0.00312424
0 0 0.899219 0 0.201563 0.003088
33 0.170738 0.953125 0.0202703 0.0125 0.00275803
2 0.170738 0.953125 0.0202703 0.0125 0.00251198
0 0 0.946094 0 0.107813 0.0024147
0 0.168919 0.953125 0.024948 0.0125 0.00210762
0 0 0.833984 0 0.332031 0.00192642
0 0.0818607 0.960156 0.018711 0.015625 0.00187492
44 0.474012 0.651563 0.0467775 0.15625 0.00186729
60 0 0.899219 0 0.201563 0.00186729
14 0.0821206 0.959375 0.0161123 0.0125 0.0016489
25 0.0821206 0.959375 0.0161123 0.0125 0.00163555
60 0.869023 0.751563 0.261954 0.478125 0.00162888
25 0.620452 0.498535 0.75078 0.62168 0.00153637
60 0.608238 0.612891 0.777287 0.758594 0.00153065
29 0.0818607 0.960156 0.018711 0.015625 0.00151253
13 0.608238 0.612891 0.777287 0.758594 0.00151253
74 0.985447 0.305273 0.029106 0.0355469 0.00134563
60 0 0.716406 0 0.492188 0.00131989
0 0 0.716406 0 0.492188 0.00123024
60 0 0.833984 0 0.332031 0.0011692
25 0.224077 0.470215 0.4375 0.542383 0.00107288
25 0.608238 0.612891 0.777287 0.758594 0.00105286
0 0.677885 0.619141 0.635915 0.752344 0.902832
25 0.471414 0.424316 0.93659 0.666992 0.889648
25 0.47817 0.552734 0.956341 0.717969 0.140381
0 0.0822505 0.959375 0.0163721 0.0140625 0.0759888
67 0.467775 0.569531 0.024948 0.028125 0.00651169
25 0.675806 0.409473 0.60473 0.631055 0.00436401
33 0.0818607 0.960156 0.018711 0.015625 0.00378036
67 0.467775 0.591406 0.033264 0.0765625 0.00358009
33 0.170738 0.953125 0.0202703 0.0125 0.00291252
0 0 0.900781 0 0.198437 0.00277901
2 0.170738 0.953125 0.0202703 0.0125 0.0024929
0 0 0.946875 0 0.10625 0.00236893
0 0.168919 0.953125 0.024948 0.0125 0.00228691
44 0.474012 0.652344 0.045738 0.15625 0.00191212
0 0 0.83418 0 0.331641 0.00174809
29 0.0818607 0.960156 0.018711 0.015625 0.00173378
25 0.0822505 0.959375 0.0163721 0.0140625 0.0017271
60 0 0.900781 0 0.198437 0.0017004
60 0.869023 0.751563 0.261954 0.478125 0.0016613
25 0.62461 0.511328 0.742464 0.652344 0.0016489
14 0.0822505 0.959375 0.0163721 0.0140625 0.00159168
13 0.616294 0.610938 0.761175 0.7625 0.00154877
60 0.616294 0.610938 0.761175 0.7625 0.0014267
74 0.985447 0.305273 0.029106 0.0355469 0.00141621
60 0 0.721094 0 0.482812 0.00125504
60 0 0.83418 0 0.331641 0.00113773
0 0 0.721094 0 0.482812 0.0011158
25 0.224012 0.469922 0.43763 0.542969 0.00109005
0 0.677885 0.618848 0.635915 0.75293 0.904785
25 0.475182 0.403516 0.945686 0.633594 0.887207
25 0.487396 0.531934 0.964917 0.717383 0.265869
0 0.0822505 0.959375 0.0163721 0.0140625 0.0748901
67 0.467775 0.569531 0.024948 0.028125 0.00754929
25 0.676195 0.409766 0.60395 0.63125 0.00460815
33 0.0818607 0.960156 0.018711 0.015625 0.00413513
67 0.467775 0.591406 0.033264 0.0765625 0.00400543
33 0.170738 0.953125 0.0202703 0.0125 0.00321007
0 0 0.9 0 0.2 0.00265312
0 0 0.946875 0 0.10625 0.00231361
2 0.170738 0.953125 0.0202703 0.0125 0.00230598
0 0.168919 0.953125 0.024948 0.0125 0.00225258
44 0.474012 0.651563 0.045738 0.154688 0.0020504
29 0.0818607 0.960156 0.018711 0.015625 0.00181007
25 0.0822505 0.959375 0.0163721 0.0140625 0.00177479
25 0.626299 0.500391 0.739085 0.627344 0.00175476
60 0 0.9 0 0.2 0.00173378
0 0 0.833984 0 0.332031 0.00167465
14 0.0822505 0.959375 0.0163721 0.0140625 0.00163555
13 0.614865 0.610254 0.764033 0.760742 0.00163555
60 0.867983 0.751563 0.264033 0.478125 0.00162888
74 0.985447 0.305273 0.029106 0.0355469 0.00148392
60 0.614865 0.610254 0.764033 0.760742 0.00145531
60 0 0.723828 0 0.477344 0.00128937
60 0 0.833984 0 0.332031 0.0012064
25 0.224532 0.469141 0.438669 0.546094 0.00112915
0 0 0.723828 0 0.477344 0.00107288
60 0.99948 0.415625 0.0010395 0.83125 0.00104809
67 0.581081 0.495313 0.0363825 0.034375 0.00103664
42 0.952183 0.895312 0.0956341 0.2 0.00102425
0 0.676585 0.620313 0.634355 0.75 0.911621
25 0.471414 0.424219 0.93659 0.665625 0.90332
25 0.475052 0.54375 0.950104 0.71875 0.149536
0 0.0821206 0.959375 0.016632 0.0125 0.0493164
67 0.467775 0.569531 0.024948 0.028125 0.00912476
67 0.467256 0.591406 0.033264 0.0765625 0.00475693
33 0.0817308 0.960156 0.0184511 0.015625 0.00441742
25 0.732328 0.411719 0.489605 0.626563 0.00400543
33 0.170738 0.953125 0.0202703 0.0125 0.00317192
0 0.00110447 0.511719 0.00220894 0.9125 0.00317192
60 0.0010395 0.544531 0.002079 0.875 0.00309944
2 0.170738 0.953125 0.0202703 0.0125 0.0026207
14 0.0821206 0.959375 0.016632 0.0125 0.00252151
0 0.169179 0.953125 0.0244283 0.0125 0.00219154
25 0.618503 0.404687 0.723493 0.6125 0.00195694
67 0.593555 0.507812 0.0602911 0.059375 0.00176811
44 0.474012 0.648438 0.045738 0.145313 0.0017004
25 0.22869 0.468359 0.445946 0.55625 0.00162315
67 0.581081 0.495703 0.0363825 0.0359375 0.00138283
60 0.579002 0.617871 0.827443 0.74707 0.00125504
29 0.0817308 0.960156 0.0184511 0.015625 0.00124931
25 0.579002 0.617871 0.827443 0.74707 0.00116539
74 0.985447 0.305273 0.029106 0.0355469 0.00110722
