0 0.519141 0.587237 0.563281 0.802108 0.790527
40 0.589941 0.398126 0.435742 0.627635 0.466797
76 0.644531 0.544789 0.192188 0.298009 0.115967
44 0.589941 0.398126 0.435742 0.627635 0.0980835
40 0.537109 0.370609 0.325781 0.5726 0.0910645
0 0.590234 0.394028 0.441406 0.631148 0.047699
42 0.64375 0.5363 0.195312 0.325527 0.0462036
38 0.589844 0.396077 0.4375 0.629391 0.0456848
40 0.491797 0.303864 0.249219 0.43267 0.0323486
44 0.644531 0.544789 0.192188 0.298009 0.0245209
39 0.591406 0.398126 0.434375 0.629977 0.0121002
76 0.590625 0.388759 0.439063 0.622951 0.00881195
42 0.667188 0.560304 0.145313 0.276347 0.00874329
0 0.720313 0.572892 0.178125 0.246487 0.00769424
43 0.632031 0.540398 0.160938 0.291569 0.00703812
34 0.591406 0.398126 0.434375 0.629977 0.00629044
36 0.590625 0.388759 0.439063 0.622951 0.00593567
67 0.64375 0.5363 0.195312 0.325527 0.00510025
40 0.683203 0.593091 0.115625 0.220141 0.00508118
44 0.537109 0.370609 0.325781 0.5726 0.00492477
40 0.48125 0.260831 0.214844 0.353044 0.00395966
40 0.64375 0.5363 0.195312 0.325527 0.00338936
42 0.660937 0.583724 0.0890625 0.175644 0.0030632
0 0.537109 0.370609 0.325781 0.5726 0.00301552
40 0.667188 0.560304 0.145313 0.276347 0.00277901
76 0.623047 0.510539 0.148438 0.242389 0.00274658
38 0.533594 0.391028 0.279687 0.399444 0.00259018
79 0.632031 0.540398 0.160938 0.291569 0.00259018
38 0.540625 0.456089 0.265625 0.284543 0.00225258
38 0.644531 0.544789 0.192188 0.298009 0.00225258
42 0.591406 0.398126 0.434375 0.629977 0.00209045
38 0.534473 0.383197 0.32168 0.598946 0.0020504
65 0.694531 0.60363 0.1125 0.145199 0.00196457
26 0.624219 0.538056 0.220313 0.303279 0.00194168
65 0.715625 0.605386 0.157813 0.144028 0.00188923
42 0.623047 0.510539 0.148438 0.242389 0.00186062
42 0.68125 0.578454 0.116406 0.245902 0.00173378
23 0.588184 0.396077 0.433008 0.620023 0.00173378
0 0.392871 0.603191 0.298633 0.763173 0.00169373
44 0.667188 0.560304 0.145313 0.276347 0.00161076
67 0.667188 0.560304 0.145313 0.276347 0.00143814
76 0.660937 0.583724 0.0890625 0.175644 0.00142097
51 0.589941 0.398126 0.435742 0.627635 0.00136662
43 0.612891 0.506148 0.188281 0.265222 0.00136185
42 0.707031 0.576698 0.170313 0.247073 0.00127888
67 0.660937 0.583724 0.0890625 0.175644 0.00124454
78 0.590625 0.388759 0.439063 0.622951 0.00121593
26 0.612891 0.506148 0.188281 0.265222 0.0012064
39 0.48125 0.260831 0.214844 0.353044 0.00117874
44 0.623047 0.510539 0.148438 0.242389 0.00113392
14 0.591406 0.398126 0.434375 0.629977 0.0011158
54 0.696875 0.608314 0.1125 0.148712 0.00110722
39 0.690625 0.612412 0.129688 0.18267 0.00108147
1 0.590625 0.388759 0.439063 0.622951 0.00106907
76 0.667188 0.560304 0.145313 0.276347 0.00106049
0 0.481641 0.272248 0.217969 0.37822 0.00104427
41 0.690625 0.612412 0.129688 0.18267 0.00103188
0 0.517188 0.588407 0.560938 0.799766 0.794434
40 0.589941 0.398419 0.435742 0.62822 0.622559
44 0.591016 0.398419 0.433594 0.631733 0.113586
76 0.64375 0.543911 0.190625 0.298595 0.112
38 0.591016 0.398419 0.433594 0.631733 0.0628052
42 0.642969 0.535714 0.195312 0.326698 0.0618896
40 0.486621 0.293618 0.24082 0.409836 0.0399475
0 0.589844 0.394028 0.442188 0.632318 0.0377502
44 0.64375 0.543911 0.190625 0.298595 0.028656
40 0.512109 0.336724 0.288281 0.503366 0.0134277
39 0.591016 0.398419 0.433594 0.631733 0.0127258
76 0.591016 0.398419 0.433594 0.631733 0.0115967
42 0.671484 0.560304 0.134375 0.276347 0.0112915
43 0.631641 0.539227 0.160156 0.289227 0.00834656
0 0.719922 0.572892 0.178906 0.246487 0.00790405
34 0.591016 0.398419 0.433594 0.631733 0.00669098
67 0.642969 0.535714 0.195312 0.326698 0.00666809
36 0.590527 0.388759 0.439258 0.624122 0.00542831
40 0.642969 0.535714 0.195312 0.326698 0.00479126
40 0.682813 0.591481 0.115625 0.224532 0.0046463
42 0.660937 0.581821 0.0890625 0.173595 0.00338936
76 0.622656 0.507318 0.146094 0.237119 0.00331116
79 0.631641 0.539227 0.160156 0.289227 0.00312424
40 0.671484 0.560304 0.134375 0.276347 0.00307465
43 0.622656 0.507318 0.146094 0.237119 0.00298119
38 0.540625 0.45404 0.266406 0.288642 0.00286674
42 0.591016 0.398419 0.433594 0.631733 0.00282288
38 0.534375 0.381733 0.278125 0.416862 0.00273705
42 0.622656 0.507318 0.146094 0.237119 0.00269318
38 0.64375 0.543911 0.190625 0.298595 0.00230598
0 0.53916 0.374195 0.331055 0.581821 0.00209045
44 0.671484 0.560304 0.134375 0.276347 0.00201988
26 0.624609 0.536885 0.217969 0.303279 0.00199509
23 0.5875 0.395785 0.432813 0.62178 0.00179577
0 0.394629 0.603044 0.299805 0.765808 0.00174141
65 0.694141 0.60363 0.111719 0.14637 0.0017271
79 0.622656 0.507318 0.146094 0.237119 0.00169373
67 0.671484 0.560304 0.134375 0.276347 0.00162315
39 0.48125 0.260831 0.214844 0.35363 0.00158501
44 0.622656 0.507318 0.146094 0.237119 0.00155449
42 0.700391 0.577869 0.157031 0.245902 0.00154877
76 0.660937 0.581821 0.0890625 0.173595 0.0014782
51 0.589941 0.398419 0.435742 0.62822 0.00136662
67 0.660937 0.581821 0.0890625 0.173595 0.00135612
14 0.591016 0.398419 0.433594 0.631733 0.00135612
1 0.591016 0.398419 0.433594 0.631733 0.00127411
26 0.613672 0.503513 0.183594 0.259953 0.00122547
78 0.590527 0.388759 0.439258 0.624122 0.0012064
0 0.574902 0.523419 0.467383 0.885246 0.00109005
76 0.671484 0.560304 0.134375 0.276347 0.00107765
67 0.589453 0.393443 0.436719 0.626464 0.00106525
3 0.590527 0.388759 0.439258 0.624122 0.00105667
54 0.696875 0.607582 0.111719 0.147834 0.00103188
39 0.688281 0.609046 0.125 0.191745 0.00103188
0 0.674219 0.556206 0.270313 0.271663 0.00102425
41 0.688281 0.609046 0.125 0.191745 0.00102425
35 0.719922 0.572892 0.178906 0.246487 0.00102043
0 0.481348 0.273126 0.218555 0.381148 0.00100803
67 0.700391 0.577869 0.157031 0.245902 0.00100422
0 0.512109 0.601874 0.544531 0.786885 0.797363
40 0.589844 0.398712 0.435937 0.628806 0.751953
44 0.591406 0.398126 0.434375 0.632318 0.133911
76 0.643359 0.54274 0.192969 0.300937 0.0994873
38 0.591406 0.398126 0.434375 0.632318 0.0750122
42 0.642969 0.535422 0.195312 0.328454 0.0562439
40 0.484473 0.290984 0.237305 0.401054 0.0433655
0 0.589746 0.394028 0.442383 0.631148 0.0261536
44 0.643359 0.54274 0.192969 0.300937 0.0253754
39 0.591406 0.398126 0.434375 0.632318 0.0135345
76 0.591406 0.398126 0.434375 0.632318 0.0125275
42 0.673828 0.560012 0.130469 0.278103 0.0100937
40 0.51084 0.337237 0.287695 0.501171 0.00878143
67 0.642969 0.535422 0.195312 0.328454 0.00821686
43 0.633203 0.538349 0.164062 0.289813 0.00815582
0 0.719922 0.573185 0.178906 0.247073 0.00800323
34 0.591406 0.398126 0.434375 0.632318 0.00544739
36 0.590234 0.389344 0.439844 0.625293 0.00500107
40 0.642969 0.535422 0.195312 0.328454 0.00468063
40 0.683594 0.592506 0.117188 0.222482 0.00382423
42 0.591406 0.398126 0.434375 0.632318 0.00353813
76 0.623438 0.509075 0.150781 0.242974 0.00324821
42 0.660937 0.581967 0.090625 0.173302 0.00317192
38 0.540625 0.454625 0.267188 0.287471 0.00294685
79 0.633203 0.538349 0.164062 0.289813 0.00290108
40 0.673828 0.560012 0.130469 0.278103 0.0026722
42 0.623438 0.509075 0.150781 0.242974 0.00264168
38 0.534766 0.384002 0.277344 0.412324 0.00254059
38 0.643359 0.54274 0.192969 0.300937 0.00233269
26 0.624219 0.5363 0.221875 0.30445 0.00218201
23 0.586719 0.396077 0.432813 0.622365 0.00209999
39 0.480859 0.260831 0.214844 0.354215 0.00186062
67 0.673828 0.560012 0.130469 0.278103 0.00182438
44 0.673828 0.560012 0.130469 0.278103 0.00181007
67 0.589063 0.39315 0.4375 0.627049 0.00167465
14 0.591406 0.398126 0.434375 0.632318 0.0016613
65 0.694141 0.60363 0.111719 0.145199 0.00162888
56 0.591406 0.398126 0.434375 0.632318 0.00160408
44 0.623438 0.509075 0.150781 0.242974 0.00154877
67 0.660937 0.581967 0.090625 0.173302 0.00154305
43 0.6125 0.505269 0.190625 0.265808 0.00149536
65 0.713672 0.605386 0.157031 0.142857 0.00148392
76 0.660937 0.581967 0.090625 0.173302 0.00142097
1 0.591406 0.398126 0.434375 0.632318 0.00142097
0 0.399121 0.598946 0.312695 0.78103 0.00142097
42 0.694922 0.57904 0.146094 0.24356 0.00136662
51 0.591406 0.398126 0.434375 0.632318 0.00133514
78 0.590234 0.389344 0.439844 0.625293 0.00123978
41 0.587891 0.39637 0.441406 0.631148 0.00122547
26 0.6125 0.505269 0.190625 0.265808 0.0012207
67 0.694922 0.57904 0.146094 0.24356 0.00113773
3 0.590234 0.389344 0.439844 0.625293 0.00113773
0 0.673438 0.555621 0.271875 0.271663 0.00109482
54 0.480859 0.260831 0.214844 0.354215 0.00101662
40 0.589063 0.398712 0.434375 0.629977 0.876465
0 0.514844 0.601874 0.551562 0.788056 0.807617
44 0.591016 0.398126 0.433594 0.632318 0.150024
76 0.642578 0.540105 0.196094 0.306206 0.0792236
38 0.591016 0.398126 0.433594 0.632318 0.0720825
40 0.480566 0.277225 0.218555 0.376464 0.0560303
42 0.642969 0.534543 0.196094 0.330211 0.0486755
44 0.642578 0.540105 0.196094 0.306206 0.0239563
39 0.591016 0.398126 0.433594 0.632318 0.0135345
0 0.589453 0.394028 0.442969 0.632318 0.0124283
76 0.591016 0.398126 0.433594 0.632318 0.0108185
42 0.673438 0.555621 0.13125 0.286885 0.00901794
67 0.642969 0.534543 0.196094 0.330211 0.00844574
43 0.633594 0.536885 0.167187 0.293911 0.00725937
0 0.719531 0.573478 0.178125 0.247658 0.00656509
36 0.588281 0.395785 0.440625 0.631148 0.00575256
40 0.539453 0.355679 0.333594 0.543911 0.00486755
40 0.642969 0.534543 0.196094 0.330211 0.0045929
42 0.591016 0.398126 0.433594 0.632318 0.00434875
40 0.683594 0.593091 0.117188 0.222482 0.00335121
34 0.588281 0.395785 0.440625 0.631148 0.00324821
76 0.623438 0.510539 0.159375 0.254098 0.00312424
67 0.588281 0.395785 0.440625 0.631148 0.00307465
42 0.660937 0.581967 0.090625 0.172131 0.00279045
42 0.623438 0.510539 0.159375 0.254098 0.0027256
79 0.633594 0.536885 0.167187 0.293911 0.00264168
38 0.541406 0.454918 0.267188 0.286885 0.00253105
41 0.588281 0.395785 0.440625 0.631148 0.00243378
26 0.621094 0.537178 0.207813 0.302693 0.00239754
23 0.585156 0.39637 0.429688 0.624122 0.00236893
40 0.673438 0.555621 0.13125 0.286885 0.00230598
56 0.591016 0.398126 0.433594 0.632318 0.00215721
38 0.535937 0.391101 0.275781 0.398126 0.00200272
38 0.642578 0.540105 0.196094 0.306206 0.00198746
39 0.480859 0.260539 0.214844 0.354801 0.00194931
67 0.673438 0.555621 0.13125 0.286885 0.00179577
44 0.673438 0.555621 0.13125 0.286885 0.00177479
65 0.697266 0.607728 0.111719 0.144028 0.00165462
44 0.623438 0.510539 0.159375 0.254098 0.00164223
40 0.573047 0.540984 0.421094 0.843091 0.00156116
67 0.660937 0.581967 0.090625 0.172131 0.00152493
65 0.713281 0.60524 0.157813 0.140808 0.00148392
14 0.591016 0.398126 0.433594 0.632318 0.00148392
43 0.610547 0.507611 0.199219 0.275176 0.00137806
42 0.6875 0.581382 0.13125 0.240047 0.00137806
54 0.480859 0.260539 0.214844 0.354801 0.00130463
67 0.6875 0.581382 0.13125 0.240047 0.0012598
78 0.589453 0.389344 0.441406 0.626464 0.00122547
1 0.591016 0.398126 0.433594 0.632318 0.00121593
43 0.588281 0.395785 0.440625 0.631148 0.00120163
3 0.589453 0.389344 0.441406 0.626464 0.00119686
76 0.660937 0.581967 0.090625 0.172131 0.00118828
45 0.591016 0.398126 0.433594 0.632318 0.00117874
75 0.591016 0.398126 0.433594 0.632318 0.00116062
51 0.591016 0.398126 0.433594 0.632318 0.00106907
0 0.395215 0.601288 0.301758 0.771663 0.00105667
0 0.671094 0.554742 0.276563 0.272248 0.00101662
40 0.5875 0.399005 0.43125 0.630562 0.934082
0 0.517188 0.601874 0.559375 0.789227 0.82373
44 0.590234 0.398419 0.432031 0.632904 0.180054
40 0.480469 0.277005 0.217188 0.374561 0.0786133
76 0.641406 0.536885 0.199219 0.313817 0.0646362
38 0.590234 0.398419 0.432031 0.632904 0.0621033
42 0.642578 0.53308 0.197656 0.333138 0.0379028
44 0.641406 0.536885 0.199219 0.313817 0.0266571
39 0.590234 0.398419 0.432031 0.632904 0.0102081
76 0.590234 0.398419 0.432031 0.632904 0.00784302
42 0.674609 0.552108 0.128906 0.29274 0.00728989
43 0.633984 0.535129 0.171875 0.298595 0.00553513
0 0.589063 0.394028 0.44375 0.632318 0.00548935
0 0.719531 0.573185 0.178125 0.247073 0.00538635
67 0.642578 0.53308 0.197656 0.333138 0.00536346
36 0.587891 0.394906 0.439844 0.631733 0.00524139
42 0.590234 0.398419 0.432031 0.632904 0.0050621
40 0.642578 0.53308 0.197656 0.333138 0.00466537
40 0.520996 0.347117 0.293945 0.511856 0.00436401
67 0.587891 0.394906 0.439844 0.631733 0.00415039
41 0.587891 0.394906 0.439844 0.631733 0.00395966
42 0.621875 0.510539 0.169531 0.26815 0.00277901
76 0.621875 0.510539 0.169531 0.26815 0.00276756
40 0.683594 0.592506 0.117188 0.222482 0.00268364
34 0.587891 0.394906 0.439844 0.631733 0.00265312
40 0.570312 0.532494 0.423438 0.827283 0.00243378
42 0.660937 0.581967 0.090625 0.172131 0.00240517
79 0.633984 0.535129 0.171875 0.298595 0.00232315
56 0.590234 0.398419 0.432031 0.632904 0.00227928
39 0.48125 0.260831 0.214062 0.355386 0.00223351
23 0.583203 0.39637 0.425781 0.625293 0.00223351
45 0.590234 0.398419 0.432031 0.632904 0.00218201
40 0.674609 0.552108 0.128906 0.29274 0.00201988
26 0.617969 0.533958 0.217188 0.311475 0.0019722
44 0.674609 0.552108 0.128906 0.29274 0.00193405
44 0.621875 0.510539 0.169531 0.26815 0.00191879
38 0.541797 0.453162 0.269531 0.291569 0.00183105
14 0.587891 0.394906 0.439844 0.631733 0.00178909
38 0.641406 0.536885 0.199219 0.313817 0.00171375
65 0.698047 0.607728 0.1125 0.142857 0.00150108
43 0.587891 0.394906 0.439844 0.631733 0.00148964
38 0.536328 0.390515 0.276563 0.399297 0.0014782
75 0.590234 0.398419 0.432031 0.632904 0.00139904
42 0.686328 0.580211 0.127344 0.241218 0.00132465
78 0.587891 0.394906 0.439844 0.631733 0.0012846
65 0.713672 0.604801 0.160156 0.139344 0.00123501
43 0.609375 0.507318 0.20625 0.288642 0.00122547
67 0.660937 0.581967 0.090625 0.172131 0.00118351
67 0.674609 0.552108 0.128906 0.29274 0.00118351
45 0.483203 0.408665 0.144531 0.088993 0.00116062
54 0.48125 0.260831 0.214062 0.355386 0.00115108
1 0.589063 0.394028 0.44375 0.632318 0.00104809
76 0.660937 0.581967 0.090625 0.172131 0.00100422
40 0.578125 0.398712 0.4125 0.629977 0.966309
0 0.521484 0.601727 0.572656 0.787178 0.833496
44 0.581641 0.398419 0.414844 0.630562 0.195557
40 0.482031 0.27137 0.215625 0.381148 0.108948
76 0.639453 0.533958 0.203906 0.324356 0.0474243
38 0.581641 0.398419 0.414844 0.630562 0.0390625
44 0.639453 0.533958 0.203906 0.324356 0.0262604
42 0.628125 0.528688 0.23125 0.332553 0.0250854
39 0.580859 0.395199 0.425781 0.627635 0.0104904
41 0.580859 0.395199 0.425781 0.627635 0.00812531
67 0.580859 0.395199 0.425781 0.627635 0.00772476
45 0.580859 0.395199 0.425781 0.627635 0.00568771
42 0.581641 0.398419 0.414844 0.630562 0.00551224
0 0.719922 0.57377 0.177344 0.247073 0.00530243
76 0.580859 0.395199 0.425781 0.627635 0.00510025
40 0.639844 0.533372 0.203906 0.326698 0.00503922
42 0.673438 0.548595 0.13125 0.299766 0.00503922
67 0.628125 0.528688 0.23125 0.332553 0.00419998
40 0.523438 0.349532 0.292188 0.51171 0.00415039
40 0.568652 0.519028 0.417383 0.800351 0.00405502
43 0.634375 0.532787 0.18125 0.307963 0.0036068
36 0.580859 0.395199 0.425781 0.627635 0.00348282
76 0.608594 0.51493 0.20625 0.294496 0.00296974
44 0.608594 0.51493 0.20625 0.294496 0.00255013
39 0.48125 0.261417 0.213281 0.356557 0.00230598
40 0.683594 0.59353 0.116406 0.220433 0.00228691
0 0.586816 0.394614 0.441992 0.629977 0.00219917
43 0.608594 0.51493 0.20625 0.294496 0.00216484
42 0.661328 0.583724 0.090625 0.174473 0.00214958
79 0.634375 0.532787 0.18125 0.307963 0.00201035
44 0.673438 0.548595 0.13125 0.299766 0.0019722
23 0.575781 0.39637 0.410938 0.624122 0.00192642
43 0.580859 0.395199 0.425781 0.627635 0.00176144
79 0.608594 0.51493 0.20625 0.294496 0.00170708
75 0.580859 0.395199 0.425781 0.627635 0.0017004
40 0.673438 0.548595 0.13125 0.299766 0.00165462
14 0.580859 0.395199 0.425781 0.627635 0.00161076
34 0.580859 0.395199 0.425781 0.627635 0.00159168
26 0.611719 0.529859 0.235938 0.326698 0.00157356
45 0.482812 0.409836 0.14375 0.0913349 0.00147247
78 0.580859 0.395199 0.425781 0.627635 0.00133038
56 0.581641 0.398419 0.414844 0.630562 0.0012846
42 0.685156 0.58065 0.123438 0.239169 0.00126934
65 0.698828 0.607728 0.114844 0.142857 0.0012598
40 0.542969 0.428571 0.278125 0.344262 0.00109863
40 0.569922 0.398712 0.395313 0.625293 0.978516
0 0.530469 0.60202 0.592188 0.779567 0.824219
44 0.57041 0.399297 0.393555 0.624122 0.129395
40 0.482031 0.271224 0.215625 0.379098 0.0797729
38 0.57041 0.399297 0.393555 0.624122 0.035675
76 0.636328 0.530152 0.210938 0.334309 0.0298767
44 0.636328 0.530152 0.210938 0.334309 0.0178528
42 0.625 0.52137 0.240625 0.348361 0.014061
39 0.565625 0.398126 0.401563 0.615925 0.00624084
41 0.565625 0.398126 0.401563 0.615925 0.00612259
45 0.565625 0.398126 0.401563 0.615925 0.00605011
67 0.565625 0.398126 0.401563 0.615925 0.0046463
0 0.719922 0.574356 0.177344 0.248244 0.00450516
42 0.57041 0.399297 0.393555 0.624122 0.00448608
42 0.648438 0.537471 0.1875 0.310304 0.00358009
40 0.564063 0.541569 0.490625 0.343091 0.00317192
42 0.672656 0.54596 0.135937 0.301522 0.00266266
40 0.638281 0.530445 0.209375 0.333724 0.00265312
42 0.584375 0.513759 0.257812 0.317916 0.00257111
44 0.584375 0.513759 0.257812 0.317916 0.00240517
76 0.584375 0.513759 0.257812 0.317916 0.00236893
76 0.565625 0.398126 0.401563 0.615925 0.00225258
39 0.48125 0.262295 0.213281 0.357143 0.00204277
23 0.567871 0.396077 0.39707 0.620023 0.00188255
67 0.638281 0.530445 0.209375 0.333724 0.00182438
42 0.661719 0.584309 0.090625 0.179157 0.00165462
0 0.581641 0.416862 0.455469 0.603044 0.00162888
36 0.565625 0.398126 0.401563 0.615925 0.00153637
43 0.632031 0.528103 0.191406 0.31733 0.00152493
40 0.530859 0.360948 0.286719 0.48185 0.00147247
79 0.632031 0.528103 0.191406 0.31733 0.00141048
0 0.564063 0.541569 0.490625 0.343091 0.00139904
79 0.584375 0.513759 0.257812 0.317916 0.00135612
40 0.515234 0.597336 0.574219 0.779567 0.00133514
60 0.515234 0.597336 0.574219 0.779567 0.00129414
40 0.685156 0.596019 0.120313 0.215457 0.00126457
44 0.672656 0.54596 0.135937 0.301522 0.0011692
56 0.160938 0.663934 0.301953 0.640515 0.00110722
56 0.515234 0.597336 0.574219 0.779567 0.00104427
43 0.584375 0.513759 0.257812 0.317916 0.00104046
42 0.6875 0.580211 0.127344 0.240047 0.00103664
40 0.569922 0.398419 0.392969 0.623536 0.979004
0 0.530566 0.60202 0.59043 0.779567 0.813477
44 0.569141 0.399297 0.389844 0.622951 0.106689
40 0.482031 0.271224 0.215625 0.379098 0.0538025
38 0.569141 0.399297 0.389844 0.622951 0.0379028
76 0.639063 0.527518 0.20625 0.340749 0.0289764
44 0.639063 0.527518 0.20625 0.340749 0.0153656
42 0.625781 0.514051 0.235938 0.36534 0.0107346
39 0.569141 0.399297 0.389844 0.622951 0.00508118
40 0.564453 0.547717 0.491406 0.328454 0.00421524
42 0.569141 0.399297 0.389844 0.622951 0.00413513
0 0.719922 0.574649 0.177344 0.247658 0.00383949
42 0.654688 0.537471 0.175 0.311475 0.0037365
41 0.563281 0.398712 0.396875 0.612412 0.0037365
45 0.563281 0.398712 0.396875 0.612412 0.00370789
42 0.675781 0.546838 0.129688 0.300937 0.00287819
67 0.563281 0.398712 0.396875 0.612412 0.00248146
42 0.5875 0.511124 0.251563 0.323185 0.00226974
44 0.5875 0.511124 0.251563 0.323185 0.00209045
76 0.5875 0.511124 0.251563 0.323185 0.00202751
39 0.480859 0.262588 0.213281 0.356557 0.00198746
23 0.566309 0.396077 0.392383 0.617681 0.00182438
79 0.632422 0.524297 0.188281 0.32377 0.0016489
0 0.564453 0.547717 0.491406 0.328454 0.00161648
56 0.159375 0.664081 0.298438 0.641393 0.00153065
79 0.5875 0.511124 0.251563 0.323185 0.0015192
76 0.563281 0.398712 0.396875 0.612412 0.00148964
56 0.515625 0.59719 0.573438 0.777518 0.00141621
67 0.639844 0.528103 0.20625 0.339578 0.00141048
60 0.515625 0.59719 0.573438 0.777518 0.00139904
40 0.639844 0.528103 0.20625 0.339578 0.00137806
40 0.515625 0.59719 0.573438 0.777518 0.00136185
42 0.661719 0.584455 0.090625 0.182377 0.00135136
0 0.470703 0.56733 0.674219 0.285714 0.00126457
43 0.632422 0.524297 0.188281 0.32377 0.0012207
36 0.563281 0.398712 0.396875 0.612412 0.00119686
0 0.728125 0.546838 0.159375 0.19555 0.00117874
44 0.675781 0.546838 0.129688 0.300937 0.00114727
42 0.689063 0.579625 0.129688 0.242389 0.0011158
16 0.566309 0.396077 0.392383 0.617681 0.00107288
57 0.159375 0.664081 0.298438 0.641393 0.00103188
40 0.569531 0.397541 0.392188 0.622951 0.980957
0 0.530078 0.601874 0.586719 0.779859 0.80127
44 0.56875 0.398712 0.389062 0.622951 0.104492
38 0.56875 0.398712 0.389062 0.622951 0.0455322
40 0.480859 0.263027 0.213281 0.358021 0.0340881
76 0.640625 0.52459 0.201563 0.346604 0.0237732
44 0.640625 0.52459 0.201563 0.346604 0.0117798
42 0.625 0.510539 0.235938 0.372365 0.00837708
40 0.492578 0.321355 0.242969 0.462676 0.00621796
39 0.56875 0.398712 0.389062 0.622951 0.00591278
40 0.5625 0.551522 0.495313 0.318501 0.00428009
42 0.56875 0.398712 0.389062 0.622951 0.00426483
76 0.605859 0.513759 0.250781 0.36007 0.00362206
42 0.659375 0.537471 0.165625 0.313817 0.00352478
41 0.56875 0.398712 0.389062 0.622951 0.00340271
0 0.720313 0.574649 0.176563 0.248829 0.00302696
45 0.56875 0.398712 0.389062 0.622951 0.00300407
79 0.640625 0.52459 0.201563 0.346604 0.00198746
23 0.565625 0.397541 0.379688 0.622951 0.00193405
39 0.480859 0.263027 0.213281 0.358021 0.0017004
42 0.587891 0.508782 0.250781 0.330211 0.00164223
0 0.466797 0.571721 0.682031 0.276932 0.0015974
60 0.515234 0.597336 0.571094 0.777225 0.00158501
56 0.515234 0.597336 0.571094 0.777225 0.00155449
0 0.5625 0.551522 0.495313 0.318501 0.00154305
44 0.587891 0.508782 0.250781 0.330211 0.00152493
40 0.515234 0.597336 0.571094 0.777225 0.00146675
79 0.587891 0.508782 0.250781 0.330211 0.00140476
16 0.565625 0.396077 0.390625 0.617681 0.00124454
35 0.720313 0.574649 0.176563 0.248829 0.00123501
67 0.562402 0.398126 0.395508 0.613583 0.00115585
0 0.728906 0.546546 0.157813 0.194965 0.00112915
76 0.56875 0.398712 0.389062 0.622951 0.00112438
36 0.576563 0.542155 0.45625 0.323185 0.00102043
40 0.569141 0.396955 0.389844 0.620609 0.984375
0 0.522656 0.604362 0.571875 0.786592 0.8125
44 0.568359 0.398712 0.386719 0.62178 0.0994873
38 0.568359 0.398712 0.386719 0.62178 0.0441895
76 0.646094 0.524005 0.190625 0.345433 0.0199432
40 0.481152 0.264051 0.212695 0.359485 0.0189056
39 0.568359 0.398712 0.386719 0.62178 0.00955963
44 0.646094 0.524005 0.190625 0.345433 0.00878143
42 0.642578 0.525176 0.197656 0.343091 0.00800323
40 0.498437 0.30745 0.264062 0.419057 0.00763702
76 0.660937 0.556206 0.165625 0.288056 0.00426483
41 0.568359 0.398712 0.386719 0.62178 0.00380898
40 0.557031 0.557377 0.504687 0.306792 0.00363541
42 0.568359 0.398712 0.386719 0.62178 0.00348282
76 0.604688 0.510831 0.25 0.362412 0.00324821
44 0.660937 0.556206 0.165625 0.288056 0.00313568
42 0.677734 0.547717 0.124219 0.301522 0.00299263
79 0.646094 0.524005 0.190625 0.345433 0.0027256
0 0.720313 0.57377 0.175 0.248244 0.0026722
42 0.604688 0.510831 0.25 0.362412 0.00251198
23 0.565625 0.397541 0.378125 0.62178 0.0024929
45 0.568359 0.398712 0.386719 0.62178 0.00183105
79 0.585938 0.507318 0.251563 0.334309 0.0018034
36 0.574609 0.547424 0.453906 0.313817 0.00164223
40 0.514844 0.597775 0.565625 0.776347 0.00162315
16 0.564844 0.395785 0.386719 0.614754 0.00141621
56 0.514844 0.597775 0.565625 0.776347 0.00140476
39 0.481152 0.264051 0.212695 0.359485 0.00133514
60 0.514844 0.597775 0.565625 0.776347 0.00133038
44 0.585938 0.507318 0.251563 0.334309 0.00127888
0 0.565625 0.397541 0.378125 0.62178 0.00126934
0 0.470215 0.572892 0.673633 0.276932 0.00118828
42 0.690234 0.578601 0.132812 0.245609 0.00110722
76 0.568359 0.398712 0.386719 0.62178 0.00109005
0 0.729297 0.545667 0.157031 0.194379 0.00107765
35 0.720313 0.57377 0.175 0.248244 0.00106525
0 0.557031 0.557377 0.504687 0.306792 0.00102425
40 0.568359 0.39637 0.388281 0.619438 0.983398
0 0.522754 0.604801 0.57168 0.785714 0.819824
44 0.567578 0.398419 0.385938 0.620023 0.112
38 0.567578 0.398419 0.385938 0.620023 0.033844
76 0.648047 0.525761 0.184375 0.34192 0.0157166
39 0.567578 0.398419 0.385938 0.620023 0.0126724
40 0.481152 0.265369 0.212695 0.361534 0.0122375
42 0.643359 0.525761 0.194531 0.338407 0.0086441
40 0.49834 0.317403 0.26582 0.437793 0.00737381
44 0.648047 0.525761 0.184375 0.34192 0.00712204
41 0.567578 0.398419 0.385938 0.620023 0.00402451
40 0.556641 0.556499 0.502344 0.309719 0.00341606
42 0.567578 0.398419 0.385938 0.620023 0.00337601
42 0.677344 0.546546 0.125 0.303864 0.00321007
79 0.648047 0.525761 0.184375 0.34192 0.00275803
76 0.603125 0.510539 0.25 0.360656 0.00266266
23 0.564844 0.397541 0.378125 0.62178 0.00263214
42 0.603125 0.510539 0.25 0.360656 0.00254059
0 0.720313 0.573478 0.175 0.246487 0.00242424
79 0.583594 0.507611 0.25625 0.336066 0.00189686
36 0.575 0.543911 0.45 0.323185 0.00174141
40 0.514746 0.599092 0.564258 0.776054 0.00171375
0 0.564844 0.397541 0.378125 0.62178 0.00167465
45 0.567578 0.398419 0.385938 0.620023 0.00150108
56 0.514746 0.599092 0.564258 0.776054 0.00134087
44 0.583594 0.507611 0.25625 0.336066 0.00125504
16 0.56416 0.395785 0.38418 0.613583 0.0012064
42 0.6875 0.579625 0.126563 0.24356 0.00118828
76 0.567578 0.398419 0.385938 0.620023 0.00118351
60 0.514746 0.599092 0.564258 0.776054 0.00113392
39 0.481152 0.265369 0.212695 0.361534 0.00111198
0 0.729297 0.545375 0.157031 0.193794 0.00106525
40 0.567578 0.396077 0.388281 0.618852 0.981445
0 0.521875 0.605386 0.570312 0.784543 0.802734
44 0.567285 0.398126 0.385742 0.619438 0.113586
40 0.555566 0.474239 0.381055 0.456674 0.088501
38 0.567285 0.398126 0.385742 0.619438 0.0246124
39 0.567285 0.398126 0.385742 0.619438 0.0137405
76 0.648438 0.526932 0.182812 0.339578 0.0135345
40 0.481641 0.277518 0.215625 0.38993 0.00926971
42 0.64375 0.525761 0.19375 0.337237 0.00857544
44 0.648438 0.526932 0.182812 0.339578 0.00624084
40 0.499609 0.321721 0.269531 0.446721 0.00588989
40 0.558984 0.56411 0.496094 0.290984 0.00400543
41 0.567285 0.398126 0.385742 0.619438 0.00391388
76 0.6625 0.558255 0.160938 0.283958 0.00382423
42 0.676562 0.546838 0.126563 0.30445 0.00338936
44 0.555566 0.474239 0.381055 0.456674 0.00332451
42 0.567285 0.398126 0.385742 0.619438 0.00305176
44 0.6625 0.558255 0.160938 0.283958 0.00288963
79 0.648438 0.526932 0.182812 0.339578 0.00256157
0 0.720313 0.572892 0.175 0.245316 0.00250244
23 0.563672 0.398419 0.375781 0.622365 0.00245285
42 0.620703 0.497365 0.242969 0.387002 0.00235939
76 0.601562 0.510831 0.253125 0.36007 0.00233269
36 0.574609 0.553864 0.447656 0.30445 0.00191212
0 0.563672 0.398419 0.375781 0.622365 0.00179577
38 0.555566 0.474239 0.381055 0.456674 0.00178909
40 0.513672 0.599532 0.563281 0.775176 0.00178242
79 0.578516 0.507904 0.266406 0.336651 0.00177479
42 0.578516 0.507904 0.266406 0.336651 0.00145531
56 0.513672 0.599532 0.563281 0.775176 0.00131512
42 0.689844 0.579625 0.13125 0.24356 0.00127888
76 0.567285 0.398126 0.385742 0.619438 0.00124931
45 0.567285 0.398126 0.385742 0.619438 0.00124454
44 0.578516 0.507904 0.266406 0.336651 0.00118828
0 0.481934 0.57377 0.648633 0.278689 0.00113392
16 0.563281 0.395492 0.383594 0.611827 0.00112915
60 0.513672 0.599532 0.563281 0.775176 0.00108147
0 0.729688 0.543325 0.15625 0.189696 0.00105667
40 0.567578 0.39637 0.388281 0.617096 0.979004
0 0.524219 0.604801 0.575 0.784543 0.790527
44 0.567578 0.399005 0.386719 0.618852 0.10968
40 0.554297 0.485363 0.382812 0.434426 0.0878906
38 0.567578 0.399005 0.386719 0.618852 0.0218658
39 0.567578 0.399005 0.386719 0.618852 0.014389
76 0.648438 0.528688 0.18125 0.336066 0.00790405
40 0.502344 0.327576 0.277344 0.458431 0.00636292
42 0.642969 0.525468 0.195312 0.33548 0.00579834
40 0.480859 0.283958 0.217188 0.381733 0.0053215
76 0.619922 0.512002 0.223438 0.363583 0.00496292
41 0.567578 0.399005 0.386719 0.618852 0.00400543
44 0.648438 0.528688 0.18125 0.336066 0.00382423
76 0.664453 0.558548 0.164062 0.283372 0.00324821
44 0.554297 0.485363 0.382812 0.434426 0.00298119
40 0.55166 0.564696 0.512305 0.293326 0.0029583
42 0.567578 0.399005 0.386719 0.618852 0.00255013
44 0.619922 0.512002 0.223438 0.363583 0.00250244
42 0.674609 0.546253 0.130469 0.305621 0.00247192
44 0.664453 0.558548 0.164062 0.283372 0.00234222
23 0.5625 0.395785 0.382031 0.608899 0.00217438
40 0.516797 0.600703 0.569531 0.775176 0.00195694
42 0.61875 0.495609 0.240625 0.389344 0.0018034
0 0.719922 0.5726 0.175781 0.244731 0.00177479
36 0.575684 0.554742 0.45332 0.306206 0.00171375
79 0.648438 0.528688 0.18125 0.336066 0.00168705
0 0.563281 0.399297 0.373437 0.622951 0.0016489
38 0.554297 0.485363 0.382812 0.434426 0.00161648
79 0.619922 0.512002 0.223438 0.363583 0.0012598
79 0.565234 0.508782 0.290625 0.340749 0.00118351
76 0.567578 0.399005 0.386719 0.618852 0.00116062
56 0.516797 0.600703 0.569531 0.775176 0.0011158
45 0.567578 0.399005 0.386719 0.618852 0.00108147
39 0.554297 0.485363 0.382812 0.434426 0.00104046
0 0.358203 0.598946 0.685938 0.782201 0.00102425
40 0.567578 0.39637 0.3875 0.617096 0.978027
0 0.525098 0.604215 0.579492 0.782201 0.782227
40 0.553223 0.491511 0.381055 0.423302 0.101929
44 0.567578 0.399297 0.386719 0.618267 0.0913696
38 0.567578 0.399297 0.386719 0.618267 0.0188293
39 0.567578 0.399297 0.386719 0.618267 0.0122375
76 0.646875 0.530445 0.182812 0.333724 0.0053215
42 0.640625 0.525761 0.196875 0.334895 0.00466537
40 0.503906 0.330723 0.28125 0.463847 0.00443268
41 0.567578 0.399297 0.386719 0.618267 0.00429916
76 0.616406 0.513466 0.223438 0.361827 0.00332451
40 0.48125 0.288934 0.21875 0.390515 0.00323486
76 0.664062 0.559133 0.167187 0.284543 0.00302696
44 0.553223 0.491511 0.381055 0.423302 0.00292397
40 0.562891 0.565574 0.489844 0.29274 0.0028553
44 0.646875 0.530445 0.182812 0.333724 0.00268364
44 0.664062 0.559133 0.167187 0.284543 0.00209045
42 0.672656 0.546546 0.133594 0.306206 0.00205803
40 0.519141 0.601142 0.574219 0.774297 0.00203514
42 0.567578 0.399297 0.386719 0.618267 0.00196457
23 0.562109 0.39637 0.379688 0.607728 0.00179577
44 0.616406 0.513466 0.223438 0.361827 0.00174141
0 0.5625 0.399005 0.371875 0.622365 0.0015974
42 0.616406 0.495316 0.238281 0.38993 0.00153065
0 0.719922 0.572014 0.177344 0.244731 0.00148964
38 0.553223 0.491511 0.381055 0.423302 0.00148964
79 0.646875 0.530445 0.182812 0.333724 0.00134563
36 0.579297 0.552693 0.447656 0.311475 0.00126457
0 0.365039 0.598946 0.700391 0.78103 0.00123501
39 0.553223 0.491511 0.381055 0.423302 0.00115108
45 0.567578 0.399297 0.386719 0.618267 0.00112057
79 0.616406 0.513466 0.223438 0.361827 0.00109863
79 0.560547 0.509075 0.299219 0.342506 0.00107288
35 0.719922 0.572014 0.177344 0.244731 0.00106049
40 0.56709 0.395199 0.387695 0.617096 0.980469
0 0.526172 0.60363 0.582031 0.78103 0.788086
40 0.552734 0.495609 0.379688 0.416276 0.113586
44 0.567285 0.399297 0.387305 0.617096 0.0772095
38 0.567285 0.399297 0.387305 0.617096 0.016983
39 0.567285 0.399297 0.387305 0.617096 0.0112
41 0.567285 0.399297 0.387305 0.617096 0.0053215
76 0.642969 0.531323 0.189063 0.33548 0.00392914
42 0.638672 0.526932 0.202344 0.334895 0.00346947
40 0.503516 0.332553 0.282031 0.467213 0.00294685
44 0.552734 0.495609 0.379688 0.416276 0.0027256
40 0.569922 0.563817 0.475781 0.300937 0.00264168
76 0.663281 0.557962 0.178125 0.288056 0.0026207
40 0.481641 0.293911 0.221094 0.401054 0.00240517
76 0.613281 0.514051 0.229687 0.362998 0.00235939
44 0.642969 0.531323 0.189063 0.33548 0.00212479
40 0.520312 0.600703 0.578125 0.775176 0.00203514
44 0.663281 0.557962 0.178125 0.288056 0.00184631
42 0.663281 0.557962 0.178125 0.288056 0.00173378
0 0.560938 0.398419 0.370313 0.622365 0.00171375
35 0.719531 0.573185 0.178125 0.247073 0.0015192
23 0.560547 0.39637 0.378906 0.605386 0.00151253
42 0.567285 0.399297 0.387305 0.617096 0.00151253
0 0.728516 0.573185 0.158594 0.251756 0.00134087
39 0.552734 0.495609 0.379688 0.416276 0.00131512
0 0.366797 0.599532 0.703125 0.782201 0.00129414
42 0.615625 0.495023 0.239063 0.395199 0.00126934
38 0.552734 0.495609 0.379688 0.416276 0.00126457
44 0.613281 0.514051 0.229687 0.362998 0.00123024
45 0.567285 0.399297 0.387305 0.617096 0.00112438
0 0.58125 0.54596 0.44375 0.327283 0.00107288
79 0.642969 0.531323 0.189063 0.33548 0.00102425
36 0.58125 0.54596 0.44375 0.327283 0.00100803
40 0.567187 0.394028 0.390625 0.614754 0.984863
0 0.525781 0.602459 0.584375 0.778688 0.800781
40 0.552734 0.496487 0.38125 0.411007 0.164551
44 0.568359 0.397834 0.390625 0.614169 0.0656128
38 0.568359 0.397834 0.390625 0.614169 0.0139542
39 0.568359 0.397834 0.390625 0.614169 0.0107803
41 0.568359 0.397834 0.390625 0.614169 0.00664139
76 0.639844 0.531909 0.196875 0.333138 0.00370789
40 0.575391 0.563817 0.464844 0.302108 0.00351143
42 0.636719 0.527518 0.207813 0.333724 0.0030632
44 0.552734 0.496487 0.38125 0.411007 0.00304031
76 0.6625 0.55767 0.189063 0.288642 0.00269318
40 0.503809 0.334821 0.283008 0.467359 0.00247192
76 0.609375 0.514637 0.234375 0.361827 0.00209999
35 0.719531 0.573185 0.178125 0.247073 0.00209045
44 0.639844 0.531909 0.196875 0.333138 0.0019722
40 0.481934 0.297424 0.223633 0.406909 0.00195694
40 0.521484 0.600117 0.582031 0.774005 0.00193405
44 0.6625 0.55767 0.189063 0.288642 0.00187492
42 0.6625 0.55767 0.189063 0.288642 0.00178242
71 0.561719 0.402225 0.391406 0.601874 0.00175476
39 0.552734 0.496487 0.38125 0.411007 0.00173378
0 0.560254 0.397834 0.37168 0.621194 0.00163555
42 0.563965 0.393443 0.383008 0.608899 0.00158501
23 0.560547 0.395492 0.380469 0.602459 0.00141048
41 0.552734 0.496487 0.38125 0.411007 0.00138855
0 0.727734 0.57377 0.160156 0.252927 0.00137806
45 0.561719 0.402225 0.391406 0.601874 0.0011692
42 0.614062 0.494731 0.2375 0.395785 0.0011425
38 0.552734 0.496487 0.38125 0.411007 0.00112438
0 0.584375 0.5363 0.4375 0.343091 0.00108624
44 0.609375 0.514637 0.234375 0.361827 0.00107288
0 0.395703 0.59719 0.744531 0.782201 0.00106525
16 0.560547 0.395492 0.380469 0.602459 0.00103188
75 0.568359 0.397834 0.390625 0.614169 0.00101662
40 0.566406 0.39315 0.392188 0.612998 0.988281
0 0.525098 0.598946 0.581055 0.78103 0.806152
40 0.552344 0.485656 0.380469 0.429157 0.178955
44 0.568066 0.396955 0.393555 0.613583 0.0558167
38 0.568066 0.396955 0.393555 0.613583 0.0126724
39 0.568066 0.396955 0.393555 0.613583 0.00926971
41 0.568066 0.396955 0.393555 0.613583 0.00841522
40 0.58125 0.564696 0.453125 0.298009 0.0046463
76 0.6375 0.532494 0.201563 0.33548 0.00316048
44 0.552344 0.485656 0.380469 0.429157 0.0028553
42 0.6375 0.532494 0.201563 0.33548 0.00276756
76 0.6625 0.557377 0.195312 0.290398 0.0024147
35 0.71875 0.57377 0.178125 0.248244 0.00239754
71 0.560938 0.399005 0.392188 0.604801 0.00221634
44 0.6625 0.557377 0.195312 0.290398 0.00205803
44 0.6375 0.532494 0.201563 0.33548 0.00191879
40 0.487891 0.32721 0.246094 0.470872 0.00186729
42 0.6625 0.557377 0.195312 0.290398 0.00186729
42 0.564063 0.39315 0.385938 0.607143 0.00183105
40 0.521094 0.598946 0.584375 0.774005 0.00174141
0 0.560156 0.397541 0.374219 0.620609 0.00160408
0 0.726562 0.574356 0.1625 0.254098 0.0015974
41 0.552344 0.485656 0.380469 0.429157 0.00152493
45 0.560938 0.399005 0.392188 0.604801 0.00150108
39 0.552344 0.485656 0.380469 0.429157 0.00146675
23 0.56084 0.394614 0.383008 0.600703 0.00143814
42 0.585156 0.512881 0.270313 0.362998 0.00127411
0 0.5875 0.524883 0.428125 0.364754 0.00121593
16 0.56084 0.394614 0.383008 0.600703 0.00121117
0 0.396875 0.596604 0.746875 0.783372 0.00120163
0 0.588965 0.589139 0.433008 0.313525 0.0011425
75 0.568066 0.396955 0.393555 0.613583 0.00112438
40 0.556641 0.456162 0.461719 0.552547 0.00101662
40 0.564746 0.392272 0.39082 0.611241 0.988281
0 0.524609 0.598946 0.582031 0.78103 0.814453
40 0.552246 0.497073 0.379883 0.40281 0.180054
44 0.566504 0.395492 0.391992 0.609485 0.0438538
38 0.566504 0.395492 0.391992 0.609485 0.0157166
41 0.566504 0.395492 0.391992 0.609485 0.0101318
39 0.566504 0.395492 0.391992 0.609485 0.00769424
40 0.583203 0.569672 0.449219 0.288056 0.00374985
35 0.71875 0.574063 0.178125 0.248829 0.00353813
76 0.636719 0.532787 0.203125 0.334895 0.00257111
44 0.552246 0.497073 0.379883 0.40281 0.00254059
71 0.560547 0.399371 0.391406 0.599385 0.00220871
76 0.660937 0.557962 0.196875 0.290398 0.00218201
42 0.636719 0.532787 0.203125 0.334895 0.00209999
42 0.562109 0.392272 0.383594 0.606557 0.0019722
0 0.610938 0.624268 0.390625 0.379098 0.00187492
41 0.552246 0.497073 0.379883 0.40281 0.00183868
44 0.660937 0.557962 0.196875 0.290398 0.00181007
0 0.726562 0.574941 0.1625 0.254098 0.00178909
0 0.558594 0.396077 0.373437 0.617681 0.00171375
40 0.4875 0.326991 0.246094 0.470726 0.00165462
42 0.660937 0.557962 0.196875 0.290398 0.00162315
23 0.559766 0.393443 0.382812 0.599532 0.0015974
0 0.590234 0.574356 0.433594 0.289227 0.00146675
16 0.559766 0.393443 0.382812 0.599532 0.00145531
44 0.636719 0.532787 0.203125 0.334895 0.00141621
39 0.552246 0.497073 0.379883 0.40281 0.00139904
45 0.560547 0.399371 0.391406 0.599385 0.00129986
75 0.566504 0.395492 0.391992 0.609485 0.00126934
40 0.520215 0.598361 0.58457 0.775176 0.00115108
38 0.552246 0.497073 0.379883 0.40281 0.00103188
0 0.580859 0.710187 0.127344 0.570258 0.00100803
40 0.562109 0.392272 0.388281 0.611241 0.989258
0 0.523828 0.598946 0.580469 0.78103 0.824219
44 0.564453 0.394614 0.389844 0.608899 0.0423889
38 0.564453 0.394614 0.389844 0.608899 0.0145035
41 0.564453 0.394614 0.389844 0.608899 0.0132217
39 0.564453 0.394614 0.389844 0.608899 0.00728989
40 0.583984 0.557377 0.446094 0.313817 0.00314713
35 0.71875 0.574356 0.178125 0.249415 0.00300407
0 0.607031 0.593677 0.396875 0.318501 0.00271416
71 0.559375 0.396663 0.389062 0.602459 0.00226974
42 0.560254 0.392272 0.382617 0.606557 0.00215721
0 0.726562 0.57582 0.1625 0.255855 0.0020752
76 0.659375 0.557962 0.188281 0.291569 0.00188923
44 0.659375 0.557962 0.188281 0.291569 0.00183868
76 0.636719 0.532201 0.204688 0.338407 0.0018177
0 0.557715 0.396077 0.373633 0.617681 0.0017271
16 0.558594 0.392857 0.382812 0.600703 0.00168705
23 0.558594 0.392857 0.382812 0.600703 0.00167465
40 0.589844 0.498536 0.414062 0.415105 0.0016489
42 0.651563 0.544789 0.178125 0.307377 0.00157928
40 0.486328 0.32721 0.244531 0.470872 0.00147247
45 0.559375 0.396663 0.389062 0.602459 0.00138855
75 0.564453 0.394614 0.389844 0.608899 0.00126934
67 0.559375 0.396663 0.389062 0.602459 0.00110722
76 0.558594 0.392857 0.382812 0.600703 0.0011034
0 0.579688 0.711797 0.128125 0.567037 0.00108147
44 0.636719 0.532201 0.204688 0.338407 0.00106525
42 0.607813 0.516101 0.245312 0.365925 0.00105286
40 0.561035 0.391101 0.387305 0.608899 0.98877
0 0.521094 0.601874 0.578125 0.778688 0.827637
44 0.563672 0.392857 0.388281 0.604215 0.035675
41 0.563672 0.392857 0.388281 0.604215 0.0146179
38 0.563672 0.392857 0.388281 0.604215 0.0140076
39 0.563672 0.392857 0.388281 0.604215 0.00564194
35 0.71875 0.57377 0.178125 0.248244 0.00282288
0 0.727734 0.575527 0.160156 0.255269 0.00251198
42 0.559375 0.391101 0.382031 0.604215 0.00236893
0 0.603516 0.600703 0.403906 0.35363 0.00228691
71 0.559277 0.395199 0.386133 0.600703 0.00216484
23 0.558594 0.391613 0.383594 0.598507 0.00195694
40 0.584766 0.507026 0.449219 0.420375 0.00192642
44 0.655469 0.557962 0.173438 0.289227 0.00175476
0 0.557422 0.394906 0.374219 0.61534 0.0017271
76 0.655469 0.557962 0.173438 0.289227 0.00166798
45 0.559277 0.395199 0.386133 0.600703 0.00156116
42 0.655469 0.557962 0.173438 0.289227 0.00153637
16 0.558594 0.391613 0.383594 0.598507 0.00153637
40 0.484375 0.326698 0.240625 0.469555 0.00134563
76 0.635938 0.531616 0.204688 0.334895 0.00131512
67 0.559277 0.395199 0.386133 0.600703 0.00131512
75 0.563672 0.392857 0.388281 0.604215 0.00127411
42 0.635938 0.531616 0.204688 0.334895 0.00116539
76 0.558594 0.391613 0.383594 0.598507 0.00115108
0 0.579688 0.714139 0.127344 0.562354 0.0011425
40 0.560059 0.389637 0.38457 0.607143 0.986816
0 0.519531 0.603044 0.570312 0.779859 0.839355
44 0.562891 0.391101 0.385156 0.601874 0.029541
41 0.562891 0.391101 0.385156 0.601874 0.0141144
38 0.562891 0.391101 0.385156 0.601874 0.0137939
0 0.717969 0.577283 0.179688 0.248244 0.00391388
39 0.562891 0.391101 0.385156 0.601874 0.00376511
35 0.71875 0.57377 0.178125 0.248244 0.0037365
42 0.558203 0.389344 0.380469 0.603044 0.00243378
0 0.628906 0.644028 0.354688 0.433255 0.00221634
23 0.558203 0.389637 0.382031 0.597775 0.00182438
0 0.556348 0.393735 0.373242 0.614169 0.0018177
44 0.657031 0.560304 0.160938 0.283372 0.00175476
71 0.559277 0.39315 0.383008 0.600117 0.0017271
76 0.657031 0.560304 0.160938 0.283372 0.00170708
45 0.562891 0.391101 0.385156 0.601874 0.00168705
42 0.654688 0.545375 0.173438 0.29918 0.0015192
40 0.483203 0.32582 0.238281 0.467799 0.00134087
0 0.579297 0.714432 0.125781 0.56411 0.0012846
76 0.558203 0.389637 0.382031 0.597775 0.0012846
76 0.639844 0.532494 0.192188 0.329625 0.0012598
16 0.558203 0.389637 0.382031 0.597775 0.00123501
67 0.559277 0.39315 0.383008 0.600117 0.00115108
63 0.558203 0.389637 0.382031 0.597775 0.00112915
75 0.562891 0.391101 0.385156 0.601874 0.00105286
40 0.559277 0.388759 0.383008 0.606557 0.983398
0 0.517188 0.60363 0.5625 0.78103 0.844727
44 0.562402 0.390515 0.383008 0.600703 0.0276947
38 0.562402 0.390515 0.383008 0.600703 0.0133743
41 0.562402 0.390515 0.383008 0.600703 0.0128708
40 0.565625 0.494731 0.398438 0.692037 0.00878143
0 0.717969 0.57743 0.179688 0.247951 0.00530243
35 0.71875 0.573185 0.178125 0.248244 0.0036068
39 0.562402 0.390515 0.383008 0.600703 0.00300407
42 0.55791 0.388759 0.379492 0.601874 0.00268364
0 0.633594 0.647541 0.346875 0.43911 0.00201988
23 0.558203 0.388759 0.38125 0.59719 0.00198746
0 0.556348 0.393443 0.373242 0.613583 0.0019722
44 0.657813 0.561768 0.15625 0.280445 0.00173378
76 0.657813 0.561768 0.15625 0.280445 0.00170708
76 0.558203 0.388759 0.38125 0.59719 0.00168133
45 0.562402 0.390515 0.383008 0.600703 0.00167465
71 0.558691 0.39315 0.381055 0.598946 0.00167465
42 0.65625 0.547131 0.170313 0.296838 0.00156689
0 0.578516 0.713115 0.125781 0.566745 0.00146103
67 0.558691 0.39315 0.381055 0.598946 0.00143814
63 0.558203 0.388759 0.38125 0.59719 0.0012846
76 0.642188 0.533372 0.1875 0.325527 0.0011158
16 0.558203 0.388759 0.38125 0.59719 0.00106525
40 0.48291 0.32582 0.237305 0.467213 0.00105667
40 0.558203 0.388759 0.38125 0.606557 0.977051
0 0.516406 0.604215 0.559375 0.782201 0.844727
44 0.561328 0.390515 0.382812 0.600703 0.0259552
38 0.561328 0.390515 0.382812 0.600703 0.0125275
41 0.561328 0.390515 0.382812 0.600703 0.0115967
0 0.717969 0.576698 0.179688 0.247073 0.00638962
35 0.71875 0.572892 0.178125 0.247658 0.00313568
42 0.557422 0.388173 0.378906 0.601874 0.0028553
39 0.561328 0.390515 0.382812 0.600703 0.00265312
0 0.555859 0.392272 0.372656 0.611241 0.002388
76 0.55791 0.388173 0.381055 0.59719 0.00226021
23 0.55791 0.388173 0.381055 0.59719 0.00183868
67 0.557813 0.394101 0.380469 0.595872 0.00171375
71 0.561328 0.390515 0.382812 0.600703 0.00161076
45 0.556641 0.387588 0.372656 0.599532 0.00153637
44 0.659375 0.563232 0.153125 0.276347 0.00148392
76 0.659375 0.563232 0.153125 0.276347 0.00147247
0 0.578125 0.714286 0.128125 0.564403 0.00138855
0 0.633203 0.64637 0.346094 0.432084 0.00138855
63 0.55791 0.388173 0.381055 0.59719 0.00136662
42 0.657813 0.548595 0.167187 0.293911 0.00134087
16 0.55791 0.388173 0.381055 0.59719 0.00107288
40 0.557422 0.389344 0.38125 0.607728 0.972656
0 0.515625 0.60363 0.559375 0.783372 0.84375
44 0.560547 0.391101 0.383594 0.601874 0.0272675
38 0.560547 0.391101 0.383594 0.601874 0.0134277
41 0.560547 0.391101 0.383594 0.601874 0.0122375
0 0.717578 0.576698 0.180469 0.247073 0.00624084
40 0.564063 0.491218 0.403125 0.673302 0.00492477
42 0.556641 0.388759 0.378906 0.604215 0.00304031
76 0.557031 0.388759 0.38125 0.599532 0.00287819
39 0.560547 0.391101 0.383594 0.601874 0.00286674
0 0.555566 0.391686 0.373242 0.61007 0.00256157
35 0.717969 0.573185 0.179688 0.247073 0.00212479
23 0.557031 0.388759 0.38125 0.599532 0.00197983
67 0.557422 0.395711 0.38125 0.594994 0.00174809
71 0.560547 0.391101 0.383594 0.601874 0.0017004
45 0.55625 0.388173 0.373437 0.601874 0.00151253
0 0.578125 0.713115 0.129688 0.566745 0.00135612
63 0.55625 0.388173 0.373437 0.601874 0.00135612
76 0.658984 0.563525 0.152344 0.275761 0.00119209
44 0.658984 0.563525 0.152344 0.275761 0.00118351
42 0.657422 0.548595 0.167187 0.295082 0.00109482
16 0.557031 0.388759 0.38125 0.599532 0.00104809
40 0.557031 0.38993 0.38125 0.608899 0.96875
0 0.514941 0.60363 0.560742 0.783372 0.827637
44 0.560254 0.392564 0.385742 0.60363 0.0309143
38 0.560254 0.392564 0.385742 0.60363 0.0149002
41 0.560254 0.392564 0.385742 0.60363 0.0108185
0 0.717578 0.576259 0.180469 0.247951 0.00577545
40 0.562891 0.495902 0.408594 0.68267 0.00418091
76 0.556641 0.389637 0.38125 0.601288 0.00351143
42 0.55625 0.38993 0.379688 0.604215 0.00345612
39 0.560254 0.392564 0.385742 0.60363 0.00344276
0 0.555078 0.391101 0.374219 0.608899 0.00254059
23 0.556641 0.389637 0.38125 0.601288 0.00220871
67 0.557422 0.397248 0.382812 0.594262 0.00178909
71 0.560254 0.392564 0.385742 0.60363 0.00162315
35 0.717969 0.573185 0.179688 0.247073 0.00144958
45 0.555859 0.389344 0.375 0.604215 0.00133514
0 0.578125 0.712968 0.129688 0.564696 0.0012846
63 0.555859 0.389344 0.375 0.604215 0.0011692
16 0.556641 0.389637 0.38125 0.601288 0.00109005
44 0.658984 0.564988 0.152344 0.272834 0.00106525
76 0.658984 0.564988 0.152344 0.272834 0.00103188
42 0.658984 0.564988 0.152344 0.272834 0.00100803
40 0.556934 0.38993 0.379883 0.608899 0.968262
0 0.519629 0.601288 0.570117 0.785714 0.832031
44 0.560938 0.392272 0.385938 0.603044 0.0323486
38 0.560938 0.392272 0.385938 0.603044 0.0118713
41 0.560938 0.392272 0.385938 0.603044 0.0108566
0 0.717578 0.576259 0.180469 0.247951 0.00471878
39 0.560938 0.392272 0.385938 0.603044 0.00432968
76 0.55625 0.389344 0.379688 0.600703 0.00358009
40 0.560156 0.507611 0.419531 0.689696 0.00349617
42 0.555859 0.38993 0.377344 0.604215 0.00317192
0 0.55459 0.38993 0.37207 0.606557 0.00243378
23 0.55625 0.389344 0.379688 0.600703 0.00218201
71 0.560938 0.392272 0.385938 0.603044 0.00189686
67 0.558594 0.400761 0.385938 0.587237 0.00132465
0 0.578125 0.714432 0.130469 0.56411 0.00125504
56 0.554688 0.389344 0.36875 0.605386 0.00113773
75 0.560938 0.392272 0.385938 0.603044 0.00113392
45 0.556152 0.389344 0.373633 0.604215 0.00112915
35 0.717969 0.573478 0.179688 0.247658 0.00106525
16 0.55625 0.389344 0.379688 0.600703 0.00106525
40 0.555566 0.38993 0.37793 0.608899 0.969238
0 0.519531 0.601288 0.570312 0.785714 0.833008
44 0.560156 0.392272 0.384375 0.601874 0.035553
41 0.560156 0.392272 0.384375 0.601874 0.0109863
38 0.560156 0.392272 0.384375 0.601874 0.00989532
39 0.560156 0.392272 0.384375 0.601874 0.00475693
40 0.561719 0.487119 0.417969 0.649883 0.00419998
0 0.717578 0.576112 0.180469 0.248244 0.00388527
76 0.555469 0.389637 0.378125 0.600117 0.00365067
42 0.555078 0.389344 0.375781 0.603044 0.00324821
23 0.554004 0.389051 0.37168 0.604801 0.00213242
0 0.554004 0.389051 0.37168 0.604801 0.0020504
71 0.560156 0.392272 0.384375 0.601874 0.00203514
56 0.553906 0.389637 0.367188 0.604801 0.00120163
0 0.577344 0.714286 0.13125 0.562061 0.00118828
44 0.658203 0.565574 0.153906 0.270492 0.00115585
42 0.65625 0.54918 0.16875 0.29274 0.00112438
75 0.560156 0.392272 0.384375 0.601874 0.00109005
45 0.560156 0.392272 0.384375 0.601874 0.00108147
67 0.558203 0.402518 0.385938 0.583724 0.00104809
40 0.554688 0.390515 0.376563 0.607728 0.969238
0 0.519922 0.600849 0.571094 0.784251 0.840332
44 0.558984 0.392272 0.382812 0.601874 0.0381775
41 0.558984 0.392272 0.382812 0.601874 0.0106125
38 0.558984 0.392272 0.382812 0.601874 0.00985718
39 0.558984 0.392272 0.382812 0.601874 0.00452042
76 0.554785 0.390222 0.37793 0.598946 0.00365067
42 0.554297 0.38993 0.375 0.601874 0.00332451
0 0.717578 0.576698 0.180469 0.249415 0.00305176
23 0.554785 0.390222 0.37793 0.598946 0.00201988
71 0.558984 0.392272 0.382812 0.601874 0.00198746
0 0.553027 0.387881 0.370508 0.602459 0.00175476
56 0.552734 0.38993 0.365625 0.604215 0.00133038
44 0.658203 0.564988 0.155469 0.271663 0.00131512
42 0.65625 0.54918 0.170313 0.295082 0.00124931
45 0.558984 0.392272 0.382812 0.601874 0.00113392
0 0.577344 0.716042 0.132812 0.557377 0.00110722
75 0.558984 0.392272 0.382812 0.601874 0.00104809
40 0.553906 0.391101 0.374219 0.608899 0.970703
0 0.52041 0.600703 0.57168 0.783372 0.847656
44 0.557813 0.393443 0.379688 0.603044 0.0427246
41 0.557813 0.393443 0.379688 0.603044 0.0104065
38 0.557813 0.393443 0.379688 0.603044 0.00908661
39 0.557813 0.393443 0.379688 0.603044 0.00462723
42 0.553516 0.391101 0.372656 0.603044 0.00346947
76 0.553906 0.391393 0.375781 0.598946 0.00340271
0 0.717188 0.577283 0.18125 0.249415 0.00239754
23 0.553906 0.391393 0.375781 0.598946 0.00197983
71 0.557813 0.393443 0.379688 0.603044 0.00187492
0 0.553223 0.388173 0.370117 0.603044 0.00154877
44 0.657031 0.563525 0.158594 0.275761 0.00134087
56 0.55166 0.391101 0.363867 0.604215 0.00131512
42 0.654688 0.548595 0.173438 0.299766 0.0012846
45 0.557813 0.393443 0.379688 0.603044 0.00112915
0 0.577344 0.716774 0.134375 0.554742 0.00101185
75 0.557813 0.393443 0.379688 0.603044 0.00100803
40 0.553027 0.392272 0.373633 0.608899 0.971191
0 0.520703 0.600556 0.571094 0.782494 0.852051
44 0.556152 0.394321 0.37832 0.604801 0.0455322
41 0.556152 0.394321 0.37832 0.604801 0.01017
38 0.553516 0.392857 0.375 0.598361 0.00871277
39 0.556152 0.394321 0.37832 0.604801 0.00446701
42 0.553027 0.392272 0.37207 0.604215 0.00349617
76 0.553516 0.392857 0.375 0.598361 0.00333786
0 0.717969 0.577283 0.18125 0.250585 0.00232315
23 0.553516 0.392857 0.375 0.598361 0.0020504
71 0.556152 0.394321 0.37832 0.604801 0.0017271
44 0.657031 0.562354 0.1625 0.280445 0.00147247
0 0.553223 0.388466 0.370117 0.602459 0.00135612
42 0.653516 0.548009 0.176563 0.303279 0.00132465
56 0.551562 0.391979 0.364063 0.604801 0.00131989
35 0.717188 0.575234 0.18125 0.252342 0.00122547
45 0.556152 0.394321 0.37832 0.604801 0.00109863
40 0.553223 0.392272 0.373242 0.608899 0.974121
0 0.520312 0.600703 0.56875 0.782201 0.859375
44 0.555859 0.394028 0.376563 0.605386 0.0411377
38 0.555859 0.394028 0.376563 0.605386 0.00955963
41 0.555859 0.394028 0.376563 0.605386 0.0085144
39 0.555859 0.394028 0.376563 0.605386 0.00390053
42 0.553125 0.392564 0.371875 0.60363 0.00349617
76 0.553125 0.394028 0.375 0.596019 0.00287819
23 0.553125 0.394028 0.375 0.596019 0.00232315
0 0.717969 0.577137 0.18125 0.250878 0.00221634
35 0.717188 0.575234 0.18125 0.252342 0.00155449
71 0.555859 0.394028 0.376563 0.605386 0.00143242
56 0.551172 0.392272 0.363281 0.604215 0.00135612
0 0.553223 0.388759 0.370117 0.601874 0.00132465
44 0.65625 0.561475 0.165625 0.282201 0.00130463
42 0.652344 0.547717 0.179688 0.305035 0.00125504
0 0.578125 0.72014 0.135937 0.546838 0.00107288
40 0.553125 0.392857 0.371875 0.607728 0.976562
0 0.521875 0.600703 0.570312 0.782201 0.86084
44 0.555469 0.394614 0.375781 0.605386 0.0379028
38 0.553027 0.395492 0.373633 0.594262 0.00878143
41 0.555469 0.394614 0.375781 0.605386 0.00743103
39 0.555469 0.394614 0.375781 0.605386 0.00355148
42 0.553125 0.392857 0.371094 0.603044 0.00324821
76 0.553027 0.395492 0.373633 0.594262 0.00240517
23 0.553027 0.395492 0.373633 0.594262 0.002388
0 0.717578 0.577869 0.180469 0.250585 0.00188923
0 0.553516 0.389344 0.369531 0.603044 0.0012846
71 0.555469 0.394614 0.375781 0.605386 0.0012846
42 0.651563 0.546838 0.182031 0.305621 0.00125504
56 0.551172 0.392272 0.363281 0.604215 0.0011692
44 0.655469 0.561475 0.167187 0.282201 0.00115585
0 0.578125 0.722629 0.134375 0.543033 0.00113392
35 0.716797 0.575527 0.182031 0.251756 0.00110722
40 0.555566 0.395199 0.37793 0.606557 0.97998
0 0.521777 0.600849 0.570508 0.781909 0.86084
44 0.555566 0.395199 0.37793 0.606557 0.0380249
38 0.555566 0.395199 0.37793 0.606557 0.00891876
41 0.555566 0.395199 0.37793 0.606557 0.00664139
39 0.555566 0.395199 0.37793 0.606557 0.00356483
42 0.553125 0.393443 0.372656 0.603044 0.00314713
23 0.553125 0.397541 0.375 0.591335 0.00265312
76 0.553125 0.397541 0.375 0.591335 0.0020504
0 0.717578 0.577869 0.180469 0.250585 0.00170708
0 0.553906 0.390222 0.371094 0.60363 0.00128937
0 0.578906 0.7238 0.132812 0.538349 0.00113392
42 0.650391 0.546546 0.184375 0.307377 0.00111198
71 0.555566 0.395199 0.37793 0.606557 0.00109863
35 0.716797 0.575527 0.182031 0.251756 0.00109482
16 0.553125 0.397541 0.375 0.591335 0.00106525
56 0.550684 0.392564 0.364258 0.60363 0.00105667
40 0.555371 0.395199 0.37832 0.605386 0.982422
0 0.521191 0.600849 0.57168 0.781909 0.85498
44 0.555371 0.395199 0.37832 0.605386 0.0377502
38 0.555371 0.395199 0.37832 0.605386 0.0109482
41 0.555371 0.395199 0.37832 0.605386 0.00600433
39 0.555371 0.395199 0.37832 0.605386 0.00366402
23 0.550684 0.39315 0.364258 0.602459 0.00342941
42 0.553516 0.394028 0.372656 0.601874 0.00323486
76 0.553027 0.399297 0.375195 0.586651 0.00189686
0 0.717578 0.577869 0.180469 0.249415 0.00163555
0 0.554688 0.391101 0.371875 0.604215 0.00127411
0 0.579688 0.724824 0.13125 0.5363 0.00118828
35 0.716797 0.574941 0.182031 0.250585 0.00117397
16 0.553027 0.399297 0.375195 0.586651 0.00116539
40 0.517969 0.603044 0.5625 0.765808 0.00106525
56 0.550684 0.39315 0.364258 0.602459 0.00104046
42 0.65 0.546253 0.185938 0.306792 0.00100422
40 0.555469 0.395199 0.379688 0.605386 0.984863
0 0.521094 0.600849 0.573438 0.781909 0.853516
44 0.555469 0.395199 0.379688 0.605386 0.0386047
38 0.555469 0.395199 0.379688 0.605386 0.0133286
41 0.555469 0.395199 0.379688 0.605386 0.00551224
23 0.550879 0.39315 0.36543 0.602459 0.00395966
39 0.555469 0.395199 0.379688 0.605386 0.00359344
42 0.553809 0.393735 0.373633 0.601288 0.00321007
76 0.554004 0.400542 0.376367 0.584163 0.00170708
0 0.717969 0.577869 0.18125 0.248244 0.00158501
35 0.717188 0.574941 0.18125 0.249415 0.00140476
0 0.555078 0.391686 0.373437 0.605386 0.00129986
0 0.578906 0.723507 0.132812 0.538934 0.00123978
16 0.554004 0.400542 0.376367 0.584163 0.00123978
40 0.517969 0.603044 0.564063 0.765808 0.00108147
40 0.555469 0.395492 0.38125 0.604801 0.983887
0 0.519922 0.60363 0.572656 0.778688 0.847168
44 0.555469 0.395492 0.38125 0.604801 0.0408325
38 0.555469 0.395492 0.38125 0.604801 0.0164032
41 0.555469 0.395492 0.38125 0.604801 0.00557709
23 0.550781 0.393443 0.365625 0.601874 0.00441742
39 0.555469 0.395492 0.38125 0.604801 0.00424957
42 0.553516 0.394028 0.374219 0.600703 0.00324821
35 0.717578 0.574356 0.182031 0.249415 0.00215721
0 0.717969 0.577283 0.18125 0.248244 0.0017004
76 0.553809 0.402225 0.376758 0.581967 0.00167465
16 0.553809 0.402225 0.376758 0.581967 0.00142097
0 0.578906 0.721897 0.132812 0.542155 0.00139904
0 0.555566 0.392272 0.374805 0.605386 0.00125504
40 0.517188 0.602898 0.565625 0.766101 0.00102425
40 0.555469 0.395785 0.38125 0.605386 0.984375
0 0.519629 0.60363 0.573242 0.779859 0.842285
44 0.555469 0.395785 0.38125 0.605386 0.0445251
38 0.555469 0.395785 0.38125 0.605386 0.0207214
41 0.555469 0.395785 0.38125 0.605386 0.00551224
39 0.555469 0.395785 0.38125 0.605386 0.00419998
23 0.550391 0.39315 0.364844 0.602459 0.00416565
35 0.717969 0.574356 0.18125 0.248244 0.00387001
42 0.553809 0.394321 0.373633 0.601288 0.00322342
0 0.717969 0.577283 0.18125 0.248244 0.00177479
76 0.553906 0.401932 0.377344 0.582553 0.00174809
16 0.553906 0.401932 0.377344 0.582553 0.00147247
0 0.578125 0.718384 0.132812 0.550351 0.00142097
0 0.555566 0.392564 0.374805 0.607143 0.00125504
40 0.516406 0.603191 0.567187 0.767857 0.00104809
40 0.556348 0.395785 0.382617 0.605386 0.986328
0 0.518848 0.60363 0.57168 0.78103 0.849121
44 0.556348 0.395785 0.382617 0.605386 0.0495911
38 0.556348 0.395785 0.382617 0.605386 0.0199432
41 0.556348 0.395785 0.382617 0.605386 0.00508118
39 0.556348 0.395785 0.382617 0.605386 0.00446701
23 0.550781 0.393443 0.365625 0.603044 0.00431442
35 0.717969 0.574356 0.18125 0.249415 0.00332451
42 0.554297 0.394614 0.375 0.601874 0.00321007
0 0.717969 0.57743 0.18125 0.247951 0.00176144
76 0.55459 0.402518 0.37832 0.582553 0.00162315
0 0.578125 0.719994 0.132812 0.548302 0.00147247
16 0.55459 0.402518 0.37832 0.582553 0.00134563
0 0.556152 0.393443 0.375195 0.608899 0.0011158
0 0.553125 0.726581 0.14375 0.532787 0.00104809
40 0.557129 0.396663 0.385742 0.607143 0.986328
0 0.51875 0.604215 0.571875 0.782201 0.844238
44 0.557129 0.396663 0.385742 0.607143 0.064209
38 0.557129 0.396663 0.385742 0.607143 0.0232391
39 0.557129 0.396663 0.385742 0.607143 0.0055542
41 0.557129 0.396663 0.385742 0.607143 0.00524139
35 0.717578 0.574941 0.182031 0.249415 0.00503922
23 0.551562 0.393735 0.367969 0.60363 0.0046463
42 0.55459 0.394906 0.376758 0.60363 0.00332451
76 0.55459 0.401566 0.379883 0.585626 0.00186062
0 0.717969 0.57743 0.18125 0.247951 0.00177479
0 0.577344 0.719555 0.13125 0.550351 0.00147247
16 0.55459 0.401566 0.379883 0.585626 0.00133514
0 0.556152 0.393735 0.376758 0.610656 0.00116539
0 0.552734 0.72702 0.142969 0.534251 0.00106049
40 0.556348 0.393735 0.379492 0.612998 0.987305
0 0.51875 0.602898 0.56875 0.780152 0.852539
44 0.558984 0.397541 0.3875 0.612412 0.0806274
38 0.558984 0.397541 0.3875 0.612412 0.016922
39 0.558984 0.397541 0.3875 0.612412 0.00706482
35 0.717969 0.574941 0.18125 0.250585 0.00679779
41 0.558984 0.397541 0.3875 0.612412 0.00593567
23 0.553516 0.394028 0.371094 0.607728 0.00443268
42 0.558984 0.397541 0.3875 0.612412 0.00332451
76 0.558984 0.397541 0.3875 0.612412 0.00200272
0 0.717969 0.574941 0.18125 0.250585 0.00192642
0 0.575781 0.721311 0.135937 0.546838 0.00161648
16 0.556348 0.400761 0.381055 0.594262 0.00126457
0 0.547266 0.706674 0.158594 0.558548 0.0011425
75 0.558984 0.397541 0.3875 0.612412 0.00104809
40 0.560059 0.398126 0.387695 0.615925 0.988281
0 0.518848 0.60202 0.566992 0.779567 0.854004
44 0.560059 0.398126 0.387695 0.615925 0.0844727
38 0.560059 0.398126 0.387695 0.615925 0.0137405
35 0.717969 0.574941 0.18125 0.250585 0.00894928
39 0.560059 0.398126 0.387695 0.615925 0.00671768
41 0.560059 0.398126 0.387695 0.615925 0.00547028
23 0.554688 0.394028 0.371875 0.61007 0.00418091
42 0.560059 0.398126 0.387695 0.615925 0.0036068
0 0.717969 0.574941 0.18125 0.250585 0.002388
76 0.560059 0.398126 0.387695 0.615925 0.00178242
0 0.575391 0.724239 0.1375 0.542155 0.00158501
0 0.548047 0.707845 0.153906 0.558548 0.00123501
16 0.556641 0.400468 0.380469 0.598361 0.00117874
40 0.514063 0.601874 0.559375 0.76815 0.00109005
40 0.560547 0.398126 0.388281 0.617096 0.989746
0 0.519531 0.601874 0.565625 0.778688 0.851074
44 0.560547 0.398126 0.388281 0.617096 0.0827026
38 0.560547 0.398126 0.388281 0.617096 0.0119171
35 0.718359 0.574649 0.180469 0.251171 0.00775528
39 0.560547 0.398126 0.388281 0.617096 0.00619125
41 0.560547 0.398126 0.388281 0.617096 0.00536346
23 0.555371 0.394028 0.37207 0.612412 0.00382423
42 0.560547 0.398126 0.388281 0.617096 0.00382423
0 0.718359 0.574649 0.180469 0.251171 0.00299263
0 0.575391 0.725995 0.139844 0.539813 0.00160408
76 0.560547 0.398126 0.388281 0.617096 0.00157928
0 0.548438 0.708577 0.148438 0.559426 0.00135136
40 0.514453 0.601288 0.557031 0.76815 0.00117397
41 0.703125 0.575527 0.198437 0.247073 0.0011425
16 0.557031 0.399883 0.380469 0.600703 0.0011034
40 0.561328 0.397541 0.386719 0.619438 0.990723
0 0.520703 0.599532 0.555469 0.78103 0.848633
44 0.561328 0.397541 0.386719 0.619438 0.0907593
38 0.561328 0.397541 0.386719 0.619438 0.0119171
35 0.71875 0.574649 0.179688 0.251171 0.00737381
39 0.561328 0.397541 0.386719 0.619438 0.00605011
41 0.561328 0.397541 0.386719 0.619438 0.00503922
42 0.561328 0.397541 0.386719 0.619438 0.00413513
23 0.557031 0.39959 0.379688 0.60363 0.00353813
0 0.71875 0.574649 0.179688 0.251171 0.00318527
76 0.561328 0.397541 0.386719 0.619438 0.00151253
0 0.575391 0.728191 0.141406 0.536592 0.00144958
0 0.548438 0.709602 0.146875 0.558548 0.00132465
41 0.704688 0.574941 0.201563 0.248244 0.00124931
0 0.446973 0.726434 0.251367 0.547131 0.00124931
40 0.515234 0.600703 0.553906 0.76815 0.00116539
16 0.557031 0.39959 0.379688 0.60363 0.00101662
40 0.561328 0.396955 0.385156 0.620609 0.990723
0 0.520215 0.599678 0.551758 0.781909 0.844238
44 0.561328 0.396955 0.385156 0.620609 0.0881958
38 0.561328 0.396955 0.385156 0.620609 0.011116
35 0.71875 0.574941 0.179688 0.251756 0.00677109
39 0.561328 0.396955 0.385156 0.620609 0.00524139
41 0.561328 0.396955 0.385156 0.620609 0.00431442
42 0.561328 0.396955 0.385156 0.620609 0.0042305
23 0.556934 0.399883 0.37832 0.603044 0.00342941
0 0.71875 0.574941 0.179688 0.251756 0.00333786
56 0.157422 0.666862 0.291406 0.640515 0.00200272
0 0.450098 0.726581 0.24668 0.546838 0.00156116
41 0.705469 0.573185 0.203125 0.251756 0.00137806
0 0.575781 0.729508 0.145313 0.535129 0.00129414
76 0.561328 0.396955 0.385156 0.620609 0.00129414
0 0.546875 0.710187 0.148438 0.558548 0.00126457
13 0.156836 0.665691 0.298828 0.642857 0.00123024
40 0.516016 0.600703 0.552344 0.76815 0.00110722
40 0.562109 0.396955 0.385156 0.620609 0.990723
0 0.520703 0.598946 0.552344 0.78103 0.838379
44 0.562109 0.396955 0.385156 0.620609 0.0863037
38 0.562109 0.396955 0.385156 0.620609 0.0109024
35 0.71875 0.574941 0.179688 0.251756 0.00666809
39 0.562109 0.396955 0.385156 0.620609 0.0049057
42 0.562109 0.396955 0.385156 0.620609 0.00418091
41 0.562109 0.396955 0.385156 0.620609 0.00376511
0 0.71875 0.574941 0.179688 0.251756 0.00329781
23 0.557031 0.398712 0.378125 0.605386 0.00329781
56 0.157813 0.666862 0.294531 0.640515 0.00284576
0 0.451953 0.727166 0.245312 0.545667 0.00185299
13 0.156836 0.665691 0.299609 0.642857 0.00160408
41 0.705469 0.572892 0.204688 0.254684 0.00145531
0 0.546094 0.712529 0.151562 0.556206 0.00124931
0 0.575781 0.731265 0.146875 0.531616 0.00119686
76 0.562109 0.396955 0.385156 0.620609 0.00115585
40 0.562109 0.39637 0.385156 0.620609 0.991211
0 0.520703 0.598946 0.552344 0.78103 0.838867
44 0.562109 0.39637 0.385156 0.620609 0.0869141
38 0.562109 0.39637 0.385156 0.620609 0.00955963
35 0.71875 0.574941 0.179688 0.251756 0.00542831
39 0.562109 0.39637 0.385156 0.620609 0.00432968
56 0.157813 0.666862 0.296094 0.640515 0.0041008
42 0.562109 0.39637 0.385156 0.620609 0.00391388
41 0.562109 0.39637 0.385156 0.620609 0.00333786
0 0.714844 0.575527 0.1875 0.25644 0.00329781
23 0.556641 0.398126 0.378125 0.606557 0.00307465
0 0.454297 0.727166 0.240625 0.545667 0.0020504
13 0.156836 0.665691 0.3 0.642857 0.00201988
40 0.548828 0.434426 0.494531 0.711944 0.0015974
41 0.705859 0.573185 0.203906 0.252927 0.00156116
0 0.545313 0.7137 0.151562 0.555035 0.00124454
0 0.575781 0.732436 0.148438 0.530445 0.00112438
76 0.562109 0.39637 0.385156 0.620609 0.00104046
40 0.562402 0.396077 0.38457 0.620023 0.991699
0 0.521094 0.598946 0.551562 0.78103 0.841797
44 0.562402 0.396077 0.38457 0.620023 0.0720825
38 0.562402 0.396077 0.38457 0.620023 0.0086441
35 0.71875 0.574941 0.179688 0.252927 0.00431442
56 0.158496 0.66613 0.298242 0.639637 0.00424957
39 0.562402 0.396077 0.38457 0.620023 0.00366402
42 0.562402 0.396077 0.38457 0.620023 0.00341606
0 0.714844 0.575527 0.1875 0.25644 0.00335121
23 0.556641 0.398126 0.377344 0.606557 0.00311089
41 0.562402 0.396077 0.38457 0.620023 0.00277901
0 0.456152 0.727313 0.23457 0.545375 0.00219917
13 0.157031 0.665691 0.301172 0.642857 0.00213242
41 0.70625 0.573185 0.201563 0.252927 0.00171375
40 0.54834 0.441452 0.500195 0.734192 0.00161076
0 0.544531 0.714432 0.15 0.5524 0.00135136
0 0.575781 0.732875 0.148438 0.529567 0.00117397
40 0.562109 0.395785 0.385156 0.620609 0.991699
0 0.521191 0.599532 0.551367 0.779859 0.843262
44 0.562109 0.395785 0.385156 0.620609 0.0653687
38 0.556641 0.397248 0.377344 0.607143 0.00821686
56 0.15918 0.666862 0.300391 0.639344 0.00530243
35 0.71875 0.574941 0.179688 0.251756 0.00441742
0 0.715625 0.575527 0.185938 0.25644 0.00345612
42 0.562109 0.395785 0.385156 0.620609 0.00327301
23 0.556641 0.397248 0.377344 0.607143 0.00312424
39 0.562109 0.395785 0.385156 0.620609 0.003088
13 0.157227 0.665691 0.301953 0.641686 0.00247192
41 0.562109 0.395785 0.385156 0.620609 0.00246239
0 0.459277 0.727752 0.229883 0.544496 0.002388
41 0.707031 0.5726 0.201563 0.254098 0.0017271
40 0.550391 0.440281 0.499219 0.736534 0.0016613
0 0.544141 0.715457 0.150781 0.550351 0.00144958
0 0.575 0.733167 0.148438 0.528981 0.00122547
40 0.562598 0.395785 0.385742 0.619438 0.991211
0 0.521875 0.599532 0.553125 0.779859 0.845703
44 0.562598 0.395785 0.385742 0.619438 0.0598755
38 0.556641 0.396955 0.377344 0.606557 0.008255
35 0.71875 0.574941 0.179688 0.251756 0.00448608
56 0.15957 0.666276 0.300781 0.639344 0.00443268
0 0.715234 0.575527 0.186719 0.25644 0.00362206
23 0.556641 0.396955 0.377344 0.606557 0.00307465
42 0.562598 0.395785 0.385742 0.619438 0.0030632
39 0.562598 0.395785 0.385742 0.619438 0.00291252
0 0.460938 0.727752 0.223438 0.544496 0.00225258
41 0.562598 0.395785 0.385742 0.619438 0.00221634
13 0.157324 0.665105 0.302148 0.641686 0.00211525
41 0.707422 0.573185 0.199219 0.254098 0.00171375
40 0.551562 0.440867 0.498437 0.741218 0.00151253
0 0.544141 0.715457 0.149219 0.54918 0.00146675
0 0.575 0.733021 0.146875 0.528103 0.00129414
40 0.560547 0.398126 0.388281 0.617096 0.990234
0 0.519531 0.601874 0.565625 0.778688 0.851074
44 0.560547 0.398126 0.388281 0.617096 0.083313
38 0.560547 0.398126 0.388281 0.617096 0.0121002
35 0.71875 0.574649 0.179688 0.251171 0.00769424
39 0.560547 0.398126 0.388281 0.617096 0.00621796
41 0.560547 0.398126 0.388281 0.617096 0.0053215
23 0.555371 0.394028 0.37207 0.612412 0.00382423
42 0.560547 0.398126 0.388281 0.617096 0.00382423
0 0.71875 0.574649 0.179688 0.251171 0.00301552
0 0.575 0.725995 0.140625 0.539813 0.00161648
76 0.560547 0.398126 0.388281 0.617096 0.00158501
0 0.548438 0.708431 0.148438 0.558548 0.00136662
40 0.514453 0.601288 0.557031 0.76815 0.00119209
41 0.703125 0.575527 0.198437 0.247073 0.00115108
16 0.557031 0.399883 0.380469 0.600703 0.00109482
