4 0.682031 0.316372 0.134375 0.126106 0.803223
4 0.687891 0.329646 0.148438 0.0862832 0.0200195
4 0.633984 0.318584 0.0359375 0.0431416 0.00445175
4 0.647656 0.309735 0.207031 0.141593 0.00376511
4 0.656641 0.33573 0.0835937 0.074115 0.00374985
8 0.681641 0.318031 0.135156 0.121681 0.00374985
14 0.859375 0.229535 0.0109375 0.0254425 0.0029583
4 0.651563 0.345133 0.06875 0.0752212 0.00284576
0 0.670313 0.363938 0.0226563 0.0376106 0.00179577
4 0.657813 0.358407 0.0515625 0.0497788 0.00174141
7 0.681641 0.318031 0.135156 0.121681 0.0017271
4 0.644531 0.329093 0.059375 0.0619469 0.00171375
8 0.467969 0.436394 0.0515625 0.0962389 0.0017004
4 0.663281 0.295907 0.101562 0.102876 0.00144386
4 0.66875 0.288717 0.16875 0.159292 0.00138283
4 0.670313 0.363938 0.0226563 0.0376106 0.00122547
4 0.652344 0.352876 0.059375 0.0586283 0.00116062
4 0.696094 0.301438 0.103125 0.103982 0.00113773
4 0.680469 0.268252 0.1375 0.215708 0.00105667
4 0.635156 0.324668 0.0421875 0.050885 0.00105286
4 0.682031 0.315265 0.134375 0.126106 0.809082
4 0.687891 0.329646 0.147656 0.0862832 0.02211
4 0.633984 0.318584 0.0351562 0.0442478 0.00518036
4 0.654688 0.335177 0.0796875 0.0730089 0.0049057
8 0.68125 0.317478 0.135937 0.121681 0.00397491
4 0.651563 0.34458 0.06875 0.0763274 0.00351143
14 0.859375 0.229535 0.0109375 0.0254425 0.00276756
0 0.670313 0.363938 0.0226563 0.0376106 0.00263214
4 0.64375 0.32854 0.0570313 0.0597345 0.00233269
4 0.642188 0.309735 0.21875 0.140487 0.00228691
4 0.657031 0.357301 0.053125 0.0519911 0.00219154
7 0.68125 0.317478 0.135937 0.121681 0.00198746
8 0.46875 0.435841 0.05 0.0962389 0.00161076
4 0.696875 0.300885 0.101562 0.103982 0.00153637
4 0.661328 0.29646 0.096875 0.10177 0.00153065
4 0.670313 0.363938 0.0226563 0.0376106 0.00146103
4 0.66875 0.288717 0.170313 0.15708 0.00128937
4 0.634766 0.324115 0.0414063 0.050885 0.00123024
0 0.732031 0.293142 0.028125 0.0774336 0.00121593
4 0.680469 0.268252 0.1375 0.215708 0.00118828
7 0.683594 0.337942 0.1375 0.085177 0.00106525
4 0.682031 0.316372 0.134375 0.126106 0.820801
4 0.6875 0.329646 0.151562 0.0951327 0.0263519
4 0.654688 0.334071 0.078125 0.0707965 0.00629044
4 0.634375 0.319137 0.0359375 0.0442478 0.00626373
4 0.651563 0.345133 0.0671875 0.0752212 0.00392914
8 0.68125 0.316925 0.135937 0.122788 0.00369263
4 0.642969 0.32854 0.05625 0.0597345 0.00302696
0 0.670313 0.363938 0.0226563 0.0376106 0.0026722
4 0.657813 0.357301 0.053125 0.050885 0.002388
14 0.859375 0.229535 0.0109375 0.0254425 0.00234985
7 0.68125 0.316925 0.135937 0.122788 0.00228691
4 0.697266 0.300885 0.100781 0.102876 0.00192642
8 0.468359 0.435841 0.0507812 0.0951327 0.00171375
4 0.651953 0.352876 0.0585938 0.0575221 0.00168133
4 0.634375 0.310841 0.234375 0.139381 0.0016489
4 0.660937 0.29646 0.0953125 0.10177 0.00162888
4 0.670313 0.363938 0.0226563 0.0376106 0.00159168
7 0.683594 0.337389 0.139063 0.0840708 0.00144386
4 0.680469 0.268805 0.1375 0.216814 0.00133038
7 0.654688 0.334071 0.078125 0.0707965 0.00123501
0 0.732031 0.293142 0.028125 0.0774336 0.00119209
8 0.473438 0.436947 0.040625 0.0818584 0.00115585
4 0.668359 0.287611 0.171094 0.15708 0.0011158
4 0.666406 0.359513 0.0421875 0.0464602 0.00109482
4 0.682031 0.316372 0.135156 0.126106 0.816406
4 0.6875 0.329093 0.151562 0.0929204 0.036499
4 0.653906 0.332965 0.0773438 0.0685841 0.00831604
4 0.633594 0.318584 0.034375 0.0431416 0.00806427
4 0.651563 0.346239 0.0671875 0.0707965 0.00443268
4 0.642578 0.327434 0.0546875 0.0575221 0.0039444
8 0.681641 0.316925 0.135937 0.122788 0.00335121
0 0.670313 0.363938 0.021875 0.0376106 0.00304031
4 0.658594 0.359513 0.0492188 0.0464602 0.00281143
7 0.681641 0.316925 0.135937 0.122788 0.00263214
4 0.696875 0.299779 0.1 0.100664 0.00247192
14 0.859375 0.229535 0.0109375 0.0254425 0.00216484
7 0.682813 0.337389 0.1375 0.0829646 0.00212479
4 0.651563 0.353982 0.0578125 0.0553097 0.00186062
4 0.670313 0.363938 0.021875 0.0376106 0.00183105
7 0.653906 0.332965 0.0773438 0.0685841 0.00176144
4 0.660156 0.297013 0.09375 0.0984513 0.00171375
4 0.633594 0.324115 0.0390625 0.050885 0.00168133
8 0.465234 0.435288 0.0570313 0.0873894 0.0016613
4 0.66875 0.360619 0.0359375 0.0442478 0.00147247
8 0.474219 0.436947 0.0390625 0.079646 0.00138283
4 0.680469 0.268805 0.138281 0.216814 0.00134087
4 0.621484 0.311394 0.261719 0.138274 0.00116062
7 0.658594 0.359513 0.0492188 0.0464602 0.00109482
0 0.732031 0.292035 0.0273438 0.0752212 0.00108147
4 0.634375 0.294248 0.0398437 0.0862832 0.00105667
7 0.670313 0.363938 0.021875 0.0376106 0.00102425
4 0.682031 0.315819 0.135156 0.125 0.820801
4 0.687109 0.32854 0.150781 0.090708 0.0437012
4 0.651953 0.332411 0.0734375 0.0663717 0.00985718
4 0.633594 0.318584 0.034375 0.0420354 0.00937653
4 0.651172 0.348451 0.065625 0.0674779 0.00452042
4 0.641406 0.326327 0.0515625 0.0553097 0.00446701
8 0.681641 0.316372 0.135937 0.121681 0.00358009
0 0.670703 0.363938 0.021875 0.0353982 0.00341606
4 0.697656 0.299226 0.0992187 0.0984513 0.00336266
7 0.681641 0.316372 0.135937 0.121681 0.00313568
4 0.659375 0.360066 0.0484375 0.0442478 0.00302696
7 0.679688 0.337389 0.13125 0.0818584 0.00269318
14 0.859375 0.228982 0.0109375 0.0243363 0.00226021
7 0.651953 0.332411 0.0734375 0.0663717 0.00214958
4 0.670703 0.363938 0.021875 0.0353982 0.00200272
4 0.650781 0.355089 0.05625 0.0530973 0.00178909
4 0.671094 0.361726 0.0296875 0.0409292 0.00176811
4 0.657422 0.297566 0.0875 0.0951327 0.00160408
8 0.465234 0.434735 0.0570313 0.0862832 0.0015192
7 0.670703 0.363938 0.021875 0.0353982 0.00134087
8 0.476172 0.436947 0.0351562 0.0785398 0.00131512
4 0.680469 0.267699 0.138281 0.214602 0.00127888
7 0.659375 0.360066 0.0484375 0.0442478 0.0012598
8 0.632031 0.316925 0.0359375 0.0431416 0.00113392
4 0.732031 0.292035 0.0265625 0.0730089 0.00110722
2 0.681641 0.316372 0.135937 0.121681 0.00102425
4 0.633594 0.295354 0.0375 0.0840708 0.00100422
4 0.682031 0.315265 0.135156 0.125 0.805664
4 0.6875 0.32854 0.151562 0.0884956 0.0583496
4 0.674219 0.337389 0.119531 0.079646 0.0140076
4 0.633594 0.318584 0.034375 0.0409292 0.0139542
4 0.65 0.331858 0.06875 0.0641593 0.0128708
4 0.639844 0.326327 0.0492188 0.0553097 0.00651169
4 0.697656 0.298673 0.0984375 0.0973451 0.00518036
4 0.650781 0.349558 0.0640625 0.0641593 0.00479126
0 0.671094 0.365044 0.021875 0.0353982 0.00432968
7 0.674219 0.337389 0.119531 0.079646 0.00341606
7 0.682031 0.315819 0.135937 0.122788 0.00336266
4 0.659375 0.361173 0.046875 0.0420354 0.00327301
7 0.65 0.331858 0.06875 0.0641593 0.00290108
14 0.859375 0.228982 0.0109375 0.0243363 0.00231361
8 0.682031 0.315819 0.135937 0.122788 0.00229645
4 0.674219 0.363385 0.021875 0.0376106 0.00211525
4 0.655078 0.298673 0.0820312 0.0929204 0.0020504
7 0.671094 0.365044 0.021875 0.0353982 0.0020504
4 0.671094 0.365044 0.021875 0.0353982 0.00199509
7 0.659375 0.361173 0.046875 0.0420354 0.00178242
8 0.465234 0.434735 0.0570313 0.0862832 0.00147247
4 0.732031 0.290929 0.0265625 0.0730089 0.00136185
2 0.671094 0.365044 0.021875 0.0353982 0.00133038
4 0.633594 0.295354 0.0375 0.0818584 0.00131512
8 0.475781 0.436947 0.0359375 0.079646 0.00131512
4 0.680469 0.267699 0.139063 0.214602 0.00123501
7 0.650781 0.349558 0.0640625 0.0641593 0.00115108
0 0.674219 0.363385 0.021875 0.0376106 0.00112438
7 0.632812 0.318584 0.0320312 0.0387168 0.00110722
2 0.682031 0.315819 0.135937 0.122788 0.00107288
4 0.626563 0.311947 0.252344 0.134956 0.00106525
4 0.682031 0.315265 0.134375 0.125 0.800781
4 0.6875 0.32854 0.150781 0.0862832 0.064209
4 0.633594 0.318031 0.034375 0.039823 0.0155411
4 0.669531 0.337389 0.110156 0.079646 0.0145035
4 0.649219 0.330752 0.0679687 0.0619469 0.0136337
4 0.639453 0.325774 0.0484375 0.0530973 0.0068779
4 0.697656 0.298673 0.0992187 0.0973451 0.00577545
4 0.651172 0.353429 0.0625 0.0564159 0.00468063
0 0.671094 0.365044 0.021875 0.0353982 0.0045929
7 0.681641 0.315265 0.135156 0.121681 0.00388527
4 0.660156 0.361726 0.0453125 0.039823 0.00352478
7 0.669531 0.337389 0.110156 0.079646 0.00338936
7 0.649219 0.330752 0.0679687 0.0619469 0.00284576
7 0.671094 0.365044 0.021875 0.0353982 0.00264168
8 0.681641 0.315265 0.135156 0.121681 0.00235939
4 0.675 0.363938 0.0195312 0.0353982 0.00226021
14 0.859375 0.228982 0.0109375 0.0243363 0.00222588
4 0.671094 0.365044 0.021875 0.0353982 0.00216484
4 0.676172 0.318031 0.158594 0.0995575 0.00210762
4 0.654297 0.298673 0.0804688 0.090708 0.00208282
7 0.660156 0.361726 0.0453125 0.039823 0.0020504
2 0.671094 0.365044 0.021875 0.0353982 0.00176811
7 0.686719 0.337389 0.146094 0.0884956 0.00175476
0 0.675 0.363938 0.0195312 0.0353982 0.00159168
4 0.732031 0.290929 0.0265625 0.0707965 0.00146103
8 0.465234 0.432522 0.0578125 0.0862832 0.00145531
4 0.633594 0.295354 0.0375 0.079646 0.00134087
8 0.475391 0.436394 0.0375 0.0785398 0.00123024
7 0.632812 0.318584 0.0320312 0.0376106 0.0011425
7 0.651172 0.353429 0.0625 0.0564159 0.0011158
4 0.680469 0.266593 0.139063 0.214602 0.00110722
0 0.869531 0.205752 0.0109375 0.0575221 0.00108624
2 0.3875 0.213496 0.05 0.050885 0.00106525
2 0.681641 0.315265 0.135156 0.121681 0.00104046
4 0.633203 0.311947 0.238281 0.132743 0.00102425
2 0.669531 0.337389 0.110156 0.079646 0.00101185
4 0.682031 0.315265 0.134375 0.123894 0.822266
4 0.687109 0.327434 0.15 0.0840708 0.0632324
4 0.633594 0.318584 0.034375 0.039823 0.0160217
4 0.665625 0.336836 0.101562 0.0763274 0.0134811
4 0.648438 0.329646 0.065625 0.0597345 0.0130692
4 0.638281 0.325221 0.0453125 0.050885 0.0064621
4 0.697656 0.298673 0.0992187 0.0973451 0.00634003
7 0.681641 0.315265 0.135156 0.119469 0.00471878
0 0.671875 0.365044 0.021875 0.0353982 0.00469971
4 0.652344 0.358407 0.0578125 0.045354 0.00392914
4 0.660937 0.362832 0.04375 0.0387168 0.00338936
7 0.671875 0.365044 0.021875 0.0353982 0.00332451
7 0.665625 0.336836 0.101562 0.0763274 0.00311089
8 0.681641 0.315265 0.135156 0.119469 0.00309944
7 0.648438 0.329646 0.065625 0.0597345 0.0027256
7 0.660937 0.362832 0.04375 0.0387168 0.00234222
2 0.671875 0.365044 0.021875 0.0353982 0.00230598
8 0.465234 0.431416 0.0585938 0.0873894 0.00229645
4 0.675781 0.365044 0.01875 0.0353982 0.00228691
4 0.653125 0.298673 0.078125 0.0884956 0.00213242
4 0.671875 0.365044 0.021875 0.0353982 0.00213242
0 0.675781 0.365044 0.01875 0.0353982 0.00198746
14 0.859375 0.228982 0.0109375 0.0243363 0.00186062
4 0.732422 0.290929 0.0265625 0.0707965 0.00170708
8 0.475 0.436947 0.0375 0.0774336 0.00161648
7 0.686719 0.337389 0.14375 0.0862832 0.00161076
4 0.633594 0.295907 0.0375 0.079646 0.00137234
2 0.3875 0.213496 0.05 0.050885 0.00121593
7 0.632812 0.318584 0.03125 0.0376106 0.00120163
8 0.632422 0.317478 0.0351562 0.0420354 0.00119209
2 0.665625 0.336836 0.101562 0.0763274 0.00118828
4 0.680469 0.26604 0.139063 0.213496 0.00118828
2 0.648438 0.329646 0.065625 0.0597345 0.00113773
0 0.870313 0.205752 0.0125 0.0575221 0.0011034
2 0.681641 0.315265 0.135156 0.119469 0.00107288
2 0.859375 0.228982 0.0109375 0.0243363 0.00106049
7 0.652344 0.358407 0.0578125 0.045354 0.00103188
2 0.675781 0.365044 0.01875 0.0353982 0.00102425
4 0.682031 0.315265 0.134375 0.123894 0.858887
4 0.686719 0.327434 0.148438 0.0840708 0.0614319
4 0.634375 0.318584 0.034375 0.039823 0.0164032
4 0.646875 0.329093 0.0632813 0.0586283 0.0125275
4 0.658594 0.337389 0.0882813 0.0752212 0.0116425
4 0.637109 0.325221 0.04375 0.050885 0.00591278
4 0.697266 0.299779 0.100781 0.0973451 0.00561905
7 0.68125 0.314712 0.134375 0.119469 0.00526047
8 0.465234 0.432522 0.0585938 0.0873894 0.00446701
7 0.671875 0.364491 0.0234375 0.0365044 0.00439835
0 0.671875 0.364491 0.0234375 0.0365044 0.00355148
4 0.654688 0.361726 0.0515625 0.0387168 0.00351143
8 0.68125 0.314712 0.134375 0.119469 0.00319672
2 0.671875 0.364491 0.0234375 0.0365044 0.00316048
7 0.660547 0.362832 0.0445313 0.0376106 0.00293541
7 0.658594 0.337389 0.0882813 0.0752212 0.00275803
4 0.675391 0.364491 0.01875 0.0353982 0.00257111
7 0.646875 0.329093 0.0632813 0.0586283 0.00250244
2 0.3875 0.214602 0.05 0.0530973 0.00247192
4 0.671875 0.364491 0.0234375 0.0365044 0.00223351
8 0.473438 0.436947 0.040625 0.079646 0.00223351
4 0.652344 0.299226 0.0765625 0.0896018 0.00209045
4 0.732422 0.291482 0.0265625 0.0719027 0.00181007
0 0.675391 0.364491 0.01875 0.0353982 0.00176144
14 0.859375 0.228982 0.0125 0.0254425 0.00146103
2 0.675391 0.364491 0.01875 0.0353982 0.00142097
4 0.634375 0.29646 0.0390625 0.0807522 0.00137234
2 0.658594 0.337389 0.0882813 0.0752212 0.00134563
7 0.686719 0.338496 0.140625 0.0840708 0.00134563
2 0.646875 0.329093 0.0632813 0.0586283 0.00133514
2 0.660547 0.362832 0.0445313 0.0376106 0.00133514
2 0.859375 0.228982 0.0125 0.0254425 0.00131989
4 0.680859 0.265487 0.139063 0.213496 0.00129986
8 0.632422 0.317478 0.0351562 0.0431416 0.00128937
7 0.632812 0.318584 0.0328125 0.0376106 0.00120163
4 0.644531 0.360619 0.0414063 0.039823 0.00117874
7 0.675391 0.364491 0.01875 0.0353982 0.00106525
2 0.68125 0.314712 0.134375 0.119469 0.00101662
2 0.370117 0.232301 0.0160156 0.0387168 0.00100803
4 0.682031 0.314712 0.134375 0.123894 0.882324
4 0.686719 0.327434 0.148438 0.0862832 0.0583496
4 0.634375 0.318584 0.0359375 0.0420354 0.0154266
4 0.646094 0.329093 0.0625 0.0597345 0.0114212
4 0.657422 0.337389 0.0859375 0.0774336 0.00993347
7 0.68125 0.314159 0.134375 0.121681 0.00579834
8 0.465234 0.433075 0.0585938 0.0884956 0.00540543
4 0.636719 0.324668 0.04375 0.0519911 0.00534439
7 0.671875 0.363938 0.0234375 0.0387168 0.00492477
4 0.697266 0.299779 0.100781 0.0984513 0.00418091
2 0.387598 0.215708 0.0513672 0.0575221 0.00390053
2 0.671875 0.363938 0.0234375 0.0387168 0.00376511
7 0.660156 0.362832 0.0453125 0.039823 0.00345612
4 0.655078 0.361726 0.0507812 0.039823 0.00337601
8 0.68125 0.314159 0.134375 0.121681 0.00325966
0 0.671875 0.363938 0.0234375 0.0387168 0.00294685
7 0.657422 0.337389 0.0859375 0.0774336 0.00273705
4 0.675 0.363938 0.0203125 0.0376106 0.0026207
7 0.646094 0.329093 0.0625 0.0597345 0.00256157
4 0.653125 0.299226 0.078125 0.090708 0.00208282
4 0.676562 0.316372 0.157813 0.0962389 0.00183105
2 0.660156 0.362832 0.0453125 0.039823 0.0017271
2 0.657422 0.337389 0.0859375 0.0774336 0.00161076
4 0.732422 0.291482 0.0265625 0.0730089 0.0015974
2 0.646094 0.329093 0.0625 0.0597345 0.0015974
4 0.634766 0.297013 0.0398437 0.0818584 0.00137806
7 0.686719 0.339049 0.139063 0.0862832 0.00129986
2 0.859375 0.228982 0.0125 0.0265487 0.00129414
8 0.632812 0.317478 0.0359375 0.0442478 0.00125504
4 0.680469 0.265487 0.139063 0.214602 0.00124454
7 0.633203 0.318584 0.0328125 0.039823 0.0012064
14 0.859375 0.228982 0.0125 0.0265487 0.00119686
2 0.370313 0.232301 0.0164063 0.0420354 0.0011692
4 0.645312 0.360619 0.0421875 0.0409292 0.0011425
8 0.387598 0.215708 0.0513672 0.0575221 0.00109863
8 0.464844 0.419248 0.05625 0.0619469 0.00107288
2 0.634375 0.318584 0.0359375 0.0420354 0.00101662
2 0.68125 0.314159 0.134375 0.121681 0.00101662
4 0.682031 0.315265 0.134375 0.126106 0.921875
4 0.686719 0.327434 0.148438 0.0884956 0.0596619
4 0.634375 0.31969 0.0359375 0.0442478 0.0149536
4 0.647656 0.329646 0.065625 0.0630531 0.0109482
4 0.658594 0.337942 0.0890625 0.0807522 0.00919342
7 0.681641 0.315265 0.134375 0.123894 0.00602722
8 0.464844 0.433628 0.059375 0.090708 0.00548935
2 0.387891 0.21792 0.0515625 0.0619469 0.00540543
4 0.6375 0.324668 0.04375 0.0542035 0.00500107
7 0.671094 0.362832 0.0257812 0.0420354 0.00429916
2 0.671094 0.362832 0.0257812 0.0420354 0.00392914
4 0.654688 0.360619 0.053125 0.0431416 0.00344276
4 0.697266 0.299779 0.100781 0.0995575 0.00335121
7 0.660156 0.362279 0.046875 0.0420354 0.00321007
8 0.681641 0.315265 0.134375 0.123894 0.00271416
4 0.675391 0.315265 0.164844 0.103982 0.00270462
7 0.658594 0.337942 0.0890625 0.0807522 0.00243378
7 0.647656 0.329646 0.065625 0.0630531 0.00234985
4 0.672656 0.362279 0.0242188 0.0431416 0.00219917
4 0.654688 0.299779 0.08125 0.0929204 0.00218201
0 0.671094 0.362832 0.0257812 0.0420354 0.00192642
2 0.660156 0.362279 0.046875 0.0420354 0.00189686
2 0.647656 0.329646 0.065625 0.0630531 0.00168705
2 0.658594 0.337942 0.0890625 0.0807522 0.00167465
4 0.732422 0.292035 0.0265625 0.0752212 0.00148964
4 0.635547 0.297566 0.0421875 0.0840708 0.00139904
4 0.646484 0.358407 0.0476562 0.0464602 0.00124931
2 0.859375 0.227876 0.0125 0.0287611 0.0011692
2 0.370508 0.231748 0.0167969 0.0442478 0.0011425
7 0.686719 0.338496 0.140625 0.090708 0.00112438
8 0.434766 0.438053 0.122656 0.102876 0.00108624
7 0.633594 0.318584 0.034375 0.0420354 0.00106049
2 0.634375 0.31969 0.0359375 0.0442478 0.00103188
8 0.632812 0.318031 0.0359375 0.045354 0.00101185
4 0.682031 0.315265 0.133594 0.126106 0.937988
4 0.685938 0.327434 0.147656 0.0896018 0.0665894
4 0.634766 0.31969 0.0367188 0.0442478 0.0137405
4 0.649219 0.329646 0.06875 0.0641593 0.01017
4 0.662109 0.337389 0.0953125 0.0818584 0.00912476
7 0.681641 0.315265 0.134375 0.123894 0.00570679
2 0.387891 0.219027 0.0515625 0.0641593 0.00446701
4 0.637891 0.324668 0.0453125 0.0542035 0.00431442
8 0.464844 0.433628 0.059375 0.090708 0.00428009
4 0.673438 0.315819 0.170313 0.108407 0.00372124
2 0.670313 0.362832 0.0265625 0.0420354 0.00367928
4 0.653906 0.359513 0.0546875 0.0442478 0.00337601
7 0.670313 0.362832 0.0265625 0.0420354 0.00324821
8 0.681641 0.315265 0.134375 0.123894 0.00296974
4 0.697266 0.299779 0.1 0.0995575 0.00284576
7 0.660156 0.361726 0.046875 0.0420354 0.00246239
4 0.670313 0.362832 0.0265625 0.0420354 0.00218201
4 0.655859 0.299226 0.0835937 0.0940266 0.00213242
7 0.662109 0.337389 0.0953125 0.0818584 0.00201035
2 0.660156 0.361726 0.046875 0.0420354 0.00179577
8 0.454688 0.436947 0.0796875 0.0995575 0.00178242
7 0.649219 0.329646 0.06875 0.0641593 0.00177479
2 0.662109 0.337389 0.0953125 0.0818584 0.00162315
2 0.649219 0.329646 0.06875 0.0641593 0.00147247
4 0.732813 0.291482 0.0265625 0.074115 0.00146103
0 0.670313 0.362832 0.0265625 0.0420354 0.00130939
4 0.635938 0.297013 0.0421875 0.0840708 0.00129986
8 0.632812 0.317478 0.0359375 0.0464602 0.00101662
4 0.682031 0.315265 0.133594 0.126106 0.945312
4 0.685938 0.327434 0.146875 0.0884956 0.0685425
4 0.635156 0.31969 0.0375 0.0442478 0.0133743
4 0.649219 0.329646 0.06875 0.0641593 0.00989532
4 0.6625 0.337389 0.0953125 0.0818584 0.00937653
7 0.681641 0.314712 0.134375 0.123894 0.00551224
8 0.465625 0.435288 0.0578125 0.0940266 0.00383949
4 0.6375 0.324115 0.0453125 0.0530973 0.00380898
8 0.681641 0.314712 0.134375 0.123894 0.00379562
2 0.670313 0.362279 0.0273438 0.0431416 0.00349617
4 0.673438 0.315265 0.170313 0.108407 0.00332451
4 0.653125 0.35896 0.05625 0.0464602 0.00331116
4 0.697656 0.299779 0.0984375 0.0995575 0.00304031
4 0.660156 0.361726 0.0476562 0.0431416 0.00286674
7 0.670313 0.362279 0.0273438 0.0431416 0.00269318
2 0.387402 0.219027 0.0517578 0.0641593 0.00234222
4 0.670313 0.362279 0.0273438 0.0431416 0.00233269
4 0.655469 0.298673 0.0828125 0.0929204 0.00210762
7 0.660156 0.361726 0.0476562 0.0431416 0.00199509
7 0.6625 0.337389 0.0953125 0.0818584 0.00174809
2 0.660156 0.361726 0.0476562 0.0431416 0.00168705
8 0.454297 0.436394 0.0804688 0.100664 0.00168705
2 0.6625 0.337389 0.0953125 0.0818584 0.0015974
4 0.732813 0.291482 0.0265625 0.074115 0.00155449
7 0.649219 0.329646 0.06875 0.0641593 0.00147247
2 0.649219 0.329646 0.06875 0.0641593 0.00136662
4 0.635938 0.297013 0.0421875 0.0840708 0.00126934
8 0.632812 0.317478 0.0359375 0.0464602 0.00114727
0 0.670313 0.362279 0.0273438 0.0431416 0.00104046
4 0.682031 0.314712 0.133594 0.125 0.951172
4 0.685938 0.325221 0.146875 0.0884956 0.0656128
4 0.635156 0.318584 0.0375 0.0442478 0.0112
4 0.669141 0.336283 0.108594 0.079646 0.00790405
4 0.651172 0.329093 0.0726563 0.0619469 0.00787354
7 0.681641 0.314159 0.133594 0.123894 0.00557709
8 0.681641 0.314159 0.133594 0.123894 0.0046463
4 0.671875 0.314712 0.175 0.111726 0.00353813
2 0.669531 0.361726 0.0289063 0.0431416 0.00324821
8 0.465625 0.434735 0.0578125 0.0929204 0.00309944
4 0.697656 0.299779 0.0984375 0.0984513 0.00291252
4 0.653125 0.35896 0.0570313 0.0464602 0.00269318
4 0.6375 0.324115 0.0453125 0.0519911 0.00261116
4 0.660156 0.361173 0.0476562 0.0431416 0.00233269
4 0.669531 0.361726 0.0289063 0.0431416 0.00214958
7 0.669531 0.361726 0.0289063 0.0431416 0.0019722
4 0.655859 0.298673 0.0828125 0.0929204 0.00191212
2 0.660156 0.361173 0.0476562 0.0431416 0.00157928
2 0.669141 0.336283 0.108594 0.079646 0.00156116
4 0.732422 0.290929 0.0265625 0.0730089 0.00148392
7 0.660156 0.361173 0.0476562 0.0431416 0.00146675
2 0.387402 0.218473 0.0517578 0.0641593 0.00138855
7 0.669141 0.336283 0.108594 0.079646 0.00133038
8 0.452734 0.436394 0.0835937 0.100664 0.00131512
2 0.651172 0.329093 0.0726563 0.0619469 0.0012064
8 0.633203 0.317478 0.0367188 0.0442478 0.00119209
4 0.636328 0.29646 0.0429688 0.0829646 0.00111198
7 0.651172 0.329093 0.0726563 0.0619469 0.00106525
5 0.682031 0.314712 0.139063 0.120575 0.00100803
4 0.682031 0.315265 0.133594 0.126106 0.953125
4 0.685938 0.325221 0.145313 0.0873894 0.064209
4 0.635938 0.318584 0.0390625 0.0431416 0.0103302
4 0.652734 0.329093 0.075 0.0619469 0.00746155
4 0.672656 0.336283 0.114063 0.079646 0.00740433
7 0.681641 0.314712 0.133594 0.125 0.00482941
8 0.681641 0.314712 0.133594 0.125 0.00457382
4 0.698438 0.298673 0.096875 0.0973451 0.00309944
2 0.66875 0.361726 0.03125 0.0442478 0.00304031
8 0.465625 0.434735 0.0578125 0.0929204 0.00276756
4 0.653125 0.358407 0.0578125 0.0464602 0.00264168
4 0.638672 0.324115 0.046875 0.0519911 0.00219917
4 0.66875 0.361726 0.03125 0.0442478 0.00219154
4 0.660156 0.361173 0.0484375 0.0431416 0.00218201
4 0.655859 0.298673 0.0828125 0.0929204 0.00183105
7 0.66875 0.361726 0.03125 0.0442478 0.00154877
4 0.732031 0.290929 0.0265625 0.0719027 0.0014782
2 0.660156 0.361173 0.0484375 0.0431416 0.00141621
4 0.710938 0.313053 0.2 0.132743 0.00129986
2 0.672656 0.336283 0.114063 0.079646 0.00123978
8 0.633203 0.317478 0.0367188 0.0442478 0.00117874
7 0.660156 0.361173 0.0484375 0.0431416 0.00113773
5 0.682031 0.315819 0.139063 0.120575 0.00113392
8 0.45 0.436394 0.0890625 0.10177 0.00112057
4 0.636719 0.29646 0.04375 0.0818584 0.00103664
7 0.672656 0.336283 0.114063 0.079646 0.00103188
4 0.682031 0.315265 0.132812 0.128319 0.95752
4 0.685156 0.324668 0.145313 0.0873894 0.0690308
4 0.636719 0.318584 0.040625 0.0431416 0.0106125
4 0.653125 0.32854 0.0757812 0.0619469 0.00772476
4 0.675781 0.336283 0.120313 0.079646 0.00725937
8 0.68125 0.315265 0.134375 0.128319 0.00439835
7 0.68125 0.315265 0.134375 0.128319 0.00428009
4 0.670313 0.316372 0.178125 0.117257 0.0042305
4 0.7 0.298673 0.0953125 0.0951327 0.00318527
4 0.651563 0.357301 0.0609375 0.050885 0.00274658
4 0.639453 0.324115 0.0484375 0.050885 0.00219917
4 0.660156 0.360619 0.0484375 0.0442478 0.0020504
2 0.667969 0.360619 0.03125 0.0442478 0.00201988
4 0.65625 0.297566 0.0828125 0.0929204 0.00189686
4 0.667969 0.360619 0.03125 0.0442478 0.00184631
8 0.465625 0.434735 0.0578125 0.0929204 0.00168705
4 0.713281 0.313053 0.20625 0.13385 0.0016489
4 0.732031 0.290929 0.028125 0.0707965 0.00149536
5 0.682422 0.316372 0.138281 0.121681 0.00129414
2 0.660156 0.360619 0.0484375 0.0442478 0.00115108
8 0.633594 0.317478 0.0375 0.0442478 0.00105667
7 0.667969 0.360619 0.03125 0.0442478 0.00105286
4 0.637891 0.29646 0.0460938 0.0818584 0.00103188
4 0.682031 0.315265 0.132812 0.130531 0.958008
4 0.685156 0.324115 0.144531 0.0862832 0.069519
4 0.636719 0.318031 0.040625 0.0431416 0.0106125
4 0.652344 0.32854 0.0742188 0.0619469 0.00772476
4 0.674219 0.33573 0.117188 0.079646 0.00695801
8 0.68125 0.315265 0.134375 0.128319 0.00431442
7 0.68125 0.315265 0.134375 0.128319 0.00403976
4 0.670313 0.316925 0.176563 0.117257 0.00352478
4 0.700781 0.297566 0.09375 0.0951327 0.00331116
4 0.651563 0.357301 0.0609375 0.050885 0.00279999
4 0.639844 0.323009 0.0484375 0.050885 0.00221634
4 0.712109 0.313053 0.203906 0.134956 0.00208282
4 0.660156 0.360619 0.0484375 0.0442478 0.00201988
4 0.655469 0.298673 0.08125 0.090708 0.00196457
2 0.667969 0.361173 0.0320312 0.0442478 0.00176811
4 0.667969 0.361173 0.0320312 0.0442478 0.00172043
4 0.731641 0.290376 0.0289063 0.0719027 0.00154877
5 0.682422 0.316372 0.138281 0.121681 0.00151253
8 0.465625 0.433628 0.0578125 0.0929204 0.00149536
2 0.660156 0.360619 0.0484375 0.0442478 0.00112438
4 0.680469 0.263274 0.139063 0.223451 0.00110722
4 0.638281 0.29646 0.0484375 0.0818584 0.00105286
8 0.633594 0.317478 0.0375 0.0442478 0.00102806
4 0.681641 0.315819 0.133594 0.130531 0.960449
4 0.685156 0.324115 0.14375 0.0840708 0.0670776
4 0.636719 0.317478 0.040625 0.0420354 0.00981903
4 0.651563 0.327987 0.071875 0.0608407 0.00714874
4 0.671875 0.335177 0.111719 0.079646 0.00643921
8 0.68125 0.315265 0.133594 0.128319 0.00455475
7 0.68125 0.315265 0.133594 0.128319 0.00378036
4 0.701953 0.297566 0.0914062 0.0962389 0.00336266
4 0.651563 0.357301 0.0609375 0.050885 0.00279999
4 0.711719 0.313053 0.203125 0.134956 0.00226021
4 0.639063 0.323009 0.0484375 0.050885 0.00202751
4 0.660156 0.360619 0.0484375 0.0442478 0.00201988
4 0.654688 0.298673 0.0796875 0.090708 0.00189686
5 0.682422 0.316372 0.138281 0.120575 0.0017271
4 0.667969 0.361173 0.0320312 0.0442478 0.00172043
2 0.667969 0.361173 0.0320312 0.0442478 0.0016489
4 0.73125 0.289823 0.0296875 0.0719027 0.00162888
4 0.680078 0.263274 0.139844 0.223451 0.00122547
8 0.4625 0.434735 0.065625 0.0995575 0.00106525
2 0.660156 0.360619 0.0484375 0.0442478 0.00105286
8 0.633594 0.317478 0.0375 0.0442478 0.00102425
4 0.682031 0.316372 0.132812 0.130531 0.961426
4 0.684766 0.324115 0.142969 0.0840708 0.0609741
4 0.637109 0.317478 0.0414063 0.0420354 0.00952148
4 0.650781 0.32854 0.071875 0.0597345 0.00674438
4 0.671875 0.336283 0.111719 0.079646 0.00544739
8 0.68125 0.316372 0.132812 0.128319 0.00382423
7 0.68125 0.316372 0.132812 0.128319 0.00370789
4 0.702344 0.297566 0.090625 0.0973451 0.00344276
4 0.650781 0.356195 0.0617188 0.050885 0.00276756
4 0.710938 0.314159 0.2 0.132743 0.00234985
4 0.639063 0.323009 0.0484375 0.050885 0.00194931
4 0.654297 0.298673 0.0796875 0.090708 0.00190449
4 0.659766 0.360619 0.0492188 0.0442478 0.00188255
4 0.672656 0.319137 0.169531 0.111726 0.00187492
5 0.682031 0.316372 0.1375 0.121681 0.00178909
4 0.73125 0.290376 0.0304688 0.0730089 0.00168133
4 0.667969 0.361726 0.0328125 0.0442478 0.00142097
4 0.680078 0.263827 0.139844 0.224558 0.00123501
2 0.667969 0.361726 0.0328125 0.0442478 0.00112438
4 0.682031 0.317478 0.132812 0.130531 0.956543
4 0.684375 0.325221 0.142188 0.0840708 0.0470886
4 0.691406 0.30531 0.1125 0.110619 0.0115967
4 0.638281 0.317478 0.04375 0.0420354 0.00734711
4 0.651953 0.329093 0.0734375 0.0619469 0.00553513
4 0.675 0.336283 0.11875 0.079646 0.00397491
8 0.68125 0.317478 0.132812 0.126106 0.00382423
7 0.68125 0.317478 0.132812 0.126106 0.00341606
4 0.702734 0.298119 0.0898438 0.0962389 0.00266266
4 0.650781 0.355642 0.0625 0.0542035 0.00260162
4 0.714063 0.314159 0.20625 0.132743 0.00215721
5 0.682031 0.316925 0.1375 0.120575 0.00186729
4 0.73125 0.290929 0.0304688 0.0730089 0.00153637
4 0.639844 0.324115 0.05 0.050885 0.00153637
4 0.655469 0.298673 0.08125 0.090708 0.00152493
4 0.659766 0.360619 0.0492188 0.0442478 0.0015192
4 0.680469 0.263827 0.139063 0.225664 0.00111198
4 0.632812 0.323009 0.0375 0.050885 0.00107288
4 0.667578 0.361726 0.0328125 0.0442478 0.00100803
6 0.682031 0.316925 0.1375 0.120575 0.00100803
4 0.682031 0.317478 0.132812 0.130531 0.95166
4 0.683984 0.325774 0.141406 0.0840708 0.0316162
4 0.639844 0.318031 0.046875 0.0431416 0.00602722
4 0.653125 0.329646 0.075 0.0630531 0.00502014
8 0.68125 0.317478 0.132812 0.127212 0.00332451
7 0.68125 0.317478 0.132812 0.127212 0.00305176
4 0.677344 0.336836 0.123438 0.0807522 0.00284576
4 0.650391 0.355089 0.0632813 0.0553097 0.00261116
4 0.702734 0.298119 0.0898438 0.0951327 0.00199509
5 0.682031 0.317478 0.1375 0.120575 0.00188255
4 0.676562 0.300332 0.123438 0.100664 0.00185299
4 0.717578 0.315265 0.213281 0.132743 0.00171375
4 0.73125 0.291482 0.0304688 0.0730089 0.00139904
4 0.655859 0.299226 0.0820312 0.090708 0.00121593
6 0.682031 0.317478 0.1375 0.120575 0.00111198
4 0.632812 0.323562 0.0375 0.0519911 0.00107288
4 0.680469 0.264381 0.139063 0.22677 0.00104427
4 0.659375 0.360619 0.05 0.0464602 0.00101662
4 0.682031 0.318584 0.132812 0.130531 0.94873
4 0.683594 0.326327 0.140625 0.0840708 0.0246124
4 0.691406 0.306416 0.1125 0.112832 0.00834656
4 0.642969 0.318031 0.053125 0.0431416 0.00508118
4 0.653516 0.330752 0.0765625 0.0641593 0.0046463
7 0.68125 0.318031 0.133594 0.128319 0.00318527
8 0.68125 0.318031 0.133594 0.128319 0.00314713
4 0.634375 0.317478 0.0375 0.039823 0.00279045
4 0.65 0.353982 0.0640625 0.0575221 0.00264168
4 0.677344 0.337389 0.124219 0.0818584 0.00226021
5 0.682422 0.317478 0.1375 0.122788 0.00185299
4 0.702734 0.298673 0.0898438 0.0951327 0.00161648
4 0.721484 0.315265 0.221094 0.134956 0.00141621
4 0.73125 0.292035 0.0304688 0.0730089 0.00134563
6 0.682422 0.317478 0.1375 0.122788 0.0011158
4 0.656641 0.298673 0.0835937 0.090708 0.00105667
4 0.682031 0.319137 0.132812 0.131637 0.950195
4 0.683203 0.327987 0.140625 0.0873894 0.0160217
4 0.690625 0.306416 0.114063 0.112832 0.00619125
4 0.645312 0.318031 0.059375 0.0431416 0.00436401
4 0.653125 0.332965 0.0765625 0.0685841 0.00421524
7 0.68125 0.319137 0.134375 0.129425 0.00309944
4 0.634766 0.317478 0.0382813 0.039823 0.00251198
4 0.65 0.350664 0.0640625 0.0663717 0.00251198
8 0.68125 0.319137 0.134375 0.129425 0.00242424
5 0.682813 0.317478 0.1375 0.126106 0.00178909
4 0.675781 0.299779 0.123438 0.0995575 0.00155449
4 0.722266 0.316372 0.222656 0.136062 0.00130463
4 0.642969 0.325221 0.0554687 0.0553097 0.00114727
6 0.682813 0.317478 0.1375 0.126106 0.00109863
4 0.73125 0.291482 0.0304688 0.0730089 0.00104046
4 0.702344 0.298119 0.090625 0.0940266 0.00102806
4 0.632812 0.324115 0.0375 0.0530973 0.00101662
4 0.681641 0.31969 0.133594 0.132743 0.949219
4 0.682813 0.329646 0.140625 0.090708 0.0105667
4 0.647656 0.318584 0.0640625 0.0420354 0.00408554
4 0.653125 0.335177 0.0765625 0.0730089 0.00380898
7 0.68125 0.31969 0.134375 0.130531 0.0028553
4 0.634766 0.317478 0.0382813 0.039823 0.00256157
4 0.649219 0.347898 0.065625 0.074115 0.00219154
4 0.675781 0.299779 0.123438 0.0995575 0.00165462
5 0.682813 0.317478 0.139063 0.128319 0.00163555
8 0.68125 0.31969 0.134375 0.130531 0.00139904
4 0.720703 0.316925 0.221094 0.137168 0.0011425
4 0.632812 0.324115 0.0375 0.0530973 0.00108624
4 0.64375 0.326327 0.0578125 0.0553097 0.00106525
6 0.682813 0.317478 0.139063 0.128319 0.00104046
4 0.681641 0.320243 0.133594 0.13385 0.95166
4 0.682031 0.330752 0.140625 0.0918142 0.00993347
4 0.649219 0.318584 0.0671875 0.0420354 0.00397491
4 0.652734 0.336836 0.0757812 0.0763274 0.00382423
7 0.681641 0.320796 0.135156 0.132743 0.00301552
4 0.635156 0.317478 0.0390625 0.039823 0.00254059
4 0.648828 0.346239 0.065625 0.0774336 0.00182438
4 0.675781 0.299226 0.123438 0.0995575 0.00178909
5 0.682813 0.316925 0.139063 0.130531 0.00153637
4 0.632812 0.324115 0.0375 0.0530973 0.0011034
8 0.681641 0.320796 0.135156 0.132743 0.00109005
4 0.644531 0.327434 0.0585938 0.0575221 0.00106049
4 0.720703 0.317478 0.221094 0.138274 0.00101185
4 0.68125 0.320796 0.134375 0.132743 0.956055
4 0.682031 0.331858 0.139844 0.0929204 0.0104065
4 0.689844 0.307522 0.115625 0.115044 0.00443268
4 0.65 0.318584 0.0703125 0.0431416 0.00416565
4 0.652734 0.337389 0.0757812 0.0774336 0.00405502
7 0.68125 0.320796 0.135937 0.132743 0.00299263
4 0.635156 0.317478 0.040625 0.039823 0.00271416
4 0.675781 0.299779 0.123438 0.100664 0.00201035
5 0.682422 0.316372 0.139844 0.130531 0.00156689
4 0.646094 0.344027 0.059375 0.0774336 0.00139904
4 0.632812 0.324668 0.0375 0.0530973 0.00121593
4 0.645312 0.327987 0.059375 0.0586283 0.00115585
4 0.658203 0.297566 0.0882813 0.090708 0.00105667
4 0.68125 0.320796 0.134375 0.13385 0.959961
4 0.682031 0.331858 0.139844 0.0929204 0.0142288
4 0.689844 0.307522 0.115625 0.115044 0.0049057
4 0.649609 0.318584 0.06875 0.0431416 0.00477219
4 0.651953 0.337389 0.0742188 0.0774336 0.00436401
7 0.68125 0.32135 0.135937 0.132743 0.00346947
4 0.635938 0.317478 0.040625 0.039823 0.00312424
4 0.675391 0.300332 0.123438 0.10177 0.0024929
4 0.645703 0.344027 0.0585938 0.0774336 0.00144958
5 0.682031 0.315819 0.140625 0.132743 0.00142097
4 0.644922 0.327434 0.059375 0.0597345 0.00129414
4 0.632812 0.324115 0.0375 0.0530973 0.0012598
4 0.658594 0.297566 0.0890625 0.090708 0.0012064
8 0.68125 0.32135 0.135937 0.132743 0.00100422
4 0.68125 0.320796 0.134375 0.134956 0.966797
4 0.682031 0.331858 0.139063 0.0951327 0.0200195
4 0.65 0.318584 0.06875 0.0442478 0.00557709
4 0.651563 0.337389 0.0734375 0.079646 0.00518036
7 0.681641 0.32135 0.135937 0.132743 0.00380898
4 0.635938 0.317478 0.040625 0.039823 0.00351143
4 0.675781 0.300885 0.123438 0.103982 0.00300407
4 0.670313 0.339602 0.113281 0.0884956 0.0017004
4 0.645703 0.344027 0.0585938 0.0774336 0.0016613
4 0.645312 0.327434 0.059375 0.0597345 0.00148964
4 0.658594 0.297566 0.0890625 0.090708 0.00138855
4 0.633203 0.324115 0.0375 0.0530973 0.00131989
8 0.681641 0.32135 0.135937 0.132743 0.00117874
4 0.68125 0.320796 0.134375 0.136062 0.970703
4 0.682031 0.331305 0.139063 0.0962389 0.0224609
4 0.649219 0.318584 0.0671875 0.0442478 0.00591278
4 0.650781 0.337389 0.071875 0.079646 0.00524139
7 0.68125 0.32135 0.135937 0.13385 0.00403976
4 0.635938 0.317478 0.040625 0.039823 0.00372124
4 0.675781 0.301438 0.123438 0.106195 0.00338936
4 0.667969 0.339602 0.107813 0.090708 0.00198746
4 0.644922 0.327434 0.059375 0.0619469 0.00153065
4 0.658594 0.298119 0.0882813 0.0918142 0.00148964
4 0.633203 0.324115 0.0375 0.0530973 0.00130939
8 0.68125 0.32135 0.135937 0.13385 0.00129986
2 0.68125 0.32135 0.135937 0.13385 0.00102043
4 0.68125 0.320796 0.134375 0.137168 0.970703
4 0.680078 0.331858 0.13125 0.0840708 0.0118256
4 0.647656 0.318584 0.0640625 0.0464602 0.00614548
4 0.650781 0.337389 0.071875 0.079646 0.00498199
7 0.68125 0.320796 0.135937 0.134956 0.00424957
4 0.635938 0.317478 0.040625 0.0409292 0.00390053
4 0.675781 0.301991 0.123438 0.108407 0.00369263
4 0.667188 0.339049 0.10625 0.090708 0.00210762
4 0.658984 0.298673 0.0890625 0.0929204 0.00157928
4 0.644531 0.327434 0.0585938 0.0619469 0.00150681
8 0.68125 0.320796 0.135937 0.134956 0.00139904
4 0.632812 0.324115 0.0375 0.0542035 0.00130463
2 0.68125 0.320796 0.135937 0.134956 0.0011158
4 0.68125 0.320796 0.134375 0.137168 0.972168
4 0.680469 0.332411 0.13125 0.0862832 0.0107346
4 0.647656 0.31969 0.0640625 0.0475664 0.00602722
4 0.650391 0.337389 0.0710938 0.0818584 0.00438309
4 0.635938 0.318031 0.040625 0.0420354 0.00415039
4 0.675781 0.303097 0.124219 0.112832 0.00392914
7 0.68125 0.320796 0.135937 0.134956 0.00367928
4 0.659375 0.298673 0.090625 0.0940266 0.00170708
4 0.644531 0.32854 0.0585938 0.0641593 0.00146675
4 0.632812 0.324115 0.0375 0.0542035 0.00146103
8 0.68125 0.320796 0.135937 0.134956 0.00103664
4 0.68125 0.320796 0.134375 0.138274 0.971191
4 0.680469 0.332965 0.13125 0.0873894 0.01017
4 0.647656 0.31969 0.0640625 0.0486726 0.00575256
4 0.635938 0.318584 0.040625 0.0431416 0.00397491
4 0.65 0.337389 0.0703125 0.0818584 0.00388527
4 0.675781 0.303097 0.125 0.115044 0.00374985
7 0.68125 0.320796 0.135937 0.137168 0.0030632
4 0.659375 0.298673 0.090625 0.0951327 0.00165462
4 0.632812 0.324115 0.0375 0.0553097 0.00141048
4 0.644531 0.329093 0.0578125 0.0652655 0.00128937
4 0.68125 0.320796 0.134375 0.137168 0.969727
4 0.680469 0.332411 0.132812 0.0862832 0.0103302
4 0.647266 0.31969 0.0632813 0.0475664 0.00551224
4 0.635938 0.318584 0.040625 0.0420354 0.00387001
4 0.650391 0.337389 0.0703125 0.0818584 0.00378036
7 0.68125 0.320796 0.135937 0.137168 0.0030632
4 0.659766 0.298673 0.090625 0.0940266 0.00154305
4 0.632812 0.324115 0.0375 0.0553097 0.00127888
4 0.644141 0.32854 0.0578125 0.0641593 0.00119686
8 0.68125 0.320796 0.135937 0.137168 0.00103188
4 0.68125 0.320796 0.134375 0.137168 0.96875
4 0.680859 0.331858 0.132812 0.0862832 0.0109482
4 0.647656 0.31969 0.0640625 0.0486726 0.00621796
4 0.635938 0.318584 0.040625 0.0420354 0.0042305
4 0.650391 0.337389 0.0703125 0.079646 0.0041008
7 0.68125 0.320796 0.135937 0.134956 0.00225258
4 0.659766 0.298673 0.090625 0.0929204 0.00174809
4 0.66875 0.339602 0.109375 0.090708 0.00155449
4 0.632812 0.324115 0.0375 0.0530973 0.0014267
4 0.644141 0.32854 0.0578125 0.0641593 0.00124454
4 0.68125 0.32135 0.134375 0.136062 0.967285
4 0.682813 0.331305 0.141406 0.0984513 0.0255585
4 0.648438 0.320243 0.065625 0.0475664 0.0069313
4 0.636328 0.318584 0.0414063 0.0420354 0.00460815
4 0.650781 0.337389 0.0703125 0.0785398 0.00455475
4 0.676562 0.303097 0.125781 0.109513 0.00400543
7 0.68125 0.32135 0.135937 0.13385 0.00198746
4 0.659766 0.298673 0.090625 0.0929204 0.00190449
4 0.671094 0.339602 0.114063 0.0884956 0.00174809
4 0.632812 0.324115 0.0375 0.0530973 0.00157356
4 0.644141 0.32854 0.0578125 0.0619469 0.00132465
4 0.675 0.377212 0.148438 0.255531 0.0011034
4 0.68125 0.320796 0.133594 0.134956 0.969727
4 0.682813 0.330752 0.142188 0.0973451 0.0333252
4 0.648438 0.31969 0.065625 0.0464602 0.00828552
4 0.636328 0.318584 0.0414063 0.0420354 0.00540543
4 0.650391 0.336836 0.0703125 0.0774336 0.00540543
4 0.676562 0.303097 0.125 0.108407 0.0045929
4 0.659375 0.299226 0.0890625 0.0918142 0.00221634
4 0.670703 0.339602 0.113281 0.0884956 0.00218201
7 0.68125 0.32135 0.135937 0.13385 0.00185299
4 0.632812 0.324115 0.0375 0.0530973 0.00182438
4 0.64375 0.32854 0.0578125 0.0597345 0.0015192
4 0.702344 0.298673 0.0898438 0.0951327 0.00126934
4 0.675781 0.377765 0.146875 0.256637 0.0011692
5 0.68125 0.316372 0.140625 0.134956 0.00115108
4 0.68125 0.32135 0.133594 0.134956 0.97168
4 0.682813 0.330752 0.142188 0.0973451 0.0437012
4 0.647266 0.320243 0.0632813 0.0464602 0.00985718
4 0.635938 0.318584 0.040625 0.0420354 0.00631332
4 0.65 0.336283 0.0703125 0.0752212 0.006073
4 0.676172 0.30365 0.125 0.108407 0.0051384
4 0.670313 0.339602 0.1125 0.0862832 0.00281143
4 0.658594 0.299779 0.0890625 0.090708 0.0024929
4 0.632812 0.324115 0.0375 0.0530973 0.00202751
7 0.68125 0.32135 0.135937 0.132743 0.00183105
4 0.64375 0.327434 0.05625 0.0597345 0.00171375
4 0.702344 0.299226 0.0890625 0.0951327 0.00163555
5 0.68125 0.316372 0.139844 0.134956 0.0012064
4 0.675781 0.378319 0.145313 0.256637 0.00120163
4 0.731641 0.290929 0.0289063 0.0707965 0.00107765
4 0.645312 0.297566 0.0609375 0.0818584 0.00105667
4 0.68125 0.320796 0.133594 0.134956 0.972656
4 0.682813 0.330752 0.142188 0.0973451 0.0579224
4 0.646875 0.31969 0.0625 0.0464602 0.0112915
4 0.635938 0.318584 0.040625 0.0420354 0.00709534
4 0.65 0.336283 0.0703125 0.0752212 0.00674438
4 0.668359 0.339602 0.108594 0.0862832 0.00363541
4 0.658594 0.299779 0.0890625 0.090708 0.00270462
4 0.632812 0.324115 0.0375 0.0530973 0.00219154
4 0.702344 0.299779 0.0898438 0.0951327 0.0020752
4 0.644531 0.34292 0.0570313 0.0774336 0.00206757
4 0.642969 0.327434 0.05625 0.0586283 0.00193405
7 0.68125 0.32135 0.135937 0.132743 0.00192642
5 0.68125 0.316372 0.139063 0.134956 0.00129414
4 0.73125 0.290929 0.0296875 0.0707965 0.00122547
4 0.676172 0.378319 0.145313 0.256637 0.00116062
4 0.644531 0.297566 0.0609375 0.0818584 0.00113773
6 0.68125 0.316372 0.139063 0.134956 0.00107288
4 0.68125 0.32135 0.133594 0.134956 0.975098
4 0.683203 0.330752 0.142188 0.0973451 0.0558167
4 0.646094 0.320243 0.0609375 0.0464602 0.011116
4 0.635938 0.319137 0.040625 0.0420354 0.00709534
4 0.65 0.336283 0.0703125 0.0752212 0.00661469
4 0.675781 0.304204 0.125 0.108407 0.00588989
4 0.66875 0.339602 0.109375 0.0862832 0.0036068
4 0.658594 0.299779 0.0890625 0.090708 0.00270462
4 0.632812 0.324668 0.0375 0.0530973 0.00218201
4 0.702344 0.299226 0.0898438 0.0951327 0.00199509
4 0.642969 0.327434 0.05625 0.0597345 0.00195694
7 0.68125 0.321903 0.135937 0.132743 0.00189686
4 0.731641 0.290376 0.0289063 0.0696903 0.00118828
4 0.644531 0.298119 0.059375 0.0807522 0.00113392
4 0.676172 0.377765 0.145313 0.257743 0.00112438
5 0.68125 0.316372 0.139063 0.136062 0.00109482
4 0.68125 0.321903 0.133594 0.134956 0.975098
4 0.683594 0.330752 0.142188 0.0984513 0.0518494
4 0.645312 0.320243 0.0601563 0.0464602 0.0108566
4 0.690234 0.308628 0.114844 0.117257 0.0106125
4 0.635938 0.31969 0.040625 0.0420354 0.00712204
4 0.649609 0.336283 0.0695313 0.0752212 0.00602722
4 0.670313 0.339602 0.1125 0.0884956 0.00333786
4 0.658594 0.300332 0.0890625 0.0918142 0.00273705
4 0.632812 0.324668 0.0375 0.0530973 0.00215721
4 0.702344 0.299226 0.090625 0.0951327 0.00208282
4 0.642969 0.327987 0.05625 0.0597345 0.00194931
7 0.68125 0.321903 0.135156 0.134956 0.00185299
4 0.73125 0.290929 0.0296875 0.0707965 0.00115108
4 0.644531 0.298119 0.0609375 0.0818584 0.00113392
4 0.676172 0.378319 0.145313 0.25885 0.00107288
4 0.68125 0.321903 0.134375 0.137168 0.979004
4 0.680469 0.334071 0.132812 0.0884956 0.0299835
4 0.642188 0.320796 0.0539063 0.0464602 0.00937653
4 0.635547 0.31969 0.040625 0.0420354 0.00656509
4 0.690625 0.308628 0.114844 0.117257 0.00626373
4 0.649219 0.337389 0.06875 0.0774336 0.00372124
4 0.658203 0.300885 0.0882813 0.090708 0.00300407
4 0.632812 0.325221 0.0375 0.0542035 0.0016613
7 0.68125 0.321903 0.135937 0.137168 0.00156116
4 0.702734 0.29646 0.0898438 0.090708 0.00143814
4 0.645312 0.298673 0.0625 0.0807522 0.00118351
4 0.68125 0.321903 0.134375 0.139381 0.979004
4 0.680078 0.33573 0.132031 0.0918142 0.0263519
4 0.638672 0.31969 0.046875 0.0442478 0.00717545
4 0.674219 0.305863 0.123438 0.111726 0.00612259
4 0.658594 0.300885 0.0890625 0.090708 0.00275803
4 0.648438 0.337942 0.0671875 0.0785398 0.00209045
7 0.68125 0.321903 0.135937 0.138274 0.00135612
4 0.632812 0.325221 0.0375 0.0553097 0.0012064
4 0.646094 0.298673 0.0625 0.0818584 0.00107765
4 0.641797 0.330752 0.0539063 0.0663717 0.00107765
4 0.68125 0.321903 0.134375 0.139381 0.977539
4 0.679688 0.337389 0.13125 0.0951327 0.0233307
4 0.636328 0.31969 0.0421875 0.0442478 0.00566483
4 0.674219 0.30531 0.123438 0.110619 0.00502014
4 0.658984 0.301438 0.090625 0.090708 0.00228691
4 0.648047 0.337942 0.0671875 0.0785398 0.00134563
7 0.68125 0.321903 0.135937 0.139381 0.00130463
4 0.660937 0.378872 0.234375 0.27323 0.00116062
4 0.680859 0.321903 0.134375 0.139381 0.975586
4 0.678906 0.337389 0.130469 0.0951327 0.0195618
4 0.635156 0.31969 0.0398437 0.0431416 0.00468063
4 0.674609 0.30531 0.123438 0.108407 0.00432968
4 0.659375 0.301438 0.0914062 0.090708 0.00196457
4 0.660937 0.378872 0.235938 0.277655 0.00131512
7 0.68125 0.321903 0.135937 0.139381 0.00128937
4 0.68125 0.322456 0.134375 0.139381 0.974121
4 0.678125 0.338496 0.128125 0.0951327 0.0170441
4 0.634375 0.31969 0.0390625 0.0420354 0.00407028
4 0.675 0.304204 0.124219 0.106195 0.00370789
4 0.660156 0.301438 0.0929688 0.0896018 0.00162315
4 0.660937 0.379978 0.234375 0.28208 0.00134087
7 0.68125 0.321903 0.135937 0.139381 0.00129414
4 0.671094 0.267146 0.1625 0.24115 0.00106907
14 0.680469 0.322456 0.1375 0.141593 0.00100422
4 0.68125 0.322456 0.134375 0.139381 0.972656
4 0.677344 0.338496 0.126563 0.0962389 0.0161591
4 0.634375 0.31969 0.0382813 0.0420354 0.00382423
4 0.675 0.30365 0.125 0.103982 0.00342941
4 0.785547 1 0.428906 0 0.00332451
4 0.665625 0.318584 0.170313 0.159292 0.00237846
4 0.825586 1 0.348828 0 0.00200272
4 0.660937 0.300885 0.09375 0.0884956 0.00143814
4 0.661328 0.380531 0.233594 0.285398 0.00142097
7 0.68125 0.321903 0.135937 0.139381 0.00130463
4 0.61875 0.325221 0.279687 0.200221 0.00108147
4 0.671094 0.267699 0.1625 0.24115 0.00107765
14 0.680469 0.322456 0.1375 0.141593 0.00101662
4 0.68125 0.322456 0.134375 0.139381 0.97168
4 0.675781 0.338496 0.125 0.0951327 0.0160217
4 0.776563 1 0.446875 0 0.00547028
4 0.798633 1 0.402734 0 0.00400543
4 0.634375 0.31969 0.0382813 0.0420354 0.00376511
4 0.675 0.303097 0.125 0.103982 0.00337601
4 0.661719 0.379978 0.228125 0.284292 0.0014782
4 0.660547 0.300885 0.09375 0.0884956 0.00137234
7 0.68125 0.321903 0.135937 0.139381 0.00127888
4 0.619531 0.325221 0.276563 0.201327 0.00121593
4 0.680762 1 0.638477 0 0.00106907
4 0.671094 0.267699 0.1625 0.24115 0.00106525
4 0.691797 1 0.616406 0 0.00102043
4 0.68125 0.322456 0.134375 0.139381 0.969727
4 0.675 0.338496 0.122656 0.0951327 0.0157776
4 0.773633 1 0.452734 0 0.0051384
4 0.757812 1 0.484375 0 0.0042305
4 0.634375 0.31969 0.0382813 0.0420354 0.00376511
4 0.675 0.303097 0.125 0.10177 0.00331116
4 0.662891 0.378872 0.224219 0.28208 0.00150108
4 0.660156 0.300885 0.09375 0.0873894 0.00132465
4 0.621484 0.324115 0.271094 0.198009 0.00127888
7 0.68125 0.322456 0.135937 0.139381 0.00127411
4 0.669629 1 0.660742 0 0.00125504
4 0.62334 1 0.75332 0 0.00109863
4 0.671094 0.267699 0.1625 0.24115 0.00103188
4 0.68125 0.322456 0.134375 0.139381 0.970215
4 0.674219 0.339049 0.121094 0.0951327 0.0156708
4 0.742578 1 0.514844 0 0.006073
4 0.753125 1 0.49375 0 0.00551224
4 0.634375 0.31969 0.0375 0.039823 0.0037365
4 0.675 0.302544 0.125 0.100664 0.00321007
4 0.667871 1 0.664258 0 0.00166798
4 0.664844 0.377212 0.217188 0.278761 0.00156689
4 0.619531 1 0.760938 0 0.00152493
7 0.68125 0.322456 0.135937 0.139381 0.00134563
4 0.532031 1 0.904688 0 0.00127411
4 0.660156 0.300885 0.0929688 0.0862832 0.00123978
4 0.621484 0.324115 0.271094 0.199115 0.00123501
4 0.68125 0.322456 0.134375 0.139381 0.969727
4 0.673438 0.339049 0.120313 0.0951327 0.0157776
4 0.741406 1 0.517188 0 0.00564194
4 0.751563 1 0.496875 0 0.00518036
4 0.634375 0.31969 0.0382813 0.0409292 0.00387001
4 0.674609 0.303097 0.124219 0.10177 0.00322342
4 0.664844 0.376659 0.214062 0.275442 0.00162888
4 0.665625 1 0.66875 0 0.00162888
4 0.615723 1 0.768555 0 0.00156116
4 0.53125 1 0.90625 0 0.00139904
7 0.68125 0.322456 0.135937 0.139381 0.00130463
4 0.623438 0.321903 0.265625 0.196903 0.00130463
4 0.659766 0.300885 0.0921875 0.0862832 0.00124931
4 0.68125 0.321903 0.134375 0.139381 0.977539
4 0.679688 0.337389 0.13125 0.0951327 0.0229797
4 0.636328 0.31969 0.0421875 0.0442478 0.00557709
4 0.674219 0.30531 0.123438 0.109513 0.00498199
4 0.658984 0.300885 0.090625 0.090708 0.00226974
4 0.648047 0.337942 0.0671875 0.0785398 0.00131989
7 0.68125 0.321903 0.135937 0.139381 0.00130463
4 0.660937 0.378319 0.234375 0.272124 0.00116062
