0 0.633691 0.535764 0.560742 0.904861 0.929688
55 0.767969 0.822917 0.275 0.334722 0.829102
40 0.279687 0.498611 0.522656 0.984722 0.368408
55 0.753906 0.763889 0.201563 0.211111 0.0488586
25 0.282422 0.498611 0.535937 0.9875 0.0375977
61 0.284375 0.498958 0.539062 0.989583 0.0271759
0 0.284375 0.498958 0.539062 0.989583 0.0197906
60 0.350195 0.495833 0.696484 0.984722 0.0171814
40 0.199805 0.497222 0.365234 0.984722 0.0163422
40 0.199414 0.339583 0.366797 0.669444 0.0123825
75 0.199805 0.315278 0.364453 0.619444 0.00971222
61 0.19917 0.315278 0.362598 0.619444 0.00888062
61 0.203906 0.495833 0.379688 0.986111 0.00837708
56 0.283789 0.499653 0.537109 0.992361 0.008255
65 0.394141 0.731944 0.0679687 0.115278 0.00784302
41 0.199805 0.315278 0.364453 0.619444 0.00746155
79 0.727344 0.432986 0.0476562 0.129167 0.00734711
65 0.394922 0.75 0.0742188 0.148611 0.00734711
44 0.394629 0.776389 0.0763672 0.205556 0.00671768
54 0.394531 0.779167 0.0757812 0.208333 0.00621796
71 0.19917 0.315278 0.362598 0.619444 0.00575256
45 0.19917 0.315278 0.362598 0.619444 0.00538635
0 0.848437 0.564583 0.125 0.551389 0.00510025
25 0.412891 0.497917 0.789844 0.988889 0.00502014
0 0.824219 0.557639 0.175 0.577778 0.00457382
65 0.394531 0.779167 0.0757812 0.208333 0.00400543
60 0.715625 0.91875 0.567187 0.145833 0.00382423
44 0.395313 0.520139 0.08125 0.758333 0.00379562
42 0.727344 0.433333 0.0484375 0.127778 0.00348282
60 0.474219 0.708333 0.942187 0.5625 0.00344276
74 0.392871 0.724306 0.0658203 0.1 0.00331116
54 0.392188 0.722917 0.0679687 0.0958333 0.00323486
60 0.631348 0.797222 0.560742 0.384722 0.00299263
10 0.767969 0.822917 0.275 0.334722 0.00264168
55 0.76875 0.917361 0.271875 0.155556 0.00261116
28 0.769141 0.822917 0.272656 0.336111 0.00257111
6 0.76875 0.822222 0.275 0.3375 0.00243378
44 0.727344 0.433333 0.0484375 0.127778 0.00240517
42 0.83125 0.334722 0.034375 0.0958333 0.00233269
44 0.730078 0.453125 0.0539063 0.154167 0.00231361
42 0.730078 0.453125 0.0539063 0.154167 0.00226021
42 0.835938 0.379167 0.053125 0.188889 0.00225258
60 0.307813 0.641667 0.60625 0.694444 0.00216484
42 0.739453 0.526736 0.0710938 0.300694 0.00214005
60 0.769141 0.822917 0.272656 0.336111 0.00195694
67 0.726953 0.435417 0.0484375 0.127778 0.00191879
67 0.394141 0.731944 0.0679687 0.115278 0.00191212
43 0.727344 0.434722 0.0460938 0.125 0.00182438
42 0.394629 0.769444 0.0763672 0.193056 0.00182438
42 0.738672 0.459028 0.0703125 0.181944 0.00181007
42 0.751953 0.529861 0.0460938 0.345833 0.0018034
41 0.203906 0.495833 0.379688 0.986111 0.00178909
0 0.724219 0.468403 0.370313 0.729861 0.00172043
56 0.412891 0.497917 0.789844 0.988889 0.00164223
41 0.779688 0.626389 0.05625 0.0916667 0.00163555
60 0.722656 0.863889 0.5375 0.255556 0.00161648
39 0.203906 0.495833 0.379688 0.986111 0.00160408
42 0.827344 0.325 0.03125 0.0777778 0.00157928
42 0.728906 0.500694 0.05 0.254167 0.00157356
75 0.203906 0.495833 0.379688 0.986111 0.00152493
27 0.6625 0.638194 0.159375 0.179167 0.00144386
67 0.396875 0.765278 0.0757812 0.183333 0.00143242
76 0.735938 0.432639 0.0671875 0.127778 0.00143242
56 0.19917 0.315278 0.362598 0.619444 0.00142097
76 0.726953 0.435417 0.0484375 0.127778 0.00140476
42 0.839063 0.344444 0.046875 0.119444 0.00137234
64 0.19917 0.315278 0.362598 0.619444 0.00136662
79 0.83125 0.334722 0.034375 0.0958333 0.00136185
27 0.660156 0.759896 0.157813 0.441319 0.00135136
42 0.679688 0.540278 0.217188 0.359722 0.00134087
60 0.293018 0.951389 0.295996 0.0916667 0.00131512
79 0.829688 0.326389 0.028125 0.0777778 0.00130463
71 0.199805 0.497222 0.365234 0.984722 0.00126457
79 0.730078 0.453125 0.0539063 0.154167 0.00125504
60 0.149316 0.498958 0.295508 0.970139 0.00124454
56 0.206836 0.497222 0.380078 0.980556 0.00123024
67 0.829688 0.326389 0.028125 0.0777778 0.00119209
44 0.740625 0.535069 0.065625 0.342361 0.00117874
54 0.378906 0.720833 0.0414063 0.0805556 0.00115108
27 0.703516 0.745833 0.244531 0.473611 0.00105667
46 0.394141 0.779167 0.075 0.211111 0.00101662
43 0.740625 0.535069 0.065625 0.342361 0.00101185
74 0.396875 0.765278 0.0757812 0.183333 0.00101185
56 0.460254 0.475694 0.176367 0.794444 0.00101185
44 0.679688 0.540278 0.217188 0.359722 0.00101185
37 0.282422 0.496528 0.535156 0.983333 0.00100803
0 0.634277 0.536111 0.55957 0.905556 0.936035
55 0.768359 0.822917 0.274219 0.336111 0.86084
40 0.228906 0.498611 0.419531 0.9875 0.472656
55 0.753516 0.765278 0.202344 0.213889 0.0397949
25 0.281641 0.498958 0.535937 0.990972 0.0354004
61 0.284375 0.499306 0.539062 0.991667 0.0259552
0 0.284375 0.499306 0.539062 0.991667 0.0206909
40 0.200195 0.325781 0.366016 0.642882 0.0191956
60 0.352344 0.496181 0.700781 0.984028 0.0171814
75 0.200195 0.314497 0.363672 0.618229 0.0145569
41 0.199609 0.314931 0.3625 0.620139 0.01297
65 0.394141 0.729861 0.0679687 0.109722 0.011116
61 0.199609 0.314931 0.3625 0.620139 0.0100098
61 0.200342 0.497917 0.36416 0.988889 0.00978088
45 0.199609 0.314931 0.3625 0.620139 0.00963593
79 0.727344 0.432986 0.0484375 0.129167 0.00861359
65 0.396973 0.7625 0.0748047 0.177778 0.00800323
71 0.199609 0.314931 0.3625 0.620139 0.00677109
44 0.394531 0.775 0.0757812 0.202778 0.00671768
54 0.394141 0.779167 0.0757812 0.208333 0.00588989
56 0.283594 0.499306 0.5375 0.995833 0.00568771
0 0.848437 0.564236 0.125 0.553472 0.00544739
0 0.826758 0.557639 0.171484 0.576389 0.00434875
60 0.475 0.707639 0.94375 0.563889 0.00424957
74 0.392969 0.724306 0.065625 0.1 0.00403976
60 0.7125 0.922222 0.573438 0.138889 0.00391388
54 0.392188 0.722917 0.0679687 0.0958333 0.0036068
42 0.727734 0.433681 0.0484375 0.127778 0.00316048
10 0.768359 0.822917 0.274219 0.336111 0.00316048
65 0.394531 0.813889 0.0765625 0.280556 0.00314713
44 0.394922 0.51875 0.0804688 0.756944 0.00305176
55 0.768359 0.913194 0.272656 0.163889 0.00300407
28 0.76875 0.822917 0.273438 0.3375 0.00296974
67 0.394141 0.729861 0.0679687 0.109722 0.00291252
6 0.767969 0.822222 0.275 0.336111 0.00274658
41 0.200342 0.497917 0.36416 0.988889 0.00271416
60 0.63125 0.797222 0.560938 0.386111 0.00269318
60 0.307813 0.647222 0.60625 0.683333 0.00268364
41 0.779688 0.626389 0.05625 0.0916667 0.00258064
44 0.727734 0.433681 0.0484375 0.127778 0.00251198
0 0.722656 0.470139 0.371875 0.7375 0.00243378
44 0.730078 0.454167 0.0539063 0.156944 0.00236893
75 0.205664 0.495833 0.380859 0.988889 0.00230598
42 0.394629 0.768056 0.0763672 0.191667 0.00224304
67 0.726953 0.435417 0.0484375 0.128472 0.00222588
42 0.730078 0.454167 0.0539063 0.156944 0.00210762
60 0.768359 0.822917 0.274219 0.336111 0.00201035
42 0.83125 0.334028 0.034375 0.0944444 0.00198746
67 0.396973 0.7625 0.0748047 0.177778 0.00191212
42 0.739062 0.524653 0.06875 0.297917 0.00187492
39 0.205664 0.495833 0.380859 0.988889 0.00183868
43 0.727344 0.434722 0.046875 0.126389 0.00179577
42 0.835938 0.378819 0.053125 0.188889 0.00178242
71 0.200342 0.497917 0.36416 0.988889 0.00178242
60 0.725 0.863889 0.539062 0.255556 0.00176144
64 0.199609 0.314931 0.3625 0.620139 0.00173378
25 0.46875 0.492708 0.920313 0.892361 0.00158501
42 0.739062 0.460069 0.0703125 0.184722 0.00156689
42 0.728906 0.499306 0.05 0.251389 0.00148964
76 0.736328 0.432639 0.0679687 0.128472 0.00148392
76 0.726953 0.435417 0.0484375 0.128472 0.00141621
79 0.83125 0.334028 0.034375 0.0944444 0.00140476
79 0.730078 0.454167 0.0539063 0.156944 0.00139904
42 0.751563 0.528472 0.046875 0.344444 0.00137234
79 0.829688 0.325694 0.028125 0.0763889 0.00135612
27 0.6625 0.641493 0.160938 0.183681 0.00133514
60 0.296289 0.948611 0.304297 0.0944444 0.00132465
27 0.660156 0.754167 0.159375 0.429167 0.00131989
42 0.827344 0.325 0.03125 0.0763889 0.00129986
56 0.208008 0.497569 0.380859 0.98125 0.00126934
67 0.829688 0.325694 0.028125 0.0763889 0.00125504
56 0.199609 0.314931 0.3625 0.620139 0.0012064
44 0.200195 0.325781 0.366016 0.642882 0.00120163
54 0.377734 0.722222 0.0398437 0.0777778 0.00119686
39 0.200195 0.325781 0.366016 0.642882 0.00119209
60 0.14668 0.498958 0.290234 0.970139 0.00118828
44 0.739062 0.524653 0.06875 0.297917 0.00115108
37 0.282227 0.496528 0.533984 0.984722 0.00115108
42 0.392969 0.724306 0.065625 0.1 0.0011034
77 0.76875 0.822917 0.273438 0.3375 0.00109482
74 0.396973 0.7625 0.0748047 0.177778 0.00108624
44 0.733203 0.436458 0.06875 0.13125 0.00106907
42 0.839063 0.340278 0.046875 0.111111 0.00106049
56 0.459277 0.475 0.176758 0.791667 0.00106049
51 0.377734 0.722222 0.0398437 0.0777778 0.00105667
27 0.39375 0.788889 0.075 0.230556 0.00104809
46 0.394141 0.778472 0.075 0.209722 0.00100422
0 0.634375 0.536111 0.559375 0.906944 0.934082
55 0.768359 0.823611 0.274219 0.336111 0.868164
40 0.231641 0.498611 0.425781 0.9875 0.434082
55 0.753125 0.764583 0.201563 0.213889 0.0414734
25 0.28125 0.498611 0.536719 0.991667 0.0323486
61 0.284375 0.498958 0.541406 0.990972 0.0247955
75 0.200391 0.314583 0.364063 0.619444 0.0199432
40 0.2 0.313802 0.365625 0.618229 0.0175781
41 0.199951 0.314931 0.362598 0.620139 0.0161591
65 0.394141 0.729167 0.0679687 0.108333 0.0141754
0 0.284375 0.498958 0.541406 0.990972 0.0141754
60 0.356445 0.497569 0.708984 0.982639 0.0137939
45 0.199951 0.314931 0.362598 0.620139 0.0113297
61 0.199951 0.314931 0.362598 0.620139 0.0112457
61 0.204492 0.496528 0.373047 0.990278 0.0106506
79 0.727344 0.432986 0.0476562 0.129167 0.0104523
65 0.396973 0.759722 0.0748047 0.175 0.00901794
71 0.199951 0.314931 0.362598 0.620139 0.00658798
44 0.394531 0.775 0.0757812 0.202778 0.00557709
0 0.847656 0.563889 0.126563 0.554167 0.00492477
56 0.283594 0.499306 0.538281 0.990278 0.00460815
74 0.392969 0.723611 0.065625 0.1 0.00448608
54 0.394141 0.777778 0.0757812 0.208333 0.00448608
60 0.477344 0.710938 0.948438 0.555903 0.00443268
67 0.394141 0.729167 0.0679687 0.108333 0.00390053
60 0.708984 0.923611 0.580469 0.1375 0.00379562
55 0.768359 0.913194 0.272656 0.163889 0.00367928
41 0.200391 0.495833 0.364844 0.984722 0.00359344
41 0.779688 0.626389 0.05625 0.0916667 0.00358009
60 0.350195 0.649826 0.691016 0.678125 0.00348282
65 0.394531 0.815278 0.0765625 0.283333 0.00316048
54 0.392188 0.722222 0.0679687 0.0944444 0.00301552
0 0.816406 0.567361 0.192188 0.573611 0.0029583
0 0.722266 0.472222 0.374219 0.740278 0.0028553
42 0.727734 0.433681 0.0484375 0.127778 0.00283432
44 0.727734 0.433681 0.0484375 0.127778 0.00277901
10 0.768359 0.823611 0.274219 0.336111 0.00265312
60 0.631934 0.802778 0.561133 0.376389 0.00264168
75 0.207031 0.495833 0.383594 0.988889 0.00263214
67 0.726953 0.435417 0.0484375 0.127778 0.00256157
6 0.76875 0.822222 0.275 0.338889 0.00254059
44 0.730078 0.45625 0.053125 0.161111 0.00250244
44 0.394531 0.51875 0.0796875 0.752778 0.00247192
28 0.76875 0.823611 0.273438 0.338889 0.00237846
60 0.768359 0.823611 0.274219 0.336111 0.00229645
71 0.200391 0.495833 0.364844 0.984722 0.00226974
67 0.396973 0.759722 0.0748047 0.175 0.00225258
42 0.394629 0.768056 0.0763672 0.188889 0.00197983
60 0.725 0.861111 0.542188 0.261111 0.0019722
42 0.730078 0.45625 0.053125 0.161111 0.00196457
27 0.659766 0.752083 0.158594 0.426389 0.00187492
27 0.662109 0.640278 0.160156 0.180556 0.00186062
43 0.727734 0.434722 0.0460938 0.126389 0.00183105
64 0.199951 0.314931 0.362598 0.620139 0.00176144
39 0.207031 0.495833 0.383594 0.988889 0.00175476
42 0.738281 0.523611 0.0671875 0.295833 0.00171375
79 0.730078 0.45625 0.053125 0.161111 0.00157928
79 0.829688 0.325694 0.028125 0.0763889 0.00156689
79 0.832031 0.334028 0.0359375 0.0944444 0.00156689
39 0.2 0.313802 0.365625 0.618229 0.00153065
76 0.727344 0.434028 0.0484375 0.129167 0.0015192
42 0.832031 0.334028 0.0359375 0.0944444 0.00146103
42 0.835938 0.379167 0.053125 0.188889 0.00134087
42 0.728906 0.497222 0.0484375 0.247222 0.00132465
25 0.467969 0.490278 0.920313 0.9 0.00132465
67 0.829688 0.325694 0.028125 0.0763889 0.00130939
60 0.633984 0.518403 0.563281 0.940972 0.00126934
44 0.2 0.313802 0.365625 0.618229 0.00126457
42 0.739062 0.468403 0.0703125 0.202083 0.00124454
56 0.206055 0.498611 0.374609 0.984722 0.00123978
60 0.298242 0.95 0.309766 0.0944444 0.0012064
44 0.738281 0.523611 0.0671875 0.295833 0.00118351
40 0.392578 0.723611 0.0671875 0.0986111 0.00116539
77 0.76875 0.823611 0.273438 0.338889 0.00115108
27 0.692969 0.746528 0.223438 0.470833 0.00113392
74 0.396973 0.759722 0.0748047 0.175 0.00112057
51 0.377344 0.722917 0.0390625 0.075 0.0011158
79 0.839063 0.329167 0.046875 0.0847222 0.00110722
42 0.751953 0.527431 0.0460938 0.342361 0.00109863
42 0.392969 0.723611 0.065625 0.1 0.00108147
54 0.377344 0.722917 0.0390625 0.075 0.00105286
47 0.200391 0.314583 0.364063 0.619444 0.00104809
37 0.281641 0.496528 0.535156 0.984722 0.00104809
32 0.199951 0.314931 0.362598 0.620139 0.00100803
0 0.634766 0.536111 0.560156 0.908333 0.936035
55 0.768359 0.823611 0.274219 0.336111 0.870605
40 0.264258 0.499306 0.491797 0.9875 0.455078
55 0.752734 0.763889 0.199219 0.213889 0.0428772
25 0.281445 0.499306 0.537109 0.993056 0.0340881
40 0.200439 0.468403 0.364746 0.929861 0.0318604
75 0.2 0.31467 0.3625 0.62066 0.0225372
40 0.199951 0.313194 0.364941 0.618056 0.0216217
65 0.394531 0.727778 0.0671875 0.105556 0.0178528
61 0.284961 0.499306 0.541797 0.991667 0.0175171
41 0.2 0.31467 0.3625 0.62066 0.0160217
0 0.284961 0.499306 0.541797 0.991667 0.0139542
79 0.727344 0.432639 0.0476562 0.129167 0.0120544
65 0.396875 0.759722 0.0742188 0.175 0.0103302
45 0.2 0.31467 0.3625 0.62066 0.0102463
61 0.2 0.31467 0.3625 0.62066 0.00981903
60 0.359375 0.499306 0.714844 0.980556 0.00967407
61 0.200439 0.468403 0.364746 0.929861 0.00728989
25 0.4375 0.498611 0.840625 0.993056 0.00547028
71 0.2 0.31467 0.3625 0.62066 0.00527954
44 0.394531 0.775 0.0757812 0.2 0.00511932
67 0.392969 0.723611 0.065625 0.0986111 0.0049057
74 0.392969 0.723611 0.065625 0.0986111 0.00479126
41 0.200439 0.468403 0.364746 0.929861 0.00469971
41 0.779688 0.626563 0.05625 0.0913194 0.00457382
55 0.768359 0.913889 0.272656 0.163889 0.00453949
60 0.478906 0.724306 0.951563 0.531944 0.00453949
27 0.661328 0.636111 0.158594 0.170833 0.00426483
60 0.705469 0.923611 0.5875 0.136111 0.00399017
27 0.659375 0.747917 0.157813 0.419444 0.00383949
0 0.846094 0.563889 0.129688 0.552778 0.00378036
54 0.394141 0.777083 0.0757812 0.206944 0.00359344
56 0.283594 0.499306 0.539844 0.995833 0.00355148
65 0.394531 0.8125 0.0765625 0.277778 0.00340271
0 0.7125 0.506597 0.39375 0.853472 0.00327301
44 0.727734 0.433681 0.0484375 0.127778 0.00325966
67 0.726953 0.435417 0.0476562 0.127778 0.00309944
42 0.727734 0.433681 0.0484375 0.127778 0.00290108
44 0.730078 0.45625 0.053125 0.1625 0.00279045
71 0.200439 0.468403 0.364746 0.929861 0.00268364
0 0.81875 0.566667 0.1875 0.575 0.0026207
75 0.200439 0.468403 0.364746 0.929861 0.00259018
67 0.396875 0.759722 0.0742188 0.175 0.00248146
54 0.39209 0.722222 0.0673828 0.0944444 0.002388
60 0.632129 0.805556 0.562305 0.372222 0.00234222
60 0.768359 0.823611 0.274219 0.336111 0.00230598
60 0.720313 0.861111 0.554688 0.263889 0.00226021
42 0.730078 0.45625 0.053125 0.1625 0.00203514
44 0.394141 0.518056 0.078125 0.748611 0.00203514
39 0.199951 0.313194 0.364941 0.618056 0.00201988
6 0.76875 0.822222 0.275 0.338889 0.00198746
43 0.727734 0.434722 0.0460938 0.125 0.00194931
60 0.355664 0.652083 0.703516 0.676389 0.00192642
28 0.76875 0.824306 0.275 0.336111 0.00176144
79 0.830469 0.325347 0.0265625 0.075 0.00174809
39 0.207617 0.495833 0.384766 0.988889 0.00171375
79 0.730078 0.45625 0.053125 0.1625 0.00168705
42 0.394629 0.767361 0.0763672 0.188889 0.00168705
42 0.7375 0.51875 0.0640625 0.286111 0.00160408
79 0.832031 0.332639 0.034375 0.0916667 0.00158501
10 0.768359 0.823611 0.274219 0.336111 0.00156116
76 0.727344 0.434028 0.0484375 0.129167 0.00152493
60 0.633984 0.520139 0.563281 0.938889 0.00148964
40 0.392578 0.723611 0.0671875 0.0972222 0.00143242
64 0.2 0.31467 0.3625 0.62066 0.00135612
67 0.830469 0.325347 0.0265625 0.075 0.00131512
60 0.300732 0.95 0.31416 0.0916667 0.00123024
79 0.839063 0.328472 0.0453125 0.0840278 0.00122547
44 0.7375 0.51875 0.0640625 0.286111 0.00121117
42 0.832031 0.332639 0.034375 0.0916667 0.00120163
42 0.728906 0.492014 0.046875 0.236806 0.00118828
74 0.396875 0.759722 0.0742188 0.175 0.00117874
42 0.835938 0.379167 0.053125 0.188889 0.0011425
44 0.199951 0.313194 0.364941 0.618056 0.00113773
42 0.739062 0.463542 0.06875 0.192361 0.00112057
44 0.778906 0.626389 0.05625 0.0888889 0.0011158
54 0.767578 0.823611 0.274219 0.344444 0.00109863
56 0.207813 0.499306 0.378125 0.984722 0.00109863
42 0.746875 0.529167 0.0640625 0.311111 0.00106525
42 0.392969 0.723611 0.065625 0.0986111 0.00104427
45 0.768359 0.913889 0.272656 0.163889 0.00103664
0 0.635059 0.536806 0.561133 0.909722 0.943359
55 0.76875 0.822917 0.275 0.338889 0.862305
40 0.274219 0.499306 0.514063 0.9875 0.394287
55 0.753125 0.7625 0.196875 0.209722 0.0450134
25 0.282227 0.499653 0.537891 0.992361 0.0301056
40 0.200732 0.326736 0.365723 0.645139 0.0274811
65 0.394531 0.727778 0.0671875 0.105556 0.0184021
75 0.200049 0.314931 0.363184 0.620139 0.0182648
61 0.286328 0.498611 0.542969 0.991667 0.0134811
41 0.200391 0.309375 0.364844 0.610417 0.0124283
79 0.727344 0.432639 0.046875 0.129167 0.0120544
65 0.396777 0.761111 0.0736328 0.175 0.0101318
27 0.660937 0.634722 0.157813 0.168056 0.0100098
0 0.286328 0.498611 0.542969 0.991667 0.0091629
61 0.200049 0.314931 0.363184 0.620139 0.00912476
45 0.200391 0.309375 0.364844 0.610417 0.00894928
27 0.659375 0.747917 0.15625 0.420833 0.0086441
60 0.363867 0.499653 0.723828 0.979861 0.00629044
71 0.200391 0.308333 0.363281 0.609722 0.00593567
61 0.208154 0.496528 0.381348 0.990278 0.00544739
25 0.460938 0.499306 0.890625 0.993056 0.0053215
55 0.769531 0.918056 0.273438 0.155556 0.00502014
60 0.699219 0.925694 0.6 0.134722 0.00484848
67 0.393066 0.723611 0.0654297 0.0972222 0.00475693
41 0.779688 0.626389 0.0578125 0.0902778 0.00439835
74 0.393066 0.723611 0.0654297 0.0972222 0.00419998
0 0.713672 0.507639 0.392969 0.855556 0.00392914
60 0.480078 0.736806 0.952344 0.506944 0.0036068
44 0.394629 0.773611 0.0763672 0.197222 0.00359344
67 0.726953 0.435417 0.0476562 0.127778 0.00332451
60 0.7125 0.865972 0.573438 0.254167 0.00332451
44 0.727734 0.433681 0.0484375 0.127778 0.00323486
0 0.845313 0.563889 0.13125 0.554167 0.00302696
56 0.284766 0.5 0.539844 0.990278 0.00292397
65 0.394531 0.815972 0.0773438 0.284722 0.00288963
60 0.76875 0.823611 0.273438 0.336111 0.00252151
44 0.729688 0.458333 0.0523438 0.166667 0.00247192
42 0.727734 0.433681 0.0484375 0.127778 0.00246239
67 0.396777 0.761111 0.0736328 0.175 0.00220871
75 0.208398 0.496181 0.387891 0.988194 0.00218201
41 0.208398 0.496181 0.387891 0.988194 0.00213242
54 0.394141 0.776389 0.0757812 0.202778 0.00195694
60 0.632422 0.805556 0.563281 0.372222 0.00188923
39 0.199805 0.313194 0.366016 0.616667 0.00186729
43 0.727344 0.434722 0.0453125 0.125 0.00167465
42 0.729688 0.458333 0.0523438 0.166667 0.00166798
79 0.729688 0.458333 0.0523438 0.166667 0.00165462
60 0.379297 0.670139 0.750781 0.640278 0.00159168
6 0.76875 0.822917 0.275 0.338889 0.00157356
40 0.392578 0.723611 0.0671875 0.0972222 0.00148964
44 0.394531 0.515972 0.078125 0.75 0.00148392
54 0.392578 0.722222 0.0679687 0.0944444 0.0014267
61 0.2875 0.343403 0.539062 0.677083 0.00139904
60 0.634375 0.519792 0.565625 0.939583 0.00139904
39 0.208398 0.496181 0.387891 0.988194 0.00135136
42 0.394922 0.765972 0.0765625 0.184722 0.00130939
76 0.727734 0.433681 0.0484375 0.127778 0.0012846
79 0.830469 0.325 0.0265625 0.0736111 0.00127888
54 0.767969 0.823611 0.275 0.344444 0.00126934
28 0.76875 0.824306 0.275 0.336111 0.00125504
10 0.76875 0.823611 0.273438 0.336111 0.00121593
42 0.735938 0.515625 0.0609375 0.279861 0.00121117
79 0.832812 0.333333 0.034375 0.0944444 0.00119209
60 0.303711 0.950694 0.319922 0.0916667 0.00118351
45 0.76875 0.913889 0.271875 0.163889 0.00116062
41 0.767188 0.906944 0.276563 0.177778 0.00111198
74 0.396777 0.761111 0.0736328 0.175 0.00109005
60 0.825 0.940972 0.348438 0.104167 0.00104046
40 0.395313 0.743056 0.0726563 0.133333 0.00102425
44 0.735938 0.515625 0.0609375 0.279861 0.00100422
0 0.634277 0.536806 0.561133 0.909722 0.947266
55 0.769141 0.823611 0.274219 0.338889 0.856934
40 0.276367 0.499306 0.523047 0.984722 0.235107
55 0.752344 0.761111 0.19375 0.205556 0.0492249
27 0.660937 0.635417 0.15625 0.165278 0.0420837
27 0.658203 0.754167 0.152344 0.459722 0.032959
65 0.394531 0.728472 0.0679687 0.106944 0.0164642
75 0.199951 0.315191 0.362598 0.619618 0.0161591
40 0.199951 0.312847 0.364941 0.615972 0.0153656
41 0.2 0.309115 0.364844 0.609549 0.0147858
25 0.281836 0.499306 0.538672 0.990278 0.013588
79 0.727344 0.432639 0.046875 0.127778 0.0132217
61 0.285938 0.497917 0.54375 0.9875 0.0130234
61 0.200439 0.311458 0.366309 0.613194 0.0125732
45 0.2 0.309115 0.364844 0.609549 0.0124817
65 0.395215 0.748611 0.0736328 0.144444 0.0106125
71 0.199951 0.312847 0.364941 0.615972 0.0104523
0 0.711328 0.5 0.403906 0.847222 0.00881195
0 0.281836 0.499306 0.538672 0.990278 0.00837708
55 0.769922 0.91875 0.272656 0.155556 0.0069046
65 0.394629 0.775 0.0763672 0.2 0.0064621
60 0.696875 0.925694 0.604688 0.133333 0.0051384
60 0.70625 0.869444 0.585938 0.247222 0.00469971
44 0.727344 0.433333 0.0484375 0.127778 0.00446701
41 0.779688 0.626389 0.0578125 0.0888889 0.00411606
67 0.392969 0.723611 0.065625 0.0972222 0.00407028
56 0.283789 0.5 0.540234 0.988889 0.00385475
74 0.392969 0.723611 0.065625 0.0972222 0.00359344
44 0.395313 0.772917 0.0765625 0.194444 0.00333786
67 0.726562 0.435417 0.046875 0.127778 0.00324821
44 0.729297 0.458333 0.0515625 0.168056 0.00311089
25 0.46875 0.500694 0.909375 0.993056 0.00298119
65 0.394922 0.815278 0.0773438 0.283333 0.00287819
0 0.84375 0.563194 0.132812 0.554167 0.0028553
60 0.482031 0.745139 0.95625 0.488889 0.00276756
27 0.720703 0.759028 0.277344 0.452778 0.00274658
60 0.76875 0.823611 0.273438 0.336111 0.00263214
42 0.727344 0.433333 0.0484375 0.127778 0.0026207
60 0.365234 0.500347 0.726562 0.977083 0.00226974
61 0.287109 0.330556 0.538281 0.65 0.00214958
79 0.729297 0.458333 0.0515625 0.168056 0.00192642
67 0.397266 0.764583 0.075 0.181944 0.00183105
42 0.729297 0.458333 0.0515625 0.168056 0.00178909
43 0.727344 0.433333 0.0484375 0.127778 0.00170708
54 0.394629 0.775 0.0763672 0.2 0.00168705
41 0.767188 0.908333 0.276563 0.176389 0.0016489
54 0.767969 0.823611 0.273438 0.344444 0.00162888
41 0.206299 0.496528 0.38584 0.986111 0.00150681
60 0.632715 0.806944 0.564258 0.369444 0.00150108
45 0.76875 0.915278 0.271875 0.161111 0.00148964
60 0.633984 0.520486 0.564844 0.936806 0.00146675
76 0.727344 0.433333 0.0484375 0.127778 0.00141048
39 0.199219 0.313194 0.366406 0.615278 0.00135612
40 0.392578 0.722222 0.0671875 0.0972222 0.00134087
44 0.394922 0.514583 0.0773438 0.748611 0.00127888
6 0.768359 0.823611 0.274219 0.336111 0.00124931
27 0.666016 0.652083 0.166406 0.119444 0.00123024
44 0.735156 0.509722 0.0578125 0.269444 0.00118828
42 0.735156 0.509722 0.0578125 0.269444 0.0011692
41 0.767969 0.823611 0.273438 0.344444 0.0011692
0 0.46875 0.500694 0.909375 0.993056 0.00115108
60 0.310742 0.951389 0.331641 0.0888889 0.00109482
75 0.206299 0.496528 0.38584 0.986111 0.00109482
39 0.650781 0.829861 0.0554687 0.268056 0.00105667
42 0.395703 0.765278 0.0773438 0.183333 0.00105667
26 0.767969 0.823611 0.273438 0.344444 0.00105667
55 0.725781 0.803472 0.292188 0.308333 0.00104046
74 0.397266 0.764583 0.075 0.181944 0.00103188
60 0.851758 0.940278 0.296484 0.105556 0.00103188
71 0.206299 0.496528 0.38584 0.986111 0.00102806
44 0.778906 0.626563 0.05625 0.0885417 0.00101662
0 0.633594 0.537153 0.560938 0.909028 0.947266
55 0.769531 0.822917 0.273438 0.3375 0.849121
40 0.267969 0.499306 0.510938 0.981944 0.104492
27 0.660937 0.636285 0.15625 0.166319 0.100891
27 0.658594 0.752604 0.151562 0.458681 0.0875854
55 0.752344 0.761111 0.192188 0.204167 0.0446777
61 0.199414 0.311719 0.364453 0.611285 0.0233307
75 0.199609 0.314583 0.3625 0.618056 0.0200195
71 0.199561 0.312587 0.36416 0.613715 0.0159607
65 0.394531 0.729167 0.0679687 0.108333 0.0156708
41 0.199951 0.309028 0.36416 0.608333 0.0146713
45 0.199219 0.312847 0.366406 0.613194 0.0136871
79 0.726953 0.432639 0.046875 0.127778 0.0133286
61 0.272656 0.498611 0.520312 0.988889 0.0131683
65 0.395703 0.752778 0.0742188 0.152778 0.00926971
27 0.657422 0.697917 0.149219 0.295833 0.00908661
0 0.280664 0.500347 0.539453 0.988194 0.00847626
27 0.691797 0.758333 0.219531 0.451389 0.00731659
55 0.770312 0.91875 0.271875 0.154167 0.00712204
40 0.199561 0.312587 0.36416 0.613715 0.00658798
60 0.704688 0.870139 0.590625 0.245833 0.0064888
44 0.727344 0.433681 0.0484375 0.127778 0.00609589
60 0.699219 0.925694 0.6 0.133333 0.00577545
0 0.7125 0.499306 0.401563 0.841667 0.00553513
56 0.281445 0.5 0.540234 0.986111 0.00438309
44 0.726172 0.455208 0.0445313 0.164583 0.00415039
25 0.280664 0.500347 0.539453 0.988194 0.00415039
61 0.286328 0.326736 0.536719 0.640972 0.00356483
67 0.392871 0.723611 0.0658203 0.0972222 0.00335121
67 0.726562 0.435069 0.046875 0.127083 0.00314713
44 0.395313 0.772222 0.0773438 0.191667 0.00307465
74 0.392871 0.723611 0.0658203 0.0972222 0.00301552
41 0.779688 0.626389 0.0578125 0.0888889 0.00300407
42 0.727344 0.433681 0.0484375 0.127778 0.00293541
60 0.768359 0.823611 0.274219 0.334722 0.00286674
65 0.39541 0.813194 0.0779297 0.279167 0.00271416
0 0.841406 0.563194 0.135937 0.551389 0.00257111
27 0.667188 0.654167 0.160938 0.122222 0.00252151
65 0.399121 0.770833 0.0736328 0.205556 0.00220871
43 0.727344 0.433681 0.0484375 0.127778 0.0020752
79 0.728906 0.457639 0.0515625 0.166667 0.00203514
60 0.480469 0.75434 0.954688 0.471875 0.00202751
54 0.767969 0.824306 0.273438 0.343056 0.00199509
42 0.728906 0.457639 0.0515625 0.166667 0.00197983
41 0.767188 0.909028 0.276563 0.175 0.00186729
71 0.202734 0.497917 0.378125 0.983333 0.00167465
67 0.397559 0.766667 0.0751953 0.1875 0.00161648
54 0.394922 0.773611 0.0765625 0.197222 0.00157356
45 0.76875 0.915278 0.271875 0.159722 0.00150108
57 0.473438 0.502083 0.91875 0.991667 0.00150108
44 0.734375 0.503472 0.0570313 0.255556 0.00146675
76 0.727344 0.433681 0.0484375 0.127778 0.00139904
60 0.633203 0.521528 0.564844 0.934722 0.00137234
54 0.661719 0.636111 0.157813 0.151389 0.00135612
41 0.767969 0.824306 0.273438 0.343056 0.00135612
0 0.473438 0.502083 0.91875 0.991667 0.00134563
60 0.278125 0.5 0.535156 0.979167 0.00129414
60 0.632422 0.806944 0.564844 0.369444 0.00126457
42 0.734375 0.503472 0.0570313 0.255556 0.00123501
57 0.282422 0.499653 0.539844 0.984028 0.00123024
40 0.392578 0.722917 0.0671875 0.0958333 0.00122547
44 0.394922 0.513194 0.0773438 0.748611 0.00121117
41 0.202734 0.497917 0.378125 0.983333 0.0012064
43 0.726172 0.455208 0.0445313 0.164583 0.00115108
39 0.199951 0.309028 0.36416 0.608333 0.00115108
25 0.459375 0.497222 0.890625 0.986111 0.0011425
6 0.76875 0.823611 0.273438 0.336111 0.00107288
42 0.676953 0.538889 0.203906 0.354167 0.00106049
39 0.650781 0.830556 0.0554687 0.270833 0.00105667
45 0.449121 0.0604167 0.193945 0.113889 0.00105667
44 0.778906 0.625694 0.05625 0.0875 0.00105286
26 0.767969 0.824306 0.273438 0.343056 0.00104809
60 0.320703 0.952778 0.352344 0.0861111 0.00103188
55 0.725 0.802083 0.295312 0.352778 0.00102425
60 0.871875 0.939583 0.254688 0.105556 0.00101662
0 0.637891 0.536806 0.571094 0.909722 0.945801
55 0.76875 0.823611 0.273438 0.336111 0.856934
27 0.658594 0.754861 0.151562 0.454167 0.245117
27 0.660547 0.648611 0.153906 0.188889 0.20813
55 0.753125 0.761111 0.192188 0.202778 0.0379028
27 0.657031 0.690278 0.148438 0.275 0.0288696
40 0.273828 0.5 0.524219 0.979167 0.0243378
61 0.200391 0.312847 0.364844 0.611806 0.0222015
75 0.200049 0.314583 0.362402 0.615278 0.0165863
61 0.211328 0.502778 0.403906 0.977778 0.0138474
65 0.394531 0.73125 0.0679687 0.1125 0.0133743
41 0.200781 0.310069 0.364063 0.607639 0.0131683
71 0.199951 0.313194 0.363379 0.6125 0.012146
79 0.727344 0.433681 0.0476562 0.127778 0.0113754
45 0.199951 0.313194 0.363379 0.6125 0.0109482
0 0.281836 0.500694 0.541016 0.984722 0.0088501
0 0.716016 0.497222 0.394531 0.834722 0.00857544
65 0.395703 0.756944 0.0742188 0.161111 0.00803375
55 0.770312 0.919444 0.271875 0.152778 0.00731659
60 0.701563 0.866667 0.596875 0.252778 0.00666809
44 0.727344 0.433681 0.0476562 0.127778 0.00626373
27 0.665625 0.646007 0.160938 0.130208 0.00593567
60 0.697656 0.924306 0.603125 0.134722 0.00498199
25 0.281055 0.501389 0.542578 0.986111 0.00399017
61 0.287109 0.324653 0.5375 0.635417 0.00390053
56 0.280664 0.5 0.540234 0.983333 0.00382423
44 0.728906 0.457639 0.0507812 0.166667 0.00366402
27 0.7125 0.748785 0.264062 0.457986 0.00358009
60 0.769141 0.823611 0.274219 0.333333 0.00341606
0 0.841406 0.5625 0.135937 0.551389 0.00290108
67 0.393359 0.723611 0.065625 0.0972222 0.00276756
67 0.726562 0.435417 0.046875 0.126389 0.00274658
41 0.779688 0.625694 0.05625 0.0902778 0.0026722
65 0.395313 0.811111 0.078125 0.272222 0.00255013
40 0.201563 0.481944 0.373437 0.947222 0.00252151
42 0.727344 0.433681 0.0476562 0.127778 0.00247192
74 0.393359 0.723611 0.065625 0.0972222 0.00226974
44 0.395703 0.772917 0.0773438 0.190278 0.00224304
41 0.767188 0.908333 0.276563 0.175 0.00217438
41 0.768359 0.825 0.272656 0.341667 0.00208282
43 0.727344 0.433681 0.0476562 0.127778 0.00201035
25 0.469531 0.499306 0.917188 0.9875 0.0019722
40 0.199951 0.313194 0.363379 0.6125 0.00185299
54 0.768359 0.825 0.272656 0.341667 0.00179577
71 0.201563 0.481944 0.373437 0.947222 0.00178909
79 0.728906 0.457639 0.0507812 0.166667 0.00177479
0 0.476953 0.503472 0.930469 0.990278 0.00177479
42 0.728906 0.457639 0.0507812 0.166667 0.00168133
57 0.476953 0.503472 0.930469 0.990278 0.00152493
60 0.480469 0.753993 0.954688 0.469792 0.00148392
67 0.397656 0.768056 0.075 0.188889 0.00143814
45 0.448828 0.0604167 0.194531 0.113194 0.00135612
57 0.296484 0.500694 0.571094 0.983333 0.00135136
44 0.734375 0.503472 0.05625 0.256944 0.00133514
45 0.76875 0.915278 0.271875 0.158333 0.00133514
54 0.395313 0.773611 0.0773438 0.197222 0.00123978
26 0.768359 0.825 0.272656 0.341667 0.0011692
76 0.727344 0.433681 0.0476562 0.127778 0.00116539
55 0.7125 0.748785 0.264062 0.457986 0.00116062
79 0.622656 0.5125 0.034375 0.0736111 0.00109863
42 0.675781 0.540278 0.198437 0.352778 0.00106525
40 0.392578 0.722917 0.0671875 0.0958333 0.00105667
54 0.660937 0.634722 0.154688 0.158333 0.00104046
42 0.734375 0.503472 0.05625 0.256944 0.00103188
44 0.778906 0.625694 0.05625 0.0875 0.00100803
6 0.76875 0.824306 0.275 0.336111 0.00100803
0 0.637891 0.535417 0.571094 0.909722 0.939453
55 0.76875 0.823611 0.271875 0.336111 0.867188
27 0.658594 0.756944 0.15 0.448611 0.552734
27 0.660156 0.695139 0.153125 0.279167 0.434082
27 0.660156 0.636111 0.153125 0.152778 0.185913
55 0.752734 0.761111 0.189844 0.2 0.036499
61 0.201904 0.313976 0.364941 0.613715 0.0204163
61 0.212891 0.502083 0.407031 0.979167 0.0176392
75 0.200732 0.314931 0.361035 0.614583 0.0139542
65 0.394922 0.734028 0.0679687 0.118056 0.0136337
79 0.727344 0.434028 0.0476562 0.127778 0.0109863
41 0.200732 0.314931 0.361035 0.614583 0.00941467
71 0.200586 0.313194 0.362891 0.611111 0.00844574
65 0.395703 0.758333 0.075 0.163889 0.00831604
45 0.200586 0.313194 0.362891 0.611111 0.00784302
55 0.770703 0.918056 0.272656 0.152778 0.00740433
44 0.727344 0.434028 0.0476562 0.127778 0.00631332
60 0.691797 0.869444 0.616406 0.247222 0.006073
0 0.282031 0.501042 0.539844 0.984028 0.0055542
60 0.66709 0.932986 0.66582 0.134028 0.00511932
61 0.288086 0.323611 0.537891 0.631944 0.00418091
27 0.663672 0.615278 0.159375 0.222222 0.00399017
60 0.769531 0.823611 0.273438 0.333333 0.00390053
27 0.660547 0.658333 0.163281 0.143056 0.00367928
65 0.395215 0.801389 0.0783203 0.255556 0.00367928
44 0.728906 0.457639 0.0515625 0.166667 0.00346947
41 0.778906 0.626389 0.0578125 0.0875 0.00327301
0 0.842188 0.562153 0.13125 0.552083 0.00325966
41 0.768359 0.825 0.271094 0.338889 0.00323486
40 0.225 0.5 0.432813 0.966667 0.00312424
0 0.716016 0.510417 0.388281 0.852778 0.00293541
56 0.280078 0.5 0.539844 0.983333 0.00282288
67 0.393359 0.723611 0.065625 0.0972222 0.00269318
41 0.767188 0.906944 0.276563 0.175 0.00237846
44 0.39541 0.772917 0.0779297 0.190278 0.00219154
27 0.666797 0.552778 0.170313 0.334722 0.00214958
67 0.726562 0.435417 0.046875 0.126389 0.00204277
74 0.393359 0.723611 0.065625 0.0972222 0.00192642
57 0.479688 0.504861 0.9375 0.990278 0.00192642
42 0.727344 0.434028 0.0476562 0.127778 0.00183105
79 0.728906 0.457639 0.0515625 0.166667 0.00183105
25 0.289844 0.502778 0.5625 0.9875 0.00181007
43 0.727344 0.434028 0.0476562 0.127778 0.00158501
0 0.479688 0.504861 0.9375 0.990278 0.00153637
26 0.768359 0.825 0.271094 0.338889 0.00150108
54 0.768359 0.825 0.271094 0.338889 0.00148964
67 0.397656 0.76875 0.075 0.190278 0.00147247
79 0.623047 0.512847 0.0335938 0.0729167 0.00146675
45 0.449121 0.0602431 0.193945 0.1125 0.00145531
25 0.473438 0.500694 0.928125 0.988889 0.00134563
42 0.728906 0.457639 0.0515625 0.166667 0.00133514
57 0.280078 0.5 0.539844 0.983333 0.00133514
79 0.619141 0.516667 0.0429688 0.0819444 0.00127411
55 0.726172 0.770139 0.297656 0.448611 0.00118828
60 0.634375 0.815278 0.56875 0.352778 0.00118351
44 0.734375 0.506597 0.0554687 0.263194 0.00117874
79 0.674219 0.543056 0.190625 0.355556 0.00117397
27 0.394531 0.786111 0.0757812 0.225 0.00117397
45 0.76875 0.913889 0.271875 0.158333 0.00115585
0 0.501465 0.795139 0.283008 0.391667 0.0011425
44 0.778906 0.625694 0.05625 0.0861111 0.00113392
55 0.669531 0.752778 0.175 0.451389 0.00109863
60 0.480469 0.761111 0.954688 0.456944 0.00108624
27 0.650391 0.83125 0.0554687 0.280556 0.00107288
71 0.202734 0.5 0.372656 0.983333 0.00106049
45 0.768359 0.825 0.271094 0.338889 0.00102425
76 0.727344 0.434028 0.0476562 0.127778 0.00102043
54 0.395313 0.774306 0.078125 0.197222 0.00100803
0 0.637402 0.534375 0.568945 0.910417 0.936523
55 0.76875 0.822222 0.271875 0.336111 0.880859
27 0.657813 0.756771 0.15 0.442014 0.665527
27 0.660156 0.711111 0.151562 0.313889 0.511719
27 0.660156 0.636806 0.151562 0.155556 0.147095
55 0.752734 0.761111 0.188281 0.202778 0.0263519
61 0.200586 0.312413 0.360547 0.611285 0.0199432
61 0.249219 0.500694 0.472656 0.981944 0.0163422
65 0.394922 0.734722 0.0679687 0.119444 0.0139542
75 0.201758 0.315278 0.362891 0.615278 0.0123367
65 0.395703 0.775 0.078125 0.197222 0.00952148
79 0.727344 0.434028 0.0476562 0.127778 0.00818634
41 0.201123 0.315625 0.361035 0.615972 0.00787354
60 0.655078 0.93125 0.689844 0.1375 0.0068512
60 0.679004 0.877778 0.641992 0.233333 0.0064621
55 0.770312 0.918056 0.271875 0.152778 0.00602722
71 0.201123 0.313542 0.363379 0.611806 0.00572968
61 0.289844 0.322222 0.539062 0.630556 0.00553513
45 0.201123 0.313542 0.363379 0.611806 0.00519943
44 0.727344 0.434028 0.0476562 0.127778 0.00511932
27 0.663281 0.617882 0.157813 0.225347 0.00510025
60 0.769531 0.822222 0.273438 0.336111 0.00445175
41 0.778906 0.626389 0.0578125 0.0875 0.00340271
0 0.84375 0.561806 0.128125 0.552778 0.0029583
44 0.728906 0.459722 0.0515625 0.170833 0.00283432
67 0.394922 0.734722 0.0679687 0.119444 0.00282288
0 0.283594 0.501042 0.540625 0.985417 0.00275803
41 0.768359 0.824306 0.271094 0.340278 0.00255013
27 0.666797 0.559028 0.16875 0.323611 0.00230598
0 0.717188 0.510417 0.384375 0.851389 0.00206757
44 0.395703 0.772222 0.0773438 0.190278 0.00188255
45 0.449121 0.0604167 0.193945 0.112847 0.00183105
56 0.280664 0.499653 0.539453 0.985417 0.00183105
74 0.39375 0.723611 0.0648438 0.0972222 0.00171375
41 0.767188 0.904167 0.276563 0.180556 0.00167465
60 0.635156 0.818056 0.56875 0.35 0.00159168
79 0.728906 0.459722 0.0515625 0.170833 0.00153065
67 0.397656 0.768056 0.075 0.191667 0.00150681
26 0.768359 0.824306 0.271094 0.340278 0.00144386
42 0.727344 0.434028 0.0476562 0.127778 0.00141048
27 0.394531 0.786806 0.0757812 0.226389 0.00139904
57 0.481641 0.504167 0.939844 0.991667 0.00138855
79 0.623438 0.513194 0.0328125 0.0722222 0.00136185
0 0.428125 0.499653 0.834375 0.986806 0.00130463
67 0.726562 0.435417 0.046875 0.126389 0.0012846
27 0.650391 0.830556 0.05625 0.283333 0.00126934
71 0.202295 0.455208 0.37041 0.895139 0.00124454
79 0.619922 0.517361 0.0414063 0.0819444 0.00123978
0 0.50166 0.795833 0.282617 0.388889 0.00121593
25 0.317578 0.502431 0.616406 0.989583 0.00121593
79 0.674219 0.547222 0.186719 0.363889 0.00112915
54 0.768359 0.824306 0.271094 0.340278 0.0011158
43 0.727344 0.434028 0.0476562 0.127778 0.0011034
42 0.728906 0.459722 0.0515625 0.170833 0.00109863
60 0.48125 0.767361 0.95625 0.444444 0.00109863
25 0.474609 0.5 0.928906 0.988889 0.00109482
44 0.778906 0.625694 0.05625 0.0875 0.00109005
55 0.726562 0.766493 0.295312 0.455903 0.00104046
27 0.726562 0.766493 0.295312 0.455903 0.00103664
57 0.280664 0.499653 0.539453 0.985417 0.00103664
26 0.65625 0.758507 0.146875 0.444097 0.00102425
79 0.674609 0.480556 0.196875 0.216667 0.00100422
0 0.635938 0.533681 0.564063 0.910417 0.936035
55 0.769141 0.822222 0.271094 0.338889 0.892578
27 0.658594 0.757639 0.148438 0.443056 0.732422
27 0.659766 0.636806 0.150781 0.159722 0.0718384
55 0.753125 0.761806 0.1875 0.204167 0.0234222
61 0.201514 0.312847 0.361816 0.613194 0.0208893
61 0.263281 0.5 0.5 0.983333 0.0167847
65 0.395313 0.733333 0.0664062 0.116667 0.0149536
65 0.39541 0.773611 0.0779297 0.197222 0.00971222
60 0.641309 0.929861 0.717383 0.140278 0.00912476
75 0.202148 0.316319 0.363672 0.617361 0.00908661
61 0.291016 0.321528 0.539062 0.629167 0.00769424
60 0.661035 0.886111 0.67793 0.216667 0.00671768
60 0.769531 0.823611 0.273438 0.336111 0.00544739
79 0.726562 0.433333 0.046875 0.128472 0.00542831
41 0.201221 0.316319 0.361621 0.617361 0.00540543
55 0.770312 0.917361 0.271875 0.152778 0.00500107
41 0.779492 0.626563 0.0566406 0.0885417 0.00362206
67 0.395313 0.733333 0.0664062 0.116667 0.00325966
44 0.727344 0.434375 0.046875 0.128472 0.00318527
0 0.845313 0.561806 0.126563 0.554167 0.0029583
0 0.285156 0.501042 0.539844 0.986806 0.00291252
27 0.663672 0.620833 0.158594 0.251389 0.00287819
45 0.201953 0.314236 0.364844 0.613194 0.00258064
0 0.721875 0.483681 0.373437 0.782639 0.00250244
71 0.201953 0.314236 0.364844 0.613194 0.00237846
60 0.633984 0.820139 0.566406 0.345833 0.00233269
41 0.767969 0.824306 0.270313 0.340278 0.00201988
56 0.282227 0.499306 0.538672 0.986111 0.00183868
44 0.728906 0.460417 0.0515625 0.173611 0.00183105
45 0.448828 0.0605903 0.194531 0.113889 0.00176144
67 0.396973 0.7625 0.0794922 0.177778 0.00176144
44 0.395703 0.770833 0.0773438 0.191667 0.00170708
74 0.39375 0.723611 0.0640625 0.1 0.00161076
27 0.394531 0.788889 0.0757812 0.233333 0.00159168
27 0.659375 0.659028 0.164062 0.143056 0.00157928
26 0.767969 0.824306 0.270313 0.340278 0.00153637
27 0.666406 0.555208 0.16875 0.335417 0.00141048
25 0.285156 0.501042 0.539844 0.986806 0.00137806
0 0.503027 0.784722 0.289258 0.420833 0.00127411
26 0.657031 0.759028 0.146875 0.441667 0.00125504
60 0.48125 0.788889 0.954688 0.402778 0.00119686
0 0.204688 0.317014 0.367188 0.615972 0.00118828
27 0.725781 0.76684 0.292188 0.457986 0.00117874
58 0.201221 0.316319 0.361621 0.617361 0.00117874
61 0.204883 0.426042 0.383984 0.834028 0.00115108
41 0.767188 0.901389 0.275 0.183333 0.0011425
79 0.728906 0.460417 0.0515625 0.173611 0.00112438
44 0.778906 0.626389 0.05625 0.0875 0.00111198
42 0.727344 0.434375 0.046875 0.128472 0.00110722
67 0.726562 0.435417 0.046875 0.126389 0.00107288
79 0.674219 0.550694 0.182812 0.369444 0.00106049
79 0.677344 0.48125 0.185938 0.218056 0.00104427
25 0.284766 0.342448 0.536719 0.673438 0.00104046
40 0.393066 0.723611 0.0669922 0.0972222 0.00102425
39 0.766797 0.825 0.274219 0.338889 0.00102043
0 0.430469 0.499306 0.832812 0.9875 0.00101662
25 0.475 0.498958 0.925 0.986806 0.00100803
0 0.635938 0.534028 0.5625 0.909722 0.935547
55 0.769141 0.822917 0.271094 0.338889 0.905273
27 0.658594 0.759028 0.148438 0.443056 0.779785
27 0.659375 0.6375 0.15 0.163889 0.0423889
61 0.211719 0.5 0.403906 0.983333 0.0236969
55 0.753125 0.7625 0.189063 0.205556 0.0184021
61 0.201172 0.312847 0.3625 0.613194 0.0167236
65 0.395313 0.731944 0.065625 0.113889 0.0147858
75 0.200977 0.316753 0.362109 0.619271 0.00955963
60 0.638965 0.928472 0.72207 0.143056 0.00933838
65 0.395703 0.754167 0.0726563 0.155556 0.0077858
41 0.200977 0.316753 0.362109 0.619271 0.00631332
0 0.284375 0.500694 0.539062 0.9875 0.00605011
60 0.657031 0.8875 0.685938 0.213889 0.00595856
61 0.291016 0.322917 0.538281 0.631944 0.00542831
60 0.769531 0.823611 0.273438 0.336111 0.00536346
55 0.770312 0.916667 0.271875 0.152778 0.00391388
56 0.282227 0.499306 0.537891 0.983333 0.00327301
79 0.726562 0.433333 0.0453125 0.128472 0.00319672
0 0.845313 0.573958 0.121875 0.557639 0.00317192
41 0.779492 0.626563 0.0566406 0.0885417 0.00311089
60 0.633594 0.820833 0.565625 0.344444 0.00300407
67 0.395313 0.731944 0.065625 0.113889 0.00283432
0 0.723437 0.485764 0.371875 0.786806 0.00282288
65 0.395703 0.799306 0.0773438 0.251389 0.00274658
45 0.201611 0.314583 0.365527 0.613889 0.00253105
27 0.664062 0.627778 0.159375 0.279167 0.00202751
44 0.727344 0.434028 0.046875 0.129167 0.00193405
71 0.201611 0.314583 0.365527 0.613889 0.00192642
55 0.725781 0.766667 0.248438 0.225 0.00191212
0 0.203564 0.318056 0.366309 0.619444 0.00188255
45 0.448828 0.0604167 0.194531 0.113542 0.00168705
44 0.395215 0.770833 0.0767578 0.191667 0.00158501
57 0.282227 0.499306 0.537891 0.983333 0.00157928
58 0.200977 0.316753 0.362109 0.619271 0.00152493
41 0.767969 0.823611 0.270313 0.338889 0.00151253
26 0.767969 0.823611 0.270313 0.338889 0.00146675
0 0.501953 0.78316 0.286719 0.422569 0.00144386
25 0.284375 0.500694 0.539062 0.9875 0.00144386
67 0.398047 0.766667 0.0734375 0.186111 0.00143242
74 0.394141 0.724306 0.0625 0.0986111 0.0014267
27 0.725 0.766667 0.289062 0.458333 0.00142097
60 0.479688 0.788194 0.953125 0.404167 0.00138283
27 0.394531 0.795833 0.075 0.247222 0.00135612
26 0.657813 0.759722 0.146875 0.441667 0.00132465
44 0.729297 0.463542 0.0515625 0.18125 0.0012207
39 0.766797 0.825 0.274219 0.338889 0.00110722
0 0.480469 0.503819 0.929688 0.992361 0.00106525
57 0.480469 0.503819 0.929688 0.992361 0.00104809
65 0.400391 0.76875 0.0710938 0.204167 0.00103664
0 0.635254 0.534722 0.562305 0.908333 0.932617
55 0.769531 0.822917 0.271875 0.338889 0.908691
27 0.658594 0.759722 0.148438 0.443056 0.810547
61 0.208936 0.499306 0.397754 0.983333 0.0419312
27 0.658984 0.638194 0.149219 0.168056 0.0344849
61 0.200732 0.313108 0.362598 0.614062 0.0173798
55 0.753125 0.7625 0.189063 0.205556 0.0173035
65 0.395313 0.731944 0.065625 0.113889 0.0157776
60 0.638672 0.928472 0.722656 0.143056 0.00952148
75 0.200439 0.317361 0.362402 0.620833 0.00861359
65 0.39541 0.752778 0.0732422 0.152778 0.00706482
60 0.654785 0.891667 0.69043 0.208333 0.00566483
61 0.290625 0.323958 0.539062 0.634028 0.00542831
41 0.200439 0.317361 0.362402 0.620833 0.00526047
60 0.769531 0.823611 0.273438 0.336111 0.00511932
0 0.283984 0.501736 0.538281 0.988194 0.00477219
55 0.770312 0.916667 0.271875 0.152778 0.00416565
60 0.634375 0.820833 0.567187 0.345833 0.00379562
56 0.282031 0.498611 0.535937 0.983333 0.00365067
0 0.723828 0.4875 0.371094 0.788889 0.00353813
41 0.779492 0.626563 0.0566406 0.0885417 0.00340271
79 0.726562 0.433333 0.0453125 0.127778 0.00302696
67 0.393652 0.724306 0.0626953 0.0986111 0.00276756
0 0.846094 0.573958 0.121875 0.557639 0.0027256
65 0.39541 0.805556 0.0779297 0.263889 0.00251198
71 0.201367 0.31467 0.365234 0.615104 0.00199509
55 0.721875 0.767361 0.25625 0.229167 0.00193405
45 0.201367 0.31467 0.365234 0.615104 0.00188255
27 0.664062 0.629167 0.159375 0.277778 0.00181007
0 0.203516 0.31875 0.366406 0.620833 0.0018034
44 0.727344 0.434028 0.046875 0.128472 0.00167465
0 0.501563 0.783507 0.285938 0.421875 0.00154305
45 0.448828 0.0603733 0.195312 0.113281 0.00152493
58 0.201563 0.317448 0.364063 0.62066 0.00150108
26 0.767969 0.823611 0.270313 0.338889 0.00141621
74 0.393652 0.724306 0.0626953 0.0986111 0.00139427
57 0.282031 0.498611 0.535937 0.983333 0.00134563
44 0.395313 0.770833 0.0773438 0.191667 0.00129986
26 0.657813 0.761285 0.146875 0.441319 0.00129414
41 0.766406 0.824306 0.275 0.3375 0.00126457
67 0.398047 0.765278 0.0734375 0.186111 0.00125504
27 0.394531 0.802778 0.075 0.258333 0.00123501
60 0.478125 0.788715 0.95 0.403125 0.00109482
44 0.729688 0.463194 0.0515625 0.180556 0.00108147
39 0.766406 0.824306 0.275 0.3375 0.00105667
25 0.282031 0.498611 0.535937 0.983333 0.00104809
79 0.680469 0.481597 0.178125 0.21875 0.00102425
0 0.635938 0.534028 0.564063 0.908333 0.92627
55 0.769141 0.822222 0.272656 0.338889 0.912598
27 0.659375 0.762674 0.148438 0.441319 0.86084
61 0.207227 0.499306 0.393359 0.984722 0.0637207
65 0.395313 0.729861 0.065625 0.108333 0.0179901
61 0.200391 0.318403 0.363281 0.622917 0.0173798
55 0.752344 0.7625 0.190625 0.206944 0.0123825
27 0.653906 0.634549 0.142188 0.153125 0.00923157
60 0.635938 0.927778 0.728125 0.144444 0.00806427
65 0.398047 0.763889 0.0734375 0.181944 0.00634003
61 0.290039 0.325 0.538672 0.636111 0.00588989
60 0.638281 0.821528 0.576563 0.345833 0.00500107
75 0.200391 0.318403 0.363281 0.622917 0.00486755
60 0.650684 0.891667 0.698633 0.209722 0.00469971
60 0.76875 0.825 0.275 0.336111 0.00441742
56 0.282031 0.498611 0.534375 0.983333 0.00434875
55 0.752344 0.798611 0.217188 0.281944 0.00421524
27 0.657813 0.6625 0.146875 0.222222 0.00418091
55 0.770312 0.915972 0.271875 0.154167 0.00355148
0 0.282031 0.498611 0.534375 0.983333 0.00321007
41 0.200391 0.318403 0.363281 0.622917 0.00286674
0 0.724609 0.489583 0.369531 0.784722 0.00277901
41 0.779688 0.626389 0.05625 0.0888889 0.00250244
67 0.393652 0.724306 0.0626953 0.0986111 0.00248146
0 0.846875 0.573611 0.121875 0.558333 0.00230598
79 0.726562 0.432986 0.0453125 0.127083 0.00199509
65 0.395313 0.815278 0.078125 0.283333 0.00196457
71 0.201367 0.315191 0.366016 0.615451 0.00186729
55 0.716406 0.768056 0.270313 0.25 0.0017004
0 0.500098 0.8 0.28418 0.383333 0.00148964
26 0.767578 0.823611 0.271094 0.3375 0.00143814
27 0.664062 0.642882 0.159375 0.305903 0.00138283
74 0.393652 0.724306 0.0626953 0.0986111 0.00127411
0 0.203857 0.318837 0.365723 0.622049 0.00127411
57 0.282031 0.498611 0.534375 0.983333 0.00124454
56 0.48125 0.504514 0.923438 0.990972 0.00113392
39 0.766406 0.823611 0.275 0.336111 0.00112438
26 0.658594 0.762674 0.148438 0.441319 0.00110722
45 0.201758 0.315278 0.368359 0.616667 0.0011034
67 0.398047 0.763889 0.0734375 0.181944 0.00106525
44 0.727344 0.434028 0.046875 0.127778 0.00105667
41 0.766406 0.823611 0.275 0.336111 0.00105667
58 0.201758 0.318056 0.364453 0.622222 0.00104427
72 0.209424 0.499306 0.390527 0.981944 0.00103188
0 0.637109 0.534375 0.566406 0.907639 0.925293
55 0.768359 0.822222 0.272656 0.338889 0.913086
27 0.659375 0.765972 0.148438 0.4375 0.909668
61 0.207227 0.498611 0.391797 0.983333 0.0750122
65 0.395313 0.728472 0.065625 0.104167 0.0198669
61 0.200342 0.319097 0.363379 0.625694 0.0157166
55 0.751563 0.763194 0.19375 0.208333 0.00919342
65 0.398047 0.763194 0.0734375 0.179167 0.00651169
60 0.643262 0.927083 0.713477 0.145833 0.0064888
27 0.653125 0.635417 0.140625 0.159722 0.00559998
56 0.281055 0.498264 0.531641 0.984028 0.0050621
61 0.289648 0.326302 0.539453 0.639063 0.00481033
60 0.639063 0.821528 0.58125 0.347222 0.00479126
60 0.658203 0.891667 0.683594 0.211111 0.0039444
60 0.685938 0.919444 0.626563 0.155556 0.00370789
60 0.76875 0.825 0.275 0.334722 0.0036068
55 0.769141 0.901389 0.272656 0.180556 0.00281143
0 0.281055 0.498264 0.531641 0.984028 0.0026207
67 0.394141 0.724306 0.0632813 0.0972222 0.00234985
41 0.779688 0.626389 0.05625 0.0888889 0.00234222
0 0.725 0.490625 0.36875 0.779861 0.00226974
75 0.201758 0.31875 0.365234 0.623611 0.00194168
71 0.200732 0.313194 0.363379 0.615278 0.00168705
0 0.846875 0.573264 0.121875 0.559028 0.00165462
26 0.767188 0.822917 0.271875 0.3375 0.00157356
65 0.395313 0.820833 0.078125 0.294444 0.0015192
55 0.715625 0.765278 0.273438 0.283333 0.00146675
56 0.483594 0.504861 0.923438 0.990278 0.00146103
79 0.726562 0.435069 0.0445313 0.125694 0.00142097
0 0.500098 0.800694 0.285742 0.380556 0.00130463
41 0.200342 0.319097 0.363379 0.625694 0.00128937
39 0.766406 0.823611 0.275 0.336111 0.00125504
27 0.65625 0.682639 0.145313 0.268056 0.0012064
54 0.768359 0.823611 0.272656 0.340278 0.00116062
72 0.207471 0.497917 0.385059 0.981944 0.00115108
57 0.281055 0.498264 0.531641 0.984028 0.00115108
74 0.394141 0.724306 0.0632813 0.0972222 0.0011158
60 0.207031 0.9625 0.414062 0.0611111 0.0011158
41 0.766406 0.823611 0.275 0.336111 0.00105286
27 0.658984 0.766493 0.149219 0.436458 0.939453
0 0.63916 0.534028 0.573242 0.906944 0.928223
55 0.768359 0.822222 0.272656 0.340278 0.924316
61 0.205859 0.497917 0.382031 0.981944 0.0592041
65 0.39541 0.726389 0.0654297 0.1 0.0194244
61 0.199609 0.319097 0.363281 0.625694 0.00834656
60 0.645703 0.927083 0.708594 0.145833 0.00775528
56 0.280664 0.497917 0.530859 0.983333 0.00723267
55 0.747656 0.763889 0.201563 0.211111 0.0068512
65 0.397656 0.761111 0.0734375 0.175 0.00572968
60 0.660059 0.893056 0.679883 0.208333 0.0046463
60 0.685938 0.919444 0.626563 0.155556 0.00446701
60 0.658496 0.84375 0.683008 0.3125 0.00429916
60 0.76875 0.825 0.275 0.333333 0.00367928
27 0.652344 0.639583 0.139063 0.170833 0.00349617
55 0.769141 0.895833 0.272656 0.194444 0.00294685
0 0.282813 0.500694 0.534375 0.9875 0.0028553
61 0.289062 0.326997 0.539062 0.640451 0.00277901
56 0.485938 0.504861 0.929688 0.990278 0.00275803
67 0.394141 0.724306 0.0632813 0.0972222 0.00230598
41 0.779688 0.626389 0.05625 0.0888889 0.00227928
60 0.639941 0.815278 0.576367 0.358333 0.00204277
0 0.845313 0.573264 0.121875 0.559028 0.00194931
26 0.767188 0.822917 0.271875 0.3375 0.00188255
39 0.766016 0.823611 0.275781 0.336111 0.00178909
0 0.724609 0.489931 0.367969 0.771528 0.00175476
61 0.287695 0.501736 0.540234 0.990972 0.00156689
57 0.323633 0.498611 0.607422 0.986111 0.00154877
57 0.487891 0.526736 0.897656 0.927083 0.00150108
54 0.768359 0.823611 0.272656 0.341667 0.00132465
55 0.715625 0.761111 0.273438 0.319444 0.00131512
41 0.766016 0.823611 0.275781 0.336111 0.0012846
0 0.499121 0.801389 0.289258 0.380556 0.00126934
75 0.201758 0.318403 0.366016 0.624306 0.0012064
41 0.199609 0.319097 0.363281 0.625694 0.0012064
60 0.207031 0.961806 0.414062 0.0625 0.00120163
71 0.200391 0.3125 0.364063 0.615278 0.00116539
13 0.487891 0.526736 0.897656 0.927083 0.00112057
72 0.205859 0.497917 0.382031 0.981944 0.0011158
27 0.658594 0.646528 0.160156 0.127778 0.00106049
74 0.394141 0.724306 0.0632813 0.0972222 0.00105286
60 0.249609 0.956944 0.499219 0.075 0.00102425
27 0.658594 0.767361 0.15 0.434722 0.962402
0 0.640625 0.534028 0.578125 0.905556 0.932617
55 0.767969 0.822222 0.273438 0.341667 0.927734
61 0.207813 0.497222 0.391406 0.983333 0.0479431
65 0.394922 0.725 0.0648438 0.0972222 0.0174408
60 0.653027 0.927083 0.693945 0.145833 0.00844574
61 0.199805 0.317969 0.364453 0.623785 0.00677109
56 0.280664 0.496875 0.530859 0.982639 0.005867
55 0.741406 0.763889 0.214062 0.213889 0.00548935
60 0.66416 0.894444 0.670117 0.205556 0.00486755
60 0.660156 0.846528 0.679688 0.306944 0.00475693
65 0.397266 0.758333 0.0726563 0.169444 0.00448608
60 0.768359 0.825 0.275781 0.333333 0.00395966
56 0.486719 0.505556 0.928125 0.988889 0.00292397
27 0.651563 0.638889 0.1375 0.169444 0.00286674
55 0.76875 0.891667 0.273438 0.2 0.00283432
0 0.282617 0.499306 0.534766 0.984722 0.00248146
67 0.39375 0.723611 0.0632813 0.0972222 0.00247192
26 0.767188 0.822222 0.273438 0.338889 0.00236893
41 0.779688 0.626215 0.05625 0.0920139 0.00232315
61 0.289648 0.325694 0.541016 0.638889 0.00231361
39 0.765625 0.822917 0.276563 0.3375 0.00226974
60 0.639063 0.815278 0.576563 0.361111 0.00186729
41 0.199805 0.317969 0.364453 0.623785 0.00182438
0 0.845313 0.573611 0.125 0.556944 0.00178242
41 0.765625 0.822917 0.276563 0.3375 0.00151253
61 0.295312 0.501389 0.553125 0.988889 0.00139904
0 0.499121 0.801389 0.293945 0.380556 0.00130939
13 0.489063 0.523611 0.89375 0.933333 0.00127888
57 0.489063 0.523611 0.89375 0.933333 0.0012598
75 0.201953 0.317708 0.367188 0.622917 0.00122547
57 0.340625 0.497917 0.639063 0.984722 0.0012207
54 0.769922 0.821528 0.272656 0.341667 0.00119686
60 0.207031 0.961111 0.414062 0.0638889 0.00117874
44 0.778906 0.626215 0.05625 0.0864583 0.0011425
54 0.659375 0.76684 0.15 0.441319 0.00112438
72 0.20542 0.496528 0.381348 0.980556 0.00109005
0 0.724609 0.488889 0.367969 0.755556 0.00105667
74 0.39375 0.723611 0.0632813 0.0972222 0.00102043
60 0.250586 0.956944 0.501172 0.075 0.00102043
27 0.658594 0.768056 0.15 0.434722 0.977051
0 0.641016 0.534028 0.580469 0.904167 0.938477
55 0.767188 0.821528 0.275 0.340278 0.930664
61 0.208008 0.496528 0.392578 0.981944 0.0386047
65 0.393359 0.724306 0.0640625 0.0972222 0.0146713
60 0.656641 0.927083 0.686719 0.145833 0.00898743
61 0.199414 0.316667 0.364453 0.622222 0.00591278
60 0.663965 0.897222 0.670508 0.2 0.00516129
56 0.272461 0.496875 0.522266 0.984028 0.00482941
60 0.661816 0.848611 0.670117 0.302778 0.00471878
60 0.767969 0.825 0.276563 0.333333 0.00411606
55 0.733594 0.764583 0.229687 0.215278 0.0041008
41 0.199414 0.316667 0.364453 0.622222 0.00382423
65 0.396973 0.756944 0.0732422 0.166667 0.00349617
0 0.282227 0.498611 0.533203 0.983333 0.00298119
27 0.65 0.635417 0.135937 0.1625 0.00294685
55 0.769141 0.8875 0.274219 0.208333 0.00275803
67 0.393359 0.724306 0.0640625 0.0972222 0.00256157
56 0.485156 0.504861 0.928125 0.990278 0.00243378
26 0.767188 0.822222 0.275 0.338889 0.00242424
39 0.764844 0.823611 0.278125 0.338889 0.00219917
41 0.779688 0.626389 0.05625 0.0930556 0.00206757
60 0.6375 0.816667 0.575 0.356944 0.00194168
61 0.289648 0.323958 0.541016 0.635417 0.00189686
54 0.659375 0.765972 0.15 0.438889 0.00186729
0 0.84375 0.575 0.128125 0.554167 0.00176811
75 0.201904 0.316319 0.367285 0.620139 0.00174809
44 0.778906 0.626389 0.05625 0.0875 0.00142097
0 0.501172 0.791667 0.296094 0.408333 0.00140476
41 0.764844 0.823611 0.278125 0.338889 0.00128937
57 0.485156 0.516319 0.901563 0.949306 0.00123978
13 0.485156 0.516319 0.901563 0.949306 0.00119686
54 0.76875 0.822222 0.273438 0.341667 0.00117874
61 0.291797 0.500694 0.546094 0.9875 0.00115585
60 0.205664 0.961111 0.411328 0.0666667 0.0011425
72 0.206055 0.495833 0.384766 0.980556 0.00108147
57 0.333984 0.497569 0.625781 0.982639 0.00108147
45 0.201563 0.313281 0.370313 0.615104 0.00104809
27 0.658594 0.768056 0.15 0.434722 0.982422
0 0.639453 0.534028 0.578906 0.902778 0.939941
55 0.767188 0.820833 0.275 0.341667 0.930176
61 0.207031 0.496528 0.392188 0.981944 0.0327148
65 0.393359 0.724306 0.0640625 0.0972222 0.0166626
60 0.656641 0.927778 0.686719 0.144444 0.00905609
61 0.199268 0.315278 0.365527 0.619444 0.00595856
60 0.661816 0.898611 0.674805 0.195833 0.00511932
41 0.199268 0.315278 0.365527 0.619444 0.00510025
60 0.662598 0.849306 0.66543 0.301389 0.00488663
60 0.767969 0.825 0.276563 0.333333 0.00457382
56 0.270898 0.496528 0.520703 0.983333 0.00382423
55 0.729688 0.765278 0.2375 0.216667 0.00366402
65 0.396875 0.754167 0.0734375 0.161111 0.00359344
67 0.393359 0.724306 0.0640625 0.0972222 0.00352478
55 0.769531 0.888194 0.273438 0.208333 0.00313568
26 0.767188 0.822222 0.275 0.338889 0.00275803
0 0.28125 0.496875 0.532813 0.98125 0.00275803
54 0.658984 0.766667 0.15 0.438889 0.00255013
27 0.648828 0.636806 0.133594 0.161111 0.00248146
41 0.779688 0.626389 0.05625 0.0930556 0.00230598
61 0.283594 0.480903 0.532813 0.949306 0.00201988
60 0.635059 0.81875 0.57207 0.354167 0.0019722
0 0.842188 0.576389 0.128125 0.551389 0.00191879
44 0.778906 0.626389 0.05625 0.0888889 0.00174809
39 0.764844 0.823611 0.278125 0.338889 0.0017271
61 0.289062 0.321528 0.539844 0.630556 0.0017271
75 0.201367 0.314583 0.367578 0.618056 0.00168133
0 0.501953 0.793056 0.300781 0.405556 0.00154305
56 0.483594 0.504167 0.926562 0.986111 0.00140476
45 0.201123 0.3125 0.369629 0.613889 0.00139904
72 0.206299 0.495486 0.388184 0.978472 0.00112438
74 0.393359 0.724306 0.0640625 0.0972222 0.00105667
27 0.658594 0.768056 0.15 0.434722 0.98291
0 0.638281 0.534028 0.578125 0.901389 0.937012
55 0.767188 0.821528 0.275 0.340278 0.929199
61 0.206201 0.496528 0.390723 0.981944 0.0354004
65 0.393359 0.724306 0.0640625 0.0972222 0.0162201
61 0.199414 0.314236 0.366016 0.617361 0.00941467
41 0.199414 0.314236 0.366016 0.617361 0.00878143
60 0.659375 0.927778 0.68125 0.144444 0.00800323
60 0.665234 0.85 0.658594 0.3 0.00453949
67 0.393359 0.724306 0.0640625 0.0972222 0.00436401
60 0.661719 0.897222 0.673438 0.197222 0.00436401
60 0.767969 0.825 0.275 0.333333 0.00424957
65 0.396875 0.75 0.0734375 0.152778 0.00376511
26 0.767188 0.822222 0.275 0.338889 0.00288963
54 0.658984 0.76875 0.15 0.441667 0.0028553
55 0.750391 0.763889 0.196094 0.216667 0.00283432
55 0.769531 0.886111 0.275 0.211111 0.00274658
56 0.229102 0.496181 0.441797 0.974306 0.00234222
41 0.779688 0.626389 0.05625 0.0944444 0.00226974
75 0.200977 0.313889 0.367578 0.616667 0.00210762
45 0.2 0.311806 0.367188 0.6125 0.00209999
0 0.841406 0.576736 0.129688 0.550694 0.00192642
0 0.502734 0.79375 0.299219 0.404167 0.00177479
44 0.778906 0.627083 0.05625 0.0888889 0.00174809
0 0.280469 0.496875 0.532031 0.98125 0.00164223
39 0.764844 0.823611 0.278125 0.338889 0.00152493
61 0.28418 0.450694 0.533203 0.8875 0.00143814
61 0.289062 0.319444 0.540625 0.626389 0.00142097
27 0.647266 0.64375 0.130469 0.172222 0.00126934
0 0.723437 0.476389 0.371875 0.744444 0.00123978
67 0.396875 0.75 0.0734375 0.152778 0.0012064
72 0.20542 0.495833 0.387598 0.979167 0.0012064
74 0.393359 0.724306 0.0640625 0.0972222 0.00103664
27 0.658594 0.767882 0.149219 0.433681 0.981934
0 0.628906 0.532639 0.560938 0.897222 0.930176
55 0.767578 0.820833 0.274219 0.338889 0.924805
61 0.204688 0.496528 0.386719 0.981944 0.0450134
65 0.394141 0.724306 0.065625 0.0958333 0.0189819
61 0.199658 0.313889 0.366309 0.616667 0.0126724
41 0.199658 0.313889 0.366309 0.616667 0.00971222
60 0.658691 0.928472 0.682617 0.143056 0.00847626
67 0.392871 0.724306 0.0642578 0.0972222 0.00521851
65 0.396484 0.743056 0.0726563 0.138889 0.00479126
60 0.661328 0.901389 0.674219 0.188889 0.00475693
54 0.659375 0.76875 0.15 0.4375 0.00416565
60 0.767969 0.824306 0.275 0.331944 0.00400543
60 0.669141 0.851389 0.658594 0.297222 0.00395966
41 0.779688 0.627083 0.05625 0.0944444 0.00353813
55 0.769531 0.883333 0.275 0.218056 0.00345612
26 0.767578 0.822222 0.274219 0.338889 0.00312424
55 0.751953 0.763889 0.191406 0.215278 0.00268364
0 0.842188 0.577431 0.128125 0.549306 0.00228691
56 0.215234 0.495833 0.413281 0.972222 0.00225258
75 0.200732 0.313542 0.367285 0.615972 0.00215721
0 0.503516 0.793056 0.295312 0.405556 0.00198746
44 0.778906 0.627083 0.05625 0.0888889 0.0019722
45 0.199414 0.311111 0.365234 0.611111 0.00181007
0 0.723437 0.473611 0.373437 0.75 0.00174141
60 0.634766 0.81875 0.571094 0.351389 0.00161076
27 0.648438 0.643056 0.132812 0.166667 0.00148392
67 0.396484 0.743056 0.0726563 0.138889 0.00144958
39 0.765234 0.823611 0.277344 0.338889 0.00142097
72 0.203076 0.495833 0.381348 0.977778 0.00132465
74 0.392871 0.724306 0.0642578 0.0972222 0.00119686
54 0.767578 0.822222 0.274219 0.338889 0.00104427
27 0.658594 0.767882 0.148438 0.433681 0.977539
0 0.629004 0.532639 0.560742 0.897222 0.928711
55 0.767969 0.820833 0.273438 0.338889 0.916504
61 0.204102 0.497917 0.383984 0.981944 0.0419312
65 0.394141 0.724306 0.065625 0.0958333 0.0224609
61 0.199658 0.313802 0.365527 0.61684 0.0136871
60 0.655469 0.928819 0.689063 0.142361 0.0103683
41 0.199658 0.313802 0.365527 0.61684 0.00714874
65 0.396484 0.740278 0.071875 0.131944 0.00584412
60 0.660547 0.906944 0.677344 0.176389 0.00572968
41 0.779688 0.627083 0.05625 0.0944444 0.00524139
67 0.392871 0.724306 0.0642578 0.0972222 0.00516129
55 0.769531 0.880556 0.275 0.223611 0.00484848
54 0.658984 0.770139 0.149219 0.440278 0.00438309
60 0.768359 0.825 0.274219 0.330556 0.00402451
60 0.667188 0.854861 0.665625 0.290278 0.00340271
26 0.767578 0.822222 0.274219 0.338889 0.00324821
60 0.646484 0.820833 0.597656 0.347222 0.00300407
55 0.753906 0.763889 0.1875 0.213889 0.00296974
0 0.84375 0.577431 0.125 0.549306 0.00288963
56 0.210547 0.495833 0.403125 0.972222 0.00261116
0 0.723437 0.472917 0.373437 0.756944 0.0024147
44 0.778906 0.627083 0.05625 0.0902778 0.00225258
0 0.5 0.800694 0.301563 0.380556 0.00201988
75 0.200586 0.313194 0.367578 0.615278 0.00168133
45 0.199268 0.311198 0.363965 0.612326 0.00153637
67 0.396484 0.740278 0.071875 0.131944 0.00150681
27 0.648047 0.645833 0.13125 0.170833 0.00137806
74 0.392871 0.724306 0.0642578 0.0972222 0.00134563
72 0.201758 0.496181 0.377734 0.978472 0.00132465
39 0.766016 0.823611 0.277344 0.338889 0.00127411
27 0.658594 0.767882 0.147656 0.433681 0.970703
0 0.629297 0.533333 0.560156 0.897222 0.927734
55 0.767578 0.820833 0.274219 0.338889 0.908203
61 0.203516 0.498611 0.382031 0.983333 0.0396423
65 0.393848 0.724306 0.0654297 0.0958333 0.021698
61 0.199805 0.313542 0.365234 0.617361 0.0163422
60 0.664453 0.929514 0.671094 0.140972 0.00803375
41 0.779688 0.627083 0.05625 0.0916667 0.00634003
65 0.396484 0.739583 0.0710938 0.130556 0.00612259
55 0.769922 0.880556 0.274219 0.225 0.00516129
41 0.199805 0.313542 0.365234 0.617361 0.00477219
60 0.67041 0.909028 0.657617 0.170833 0.00453949
67 0.392871 0.725 0.0642578 0.0972222 0.00438309
54 0.658984 0.772396 0.149219 0.444097 0.00358009
60 0.76875 0.825 0.273438 0.330556 0.00341606
26 0.767969 0.822222 0.273438 0.338889 0.00324821
0 0.84375 0.577778 0.125 0.55 0.00301552
55 0.755469 0.763194 0.185938 0.2125 0.00291252
0 0.724219 0.472222 0.371875 0.758333 0.00247192
56 0.209375 0.496528 0.399219 0.972222 0.00243378
60 0.645312 0.820833 0.59375 0.347222 0.0024147
60 0.670313 0.858333 0.659375 0.283333 0.00240517
44 0.778906 0.627083 0.05625 0.0902778 0.00234985
0 0.500684 0.8 0.298633 0.380556 0.0018034
67 0.396484 0.739583 0.0710938 0.130556 0.00142097
72 0.201221 0.497222 0.375684 0.979167 0.00138283
75 0.200391 0.313281 0.367969 0.616493 0.00131512
74 0.392871 0.725 0.0642578 0.0972222 0.00130939
39 0.766406 0.823611 0.276563 0.338889 0.00102425
27 0.651172 0.819444 0.05625 0.330556 0.00100803
27 0.658594 0.769444 0.147656 0.433333 0.962891
0 0.629297 0.533333 0.560156 0.897222 0.924805
55 0.766797 0.820833 0.275781 0.338889 0.894043
61 0.204736 0.499653 0.38584 0.985417 0.0293121
61 0.199951 0.313542 0.365723 0.617361 0.02211
65 0.393848 0.724306 0.0654297 0.0958333 0.0196381
65 0.396484 0.738889 0.0710938 0.130556 0.00579834
41 0.779688 0.627083 0.05625 0.0916667 0.00575256
60 0.669629 0.929167 0.660742 0.141667 0.00521851
55 0.769531 0.881944 0.275 0.219444 0.00482941
67 0.393848 0.724306 0.0654297 0.0958333 0.00405502
26 0.767969 0.821528 0.273438 0.338889 0.00319672
60 0.676562 0.908333 0.645312 0.172222 0.0030632
60 0.768359 0.825 0.274219 0.330556 0.00279999
41 0.199951 0.313542 0.365723 0.617361 0.00257111
0 0.844531 0.578819 0.123438 0.547917 0.00251198
55 0.754687 0.7625 0.189063 0.211111 0.00251198
0 0.723437 0.472917 0.371875 0.758333 0.00243378
60 0.644531 0.820833 0.590625 0.347222 0.00216484
54 0.658984 0.773611 0.149219 0.445833 0.00211525
44 0.77793 0.627083 0.0566406 0.0888889 0.00186729
60 0.671094 0.860417 0.657813 0.279167 0.00176144
0 0.506641 0.791667 0.292969 0.408333 0.00143814
67 0.396484 0.738889 0.0710938 0.130556 0.00135136
56 0.226562 0.496875 0.434375 0.972917 0.00133514
74 0.392969 0.722222 0.0679687 0.0944444 0.00128937
72 0.202393 0.498611 0.37959 0.983333 0.00116062
60 0.769531 0.881944 0.275 0.219444 0.00107765
27 0.658594 0.770139 0.146875 0.433333 0.956543
0 0.62959 0.533333 0.561133 0.898611 0.92334
55 0.766406 0.821528 0.276563 0.338889 0.881836
61 0.205273 0.5 0.387891 0.986111 0.0246124
61 0.199658 0.314236 0.366309 0.61875 0.0229797
65 0.393848 0.724306 0.0654297 0.0958333 0.0175171
65 0.396484 0.738889 0.0710938 0.130556 0.0051384
60 0.686816 0.922222 0.626367 0.141667 0.00429916
55 0.769531 0.884028 0.275 0.215278 0.00424957
41 0.779492 0.626563 0.0566406 0.0913194 0.0042305
67 0.393848 0.724306 0.0654297 0.0958333 0.00383949
26 0.767578 0.821528 0.274219 0.338889 0.00300407
60 0.768359 0.825694 0.274219 0.329167 0.00232315
60 0.642969 0.819444 0.585938 0.347222 0.00197983
0 0.845313 0.579167 0.121875 0.547222 0.00195694
0 0.723828 0.472569 0.372656 0.75625 0.00179577
55 0.753125 0.763889 0.19375 0.213889 0.00168705
41 0.199658 0.314236 0.366309 0.61875 0.0015974
54 0.658594 0.775694 0.148438 0.448611 0.0014782
74 0.392578 0.722222 0.0679687 0.0944444 0.00133038
60 0.672266 0.861111 0.652344 0.277778 0.00129986
67 0.396484 0.738889 0.0710938 0.130556 0.0012846
44 0.77793 0.627083 0.0566406 0.0888889 0.00118828
56 0.238867 0.496528 0.459766 0.973611 0.00107288
0 0.508594 0.793056 0.292188 0.408333 0.00104046
61 0.292969 0.315625 0.544531 0.61875 0.00102806
27 0.658203 0.77066 0.147656 0.433681 0.950684
0 0.629687 0.534028 0.5625 0.898611 0.922852
55 0.766016 0.822222 0.277344 0.338889 0.876465
61 0.199951 0.314931 0.366504 0.620139 0.0236969
61 0.206055 0.5 0.389453 0.986111 0.0195007
65 0.394141 0.724306 0.065625 0.0958333 0.0168457
65 0.396875 0.738889 0.0710938 0.130556 0.00498199
55 0.769922 0.883333 0.275781 0.216667 0.00468063
60 0.689063 0.922222 0.621875 0.141667 0.00428009
67 0.394141 0.724306 0.065625 0.0958333 0.00383949
41 0.779492 0.626563 0.0566406 0.0913194 0.00365067
26 0.767969 0.821528 0.275 0.3375 0.00256157
60 0.641016 0.819444 0.582031 0.347222 0.00214005
60 0.76875 0.825 0.275 0.330556 0.00198746
0 0.723437 0.472569 0.373437 0.757639 0.00161076
0 0.845313 0.580556 0.121875 0.544444 0.00142097
74 0.392969 0.722222 0.0679687 0.0944444 0.00135136
67 0.396875 0.738889 0.0710938 0.130556 0.00127888
61 0.29375 0.315972 0.546875 0.619444 0.00125504
60 0.672656 0.857639 0.6375 0.284722 0.00113773
55 0.750781 0.765278 0.2 0.213889 0.00109482
41 0.199951 0.314931 0.366504 0.620139 0.00102806
27 0.658594 0.772222 0.146875 0.436111 0.94873
0 0.629785 0.534375 0.562305 0.900694 0.918945
55 0.766016 0.822222 0.277344 0.338889 0.871582
61 0.199805 0.315191 0.366797 0.621007 0.0252686
65 0.394141 0.724306 0.065625 0.0958333 0.0151901
61 0.20918 0.500694 0.396484 0.9875 0.0145035
65 0.396875 0.740278 0.071875 0.130556 0.00450516
55 0.769531 0.885417 0.276563 0.209722 0.00448608
60 0.691797 0.922222 0.616406 0.141667 0.00434875
67 0.394141 0.724306 0.065625 0.0958333 0.00331116
41 0.779492 0.626389 0.0566406 0.0916667 0.00314713
60 0.641406 0.818056 0.58125 0.351389 0.00273705
26 0.767969 0.821528 0.275 0.3375 0.00247192
60 0.76875 0.825 0.275 0.330556 0.00202751
61 0.294141 0.316319 0.547656 0.620139 0.00185299
60 0.673047 0.858333 0.636719 0.283333 0.00146103
0 0.723047 0.471528 0.374219 0.756944 0.00136185
74 0.393066 0.722917 0.0685547 0.0958333 0.00126934
0 0.846094 0.582639 0.120313 0.540278 0.00118351
67 0.396875 0.740278 0.071875 0.130556 0.0011034
55 0.715625 0.766667 0.270313 0.216667 0.00105667
27 0.658594 0.773611 0.146875 0.4375 0.950195
0 0.629785 0.534722 0.562305 0.9 0.913086
55 0.766406 0.822222 0.278125 0.338889 0.869629
61 0.200049 0.315365 0.36709 0.622049 0.024231
65 0.394629 0.724306 0.0654297 0.0958333 0.0149536
61 0.211914 0.5 0.402734 0.988889 0.0134277
55 0.770312 0.879167 0.276563 0.222222 0.00498199
60 0.689844 0.921528 0.620313 0.141667 0.00484848
65 0.396973 0.740278 0.0716797 0.131944 0.00471878
67 0.394629 0.724306 0.0654297 0.0958333 0.00319672
61 0.294531 0.316667 0.548438 0.620833 0.00305176
60 0.640625 0.818056 0.578125 0.352778 0.0028553
26 0.767969 0.821528 0.275 0.3375 0.00212479
41 0.779688 0.626389 0.0578125 0.0916667 0.00209999
60 0.768359 0.823611 0.275781 0.333333 0.00197983
24 0.661328 0.772222 0.152344 0.440278 0.00144386
74 0.393066 0.722917 0.0685547 0.0958333 0.00131512
0 0.722656 0.470139 0.375 0.755556 0.00117397
67 0.396973 0.740278 0.0716797 0.131944 0.00116539
27 0.658594 0.775174 0.146875 0.438542 0.94873
0 0.634375 0.534722 0.567187 0.904167 0.915039
55 0.766406 0.822222 0.278125 0.338889 0.866211
61 0.200049 0.315278 0.36709 0.622222 0.0264587
65 0.393652 0.724306 0.0673828 0.0972222 0.0132217
61 0.215039 0.5 0.408203 0.990278 0.0124283
60 0.69375 0.920833 0.6125 0.141667 0.00482941
61 0.295117 0.317014 0.548828 0.621528 0.00460815
65 0.397266 0.740278 0.0710938 0.130556 0.00438309
55 0.769141 0.909722 0.274219 0.1625 0.00359344
60 0.639063 0.818056 0.573438 0.352778 0.00318527
67 0.394922 0.725 0.0648438 0.0972222 0.00290108
60 0.768359 0.823611 0.275781 0.333333 0.00188255
26 0.767969 0.821528 0.276563 0.3375 0.00178242
24 0.661328 0.772917 0.152344 0.438889 0.00164223
41 0.779688 0.627083 0.05625 0.0944444 0.00153637
74 0.392969 0.723611 0.0679687 0.0972222 0.00121117
67 0.397266 0.740278 0.0710938 0.130556 0.00113773
27 0.658594 0.775 0.146875 0.440278 0.94873
0 0.633496 0.534028 0.564258 0.905556 0.919434
55 0.766406 0.822222 0.278125 0.3375 0.856934
61 0.200391 0.316059 0.367188 0.623438 0.0227966
61 0.222266 0.496528 0.430469 0.976389 0.0127716
65 0.394922 0.725 0.0648438 0.0972222 0.0104065
61 0.295312 0.317708 0.549219 0.622917 0.00669098
60 0.695703 0.920833 0.608594 0.141667 0.00516129
65 0.397266 0.740972 0.0710938 0.134722 0.0037365
60 0.6375 0.816667 0.56875 0.352778 0.00296974
55 0.769141 0.906944 0.274219 0.166667 0.00274658
67 0.394922 0.725 0.0648438 0.0972222 0.0026207
24 0.660937 0.772917 0.151562 0.438889 0.00201035
26 0.767969 0.821528 0.276563 0.3375 0.00195694
60 0.767969 0.823611 0.276563 0.333333 0.00179577
41 0.779688 0.627083 0.05625 0.0944444 0.00123501
67 0.397266 0.740972 0.0710938 0.134722 0.00109863
74 0.392969 0.723611 0.06875 0.0972222 0.00107765
27 0.658594 0.775694 0.146875 0.441667 0.949219
0 0.633203 0.534028 0.563281 0.905556 0.922852
55 0.766406 0.822222 0.278125 0.3375 0.858887
61 0.200391 0.316059 0.367188 0.623438 0.0194244
61 0.225781 0.496181 0.439063 0.977083 0.0149002
61 0.295703 0.318403 0.55 0.622917 0.00800323
65 0.394922 0.725 0.0648438 0.0986111 0.00763702
60 0.692969 0.921528 0.614062 0.141667 0.00572968
60 0.650391 0.845486 0.597656 0.309028 0.00313568
65 0.396973 0.743056 0.0716797 0.138889 0.00294685
24 0.660937 0.772917 0.151562 0.438889 0.00205803
67 0.394922 0.725 0.0648438 0.0986111 0.00204277
55 0.76875 0.904167 0.273438 0.175 0.00198746
26 0.768359 0.821528 0.275781 0.3375 0.00193405
60 0.767969 0.824306 0.276563 0.331944 0.00175476
54 0.766406 0.822222 0.278125 0.3375 0.00102043
27 0.658594 0.776215 0.146875 0.442014 0.949219
0 0.632422 0.534028 0.560156 0.905556 0.932129
55 0.76875 0.821528 0.275 0.3375 0.872559
61 0.225 0.495833 0.435937 0.977778 0.021286
61 0.200195 0.317014 0.366797 0.624306 0.0181885
61 0.296094 0.319531 0.55 0.624826 0.00712204
60 0.688281 0.922222 0.623438 0.140278 0.0069313
65 0.394922 0.725 0.0648438 0.0986111 0.00666809
60 0.635938 0.818056 0.564063 0.35 0.00321007
65 0.396973 0.743056 0.0716797 0.138889 0.00261116
24 0.660937 0.772917 0.151562 0.438889 0.00221634
26 0.76875 0.821528 0.275 0.3375 0.00216484
60 0.767969 0.825 0.276563 0.330556 0.00197983
67 0.394922 0.725 0.0648438 0.0986111 0.00196457
55 0.76875 0.897917 0.273438 0.1875 0.00183868
54 0.766406 0.822222 0.278125 0.338889 0.00123501
27 0.657813 0.776215 0.146875 0.442014 0.943848
0 0.631348 0.534028 0.55918 0.905556 0.93457
55 0.76875 0.822222 0.275 0.336111 0.888672
61 0.217969 0.496181 0.420312 0.977083 0.036499
61 0.200391 0.317361 0.367188 0.625 0.0238647
60 0.691406 0.922222 0.617188 0.141667 0.00844574
65 0.394922 0.725 0.0648438 0.0972222 0.00638962
61 0.295898 0.321181 0.550391 0.627083 0.00570679
60 0.635547 0.818056 0.563281 0.35 0.00309944
65 0.396973 0.74375 0.0716797 0.140278 0.00252151
26 0.76875 0.822222 0.275 0.336111 0.0024147
24 0.660547 0.773611 0.150781 0.436111 0.00237846
60 0.767969 0.824306 0.276563 0.331944 0.00234222
55 0.76875 0.896528 0.273438 0.190278 0.00203514
67 0.394922 0.725 0.0648438 0.0972222 0.00189686
61 0.291016 0.463194 0.545313 0.9125 0.00161076
54 0.766406 0.822222 0.278125 0.338889 0.0011425
27 0.658203 0.775694 0.146875 0.441667 0.941895
0 0.63125 0.534028 0.559375 0.905556 0.937988
55 0.76875 0.822222 0.275 0.336111 0.891113
61 0.216406 0.495833 0.417188 0.976389 0.0470886
61 0.200049 0.317361 0.36709 0.625 0.0307922
60 0.691016 0.920833 0.617969 0.141667 0.0109863
65 0.394922 0.725 0.0648438 0.0972222 0.00534439
61 0.294922 0.321875 0.550781 0.628472 0.00356483
60 0.634766 0.819444 0.561719 0.347222 0.00284576
65 0.396973 0.744444 0.0716797 0.141667 0.00220871
60 0.767578 0.824306 0.277344 0.331944 0.00219917
24 0.660547 0.773785 0.150781 0.435764 0.00218201
26 0.76875 0.822222 0.275 0.336111 0.00186062
67 0.394922 0.725 0.0648438 0.0972222 0.00169373
54 0.766016 0.821528 0.278906 0.3375 0.00136185
55 0.76875 0.893056 0.273438 0.197222 0.00128937
56 0.267969 0.494444 0.517188 0.979167 0.00102806
0 0.632031 0.534028 0.560938 0.905556 0.938965
27 0.658203 0.776389 0.146875 0.441667 0.9375
55 0.76875 0.822222 0.275 0.336111 0.88623
61 0.214258 0.495833 0.411328 0.976389 0.0566406
61 0.200049 0.317708 0.36709 0.625694 0.0298767
60 0.688281 0.920833 0.623438 0.141667 0.0113297
65 0.394922 0.725 0.0640625 0.0972222 0.00544739
60 0.633984 0.819444 0.561719 0.344444 0.00253105
60 0.767188 0.824306 0.278125 0.330556 0.00223351
65 0.396875 0.744444 0.0710938 0.141667 0.00222588
24 0.660547 0.774826 0.15 0.433681 0.00209999
61 0.294141 0.323264 0.55 0.63125 0.00192642
67 0.39375 0.725 0.0640625 0.0972222 0.00178909
26 0.76875 0.822222 0.275 0.336111 0.00174141
54 0.766016 0.820833 0.278906 0.338889 0.00153065
55 0.76875 0.891667 0.273438 0.198611 0.00123501
56 0.264844 0.494444 0.510938 0.979167 0.00121117
72 0.214258 0.495833 0.411328 0.976389 0.00104809
54 0.658203 0.778646 0.150781 0.442708 0.00103188
0 0.632812 0.534375 0.5625 0.904861 0.940918
27 0.658203 0.776563 0.146875 0.441319 0.932617
55 0.76875 0.822222 0.275 0.336111 0.881836
61 0.2125 0.495833 0.407813 0.975 0.0520325
61 0.199805 0.317708 0.366797 0.625694 0.0257568
60 0.684375 0.922222 0.63125 0.141667 0.0133286
65 0.394922 0.725 0.0640625 0.0972222 0.00524139
60 0.634277 0.820833 0.562695 0.341667 0.0026207
65 0.396875 0.745139 0.0710938 0.141667 0.00226974
60 0.766797 0.824306 0.278906 0.330556 0.00226974
24 0.660547 0.775174 0.15 0.432986 0.00189686
67 0.39375 0.725 0.0640625 0.0972222 0.00186729
54 0.766406 0.820833 0.279687 0.338889 0.0016613
56 0.2625 0.494792 0.50625 0.978472 0.00156116
26 0.76875 0.822222 0.275 0.336111 0.00142097
55 0.76875 0.890278 0.273438 0.202778 0.00138855
54 0.658203 0.778993 0.150781 0.442014 0.00113392
72 0.208984 0.497569 0.39375 0.979861 0.00109482
61 0.292969 0.324306 0.549219 0.631944 0.00108147
0 0.632422 0.534722 0.563281 0.905556 0.94043
27 0.658203 0.776389 0.146875 0.440278 0.926758
55 0.76875 0.822222 0.276563 0.336111 0.874023
61 0.211328 0.495833 0.404687 0.975 0.0462036
61 0.199658 0.317708 0.36709 0.625694 0.0247955
60 0.685938 0.920833 0.628125 0.141667 0.0129242
65 0.394434 0.725 0.0642578 0.0972222 0.00516129
60 0.649609 0.850694 0.582031 0.298611 0.00254059
60 0.766406 0.825 0.279687 0.330556 0.00236893
65 0.396875 0.745833 0.0710938 0.141667 0.00226021
67 0.39375 0.725 0.0640625 0.0972222 0.0019722
24 0.660547 0.775 0.15 0.431944 0.00195694
56 0.259375 0.494792 0.5 0.978472 0.00168705
54 0.766016 0.820833 0.280469 0.338889 0.0016489
55 0.76875 0.888889 0.273438 0.202778 0.00137234
26 0.76875 0.822222 0.276563 0.336111 0.00131512
72 0.207861 0.497222 0.391309 0.980556 0.00121593
54 0.658203 0.778819 0.150781 0.442361 0.00113392
44 0.39541 0.492448 0.0794922 0.62066 0.00104809
0 0.632422 0.534722 0.563281 0.905556 0.942383
27 0.658594 0.776389 0.146875 0.440278 0.92041
55 0.765625 0.820833 0.28125 0.338889 0.88623
61 0.206689 0.497222 0.388965 0.980556 0.0568542
61 0.199561 0.318403 0.367285 0.627083 0.0274811
60 0.684766 0.920833 0.630469 0.141667 0.0127258
65 0.394531 0.725 0.0648438 0.0972222 0.00536346
60 0.650391 0.852083 0.583594 0.295833 0.00282288
60 0.766016 0.825 0.280469 0.330556 0.00245285
65 0.396875 0.747222 0.071875 0.144444 0.00244331
67 0.39375 0.725 0.0640625 0.0972222 0.00229645
24 0.660547 0.775 0.15 0.431944 0.00215721
56 0.253906 0.494792 0.489844 0.978472 0.0018177
54 0.765625 0.820833 0.28125 0.338889 0.00151253
72 0.206689 0.497222 0.388965 0.980556 0.00134563
26 0.76875 0.822222 0.276563 0.336111 0.00131989
55 0.769141 0.886806 0.274219 0.209722 0.00113392
54 0.658203 0.778646 0.150781 0.442708 0.00112438
67 0.396875 0.747222 0.071875 0.144444 0.00104046
60 0.949609 0.927778 0.100781 0.0638889 0.00102425
44 0.395215 0.491753 0.0798828 0.630382 0.00101662
0 0.632422 0.534722 0.563281 0.905556 0.942383
27 0.658594 0.776389 0.146875 0.440278 0.924805
55 0.766016 0.820833 0.280469 0.338889 0.891602
61 0.205469 0.497222 0.385156 0.980556 0.0734253
61 0.199561 0.318663 0.367285 0.627951 0.0354004
60 0.683691 0.920833 0.632617 0.144444 0.012825
65 0.394531 0.725 0.0648438 0.0972222 0.00564194
60 0.65 0.853819 0.58125 0.292361 0.0030632
65 0.396875 0.747222 0.071875 0.145833 0.00263214
60 0.766016 0.825 0.282031 0.329167 0.00251198
67 0.393652 0.725 0.0642578 0.0972222 0.00250244
24 0.660547 0.775 0.15 0.431944 0.00223351
56 0.243555 0.495139 0.468359 0.977778 0.00203514
72 0.205469 0.497222 0.385156 0.980556 0.00159168
55 0.769531 0.888194 0.273438 0.206944 0.00149536
54 0.766016 0.820833 0.280469 0.338889 0.00149536
26 0.76875 0.822222 0.276563 0.336111 0.00137806
60 0.948438 0.923611 0.103125 0.0694444 0.0011425
67 0.396875 0.747222 0.071875 0.145833 0.00113773
44 0.395703 0.489931 0.0804688 0.621528 0.00112057
54 0.658594 0.778646 0.15 0.442708 0.00111198
0 0.503906 0.811111 0.303906 0.361111 0.00109482
0 0.631152 0.534375 0.561133 0.90625 0.941895
27 0.658594 0.776563 0.146875 0.441319 0.926758
55 0.766406 0.820833 0.28125 0.338889 0.891113
61 0.205469 0.497917 0.383594 0.981944 0.0917358
61 0.199805 0.319358 0.367578 0.62934 0.0332031
60 0.686621 0.919444 0.626758 0.144444 0.0114212
65 0.394531 0.725 0.065625 0.0972222 0.00577545
60 0.648828 0.853472 0.575781 0.293056 0.00291252
65 0.396875 0.747222 0.0726563 0.147222 0.00270462
67 0.393359 0.725 0.0648438 0.0972222 0.00264168
60 0.766406 0.825 0.28125 0.329167 0.00251198
24 0.660156 0.775174 0.15 0.432986 0.00250244
56 0.235352 0.495833 0.451172 0.977778 0.0019722
72 0.205469 0.497917 0.383594 0.981944 0.0016489
54 0.766406 0.820833 0.28125 0.338889 0.00142097
26 0.76875 0.822222 0.276563 0.336111 0.00133514
67 0.396875 0.747222 0.0726563 0.147222 0.00122547
0 0.503516 0.811111 0.305469 0.361111 0.00112438
55 0.769531 0.888889 0.273438 0.205556 0.00111198
54 0.658594 0.778646 0.15 0.442708 0.00110722
60 0.948438 0.923611 0.103125 0.0694444 0.00108147
44 0.396094 0.488802 0.08125 0.619618 0.00104046
0 0.632031 0.534028 0.5625 0.906944 0.947266
27 0.658594 0.776389 0.146875 0.441667 0.933105
55 0.766406 0.820833 0.279687 0.338889 0.920898
61 0.201904 0.498958 0.387598 0.984028 0.0950317
61 0.199561 0.318837 0.368066 0.628993 0.0490417
60 0.694141 0.918056 0.611719 0.15 0.0119629
60 0.648828 0.861806 0.574219 0.276389 0.00559998
65 0.393359 0.725694 0.065625 0.1 0.00443268
60 0.765234 0.825694 0.283594 0.329167 0.00365067
56 0.237891 0.496528 0.457031 0.977778 0.00275803
24 0.660156 0.775 0.15 0.433333 0.0027256
67 0.393359 0.725694 0.065625 0.1 0.00242424
60 0.636621 0.8125 0.564258 0.3625 0.00224304
55 0.769531 0.888889 0.273438 0.205556 0.00221634
65 0.397266 0.751389 0.0742188 0.152778 0.00206757
72 0.203516 0.497917 0.383594 0.981944 0.00191212
54 0.766406 0.820833 0.279687 0.338889 0.00167465
44 0.396973 0.497569 0.0826172 0.627083 0.00156116
26 0.76875 0.822222 0.276563 0.336111 0.00115108
0 0.504297 0.811806 0.304688 0.359722 0.00114727
0 0.845313 0.579167 0.121875 0.547222 0.00109005
60 0.948438 0.923611 0.103125 0.0694444 0.00103188
67 0.397266 0.751389 0.0742188 0.152778 0.00102425
0 0.629687 0.534375 0.559375 0.904861 0.947266
27 0.658594 0.776215 0.146875 0.442014 0.941406
55 0.766797 0.820833 0.278906 0.338889 0.935547
61 0.201953 0.497917 0.382812 0.988889 0.0994873
61 0.19917 0.318663 0.368066 0.627951 0.0753174
60 0.704297 0.917361 0.591406 0.151389 0.0121002
60 0.647754 0.866667 0.57168 0.266667 0.00772476
60 0.765234 0.825694 0.283594 0.329167 0.00452042
56 0.231836 0.496528 0.446484 0.977778 0.00399017
55 0.769531 0.890972 0.273438 0.202778 0.00359344
65 0.392969 0.726389 0.0664062 0.101389 0.00307465
24 0.660156 0.775 0.15 0.433333 0.00299263
60 0.635938 0.813889 0.5625 0.361111 0.0027256
72 0.201611 0.497917 0.381152 0.981944 0.00248146
67 0.392969 0.726389 0.0664062 0.101389 0.00200272
54 0.766797 0.820833 0.278906 0.338889 0.00178242
44 0.398047 0.5 0.0835937 0.644444 0.00176144
0 0.845313 0.579861 0.125 0.545833 0.00139904
65 0.397266 0.752778 0.0757812 0.158333 0.00138855
0 0.505078 0.8125 0.303906 0.358333 0.0011158
53 0.767969 0.820833 0.279687 0.341667 0.00107288
0 0.629785 0.534028 0.55918 0.905556 0.947266
27 0.658594 0.776215 0.146875 0.442014 0.946777
55 0.767188 0.821528 0.278125 0.340278 0.945801
61 0.200195 0.498264 0.380859 0.989583 0.10968
61 0.199023 0.318056 0.368359 0.627778 0.088501
60 0.712891 0.917361 0.574219 0.152778 0.0120087
60 0.646777 0.868403 0.568945 0.263194 0.00930023
56 0.225195 0.497222 0.433984 0.977778 0.00524139
55 0.769531 0.893056 0.273438 0.197222 0.00494385
60 0.765625 0.826389 0.282813 0.330556 0.00471878
24 0.660156 0.775 0.149219 0.433333 0.00312424
60 0.635156 0.811111 0.560938 0.366667 0.003088
72 0.200195 0.498611 0.379297 0.983333 0.00286674
65 0.392969 0.726389 0.0664062 0.102778 0.00217438
44 0.398047 0.495747 0.0835937 0.643229 0.00182438
54 0.767188 0.821528 0.278125 0.340278 0.00176811
67 0.392969 0.726389 0.0664062 0.102778 0.00169373
0 0.844531 0.580556 0.125 0.544444 0.00155449
53 0.768359 0.820833 0.278906 0.341667 0.00124454
46 0.102148 0.00998264 0.204297 0.0199653 0.00117874
0 0.505469 0.8125 0.303906 0.358333 0.00113392
26 0.767188 0.821528 0.279687 0.343056 0.0011034
61 0.280078 0.498611 0.533594 0.980556 0.00107288
55 0.767578 0.821528 0.277344 0.340278 0.955078
27 0.658594 0.776215 0.146875 0.442014 0.952637
0 0.630371 0.534028 0.558008 0.905556 0.94873
61 0.198877 0.498958 0.37959 0.990972 0.131226
61 0.199023 0.317361 0.368359 0.626389 0.105957
60 0.720703 0.916667 0.558594 0.152778 0.0117798
60 0.646875 0.870486 0.56875 0.259028 0.0104065
56 0.213477 0.497222 0.410547 0.977778 0.00579834
60 0.766406 0.825694 0.28125 0.330556 0.00471878
55 0.769531 0.895139 0.273438 0.194444 0.00439835
72 0.198437 0.498611 0.376563 0.983333 0.00328636
60 0.634766 0.805556 0.558594 0.377778 0.00316048
24 0.660156 0.775 0.149219 0.433333 0.00300407
54 0.768359 0.820833 0.277344 0.341667 0.00178909
44 0.398047 0.492969 0.0835937 0.640451 0.0016613
0 0.84375 0.581597 0.125 0.54375 0.0016613
65 0.393066 0.726389 0.0669922 0.102778 0.00156116
26 0.767188 0.821528 0.278125 0.343056 0.00148964
61 0.277734 0.497222 0.53125 0.980556 0.00146675
67 0.393066 0.726389 0.0669922 0.102778 0.00138855
53 0.768359 0.820833 0.277344 0.341667 0.00137806
46 0.102148 0.00920139 0.204297 0.0184028 0.00116539
0 0.506348 0.811806 0.301367 0.359722 0.00102806
55 0.767188 0.821528 0.276563 0.340278 0.961914
27 0.658594 0.777604 0.146875 0.442014 0.956055
0 0.630078 0.534028 0.557031 0.905556 0.94873
61 0.197852 0.499306 0.378516 0.991667 0.129395
61 0.198828 0.317448 0.367969 0.626215 0.109314
60 0.726172 0.917361 0.547656 0.154167 0.0112
60 0.646875 0.873264 0.56875 0.253472 0.0111618
56 0.208203 0.497222 0.4 0.977778 0.00624084
55 0.768359 0.873611 0.275781 0.236111 0.00511932
60 0.766406 0.825 0.279687 0.330556 0.00429916
72 0.197314 0.498611 0.375684 0.983333 0.00365067
60 0.635547 0.798611 0.560156 0.391667 0.00293541
24 0.660156 0.775174 0.15 0.432986 0.00287819
61 0.279102 0.498611 0.537109 0.986111 0.00282288
54 0.767578 0.821528 0.277344 0.343056 0.00234985
53 0.767578 0.821528 0.277344 0.343056 0.00234222
26 0.767578 0.821528 0.277344 0.343056 0.00188923
0 0.84375 0.581944 0.126563 0.543056 0.00174809
44 0.397656 0.49158 0.0828125 0.639063 0.00154305
65 0.392578 0.726389 0.0664062 0.102778 0.00127411
46 0.102148 0.00846354 0.204297 0.0169271 0.00119209
67 0.392578 0.726389 0.0664062 0.102778 0.00117397
39 0.767578 0.821528 0.277344 0.343056 0.0011692
55 0.767578 0.821528 0.275781 0.340278 0.964844
27 0.658203 0.777604 0.146094 0.442014 0.959473
0 0.630078 0.534028 0.557031 0.905556 0.946777
61 0.197461 0.499306 0.378516 0.991667 0.122925
61 0.198828 0.317708 0.367969 0.625694 0.0963745
60 0.647656 0.875 0.570312 0.25 0.0110321
60 0.729297 0.918056 0.541406 0.152778 0.0104904
56 0.205859 0.497569 0.395313 0.977083 0.00634003
55 0.771484 0.869444 0.277344 0.241667 0.006073
60 0.766406 0.825 0.279687 0.331944 0.00402451
72 0.196924 0.498611 0.374902 0.983333 0.00367928
24 0.660156 0.775174 0.15 0.432986 0.00283432
61 0.278906 0.499306 0.536719 0.9875 0.00273705
60 0.666797 0.827778 0.477344 0.330556 0.00273705
53 0.767969 0.821528 0.276563 0.343056 0.00255013
54 0.767969 0.821528 0.276563 0.343056 0.00248146
60 0.636328 0.790278 0.561719 0.408333 0.00216484
26 0.767969 0.821528 0.276563 0.343056 0.00190449
0 0.84375 0.581944 0.128125 0.543056 0.00186729
44 0.397656 0.488976 0.0828125 0.635938 0.00149536
39 0.767969 0.821528 0.276563 0.343056 0.0012846
65 0.392578 0.726389 0.0664062 0.102778 0.00115108
41 0.198828 0.317708 0.367969 0.625694 0.00111198
46 0.102148 0.00789931 0.204297 0.0157986 0.00109005
67 0.392578 0.726389 0.0664062 0.102778 0.00107765
48 0.767969 0.821528 0.276563 0.343056 0.00103188
55 0.767969 0.821528 0.275 0.340278 0.967285
27 0.657813 0.777604 0.146875 0.442014 0.960938
0 0.630078 0.533681 0.557031 0.90625 0.947754
61 0.197266 0.499653 0.378906 0.992361 0.117188
61 0.198828 0.317708 0.367969 0.625694 0.0923462
60 0.648438 0.876042 0.571875 0.247917 0.0105667
60 0.733203 0.918056 0.533594 0.152778 0.00971222
56 0.204736 0.497222 0.393652 0.977778 0.00616837
55 0.767969 0.874306 0.275 0.234722 0.00534439
72 0.196484 0.498264 0.374219 0.984028 0.00387001
60 0.766797 0.825 0.278906 0.333333 0.00348282
61 0.278906 0.499306 0.536719 0.9875 0.00279999
54 0.767969 0.821528 0.276563 0.343056 0.0026722
24 0.660156 0.775174 0.15 0.432986 0.00264168
53 0.767969 0.821528 0.276563 0.343056 0.00255013
60 0.666406 0.827778 0.478125 0.331944 0.00253105
0 0.842969 0.582292 0.128125 0.542361 0.00186729
26 0.767969 0.821528 0.276563 0.343056 0.00176144
60 0.6375 0.778472 0.564063 0.431944 0.00150108
44 0.397266 0.488194 0.0820312 0.631944 0.00148392
39 0.767969 0.821528 0.276563 0.343056 0.00130463
41 0.198828 0.317708 0.367969 0.625694 0.00128937
65 0.392578 0.726389 0.0664062 0.102778 0.00109005
67 0.392578 0.726389 0.0664062 0.102778 0.00107765
48 0.767969 0.821528 0.276563 0.343056 0.00104046
55 0.767969 0.821528 0.275 0.340278 0.966797
27 0.657813 0.777604 0.146875 0.442014 0.962402
0 0.630078 0.533333 0.557031 0.905556 0.947266
61 0.197461 0.499653 0.379297 0.992361 0.117981
61 0.198828 0.317361 0.367969 0.625 0.0888062
60 0.649219 0.876389 0.573438 0.247222 0.01017
60 0.713281 0.909722 0.559375 0.169444 0.00981903
56 0.206055 0.497222 0.396484 0.977778 0.00629044
55 0.767969 0.873611 0.275 0.236111 0.0055542
72 0.196436 0.498264 0.374316 0.984028 0.00383949
60 0.766797 0.825 0.278906 0.333333 0.00362206
60 0.749609 0.922917 0.500781 0.154167 0.003088
61 0.278906 0.499306 0.536719 0.9875 0.00302696
53 0.767969 0.821528 0.276563 0.343056 0.0026207
24 0.660156 0.775 0.15 0.431944 0.00261116
54 0.767969 0.821528 0.276563 0.343056 0.00257111
60 0.669531 0.827778 0.471875 0.330556 0.00244331
0 0.842969 0.582639 0.128125 0.541667 0.00193405
26 0.767969 0.821528 0.276563 0.343056 0.00174141
44 0.396777 0.4875 0.0814453 0.629167 0.00147247
41 0.198828 0.317361 0.367969 0.625 0.00138855
39 0.767969 0.821528 0.276563 0.343056 0.00129986
60 0.638281 0.771528 0.565625 0.445833 0.00119686
67 0.392578 0.726389 0.0664062 0.102778 0.00115108
65 0.392578 0.726389 0.0664062 0.102778 0.00113773
27 0.653906 0.645139 0.142188 0.161111 0.00107288
60 0.947656 0.922222 0.104688 0.0666667 0.00103664
48 0.767969 0.821528 0.276563 0.343056 0.00102043
27 0.670313 0.777604 0.2125 0.389236 0.00100422
55 0.767969 0.821528 0.275 0.340278 0.967773
27 0.657813 0.777604 0.146875 0.442014 0.963867
0 0.629687 0.533333 0.55625 0.905556 0.948242
61 0.197461 0.499653 0.379297 0.992361 0.124207
61 0.198877 0.317361 0.367871 0.625 0.0897827
60 0.648535 0.876042 0.57168 0.247917 0.00955963
60 0.720313 0.909722 0.54375 0.169444 0.00919342
56 0.205518 0.497222 0.395215 0.977778 0.00638962
55 0.771484 0.869444 0.277344 0.241667 0.00591278
72 0.196484 0.498264 0.374219 0.984028 0.0039444
60 0.767188 0.824306 0.278125 0.333333 0.00358009
61 0.278906 0.499306 0.535937 0.9875 0.00345612
60 0.757812 0.922917 0.484375 0.154167 0.00281143
53 0.767969 0.821528 0.276563 0.343056 0.00265312
24 0.660156 0.775174 0.15 0.432986 0.00254059
60 0.666406 0.827778 0.478125 0.330556 0.00244331
54 0.767969 0.821528 0.276563 0.343056 0.00240517
0 0.842188 0.581944 0.128125 0.543056 0.00209045
26 0.767969 0.821528 0.276563 0.343056 0.00162315
44 0.396875 0.486458 0.08125 0.625694 0.00149536
41 0.198877 0.317361 0.367871 0.625 0.00141048
39 0.767969 0.821528 0.276563 0.343056 0.00134563
65 0.392578 0.725694 0.0664062 0.102778 0.00119686
67 0.392578 0.725694 0.0664062 0.102778 0.0011692
27 0.653906 0.645139 0.142188 0.161111 0.00112915
27 0.65 0.825 0.0585938 0.319444 0.00105667
27 0.669531 0.776389 0.210938 0.386111 0.00104046
48 0.767969 0.821528 0.276563 0.343056 0.00104046
60 0.947656 0.922222 0.104688 0.0666667 0.00102425
55 0.767969 0.821528 0.275 0.340278 0.966797
27 0.657813 0.777604 0.146875 0.442014 0.964355
0 0.629687 0.533333 0.55625 0.905556 0.947754
61 0.197656 0.499653 0.379688 0.992361 0.119995
61 0.198828 0.317014 0.367969 0.624306 0.0806274
60 0.720313 0.910417 0.545313 0.168056 0.00952148
60 0.648438 0.876389 0.571875 0.247222 0.00888062
56 0.204688 0.497222 0.39375 0.977778 0.00638962
55 0.767969 0.874306 0.275 0.234722 0.00572968
60 0.767188 0.825 0.278125 0.333333 0.00387001
72 0.196289 0.498611 0.373828 0.983333 0.00376511
61 0.278711 0.499306 0.536328 0.9875 0.003088
60 0.759375 0.922917 0.48125 0.154167 0.00271416
53 0.767578 0.821528 0.275781 0.343056 0.00263214
24 0.660156 0.775174 0.15 0.432986 0.00247192
60 0.661719 0.827778 0.4875 0.331944 0.00231361
54 0.767578 0.821528 0.275781 0.343056 0.00227928
0 0.842188 0.581597 0.128125 0.54375 0.00222588
41 0.198828 0.317014 0.367969 0.624306 0.00161076
26 0.767578 0.821528 0.275781 0.343056 0.00156116
44 0.396875 0.48533 0.0804688 0.623785 0.00154305
39 0.767578 0.821528 0.275781 0.343056 0.00133038
67 0.392578 0.725 0.0664062 0.102778 0.00129414
65 0.392578 0.725 0.0664062 0.102778 0.00126457
60 0.947656 0.922222 0.104688 0.0666667 0.0011425
27 0.653906 0.645139 0.142188 0.161111 0.0011425
27 0.65 0.825 0.0578125 0.319444 0.00112057
27 0.669531 0.775174 0.210938 0.382986 0.00105667
13 0.948047 0.922222 0.103906 0.0694444 0.00102425
48 0.767578 0.821528 0.275781 0.343056 0.00102425
0 0.630078 0.534028 0.558594 0.905556 0.947266
27 0.658594 0.776215 0.146875 0.442014 0.946777
55 0.767188 0.821528 0.278125 0.340278 0.945312
61 0.200439 0.497917 0.381152 0.990278 0.110107
61 0.19917 0.318056 0.368066 0.627778 0.0856934
60 0.7125 0.917361 0.575 0.152778 0.0123825
60 0.646875 0.86875 0.56875 0.2625 0.00923157
56 0.224609 0.497222 0.432031 0.977778 0.00530243
55 0.769531 0.893056 0.273438 0.198611 0.00502014
60 0.765625 0.826389 0.282813 0.330556 0.00469971
24 0.660156 0.775 0.15 0.433333 0.00314713
60 0.635254 0.809722 0.560742 0.369444 0.00302696
72 0.200342 0.498611 0.379004 0.983333 0.00282288
65 0.392969 0.726389 0.0664062 0.102778 0.00220871
44 0.398047 0.495486 0.0835937 0.645139 0.00186062
54 0.767188 0.821528 0.278125 0.340278 0.00177479
67 0.392969 0.726389 0.0664062 0.102778 0.00172043
0 0.844531 0.580556 0.125 0.544444 0.00157356
53 0.768359 0.820833 0.278906 0.341667 0.00124454
46 0.102148 0.00989583 0.204297 0.0197917 0.00121593
0 0.505469 0.811806 0.303906 0.359722 0.00113392
61 0.280078 0.498264 0.533594 0.98125 0.00108147
26 0.767188 0.821528 0.279687 0.343056 0.00104809
60 0.948047 0.922917 0.103906 0.0680556 0.00101662
