0 0.656556 0.62221 0.584719 0.737723 0.886719
25 0.465548 0.40625 0.923671 0.640625 0.695801
25 0.476685 0.546875 0.950401 0.611607 0.189575
8 0.171889 0.953683 0.019305 0.0111608 0.126831
0 0.0816751 0.959263 0.013365 0.0122768 0.0621033
67 0.468147 0.570871 0.0230175 0.0301339 0.0600891
33 0.505643 0.351284 0.874666 0.527344 0.0570679
25 0.243912 0.436105 0.48114 0.660156 0.0488586
14 0.0820463 0.959822 0.0129938 0.0111608 0.0387573
25 0.564301 0.363002 0.760321 0.538504 0.0377502
8 0.0816751 0.959263 0.013365 0.0122768 0.0362244
13 0.580636 0.676339 0.810811 0.629464 0.0292053
33 0.476314 0.485561 0.933324 0.544503 0.0271759
14 0.171703 0.953125 0.0215325 0.0111608 0.0261536
27 0.599941 0.799107 0.40392 0.386161 0.0232391
25 0.320389 0.479841 0.628898 0.553711 0.0186157
67 0.467033 0.578683 0.0297 0.0491072 0.0181885
56 0.600683 0.627232 0.754381 0.745536 0.0163422
25 0.457752 0.56808 0.896198 0.430804 0.0153656
14 0.0829745 0.959822 0.0174488 0.0133929 0.0128708
56 0.587318 0.514439 0.761806 0.54255 0.00952148
8 0.170775 0.954241 0.0230175 0.0133928 0.00912476
67 0.474087 0.572545 0.0393525 0.0345982 0.00834656
65 0.477428 0.617188 0.05346 0.078125 0.00834656
66 0.893971 0.601423 0.1485 0.248047 0.00812531
33 0.245025 0.444475 0.483368 0.660156 0.00717545
26 0.599941 0.799107 0.40392 0.386161 0.00698471
33 0.368373 0.0705915 0.61906 0.137277 0.00612259
33 0.320389 0.479841 0.628898 0.553711 0.00602722
74 0.541283 0.416016 0.0594 0.0301339 0.00577545
79 0.470374 0.686384 0.0259875 0.0870536 0.00538635
57 0.600683 0.627232 0.754381 0.745536 0.0053215
79 0.471117 0.654018 0.03564 0.149554 0.00511932
26 0.419513 0.643834 0.117315 0.277065 0.00431442
67 0.4455 0.580357 0.0794476 0.127232 0.00391388
25 0.501931 0.698103 0.910306 0.580357 0.00383949
56 0.810068 0.48877 0.31482 0.482282 0.00372124
25 0.317048 0.588728 0.596971 0.358259 0.00365067
67 0.541283 0.416016 0.0594 0.0301339 0.00351143
73 0.891001 0.59654 0.15444 0.265625 0.00341606
56 0.664538 0.756557 0.640036 0.471261 0.0029583
0 0.170404 0.953125 0.022275 0.0122767 0.00286674
67 0.474087 0.597098 0.0571726 0.0870535 0.00284576
33 0.985224 0.306083 0.0295515 0.0373884 0.00276756
36 0.599941 0.799107 0.40392 0.386161 0.00255013
65 0.470003 0.685268 0.02673 0.0870536 0.00242424
65 0.474087 0.597098 0.0571726 0.0870535 0.00236893
33 0.856103 0.203439 0.286605 0.195801 0.00229645
2 0.171889 0.953683 0.019305 0.0111608 0.00228691
27 0.471117 0.654018 0.03564 0.149554 0.00226021
31 0.599941 0.799107 0.40392 0.386161 0.00222588
25 0.575438 0.474051 0.749926 0.65346 0.00218201
19 0.171703 0.953125 0.0215325 0.0111608 0.00209045
56 0.876151 0.498605 0.18414 0.464844 0.00195694
27 0.69331 0.77288 0.585462 0.438616 0.00192642
79 0.46926 0.662946 0.0274725 0.136161 0.00186729
34 0.470374 0.686384 0.0259875 0.0870536 0.00186062
56 0.864271 0.743862 0.25839 0.487723 0.00185299
25 0.591773 0.607003 0.760321 0.705636 0.00182438
67 0.461835 0.642299 0.0467775 0.214286 0.0018034
65 0.473344 0.635045 0.04158 0.107143 0.00175476
34 0.833828 0.758789 0.328185 0.466797 0.00168705
0 0.591402 0.774554 0.431393 0.439732 0.00168133
59 0.600683 0.627232 0.754381 0.745536 0.00163555
56 0.849421 0.576869 0.11583 0.11635 0.0015974
13 0.587318 0.514439 0.761806 0.54255 0.00158501
24 0.599941 0.799107 0.40392 0.386161 0.00158501
39 0.469632 0.685826 0.0259875 0.0892857 0.00156116
25 0.315563 0.627372 0.594001 0.559989 0.00156116
0 0.218295 0.947545 0.00965252 0.00892849 0.00155449
66 0.893228 0.642857 0.144045 0.162946 0.00152493
33 0.0816751 0.959263 0.013365 0.0122768 0.00148392
43 0.470003 0.683594 0.0274725 0.0881696 0.0014782
14 0.218295 0.947545 0.00965252 0.00892849 0.00144958
39 0.470745 0.652902 0.0326701 0.152902 0.00144958
55 0.542026 0.413784 0.060885 0.0290179 0.00143242
67 0.47817 0.584821 0.0571726 0.0602679 0.00140476
56 0.878378 0.609933 0.16929 0.235491 0.00136185
14 0.0814895 0.961496 0.0155925 0.015625 0.00132465
37 0.864271 0.743862 0.25839 0.487723 0.00131512
67 0.476685 0.617188 0.0623701 0.0803571 0.00129986
25 0.782596 0.425223 0.33561 0.574777 0.0012846
67 0.464805 0.59654 0.043065 0.0825893 0.00127411
63 0.891001 0.59654 0.15444 0.265625 0.0012598
65 0.464805 0.59654 0.043065 0.0825893 0.00123024
65 0.467033 0.612723 0.0482625 0.0803571 0.0012064
14 0.167805 0.953125 0.0293288 0.0133928 0.0011692
37 0.171703 0.953125 0.0215325 0.0111608 0.0011692
33 0.484853 0.590262 0.920701 0.471261 0.00115585
8 0.167805 0.953125 0.0293288 0.0133928 0.00115108
56 0.759021 0.597238 0.332269 0.171596 0.0011425
50 0.975943 0.847098 0.048114 0.046875 0.0011158
27 0.471859 0.651228 0.0467775 0.195312 0.00106907
67 0.470003 0.685268 0.02673 0.0848214 0.00106049
79 0.471859 0.651228 0.0467775 0.195312 0.00102425
33 0.171703 0.953125 0.0215325 0.0111608 0.00102425
22 0.171703 0.953125 0.0215325 0.0111608 0.00101185
8 0.173931 0.953125 0.0263588 0.0133928 0.00100803
0 0.659341 0.619978 0.589546 0.742188 0.858887
25 0.465177 0.408761 0.922928 0.64788 0.723145
8 0.171703 0.953683 0.019305 0.0111608 0.150024
25 0.475943 0.570312 0.948916 0.664062 0.144653
67 0.468147 0.570871 0.0230175 0.0301339 0.0726318
0 0.0816751 0.959263 0.013365 0.0122768 0.0682983
27 0.603653 0.800223 0.39798 0.383929 0.0512695
25 0.24716 0.447545 0.487266 0.697545 0.0501404
25 0.564672 0.368025 0.761063 0.551897 0.0432129
14 0.0818607 0.959822 0.0126225 0.0111608 0.0420837
33 0.507128 0.357701 0.880606 0.541295 0.0420837
8 0.0816751 0.959263 0.013365 0.0122768 0.0402527
25 0.479284 0.589844 0.906593 0.46875 0.0359497
14 0.171518 0.953125 0.0215325 0.0111608 0.0254669
25 0.309994 0.476284 0.608851 0.561942 0.0231476
67 0.467033 0.577009 0.028215 0.0446429 0.0214539
13 0.577666 0.705497 0.809326 0.573382 0.0185394
14 0.0831601 0.959263 0.0170775 0.0122768 0.01297
33 0.475943 0.483189 0.931096 0.549247 0.0120087
66 0.893971 0.601562 0.14553 0.245536 0.0105667
56 0.595486 0.634487 0.760321 0.731027 0.00963593
8 0.17059 0.954241 0.0230175 0.0133928 0.00948334
67 0.474087 0.572545 0.0386101 0.0345982 0.00905609
74 0.541283 0.416295 0.0586576 0.030134 0.008255
26 0.603653 0.800223 0.39798 0.383929 0.00760651
67 0.543139 0.418248 0.0586575 0.0329241 0.00740433
65 0.477428 0.617188 0.05346 0.078125 0.0068779
56 0.586576 0.507533 0.761806 0.52846 0.0068512
67 0.540541 0.413784 0.0623701 0.0301339 0.00553513
33 0.24651 0.450335 0.486338 0.675223 0.0050621
13 0.576552 0.561942 0.787793 0.668527 0.00494385
67 0.465177 0.582589 0.0334125 0.0535714 0.00482941
67 0.446243 0.580915 0.0772201 0.127232 0.00431442
57 0.595486 0.634487 0.760321 0.731027 0.00429916
26 0.420255 0.646205 0.1188 0.282366 0.00391388
31 0.596228 0.797991 0.40689 0.388393 0.00391388
33 0.309994 0.476284 0.608851 0.561942 0.00379562
33 0.378583 0.0702427 0.598641 0.136858 0.00372124
36 0.596228 0.797991 0.40689 0.388393 0.00372124
79 0.471117 0.652902 0.0363825 0.149554 0.00348282
79 0.470374 0.686384 0.0259875 0.0870536 0.00346947
27 0.69925 0.780134 0.573582 0.425223 0.00333786
0 0.170218 0.953125 0.022275 0.0122767 0.00332451
56 0.815266 0.491002 0.30294 0.477818 0.00312424
73 0.890258 0.597098 0.152955 0.262277 0.00300407
67 0.472973 0.597098 0.0549451 0.0870535 0.00296974
2 0.171703 0.953683 0.019305 0.0111608 0.00279999
67 0.461093 0.640067 0.0445501 0.203125 0.00265312
25 0.496362 0.700893 0.850163 0.56808 0.00261116
25 0.301827 0.594308 0.562816 0.339286 0.00253105
0 0.218295 0.947545 0.00965252 0.00892849 0.00251198
66 0.892486 0.642857 0.14256 0.160714 0.00236893
65 0.472973 0.597098 0.0549451 0.0870535 0.00231361
56 0.882091 0.517857 0.170775 0.426339 0.00214958
27 0.69732 0.704799 0.605361 0.577009 0.00213242
56 0.663796 0.753906 0.647461 0.477679 0.00209999
19 0.171518 0.953125 0.0215325 0.0111608 0.00204277
14 0.218295 0.947545 0.00965252 0.00892849 0.00199509
65 0.470003 0.685268 0.02673 0.0881697 0.00198746
55 0.542026 0.414062 0.0601426 0.0290178 0.00194931
27 0.471117 0.652902 0.0363825 0.149554 0.00190449
25 0.581285 0.464844 0.736746 0.641741 0.00181007
25 0.39863 0.651228 0.684771 0.460938 0.00179577
33 0.0816751 0.959263 0.013365 0.0122768 0.00176144
0 0.596228 0.800223 0.42471 0.386161 0.00174809
33 0.985299 0.306362 0.028215 0.0368304 0.00169373
56 0.855361 0.71889 0.27324 0.544364 0.00163555
56 0.849421 0.576451 0.11583 0.117188 0.0015974
33 0.856103 0.199079 0.286605 0.186663 0.00154877
56 0.420255 0.646205 0.1188 0.282366 0.0015192
56 0.878378 0.612165 0.16632 0.229911 0.00151253
67 0.477428 0.584821 0.05346 0.0580357 0.00145531
65 0.472973 0.634487 0.04158 0.106027 0.00144386
34 0.470374 0.686384 0.0259875 0.0870536 0.00144386
24 0.603653 0.800223 0.39798 0.383929 0.00144386
8 0.167805 0.953125 0.0289575 0.0133928 0.00142097
37 0.171518 0.953125 0.0215325 0.0111608 0.00139904
25 0.586576 0.609933 0.766261 0.695313 0.00139904
56 0.76459 0.587193 0.315192 0.151507 0.00136662
63 0.890258 0.597098 0.152955 0.262277 0.00136185
79 0.46926 0.659598 0.02673 0.141741 0.00132465
67 0.464063 0.595982 0.04158 0.0825893 0.00130939
43 0.470003 0.684152 0.02673 0.0870536 0.00130939
67 0.476314 0.616071 0.0616276 0.0825893 0.00126457
8 0.173931 0.953125 0.0263588 0.0133928 0.00123501
25 0.788536 0.419085 0.32373 0.56808 0.00123501
33 0.171518 0.953125 0.0215325 0.0111608 0.00122547
65 0.464063 0.595982 0.04158 0.0825893 0.00121593
60 0.616573 0.697545 0.766855 0.582589 0.0011692
34 0.856846 0.756138 0.28512 0.472098 0.0011692
59 0.595486 0.634487 0.760321 0.731027 0.00116539
25 0.299877 0.620396 0.554091 0.529297 0.0011158
22 0.171518 0.953125 0.0215325 0.0111608 0.00109863
67 0.470003 0.684152 0.02673 0.0870536 0.00108147
65 0.46629 0.612165 0.046035 0.0837054 0.00104809
56 0.849421 0.6137 0.18414 0.201172 0.00103188
14 0.167805 0.953125 0.0289575 0.0133928 0.00101662
8 0.218295 0.947545 0.00965252 0.00892849 0.00100803
0 0.660826 0.61928 0.594001 0.743583 0.849609
25 0.465548 0.409319 0.925156 0.64788 0.73584
8 0.171703 0.953125 0.019305 0.0111608 0.164551
25 0.475201 0.571289 0.947431 0.672154 0.147095
27 0.597713 0.800223 0.40392 0.382813 0.0891113
67 0.468147 0.570871 0.0230175 0.0301339 0.0809326
0 0.0816751 0.959263 0.013365 0.0122768 0.0682983
25 0.561331 0.367188 0.767746 0.551339 0.0564575
8 0.0816751 0.959263 0.013365 0.0122768 0.0430298
14 0.0816751 0.959263 0.0126225 0.0111607 0.0405273
25 0.481883 0.594308 0.907336 0.458705 0.0403748
25 0.247902 0.446708 0.488751 0.699219 0.0394897
33 0.507128 0.358817 0.883576 0.543527 0.0321045
25 0.34452 0.474051 0.678646 0.566406 0.0254669
14 0.171518 0.953125 0.0215325 0.0111608 0.0238647
67 0.467033 0.575893 0.028215 0.0424107 0.0227966
13 0.576923 0.71875 0.810811 0.547991 0.0139542
14 0.0831601 0.959263 0.0170775 0.0122768 0.0125732
66 0.893971 0.602679 0.14553 0.242188 0.011734
67 0.543139 0.417969 0.0586575 0.0323661 0.00981903
74 0.541283 0.416016 0.057915 0.0295759 0.00978088
8 0.17059 0.954241 0.0230175 0.0133928 0.00971222
67 0.474087 0.572545 0.0386101 0.0345982 0.00955963
56 0.617761 0.669085 0.736561 0.617188 0.00937653
26 0.597713 0.800223 0.40392 0.382813 0.00831604
66 0.893971 0.639509 0.14553 0.172991 0.00656509
31 0.597713 0.800223 0.40392 0.382813 0.00593567
33 0.4752 0.482073 0.931096 0.553711 0.00577545
65 0.477428 0.617188 0.05346 0.078125 0.00564194
56 0.586204 0.502302 0.764033 0.508789 0.00508118
67 0.465177 0.582589 0.0334125 0.0535714 0.00498199
67 0.446614 0.581473 0.0772201 0.127232 0.00446701
57 0.588803 0.644252 0.770716 0.711496 0.00439835
27 0.695166 0.785714 0.557989 0.412946 0.00407028
13 0.581378 0.611607 0.775171 0.676339 0.00395966
2 0.171703 0.953125 0.019305 0.0111608 0.00385475
36 0.597713 0.800223 0.40392 0.382813 0.00370789
0 0.170218 0.953125 0.022275 0.0122767 0.00349617
26 0.420255 0.644113 0.1188 0.278739 0.00340271
67 0.460351 0.636719 0.0438075 0.191964 0.00321007
0 0.21811 0.947545 0.00965252 0.0100447 0.003088
67 0.47223 0.595982 0.0527176 0.0859375 0.00279999
33 0.245675 0.44308 0.484296 0.694196 0.00277901
79 0.470003 0.685268 0.0259876 0.0881697 0.00276756
25 0.491164 0.703683 0.870953 0.561384 0.00273705
73 0.890258 0.597098 0.152955 0.260045 0.00265312
79 0.471117 0.652902 0.03564 0.15067 0.00261116
0 0.597713 0.800223 0.40392 0.382813 0.00257111
56 0.818236 0.496094 0.29997 0.467634 0.00242424
25 0.299599 0.608259 0.556133 0.309152 0.002388
25 0.423597 0.651646 0.750668 0.457868 0.00230598
14 0.21811 0.947545 0.00965252 0.0100447 0.00224304
27 0.69899 0.726005 0.60202 0.534598 0.00223351
33 0.0816751 0.959263 0.013365 0.0122768 0.00214958
56 0.885061 0.551897 0.164835 0.356027 0.00205803
55 0.542026 0.414062 0.0594001 0.0290178 0.00204277
65 0.47223 0.595982 0.0527176 0.0859375 0.00201035
19 0.171518 0.953125 0.0215325 0.0111608 0.00194931
73 0.597713 0.800223 0.40392 0.382813 0.00189686
25 0.580543 0.460938 0.738231 0.622768 0.00181007
65 0.470003 0.685268 0.0259876 0.0881697 0.00172043
67 0.538313 0.412388 0.0668251 0.0368304 0.00169373
33 0.397331 0.0699637 0.55966 0.1363 0.00162888
56 0.420255 0.644113 0.1188 0.278739 0.00162315
56 0.849421 0.576451 0.11583 0.117188 0.00155449
27 0.471117 0.652902 0.03564 0.15067 0.0015192
13 0.586204 0.502302 0.764033 0.508789 0.00150108
56 0.663796 0.75572 0.653401 0.475167 0.00149536
37 0.171518 0.953125 0.0215325 0.0111608 0.00145531
8 0.16762 0.953125 0.0285863 0.0133928 0.00144386
67 0.477428 0.583705 0.0527176 0.0580357 0.00143814
63 0.890258 0.597098 0.152955 0.260045 0.00143814
56 0.889516 0.605469 0.15147 0.268973 0.00143242
8 0.21811 0.947545 0.00965252 0.0100447 0.00138855
56 0.767931 0.584263 0.308509 0.145089 0.00138283
8 0.173931 0.953125 0.0263588 0.0133928 0.00134563
33 0.171518 0.953125 0.0215325 0.0111608 0.00126457
67 0.463692 0.595982 0.0408375 0.0825893 0.00125504
34 0.470374 0.685826 0.0259875 0.0859375 0.00122547
65 0.472973 0.633371 0.0408376 0.103795 0.0012207
67 0.475943 0.615513 0.0608851 0.0814732 0.00118828
25 0.789278 0.422712 0.322245 0.563058 0.00118828
67 0.470003 0.683594 0.02673 0.0870536 0.00118351
22 0.171518 0.953125 0.0215325 0.0111608 0.00112057
25 0.588803 0.644252 0.770716 0.711496 0.0011158
65 0.463692 0.595982 0.0408375 0.0825893 0.00109005
43 0.470003 0.683594 0.02673 0.0870536 0.00108147
59 0.588803 0.644252 0.770716 0.711496 0.00108147
24 0.605881 0.800223 0.39501 0.383929 0.00106525
60 0.618058 0.700335 0.763885 0.577009 0.00105667
56 0.853876 0.720424 0.28215 0.541295 0.00105667
79 0.46926 0.661272 0.02673 0.138393 0.00105286
33 0.985299 0.306362 0.028215 0.0368304 0.00104809
65 0.597713 0.800223 0.40392 0.382813 0.00104046
19 0.0816751 0.959263 0.0126225 0.0111607 0.00102425
56 0.853876 0.612863 0.17523 0.198382 0.00102043
27 0.608851 0.65639 0.484111 0.680525 0.00101185
67 0.536828 0.400391 0.0787051 0.0608259 0.00100422
0 0.660083 0.618304 0.596971 0.745536 0.852539
25 0.46629 0.408203 0.926641 0.645647 0.729492
8 0.171889 0.953125 0.019305 0.0111608 0.177856
25 0.475943 0.560128 0.945946 0.658761 0.150024
27 0.598084 0.799665 0.403178 0.382812 0.108215
67 0.467775 0.570871 0.022275 0.0301339 0.0863037
25 0.556504 0.362444 0.778883 0.548549 0.0742188
0 0.0816751 0.958705 0.013365 0.0111608 0.0632324
8 0.0816751 0.958705 0.013365 0.0111608 0.0467224
25 0.484853 0.601562 0.907336 0.444196 0.0397949
14 0.0814895 0.959263 0.0122513 0.0111607 0.0366211
25 0.245397 0.438058 0.484853 0.694196 0.0298767
25 0.398352 0.47154 0.786308 0.572545 0.0275879
67 0.467033 0.574777 0.02673 0.0401786 0.0244293
33 0.504901 0.35498 0.886546 0.535575 0.0206451
14 0.171146 0.953125 0.0215325 0.0111608 0.0197144
67 0.543139 0.417969 0.0579151 0.0329241 0.014389
74 0.541654 0.416016 0.0579151 0.0295759 0.0138474
13 0.576923 0.723214 0.813781 0.540179 0.0127258
14 0.0831601 0.959263 0.0170775 0.0122768 0.0124817
66 0.893228 0.603795 0.144045 0.238839 0.0115051
67 0.474458 0.572545 0.03861 0.0334821 0.00985718
56 0.612563 0.675084 0.751411 0.60519 0.00912476
8 0.170404 0.954241 0.0230175 0.0133928 0.00905609
26 0.598084 0.799665 0.403178 0.382812 0.00769424
66 0.893228 0.640067 0.144045 0.169643 0.00720596
67 0.458865 0.629464 0.0445501 0.18192 0.00536346
2 0.171889 0.953125 0.019305 0.0111608 0.00534439
67 0.446985 0.582589 0.0757351 0.127232 0.00521851
31 0.598084 0.799665 0.403178 0.382812 0.00498199
67 0.464805 0.583705 0.03267 0.0558036 0.00469971
27 0.689783 0.787946 0.544996 0.408482 0.00462723
65 0.475201 0.613281 0.0594001 0.0870536 0.0045929
57 0.582121 0.655134 0.781111 0.689732 0.00450516
56 0.585833 0.500279 0.764776 0.492746 0.00416565
13 0.576923 0.611468 0.782596 0.647601 0.00342941
27 0.67549 0.654018 0.588432 0.683036 0.00338936
0 0.170033 0.953125 0.022275 0.0122767 0.00328636
0 0.217924 0.947545 0.00965252 0.00892849 0.00325966
26 0.420627 0.641183 0.119543 0.273438 0.00305176
67 0.470374 0.596959 0.049005 0.0873326 0.00299263
13 0.575067 0.497768 0.790763 0.515625 0.00288963
79 0.470746 0.651786 0.0348975 0.152902 0.00265312
0 0.598084 0.799665 0.403178 0.382812 0.00259018
79 0.470003 0.685268 0.0259876 0.0870536 0.00248146
25 0.490051 0.704241 0.888031 0.559152 0.00243378
33 0.0816751 0.958705 0.013365 0.0111608 0.00242424
67 0.538313 0.412388 0.0668251 0.0368304 0.0024147
73 0.598084 0.799665 0.403178 0.382812 0.00239754
73 0.889516 0.597098 0.15147 0.257813 0.00234222
55 0.542026 0.414062 0.0594001 0.0290178 0.00224304
14 0.217924 0.947545 0.00965252 0.00892849 0.00221634
33 0.46926 0.476493 0.928126 0.563756 0.00220871
36 0.598084 0.799665 0.403178 0.382812 0.00214958
65 0.470374 0.596959 0.049005 0.0873326 0.00205803
56 0.818236 0.501953 0.29997 0.455915 0.00191879
25 0.580264 0.461496 0.740273 0.610491 0.00191212
25 0.300063 0.624442 0.552235 0.27567 0.00191212
56 0.885803 0.577567 0.16335 0.304688 0.00183105
8 0.217924 0.947545 0.00965252 0.00892849 0.00170708
19 0.171146 0.953125 0.0215325 0.0111608 0.00166798
65 0.598084 0.799665 0.403178 0.382812 0.00163555
65 0.470003 0.685268 0.0259876 0.0870536 0.00157928
56 0.849421 0.576451 0.11583 0.116071 0.00154305
67 0.476685 0.583705 0.05049 0.0580357 0.00149536
8 0.167434 0.953125 0.0278438 0.0111608 0.00148964
67 0.537199 0.402623 0.0772201 0.0558036 0.00148392
56 0.420627 0.641183 0.119543 0.273438 0.00144386
25 0.576923 0.611468 0.782596 0.647601 0.00143242
37 0.171146 0.953125 0.0215325 0.0111608 0.0014267
67 0.470003 0.684152 0.02673 0.0870536 0.00141048
63 0.889516 0.597098 0.15147 0.257813 0.00137806
27 0.470746 0.651786 0.0348975 0.152902 0.00137806
8 0.174116 0.953125 0.0259875 0.0133928 0.00133514
33 0.171889 0.953125 0.019305 0.0111608 0.00131512
56 0.769231 0.582589 0.307395 0.140625 0.00128937
43 0.598084 0.799665 0.403178 0.382812 0.00124454
25 0.654143 0.395089 0.582121 0.580357 0.00122547
65 0.475201 0.618862 0.0460351 0.0825893 0.00121117
25 0.491164 0.526297 0.813038 0.534459 0.0012064
34 0.470374 0.685826 0.0259875 0.0859375 0.00119686
33 0.245397 0.438058 0.484853 0.694196 0.00118828
79 0.546109 0.417969 0.0542025 0.031808 0.00118351
56 0.877636 0.612863 0.16632 0.225167 0.00117874
0 0.599569 0.759487 0.470003 0.469866 0.00115108
19 0.0814895 0.959263 0.0122513 0.0111607 0.00114727
25 0.789278 0.430176 0.32373 0.561523 0.0011425
55 0.655071 0.758929 0.275839 0.279018 0.00113392
59 0.576923 0.723214 0.813781 0.540179 0.00111198
67 0.454782 0.548549 0.0527176 0.0837053 0.00109863
67 0.475201 0.613281 0.0594001 0.0870536 0.00108624
0 0.217553 0.945871 0.0111375 0.0111608 0.00107288
7 0.171889 0.953125 0.019305 0.0111608 0.00107288
22 0.171146 0.953125 0.0215325 0.0111608 0.00104809
60 0.576923 0.723214 0.813781 0.540179 0.00103664
56 0.66658 0.758371 0.653772 0.46875 0.00103188
39 0.920701 0.307478 0.03564 0.0362723 0.00101662
0 0.659526 0.618304 0.599569 0.745536 0.866699
25 0.467033 0.405692 0.929611 0.643973 0.73584
8 0.171703 0.953125 0.0189338 0.0111608 0.194336
25 0.476314 0.554827 0.945203 0.658203 0.147583
27 0.598456 0.800223 0.402435 0.381696 0.124207
67 0.468147 0.570871 0.0230175 0.0301339 0.0894775
0 0.0814895 0.958705 0.0122513 0.0111608 0.0557251
8 0.0816751 0.958705 0.013365 0.0111608 0.0538025
25 0.486338 0.600307 0.905851 0.444475 0.0374756
14 0.0816751 0.958705 0.013365 0.0111608 0.0346069
67 0.467404 0.573661 0.02673 0.0379465 0.025177
25 0.244654 0.434152 0.483368 0.696429 0.0244293
67 0.543511 0.417969 0.0579151 0.0323661 0.0147324
14 0.171146 0.952567 0.0215325 0.0111607 0.0142288
74 0.542026 0.416016 0.057915 0.0290179 0.0136871
33 0.501559 0.351842 0.891743 0.52846 0.0133286
13 0.578408 0.71861 0.818236 0.549386 0.0121918
67 0.473715 0.571987 0.037125 0.0334822 0.01017
66 0.892486 0.604771 0.14256 0.234654 0.00891876
56 0.605138 0.674665 0.769231 0.608259 0.0086441
8 0.170404 0.954241 0.0230175 0.0133928 0.0078125
26 0.598456 0.800223 0.402435 0.381696 0.00634003
66 0.892486 0.640625 0.14256 0.167411 0.00629044
67 0.458865 0.628488 0.0445501 0.187221 0.00598145
2 0.171703 0.953125 0.0189338 0.0111608 0.00582123
67 0.446985 0.58245 0.0757351 0.127511 0.0049057
57 0.576923 0.661412 0.791506 0.677176 0.00475693
67 0.464805 0.583705 0.03267 0.0558036 0.00441742
31 0.598456 0.800223 0.402435 0.381696 0.00439835
65 0.474458 0.611607 0.0579151 0.0915179 0.0039444
56 0.585833 0.502162 0.764776 0.488979 0.00351143
13 0.575067 0.612165 0.786308 0.626116 0.00321007
27 0.694795 0.739955 0.591402 0.506696 0.00298119
67 0.46926 0.597238 0.046035 0.0890067 0.0029583
0 0.217924 0.947545 0.00965252 0.00892849 0.0029583
26 0.420627 0.639369 0.119543 0.270368 0.00290108
0 0.170033 0.953125 0.022275 0.0111608 0.00287819
27 0.676418 0.652344 0.594001 0.686384 0.00271416
79 0.470003 0.65067 0.034155 0.15625 0.00270462
13 0.574696 0.495536 0.791506 0.504464 0.00263214
33 0.0816751 0.958705 0.013365 0.0111608 0.00261116
25 0.305075 0.475516 0.600126 0.565709 0.0024929
0 0.598456 0.800223 0.402435 0.381696 0.00246239
65 0.472973 0.61663 0.0475201 0.077009 0.0024147
73 0.598456 0.800223 0.402435 0.381696 0.00240517
79 0.470003 0.685268 0.0259876 0.0870536 0.00232315
67 0.538313 0.412388 0.0668251 0.0368304 0.00219154
25 0.489308 0.702567 0.889516 0.561384 0.00218201
14 0.217924 0.947545 0.00965252 0.00892849 0.00209999
8 0.217924 0.947545 0.00965252 0.00892849 0.00203514
25 0.583234 0.461496 0.734333 0.601562 0.00202751
65 0.46926 0.597238 0.046035 0.0890067 0.00201035
36 0.598456 0.800223 0.402435 0.381696 0.00188923
25 0.298114 0.631138 0.547223 0.263393 0.00186729
73 0.889516 0.597098 0.15444 0.256696 0.00185299
65 0.598456 0.800223 0.402435 0.381696 0.0018034
55 0.542397 0.414062 0.0586575 0.0290178 0.00175476
56 0.818236 0.505301 0.29997 0.449219 0.00167465
8 0.167434 0.953125 0.0278438 0.0111608 0.0016613
67 0.470003 0.684152 0.02673 0.0870536 0.0015974
56 0.849421 0.576032 0.1188 0.115792 0.00156116
25 0.575067 0.612165 0.786308 0.626116 0.00156116
67 0.476685 0.583147 0.0490051 0.0569197 0.00154305
65 0.470003 0.685268 0.0259876 0.0870536 0.00150108
56 0.883576 0.577985 0.16929 0.301618 0.00149536
33 0.171703 0.953125 0.0189338 0.0111608 0.00146675
67 0.537199 0.402065 0.0772201 0.0569197 0.00141621
27 0.470003 0.645089 0.03861 0.168527 0.00141621
43 0.598456 0.800223 0.402435 0.381696 0.00141621
33 0.469632 0.473772 0.930353 0.570312 0.00137806
8 0.174116 0.953125 0.0259875 0.0133928 0.00137234
37 0.171146 0.952567 0.0215325 0.0111607 0.00135612
59 0.578408 0.71861 0.818236 0.549386 0.00135136
79 0.546481 0.417969 0.0534601 0.03125 0.00123501
60 0.578408 0.71861 0.818236 0.549386 0.00123501
25 0.655071 0.393973 0.581749 0.580357 0.0012207
34 0.470374 0.685826 0.0259875 0.0859375 0.00116062
65 0.476685 0.611607 0.0623701 0.0658482 0.00115108
56 0.769231 0.581473 0.30591 0.138393 0.00113392
25 0.790763 0.435338 0.322245 0.562361 0.00113392
43 0.470003 0.646205 0.0311851 0.165179 0.0011158
67 0.455895 0.548549 0.05049 0.0825893 0.00111198
65 0.470003 0.635045 0.0415801 0.225446 0.00110722
7 0.171703 0.953125 0.0189338 0.0111608 0.00106907
19 0.171146 0.952567 0.0215325 0.0111607 0.00106525
27 0.470003 0.635045 0.0415801 0.225446 0.00105667
19 0.0814895 0.958705 0.0122513 0.0111608 0.00105286
67 0.443273 0.609515 0.0935551 0.220703 0.00104809
63 0.889516 0.597098 0.15444 0.256696 0.00104809
8 0.217553 0.945871 0.0115088 0.0111608 0.00104427
56 0.420627 0.639369 0.119543 0.270368 0.00103188
56 0.877636 0.613979 0.16632 0.222935 0.00101662
0 0.658598 0.617746 0.598456 0.746652 0.88623
25 0.467775 0.40067 0.932581 0.636161 0.729492
8 0.171889 0.953125 0.019305 0.0111608 0.155029
25 0.477057 0.541295 0.945203 0.641741 0.141724
27 0.600312 0.799665 0.398723 0.381696 0.124207
67 0.468147 0.570871 0.0230175 0.0301339 0.0987549
0 0.0814895 0.958705 0.01188 0.0100446 0.0679321
25 0.556133 0.3524 0.781111 0.538504 0.0646362
8 0.0816751 0.958705 0.013365 0.0111608 0.0414734
14 0.0816751 0.958705 0.013365 0.0111608 0.0330811
25 0.488566 0.608398 0.908821 0.437221 0.0323486
25 0.245118 0.429409 0.483925 0.688058 0.0195007
14 0.171146 0.953125 0.0211613 0.0111608 0.0153046
67 0.543511 0.417969 0.0579151 0.0323661 0.0137939
74 0.542026 0.416016 0.05643 0.0290179 0.0131226
13 0.578408 0.712612 0.821206 0.561384 0.0121002
67 0.473715 0.571987 0.037125 0.0334822 0.0115967
67 0.540541 0.413783 0.060885 0.0295759 0.0104904
66 0.893971 0.621512 0.14553 0.207868 0.00837708
56 0.608108 0.669643 0.763291 0.617188 0.00751877
2 0.171889 0.953125 0.019305 0.0111608 0.00717545
67 0.459237 0.62779 0.043065 0.190848 0.00717545
8 0.170404 0.954241 0.0230175 0.0133928 0.00564194
67 0.446985 0.583147 0.0757351 0.127232 0.00551224
33 0.496733 0.340402 0.891001 0.50558 0.00542831
26 0.600312 0.799665 0.398723 0.381696 0.00503922
67 0.465177 0.584263 0.03267 0.0569196 0.00450516
27 0.689226 0.743304 0.575809 0.5 0.00439835
57 0.577666 0.658622 0.792991 0.682757 0.00397491
65 0.474087 0.609933 0.0571726 0.0948661 0.00338936
31 0.600312 0.799665 0.398723 0.381696 0.00331116
26 0.420255 0.635184 0.117315 0.260882 0.00319672
56 0.575438 0.494699 0.788536 0.49163 0.00319672
33 0.0816751 0.958705 0.013365 0.0111608 0.00317192
67 0.468518 0.597656 0.0445501 0.0892857 0.00311089
0 0.21811 0.947545 0.0100238 0.00892849 0.003088
0 0.170218 0.953125 0.022275 0.0111608 0.0029583
13 0.576923 0.59933 0.784081 0.611607 0.00251198
79 0.470003 0.649554 0.03267 0.15625 0.00236893
79 0.470003 0.685268 0.0259876 0.0870536 0.00219917
25 0.591402 0.4601 0.717998 0.584263 0.00219917
73 0.600312 0.799665 0.398723 0.381696 0.00219917
0 0.600312 0.799665 0.398723 0.381696 0.00216484
25 0.576923 0.59933 0.784081 0.611607 0.00213242
25 0.490422 0.704799 0.902138 0.558036 0.00206757
13 0.575438 0.494699 0.788536 0.49163 0.00203514
65 0.468518 0.597656 0.0445501 0.0892857 0.00195694
25 0.322245 0.476493 0.635581 0.563756 0.00195694
0 0.0831601 0.958705 0.0170775 0.0111608 0.00194931
65 0.472973 0.616629 0.0467775 0.078125 0.00184631
14 0.21811 0.947545 0.0100238 0.00892849 0.00178909
73 0.888031 0.597238 0.15444 0.256417 0.00176811
67 0.476314 0.582589 0.0482626 0.0558036 0.00170708
33 0.171889 0.953125 0.019305 0.0111608 0.00168133
56 0.849421 0.576032 0.1188 0.115792 0.00165462
65 0.600312 0.799665 0.398723 0.381696 0.0016489
67 0.470003 0.68471 0.02673 0.0859375 0.00162888
27 0.623515 0.655134 0.520122 0.685268 0.00162315
36 0.600312 0.799665 0.398723 0.381696 0.00162315
25 0.29403 0.637137 0.534601 0.248047 0.00161076
27 0.470003 0.641741 0.0378675 0.175223 0.00157356
8 0.21811 0.947545 0.0100238 0.00892849 0.00150681
56 0.816751 0.507812 0.29997 0.444196 0.00150681
55 0.542397 0.414062 0.0586575 0.0279018 0.00146103
65 0.470003 0.632673 0.0415801 0.227958 0.0014267
37 0.171146 0.953125 0.0211613 0.0111608 0.00141621
59 0.578408 0.712612 0.821206 0.561384 0.00140476
8 0.167434 0.953125 0.0274725 0.0111608 0.00138855
65 0.470003 0.685268 0.0259876 0.0870536 0.00134087
60 0.578408 0.712612 0.821206 0.561384 0.00133038
43 0.600312 0.799665 0.398723 0.381696 0.00132465
67 0.53757 0.402344 0.0772201 0.0558036 0.00130463
67 0.44253 0.608259 0.0905851 0.216518 0.00129986
7 0.171889 0.953125 0.019305 0.0111608 0.00126934
25 0.792248 0.441964 0.319275 0.553571 0.00122547
67 0.45441 0.549107 0.05346 0.0814732 0.00119686
79 0.546481 0.417969 0.0534601 0.03125 0.00115585
67 0.467775 0.622768 0.0400951 0.216518 0.00115108
13 0.855361 0.229213 0.28809 0.248047 0.00115108
56 0.879121 0.572545 0.17523 0.3125 0.00113392
65 0.476685 0.611607 0.060885 0.0647321 0.00106525
34 0.470374 0.685826 0.0259875 0.0859375 0.00104809
56 0.764961 0.581473 0.314449 0.138393 0.00104809
66 0.834571 0.648438 0.26433 0.145089 0.00104809
19 0.0814895 0.958705 0.01188 0.0100446 0.00103188
19 0.171146 0.953125 0.0211613 0.0111608 0.00102425
77 0.677903 0.61942 0.634096 0.745536 0.00100803
0 0.655071 0.617746 0.590659 0.746652 0.890137
25 0.46926 0.397879 0.935551 0.628348 0.756348
25 0.477428 0.529018 0.945946 0.625 0.146606
8 0.171889 0.953125 0.0185625 0.0111608 0.110474
67 0.468147 0.570871 0.0230175 0.0301339 0.0933228
0 0.0813038 0.958705 0.01188 0.00892858 0.0680542
27 0.612934 0.801339 0.394268 0.381696 0.0670776
25 0.563929 0.350446 0.765518 0.53125 0.0607605
25 0.488566 0.61942 0.908821 0.429688 0.0325928
8 0.0816751 0.958705 0.013365 0.0111608 0.0294189
14 0.0816751 0.958705 0.013365 0.0111608 0.0288696
25 0.245397 0.422433 0.484111 0.680804 0.0178528
14 0.171146 0.953125 0.02079 0.0111608 0.0152512
13 0.578408 0.71038 0.819721 0.565848 0.0138474
67 0.473715 0.571987 0.037125 0.0334822 0.0113297
67 0.543511 0.417969 0.0579151 0.0323661 0.011116
74 0.542026 0.415737 0.05643 0.0290179 0.0110321
66 0.893971 0.62514 0.14553 0.200614 0.00941467
67 0.540541 0.413783 0.060885 0.0295759 0.00806427
2 0.171889 0.953125 0.0185625 0.0111608 0.00800323
56 0.616276 0.672433 0.745471 0.608259 0.00709534
67 0.458494 0.626116 0.0445501 0.203125 0.0068512
27 0.690526 0.792411 0.549451 0.401786 0.00638962
67 0.446243 0.583845 0.0757351 0.126953 0.00559998
26 0.420255 0.634068 0.117315 0.25865 0.0041008
67 0.464805 0.584821 0.03267 0.0580357 0.0039444
8 0.170404 0.954241 0.0230175 0.0133928 0.00382423
26 0.600683 0.796875 0.402435 0.388393 0.0036068
57 0.578408 0.71038 0.819721 0.565848 0.00329781
33 0.0816751 0.958705 0.013365 0.0111608 0.00314713
56 0.578408 0.494489 0.782596 0.486468 0.00314713
65 0.474087 0.609933 0.0571726 0.0948661 0.00312424
67 0.468518 0.598214 0.0445501 0.0904018 0.00301552
25 0.579893 0.589146 0.778141 0.600725 0.00291252
0 0.217924 0.947545 0.00965252 0.00892849 0.00282288
0 0.170218 0.953125 0.022275 0.0111608 0.00266266
25 0.577666 0.494699 0.761806 0.526228 0.00264168
33 0.493021 0.335659 0.888031 0.496094 0.0024147
25 0.490793 0.708705 0.902881 0.551339 0.00226974
79 0.469632 0.647321 0.03267 0.158482 0.00221634
31 0.600683 0.796875 0.402435 0.388393 0.00219154
13 0.579893 0.589146 0.778141 0.600725 0.00213242
79 0.470003 0.685268 0.02673 0.0870536 0.00206757
25 0.361227 0.442801 0.712058 0.638951 0.00194168
65 0.468518 0.598214 0.0445501 0.0904018 0.00186729
0 0.0831601 0.958705 0.0170775 0.0111608 0.00185299
65 0.470003 0.632812 0.0415801 0.233259 0.00174141
27 0.470003 0.638951 0.037125 0.18192 0.00174141
36 0.600683 0.796875 0.402435 0.388393 0.0017271
56 0.849421 0.576032 0.1188 0.115792 0.00171375
67 0.476685 0.583147 0.0475201 0.0569197 0.00171375
73 0.888031 0.597656 0.15147 0.254464 0.0017004
13 0.855361 0.22876 0.28809 0.248396 0.0016489
67 0.470003 0.68471 0.02673 0.0859375 0.00163555
25 0.291803 0.639509 0.527176 0.246652 0.00163555
33 0.171889 0.953125 0.0185625 0.0111608 0.00161076
27 0.680131 0.631696 0.619246 0.720982 0.00161076
65 0.472973 0.616629 0.0467775 0.078125 0.00159168
57 0.579893 0.589146 0.778141 0.600725 0.00152493
67 0.44253 0.606585 0.0920701 0.214286 0.00150108
27 0.470003 0.632812 0.0415801 0.233259 0.00150108
66 0.835313 0.648438 0.26136 0.145089 0.0014782
27 0.599569 0.51144 0.0839026 0.0636161 0.00146103
67 0.432135 0.631696 0.0935551 0.258929 0.0014267
0 0.600683 0.796875 0.402435 0.388393 0.0014267
14 0.217924 0.947545 0.00965252 0.00892849 0.00141621
56 0.816751 0.509487 0.298485 0.440848 0.00141048
7 0.171889 0.953125 0.0185625 0.0111608 0.00140476
67 0.467775 0.623326 0.0400951 0.223214 0.00131989
25 0.792991 0.447545 0.31482 0.544643 0.00127888
65 0.470003 0.685268 0.02673 0.0870536 0.00126934
59 0.578408 0.71038 0.819721 0.565848 0.00124931
77 0.677161 0.619978 0.626671 0.74442 0.00123501
37 0.171146 0.953125 0.02079 0.0111608 0.00119686
0 0.635581 0.433873 0.479656 0.369978 0.0011158
25 0.616276 0.672433 0.745471 0.608259 0.0011158
67 0.449955 0.549107 0.0616276 0.0814732 0.00106525
56 0.76162 0.581613 0.321132 0.140346 0.00105667
65 0.470003 0.638951 0.037125 0.18192 0.00105286
56 0.880606 0.569336 0.17523 0.318917 0.00104809
60 0.622327 0.698103 0.755346 0.574777 0.00104809
65 0.476685 0.611607 0.060885 0.0658482 0.00103664
55 0.542397 0.413784 0.0579151 0.0279018 0.00102806
79 0.546481 0.417969 0.0534601 0.030692 0.00102806
8 0.217924 0.947545 0.00965252 0.00892849 0.00101185
0 0.656185 0.617188 0.591402 0.747768 0.88916
25 0.470745 0.396763 0.938521 0.626116 0.754883
25 0.47817 0.524275 0.945946 0.621094 0.137085
8 0.171889 0.953125 0.0185625 0.0111608 0.0933228
67 0.468518 0.570871 0.022275 0.0301339 0.0913696
0 0.0814895 0.958705 0.01188 0.00892858 0.065979
27 0.614048 0.801897 0.39798 0.38058 0.0423889
25 0.488194 0.628348 0.908078 0.421875 0.0298767
8 0.0816751 0.958705 0.013365 0.0111608 0.0255585
14 0.0816751 0.958705 0.013365 0.0111608 0.0227203
25 0.567642 0.352121 0.756608 0.532366 0.014061
67 0.543511 0.417969 0.0579151 0.0323661 0.013588
14 0.171146 0.953125 0.02079 0.0111608 0.0123367
25 0.246139 0.417969 0.484111 0.679688 0.0117798
67 0.473715 0.571987 0.037125 0.0334822 0.0115051
13 0.578037 0.696429 0.821948 0.59375 0.0114212
74 0.541654 0.415737 0.0571725 0.0290179 0.00981903
66 0.892486 0.610631 0.141075 0.222935 0.00974274
2 0.171889 0.953125 0.0185625 0.0111608 0.00857544
25 0.582121 0.576451 0.772201 0.597098 0.00605011
66 0.891001 0.641741 0.13959 0.158482 0.00595856
67 0.459608 0.628209 0.043065 0.212333 0.00544739
27 0.698693 0.793527 0.567271 0.397321 0.0050621
25 0.351945 0.633929 0.620731 0.427455 0.00494385
56 0.619988 0.662388 0.739531 0.628348 0.00473785
67 0.446243 0.583147 0.0757351 0.126116 0.00457382
26 0.420255 0.632952 0.116573 0.256417 0.00441742
67 0.465177 0.584821 0.03267 0.0580357 0.0039444
33 0.0816751 0.958705 0.013365 0.0111608 0.00338936
8 0.170404 0.954241 0.0230175 0.0133928 0.00318527
65 0.474458 0.612165 0.0579151 0.0870535 0.00302696
26 0.602539 0.792969 0.406148 0.396205 0.0029583
25 0.608851 0.459821 0.680131 0.565848 0.00277901
27 0.601426 0.511161 0.0801901 0.063616 0.00275803
67 0.46926 0.597238 0.046035 0.0890067 0.00269318
0 0.170218 0.953125 0.022275 0.0111608 0.00268364
0 0.217924 0.947545 0.00965252 0.00892849 0.00257111
25 0.49005 0.712054 0.899911 0.542411 0.00245285
57 0.578037 0.696429 0.821948 0.59375 0.00225258
79 0.469632 0.648996 0.03267 0.15625 0.00220871
56 0.580264 0.488839 0.778883 0.491071 0.00191212
27 0.470003 0.641183 0.0378675 0.177455 0.00189686
79 0.470003 0.685268 0.02673 0.0870536 0.00184631
0 0.0831601 0.958705 0.0170775 0.0111608 0.00182438
67 0.538684 0.412667 0.0660826 0.0357143 0.0018034
66 0.836798 0.648438 0.256905 0.143973 0.00172043
25 0.619988 0.662388 0.739531 0.628348 0.00168705
27 0.470003 0.632255 0.0415801 0.232143 0.0016489
25 0.795961 0.450405 0.30888 0.536691 0.0016489
65 0.46926 0.597238 0.046035 0.0890067 0.00164223
65 0.470003 0.632255 0.0415801 0.232143 0.00160408
33 0.171889 0.953125 0.0185625 0.0111608 0.00157928
31 0.602539 0.792969 0.406148 0.396205 0.00155449
67 0.476685 0.583705 0.0482626 0.0580357 0.00153065
27 0.680131 0.631836 0.617761 0.720703 0.00148964
73 0.888031 0.598075 0.15147 0.252511 0.0014782
33 0.492278 0.329799 0.889516 0.484375 0.0014782
7 0.171889 0.953125 0.0185625 0.0111608 0.00144958
56 0.850163 0.575893 0.1188 0.116071 0.00144386
25 0.29106 0.649414 0.518265 0.221261 0.00144386
67 0.470003 0.684152 0.02673 0.0870536 0.00136662
0 0.602539 0.792969 0.406148 0.396205 0.00135612
36 0.602539 0.792969 0.406148 0.396205 0.00130463
67 0.468518 0.623884 0.0408375 0.223214 0.00128937
0 0.634838 0.435268 0.484111 0.370536 0.00123501
77 0.677903 0.620396 0.625186 0.745815 0.00123024
13 0.855361 0.232701 0.28809 0.256696 0.00117397
67 0.430279 0.632812 0.0972676 0.261161 0.00116062
67 0.536828 0.402902 0.0772201 0.0546875 0.00113392
79 0.546481 0.418248 0.0542025 0.030692 0.00110722
67 0.444758 0.609375 0.0994951 0.222098 0.00110722
59 0.578037 0.696429 0.821948 0.59375 0.00110722
13 0.582121 0.576451 0.772201 0.597098 0.00109482
14 0.217924 0.947545 0.00965252 0.00892849 0.00109005
65 0.470003 0.685268 0.02673 0.0870536 0.00105286
65 0.477428 0.611049 0.0623701 0.0647322 0.00103664
37 0.171146 0.953125 0.02079 0.0111608 0.00102806
66 0.886546 0.675223 0.12474 0.0937501 0.00101662
0 0.664538 0.604353 0.607366 0.75558 0.88916
25 0.471488 0.395647 0.940006 0.623884 0.760742
25 0.478913 0.521205 0.945946 0.610491 0.127197
67 0.468147 0.570871 0.0230175 0.0301339 0.092041
8 0.171889 0.953125 0.0185625 0.0111608 0.085083
0 0.0814895 0.958705 0.013365 0.0111608 0.0690308
27 0.602911 0.794643 0.402435 0.391741 0.0367737
25 0.488566 0.635603 0.908821 0.416295 0.029541
8 0.0814895 0.958705 0.013365 0.0111608 0.0228882
14 0.0814895 0.958705 0.01188 0.00892858 0.0205688
67 0.543511 0.417969 0.0579151 0.0323661 0.0185394
13 0.578408 0.704102 0.821206 0.578404 0.0115967
67 0.473715 0.571987 0.037125 0.0334822 0.0114212
14 0.171146 0.952567 0.0211613 0.0111607 0.0110703
25 0.547966 0.342634 0.804871 0.515625 0.0105667
74 0.541654 0.415737 0.0571725 0.0290179 0.0100937
25 0.245861 0.415737 0.483925 0.674107 0.00923157
66 0.892486 0.609933 0.141075 0.223214 0.0085144
2 0.171889 0.953125 0.0185625 0.0111608 0.00818634
14 0.0831601 0.959263 0.0170775 0.0122768 0.00595856
25 0.583234 0.576032 0.767003 0.589007 0.00591278
66 0.891001 0.641183 0.13959 0.158482 0.00572968
67 0.46035 0.631696 0.04158 0.21317 0.00544739
27 0.694981 0.795759 0.555391 0.392857 0.0051384
25 0.341922 0.639509 0.602168 0.417411 0.00496292
25 0.587968 0.445033 0.730806 0.522879 0.00468063
26 0.420255 0.631557 0.116573 0.252511 0.00457382
56 0.578408 0.704102 0.821206 0.578404 0.00439835
67 0.465177 0.583705 0.03267 0.0558036 0.00419998
67 0.446614 0.583566 0.0764776 0.125279 0.00415039
33 0.0814895 0.958705 0.013365 0.0111608 0.00374985
27 0.601426 0.511161 0.0801901 0.063616 0.00333786
26 0.602911 0.794643 0.402435 0.391741 0.00312424
8 0.170404 0.954241 0.0230175 0.0133928 0.00296974
65 0.474458 0.612723 0.0579151 0.0848215 0.00279999
0 0.170218 0.953125 0.022275 0.0111608 0.00279045
0 0.217924 0.947545 0.00965252 0.00892849 0.00257111
67 0.46926 0.596959 0.046035 0.0873326 0.00254059
67 0.539056 0.412946 0.0668251 0.0357143 0.00217438
79 0.470003 0.648438 0.03267 0.15625 0.00213242
57 0.578408 0.704102 0.821206 0.578404 0.0020504
79 0.470003 0.685268 0.02673 0.0870536 0.00186729
27 0.470003 0.641602 0.0378675 0.176618 0.00175476
33 0.171889 0.953125 0.0185625 0.0111608 0.00173378
66 0.837541 0.649554 0.25542 0.142857 0.00171375
25 0.797446 0.451521 0.30591 0.526646 0.0016489
56 0.580636 0.491699 0.778141 0.484236 0.00163555
25 0.590195 0.525391 0.708531 0.432478 0.0015974
27 0.470003 0.633371 0.0415801 0.233259 0.00157928
65 0.470003 0.633371 0.0415801 0.233259 0.00156116
0 0.602911 0.794643 0.402435 0.391741 0.00156116
25 0.625928 0.663504 0.727651 0.626116 0.00153637
67 0.476314 0.583705 0.0482626 0.0558036 0.00151253
65 0.46926 0.596959 0.046035 0.0873326 0.00150108
7 0.171889 0.953125 0.0185625 0.0111608 0.00140476
31 0.602911 0.794643 0.402435 0.391741 0.00139904
25 0.290318 0.657924 0.515296 0.202009 0.00138855
67 0.536828 0.402902 0.0772201 0.0546875 0.00137234
0 0.636323 0.435547 0.479656 0.369978 0.00136185
73 0.888031 0.597656 0.15147 0.252232 0.00134563
56 0.850163 0.575893 0.1188 0.116071 0.00133514
33 0.493763 0.325614 0.888031 0.476004 0.00133038
67 0.470003 0.684152 0.02673 0.0870536 0.00131989
27 0.680873 0.632254 0.619246 0.719866 0.00129414
13 0.857588 0.226842 0.283635 0.249442 0.00127411
77 0.678831 0.620396 0.629269 0.745815 0.00127411
67 0.468518 0.624442 0.04158 0.22433 0.0012598
67 0.550193 0.417969 0.05346 0.0267857 0.00121593
79 0.546481 0.417969 0.0549451 0.0301339 0.00120163
36 0.602911 0.794643 0.402435 0.391741 0.00119686
0 0.686813 0.746791 0.562816 0.490792 0.0011425
65 0.470003 0.685268 0.02673 0.0870536 0.00112057
43 0.470003 0.684152 0.02673 0.0870536 0.00111198
59 0.578408 0.704102 0.821206 0.578404 0.00109482
79 0.562444 0.420759 0.0452926 0.0256696 0.00108147
56 0.778141 0.571429 0.26136 0.169643 0.00106525
0 0.595857 0.402623 0.342293 0.304129 0.00106049
37 0.171146 0.952567 0.0211613 0.0111607 0.00100803
0 0.665466 0.605469 0.611449 0.753348 0.88916
25 0.47223 0.392857 0.941491 0.618304 0.757812
25 0.479284 0.520089 0.945203 0.600446 0.112
67 0.468147 0.570871 0.0230175 0.0301339 0.0881958
8 0.171889 0.953125 0.0185625 0.0111608 0.0758667
0 0.0814895 0.959263 0.013365 0.0122768 0.0628052
25 0.489679 0.640067 0.912533 0.414063 0.029541
27 0.605138 0.791295 0.405405 0.397321 0.0234222
8 0.0814895 0.959263 0.013365 0.0122768 0.0202484
67 0.543511 0.417969 0.0579151 0.031808 0.0190582
14 0.0816751 0.958705 0.01188 0.0111608 0.0181885
13 0.578037 0.705357 0.824918 0.575893 0.0119629
67 0.473715 0.571987 0.037125 0.0334822 0.0104904
74 0.541654 0.415737 0.0571725 0.0290179 0.00963593
14 0.171146 0.952567 0.0211613 0.0111607 0.00955963
2 0.171889 0.953125 0.0185625 0.0111608 0.00837708
25 0.546481 0.336775 0.806356 0.50279 0.00748825
25 0.245025 0.414621 0.482625 0.666295 0.00740433
66 0.892486 0.608817 0.13959 0.225446 0.0069046
25 0.582863 0.575335 0.769231 0.58817 0.0069046
14 0.0831601 0.959263 0.0170775 0.0122768 0.00519943
66 0.891001 0.641741 0.13959 0.158482 0.00481033
25 0.338673 0.643973 0.596785 0.409598 0.00471878
56 0.578037 0.705357 0.824918 0.575893 0.00436401
67 0.461835 0.632812 0.04158 0.214286 0.00432968
26 0.420255 0.629464 0.11583 0.248884 0.00432968
33 0.0814895 0.959263 0.013365 0.0122768 0.00407028
27 0.685885 0.747907 0.564672 0.48856 0.00405502
67 0.464805 0.583705 0.03267 0.0558036 0.00399017
25 0.596599 0.447266 0.713543 0.500558 0.00340271
67 0.446614 0.583147 0.0764776 0.123884 0.00322342
27 0.601426 0.51144 0.0801901 0.0636161 0.00316048
26 0.605138 0.791295 0.405405 0.397321 0.00298119
8 0.170404 0.954241 0.0230175 0.0133928 0.00294685
65 0.474458 0.612723 0.0579151 0.0825893 0.0026207
0 0.170218 0.953125 0.022275 0.0111608 0.00250244
0 0.217924 0.947545 0.00965252 0.00892849 0.00250244
67 0.468889 0.595982 0.046035 0.0859375 0.00215721
67 0.539056 0.412946 0.0668251 0.0357143 0.00199509
33 0.171889 0.953125 0.0185625 0.0111608 0.00189686
0 0.685885 0.747907 0.564672 0.48856 0.00183868
57 0.578037 0.705357 0.824918 0.575893 0.00179577
79 0.470374 0.648438 0.034155 0.15625 0.00173378
25 0.797446 0.45173 0.30294 0.521763 0.00171375
0 0.605138 0.791295 0.405405 0.397321 0.00168705
79 0.470003 0.68471 0.02673 0.0881697 0.00164223
25 0.627413 0.662946 0.726166 0.627232 0.00162888
27 0.470374 0.641183 0.03861 0.178571 0.00157356
66 0.838283 0.65067 0.253935 0.138393 0.0015192
7 0.171889 0.953125 0.0185625 0.0111608 0.00148392
65 0.468889 0.595982 0.046035 0.0859375 0.00140476
56 0.578037 0.492815 0.783338 0.482003 0.00137806
0 0.635766 0.436105 0.477799 0.371094 0.00135136
67 0.476314 0.583705 0.0482626 0.0558036 0.00134563
65 0.470374 0.633929 0.04158 0.234375 0.00129986
25 0.290318 0.66183 0.513811 0.194196 0.0012846
67 0.550193 0.417969 0.05346 0.0267857 0.00127411
31 0.605138 0.791295 0.405405 0.397321 0.00123024
67 0.536828 0.403181 0.0772201 0.0546875 0.00122547
26 0.498218 0.684152 0.0935551 0.189732 0.00119686
73 0.888031 0.59654 0.15147 0.253348 0.00118828
25 0.857885 0.241071 0.284229 0.279018 0.0011692
56 0.777398 0.570312 0.26136 0.167411 0.00116539
56 0.850163 0.575893 0.1188 0.117188 0.00116062
43 0.470003 0.684152 0.02673 0.0870536 0.00113392
33 0.495619 0.322266 0.888773 0.469308 0.00113392
79 0.546481 0.417969 0.0549451 0.0301339 0.00109863
36 0.605138 0.791295 0.405405 0.397321 0.00109482
13 0.857588 0.227992 0.283635 0.252162 0.00105667
2 0.0814895 0.959263 0.013365 0.0122768 0.00105286
26 0.462949 0.723214 0.146273 0.220982 0.00104046
59 0.578037 0.705357 0.824918 0.575893 0.00103664
65 0.470003 0.68471 0.02673 0.0881697 0.00102043
79 0.562073 0.420759 0.0452925 0.0256696 0.00100803
0 0.666766 0.607701 0.614791 0.751116 0.888184
25 0.471488 0.38923 0.942976 0.612165 0.741699
25 0.478913 0.526228 0.942976 0.595982 0.107056
67 0.468147 0.570871 0.0230175 0.0301339 0.0769653
8 0.171889 0.953683 0.0185625 0.0111608 0.0583496
0 0.0816751 0.958705 0.01188 0.0111608 0.0582275
25 0.486709 0.645229 0.906593 0.405971 0.0380249
27 0.607737 0.792969 0.389813 0.396205 0.0263519
67 0.467404 0.574777 0.02673 0.0401786 0.0190582
8 0.0814895 0.959263 0.013365 0.0122768 0.0181885
14 0.0816751 0.958705 0.01188 0.0111608 0.0168457
13 0.579522 0.714425 0.826403 0.559989 0.0155411
67 0.543139 0.417969 0.0579151 0.03125 0.0127716
2 0.171889 0.953683 0.0185625 0.0111608 0.00878143
67 0.474087 0.572545 0.0378676 0.0334821 0.0086441
74 0.541654 0.415737 0.0571725 0.0290179 0.00857544
14 0.171332 0.952567 0.0211613 0.0111607 0.00717545
25 0.589546 0.500488 0.760321 0.476702 0.00658798
25 0.24419 0.412667 0.481326 0.661272 0.00651169
25 0.315934 0.647182 0.554648 0.3976 0.00619125
26 0.420255 0.62779 0.11583 0.246652 0.006073
56 0.579522 0.714425 0.826403 0.559989 0.00593567
14 0.0831601 0.959263 0.0170775 0.0122768 0.00448608
33 0.0814895 0.959263 0.013365 0.0122768 0.00402451
67 0.464434 0.584263 0.0334125 0.0569196 0.00376511
66 0.895456 0.622628 0.14256 0.205636 0.00374985
25 0.485596 0.725446 0.896941 0.510045 0.00370789
27 0.688298 0.751674 0.556876 0.482143 0.00356483
26 0.607737 0.792969 0.389813 0.396205 0.00349617
67 0.459608 0.634068 0.0467776 0.225167 0.00348282
67 0.446985 0.582729 0.0757351 0.124721 0.00327301
25 0.599105 0.659598 0.753081 0.672991 0.00298119
25 0.551307 0.314453 0.795218 0.458147 0.00277901
27 0.601426 0.51144 0.0801901 0.0636161 0.00244331
0 0.688298 0.751674 0.556876 0.482143 0.00237846
8 0.170404 0.954241 0.0226463 0.0133928 0.00235939
25 0.627413 0.377302 0.635581 0.552316 0.00214958
65 0.475572 0.614397 0.0616276 0.0792411 0.0020504
56 0.595857 0.586914 0.749183 0.567243 0.00200272
0 0.217924 0.947545 0.010395 0.00892849 0.00196457
13 0.856846 0.226144 0.28512 0.252511 0.00194168
57 0.579522 0.714425 0.826403 0.559989 0.00194168
0 0.607737 0.792969 0.389813 0.396205 0.00192642
67 0.470746 0.595982 0.0504901 0.0859375 0.00185299
56 0.775171 0.569057 0.265815 0.163225 0.00174141
56 0.579893 0.500837 0.785566 0.469308 0.0015974
0 0.170033 0.953125 0.022275 0.0111608 0.00156689
0 0.637251 0.437221 0.462949 0.373326 0.00156116
25 0.858628 0.240269 0.282744 0.277274 0.00154305
7 0.171889 0.953683 0.0185625 0.0111608 0.00151253
26 0.462578 0.723214 0.147015 0.220982 0.00151253
25 0.289947 0.658482 0.511583 0.203125 0.00151253
33 0.171889 0.953683 0.0185625 0.0111608 0.00149536
0 0.461835 0.597098 0.852391 0.6875 0.0014782
26 0.497847 0.686942 0.0950401 0.196429 0.00142097
25 0.798188 0.450893 0.30294 0.510045 0.00140476
26 0.648203 0.560128 0.319275 0.174386 0.00139427
0 0.0831601 0.959263 0.0170775 0.0122768 0.00138283
79 0.470003 0.684152 0.02673 0.0870536 0.00135136
33 0.493763 0.313895 0.892486 0.453125 0.00134087
67 0.538684 0.412946 0.0660826 0.0345982 0.00133514
13 0.595857 0.586914 0.749183 0.567243 0.00126457
24 0.420255 0.62779 0.11583 0.246652 0.00122547
27 0.470746 0.640765 0.03861 0.180525 0.00121593
79 0.470746 0.647321 0.0348975 0.15625 0.00121593
43 0.470003 0.684152 0.02673 0.0859375 0.00114727
2 0.0814895 0.959263 0.013365 0.0122768 0.00112438
27 0.470374 0.636161 0.0423225 0.238839 0.00112438
67 0.476685 0.583705 0.0490051 0.0558036 0.00107765
65 0.470374 0.636161 0.0423225 0.238839 0.00104046
25 0.618132 0.508371 0.628898 0.358259 0.00104046
65 0.470746 0.595982 0.0504901 0.0859375 0.00102806
26 0.688298 0.751674 0.556876 0.482143 0.00101662
0 0.666951 0.608259 0.620359 0.752232 0.876465
25 0.471488 0.385045 0.942976 0.601562 0.73584
25 0.479656 0.538504 0.944461 0.616071 0.110107
0 0.0816751 0.959263 0.01188 0.0100447 0.0531921
67 0.468147 0.571429 0.0230175 0.03125 0.0514526
8 0.171703 0.953683 0.0185625 0.0111608 0.0456848
25 0.486338 0.647461 0.907336 0.405971 0.0441895
13 0.580636 0.714425 0.825661 0.559989 0.0161591
8 0.0814895 0.959263 0.013365 0.0122768 0.0156708
14 0.0816751 0.959263 0.01188 0.0100447 0.0146713
27 0.611078 0.782366 0.39798 0.419643 0.0139008
67 0.467404 0.575893 0.0274725 0.0412947 0.0128708
25 0.606623 0.381069 0.678646 0.560407 0.0123367
67 0.542768 0.417969 0.057915 0.03125 0.00812531
2 0.171703 0.953683 0.0185625 0.0111608 0.00723267
26 0.420255 0.627093 0.116573 0.245815 0.00709534
74 0.541283 0.415458 0.0564301 0.0284598 0.00703812
25 0.309252 0.648298 0.543511 0.393136 0.0068512
56 0.580636 0.714425 0.825661 0.559989 0.00666809
25 0.591031 0.506417 0.761806 0.473772 0.00626373
67 0.474458 0.572545 0.03861 0.0345982 0.00579834
25 0.242798 0.412946 0.478913 0.665179 0.00496292
14 0.171332 0.952567 0.0211613 0.0111607 0.0049057
14 0.0831601 0.959263 0.0170775 0.0122768 0.00431442
25 0.480769 0.727679 0.887288 0.504464 0.00415039
25 0.600776 0.602818 0.74083 0.544364 0.00342941
33 0.0814895 0.959263 0.013365 0.0122768 0.00321007
13 0.858257 0.230329 0.283487 0.254185 0.0026722
66 0.895456 0.621094 0.144045 0.210938 0.00266266
67 0.446614 0.583845 0.0757351 0.126953 0.00265312
67 0.464063 0.584821 0.034155 0.0558035 0.00257111
27 0.691268 0.746094 0.565786 0.49442 0.0024929
57 0.580636 0.714425 0.825661 0.559989 0.00246239
26 0.611078 0.782366 0.39798 0.419643 0.00213242
56 0.600776 0.602818 0.74083 0.544364 0.00209999
27 0.601426 0.511161 0.0787051 0.063616 0.00202751
56 0.591031 0.506417 0.761806 0.473772 0.00201035
0 0.462578 0.603795 0.865756 0.698661 0.00195694
25 0.732848 0.379464 0.42768 0.540179 0.00193405
8 0.170404 0.954241 0.0226463 0.0133928 0.00188255
56 0.773686 0.567941 0.268785 0.160993 0.00183868
67 0.458123 0.633371 0.0549451 0.247768 0.00174141
25 0.28874 0.657924 0.512511 0.209821 0.0017271
26 0.652101 0.560268 0.305539 0.176339 0.0015974
0 0.217924 0.947545 0.010395 0.00892849 0.00138855
65 0.476685 0.615513 0.0638551 0.078125 0.00138283
13 0.600776 0.602818 0.74083 0.544364 0.00136662
26 0.496733 0.691964 0.0980101 0.212054 0.00134563
67 0.47223 0.595843 0.0549451 0.0851005 0.00130939
25 0.858628 0.244699 0.282744 0.285156 0.00129986
26 0.46332 0.720424 0.147758 0.226562 0.00129414
24 0.420255 0.627093 0.116573 0.245815 0.0012598
7 0.171703 0.953683 0.0185625 0.0111608 0.00123978
25 0.798931 0.449847 0.301455 0.496512 0.00122547
0 0.635581 0.437779 0.45738 0.374442 0.0011692
0 0.691268 0.746094 0.565786 0.49442 0.0011692
25 0.756608 0.508929 0.43362 0.441964 0.0011425
33 0.491536 0.313616 0.895456 0.451451 0.00109863
0 0.611078 0.782366 0.39798 0.419643 0.00109482
0 0.170033 0.953125 0.022275 0.0111608 0.00103188
33 0.171703 0.953683 0.0185625 0.0111608 0.00102425
25 0.335239 0.734375 0.524206 0.392857 0.00102043
43 0.470003 0.684152 0.02673 0.0870536 0.00100803
0 0.666766 0.617746 0.616276 0.752232 0.866699
25 0.47223 0.389509 0.944461 0.613839 0.725098
25 0.480027 0.552734 0.948173 0.644531 0.100891
25 0.487081 0.647321 0.911791 0.412946 0.0509033
0 0.0820463 0.959263 0.01188 0.0100447 0.0466309
67 0.468518 0.571429 0.022275 0.03125 0.0343628
8 0.171703 0.953683 0.0185625 0.0111608 0.0301056
13 0.581378 0.702009 0.827146 0.583705 0.0173798
25 0.409489 0.480957 0.811553 0.549247 0.0145035
14 0.0820463 0.959263 0.01188 0.0100447 0.0121002
8 0.0816751 0.959822 0.013365 0.0111608 0.0113297
67 0.467033 0.577009 0.028215 0.0435268 0.00818634
25 0.311108 0.646763 0.552421 0.396205 0.0078125
2 0.171703 0.953683 0.0185625 0.0111608 0.00775528
56 0.581378 0.702009 0.827146 0.583705 0.00720596
26 0.420255 0.62779 0.117315 0.246652 0.00714874
25 0.590659 0.512556 0.768488 0.477121 0.00658798
67 0.542768 0.417969 0.0571726 0.03125 0.00561905
74 0.541283 0.415737 0.0556875 0.0279018 0.00519943
25 0.48114 0.729353 0.899911 0.510045 0.00518036
13 0.858331 0.231724 0.28215 0.256417 0.00500107
27 0.623701 0.796317 0.39501 0.393973 0.00468063
67 0.474458 0.572545 0.03861 0.0345982 0.00395966
25 0.241684 0.414621 0.476685 0.670759 0.00382423
14 0.0831601 0.959263 0.0170775 0.0122768 0.00358009
14 0.171518 0.953125 0.0215325 0.0111608 0.00322342
25 0.734333 0.381138 0.426195 0.545759 0.00309944
25 0.598456 0.618443 0.745471 0.537667 0.0029583
57 0.581378 0.702009 0.827146 0.583705 0.0024929
56 0.598456 0.618443 0.745471 0.537667 0.00235939
25 0.287719 0.657506 0.517523 0.231864 0.00230598
33 0.0816751 0.959822 0.013365 0.0111608 0.00226974
67 0.446243 0.583705 0.0757351 0.128348 0.00219917
56 0.590659 0.512556 0.768488 0.477121 0.0020752
0 0.462578 0.611607 0.880606 0.714286 0.0020504
66 0.896941 0.618443 0.14553 0.218471 0.00172043
56 0.770716 0.567522 0.27621 0.159598 0.00166798
67 0.46332 0.584821 0.03564 0.0558035 0.00163555
26 0.654886 0.560128 0.297 0.176618 0.00161076
26 0.422854 0.670201 0.123998 0.315848 0.0015974
25 0.701663 0.511719 0.553906 0.4375 0.00150108
13 0.598456 0.618443 0.745471 0.537667 0.00144386
8 0.170404 0.954241 0.0226463 0.0133928 0.0014267
27 0.601054 0.51144 0.0779626 0.0636161 0.00134087
7 0.171703 0.953683 0.0185625 0.0111608 0.00127888
2 0.0816751 0.959822 0.013365 0.0111608 0.00119686
24 0.420255 0.62779 0.117315 0.246652 0.00116062
26 0.494505 0.697545 0.10395 0.229911 0.00116062
25 0.858628 0.247489 0.282744 0.289621 0.00112438
27 0.696466 0.743443 0.577666 0.501953 0.00112438
25 0.328185 0.736049 0.512326 0.401786 0.00107765
67 0.464805 0.626674 0.04752 0.245536 0.00106525
25 0.276582 0.690988 0.510098 0.325614 0.00106525
26 0.623701 0.796317 0.39501 0.393973 0.00106525
65 0.477057 0.616071 0.0668251 0.078125 0.00104427
0 0.217924 0.947545 0.010395 0.00892849 0.00101185
0 0.668251 0.617746 0.614791 0.752232 0.855469
25 0.47223 0.392299 0.944461 0.622768 0.712402
25 0.480027 0.564174 0.949659 0.658482 0.0953369
25 0.486709 0.651786 0.912533 0.419643 0.053009
0 0.0820463 0.959263 0.01188 0.0100447 0.0439453
67 0.468518 0.571429 0.022275 0.03125 0.0263519
8 0.171703 0.954241 0.0185625 0.0111607 0.0230713
25 0.374963 0.661272 0.669736 0.385045 0.0202484
13 0.580636 0.69322 0.827146 0.600167 0.0173798
25 0.403549 0.482143 0.799673 0.544643 0.012825
14 0.0820463 0.959263 0.01188 0.0100447 0.0104065
56 0.580636 0.69322 0.827146 0.600167 0.00912476
8 0.0816751 0.959822 0.013365 0.0111608 0.00881195
2 0.171703 0.954241 0.0185625 0.0111607 0.00803375
67 0.542768 0.417969 0.0571726 0.03125 0.00679779
67 0.467404 0.577567 0.028215 0.0446429 0.00595856
26 0.420627 0.628906 0.117315 0.248884 0.00595856
25 0.591031 0.513951 0.767746 0.479911 0.00577545
25 0.474458 0.731027 0.885061 0.508929 0.00519943
13 0.858331 0.23298 0.28215 0.258371 0.0051384
74 0.541283 0.415737 0.0556875 0.0284598 0.00500107
25 0.240663 0.417411 0.475015 0.671875 0.00362206
25 0.73786 0.381766 0.419142 0.546736 0.00331116
67 0.474829 0.572545 0.0393525 0.0357143 0.00322342
14 0.0831601 0.959263 0.0170775 0.0122768 0.00286674
27 0.625186 0.794085 0.39798 0.398438 0.00275803
25 0.597342 0.623326 0.747698 0.539062 0.00255013
14 0.171518 0.953125 0.0215325 0.0111608 0.0024929
57 0.580636 0.69322 0.827146 0.600167 0.00239754
56 0.591031 0.513951 0.767746 0.479911 0.00230598
25 0.28809 0.656808 0.519008 0.238839 0.00222588
67 0.445872 0.583705 0.0757351 0.129464 0.00204277
33 0.0816751 0.959822 0.013365 0.0111608 0.0018177
27 0.600683 0.511161 0.075735 0.063616 0.00163555
66 0.896941 0.618304 0.14553 0.219866 0.00153065
56 0.769231 0.567104 0.27621 0.158203 0.00151253
26 0.660826 0.560826 0.286605 0.177455 0.00147247
26 0.423225 0.672433 0.12474 0.320313 0.00141048
2 0.0816751 0.959822 0.013365 0.0111608 0.00136662
0 0.460722 0.615513 0.872438 0.715402 0.00133514
7 0.171703 0.954241 0.0185625 0.0111607 0.00130939
25 0.705376 0.512277 0.547966 0.436384 0.0012846
67 0.46332 0.584821 0.03564 0.0558035 0.00119209
27 0.663796 0.756138 0.513811 0.475446 0.00115108
25 0.32076 0.737723 0.501931 0.409598 0.0011425
26 0.494505 0.697545 0.105435 0.234375 0.00112438
25 0.275839 0.688058 0.511583 0.334821 0.0011158
56 0.705376 0.512277 0.547966 0.436384 0.00100422
0 0.66955 0.618164 0.615162 0.752511 0.851074
25 0.474087 0.408203 0.948173 0.661272 0.72168
25 0.480398 0.571429 0.951886 0.674107 0.0838623
25 0.488194 0.651925 0.915503 0.42606 0.0594177
0 0.0820463 0.959263 0.01188 0.0100447 0.0444336
25 0.488937 0.320592 0.908078 0.46596 0.0337219
25 0.57683 0.391741 0.738231 0.582589 0.0254669
67 0.468518 0.571429 0.022275 0.03125 0.0249939
25 0.370137 0.660156 0.661568 0.387277 0.0229797
13 0.582121 0.678013 0.828631 0.63058 0.0189819
8 0.171518 0.954241 0.0185625 0.0111607 0.0182648
25 0.3861 0.481655 0.764776 0.545619 0.0115051
56 0.582121 0.678013 0.828631 0.63058 0.0111618
2 0.171518 0.954241 0.0185625 0.0111607 0.00952148
14 0.0820463 0.959263 0.01188 0.0100447 0.00945282
67 0.542768 0.417969 0.0571726 0.03125 0.00923157
13 0.858331 0.2372 0.28215 0.266671 0.00800323
8 0.0816751 0.959822 0.013365 0.0111608 0.00717545
74 0.541283 0.415737 0.0564301 0.0290179 0.00584412
25 0.470003 0.731585 0.874666 0.506696 0.00572968
67 0.467404 0.578125 0.028215 0.0446429 0.00544739
26 0.420998 0.629464 0.117315 0.25 0.0050621
25 0.591773 0.524554 0.772201 0.502232 0.00475693
25 0.741758 0.383092 0.41283 0.550781 0.0037365
25 0.240477 0.417969 0.473901 0.671875 0.00365067
27 0.625186 0.794643 0.390555 0.397321 0.00313568
67 0.475201 0.572545 0.0400951 0.0357143 0.003088
56 0.591773 0.524554 0.772201 0.502232 0.003088
2 0.171518 0.952567 0.0215325 0.0122768 0.00304031
25 0.287348 0.662388 0.524948 0.280134 0.00281143
14 0.0831601 0.959263 0.0170775 0.0122768 0.00247192
57 0.582121 0.678013 0.828631 0.63058 0.00247192
67 0.4455 0.584263 0.0757351 0.129464 0.00221634
25 0.581749 0.645089 0.823433 0.660714 0.00209999
8 0.171518 0.952567 0.0215325 0.0122768 0.00185299
14 0.171518 0.952567 0.0215325 0.0122768 0.00185299
2 0.0816751 0.959822 0.013365 0.0111608 0.0017004
56 0.769231 0.56822 0.27621 0.160435 0.00168133
26 0.66361 0.55971 0.282522 0.180804 0.00162315
33 0.0816751 0.959822 0.013365 0.0111608 0.0015192
27 0.600683 0.511161 0.075735 0.063616 0.00150681
7 0.171518 0.954241 0.0185625 0.0111607 0.00150108
25 0.674191 0.51144 0.617761 0.441406 0.00150108
0 0.464063 0.617048 0.874666 0.716797 0.00141048
56 0.674191 0.51144 0.617761 0.441406 0.00133038
8 0.858331 0.2372 0.28215 0.266671 0.00126934
26 0.423225 0.672433 0.12474 0.320313 0.0012598
14 0.171518 0.954241 0.0185625 0.0111607 0.00124454
66 0.897683 0.616211 0.147015 0.2274 0.0011692
56 0.546109 0.419364 0.796703 0.587612 0.00115585
25 0.317883 0.736607 0.50026 0.416295 0.00115108
67 0.537942 0.412946 0.0660826 0.0357143 0.0011425
56 0.723381 0.583147 0.370879 0.159598 0.00111198
67 0.462949 0.58538 0.0363825 0.0558035 0.00109005
27 0.656185 0.756138 0.490422 0.476562 0.00108147
13 0.860855 0.19172 0.278289 0.170131 0.00106907
67 0.461835 0.626116 0.0579151 0.25 0.00106049
26 0.493392 0.701451 0.10989 0.246652 0.00104046
65 0.477428 0.617188 0.0683101 0.078125 0.00101662
25 0.605138 0.561523 0.708346 0.354632 0.00100803
0 0.671035 0.612584 0.624072 0.750279 0.848633
25 0.474458 0.409598 0.948916 0.667411 0.749023
25 0.480398 0.578125 0.951886 0.680804 0.0809326
25 0.487823 0.655273 0.913276 0.432757 0.058136
0 0.082232 0.959263 0.01188 0.0100447 0.0429688
25 0.488566 0.32115 0.908821 0.467076 0.0414734
67 0.468518 0.571429 0.022275 0.03125 0.0249939
25 0.574696 0.393415 0.742501 0.580357 0.0230713
25 0.363083 0.66197 0.645976 0.388114 0.0230713
13 0.608405 0.71317 0.78319 0.549107 0.0185394
8 0.171518 0.954241 0.0185625 0.0111607 0.0164032
25 0.398723 0.481585 0.788536 0.544643 0.0127258
56 0.582121 0.672433 0.827146 0.641741 0.0126266
67 0.542768 0.41769 0.057915 0.03125 0.0123825
2 0.171518 0.954241 0.0185625 0.0111607 0.0106964
14 0.082232 0.959263 0.01188 0.0100447 0.0085144
13 0.858331 0.240095 0.28215 0.2726 0.00731659
74 0.542768 0.41769 0.057915 0.03125 0.00626373
8 0.0816751 0.959822 0.013365 0.0111608 0.00619125
67 0.467404 0.577567 0.028215 0.0446429 0.00536346
25 0.458865 0.732143 0.849421 0.506696 0.00524139
26 0.420627 0.629464 0.117315 0.25 0.00473785
25 0.7438 0.383998 0.407262 0.550084 0.00455475
25 0.239828 0.418527 0.473715 0.671875 0.00428009
25 0.592887 0.527065 0.769973 0.505022 0.00392914
2 0.171518 0.952567 0.0215325 0.0122768 0.00353813
56 0.592887 0.527065 0.769973 0.505022 0.00345612
67 0.475201 0.572545 0.0400951 0.0357143 0.00321007
27 0.625186 0.794085 0.39204 0.40067 0.00258064
25 0.286977 0.662388 0.527918 0.295759 0.00256157
57 0.582121 0.672433 0.827146 0.641741 0.00251198
2 0.0816751 0.959822 0.013365 0.0111608 0.00212479
14 0.0831601 0.959263 0.0170775 0.0122768 0.00210762
67 0.4455 0.583705 0.0757351 0.13058 0.00202751
25 0.581749 0.642857 0.823433 0.665179 0.00198746
27 0.600683 0.511161 0.0742501 0.063616 0.00178242
7 0.171518 0.954241 0.0185625 0.0111607 0.00167465
56 0.770716 0.568638 0.27324 0.159598 0.00165462
26 0.665095 0.55971 0.279552 0.180804 0.00155449
14 0.171518 0.952567 0.0215325 0.0122768 0.00153065
8 0.171518 0.952567 0.0215325 0.0122768 0.0014782
33 0.0816751 0.959822 0.013365 0.0111608 0.00144958
56 0.547966 0.418527 0.792991 0.580357 0.00144386
67 0.53757 0.412946 0.0668251 0.0357143 0.00142097
56 0.682358 0.511161 0.601426 0.439732 0.00140476
8 0.858331 0.240095 0.28215 0.2726 0.00129414
25 0.682358 0.511161 0.601426 0.439732 0.00127411
13 0.860855 0.191929 0.278289 0.169713 0.00123501
26 0.423225 0.672433 0.12474 0.321429 0.00119686
56 0.723196 0.583845 0.369765 0.160435 0.00118351
25 0.314913 0.737863 0.495805 0.421596 0.0011158
67 0.462949 0.584821 0.0363825 0.0546875 0.00108147
65 0.477428 0.617188 0.0683101 0.0792411 0.00108147
66 0.897683 0.614955 0.147015 0.228795 0.00107765
57 0.480398 0.578125 0.951886 0.680804 0.00105667
14 0.171518 0.954241 0.0185625 0.0111607 0.00104809
26 0.493763 0.700893 0.10989 0.246652 0.00101662
0 0.671406 0.613281 0.623329 0.748884 0.857422
25 0.473344 0.408761 0.946688 0.666853 0.769043
25 0.470745 0.519531 0.932581 0.606027 0.0903931
25 0.488194 0.318708 0.908078 0.461914 0.0589905
25 0.487081 0.659598 0.908821 0.43192 0.0539856
0 0.082232 0.959822 0.01188 0.0111608 0.0432739
67 0.468518 0.571429 0.022275 0.03125 0.0255585
25 0.581285 0.389021 0.729321 0.569057 0.02211
25 0.35046 0.663505 0.617761 0.382813 0.0216217
67 0.542768 0.417411 0.057915 0.03125 0.0204163
13 0.582492 0.675363 0.824918 0.635882 0.0200195
8 0.171518 0.954241 0.0185625 0.0111607 0.0157166
56 0.582492 0.675363 0.824918 0.635882 0.0153046
2 0.171518 0.954241 0.0185625 0.0111607 0.012291
14 0.082232 0.959822 0.01188 0.0111608 0.00828552
74 0.542768 0.417411 0.057915 0.03125 0.0078125
25 0.239921 0.419922 0.47353 0.667969 0.00600433
8 0.0816751 0.959822 0.013365 0.0111608 0.00591278
13 0.858331 0.240269 0.28215 0.27281 0.005867
67 0.467404 0.577009 0.028215 0.0446429 0.00544739
25 0.744171 0.382254 0.406519 0.544643 0.00510025
26 0.420627 0.629604 0.117315 0.249721 0.00443268
25 0.42768 0.733259 0.773686 0.503348 0.00419998
2 0.171518 0.952009 0.0215325 0.0111608 0.0041008
56 0.594743 0.523996 0.764776 0.496652 0.00367928
25 0.594743 0.523996 0.764776 0.496652 0.00342941
67 0.475201 0.572545 0.0400951 0.0357143 0.00335121
57 0.582492 0.675363 0.824918 0.635882 0.00273705
27 0.600683 0.511161 0.0742501 0.063616 0.00269318
2 0.0816751 0.959822 0.013365 0.0111608 0.00254059
67 0.53757 0.412946 0.0668251 0.0357143 0.00223351
27 0.625 0.794085 0.392412 0.40067 0.00223351
67 0.445129 0.583147 0.0764776 0.13058 0.0020504
14 0.0831601 0.959263 0.0170775 0.0122768 0.00194168
7 0.171518 0.954241 0.0185625 0.0111607 0.00192642
25 0.582121 0.645647 0.822691 0.657366 0.00189686
56 0.770716 0.567941 0.27027 0.158761 0.00168705
25 0.286512 0.65611 0.522906 0.277065 0.00168705
56 0.552421 0.41469 0.784081 0.570173 0.00166798
14 0.171518 0.952009 0.0215325 0.0111608 0.00154877
33 0.0816751 0.959822 0.013365 0.0111608 0.00143242
26 0.666023 0.55971 0.277695 0.179688 0.00141048
56 0.70222 0.511161 0.558732 0.439732 0.00139904
8 0.171518 0.952009 0.0215325 0.0111608 0.00134087
56 0.723938 0.583147 0.36828 0.158482 0.00128937
57 0.480398 0.577009 0.948916 0.669643 0.00127888
66 0.897683 0.615513 0.147015 0.227679 0.00124931
13 0.860855 0.191964 0.278289 0.169643 0.00118828
14 0.170218 0.953683 0.022275 0.0122767 0.00115108
65 0.477428 0.617188 0.0683101 0.078125 0.0011425
67 0.462949 0.584263 0.0363825 0.0535714 0.0011158
26 0.423225 0.671875 0.12474 0.321429 0.00109005
13 0.482626 0.541295 0.932581 0.573661 0.00109005
25 0.312593 0.738281 0.490051 0.420759 0.00106049
8 0.858331 0.240269 0.28215 0.27281 0.00104809
25 0.70222 0.511161 0.558732 0.439732 0.00104809
13 0.861301 0.12636 0.27621 0.0413644 0.00101185
0 0.671963 0.614397 0.622216 0.746652 0.86084
25 0.472973 0.40904 0.945946 0.666295 0.779785
25 0.470003 0.521484 0.931096 0.597656 0.092041
25 0.488566 0.316685 0.905851 0.458705 0.0680542
25 0.486709 0.661691 0.906593 0.431083 0.0514526
0 0.0824176 0.959822 0.01188 0.0111608 0.0451965
67 0.542768 0.417411 0.057915 0.03125 0.028656
67 0.468518 0.571429 0.022275 0.03125 0.0265503
25 0.585833 0.387905 0.720226 0.565709 0.021286
13 0.582863 0.678571 0.824176 0.628348 0.0207977
25 0.343778 0.664062 0.602911 0.379464 0.0202484
56 0.582863 0.678571 0.824176 0.628348 0.0162811
2 0.171703 0.954241 0.0185625 0.0111607 0.0142288
8 0.171703 0.954241 0.0185625 0.0111607 0.014061
74 0.542768 0.417411 0.057915 0.03125 0.00923157
14 0.0824176 0.959822 0.01188 0.0111608 0.00803375
25 0.239828 0.422991 0.472973 0.66183 0.00796509
67 0.467775 0.577009 0.028215 0.0446429 0.00572968
25 0.744728 0.382254 0.405405 0.543527 0.00547028
8 0.0816751 0.959822 0.013365 0.0111608 0.0053215
13 0.857588 0.229074 0.283635 0.257254 0.00530243
2 0.171518 0.952009 0.0215325 0.0111608 0.00453949
56 0.597713 0.523996 0.758836 0.495536 0.00395966
26 0.420627 0.628906 0.117315 0.248884 0.00388527
67 0.475201 0.572545 0.0400951 0.0357143 0.00353813
25 0.393154 0.733398 0.692753 0.499721 0.00349617
27 0.600683 0.511161 0.0742501 0.063616 0.00336266
2 0.0816751 0.959822 0.013365 0.0111608 0.00327301
67 0.537942 0.412946 0.0668251 0.0357143 0.0030632
25 0.347119 0.6762 0.404663 0.404297 0.00305176
25 0.597713 0.523996 0.758836 0.495536 0.00282288
27 0.625 0.795201 0.392412 0.398438 0.00275803
57 0.582863 0.678571 0.824176 0.628348 0.00265312
7 0.171703 0.954241 0.0185625 0.0111607 0.00219154
67 0.445129 0.583147 0.0764776 0.13058 0.00214005
56 0.556133 0.4149 0.775171 0.56529 0.00191879
56 0.772201 0.568638 0.2673 0.159598 0.00187492
14 0.0831601 0.959263 0.0170775 0.0122768 0.00177479
25 0.582121 0.64788 0.821206 0.652902 0.0017271
58 0.690526 0.400112 0.10989 0.170759 0.00168705
14 0.171518 0.952009 0.0215325 0.0111608 0.00161076
57 0.479656 0.575893 0.947431 0.660714 0.00146103
33 0.0816751 0.959822 0.013365 0.0111608 0.00144386
56 0.723196 0.51144 0.516781 0.439174 0.00142097
56 0.723938 0.582031 0.36828 0.15625 0.00139427
67 0.527547 0.407924 0.0980101 0.046875 0.00136185
66 0.897683 0.615513 0.147015 0.226562 0.00134563
26 0.665095 0.559152 0.279552 0.179688 0.00130939
25 0.28512 0.652762 0.517523 0.254743 0.00125504
65 0.477428 0.617188 0.0683101 0.078125 0.00121593
13 0.860855 0.191825 0.278289 0.169364 0.00119686
67 0.462949 0.583705 0.0363825 0.0524553 0.00116062
13 0.861301 0.126395 0.27621 0.0415737 0.00113392
13 0.479656 0.575893 0.947431 0.660714 0.00113392
8 0.858331 0.242885 0.28215 0.279855 0.00110722
14 0.170218 0.953683 0.022275 0.0122767 0.00109863
8 0.171518 0.952009 0.0215325 0.0111608 0.00105667
25 0.31185 0.737723 0.488566 0.419643 0.00105286
0 0.671221 0.615513 0.620731 0.74442 0.86377
25 0.472973 0.409598 0.945946 0.665179 0.782715
25 0.483368 0.508998 0.937036 0.506557 0.0910645
25 0.488566 0.31529 0.905851 0.455357 0.0731812
25 0.48708 0.660714 0.905851 0.426339 0.0486755
0 0.0824176 0.959822 0.01188 0.0111608 0.0456848
67 0.542768 0.417411 0.057915 0.03125 0.029541
67 0.468518 0.571429 0.022275 0.03125 0.0269623
13 0.582121 0.678013 0.825661 0.628348 0.0228882
25 0.583698 0.388393 0.724495 0.564732 0.021698
25 0.338952 0.664062 0.591773 0.375 0.0189819
56 0.582121 0.678013 0.825661 0.628348 0.0184784
2 0.171703 0.954241 0.0185625 0.0111607 0.0153046
8 0.171703 0.954241 0.0185625 0.0111607 0.0133286
25 0.239735 0.423549 0.472416 0.657366 0.00952148
74 0.542768 0.417411 0.057915 0.03125 0.0091629
14 0.0824176 0.959822 0.01188 0.0111608 0.00806427
67 0.467775 0.577009 0.028215 0.0435268 0.00588989
25 0.744728 0.382534 0.40392 0.542969 0.00564194
8 0.0816751 0.959822 0.013365 0.0111608 0.0051384
2 0.171518 0.952009 0.0215325 0.0111608 0.0049057
13 0.857588 0.229353 0.283635 0.257812 0.00453949
56 0.598548 0.524554 0.757165 0.495536 0.00429916
27 0.600312 0.511161 0.0735076 0.063616 0.0039444
2 0.0816751 0.959822 0.013365 0.0111608 0.00367928
26 0.420627 0.628906 0.117315 0.248884 0.0036068
67 0.475201 0.572545 0.0400951 0.0357143 0.00359344
58 0.691268 0.40067 0.111375 0.169643 0.00328636
67 0.53757 0.412946 0.0668251 0.0357143 0.00327301
25 0.367445 0.732143 0.629826 0.492188 0.00319672
27 0.624443 0.796317 0.390555 0.396205 0.003088
57 0.582121 0.678013 0.825661 0.628348 0.00283432
25 0.381274 0.670619 0.322245 0.38644 0.00259018
7 0.171703 0.954241 0.0185625 0.0111607 0.002388
67 0.445129 0.583147 0.0764776 0.129464 0.00229645
56 0.523463 0.424665 0.840511 0.639509 0.00208282
56 0.772943 0.568638 0.265815 0.158482 0.0020504
14 0.0831601 0.959263 0.0170775 0.0122768 0.0016489
57 0.480398 0.573661 0.947431 0.654018 0.0016489
14 0.171518 0.952009 0.0215325 0.0111608 0.00155449
56 0.727465 0.511161 0.508242 0.439732 0.00154877
25 0.581749 0.649554 0.821948 0.65067 0.00152493
56 0.723938 0.581334 0.36828 0.154297 0.00150108
67 0.526804 0.407924 0.0994951 0.046875 0.00148964
33 0.0816751 0.959822 0.013365 0.0111608 0.0014267
65 0.477428 0.61663 0.0683101 0.077009 0.00131512
13 0.480398 0.573661 0.947431 0.654018 0.0012846
26 0.665095 0.559152 0.279552 0.179688 0.00127411
66 0.898426 0.614955 0.1485 0.228795 0.00125504
13 0.861301 0.126395 0.27621 0.0415737 0.00123978
67 0.462578 0.583705 0.037125 0.0513393 0.00119686
13 0.860855 0.191546 0.278289 0.168806 0.00116062
8 0.858331 0.243269 0.28215 0.280204 0.00106907
7 0.0816751 0.959822 0.013365 0.0111608 0.00106525
25 0.284749 0.65346 0.514553 0.248884 0.00105286
26 0.624443 0.796317 0.390555 0.396205 0.00104427
14 0.170404 0.953683 0.022275 0.0122767 0.00102425
25 0.634838 0.0702427 0.0831601 0.138811 0.00102425
67 0.461093 0.626674 0.0660826 0.25 0.00101662
25 0.311108 0.734375 0.482626 0.410714 0.00100422
0 0.671221 0.616071 0.620731 0.743304 0.86084
25 0.472602 0.408482 0.945203 0.662946 0.775879
25 0.483368 0.510533 0.935551 0.504604 0.100159
25 0.488566 0.313616 0.904366 0.452567 0.0713501
25 0.486338 0.66183 0.902881 0.424107 0.0458679
0 0.0824176 0.959822 0.01188 0.0111608 0.0455322
67 0.542768 0.417411 0.057915 0.03125 0.0393372
67 0.468518 0.571429 0.022275 0.03125 0.0267639
25 0.584348 0.389788 0.721711 0.566406 0.0210419
13 0.582863 0.679548 0.822691 0.625279 0.0200958
25 0.335982 0.664062 0.584348 0.370536 0.0179901
56 0.582863 0.679548 0.822691 0.625279 0.0171051
8 0.171518 0.954241 0.0185625 0.0111607 0.0150146
2 0.171518 0.954241 0.0185625 0.0111607 0.0147324
74 0.542768 0.417411 0.057915 0.03125 0.0107346
25 0.239735 0.425223 0.472416 0.654018 0.0106506
14 0.0824176 0.959822 0.01188 0.0111608 0.00871277
8 0.0816751 0.959822 0.013365 0.0111608 0.00595856
67 0.467775 0.577009 0.028215 0.0446429 0.00568771
25 0.745471 0.383859 0.402435 0.543666 0.00534439
2 0.171518 0.952009 0.0215325 0.0111608 0.00502014
67 0.53757 0.412946 0.0668251 0.0357143 0.00446701
56 0.600033 0.526228 0.754195 0.497768 0.00426483
27 0.600683 0.511161 0.0742501 0.063616 0.0041008
13 0.858331 0.245222 0.28215 0.282436 0.0041008
27 0.623701 0.797433 0.38907 0.393973 0.00397491
58 0.691268 0.400949 0.111375 0.170201 0.00387001
67 0.475201 0.572545 0.0400951 0.0357143 0.00353813
26 0.42174 0.629604 0.12177 0.251953 0.00351143
2 0.0816751 0.959822 0.013365 0.0111608 0.00333786
57 0.582863 0.679548 0.822691 0.625279 0.00265312
7 0.171518 0.954241 0.0185625 0.0111607 0.00243378
56 0.523092 0.425781 0.841253 0.640625 0.00228691
25 0.409489 0.667969 0.259133 0.376116 0.00226021
67 0.444758 0.583147 0.0772201 0.129464 0.00215721
56 0.773686 0.569196 0.26433 0.160714 0.00209999
67 0.526433 0.407924 0.0994951 0.0457589 0.00200272
14 0.0831601 0.959263 0.0170775 0.0122768 0.00186062
57 0.480398 0.571987 0.945946 0.646205 0.00173378
14 0.171518 0.952009 0.0215325 0.0111608 0.00161076
56 0.724681 0.581334 0.366795 0.154297 0.00157356
33 0.0816751 0.959822 0.013365 0.0111608 0.00154877
56 0.732848 0.511161 0.49896 0.439732 0.00153065
25 0.582121 0.650112 0.821206 0.65067 0.00150108
13 0.861301 0.12643 0.27621 0.0417829 0.00138283
13 0.480398 0.571987 0.945946 0.646205 0.00136185
65 0.477428 0.617188 0.0683101 0.0758929 0.00135136
26 0.666023 0.557896 0.280665 0.181083 0.00131989
26 0.623701 0.797433 0.38907 0.393973 0.00120163
33 0.488566 0.313616 0.904366 0.452567 0.00118828
67 0.462578 0.583705 0.037125 0.0513393 0.00117397
14 0.170218 0.953683 0.022275 0.0122767 0.00116062
8 0.171518 0.952009 0.0215325 0.0111608 0.00116062
25 0.634838 0.070173 0.0831601 0.138672 0.00112438
13 0.860855 0.191406 0.278289 0.168527 0.00112057
8 0.858331 0.243269 0.28215 0.280204 0.00106525
66 0.898426 0.613979 0.1485 0.229632 0.00106049
2 0.165949 0.952009 0.0248738 0.0111608 0.00104046
7 0.0816751 0.959822 0.013365 0.0111608 0.00103188
0 0.671221 0.616071 0.620731 0.742188 0.861328
25 0.472602 0.408761 0.945203 0.662388 0.775879
25 0.483368 0.510533 0.935551 0.504604 0.101257
25 0.488566 0.313895 0.904366 0.452567 0.0713501
25 0.486709 0.661691 0.903623 0.422154 0.0453491
0 0.0824176 0.959822 0.01188 0.0111608 0.0451965
67 0.542768 0.417411 0.057915 0.03125 0.0390625
67 0.468518 0.571429 0.022275 0.03125 0.0269623
25 0.585183 0.389579 0.721525 0.565709 0.0212097
13 0.582863 0.680943 0.822691 0.624721 0.0201721
25 0.335703 0.664202 0.58342 0.370257 0.0177765
56 0.582863 0.680943 0.822691 0.624721 0.0175171
8 0.171518 0.954241 0.0185625 0.0111607 0.0150757
2 0.171518 0.954241 0.0185625 0.0111607 0.0146713
25 0.239735 0.425223 0.472416 0.654018 0.0107803
74 0.542768 0.417411 0.057915 0.03125 0.0105667
14 0.0824176 0.959822 0.01188 0.0111608 0.00891876
8 0.0816751 0.959822 0.013365 0.0111608 0.00598145
67 0.467775 0.577009 0.028215 0.0435268 0.00568771
25 0.745471 0.38344 0.402435 0.543387 0.00534439
2 0.171518 0.952009 0.0215325 0.0111608 0.00498199
67 0.53757 0.412946 0.0668251 0.0357143 0.00441742
56 0.600312 0.525949 0.753638 0.498326 0.00434875
27 0.600683 0.511161 0.0742501 0.063616 0.00429916
13 0.857588 0.229213 0.283635 0.25865 0.00405502
27 0.623701 0.797991 0.38907 0.392857 0.00392914
58 0.691268 0.400949 0.111375 0.170201 0.00390053
67 0.475201 0.572545 0.0400951 0.0357143 0.00358009
26 0.42174 0.629604 0.12177 0.251953 0.00346947
2 0.0816751 0.959822 0.013365 0.0111608 0.00327301
57 0.582863 0.680943 0.822691 0.624721 0.00259018
7 0.171518 0.954241 0.0185625 0.0111607 0.00240517
25 0.412088 0.667271 0.253935 0.375279 0.00224304
56 0.522721 0.425781 0.841996 0.639509 0.00221634
67 0.444758 0.583147 0.0772201 0.129464 0.00215721
56 0.773686 0.569196 0.26433 0.160714 0.00214958
67 0.526804 0.407924 0.0994951 0.0457589 0.00199509
14 0.0831601 0.959263 0.0170775 0.0122768 0.00188255
57 0.480398 0.571987 0.945946 0.647321 0.0017271
14 0.171518 0.952009 0.0215325 0.0111608 0.00163555
56 0.724681 0.580915 0.366795 0.154018 0.0015974
33 0.0816751 0.959822 0.013365 0.0111608 0.00153637
56 0.732848 0.511161 0.49896 0.439732 0.00153637
25 0.582492 0.649414 0.821948 0.649833 0.00146675
65 0.477428 0.61663 0.0683101 0.0758929 0.00136185
13 0.861301 0.126256 0.27621 0.0415737 0.00135612
13 0.480398 0.571987 0.945946 0.647321 0.00135612
26 0.66658 0.557896 0.279552 0.181083 0.00131989
33 0.488566 0.313895 0.904366 0.452567 0.0012064
26 0.623701 0.797991 0.38907 0.392857 0.0012064
8 0.171518 0.952009 0.0215325 0.0111608 0.00118828
67 0.462578 0.583705 0.037125 0.0513393 0.00117397
14 0.170218 0.953683 0.022275 0.0122767 0.0011692
13 0.860855 0.191546 0.278289 0.168806 0.00112915
25 0.634838 0.070173 0.0816751 0.138672 0.00109863
8 0.858331 0.242606 0.28215 0.279297 0.00109005
2 0.165949 0.952009 0.0248738 0.0111608 0.00102806
7 0.0816751 0.959822 0.013365 0.0111608 0.00102425
66 0.898426 0.613979 0.1485 0.229632 0.00100422
