0 0.362096 0.7312 0.14049 0.4192 0.915527
0 0.72475 0.7008 0.17617 0.4688 0.883301
0 0.507325 0.6441 0.14495 0.603 0.877441
29 0.452969 0.274 0.052405 0.048 0.866211
0 0.00757852 0.7936 0.0142511 0.0864001 0.0794678
0 0.00752625 0.832 0.014495 0.1632 0.0482178
29 0.337288 0.6316 0.06021 0.0728 0.0273743
32 0.821755 0.6456 0.01561 0.032 0.0263519
32 0.803915 0.8736 0.01561 0.0352 0.0226288
29 0.540218 0.656 0.06913 0.0528 0.021286
29 0.32335 0.6264 0.050175 0.0784 0.0209656
19 0.00723008 0.7922 0.0126483 0.086 0.0194244
32 0.803915 0.8816 0.01784 0.0512 0.0105667
17 0.00757852 0.7936 0.0142511 0.0864001 0.0102081
32 0.420355 0.6024 0.021185 0.04 0.00919342
0 0.010157 0.8366 0.0180142 0.1764 0.00878143
20 0.00757852 0.7936 0.0142511 0.0864001 0.00796509
32 0.45269 0.2736 0.052405 0.0472 0.00631332
29 0.00723008 0.7922 0.0126483 0.086 0.00595856
34 0.537988 0.4536 0.061325 0.1216 0.00551224
23 0.207669 0.2814 0.04014 0.1412 0.00548935
29 0.537988 0.5316 0.03345 0.0464 0.00511932
32 0.322793 0.6248 0.047945 0.0800001 0.00421524
29 0.821755 0.6456 0.01561 0.032 0.00411606
65 0.45269 0.2736 0.052405 0.0472 0.00403976
18 0.00723008 0.7922 0.0126483 0.086 0.00395966
19 0.00752625 0.832 0.014495 0.1632 0.00392914
14 0.00757852 0.7936 0.0142511 0.0864001 0.00369263
17 0.00752625 0.832 0.014495 0.1632 0.00366402
20 0.00752625 0.832 0.014495 0.1632 0.00353813
38 0.340911 0.6288 0.061325 0.0736 0.00331116
0 0.542726 0.4872 0.0685725 0.1856 0.00329781
14 0.00752625 0.832 0.014495 0.1632 0.00328636
16 0.00763078 0.792 0.0142163 0.0832 0.00319672
35 0.821755 0.646 0.01784 0.0328 0.00309944
0 0.53743 0.4936 0.03122 0.076 0.00302696
29 0.451575 0.3644 0.041255 0.048 0.0029583
29 0.537988 0.5176 0.034565 0.0752 0.00275803
16 0.00832766 0.8336 0.0154706 0.168 0.00273705
0 0.761545 0.576 0.11819 0.224 0.00273705
32 0.537988 0.5224 0.034565 0.0656 0.00252151
0 0.532691 0.4864 0.0373525 0.0768 0.00244331
0 0.537988 0.5072 0.03568 0.0928 0.00206757
32 0.801685 0.8864 0.02007 0.0576 0.00198746
38 0.451575 0.3644 0.041255 0.048 0.00198746
37 0.0072475 0.7928 0.0121953 0.0864 0.00194931
29 0.415338 0.6216 0.030105 0.08 0.00191879
56 0.00723008 0.7922 0.0126483 0.086 0.00183868
32 0.538266 0.5328 0.0340075 0.0448 0.00176144
0 0.68684 0.548 0.099235 0.128 0.00154877
29 0.348438 0.6128 0.0228575 0.0304 0.00141048
14 0.206414 0.2824 0.0404188 0.1416 0.00141048
32 0.779385 0.888 0.068015 0.064 0.00141048
32 0.33004 0.6272 0.0607675 0.0704 0.00137806
32 0.170595 0.856 0.0273175 0.0128 0.00135612
0 0.0125438 0.8718 0.0222303 0.2404 0.00135612
32 0.486698 0.8928 0.043485 0.0672 0.00130939
29 0.420355 0.6024 0.021185 0.04 0.00129986
11 0.197076 0.321 0.01338 0.0596 0.0012598
29 0.170595 0.856 0.0273175 0.0128 0.00115585
18 0.00752625 0.832 0.014495 0.1632 0.00113773
29 0.486976 0.8912 0.04237 0.0672 0.0011158
32 0.56642 0.928 0.0223 0.0416 0.0011034
32 0.00763078 0.792 0.0142163 0.0832 0.00109482
45 0.452969 0.274 0.052405 0.048 0.00108147
29 0.6467 0.4976 0.01784 0.0256 0.00105286
35 0.420355 0.6024 0.021185 0.04 0.00104046
34 0.54189 0.4816 0.06467 0.1728 0.00102425
32 0.330319 0.644 0.0384675 0.0432 0.00101662
0 0.0128573 0.7936 0.0250875 0.0864001 0.00101185
0 0.361818 0.7312 0.14049 0.4192 0.902832
29 0.452969 0.274 0.052405 0.0476 0.866211
0 0.506768 0.6441 0.14495 0.6046 0.856445
0 0.72475 0.7004 0.17617 0.4696 0.85498
0 0.00721266 0.7922 0.0126134 0.086 0.062439
0 0.00754367 0.8322 0.0144602 0.166 0.048584
29 0.337288 0.6316 0.06021 0.0728 0.0423889
29 0.32335 0.6264 0.050175 0.0784 0.0297546
32 0.821755 0.6456 0.01561 0.032 0.0269623
29 0.540218 0.6552 0.06913 0.0528 0.0267639
32 0.803915 0.8736 0.01561 0.0352 0.021286
19 0.00721266 0.7922 0.0126134 0.086 0.0124283
0 0.0100002 0.836 0.0176309 0.176 0.0108566
32 0.803915 0.8816 0.01784 0.0496 0.0105667
32 0.420355 0.602 0.021185 0.04 0.00963593
32 0.45269 0.2736 0.052405 0.0472 0.00878143
23 0.207808 0.2816 0.0395825 0.1416 0.00614548
29 0.00721266 0.7922 0.0126134 0.086 0.00600433
20 0.00759594 0.7952 0.0141466 0.0896 0.00595856
17 0.00759594 0.7952 0.0141466 0.0896 0.00593567
29 0.537988 0.532 0.03345 0.0464 0.00582123
65 0.45269 0.2736 0.052405 0.0472 0.00568771
32 0.32335 0.6248 0.04906 0.0800001 0.00519943
34 0.537988 0.4532 0.06021 0.1208 0.00481033
29 0.821755 0.6456 0.01561 0.032 0.00441742
38 0.340633 0.6292 0.06021 0.0736 0.00439835
0 0.537709 0.4936 0.0306625 0.0752 0.00353813
20 0.00754367 0.8322 0.0144602 0.166 0.00337601
14 0.00754367 0.8322 0.0144602 0.166 0.00333786
29 0.537988 0.5164 0.034565 0.0768 0.00329781
14 0.00759594 0.7952 0.0141466 0.0896 0.00319672
29 0.451575 0.3641 0.041255 0.0478 0.0030632
0 0.542448 0.4872 0.068015 0.1856 0.00294685
0 0.761545 0.5716 0.12042 0.2152 0.00292397
19 0.00754367 0.8322 0.0144602 0.166 0.00288963
0 0.533528 0.488 0.03568 0.072 0.00283432
35 0.821755 0.646 0.01784 0.0328 0.00283432
18 0.00721266 0.7922 0.0126134 0.086 0.00271416
17 0.00754367 0.8322 0.0144602 0.166 0.00269318
32 0.537988 0.5212 0.03345 0.0672 0.00246239
16 0.00763078 0.792 0.0140769 0.0832 0.00234222
34 0.541611 0.47 0.0629975 0.1488 0.00229645
16 0.00837992 0.8338 0.0154009 0.1692 0.00228691
0 0.537988 0.5072 0.034565 0.0928 0.00225258
29 0.415059 0.6216 0.0295475 0.0784 0.00213242
38 0.451575 0.3641 0.041255 0.0478 0.00209045
29 0.348995 0.6124 0.02007 0.0296 0.00192642
32 0.801685 0.8864 0.02007 0.0576 0.00189686
37 0.00721266 0.7922 0.0126134 0.086 0.00184631
32 0.330597 0.6272 0.061325 0.0704 0.0017271
32 0.538545 0.5328 0.03345 0.0448 0.00168705
32 0.170595 0.856 0.0273175 0.0128 0.00168705
11 0.197216 0.3212 0.01338 0.06 0.00162315
56 0.00721266 0.7922 0.0126134 0.086 0.00153065
29 0.420355 0.602 0.021185 0.04 0.00143242
32 0.486697 0.8928 0.0429275 0.0672 0.00137234
0 0.0121953 0.8702 0.0215334 0.2372 0.00131512
32 0.56642 0.928 0.0223 0.0416 0.00129986
29 0.170595 0.856 0.0273175 0.0128 0.0012846
67 0.444328 0.3596 0.018955 0.032 0.00124931
34 0.340633 0.6292 0.06021 0.0736 0.00122547
32 0.779385 0.888 0.068015 0.064 0.0012207
14 0.206414 0.2824 0.04014 0.1424 0.0011692
32 0.330598 0.644 0.039025 0.044 0.00115108
0 0.690185 0.5488 0.10704 0.1296 0.0011425
29 0.647258 0.4976 0.01784 0.0256 0.00112057
0 0.322793 0.6004 0.050175 0.1464 0.00112057
39 0.538545 0.5328 0.03345 0.0448 0.00106525
0 0.0128225 0.7936 0.0249481 0.0864001 0.00106525
32 0.00763078 0.792 0.0140769 0.0832 0.00106525
35 0.420355 0.602 0.021185 0.04 0.00103664
0 0.33004 0.5576 0.016725 0.0592 0.00101662
0 0.361818 0.7316 0.14049 0.42 0.89502
29 0.452969 0.274 0.052405 0.0476 0.863281
0 0.506768 0.6444 0.14495 0.6056 0.84375
0 0.72475 0.7008 0.177285 0.4704 0.832031
0 0.00721266 0.7922 0.0126134 0.086 0.055603
0 0.00752625 0.8056 0.0141466 0.1104 0.0537109
29 0.337288 0.632 0.0596525 0.072 0.0510864
0 0.00754367 0.8334 0.0144602 0.1668 0.049408
29 0.323629 0.6264 0.0507325 0.0784 0.0343628
29 0.540218 0.6552 0.06913 0.0528 0.0325928
32 0.821755 0.6456 0.01561 0.032 0.0271759
32 0.803915 0.8736 0.01561 0.0352 0.0195618
32 0.45269 0.2736 0.052405 0.0472 0.0109863
32 0.803915 0.8816 0.01784 0.0496 0.0104065
32 0.420355 0.602 0.021185 0.04 0.00948334
29 0.335058 0.6244 0.050175 0.0584 0.00941467
19 0.00721266 0.7922 0.0126134 0.086 0.00926971
65 0.45269 0.2736 0.052405 0.0472 0.0064621
23 0.207669 0.2816 0.0395825 0.1416 0.00609589
29 0.537988 0.532 0.032335 0.0448 0.00605011
29 0.00721266 0.7922 0.0126134 0.086 0.00582123
32 0.32335 0.6244 0.04906 0.0792 0.00564194
19 0.00752625 0.8056 0.0141466 0.1104 0.00511932
20 0.00752625 0.8056 0.0141466 0.1104 0.00508118
38 0.340633 0.6292 0.06021 0.0728 0.00496292
29 0.821755 0.6456 0.01561 0.032 0.00450516
34 0.537988 0.4528 0.06021 0.12 0.00434875
17 0.00757852 0.792 0.0139723 0.0832 0.00415039
0 0.537988 0.4936 0.030105 0.0744 0.00390053
29 0.451575 0.3639 0.04014 0.0466 0.00351143
29 0.537988 0.5168 0.034565 0.0768 0.00333786
20 0.00754367 0.8334 0.0144602 0.1668 0.00333786
14 0.00754367 0.8334 0.0144602 0.1668 0.00328636
0 0.534085 0.4888 0.0340075 0.0704 0.00317192
35 0.821755 0.6456 0.01784 0.032 0.00277901
14 0.00752625 0.8056 0.0141466 0.1104 0.00276756
0 0.542448 0.4872 0.068015 0.1856 0.00261116
0 0.537988 0.5072 0.034565 0.092 0.00243378
19 0.00754367 0.8334 0.0144602 0.1668 0.002388
29 0.349553 0.612 0.02007 0.0288 0.00225258
18 0.00721266 0.7922 0.0126134 0.086 0.00221634
32 0.537988 0.5208 0.03345 0.0672 0.00219917
0 0.761545 0.5704 0.12042 0.2128 0.00219917
11 0.197355 0.3212 0.01338 0.06 0.00214005
38 0.451575 0.3639 0.04014 0.0466 0.00209999
32 0.170177 0.856 0.0273175 0.0128 0.00208282
17 0.00754367 0.8334 0.0144602 0.1668 0.00201988
16 0.00837992 0.8344 0.0154009 0.1696 0.00201988
32 0.330876 0.6272 0.0618825 0.0704 0.0019722
29 0.415338 0.6216 0.02899 0.0784 0.00190449
34 0.541611 0.47 0.0629975 0.1488 0.00184631
16 0.00757852 0.792 0.0139723 0.0832 0.00179577
32 0.801685 0.8864 0.018955 0.0576 0.00173378
20 0.00721266 0.7922 0.0126134 0.086 0.00171375
37 0.00721266 0.7922 0.0126134 0.086 0.00162888
32 0.56642 0.928 0.0223 0.0416 0.00162315
0 0.0119514 0.8696 0.0212547 0.2352 0.00157928
32 0.538545 0.5328 0.03345 0.0432 0.00150681
67 0.444328 0.3592 0.0183975 0.032 0.00149536
29 0.420355 0.602 0.021185 0.04 0.0014782
32 0.486697 0.892 0.0429275 0.0656 0.00143242
29 0.170595 0.8552 0.0270388 0.0128 0.00139904
23 0.209899 0.2706 0.03122 0.1188 0.00129414
0 0.33004 0.5576 0.016725 0.0592 0.0012846
34 0.340633 0.6292 0.06021 0.0728 0.00125504
0 0.322793 0.6 0.050175 0.1456 0.00124454
56 0.00721266 0.7922 0.0126134 0.086 0.00121593
29 0.647258 0.4972 0.01784 0.0248 0.00117397
32 0.779385 0.888 0.068015 0.064 0.00114727
32 0.330876 0.644 0.0395825 0.0448 0.0011425
67 0.70914 0.4832 0.01115 0.0416 0.00112915
32 0.00757852 0.792 0.0139723 0.0832 0.00110722
0 0.0176135 0.8352 0.0341817 0.1744 0.00106907
14 0.206414 0.2824 0.04014 0.1424 0.00104427
0 0.0128051 0.7936 0.0248436 0.0864001 0.00102043
67 0.647258 0.4972 0.01784 0.0248 0.00100803
35 0.420355 0.602 0.021185 0.04 0.00100803
0 0.361818 0.7316 0.14049 0.42 0.88916
29 0.45269 0.274 0.052405 0.0472 0.861328
0 0.506489 0.6444 0.145507 0.6056 0.841309
0 0.72475 0.7004 0.1784 0.4712 0.818848
29 0.337288 0.6316 0.059095 0.072 0.0705566
0 0.00754367 0.8336 0.0145995 0.1696 0.0549927
0 0.00721266 0.7922 0.0126831 0.086 0.0482178
29 0.323629 0.626 0.0507325 0.0776 0.0453491
29 0.540218 0.6552 0.06913 0.0528 0.0288696
32 0.821755 0.6456 0.014495 0.032 0.025177
32 0.803915 0.8736 0.01561 0.0336 0.0172424
32 0.45269 0.2734 0.052405 0.0468 0.01297
29 0.335615 0.6224 0.04906 0.0544 0.012825
32 0.803358 0.8816 0.0167251 0.048 0.00955963
32 0.420355 0.6016 0.02007 0.04 0.00901794
65 0.45269 0.2734 0.052405 0.0468 0.00746155
19 0.00721266 0.7922 0.0126831 0.086 0.00679779
29 0.537988 0.532 0.032335 0.0448 0.00643921
32 0.32335 0.624 0.04906 0.0784001 0.00626373
38 0.340633 0.6296 0.06021 0.072 0.00600433
29 0.00721266 0.7922 0.0126831 0.086 0.00527954
23 0.207669 0.2814 0.0395825 0.1412 0.00496292
0 0.537988 0.4932 0.030105 0.0736 0.00439835
19 0.00752625 0.8302 0.0142163 0.1604 0.00438309
20 0.00752625 0.8302 0.0142163 0.1604 0.00428009
29 0.821755 0.6456 0.014495 0.032 0.00418091
29 0.451575 0.3636 0.04014 0.0456 0.00403976
34 0.537988 0.452 0.06021 0.1184 0.00399017
14 0.00846703 0.8344 0.0156448 0.1712 0.00367928
29 0.537988 0.5168 0.034565 0.076 0.00362206
20 0.00752625 0.7928 0.0140072 0.0848 0.00342941
11 0.197355 0.3212 0.01338 0.06 0.00328636
17 0.00752625 0.7928 0.0140072 0.0848 0.00317192
17 0.00752625 0.8302 0.0142163 0.1604 0.00302696
29 0.349553 0.612 0.018955 0.0288 0.00301552
35 0.821198 0.6456 0.0167251 0.032 0.00257111
0 0.537988 0.5072 0.034565 0.0928 0.00246239
32 0.170316 0.856 0.0273175 0.0128 0.0024147
32 0.331155 0.6272 0.06244 0.0704 0.00229645
0 0.542448 0.4872 0.068015 0.1856 0.00226021
0 0.0119166 0.8688 0.021185 0.2352 0.00225258
38 0.451575 0.3636 0.04014 0.0456 0.00199509
32 0.537988 0.5224 0.03345 0.064 0.00195694
32 0.56642 0.928 0.0223 0.0416 0.00195694
29 0.415059 0.6212 0.02899 0.0784 0.00186729
16 0.00846703 0.8344 0.0156448 0.1712 0.00184631
14 0.00752625 0.7928 0.0140072 0.0848 0.00182438
67 0.444328 0.3588 0.01784 0.0312 0.0017004
0 0.33004 0.5576 0.016725 0.0592 0.0017004
18 0.00721266 0.7922 0.0126831 0.086 0.00167465
29 0.170595 0.8552 0.02676 0.0128 0.00161648
0 0.762103 0.5688 0.121535 0.2096 0.00161076
29 0.420355 0.6016 0.02007 0.04 0.00157928
34 0.541611 0.47 0.0629975 0.1488 0.00157928
32 0.486697 0.892 0.0429275 0.0656 0.00154305
16 0.00752625 0.7928 0.0140072 0.0848 0.00148392
67 0.70914 0.4816 0.010035 0.0384 0.00146103
32 0.801685 0.8856 0.01784 0.0576 0.00144386
34 0.337845 0.632 0.0551925 0.072 0.00136185
32 0.538545 0.5332 0.03345 0.0432 0.00133038
37 0.00721266 0.7922 0.0126831 0.086 0.00129414
0 0.017718 0.8352 0.0344605 0.1744 0.00129414
0 0.322793 0.5996 0.050175 0.144 0.00119209
29 0.647258 0.4968 0.01784 0.024 0.00118828
67 0.647258 0.4968 0.01784 0.024 0.00115108
32 0.331155 0.6424 0.04014 0.0464 0.00113773
23 0.210735 0.2592 0.0295475 0.096 0.00105667
0 0.361818 0.732 0.14049 0.4208 0.896484
29 0.45269 0.2736 0.052405 0.0464 0.866211
0 0.506768 0.6448 0.146065 0.6064 0.853027
0 0.725308 0.7 0.1784 0.4736 0.835449
29 0.337288 0.6316 0.059095 0.072 0.0675659
0 0.00756109 0.8328 0.0142163 0.168 0.0630493
0 0.00726492 0.7922 0.0126483 0.086 0.0463867
29 0.323629 0.6264 0.0507325 0.0768 0.0396423
32 0.821755 0.6456 0.014495 0.032 0.0226288
29 0.540218 0.6552 0.06913 0.052 0.0224609
0 0.00996531 0.837 0.0177006 0.1788 0.0185394
32 0.45269 0.2732 0.052405 0.0464 0.016098
32 0.804473 0.8736 0.014495 0.0336 0.0133286
29 0.336451 0.618 0.045715 0.0456 0.0123367
32 0.420355 0.6016 0.02007 0.0392 0.00854492
65 0.45269 0.2732 0.052405 0.0464 0.00793457
32 0.803358 0.8816 0.0167251 0.0496 0.00775528
29 0.537988 0.532 0.032335 0.0448 0.00636292
38 0.340075 0.6292 0.06021 0.0720001 0.00624084
32 0.32335 0.6244 0.04906 0.0784 0.00538635
0 0.537988 0.4936 0.030105 0.0736 0.00494385
29 0.00726492 0.7922 0.0126483 0.086 0.00466537
19 0.00726492 0.7922 0.0126483 0.086 0.00439835
23 0.207669 0.2814 0.0395825 0.1412 0.00432968
29 0.451575 0.3632 0.04014 0.0448 0.00429916
14 0.0085193 0.8354 0.0157494 0.1724 0.00421524
20 0.00756109 0.8328 0.0142163 0.168 0.00382423
11 0.197355 0.3212 0.01338 0.06 0.00376511
29 0.821755 0.6456 0.014495 0.032 0.00374985
34 0.537709 0.452 0.0607675 0.1176 0.00359344
29 0.349831 0.6112 0.0183975 0.0272001 0.00336266
19 0.00756109 0.8328 0.0142163 0.168 0.00332451
29 0.538266 0.5176 0.0340075 0.0744 0.00327301
0 0.0120385 0.8686 0.0214986 0.2372 0.00299263
20 0.00757852 0.7936 0.0139723 0.088 0.00284576
32 0.170316 0.856 0.0273175 0.0128 0.00257111
38 0.451575 0.3632 0.04014 0.0448 0.00246239
0 0.537988 0.5072 0.03345 0.0912 0.00235939
35 0.821198 0.6456 0.0167251 0.032 0.00234985
17 0.00756109 0.8328 0.0142163 0.168 0.00222588
32 0.331155 0.6276 0.06244 0.0696 0.00220871
17 0.00757852 0.7936 0.0139723 0.088 0.00215721
0 0.330319 0.5576 0.016725 0.0592 0.00204277
32 0.56642 0.928 0.0223 0.0416 0.00202751
0 0.542448 0.4872 0.068015 0.1856 0.00196457
14 0.00757852 0.7936 0.0139723 0.088 0.00188923
67 0.444328 0.3588 0.01784 0.0304 0.00183868
67 0.70914 0.48 0.010035 0.0352 0.00183868
0 0.0179184 0.8354 0.0349657 0.1756 0.00165462
32 0.537988 0.5232 0.03345 0.0624 0.00163555
29 0.170595 0.8552 0.02676 0.0128 0.00159168
32 0.486697 0.8928 0.0429275 0.064 0.00158501
29 0.420355 0.6016 0.02007 0.0392 0.00157356
29 0.415338 0.6208 0.02899 0.0784 0.00150108
16 0.0085193 0.8354 0.0157494 0.1724 0.00145531
34 0.541611 0.4704 0.0629975 0.1488 0.00131989
34 0.337566 0.6316 0.0551925 0.0712 0.00127888
67 0.6467 0.4964 0.01784 0.0232 0.00123978
0 0.323071 0.5996 0.0496175 0.1432 0.00123501
29 0.6467 0.4964 0.01784 0.0232 0.00121117
16 0.00757852 0.7936 0.0139723 0.088 0.00117874
18 0.00726492 0.7922 0.0126483 0.086 0.00116539
32 0.538545 0.5328 0.03345 0.0432 0.00115108
34 0.45269 0.2732 0.052405 0.0464 0.0011034
67 0.45269 0.2732 0.052405 0.0464 0.00106907
29 0.34342 0.596 0.0223 0.0304 0.00106907
0 0.0127528 0.7936 0.0248088 0.0864001 0.00104809
0 0.00547047 0.8352 0.00954719 0.1744 0.00104427
0 0.361818 0.732 0.14049 0.4192 0.911621
29 0.45269 0.2734 0.0518475 0.046 0.880859
0 0.50621 0.6444 0.146065 0.604 0.874512
0 0.725308 0.6996 0.177285 0.4728 0.869629
0 0.00752625 0.8344 0.0142859 0.1712 0.0770874
29 0.337009 0.6316 0.0585375 0.072 0.0700684
0 0.00763078 0.7976 0.0140769 0.096 0.0457764
29 0.323908 0.6264 0.05129 0.0768 0.0379028
29 0.540218 0.6552 0.06913 0.052 0.0222931
32 0.452411 0.2732 0.0518475 0.0464 0.0212097
32 0.821755 0.6456 0.01561 0.032 0.0206451
29 0.338403 0.616 0.04237 0.0408 0.014061
32 0.804473 0.8736 0.014495 0.0336 0.0110703
65 0.452411 0.2732 0.0518475 0.0464 0.00809479
32 0.420355 0.6016 0.02007 0.0392 0.00775528
29 0.537988 0.532 0.032335 0.0448 0.00746155
32 0.803915 0.8816 0.01784 0.048 0.00701141
0 0.537988 0.4936 0.030105 0.0736 0.0069313
11 0.197355 0.3212 0.01338 0.06 0.0064888
29 0.451575 0.3624 0.04014 0.044 0.00593567
38 0.340075 0.6296 0.06021 0.072 0.00547028
14 0.00850188 0.8352 0.0159236 0.1728 0.00540543
32 0.32335 0.6248 0.04906 0.0784 0.0049057
29 0.349831 0.6112 0.01784 0.0272001 0.00439835
29 0.0072475 0.7928 0.0127528 0.0848 0.00424957
34 0.537988 0.452 0.06021 0.1168 0.00407028
29 0.821755 0.6456 0.01561 0.032 0.00374985
20 0.00752625 0.8344 0.0142859 0.1712 0.00355148
38 0.451575 0.3624 0.04014 0.044 0.00340271
0 0.537988 0.5072 0.03345 0.0912 0.00332451
29 0.538266 0.516 0.0340075 0.0768 0.00323486
0 0.0121779 0.8696 0.0219167 0.2416 0.00318527
23 0.20739 0.2816 0.0384675 0.14 0.003088
32 0.170316 0.856 0.0273175 0.0128 0.00274658
19 0.00763078 0.7976 0.0140769 0.096 0.00273705
0 0.0180491 0.8352 0.0351225 0.176 0.00266266
0 0.33004 0.5572 0.016725 0.06 0.00265312
0 0.54189 0.4832 0.068015 0.1776 0.00258064
35 0.821198 0.6456 0.0167251 0.032 0.00239754
20 0.00763078 0.7976 0.0140769 0.096 0.00233269
19 0.00752625 0.8344 0.0142859 0.1712 0.00225258
67 0.70914 0.4792 0.010035 0.0336 0.00216484
32 0.331155 0.6272 0.06244 0.0688 0.00215721
14 0.00763078 0.7976 0.0140769 0.096 0.00211525
67 0.444328 0.3584 0.0172825 0.0304 0.00196457
32 0.56642 0.9272 0.0223 0.0416 0.00196457
0 0.323071 0.5992 0.0496175 0.144 0.00187492
29 0.420355 0.6016 0.02007 0.0392 0.0018177
32 0.486698 0.8928 0.04237 0.064 0.00162888
17 0.00752625 0.8344 0.0142859 0.1712 0.00162888
29 0.170595 0.8552 0.02676 0.0128 0.00162315
32 0.537988 0.5236 0.03345 0.0616 0.0015192
34 0.541611 0.47 0.0629975 0.148 0.00150108
17 0.00763078 0.7976 0.0140769 0.096 0.00150108
29 0.415338 0.6208 0.0284325 0.0784 0.00149536
34 0.452411 0.2732 0.0518475 0.0464 0.00146103
29 0.343699 0.5956 0.021185 0.0304 0.00138855
34 0.337845 0.6312 0.056865 0.072 0.00135612
29 0.6467 0.4964 0.01784 0.0232 0.00134563
33 0.00752625 0.8344 0.0142859 0.1712 0.00134563
0 0.0126831 0.7936 0.0248784 0.0864001 0.0012064
67 0.6467 0.4964 0.01784 0.0232 0.00119209
0 0.00550531 0.8352 0.00965172 0.1744 0.00118828
67 0.452411 0.2732 0.0518475 0.0464 0.00116539
16 0.00850188 0.8352 0.0159236 0.1728 0.0011425
0 0.536315 0.4648 0.036795 0.1008 0.00107765
32 0.00763078 0.7976 0.0140769 0.096 0.00104046
32 0.538545 0.5332 0.03345 0.0432 0.00103664
38 0.452411 0.2732 0.0518475 0.0464 0.00103188
0 0.324744 0.5904 0.034565 0.1264 0.00102806
67 0.451296 0.3608 0.0340075 0.0344 0.00100803
29 0.442098 0.3584 0.0172825 0.0312 0.00100422
0 0.361818 0.732 0.139375 0.4176 0.922363
0 0.50621 0.6439 0.14495 0.6018 0.88916
0 0.725308 0.7 0.17617 0.472 0.888184
29 0.45269 0.2732 0.0518475 0.0456 0.887207
0 0.00750883 0.8344 0.0144602 0.1728 0.0855713
29 0.33673 0.632 0.05798 0.072 0.0720825
0 0.00763078 0.8048 0.0141814 0.1088 0.0465393
29 0.323908 0.6268 0.0507325 0.0776 0.0399475
0 0.00714297 0.7922 0.0128225 0.0828 0.0284424
29 0.540218 0.6552 0.06913 0.052 0.0222931
32 0.452411 0.2732 0.0518475 0.0464 0.0197144
32 0.821755 0.6456 0.01561 0.032 0.0175171
29 0.33896 0.616 0.04014 0.04 0.0150757
11 0.197355 0.3214 0.01338 0.0596 0.00908661
32 0.804473 0.8736 0.014495 0.0336 0.00854492
0 0.537988 0.4936 0.0295475 0.0736 0.00841522
65 0.452411 0.2732 0.0518475 0.0464 0.00790405
29 0.451018 0.3625 0.039025 0.043 0.00731659
29 0.537988 0.532 0.032335 0.0448 0.00723267
32 0.420355 0.6016 0.02007 0.0392 0.00682449
32 0.803915 0.8808 0.01784 0.048 0.00572968
38 0.339518 0.6296 0.059095 0.072 0.00553513
14 0.00848445 0.8352 0.0159933 0.1728 0.00530243
38 0.451018 0.3625 0.039025 0.043 0.00510025
29 0.349831 0.6108 0.01784 0.0272 0.00498199
32 0.32335 0.6252 0.04906 0.0792 0.00484848
0 0.537709 0.5072 0.0328925 0.092 0.00438309
34 0.537988 0.4516 0.06021 0.116 0.00432968
29 0.00714297 0.7922 0.0128225 0.0828 0.00370789
0 0.0180839 0.8354 0.0353316 0.1756 0.00369263
29 0.821755 0.6456 0.01561 0.032 0.00353813
0 0.54189 0.484 0.068015 0.1776 0.00341606
0 0.0121605 0.8702 0.0221606 0.2436 0.00331116
0 0.330319 0.5572 0.0172825 0.06 0.00314713
20 0.00750883 0.8344 0.0144602 0.1728 0.00300407
32 0.170316 0.856 0.0273175 0.0128 0.00296974
0 0.323071 0.5992 0.0496175 0.144 0.00291252
29 0.537709 0.5192 0.0328925 0.0704 0.00279045
67 0.70914 0.4784 0.010035 0.032 0.00226974
14 0.00763078 0.8048 0.0141814 0.1088 0.00218201
32 0.331434 0.6276 0.06244 0.0696 0.00208282
35 0.821198 0.6456 0.0167251 0.032 0.00205803
19 0.00763078 0.8048 0.0141814 0.1088 0.00202751
67 0.442098 0.3584 0.0172825 0.0312 0.00200272
29 0.420355 0.6016 0.02007 0.0392 0.00186729
32 0.56642 0.9272 0.0223 0.0416 0.00186062
20 0.00763078 0.8048 0.0141814 0.1088 0.00178909
34 0.54189 0.4696 0.06244 0.1472 0.00174809
19 0.00750883 0.8344 0.0144602 0.1728 0.0017004
34 0.452411 0.2732 0.0518475 0.0464 0.0016613
23 0.207251 0.2816 0.0376313 0.14 0.00165462
33 0.00750883 0.8344 0.0144602 0.1728 0.00164223
29 0.343978 0.5952 0.02007 0.0304 0.00159168
32 0.486698 0.8928 0.04237 0.064 0.00154305
34 0.337845 0.6312 0.056865 0.072 0.00149536
29 0.170595 0.8552 0.02676 0.0128 0.00146103
29 0.415338 0.6208 0.027875 0.0776 0.00137234
38 0.452411 0.2732 0.0518475 0.0464 0.00136662
38 0.730325 0.4888 0.0446 0.0456 0.00136185
29 0.6467 0.496 0.01784 0.024 0.00135136
0 0.536873 0.4716 0.03568 0.0864 0.00132465
0 0.0126483 0.7936 0.0249481 0.0864001 0.00131512
17 0.00750883 0.8344 0.0144602 0.1728 0.00130939
32 0.537709 0.5192 0.0328925 0.0704 0.00129986
29 0.442098 0.3584 0.0172825 0.0312 0.00129414
0 0.324744 0.5912 0.0351225 0.128 0.00128937
0 0.00564469 0.8354 0.00982594 0.1756 0.00126457
0 0.330319 0.6192 0.072475 0.1856 0.00122547
17 0.00763078 0.8048 0.0141814 0.1088 0.00117874
67 0.6467 0.496 0.01784 0.024 0.00117397
0 0.745935 0.5912 0.09143 0.2624 0.00115108
67 0.452411 0.2732 0.0518475 0.0464 0.0011034
34 0.73144 0.4912 0.04683 0.0432 0.00106525
67 0.451296 0.3607 0.0340075 0.0338 0.00103188
34 0.728095 0.5148 0.05798 0.1136 0.00102806
32 0.00763078 0.8048 0.0141814 0.1088 0.00100803
0 0.36126 0.732 0.139375 0.4176 0.931152
0 0.725865 0.7004 0.17617 0.4696 0.899902
0 0.506489 0.6431 0.144393 0.6002 0.897949
29 0.45269 0.2732 0.0518475 0.0456 0.894043
0 0.00759594 0.835 0.0145647 0.1732 0.0847778
29 0.33673 0.632 0.05798 0.072 0.0646362
0 0.00728234 0.7928 0.0128225 0.0848 0.0368347
29 0.323908 0.6272 0.050175 0.0768 0.0362244
29 0.539939 0.6552 0.0696875 0.052 0.0231476
29 0.337009 0.624 0.0507325 0.056 0.0216217
0 0.00719524 0.8142 0.0129619 0.1348 0.0207977
32 0.452411 0.2734 0.0518475 0.0464 0.0174408
32 0.821755 0.6456 0.01561 0.032 0.0164032
29 0.339796 0.6148 0.03791 0.0384 0.0137405
0 0.536873 0.4888 0.02899 0.0656 0.00971222
11 0.197355 0.3214 0.01338 0.0596 0.00923157
29 0.451018 0.362 0.0384675 0.0424 0.00809479
65 0.452411 0.2734 0.0518475 0.0464 0.00772476
32 0.804473 0.8736 0.014495 0.0336 0.00760651
29 0.537988 0.5316 0.032335 0.0456 0.00712204
32 0.420355 0.6016 0.02007 0.0383999 0.00677109
38 0.451018 0.362 0.0384675 0.0424 0.005867
0 0.53743 0.5072 0.032335 0.0928 0.00561905
14 0.00857156 0.8352 0.0161675 0.1744 0.00553513
32 0.803915 0.88 0.01784 0.048 0.00536346
29 0.35011 0.6108 0.01784 0.0272 0.00496292
38 0.339518 0.6296 0.059095 0.0712 0.0049057
34 0.537988 0.4512 0.06021 0.1152 0.00468063
0 0.323071 0.5996 0.0496175 0.1448 0.00452042
32 0.32335 0.6256 0.0485025 0.08 0.00418091
0 0.0179794 0.8352 0.0352619 0.176 0.00411606
0 0.330319 0.5572 0.0172825 0.06 0.00380898
29 0.00714297 0.7922 0.0128922 0.0828 0.00359344
0 0.54189 0.4844 0.068015 0.1792 0.00359344
29 0.821755 0.6456 0.01561 0.032 0.00353813
0 0.0121779 0.8704 0.0222652 0.2448 0.00341606
32 0.170316 0.856 0.0273175 0.0128 0.00291252
20 0.00759594 0.835 0.0145647 0.1732 0.00279045
67 0.70914 0.4784 0.010035 0.032 0.00276756
29 0.537709 0.516 0.0328925 0.0768 0.00257111
14 0.00766563 0.8168 0.0143556 0.1344 0.00226974
67 0.442098 0.3585 0.0172825 0.0318 0.00224304
29 0.420355 0.6016 0.02007 0.0383999 0.00213242
32 0.56642 0.9272 0.0223 0.0416 0.00196457
35 0.821198 0.6456 0.0167251 0.032 0.00191879
0 0.33004 0.6196 0.07136 0.1856 0.00185299
38 0.730325 0.4892 0.0446 0.0448 0.00183105
34 0.452411 0.2734 0.0518475 0.0464 0.00179577
32 0.331155 0.6272 0.0618825 0.0688 0.00179577
38 0.452411 0.2734 0.0518475 0.0464 0.00178242
34 0.541333 0.4688 0.06244 0.1456 0.00173378
19 0.00766563 0.8168 0.0143556 0.1344 0.00173378
0 0.537151 0.4792 0.0340075 0.0688 0.00168705
29 0.343978 0.5944 0.0195125 0.0296 0.0016613
34 0.337845 0.6312 0.056865 0.072 0.00162888
32 0.486698 0.8928 0.04237 0.064 0.00160408
0 0.324744 0.5912 0.0351225 0.128 0.00158501
0 0.346765 0.7188 0.108155 0.3736 0.00157356
33 0.00759594 0.835 0.0145647 0.1732 0.00156116
29 0.442098 0.3585 0.0172825 0.0318 0.00155449
0 0.745935 0.5984 0.09143 0.2768 0.00154877
0 0.00567953 0.8354 0.00989563 0.1756 0.00149536
19 0.00728234 0.7928 0.0128225 0.0848 0.0014782
29 0.647258 0.4964 0.01784 0.024 0.00143814
0 0.0126483 0.7936 0.0248784 0.0864001 0.0014267
29 0.170595 0.8552 0.02676 0.0128 0.0014267
38 0.337009 0.624 0.0507325 0.056 0.00141621
67 0.647258 0.4964 0.01784 0.024 0.00129414
29 0.415338 0.6208 0.027875 0.0768 0.00127888
34 0.73144 0.4916 0.045715 0.0424 0.0012064
67 0.70914 0.486 0.01115 0.0448 0.00120163
17 0.00759594 0.835 0.0145647 0.1732 0.00120163
23 0.206833 0.2816 0.0373525 0.1392 0.0011692
32 0.537709 0.516 0.0328925 0.0768 0.00112057
34 0.728095 0.5152 0.05798 0.1152 0.00112057
0 0.331155 0.5604 0.01338 0.0456 0.00110722
67 0.451296 0.3607 0.0340075 0.0338 0.00108624
0 0.56865 0.5368 0.01338 0.0968 0.00107765
0 0.33673 0.6928 0.0875275 0.3312 0.00105667
0 0.335336 0.5988 0.0763775 0.148 0.00103664
0 0.70022 0.5704 0.12488 0.1776 0.00103188
67 0.452411 0.2734 0.0518475 0.0464 0.00102806
0 0.763775 0.5696 0.12265 0.2064 0.00102425
29 0.344535 0.588 0.021185 0.0264 0.00101185
0 0.36126 0.732 0.139375 0.4176 0.936523
0 0.72475 0.7008 0.17394 0.4672 0.905273
0 0.506489 0.6424 0.144393 0.6 0.904785
29 0.452411 0.2732 0.0518475 0.0456 0.891602
0 0.00757852 0.835 0.0145995 0.1732 0.0820923
29 0.33673 0.632 0.05798 0.072 0.0685425
29 0.323908 0.6272 0.050175 0.0768 0.0362244
0 0.0072475 0.7918 0.0128573 0.0836 0.0353394
29 0.539939 0.6552 0.0696875 0.052 0.0249939
29 0.337288 0.622 0.050175 0.0512 0.0227966
32 0.452133 0.2734 0.05129 0.0464 0.0165863
32 0.821755 0.6456 0.01561 0.032 0.0164642
0 0.00818828 0.7952 0.0156797 0.0992 0.014061
29 0.340633 0.6144 0.03568 0.0368 0.0138474
11 0.197355 0.3216 0.01338 0.0592 0.0102921
0 0.536873 0.4888 0.02899 0.0656 0.0100937
65 0.452133 0.2734 0.05129 0.0464 0.00828552
29 0.450739 0.3625 0.0384675 0.043 0.00763702
32 0.420355 0.6016 0.02007 0.0383999 0.00709534
29 0.537988 0.5316 0.032335 0.0456 0.00682449
38 0.450739 0.3625 0.0384675 0.043 0.00677109
32 0.804473 0.8736 0.014495 0.0336 0.00671768
0 0.53743 0.5072 0.032335 0.092 0.00577545
14 0.00857156 0.8352 0.0162372 0.1744 0.00557709
38 0.339518 0.6296 0.059095 0.0712 0.00519943
32 0.803915 0.88 0.01784 0.048 0.00500107
29 0.349553 0.6108 0.01784 0.028 0.00498199
34 0.537988 0.4512 0.06021 0.1152 0.00450516
0 0.0178748 0.835 0.0351922 0.1764 0.00450516
0 0.330319 0.5572 0.0172825 0.06 0.00434875
32 0.32335 0.6256 0.04906 0.08 0.00416565
0 0.323071 0.5992 0.0496175 0.144 0.00402451
29 0.821755 0.6456 0.01561 0.032 0.00379562
29 0.00714297 0.7928 0.0128922 0.0816 0.0037365
0 0.0121605 0.8706 0.0222303 0.246 0.00344276
67 0.70914 0.4784 0.010035 0.032 0.00335121
0 0.54189 0.484 0.068015 0.1792 0.00313568
20 0.00757852 0.835 0.0145995 0.1732 0.00270462
38 0.730325 0.4896 0.0446 0.0448 0.00266266
32 0.170316 0.856 0.0273175 0.0128 0.00265312
29 0.420355 0.6016 0.02007 0.0383999 0.00245285
29 0.537709 0.5152 0.0328925 0.0784 0.00236893
67 0.442098 0.3585 0.0172825 0.0318 0.00234985
32 0.56642 0.928 0.0223 0.0416 0.00214005
0 0.33004 0.62 0.072475 0.1856 0.00201988
38 0.452133 0.2734 0.05129 0.0464 0.00200272
0 0.346765 0.7192 0.108155 0.3728 0.00194168
29 0.343978 0.594 0.02007 0.0296 0.00189686
32 0.331155 0.6272 0.0618825 0.0688 0.0018034
0 0.745935 0.6012 0.09143 0.2824 0.00170708
34 0.452133 0.2734 0.05129 0.0464 0.0017004
34 0.541333 0.468 0.06244 0.144 0.0017004
0 0.00567953 0.836 0.00996531 0.176 0.00169373
29 0.442098 0.3585 0.0172825 0.0318 0.00167465
0 0.53743 0.48 0.03345 0.068 0.00167465
35 0.821198 0.6456 0.0167251 0.032 0.00165462
34 0.337845 0.6312 0.056865 0.072 0.00164223
33 0.00757852 0.835 0.0145995 0.1732 0.00161076
32 0.486698 0.8928 0.04237 0.064 0.00158501
19 0.00766563 0.824 0.0143556 0.1488 0.00157356
0 0.324744 0.5904 0.034565 0.1264 0.00155449
0 0.70022 0.5704 0.12488 0.1792 0.00148392
67 0.6467 0.4964 0.01784 0.024 0.00146675
0 0.0126134 0.7936 0.0248784 0.0864001 0.00145531
67 0.70914 0.486 0.01115 0.0448 0.00144958
38 0.337288 0.622 0.050175 0.0512 0.0014267
29 0.6467 0.4964 0.01784 0.024 0.00142097
23 0.206833 0.2816 0.036795 0.1392 0.00141048
29 0.170595 0.8552 0.02676 0.0128 0.00139904
34 0.73144 0.4916 0.0446 0.0416 0.00138855
29 0.344535 0.588 0.02007 0.0256 0.00138283
38 0.726423 0.486 0.032335 0.0408 0.00134563
0 0.33673 0.692 0.088085 0.3296 0.00131512
29 0.415338 0.6208 0.027875 0.0768 0.00123978
34 0.728095 0.5156 0.05798 0.1152 0.00122547
0 0.331155 0.5608 0.01338 0.0448 0.00118351
19 0.0072475 0.7918 0.0128573 0.0836 0.0011425
0 0.335336 0.5984 0.0763775 0.1488 0.00112438
38 0.73367 0.4968 0.04014 0.0296 0.00112057
67 0.451018 0.3607 0.034565 0.0338 0.00109005
0 0.763775 0.5704 0.12265 0.208 0.00107288
0 0.56865 0.5368 0.01338 0.0968 0.00106907
17 0.00757852 0.835 0.0145995 0.1732 0.00106525
32 0.537709 0.5152 0.0328925 0.0784 0.00105286
29 0.351504 0.576 0.04237 0.1024 0.00104427
0 0.362933 0.5988 0.12934 0.148 0.00104427
29 0.447115 0.3615 0.02899 0.037 0.00104046
0 0.743148 0.5672 0.088085 0.2096 0.00104046
0 0.36126 0.7316 0.14049 0.4168 0.941406
0 0.50621 0.6416 0.14495 0.6 0.908691
0 0.72475 0.7008 0.17394 0.4672 0.908203
29 0.452411 0.2736 0.0518475 0.046 0.887207
0 0.00759594 0.835 0.014495 0.1732 0.0738525
29 0.33673 0.632 0.05798 0.072 0.0592041
0 0.00723008 0.7918 0.0128922 0.0836 0.0368958
29 0.323908 0.6272 0.0507325 0.0784 0.0280151
29 0.540218 0.6552 0.070245 0.0528 0.0244293
29 0.337009 0.62 0.0496175 0.0464 0.0201721
32 0.452133 0.2736 0.05129 0.0464 0.0179901
32 0.821198 0.6456 0.01561 0.032 0.0170441
0 0.00818828 0.7954 0.0157145 0.0988 0.0142822
29 0.341748 0.6136 0.03345 0.0368 0.0125275
0 0.536594 0.4892 0.02899 0.0656 0.0107346
11 0.197355 0.3216 0.01338 0.0592 0.0104904
65 0.452133 0.2736 0.05129 0.0464 0.00937653
38 0.450739 0.3624 0.0384675 0.0432 0.00723267
32 0.420355 0.6016 0.02007 0.0383999 0.00720596
29 0.450739 0.3624 0.0384675 0.0432 0.0068512
29 0.537988 0.532 0.032335 0.0464 0.00671768
32 0.804473 0.8736 0.014495 0.0336 0.00651169
0 0.537151 0.5068 0.0317775 0.0928 0.00612259
14 0.00843219 0.8352 0.0160281 0.1744 0.00561905
38 0.339239 0.6296 0.059095 0.0712 0.00534439
0 0.330319 0.5572 0.0172825 0.06 0.00524139
32 0.803915 0.8808 0.01784 0.048 0.0051384
29 0.349553 0.6112 0.01784 0.0288 0.00481033
34 0.537988 0.4504 0.06021 0.1152 0.00446701
0 0.0178226 0.8344 0.0350877 0.1776 0.00446701
0 0.323071 0.5992 0.0496175 0.144 0.00424957
32 0.32335 0.626 0.04906 0.0808 0.00380898
29 0.821198 0.6456 0.01561 0.032 0.00362206
67 0.70914 0.4784 0.010035 0.0312 0.0036068
29 0.00712555 0.7928 0.0128922 0.0816 0.00356483
38 0.730325 0.4896 0.0446 0.0448 0.00321007
0 0.541611 0.4836 0.0674575 0.1784 0.00284576
0 0.0121779 0.8696 0.0222652 0.2464 0.00269318
67 0.442098 0.3588 0.0172825 0.0312 0.00264168
29 0.420355 0.6016 0.02007 0.0383999 0.00248146
32 0.170316 0.856 0.0273175 0.0128 0.00233269
38 0.452133 0.2736 0.05129 0.0464 0.00228691
0 0.346765 0.72 0.10927 0.3744 0.00226974
20 0.00759594 0.835 0.014495 0.1732 0.00226974
29 0.537709 0.5168 0.0328925 0.0752 0.00226021
32 0.56642 0.928 0.0223 0.0416 0.00224304
0 0.329761 0.62 0.0719175 0.1864 0.00218201
29 0.343978 0.5944 0.02007 0.0296 0.00198746
33 0.00759594 0.835 0.014495 0.1732 0.00189686
34 0.541054 0.4676 0.0618825 0.1432 0.00188923
0 0.70022 0.572 0.12488 0.1824 0.00177479
0 0.745935 0.6032 0.09143 0.2864 0.00176144
32 0.331155 0.6276 0.06244 0.0696 0.0017004
34 0.452133 0.2736 0.05129 0.0464 0.00169373
0 0.537151 0.4792 0.0340075 0.0704 0.00168133
34 0.33673 0.632 0.05798 0.072 0.00167465
0 0.325023 0.5892 0.034565 0.124 0.00165462
0 0.0125786 0.7936 0.0248784 0.0864001 0.00162888
29 0.442098 0.3588 0.0172825 0.0312 0.00162315
38 0.725865 0.4864 0.03122 0.0416 0.00162315
23 0.206693 0.2816 0.0370737 0.1392 0.00161648
67 0.6467 0.4968 0.01784 0.024 0.00160408
32 0.486698 0.8928 0.04237 0.064 0.00157928
67 0.70914 0.486 0.01115 0.0448 0.00153637
0 0.0057318 0.8354 0.0101047 0.1756 0.00151253
35 0.82064 0.6456 0.01784 0.032 0.00150681
0 0.33673 0.6936 0.088085 0.3344 0.00148964
29 0.343978 0.588 0.02007 0.0256 0.0014782
34 0.73144 0.492 0.0446 0.0408 0.00144386
38 0.337009 0.62 0.0496175 0.0464 0.00139427
29 0.6467 0.4968 0.01784 0.024 0.00135136
38 0.73367 0.4968 0.04014 0.0296 0.00134087
0 0.331155 0.5612 0.01338 0.044 0.00129986
29 0.170595 0.8552 0.02676 0.0128 0.0012846
34 0.728653 0.516 0.059095 0.1152 0.00127411
0 0.335336 0.5988 0.0763775 0.1488 0.00123501
19 0.0076482 0.8192 0.0142511 0.1392 0.00120163
29 0.415338 0.6208 0.027875 0.0768 0.00117397
41 0.420634 0.6016 0.0195125 0.0383999 0.0011034
0 0.325023 0.5592 0.030105 0.064 0.00109863
38 0.451018 0.3711 0.03791 0.0578 0.00109863
0 0.363769 0.5992 0.131013 0.1488 0.00108147
0 0.763775 0.5712 0.12265 0.2096 0.00108147
67 0.451018 0.3608 0.034565 0.0344 0.00107288
0 0.743148 0.568 0.088085 0.2112 0.00105286
34 0.73367 0.4968 0.04014 0.0296 0.00104809
0 0.56865 0.5368 0.01338 0.096 0.00101185
0 0.360981 0.7312 0.141048 0.416 0.949707
0 0.505931 0.6409 0.144392 0.5998 0.921875
0 0.72475 0.7008 0.17394 0.4672 0.917969
29 0.452133 0.2738 0.052405 0.0464 0.891113
29 0.33673 0.632 0.0574225 0.072 0.0797729
0 0.00777016 0.8344 0.0149828 0.1744 0.0745239
29 0.324186 0.6272 0.05129 0.0784 0.0367737
0 0.00721266 0.7918 0.0131012 0.0836 0.0339661
29 0.337288 0.6176 0.047945 0.0416 0.0263519
32 0.452133 0.2736 0.0518475 0.0468 0.0246124
29 0.540218 0.6552 0.070245 0.0528 0.0216217
11 0.197355 0.3216 0.01338 0.0592 0.021286
29 0.342305 0.6136 0.0328925 0.0368 0.0184021
32 0.821198 0.6456 0.01561 0.032 0.0151291
0 0.0101744 0.844 0.018955 0.1952 0.0137405
0 0.00818828 0.7976 0.0158888 0.1056 0.0119171
0 0.536594 0.4888 0.02899 0.0656 0.0118256
65 0.452133 0.2736 0.0518475 0.0468 0.0100937
38 0.451018 0.3628 0.039025 0.0432 0.00930023
29 0.537988 0.532 0.032335 0.0464 0.00806427
0 0.537151 0.5064 0.0317775 0.0936 0.0068512
32 0.420355 0.6016 0.02007 0.0383999 0.0068512
29 0.451018 0.3628 0.039025 0.0432 0.00679779
38 0.33896 0.6296 0.05798 0.0712 0.00671768
29 0.349553 0.612 0.01784 0.0304 0.0064621
32 0.804473 0.8736 0.014495 0.0336 0.00643921
14 0.00885031 0.8352 0.0167947 0.176 0.00638962
0 0.0176309 0.8344 0.0349831 0.1776 0.006073
32 0.803915 0.8808 0.01784 0.048 0.005867
0 0.330319 0.5572 0.0172825 0.06 0.00530243
34 0.53743 0.45 0.06021 0.1144 0.00510025
32 0.32335 0.6264 0.04906 0.0816 0.00416565
29 0.00710813 0.7928 0.0131012 0.0816 0.00366402
0 0.345929 0.7188 0.107597 0.3768 0.00366402
29 0.821198 0.6456 0.01561 0.032 0.00348282
0 0.323071 0.5996 0.0496175 0.144 0.00325966
67 0.70914 0.4792 0.010035 0.032 0.0030632
38 0.452133 0.2736 0.0518475 0.0468 0.00291252
38 0.730325 0.49 0.0446 0.044 0.00291252
0 0.0122824 0.8696 0.0226136 0.248 0.00284576
29 0.420355 0.6016 0.02007 0.0383999 0.00273705
33 0.00777016 0.8344 0.0149828 0.1744 0.00271416
29 0.343978 0.596 0.0206275 0.0312 0.00270462
29 0.537709 0.516 0.0328925 0.0768 0.00261116
67 0.442098 0.3584 0.016725 0.0312 0.00258064
32 0.170456 0.856 0.027875 0.0128 0.00257111
32 0.56642 0.928 0.0223 0.0416 0.00257111
0 0.335336 0.6216 0.0830675 0.1888 0.00252151
0 0.54189 0.492 0.070245 0.2 0.00250244
0 0.70022 0.5712 0.12488 0.1792 0.00226021
29 0.415338 0.6208 0.02899 0.0768 0.00215721
0 0.739245 0.5872 0.09366 0.2544 0.00196457
34 0.452133 0.2736 0.0518475 0.0468 0.00191879
20 0.00777016 0.8344 0.0149828 0.1744 0.00191879
34 0.337566 0.6312 0.056865 0.072 0.00186729
32 0.331713 0.628 0.06244 0.0696001 0.00186062
0 0.537151 0.4792 0.0340075 0.0704 0.00185299
0 0.0125089 0.7936 0.0248784 0.0864001 0.00179577
29 0.343699 0.5884 0.0195125 0.0248 0.00176144
23 0.206693 0.2818 0.0370737 0.1396 0.00173378
34 0.732555 0.4928 0.0446 0.0392 0.00166798
29 0.170595 0.8552 0.0270388 0.0128 0.00166798
32 0.486698 0.892 0.04237 0.0656 0.00159168
0 0.324465 0.59 0.034565 0.1256 0.00157356
29 0.41478 0.6352 0.027875 0.0544 0.0015192
0 0.00590602 0.836 0.0105577 0.176 0.00151253
29 0.442098 0.3584 0.016725 0.0312 0.00148964
38 0.337288 0.6176 0.047945 0.0416 0.00148392
0 0.763775 0.5716 0.12265 0.2104 0.00146675
38 0.723635 0.486 0.02453 0.0392 0.00146103
35 0.82064 0.6456 0.01784 0.032 0.00144958
67 0.70914 0.486 0.01115 0.0448 0.00143242
60 0.668861 1 0.629139 0 0.00143242
34 0.73367 0.4968 0.04014 0.0304 0.0014267
34 0.728653 0.4896 0.050175 0.0496 0.00141621
34 0.728653 0.5152 0.06021 0.1152 0.00140476
41 0.420634 0.6016 0.0195125 0.0383999 0.00136662
38 0.73367 0.4968 0.04014 0.0304 0.00133514
60 0.310528 1 0.621055 0 0.00133514
32 0.781615 0.8872 0.063555 0.0608 0.00131989
29 0.6467 0.4968 0.01784 0.024 0.0012846
34 0.53743 0.4312 0.05352 0.0752 0.00124454
0 0.331155 0.5632 0.01338 0.04 0.00123978
41 0.538266 0.5332 0.0328925 0.044 0.00114727
67 0.6467 0.4968 0.01784 0.024 0.00113773
29 0.51959 0.4108 0.01561 0.0328 0.00110722
0 0.331434 0.7216 0.079165 0.3568 0.00107288
19 0.00783984 0.8256 0.0147738 0.152 0.00106525
32 0.330598 0.6432 0.039025 0.0464 0.00104427
32 0.79611 0.8832 0.03345 0.0544 0.00104046
32 0.537709 0.516 0.0328925 0.0768 0.00101185
0 0.56865 0.5384 0.01338 0.0928 0.00100422
0 0.360981 0.7312 0.141048 0.416 0.949219
0 0.50621 0.6409 0.143835 0.5998 0.922363
0 0.72475 0.7008 0.17394 0.4672 0.916504
29 0.452133 0.274 0.052405 0.0468 0.880859
29 0.33673 0.632 0.0574225 0.072 0.076416
0 0.00790953 0.8344 0.0153313 0.1744 0.0614319
29 0.324186 0.628 0.0518475 0.0784 0.0408325
11 0.197355 0.322 0.01338 0.0592 0.029541
32 0.452133 0.2736 0.0518475 0.0464 0.0288696
0 0.00723008 0.792 0.0132058 0.0832 0.0274353
29 0.337288 0.618 0.04906 0.0432 0.024231
29 0.341748 0.614 0.03345 0.0368 0.0174408
29 0.540218 0.6552 0.06913 0.0528 0.0153046
32 0.82064 0.6456 0.01561 0.032 0.0127258
0 0.0105925 0.8544 0.0196519 0.216 0.0115509
0 0.53743 0.4944 0.030105 0.0768 0.0111618
38 0.451018 0.3624 0.039025 0.0432 0.00989532
0 0.0082057 0.8018 0.016063 0.1148 0.00941467
65 0.452133 0.2736 0.0518475 0.0464 0.00923157
29 0.537988 0.532 0.032335 0.0464 0.00740433
38 0.33896 0.6296 0.0585375 0.072 0.00656509
29 0.451018 0.3624 0.039025 0.0432 0.00651169
14 0.00919875 0.8352 0.0174916 0.1776 0.00634003
32 0.420355 0.6016 0.02007 0.0383999 0.00570679
29 0.349553 0.612 0.0183975 0.0304 0.00564194
32 0.804473 0.8736 0.014495 0.0336 0.0055542
32 0.803915 0.88 0.01784 0.048 0.00551224
0 0.0175961 0.8354 0.0349831 0.1788 0.00540543
34 0.53743 0.4496 0.06021 0.1136 0.00434875
0 0.346208 0.7188 0.108155 0.3784 0.00421524
32 0.32335 0.6272 0.04906 0.0816 0.00395966
0 0.330319 0.5568 0.0172825 0.0592 0.00383949
33 0.00790953 0.8344 0.0153313 0.1744 0.00382423
29 0.00710813 0.792 0.0131709 0.0816 0.00335121
29 0.82064 0.6456 0.01561 0.032 0.00317192
29 0.415059 0.6208 0.02899 0.0768 0.00286674
38 0.452133 0.2736 0.0518475 0.0464 0.00261116
32 0.56642 0.9288 0.0223 0.04 0.00260162
32 0.170595 0.856 0.027875 0.0128 0.00254059
67 0.70914 0.4792 0.010035 0.0328 0.00253105
29 0.343978 0.5964 0.0206275 0.0312001 0.0024929
23 0.206833 0.282 0.036795 0.14 0.00248146
29 0.537988 0.512 0.03345 0.0864 0.00245285
29 0.420355 0.6016 0.02007 0.0383999 0.00239754
0 0.335336 0.6216 0.0830675 0.1888 0.00228691
38 0.730325 0.49 0.0446 0.044 0.00221634
0 0.323071 0.6 0.0496175 0.144 0.00221634
67 0.442098 0.3584 0.016725 0.0312 0.00218201
0 0.54189 0.4896 0.070245 0.1936 0.00212479
38 0.451018 0.3711 0.0373525 0.0578 0.00206757
29 0.41478 0.6324 0.02899 0.0592 0.00197983
0 0.70022 0.5696 0.12488 0.1728 0.00197983
34 0.452133 0.2736 0.0518475 0.0464 0.00190449
0 0.537151 0.4808 0.0340075 0.0688 0.00183105
32 0.337009 0.6304 0.0596525 0.0728 0.0018177
0 0.0125437 0.7936 0.0248784 0.0864001 0.00181007
0 0.739245 0.5872 0.094775 0.2544 0.00178242
60 0.674018 1 0.609905 0 0.00170708
29 0.170595 0.8552 0.0273175 0.0128 0.00162888
34 0.337845 0.6312 0.056865 0.072 0.00156689
32 0.78273 0.8872 0.061325 0.0608 0.00154305
29 0.34342 0.588 0.018955 0.024 0.00149536
60 0.299378 1 0.598755 0 0.00143242
32 0.48614 0.8928 0.04237 0.0672 0.00142097
0 0.0130664 0.8734 0.0239028 0.2436 0.00142097
38 0.337288 0.618 0.04906 0.0432 0.00139904
34 0.732555 0.4928 0.0446 0.0384 0.00135136
20 0.00790953 0.8344 0.0153313 0.1744 0.00129414
41 0.420634 0.6016 0.0195125 0.0383999 0.00125504
34 0.728653 0.4896 0.050175 0.0496 0.0012064
0 0.324744 0.5896 0.0340075 0.1248 0.0012064
67 0.70914 0.486 0.01115 0.0448 0.00119686
38 0.723635 0.4864 0.0223 0.0384 0.00117874
0 0.763775 0.5724 0.12265 0.212 0.00117874
29 0.442098 0.3584 0.016725 0.0312 0.00116539
34 0.728653 0.5148 0.06021 0.1136 0.00115585
0 0.331713 0.7204 0.0797225 0.3544 0.00115108
41 0.538545 0.5336 0.03345 0.044 0.00113392
35 0.82064 0.6456 0.01784 0.032 0.0011158
34 0.536873 0.4304 0.052405 0.072 0.0011034
38 0.73367 0.4968 0.04014 0.0304 0.00109005
41 0.452133 0.2736 0.0518475 0.0464 0.00103188
29 0.519869 0.4112 0.01561 0.0336 0.00102425
0 0.539381 0.4624 0.0306625 0.1152 0.00100803
32 0.330876 0.6424 0.0395825 0.048 0.00100422
0 0.360981 0.7312 0.141605 0.416 0.945312
0 0.505931 0.6409 0.144392 0.5998 0.91748
0 0.72475 0.7008 0.17394 0.4672 0.910645
29 0.452411 0.274 0.052405 0.0472 0.866211
29 0.33673 0.632 0.056865 0.072 0.0742188
29 0.324465 0.628 0.0518475 0.0784 0.0460205
0 0.00804891 0.8344 0.0155403 0.1744 0.0432739
11 0.197355 0.322 0.01338 0.0592 0.0362244
32 0.452133 0.2738 0.052405 0.0468 0.0354004
29 0.337288 0.6184 0.04906 0.0448 0.02211
0 0.0072475 0.792 0.01338 0.0832 0.0195618
29 0.34119 0.6144 0.034565 0.0376001 0.016922
0 0.0102789 0.8434 0.0190944 0.1948 0.0155411
38 0.451018 0.3628 0.039025 0.044 0.0110703
32 0.821198 0.6456 0.0167251 0.032 0.0107346
0 0.536315 0.4888 0.030105 0.0688 0.00912476
29 0.540218 0.6552 0.06913 0.0528 0.00874329
65 0.452133 0.2738 0.052405 0.0468 0.00837708
0 0.00825797 0.808 0.0161675 0.1264 0.00695801
38 0.33896 0.6296 0.0585375 0.072 0.0068779
29 0.537988 0.532 0.032335 0.0464 0.00605011
0 0.53743 0.5056 0.032335 0.0944 0.00548935
14 0.0094775 0.836 0.0179794 0.1776 0.00521851
32 0.803915 0.8808 0.01784 0.048 0.00511932
29 0.349553 0.6128 0.0183975 0.032 0.0050621
32 0.804473 0.8736 0.014495 0.0352 0.00469971
29 0.451018 0.3628 0.039025 0.044 0.00468063
32 0.420355 0.6016 0.02007 0.0383999 0.00457382
0 0.0176309 0.8352 0.0349831 0.1808 0.00411606
34 0.53743 0.4496 0.059095 0.1136 0.00392914
32 0.32335 0.6272 0.04906 0.0816 0.00372124
33 0.00804891 0.8344 0.0155403 0.1744 0.00365067
29 0.415059 0.6212 0.0295475 0.0776 0.00322342
0 0.0124044 0.8706 0.0229969 0.2524 0.00298119
29 0.00710813 0.792 0.0133103 0.0816 0.00277901
29 0.821198 0.6456 0.0167251 0.032 0.0026722
0 0.330319 0.5572 0.0172825 0.0592 0.00250244
38 0.452133 0.2738 0.052405 0.0468 0.0024929
38 0.450739 0.3712 0.0373525 0.0584 0.00234222
32 0.56642 0.9288 0.0223 0.04 0.00233269
29 0.343978 0.5968 0.021185 0.032 0.00229645
32 0.170595 0.856 0.0284325 0.0128 0.00221634
38 0.730883 0.4896 0.0446 0.0448 0.00218201
29 0.537988 0.512 0.03345 0.0864 0.0020752
32 0.337288 0.6304 0.059095 0.0728 0.00201988
23 0.206972 0.2818 0.0365162 0.1404 0.00201988
0 0.335615 0.6216 0.083625 0.1888 0.00201988
29 0.420355 0.6016 0.02007 0.0383999 0.00192642
60 0.679035 1 0.592065 0 0.00188923
34 0.452133 0.2738 0.052405 0.0468 0.0018177
67 0.442098 0.3584 0.016725 0.0312 0.00178909
0 0.33673 0.6944 0.0892 0.336 0.00178242
67 0.70914 0.4792 0.01115 0.0336 0.00169373
32 0.783845 0.8872 0.06021 0.0608 0.00168133
0 0.0125786 0.7936 0.0248784 0.0864001 0.00160408
0 0.536873 0.48 0.034565 0.0704 0.00156689
0 0.323071 0.6008 0.0496175 0.144 0.00153065
0 0.699663 0.5696 0.12488 0.1664 0.0015192
0 0.54189 0.488 0.070245 0.1904 0.0014782
34 0.337845 0.6312 0.056865 0.072 0.00145531
0 0.737015 0.5868 0.09812 0.2536 0.00141048
60 0.291294 1 0.581473 0 0.00140476
29 0.170595 0.8544 0.0273175 0.0128 0.00139904
41 0.452411 0.2732 0.0518475 0.046 0.00137806
38 0.337288 0.6184 0.04906 0.0448 0.00134087
32 0.486419 0.8928 0.0429275 0.0672 0.00124454
38 0.72252 0.4864 0.0223 0.0384 0.00123978
29 0.34342 0.588 0.018955 0.024 0.00121593
34 0.732555 0.4928 0.0446 0.0384 0.00119686
29 0.197634 0.3226 0.014495 0.0588 0.00111198
38 0.73367 0.4968 0.04014 0.0304 0.00109482
34 0.728095 0.4896 0.04906 0.0496 0.00109482
41 0.538545 0.5336 0.03345 0.044 0.00108147
32 0.330598 0.6424 0.039025 0.048 0.00107288
41 0.420634 0.6016 0.0195125 0.0383999 0.00102806
34 0.536873 0.43 0.052405 0.072 0.00101185
34 0.728095 0.5136 0.06021 0.1104 0.00100422
0 0.360981 0.7312 0.141605 0.416 0.941895
0 0.505653 0.6412 0.14495 0.5992 0.912109
0 0.72475 0.7008 0.17394 0.4672 0.905762
29 0.452411 0.2742 0.052405 0.0472 0.86084
29 0.33673 0.632 0.0574225 0.072 0.0596619
29 0.324465 0.628 0.05129 0.0784 0.0411377
11 0.197355 0.322 0.01338 0.0592 0.0390625
32 0.452133 0.2738 0.052405 0.0468 0.0387573
0 0.00824055 0.8338 0.0157842 0.1756 0.0367737
29 0.337288 0.618 0.0485025 0.0432 0.016922
0 0.0072475 0.7922 0.0134497 0.0828 0.0163422
29 0.34119 0.6144 0.034565 0.0383999 0.0132217
0 0.0105228 0.8632 0.0195822 0.2352 0.0125732
38 0.451018 0.3631 0.039025 0.0434 0.0104904
32 0.821198 0.6456 0.0167251 0.032 0.00952148
0 0.536594 0.4888 0.030105 0.0688 0.00867462
65 0.452133 0.2738 0.052405 0.0468 0.00815582
29 0.540218 0.6552 0.06913 0.0528 0.0077858
38 0.339239 0.6296 0.059095 0.072 0.00605011
0 0.53743 0.5056 0.032335 0.096 0.00557709
32 0.803915 0.8808 0.016725 0.048 0.00540543
29 0.537988 0.532 0.032335 0.048 0.00502014
32 0.804473 0.8736 0.014495 0.0352 0.00466537
14 0.00972141 0.836 0.0183278 0.1792 0.00450516
29 0.349553 0.6128 0.0183975 0.032 0.00403976
32 0.420355 0.6016 0.02007 0.0383999 0.0037365
29 0.451018 0.3631 0.039025 0.0434 0.00363541
34 0.53743 0.4496 0.059095 0.1136 0.0036068
33 0.00824055 0.8338 0.0157842 0.1756 0.00349617
32 0.32335 0.628 0.04906 0.0816 0.00342941
0 0.0176658 0.836 0.0349134 0.1824 0.00341606
29 0.415059 0.6216 0.0295475 0.0784 0.00283432
32 0.566978 0.9288 0.0223 0.04 0.00250244
29 0.00710813 0.792 0.01338 0.0816 0.00230598
29 0.821198 0.6456 0.0167251 0.032 0.00228691
38 0.452133 0.2738 0.052405 0.0468 0.00223351
38 0.45046 0.3716 0.036795 0.0592 0.00217438
41 0.45269 0.2734 0.052405 0.0464 0.00208282
0 0.330598 0.5572 0.01784 0.0592 0.0020752
38 0.73144 0.4896 0.0446 0.0448 0.00203514
23 0.206972 0.2818 0.0362375 0.1404 0.00196457
60 0.68461 1 0.578685 0 0.00193405
32 0.170595 0.856 0.0284325 0.0128 0.00186729
29 0.343978 0.5964 0.0206275 0.0312001 0.00184631
32 0.337288 0.6304 0.059095 0.0728 0.00183105
0 0.335615 0.6224 0.083625 0.1904 0.00183105
32 0.783845 0.8872 0.059095 0.0608 0.00175476
0 0.323071 0.6008 0.0496175 0.144 0.00174141
29 0.537988 0.5112 0.03345 0.088 0.00170708
34 0.452133 0.2738 0.052405 0.0468 0.00168705
0 0.337009 0.698 0.0897575 0.3416 0.00167465
29 0.420355 0.6016 0.02007 0.0383999 0.00162315
0 0.0125786 0.7936 0.0248784 0.0864001 0.00153065
0 0.331155 0.5592 0.014495 0.048 0.00151253
67 0.441819 0.3584 0.016725 0.0304 0.00148392
29 0.170595 0.8544 0.0273175 0.0128 0.00137234
67 0.70914 0.4796 0.01115 0.0336 0.00134563
34 0.337845 0.6312 0.056865 0.072 0.00131989
60 0.286276 1 0.568093 0 0.00130463
0 0.699105 0.5704 0.12488 0.1624 0.00123978
32 0.486419 0.8928 0.0429275 0.0672 0.00121593
41 0.538545 0.5336 0.03345 0.044 0.00117874
38 0.723078 0.4864 0.021185 0.0368 0.00117397
0 0.737015 0.5868 0.09812 0.2536 0.00116062
0 0.0539381 0.8576 0.105786 0.2208 0.00115585
0 0.54189 0.4884 0.070245 0.1912 0.00114727
38 0.337288 0.618 0.0485025 0.0432 0.00113773
29 0.197634 0.3228 0.014495 0.0584 0.00111198
32 0.330319 0.6432 0.0384675 0.0472 0.00107288
0 0.0241032 0.8464 0.0472656 0.1968 0.00107288
34 0.73367 0.4968 0.04014 0.0304 0.00105286
29 0.34342 0.5884 0.0183975 0.024 0.00104427
0 0.288785 0.7488 0.286555 0.368 0.00104046
38 0.73367 0.4968 0.04014 0.0304 0.00103664
34 0.728095 0.4896 0.04906 0.0496 0.00101185
0 0.360981 0.7312 0.141605 0.416 0.94043
0 0.505653 0.6409 0.14495 0.5998 0.910156
0 0.72475 0.7004 0.17394 0.468 0.905273
29 0.452133 0.2744 0.052405 0.0472 0.864258
29 0.33673 0.632 0.056865 0.072 0.0736694
29 0.324465 0.6284 0.052405 0.0784 0.0538025
32 0.452133 0.274 0.052405 0.0472 0.0488586
11 0.197494 0.322 0.0136588 0.0592 0.0470886
0 0.00832766 0.8336 0.0160978 0.1744 0.0299835
29 0.337845 0.616 0.04683 0.04 0.018692
29 0.342305 0.6144 0.03345 0.0368 0.0173035
0 0.0072475 0.7922 0.0135891 0.0828 0.0137405
0 0.0106622 0.8712 0.0201397 0.2528 0.0121918
38 0.451296 0.3631 0.04014 0.0434 0.0112
29 0.540218 0.6552 0.06913 0.0528 0.0108185
32 0.82064 0.6456 0.01784 0.032 0.0086441
0 0.536594 0.4888 0.030105 0.0696 0.0085144
65 0.452133 0.274 0.052405 0.0472 0.00748825
29 0.537988 0.5324 0.032335 0.0464 0.00709534
38 0.33896 0.63 0.05798 0.0712 0.00706482
32 0.803915 0.8808 0.016725 0.048 0.00624084
0 0.537709 0.5056 0.0328925 0.096 0.00534439
29 0.349553 0.6132 0.018955 0.0328 0.00510025
32 0.804473 0.8736 0.014495 0.0352 0.00484848
34 0.53743 0.4496 0.059095 0.1136 0.00462723
32 0.32335 0.628 0.04906 0.0816 0.00374985
32 0.420076 0.6016 0.0206275 0.0383999 0.00372124
14 0.00986078 0.8382 0.0186066 0.1828 0.00366402
33 0.00832766 0.8336 0.0160978 0.1744 0.00359344
29 0.41478 0.6216 0.030105 0.0784 0.00346947
29 0.451296 0.3631 0.04014 0.0434 0.00327301
32 0.567535 0.9296 0.0223 0.0384 0.00298119
0 0.0177006 0.837 0.0351225 0.1852 0.00294685
14 0.0083625 0.8232 0.0160281 0.1472 0.00282288
60 0.685725 1 0.576455 0 0.00266266
14 0.0106622 0.8712 0.0201397 0.2528 0.00265312
38 0.73144 0.49 0.0446 0.0448 0.00261116
41 0.45269 0.2736 0.052405 0.0464 0.00253105
29 0.537988 0.5128 0.03345 0.0864 0.00251198
32 0.337288 0.6304 0.0585375 0.0728 0.00244331
29 0.00710813 0.792 0.0135194 0.0816 0.00235939
38 0.450739 0.3719 0.036795 0.0594 0.00233269
38 0.452133 0.274 0.052405 0.0472 0.00231361
29 0.343978 0.598 0.021185 0.0328 0.00226974
32 0.78496 0.8872 0.056865 0.0608 0.00225258
29 0.82064 0.6456 0.01784 0.032 0.00219154
34 0.452133 0.274 0.052405 0.0472 0.00195694
0 0.335615 0.6224 0.083625 0.1904 0.00176144
29 0.420076 0.6016 0.0206275 0.0383999 0.00167465
29 0.197634 0.3228 0.014495 0.0584 0.00162888
0 0.0241119 0.8496 0.0473875 0.2032 0.00162315
29 0.170734 0.8544 0.0275962 0.0128 0.0015974
0 0.33673 0.698 0.0892 0.3432 0.00157356
41 0.538545 0.534 0.03345 0.044 0.00156116
0 0.330598 0.5572 0.0172825 0.0592 0.00154877
32 0.486419 0.892 0.0429275 0.0672 0.00152493
60 0.284325 1 0.563075 0 0.00151253
34 0.337845 0.6312 0.056865 0.072 0.00150681
0 0.537151 0.4792 0.0340075 0.072 0.00148964
0 0.0125786 0.7936 0.0249481 0.0864001 0.00145531
32 0.170874 0.8552 0.02899 0.0112 0.00144386
34 0.73367 0.4968 0.04014 0.0304 0.0014267
38 0.72252 0.4864 0.02007 0.0368 0.00140476
34 0.536873 0.43 0.052405 0.0728 0.00136185
67 0.441819 0.3583 0.016725 0.0306 0.00135612
38 0.73367 0.4968 0.04014 0.0304 0.00135136
32 0.330319 0.6432 0.0384675 0.0464 0.00134563
0 0.331155 0.56 0.014495 0.0448 0.00129414
23 0.206833 0.2818 0.0362375 0.1404 0.00129414
0 0.323071 0.6016 0.0496175 0.144 0.00127411
29 0.34342 0.5884 0.018955 0.024 0.0012207
34 0.728095 0.4896 0.04906 0.0496 0.00121593
0 0.289342 0.75 0.286555 0.3656 0.00118351
49 0.45269 0.274 0.052405 0.0488 0.00115108
0 0.54189 0.488 0.070245 0.1904 0.00115108
0 0.0549834 0.86 0.108016 0.224 0.00115108
25 0.685725 1 0.576455 0 0.00109005
33 0.206693 0.2824 0.036795 0.1416 0.00106049
32 0.72252 0.4864 0.02007 0.0368 0.00105286
0 0.699105 0.5704 0.12488 0.1568 0.00105286
38 0.323629 0.6272 0.0507325 0.0800001 0.00104809
2 0.245161 1 0.490321 0 0.00104809
38 0.337845 0.616 0.04683 0.04 0.00103664
0 0.735343 0.5872 0.101465 0.2544 0.00103188
67 0.70914 0.48 0.01115 0.0344 0.00101662
34 0.728095 0.5112 0.06021 0.1064 0.00100803
38 0.719733 0.488 0.03791 0.0512 0.00100803
0 0.36126 0.7316 0.141605 0.4168 0.939941
0 0.505653 0.6412 0.14495 0.5992 0.908203
0 0.72475 0.7008 0.17394 0.4688 0.904785
29 0.452411 0.2744 0.0529625 0.0476 0.873047
29 0.33673 0.632 0.056865 0.072 0.0656128
32 0.452133 0.274 0.052405 0.0472 0.0522461
29 0.324465 0.6288 0.0518475 0.0784 0.0518494
11 0.197494 0.322 0.0136588 0.0592 0.0507202
0 0.00839734 0.8224 0.0161675 0.1472 0.0297546
0 0.00996531 0.8432 0.0188853 0.1952 0.0188751
29 0.337845 0.616 0.04683 0.0392 0.016922
29 0.342305 0.6144 0.03345 0.0368 0.0157776
0 0.00770047 0.7918 0.0154009 0.0836 0.0133743
0 0.0108364 0.8724 0.0204184 0.2552 0.0130692
29 0.540218 0.6552 0.06913 0.0528 0.012825
38 0.451018 0.3625 0.039025 0.043 0.0115509
0 0.536873 0.4888 0.030105 0.0704 0.00891876
32 0.82064 0.6456 0.01784 0.032 0.00844574
29 0.537988 0.5324 0.032335 0.0464 0.00818634
65 0.452133 0.274 0.052405 0.0472 0.00772476
32 0.803915 0.8808 0.016725 0.048 0.00666809
38 0.33896 0.6296 0.05798 0.072 0.00643921
0 0.537709 0.5056 0.0328925 0.096 0.00538635
32 0.804473 0.8736 0.014495 0.0352 0.0050621
29 0.349553 0.6128 0.0183975 0.032 0.00484848
34 0.53743 0.4496 0.059095 0.1136 0.00468063
32 0.420355 0.6016 0.021185 0.0383999 0.00355148
32 0.32335 0.6284 0.0485025 0.0816 0.00345612
33 0.0083625 0.8338 0.0162372 0.1756 0.00340271
29 0.451018 0.3625 0.039025 0.043 0.00338936
29 0.415059 0.6216 0.030105 0.0784 0.00318527
41 0.45269 0.2734 0.052405 0.0468 0.00314713
32 0.567535 0.9296 0.0223 0.0384 0.00313568
14 0.00996531 0.8432 0.0188853 0.1952 0.00304031
0 0.0177006 0.8392 0.0350528 0.1888 0.00287819
38 0.73144 0.49 0.0446 0.0448 0.00273705
29 0.537988 0.5136 0.03345 0.0848 0.00269318
38 0.45046 0.3716 0.0362375 0.0592 0.00248146
14 0.0108364 0.8724 0.0204184 0.2552 0.00247192
60 0.68907 1 0.56865 0 0.00247192
14 0.00839734 0.8224 0.0161675 0.1472 0.00239754
32 0.78496 0.8872 0.05798 0.0608 0.002388
38 0.452133 0.274 0.052405 0.0472 0.00235939
0 0.0242164 0.852 0.0476663 0.2064 0.00228691
29 0.00710813 0.792 0.0135542 0.0816 0.00214958
34 0.452133 0.274 0.052405 0.0472 0.00209045
32 0.337288 0.6304 0.059095 0.0728 0.00209045
0 0.00714297 0.8352 0.0131013 0.1984 0.00209045
29 0.343978 0.5976 0.021185 0.032 0.00201035
0 0.335615 0.6232 0.083625 0.192 0.00192642
29 0.82064 0.6456 0.01784 0.032 0.00191212
29 0.197634 0.3228 0.014495 0.0584 0.00183868
29 0.170874 0.8544 0.027875 0.0128 0.00174141
0 0.337288 0.6996 0.090315 0.3464 0.00172043
41 0.538545 0.534 0.03345 0.044 0.00169373
29 0.420355 0.6016 0.021185 0.0383999 0.00159168
0 0.323071 0.6012 0.0496175 0.1456 0.00153637
0 0.012596 0.7936 0.0249133 0.0864001 0.00151253
32 0.486419 0.892 0.0429275 0.0672 0.00150108
23 0.206972 0.2816 0.0359588 0.1408 0.00149536
0 0.330598 0.5572 0.0172825 0.0592 0.00146103
38 0.72252 0.4864 0.02007 0.0368 0.00141621
34 0.337566 0.6312 0.056865 0.072 0.00141621
32 0.170874 0.8552 0.02899 0.0112 0.00140476
38 0.73367 0.4968 0.04014 0.0304 0.00139904
34 0.73367 0.4968 0.04014 0.0304 0.00139427
0 0.289273 0.7504 0.285579 0.3648 0.00135612
33 0.206833 0.2824 0.0365163 0.1416 0.00133038
60 0.282095 1 0.556385 0 0.00131512
67 0.441819 0.358 0.016725 0.0304 0.00130463
32 0.33004 0.6432 0.03791 0.0464 0.00127888
34 0.536594 0.4296 0.0518475 0.072 0.00125504
0 0.0554887 0.8608 0.109235 0.2256 0.00124931
0 0.331155 0.56 0.014495 0.0432 0.00123024
34 0.728653 0.4896 0.04906 0.0496 0.0012207
49 0.45269 0.274 0.052405 0.0488 0.0011692
25 0.68907 1 0.56865 0 0.0011692
0 0.542169 0.4876 0.0708025 0.1896 0.00115108
2 0.242652 1 0.485304 0 0.00106525
29 0.34342 0.5884 0.0183975 0.024 0.00105286
38 0.323629 0.6272 0.0507325 0.0800001 0.00105286
32 0.72252 0.4864 0.02007 0.0368 0.00101662
0 0.699105 0.5704 0.12488 0.1552 0.00101662
0 0.766005 0.5728 0.12265 0.2128 0.00100803
0 0.36126 0.7316 0.141605 0.4168 0.942871
0 0.50621 0.64 0.14495 0.6 0.910645
0 0.72475 0.7008 0.17394 0.4688 0.906738
29 0.452411 0.2744 0.0529625 0.0476 0.876465
29 0.33673 0.632 0.0574225 0.072 0.0570679
11 0.197494 0.322 0.0136588 0.0592 0.0549927
32 0.452133 0.274 0.052405 0.0472 0.0545959
29 0.324186 0.6288 0.05129 0.0784 0.0481262
0 0.00841477 0.8328 0.0163417 0.176 0.0346985
0 0.00993047 0.8536 0.018955 0.2144 0.0223694
29 0.540218 0.6552 0.06913 0.0528 0.0175781
29 0.337845 0.616 0.047945 0.04 0.0154266
0 0.00728234 0.7912 0.0136588 0.0832 0.0142288
29 0.342026 0.6148 0.0340075 0.0376 0.0133286
0 0.536873 0.4888 0.030105 0.0704 0.0107346
38 0.451018 0.3625 0.039025 0.043 0.0104065
32 0.82064 0.6456 0.01784 0.032 0.00878143
65 0.452133 0.274 0.052405 0.0472 0.00847626
29 0.537988 0.532 0.032335 0.0464 0.00728989
32 0.803915 0.8808 0.016725 0.048 0.00703812
0 0.537709 0.5056 0.0328925 0.096 0.00641251
38 0.339518 0.63 0.059095 0.072 0.00579834
32 0.80503 0.8736 0.01561 0.0352 0.00534439
29 0.349553 0.6128 0.0183975 0.032 0.00431442
34 0.537151 0.45 0.0596525 0.1144 0.00429916
29 0.451018 0.3625 0.039025 0.043 0.00421524
41 0.45269 0.2734 0.052405 0.0468 0.00399017
33 0.00841477 0.8328 0.0163417 0.176 0.00363541
0 0.0124566 0.8706 0.0234498 0.2556 0.00363541
32 0.567535 0.9296 0.0223 0.0384 0.00349617
32 0.420355 0.6016 0.021185 0.0383999 0.00329781
32 0.32335 0.6284 0.047945 0.0824 0.00323486
0 0.0176309 0.8416 0.0350528 0.1936 0.00311089
14 0.00993047 0.8536 0.018955 0.2144 0.00305176
29 0.415059 0.6216 0.030105 0.0784 0.00294685
0 0.322793 0.6012 0.0496175 0.148 0.0026722
38 0.73144 0.4896 0.0446 0.0448 0.00243378
32 0.783845 0.8872 0.05798 0.0608 0.00243378
14 0.00846703 0.8232 0.0162372 0.1488 0.00235939
0 0.335615 0.624 0.083625 0.1944 0.00232315
0 0.0242861 0.8546 0.0478753 0.214 0.00232315
38 0.45046 0.3713 0.0362375 0.059 0.00230598
29 0.537988 0.512 0.03345 0.0864 0.00229645
38 0.452133 0.274 0.052405 0.0472 0.00214958
29 0.00714297 0.7928 0.0135542 0.0816 0.00213242
0 0.337288 0.7016 0.090315 0.3504 0.00208282
34 0.452133 0.274 0.052405 0.0472 0.00201988
29 0.170874 0.8544 0.027875 0.0128 0.00201988
60 0.691858 1 0.56196 0 0.00201988
29 0.197634 0.3226 0.014495 0.0588 0.00198746
41 0.538545 0.534 0.03345 0.044 0.00188255
32 0.330876 0.6288 0.06244 0.0704 0.00181007
29 0.82064 0.6456 0.01784 0.032 0.00175476
0 0.330598 0.5572 0.0172825 0.0592 0.00174809
29 0.344256 0.5968 0.0206275 0.0312 0.00170708
33 0.206972 0.282 0.0365162 0.1416 0.00163555
0 0.0126134 0.7936 0.0249481 0.0864001 0.00157928
23 0.206972 0.2816 0.0359588 0.1408 0.00154305
29 0.420355 0.6016 0.021185 0.0383999 0.0014782
0 0.331155 0.5596 0.014495 0.0448 0.00142097
67 0.441819 0.358 0.016725 0.0304 0.00139904
32 0.486698 0.892 0.043485 0.0672 0.00139427
34 0.337845 0.6312 0.056865 0.072 0.00133038
32 0.170874 0.8552 0.02899 0.0112 0.00131989
0 0.0554887 0.8624 0.109235 0.2288 0.00130939
38 0.72252 0.4864 0.02007 0.0352 0.00124454
38 0.73367 0.4968 0.04014 0.0304 0.00124454
0 0.766005 0.572 0.12265 0.2112 0.00124454
32 0.33004 0.6432 0.03791 0.048 0.00123024
0 0.288715 0.7488 0.286694 0.3696 0.00119209
34 0.73367 0.4968 0.04014 0.0304 0.00118828
49 0.45269 0.274 0.052405 0.0488 0.0011692
0 0.542169 0.4884 0.0708025 0.1904 0.00115108
34 0.728653 0.4896 0.050175 0.0496 0.00113773
0 0.323908 0.5944 0.03791 0.1328 0.00110722
0 0.465513 0.2768 0.088085 0.1 0.00109005
60 0.28091 1 0.552064 0 0.00109005
25 0.691858 1 0.56196 0 0.00106525
0 0.53966 0.4624 0.030105 0.1136 0.00105667
14 0.206972 0.282 0.0365162 0.1416 0.00103188
67 0.70914 0.4792 0.01115 0.0336 0.00100803
34 0.536315 0.4288 0.05129 0.0704 0.00100422
0 0.36126 0.7316 0.141048 0.4168 0.945312
0 0.50621 0.64 0.14495 0.6 0.913086
0 0.72475 0.7008 0.17394 0.4688 0.908691
29 0.452411 0.2744 0.0529625 0.0476 0.881836
29 0.33673 0.632 0.05798 0.072 0.0583496
32 0.452133 0.274 0.052405 0.0472 0.0579224
11 0.197355 0.322 0.0139375 0.0592 0.0566406
29 0.323908 0.6288 0.05129 0.0784 0.0503235
0 0.00844961 0.8328 0.0164811 0.176 0.0386047
0 0.00998273 0.8584 0.0191292 0.2256 0.0250397
29 0.540218 0.6552 0.06913 0.0528 0.0246124
29 0.337566 0.6164 0.047945 0.04 0.0161591
0 0.00769176 0.7918 0.0153835 0.0836 0.0153046
29 0.341748 0.6148 0.034565 0.0376 0.0136337
0 0.537151 0.4888 0.0295475 0.0704 0.0129242
38 0.451018 0.3624 0.039025 0.0424 0.00941467
32 0.82064 0.6456 0.01784 0.032 0.00923157
65 0.452133 0.274 0.052405 0.0472 0.00894928
0 0.537709 0.5056 0.0328925 0.096 0.00763702
29 0.537988 0.532 0.032335 0.0472 0.00740433
32 0.803915 0.88 0.016725 0.048 0.00740433
38 0.339518 0.63 0.059095 0.072 0.00582123
32 0.80503 0.8736 0.01561 0.0352 0.00553513
29 0.451018 0.3624 0.039025 0.0424 0.00494385
41 0.45269 0.2734 0.052405 0.0468 0.00448608
29 0.349553 0.6128 0.0183975 0.032 0.00436401
34 0.536873 0.4504 0.059095 0.1152 0.00418091
33 0.00844961 0.8328 0.0164811 0.176 0.00407028
0 0.322793 0.6012 0.0496175 0.148 0.00379562
32 0.567535 0.9296 0.0223 0.0384 0.00367928
0 0.0177006 0.8432 0.0350528 0.1968 0.00348282
32 0.420355 0.6016 0.021185 0.0383999 0.00332451
32 0.323071 0.6284 0.0485025 0.0824 0.00324821
14 0.00998273 0.8584 0.0191292 0.2256 0.00309944
0 0.335615 0.624 0.083625 0.1952 0.00290108
29 0.415059 0.6216 0.030105 0.0784 0.00286674
0 0.337288 0.7024 0.090315 0.352 0.00279999
38 0.73144 0.4896 0.0446 0.0448 0.0026207
0 0.0243558 0.8552 0.0480147 0.2144 0.00259018
32 0.783845 0.8872 0.059095 0.0608 0.00257111
14 0.00853672 0.8242 0.0164463 0.15 0.00235939
29 0.537988 0.512 0.03345 0.0864 0.00228691
29 0.170874 0.8544 0.027875 0.0128 0.00224304
29 0.00714297 0.7928 0.0135891 0.0816 0.00220871
41 0.538545 0.5336 0.03345 0.0448 0.00217438
38 0.45046 0.3712 0.0362375 0.0584 0.00214958
38 0.452133 0.274 0.052405 0.0472 0.00209045
29 0.197634 0.3224 0.014495 0.0584 0.00206757
34 0.452133 0.274 0.052405 0.0472 0.00205803
0 0.330598 0.5572 0.0172825 0.0592 0.0020504
32 0.331155 0.6288 0.06244 0.0704 0.00185299
33 0.207111 0.282 0.0362375 0.1416 0.00185299
23 0.207111 0.2814 0.0359588 0.1404 0.0018034
0 0.0126309 0.7936 0.0249133 0.0864001 0.00177479
60 0.694088 1 0.5575 0 0.00176811
0 0.766005 0.5704 0.123765 0.2096 0.0017271
29 0.82064 0.6456 0.01784 0.032 0.0016613
29 0.343978 0.5968 0.02007 0.0304 0.00160408
0 0.331155 0.5592 0.014495 0.0456 0.00159168
67 0.441819 0.358 0.016725 0.0304 0.00149536
29 0.420355 0.6016 0.021185 0.0383999 0.00145531
34 0.337845 0.6312 0.056865 0.072 0.00139427
0 0.0131013 0.872 0.0243209 0.2496 0.00136662
32 0.33004 0.6436 0.03791 0.0472 0.00136185
32 0.486698 0.892 0.043485 0.0672 0.00135136
38 0.73367 0.4968 0.041255 0.0304 0.00133038
0 0.05575 0.8626 0.109828 0.23 0.00131989
38 0.72252 0.4864 0.02007 0.0352 0.00126934
34 0.73367 0.4968 0.041255 0.0304 0.0012598
0 0.542169 0.4888 0.0708025 0.1904 0.00124931
0 0.46607 0.2764 0.0892 0.0984 0.00123501
34 0.728653 0.4896 0.050175 0.0496 0.00122547
49 0.45269 0.274 0.052405 0.0488 0.00122547
0 0.53966 0.4628 0.030105 0.1112 0.00118351
34 0.541611 0.4656 0.0629975 0.1392 0.0011692
32 0.170874 0.8552 0.02899 0.0112 0.00116062
14 0.207111 0.282 0.0362375 0.1416 0.0011425
0 0.288297 0.7488 0.286416 0.3696 0.00106049
67 0.70914 0.4792 0.01115 0.0336 0.00104427
38 0.337566 0.6164 0.047945 0.04 0.00103188
25 0.694088 1 0.5575 0 0.00102806
32 0.72252 0.4864 0.02007 0.0352 0.00102043
29 0.34342 0.588 0.0183975 0.024 0.00101185
29 0.520148 0.4116 0.01561 0.0336 0.00100803
0 0.36126 0.7316 0.141048 0.4168 0.947754
0 0.50621 0.64 0.14495 0.6 0.916504
0 0.72475 0.7008 0.17394 0.4688 0.912598
29 0.452411 0.2744 0.0529625 0.0476 0.889648
29 0.33673 0.632 0.0574225 0.072 0.0646362
32 0.452133 0.274 0.052405 0.0472 0.0618896
11 0.197355 0.322 0.0139375 0.0592 0.0579224
29 0.323908 0.6288 0.05129 0.0784 0.0549927
0 0.00846703 0.8328 0.0165159 0.176 0.0368958
29 0.540218 0.6552 0.06913 0.0528 0.0321045
0 0.0100002 0.8632 0.0192338 0.2336 0.0247955
29 0.337288 0.6164 0.047945 0.04 0.0179901
0 0.00768305 0.792 0.0153661 0.0848 0.0160217
29 0.341469 0.6148 0.0351225 0.0376 0.0151901
0 0.53743 0.4888 0.02899 0.0704 0.0133743
65 0.452133 0.274 0.052405 0.0472 0.00891876
32 0.82064 0.6456 0.01784 0.032 0.00874329
38 0.450739 0.3623 0.0384675 0.0418 0.00861359
29 0.537988 0.532 0.032335 0.0464 0.00793457
0 0.537709 0.5056 0.0328925 0.096 0.0078125
32 0.803915 0.88 0.016725 0.048 0.00751877
29 0.450739 0.3623 0.0384675 0.0418 0.00609589
38 0.339518 0.63 0.059095 0.072 0.0055542
32 0.80503 0.8736 0.01561 0.0352 0.00547028
29 0.349553 0.6128 0.0183975 0.032 0.0049057
33 0.00846703 0.8328 0.0165159 0.176 0.0045929
0 0.322793 0.6012 0.0496175 0.1488 0.00452042
41 0.45269 0.2734 0.052405 0.0468 0.00443268
34 0.536873 0.4504 0.059095 0.1152 0.0039444
32 0.567535 0.9296 0.0223 0.0384 0.00392914
14 0.0100002 0.8632 0.0192338 0.2336 0.00353813
0 0.0177006 0.844 0.0350528 0.2 0.00336266
0 0.335615 0.624 0.083625 0.1952 0.00325966
32 0.420355 0.6016 0.021185 0.0383999 0.00323486
32 0.323071 0.6288 0.0485025 0.0832 0.00316048
0 0.337566 0.7012 0.0908725 0.3512 0.00312424
29 0.415059 0.6216 0.030105 0.0784 0.00292397
32 0.783845 0.8864 0.059095 0.0608 0.00274658
14 0.00857156 0.8224 0.0165159 0.1472 0.00261116
41 0.538545 0.5336 0.03345 0.0448 0.00248146
29 0.00712555 0.7928 0.0136239 0.0816 0.00246239
29 0.537988 0.5136 0.03345 0.0832 0.00243378
29 0.170874 0.8544 0.027875 0.0128 0.002388
0 0.0244952 0.8544 0.0482934 0.2128 0.00235939
34 0.452133 0.274 0.052405 0.0472 0.00230598
38 0.73144 0.4896 0.0446 0.0448 0.00225258
29 0.197773 0.3226 0.0147738 0.0588 0.00218201
0 0.330598 0.5572 0.0172825 0.0592 0.00214005
38 0.452133 0.274 0.052405 0.0472 0.00211525
38 0.45046 0.3712 0.0362375 0.0584 0.00202751
33 0.207251 0.282 0.0359587 0.1416 0.00201035
0 0.0126134 0.7936 0.0248784 0.0864001 0.00194168
32 0.331155 0.6288 0.06244 0.0704 0.00186062
23 0.207111 0.2814 0.0362375 0.1404 0.00183868
60 0.695203 1 0.554155 0 0.00170708
0 0.331155 0.5592 0.014495 0.0456 0.00166798
29 0.343978 0.5968 0.02007 0.0304 0.0016489
29 0.82064 0.6456 0.01784 0.032 0.00163555
0 0.766005 0.5708 0.12265 0.2104 0.00153637
67 0.441819 0.358 0.016725 0.0304 0.00148392
29 0.420355 0.6016 0.021185 0.0383999 0.00145531
34 0.337845 0.6312 0.056865 0.072 0.00143814
38 0.730325 0.4868 0.03568 0.0384 0.00142097
49 0.45269 0.274 0.052405 0.0488 0.00139904
32 0.486698 0.892 0.043485 0.0672 0.00139427
32 0.33004 0.644 0.03791 0.0464001 0.00136185
14 0.207251 0.282 0.0359587 0.1416 0.00129414
0 0.542169 0.4888 0.0708025 0.1904 0.00128937
34 0.73367 0.4968 0.04014 0.0304 0.00124931
0 0.53966 0.4632 0.030105 0.1088 0.0012064
34 0.72921 0.4896 0.04906 0.0496 0.00120163
38 0.540218 0.6576 0.06913 0.0528 0.00120163
0 0.466628 0.2754 0.0892 0.0968 0.00119686
38 0.73367 0.4968 0.04014 0.0304 0.00117874
0 0.0561681 0.8626 0.110664 0.23 0.00115108
0 0.569208 0.5432 0.012265 0.0832 0.0011425
38 0.72252 0.4864 0.02007 0.0352 0.00112057
32 0.72252 0.4864 0.02007 0.0352 0.0011034
29 0.520148 0.412 0.01561 0.0336 0.00109482
25 0.695203 1 0.554155 0 0.00107288
29 0.34342 0.588 0.0183975 0.024 0.00106907
32 0.00846703 0.8328 0.0165159 0.176 0.00105667
34 0.541611 0.4656 0.0629975 0.1408 0.00104427
38 0.337288 0.6164 0.047945 0.04 0.00101185
0 0.763775 0.578 0.04906 0.1448 0.00100803
0 0.36126 0.7316 0.141048 0.4168 0.949219
0 0.50621 0.64 0.14495 0.6 0.918457
0 0.724193 0.7008 0.175055 0.4688 0.914062
29 0.452411 0.2744 0.0529625 0.048 0.891113
32 0.452133 0.274 0.052405 0.0472 0.0632324
29 0.33673 0.6316 0.05798 0.0712 0.0628052
11 0.197355 0.322 0.0139375 0.0592 0.0574951
29 0.324186 0.6288 0.05129 0.0784 0.0507202
0 0.00846703 0.8328 0.0165856 0.176 0.0394287
29 0.540218 0.6552 0.06913 0.0528 0.033844
0 0.010035 0.8656 0.0193731 0.2384 0.0264587
29 0.337845 0.616 0.047945 0.0392 0.0173035
0 0.00770047 0.792 0.0154009 0.0848 0.0170441
29 0.342026 0.6148 0.034565 0.0376 0.0151901
0 0.53743 0.4888 0.02899 0.0688 0.0137939
65 0.452133 0.274 0.052405 0.0472 0.00926971
0 0.537709 0.5056 0.0328925 0.096 0.00841522
32 0.82064 0.6456 0.01784 0.032 0.00800323
38 0.451018 0.3623 0.03791 0.0418 0.00763702
32 0.803915 0.88 0.016725 0.048 0.00743103
29 0.537988 0.532 0.032335 0.0472 0.00701141
29 0.451018 0.3623 0.03791 0.0418 0.00701141
0 0.322793 0.6012 0.0496175 0.1496 0.0055542
32 0.80503 0.8736 0.01561 0.0352 0.00540543
38 0.339518 0.6296 0.059095 0.072 0.0051384
29 0.349553 0.6128 0.0183975 0.032 0.0050621
41 0.45269 0.2734 0.052405 0.0468 0.0046463
33 0.00846703 0.8328 0.0165856 0.176 0.00445175
34 0.536873 0.45 0.059095 0.1144 0.00382423
32 0.567535 0.9296 0.0223 0.0384 0.00382423
14 0.0109061 0.872 0.0208366 0.256 0.00358009
0 0.0176658 0.8448 0.0349831 0.2016 0.00351143
0 0.335615 0.624 0.083625 0.1952 0.00342941
0 0.337566 0.7016 0.0908725 0.352 0.00338936
32 0.420355 0.6016 0.021185 0.0383999 0.00302696
32 0.323071 0.6288 0.0485025 0.0832 0.00300407
32 0.783845 0.8864 0.06021 0.0608 0.00282288
29 0.415338 0.6216 0.030105 0.0784 0.00264168
41 0.538545 0.5336 0.032335 0.0448 0.00259018
14 0.00860641 0.8226 0.0165856 0.1468 0.00253105
29 0.00714297 0.7928 0.0136588 0.0816 0.00243378
29 0.170874 0.8544 0.027875 0.0128 0.00236893
34 0.452133 0.274 0.052405 0.0472 0.00234222
29 0.197773 0.3226 0.0147738 0.0588 0.00228691
0 0.330598 0.5572 0.0172825 0.0592 0.00226021
33 0.20739 0.282 0.03568 0.1416 0.00222588
0 0.0126483 0.7936 0.0248784 0.0864001 0.00214005
38 0.731998 0.4896 0.043485 0.0448 0.00212479
29 0.537988 0.5132 0.03345 0.0848 0.00211525
0 0.0246084 0.8542 0.0484851 0.2116 0.00208282
38 0.452133 0.274 0.052405 0.0472 0.0020752
23 0.207111 0.2814 0.03568 0.1404 0.00202751
38 0.45046 0.3711 0.0362375 0.0578 0.00185299
32 0.331155 0.6284 0.06244 0.0704 0.00177479
0 0.331155 0.5592 0.014495 0.0456 0.00174809
60 0.69576 1 0.554155 0 0.0017271
29 0.344256 0.5968 0.0206275 0.0304 0.00161648
0 0.766005 0.5704 0.12265 0.2096 0.00159168
29 0.82064 0.6456 0.01784 0.032 0.00158501
67 0.441819 0.358 0.016725 0.0304 0.00154877
49 0.45269 0.274 0.052405 0.0488 0.00144386
14 0.20739 0.282 0.03568 0.1416 0.00139427
29 0.420355 0.6016 0.021185 0.0383999 0.00138283
34 0.337845 0.6312 0.056865 0.072 0.00136185
0 0.466628 0.2744 0.0892 0.096 0.00132465
32 0.486698 0.892 0.043485 0.0672 0.00128937
34 0.73367 0.4968 0.04014 0.0304 0.00127888
32 0.33004 0.6436 0.03791 0.0472 0.0012598
0 0.53966 0.464 0.030105 0.1072 0.00125504
0 0.542169 0.4888 0.0708025 0.1904 0.00125504
34 0.72921 0.4896 0.04906 0.0496 0.0012207
0 0.569208 0.5432 0.012265 0.0832 0.0012064
38 0.540218 0.6576 0.06913 0.0528 0.00119209
32 0.721963 0.486 0.018955 0.0352 0.0011692
29 0.520148 0.4116 0.01561 0.0336 0.00116062
25 0.69576 1 0.554155 0 0.00115108
38 0.73367 0.4968 0.04014 0.0304 0.00112438
29 0.34342 0.588 0.018955 0.024 0.00108624
0 0.0561681 0.8626 0.110664 0.23 0.00108147
38 0.721963 0.486 0.018955 0.0352 0.00107288
67 0.70914 0.4792 0.01115 0.0328 0.00105667
0 0.763775 0.5784 0.04906 0.1456 0.00105667
0 0.329761 0.6536 0.074705 0.256 0.00101662
32 0.00846703 0.8328 0.0165856 0.176 0.00101185
0 0.36126 0.7316 0.141048 0.4168 0.94873
0 0.50621 0.64 0.14495 0.6 0.918457
0 0.724193 0.7008 0.175055 0.4688 0.914062
29 0.452411 0.2744 0.0529625 0.0476 0.891113
32 0.452133 0.274 0.052405 0.0472 0.0637207
29 0.33673 0.6316 0.0574225 0.0712 0.0632324
11 0.197355 0.322 0.0139375 0.0592 0.0574951
29 0.323908 0.6288 0.05129 0.0784 0.0507202
0 0.00846703 0.8328 0.0166553 0.176 0.0395508
29 0.540218 0.6552 0.06913 0.0528 0.035675
0 0.0100524 0.8656 0.019408 0.2384 0.0267639
29 0.337845 0.616 0.047945 0.0392 0.0174408
0 0.00770047 0.792 0.0154009 0.0848 0.0171814
29 0.342026 0.6148 0.034565 0.0376 0.0154266
0 0.53743 0.4888 0.02899 0.0696 0.0138474
65 0.452133 0.274 0.052405 0.0472 0.00919342
0 0.53743 0.5056 0.032335 0.096 0.00831604
32 0.82064 0.6456 0.01784 0.032 0.00790405
38 0.451018 0.3623 0.03791 0.0418 0.00760651
32 0.803915 0.88 0.016725 0.048 0.00757599
29 0.451018 0.3623 0.03791 0.0418 0.00701141
29 0.537988 0.532 0.032335 0.0472 0.00695801
0 0.322793 0.6012 0.0496175 0.1496 0.00572968
32 0.80503 0.8736 0.01561 0.0352 0.00551224
29 0.349553 0.6128 0.0183975 0.032 0.0051384
38 0.339518 0.6296 0.059095 0.072 0.00503922
41 0.45269 0.2734 0.052405 0.0468 0.0046463
33 0.00897227 0.8392 0.0178052 0.1872 0.00443268
32 0.567535 0.9296 0.0223 0.0384 0.00390053
34 0.536873 0.4504 0.059095 0.1152 0.00374985
14 0.0109061 0.872 0.0208366 0.256 0.00355148
0 0.0176309 0.8448 0.0349831 0.2016 0.00353813
0 0.335615 0.624 0.083625 0.1952 0.00344276
0 0.337566 0.7016 0.0908725 0.352 0.00340271
32 0.420355 0.6016 0.021185 0.0383999 0.00300407
32 0.323071 0.6288 0.0485025 0.0832 0.00300407
32 0.783845 0.8864 0.06021 0.0608 0.00286674
29 0.415338 0.6216 0.030105 0.0784 0.00264168
41 0.538545 0.5336 0.032335 0.0448 0.00257111
14 0.00897227 0.8392 0.0178052 0.1872 0.0024929
29 0.00714297 0.7928 0.0136588 0.0816 0.00244331
29 0.170874 0.8544 0.027875 0.0128 0.00239754
34 0.452133 0.274 0.052405 0.0472 0.00236893
29 0.197913 0.3226 0.014495 0.0588 0.00224304
0 0.330598 0.5568 0.0172825 0.0592 0.00223351
33 0.20739 0.282 0.03568 0.1416 0.00221634
0 0.0126483 0.7936 0.0248784 0.0864001 0.00218201
38 0.731998 0.4896 0.043485 0.0448 0.00212479
0 0.00714297 0.8384 0.0132406 0.2064 0.00211525
29 0.537988 0.5132 0.03345 0.0848 0.00209999
38 0.452133 0.274 0.052405 0.0472 0.0020752
0 0.0245997 0.8542 0.0485025 0.2116 0.0020504
23 0.207111 0.2814 0.03568 0.1404 0.00203514
38 0.45046 0.3712 0.0362375 0.0584 0.00183868
32 0.331155 0.6284 0.06244 0.0704 0.00177479
0 0.331155 0.5592 0.014495 0.0456 0.00174141
60 0.695203 1 0.554155 0 0.00172043
29 0.344256 0.5968 0.0206275 0.0304 0.00162315
0 0.766005 0.5704 0.12265 0.2096 0.00162315
29 0.82064 0.6456 0.01784 0.032 0.00158501
67 0.441819 0.358 0.016725 0.0304 0.00155449
49 0.45269 0.274 0.052405 0.0488 0.00145531
14 0.20739 0.282 0.03568 0.1416 0.00141048
29 0.420355 0.6016 0.021185 0.0383999 0.00138855
34 0.337845 0.6312 0.056865 0.072 0.00135136
32 0.486698 0.892 0.043485 0.0672 0.00134087
0 0.466628 0.2744 0.0892 0.096 0.00130463
34 0.73367 0.4968 0.04014 0.0304 0.00128937
32 0.33004 0.6436 0.03791 0.0472 0.0012598
0 0.53966 0.464 0.030105 0.1072 0.00124454
0 0.542169 0.4888 0.0708025 0.1904 0.00123978
38 0.540218 0.6576 0.06913 0.0528 0.00123024
34 0.72921 0.4896 0.04906 0.0496 0.00122547
0 0.569208 0.5432 0.012265 0.0832 0.00119209
32 0.721963 0.486 0.018955 0.0352 0.00116539
29 0.520148 0.4116 0.01561 0.0336 0.00115585
25 0.695203 1 0.554155 0 0.00114727
38 0.73367 0.4968 0.04014 0.0304 0.00112438
0 0.763775 0.5784 0.04906 0.1456 0.00108147
29 0.34342 0.588 0.018955 0.024 0.00107765
0 0.0560984 0.8626 0.110385 0.23 0.00107288
38 0.721963 0.486 0.018955 0.0352 0.00105667
67 0.70914 0.4792 0.01115 0.0328 0.00105286
0 0.329761 0.6536 0.074705 0.256 0.00103188
32 0.00846703 0.8328 0.0166553 0.176 0.00101185
