22 0.342634 0.494118 0.685268 0.885714 0.85498
22 0.452009 0.677311 0.470982 0.55126 0.00251198
22 0.282924 0.245588 0.561384 0.387815 0.00164223
22 0.342913 0.496639 0.685826 0.890756 0.85498
22 0.226563 0.24895 0.449777 0.39958 0.00161076
22 0.452009 0.680252 0.470982 0.547059 0.00138855
22 0.343192 0.497899 0.686384 0.893277 0.854004
22 0.223912 0.246166 0.443917 0.395063 0.00163555
22 0.343192 0.49916 0.686384 0.895798 0.855957
22 0.216239 0.24375 0.428013 0.391492 0.00148964
0 0.343471 0.496639 0.686942 0.894118 0.00112915
22 0.344308 0.5 0.688616 0.89916 0.868164
22 0.214844 0.242069 0.425223 0.38813 0.00145531
0 0.344029 0.49874 0.688058 0.898319 0.00143242
22 0.258371 0.27605 0.516741 0.459664 0.00126457
22 0.344866 0.5 0.689732 0.89916 0.881836
22 0.25293 0.278571 0.505859 0.463866 0.00174141
0 0.344866 0.497899 0.689732 0.896639 0.00147247
6 0.351562 0.503361 0.703125 0.907563 0.00146103
22 0.214007 0.242227 0.423549 0.387815 0.00144386
22 0.344866 0.5 0.689732 0.894118 0.876465
6 0.351562 0.503361 0.703125 0.902521 0.00221634
0 0.344866 0.494958 0.689732 0.889076 0.00177479
22 0.234654 0.279832 0.469308 0.465546 0.00173378
22 0.448661 0.715546 0.473214 0.483193 0.0012064
22 0.344308 0.49958 0.688616 0.889916 0.853027
6 0.351004 0.497059 0.702009 0.889916 0.00242424
0 0.344866 0.492017 0.689732 0.881513 0.0016489
22 0.251953 0.24333 0.483259 0.38729 0.00145531
22 0.448382 0.717647 0.472656 0.477311 0.00138855
22 0.344308 0.49874 0.688616 0.888235 0.84375
6 0.351004 0.493697 0.702009 0.884874 0.00219917
0 0.344866 0.489076 0.689732 0.877311 0.00148392
22 0.24721 0.244118 0.473214 0.389076 0.00126457
22 0.44873 0.717647 0.471959 0.477311 0.00124454
22 0.344029 0.497479 0.688058 0.887395 0.84375
6 0.351004 0.489076 0.702009 0.877311 0.0019722
0 0.344587 0.485714 0.689174 0.870588 0.0012846
22 0.448382 0.715546 0.47154 0.481513 0.00122547
15 0.344587 0.485714 0.689174 0.870588 0.00116062
22 0.210379 0.244905 0.414621 0.394223 0.00104046
22 0.34375 0.496218 0.6875 0.888235 0.850098
6 0.350446 0.486975 0.700893 0.87479 0.00175476
15 0.344308 0.483193 0.688616 0.868908 0.00126457
0 0.344308 0.483193 0.688616 0.868908 0.00107288
22 0.344866 0.495798 0.689732 0.889076 0.84375
6 0.350446 0.487395 0.700893 0.87563 0.00134563
15 0.345145 0.483193 0.69029 0.868908 0.00130463
0 0.345145 0.483193 0.69029 0.868908 0.00105667
22 0.345424 0.484034 0.690848 0.868908 0.832031
0 0.345424 0.484034 0.690848 0.868908 0.00127888
15 0.345424 0.484034 0.690848 0.868908 0.00117874
22 0.345982 0.484454 0.691964 0.869748 0.824219
0 0.356585 0.481092 0.676339 0.857983 0.00121593
22 0.345703 0.484034 0.691406 0.868908 0.833496
22 0.345982 0.484034 0.691964 0.867227 0.829102
22 0.355469 0.492437 0.680804 0.878992 0.855957
22 0.355748 0.492437 0.680246 0.877311 0.873047
22 0.355469 0.492017 0.679688 0.87479 0.882324
22 0.356027 0.491176 0.678571 0.873109 0.889648
22 0.356306 0.491176 0.679129 0.873109 0.889648
