55 0.488955 0.349498 0.559523 0.696488 0.847168
42 0.78322 0.632107 0.27223 0.712375 0.835449
60 0.651874 0.503344 0.696251 0.98495 0.366699
60 0.349214 0.481187 0.693964 0.950669 0.0549927
40 0.781547 0.60995 0.284503 0.763378 0.0460205
44 0.779873 0.612458 0.28004 0.761706 0.0403748
48 0.487002 0.34699 0.561196 0.69398 0.0352783
45 0.348377 0.528428 0.684481 0.919732 0.032959
55 0.348656 0.499164 0.686154 0.98495 0.0275879
60 0.845699 0.161058 0.305701 0.317517 0.0197144
28 0.488955 0.346154 0.565101 0.692308 0.0165253
75 0.784894 0.632525 0.269999 0.708194 0.0131683
60 0.853509 0.216189 0.290082 0.217287 0.00712204
60 0.735245 0.604411 0.527725 0.771112 0.00634003
79 0.786567 0.624164 0.27223 0.73495 0.00582123
71 0.348377 0.528428 0.684481 0.919732 0.00453949
43 0.879728 0.222042 0.239875 0.206417 0.00415039
60 0.663701 0.233278 0.669698 0.460702 0.00415039
42 0.822827 0.438859 0.194132 0.428303 0.00413513
53 0.546134 0.348871 0.432891 0.691053 0.00382423
70 0.488606 0.348244 0.561336 0.696488 0.00372124
60 0.36567 0.702759 0.701216 0.566054 0.00351143
60 0.0464758 0.850334 0.0912781 0.284281 0.00346947
14 0.786567 0.624164 0.27223 0.73495 0.00327301
59 0.636534 0.501254 0.726933 0.984114 0.00302696
38 0.784336 0.611622 0.269999 0.761706 0.00299263
60 0.610287 0.690217 0.738592 0.592809 0.00290108
22 0.78322 0.632107 0.27223 0.712375 0.00263214
60 0.501506 0.752508 0.558965 0.468227 0.00261116
60 0.81948 0.675585 0.358139 0.625418 0.00258064
60 0.833427 0.493311 0.331362 0.770903 0.00254059
42 0.852393 0.426317 0.180743 0.408236 0.00248146
55 0.291197 0.385242 0.165123 0.58403 0.00245285
15 0.488955 0.345945 0.561754 0.691054 0.0024147
41 0.781547 0.60995 0.284503 0.763378 0.00211525
54 0.487002 0.34699 0.561196 0.69398 0.00200272
46 0.198873 0.664716 0.100413 0.366221 0.00189686
45 0.488606 0.348244 0.561336 0.696488 0.00182438
60 0.74696 0.166911 0.50318 0.329222 0.00177479
76 0.787125 0.62385 0.275577 0.73056 0.00176811
46 0.488606 0.348244 0.561336 0.696488 0.0017271
26 0.488955 0.346154 0.565101 0.692308 0.0017004
44 0.879728 0.222042 0.239875 0.206417 0.00168133
61 0.348377 0.528428 0.684481 0.919732 0.00167465
55 0.287013 0.406354 0.123843 0.501672 0.00161648
42 0.879728 0.222042 0.239875 0.206417 0.00143814
41 0.343914 0.538462 0.675555 0.896321 0.0014267
60 0.405556 0.404369 0.565659 0.794941 0.00142097
41 0.488606 0.348244 0.561336 0.696488 0.00142097
45 0.781547 0.60995 0.284503 0.763378 0.00140476
60 0.174188 0.250209 0.34503 0.489549 0.00138855
60 0.146296 0.446906 0.289803 0.878763 0.00134563
60 0.0353537 0.77592 0.0669419 0.43311 0.00127411
42 0.832311 0.566054 0.198594 0.657191 0.00122547
75 0.842352 0.423809 0.142809 0.321279 0.0011158
42 0.874707 0.395485 0.218677 0.346154 0.00110722
69 0.652014 0.492475 0.695972 0.98495 0.0011034
0 0.347261 0.451505 0.691175 0.896321 0.00108147
55 0.488955 0.351589 0.559523 0.700669 0.848145
42 0.781547 0.631271 0.275577 0.717391 0.844727
60 0.652293 0.502508 0.695414 0.98495 0.344238
44 0.778757 0.611099 0.283387 0.766095 0.0509033
60 0.340009 0.505017 0.67444 0.989967 0.0387573
40 0.782104 0.610786 0.292313 0.766722 0.0346069
45 0.348935 0.51505 0.685597 0.949833 0.0258636
48 0.487002 0.347617 0.561196 0.695234 0.0257568
60 0.845699 0.161371 0.305701 0.31898 0.0170441
55 0.350329 0.49791 0.68727 0.987458 0.0152512
75 0.784336 0.632943 0.27223 0.710702 0.0104065
60 0.851278 0.20903 0.294544 0.232441 0.00815582
60 0.730643 0.610263 0.535814 0.759406 0.00728989
28 0.487839 0.350125 0.558407 0.699415 0.00725937
42 0.82227 0.446906 0.198594 0.445652 0.00424957
79 0.787683 0.616952 0.274462 0.747701 0.00378036
60 0.667745 0.261706 0.662725 0.517558 0.0036068
14 0.787683 0.617161 0.278925 0.74561 0.00351143
22 0.781547 0.631271 0.275577 0.717391 0.00338936
60 0.505132 0.753762 0.565101 0.465719 0.00335121
15 0.489791 0.348244 0.563428 0.696488 0.00329781
53 0.543345 0.351171 0.439585 0.694816 0.00322342
60 0.826732 0.705268 0.343635 0.566054 0.00317192
60 0.0469291 0.852007 0.0919056 0.280936 0.00302696
60 0.839005 0.502926 0.31909 0.786789 0.00260162
60 0.677229 0.173495 0.643758 0.341973 0.00243378
70 0.489513 0.349916 0.563985 0.699833 0.00242424
42 0.838447 0.403428 0.167355 0.368729 0.00232315
38 0.782104 0.610786 0.292313 0.766722 0.00231361
71 0.348935 0.51505 0.685597 0.949833 0.00228691
59 0.635278 0.5 0.729443 0.986622 0.00224304
76 0.787683 0.617161 0.278925 0.74561 0.00219154
41 0.782104 0.610786 0.292313 0.766722 0.00218201
55 0.287292 0.406355 0.123285 0.5 0.00209045
46 0.198594 0.660953 0.100971 0.373746 0.0020504
43 0.879728 0.221938 0.239875 0.206626 0.00203514
60 0.365391 0.720736 0.696196 0.5301 0.00199509
60 0.647244 0.674749 0.686991 0.622074 0.00177479
54 0.487002 0.347617 0.561196 0.695234 0.0017271
55 0.293429 0.383779 0.169586 0.593646 0.0017004
45 0.782104 0.610786 0.292313 0.766722 0.0015974
42 0.856856 0.448056 0.1919 0.453386 0.00152493
60 0.137091 0.433946 0.270836 0.847826 0.00131512
43 0.787683 0.617161 0.278925 0.74561 0.00127411
63 0.487002 0.347617 0.561196 0.695234 0.00126457
46 0.489791 0.348244 0.563428 0.696488 0.00120163
55 0.479471 0.529264 0.200268 0.288462 0.0011692
45 0.489791 0.348244 0.563428 0.696488 0.00116062
60 0.172933 0.246237 0.342519 0.480769 0.00115585
75 0.842352 0.425585 0.142809 0.31689 0.00112438
60 0.0361207 0.776338 0.0680576 0.432274 0.00112438
69 0.651874 0.494147 0.696251 0.98495 0.00108624
42 0.830079 0.581522 0.217561 0.696488 0.00108147
56 0.875823 0.391931 0.22314 0.339883 0.00107288
60 0.453531 0.785953 0.459668 0.399666 0.00106049
55 0.489234 0.353888 0.56008 0.703595 0.847168
42 0.780989 0.630435 0.276693 0.719064 0.839844
60 0.652572 0.502926 0.694857 0.985786 0.352295
44 0.778757 0.611204 0.286734 0.767559 0.0570679
60 0.339451 0.506271 0.673324 0.987458 0.0379639
40 0.78322 0.611099 0.296776 0.766095 0.0294189
45 0.349492 0.513796 0.686712 0.952341 0.0235138
48 0.487072 0.347826 0.563288 0.695652 0.021698
60 0.845699 0.160953 0.305701 0.318562 0.0146179
75 0.78322 0.611099 0.296776 0.766095 0.00948334
55 0.351724 0.497492 0.690059 0.988294 0.00894928
60 0.724228 0.616952 0.550876 0.746028 0.00818634
15 0.490349 0.350334 0.565659 0.700669 0.00462723
42 0.821154 0.447742 0.203057 0.447324 0.00438309
28 0.488048 0.352843 0.559104 0.704013 0.00369263
60 0.668164 0.27153 0.660772 0.537207 0.00366402
14 0.787683 0.612772 0.281156 0.75439 0.00355148
79 0.780989 0.630435 0.276693 0.719064 0.00345612
60 0.825059 0.715719 0.346982 0.54515 0.00328636
22 0.780989 0.630435 0.276693 0.719064 0.00313568
60 0.841236 0.500941 0.316858 0.784072 0.00269318
60 0.0471382 0.852007 0.092324 0.279264 0.00263214
42 0.837889 0.40301 0.169586 0.367893 0.00256157
60 0.508479 0.755435 0.571795 0.462375 0.00228691
41 0.78322 0.611099 0.296776 0.766095 0.00227928
60 0.679321 0.17339 0.638458 0.342182 0.00201988
76 0.78322 0.611099 0.296776 0.766095 0.00187492
54 0.487072 0.347826 0.563288 0.695652 0.00178242
38 0.78322 0.611099 0.296776 0.766095 0.0017004
53 0.533862 0.35347 0.458552 0.696906 0.00169373
59 0.63486 0.499164 0.73028 0.986622 0.0015974
45 0.78322 0.611099 0.296776 0.766095 0.0015974
70 0.489861 0.351171 0.56552 0.702341 0.00158501
55 0.285619 0.407191 0.123285 0.508361 0.00157356
63 0.487072 0.347826 0.563288 0.695652 0.00156116
71 0.349492 0.513796 0.686712 0.952341 0.00151253
43 0.787683 0.612772 0.281156 0.75439 0.00151253
60 0.131339 0.413462 0.258912 0.804348 0.00138283
60 0.650452 0.675167 0.680576 0.619565 0.00133514
43 0.879895 0.222408 0.24021 0.206522 0.00132465
46 0.198873 0.668896 0.102644 0.356187 0.00131512
42 0.859645 0.45694 0.201941 0.47408 0.00129414
56 0.876939 0.388796 0.227602 0.334448 0.00118351
55 0.47975 0.529264 0.201941 0.290134 0.00117874
46 0.490349 0.350334 0.565659 0.700669 0.00112438
69 0.652014 0.495819 0.695972 0.983278 0.00109005
75 0.842352 0.427153 0.142809 0.312918 0.00100803
60 0.0366088 0.777174 0.0688944 0.42893 0.00100803
55 0.489861 0.354515 0.559941 0.70485 0.85498
42 0.780989 0.631375 0.276693 0.718855 0.849121
60 0.652014 0.497492 0.695972 0.981605 0.355713
44 0.778757 0.611204 0.285619 0.767559 0.0460205
60 0.338893 0.507107 0.672208 0.985786 0.0360718
40 0.78322 0.611622 0.294544 0.763378 0.0294189
45 0.349771 0.51505 0.68727 0.949833 0.0230713
48 0.487839 0.348244 0.566217 0.696488 0.0190582
60 0.845699 0.160326 0.305701 0.31689 0.011467
75 0.78322 0.611622 0.294544 0.763378 0.00971222
60 0.719625 0.621237 0.558965 0.737458 0.0088501
55 0.353676 0.497492 0.691733 0.988294 0.00626373
15 0.490628 0.351589 0.567333 0.702341 0.00584412
60 0.852951 0.203595 0.292313 0.243311 0.00408554
42 0.820038 0.439381 0.205288 0.42893 0.00395966
60 0.670535 0.245192 0.657146 0.48286 0.00385475
60 0.81446 0.719064 0.36818 0.538462 0.00366402
42 0.837889 0.402174 0.169586 0.367893 0.00313568
41 0.78322 0.611622 0.294544 0.763378 0.00304031
22 0.780989 0.631375 0.276693 0.718855 0.00281143
60 0.844026 0.495297 0.31128 0.770276 0.00268364
79 0.780989 0.631375 0.276693 0.718855 0.00264168
54 0.481982 0.34908 0.553386 0.694816 0.00253105
14 0.787683 0.612876 0.281156 0.754181 0.00236893
60 0.0473126 0.851171 0.0926727 0.280936 0.00206757
28 0.488676 0.354097 0.56008 0.705686 0.0020504
60 0.508758 0.757107 0.573469 0.45903 0.00203514
60 0.683784 0.173181 0.629533 0.341764 0.00192642
60 0.656031 0.677989 0.669419 0.613921 0.00172043
45 0.78322 0.611622 0.294544 0.763378 0.00157356
63 0.487839 0.348244 0.566217 0.696488 0.00153065
55 0.285619 0.409699 0.122727 0.498328 0.00145531
53 0.493975 0.34908 0.563985 0.698161 0.00145531
43 0.787683 0.612876 0.281156 0.754181 0.00139904
60 0.623675 0.375627 0.736361 0.695234 0.00136662
42 0.86355 0.469064 0.214214 0.505017 0.00131512
76 0.78322 0.611622 0.294544 0.763378 0.00131512
55 0.503738 0.526024 0.253264 0.287416 0.00130939
38 0.78322 0.611622 0.294544 0.763378 0.0012064
46 0.490628 0.351589 0.567333 0.702341 0.00119686
70 0.490419 0.351589 0.567751 0.703177 0.00115585
60 0.128549 0.392977 0.253333 0.759197 0.00114727
43 0.879895 0.222617 0.24021 0.206104 0.00112438
59 0.638765 0.494147 0.72247 0.988294 0.0011034
71 0.349771 0.51505 0.68727 0.949833 0.00107288
69 0.652014 0.497492 0.695972 0.981605 0.00106525
42 0.780989 0.633779 0.274462 0.717391 0.872559
55 0.49286 0.354724 0.576258 0.709448 0.855957
60 0.651735 0.499164 0.69653 0.981605 0.371094
44 0.781547 0.612145 0.28004 0.769022 0.0358276
60 0.338335 0.507525 0.671092 0.98495 0.0334778
45 0.35005 0.515886 0.687828 0.948161 0.0267639
40 0.78322 0.613294 0.28785 0.761706 0.0222015
48 0.488118 0.348662 0.570122 0.697324 0.0149002
60 0.845699 0.159594 0.305701 0.315008 0.0100098
75 0.784336 0.635033 0.274462 0.709866 0.00978088
15 0.491465 0.353679 0.574585 0.705686 0.00844574
60 0.717254 0.618311 0.562591 0.743311 0.00806427
55 0.355629 0.498328 0.694522 0.986622 0.00669098
60 0.669419 0.228261 0.659378 0.448997 0.00439835
42 0.836774 0.402174 0.169586 0.367893 0.00403976
41 0.78322 0.613294 0.28785 0.761706 0.00391388
60 0.853509 0.205895 0.290082 0.237876 0.00387001
60 0.803303 0.716137 0.390494 0.544314 0.00382423
22 0.780989 0.633779 0.274462 0.717391 0.00282288
60 0.844584 0.491639 0.310164 0.765886 0.0027256
54 0.482539 0.349498 0.555618 0.695652 0.0024929
42 0.825617 0.485054 0.196363 0.514841 0.00234222
79 0.786567 0.616952 0.281156 0.746028 0.00234222
14 0.786567 0.616952 0.281156 0.746028 0.00182438
45 0.78322 0.613294 0.28785 0.761706 0.00168133
63 0.488118 0.348662 0.570122 0.697324 0.00148964
60 0.0475566 0.852007 0.0931608 0.279264 0.00147247
55 0.28534 0.41388 0.122727 0.48913 0.00144386
42 0.866898 0.485368 0.227602 0.561037 0.00139904
43 0.786567 0.616952 0.281156 0.746028 0.00137234
55 0.499833 0.526651 0.246569 0.287834 0.00135136
43 0.879616 0.222774 0.240767 0.204954 0.00134563
60 0.630369 0.375 0.727435 0.68311 0.00129414
28 0.49007 0.354515 0.561754 0.706522 0.00126457
46 0.490628 0.352425 0.568448 0.703177 0.00122547
53 0.49007 0.354515 0.561754 0.706522 0.0011692
60 0.126492 0.382943 0.249637 0.735786 0.00116062
60 0.508201 0.758361 0.572353 0.456522 0.00109863
42 0.782104 0.636288 0.269999 0.714047 0.88623
55 0.494533 0.35347 0.579605 0.70694 0.867188
60 0.651735 0.501672 0.69653 0.993311 0.392334
60 0.338614 0.505853 0.672766 0.988294 0.0358276
45 0.350608 0.520067 0.688944 0.939799 0.0347595
44 0.783778 0.617057 0.275577 0.754181 0.0288696
48 0.488397 0.356396 0.560638 0.683528 0.0198669
40 0.783778 0.617057 0.275577 0.754181 0.0164642
60 0.850162 0.169628 0.296776 0.315426 0.00989532
75 0.784336 0.636706 0.269999 0.706522 0.00981903
55 0.356744 0.499582 0.696754 0.984114 0.00894928
60 0.711955 0.617475 0.57319 0.746655 0.00679779
60 0.6555 0.363503 0.688999 0.701087 0.00664139
15 0.492023 0.353052 0.5757 0.702759 0.00624084
42 0.836774 0.403846 0.169586 0.369565 0.00548935
60 0.667745 0.218436 0.66384 0.43102 0.00498199
60 0.783778 0.713211 0.429544 0.550167 0.00438309
41 0.783778 0.617057 0.275577 0.754181 0.00431442
54 0.481145 0.350334 0.552828 0.69398 0.00279045
22 0.786567 0.622074 0.276693 0.737458 0.00276756
60 0.846815 0.479201 0.305701 0.743938 0.00232315
45 0.784336 0.636706 0.269999 0.706522 0.00225258
42 0.827848 0.469168 0.185206 0.474707 0.00222588
55 0.28534 0.418478 0.121611 0.483278 0.00185299
79 0.786567 0.622074 0.276693 0.737458 0.00181007
53 0.548087 0.358905 0.430102 0.694398 0.00174141
43 0.87917 0.223035 0.240991 0.204013 0.00166798
42 0.869129 0.494565 0.234297 0.60786 0.00156116
60 0.128584 0.377926 0.2541 0.730769 0.00135612
44 0.87917 0.223035 0.240991 0.204013 0.00132465
55 0.498438 0.526756 0.240433 0.287625 0.00129414
46 0.490349 0.352425 0.56789 0.700669 0.00115108
14 0.786567 0.622074 0.276693 0.737458 0.00112438
60 0.0477658 0.854515 0.0938581 0.274248 0.00111198
43 0.783778 0.617057 0.275577 0.754181 0.00105667
60 0.5135 0.757107 0.586299 0.45903 0.00105286
39 0.783778 0.617057 0.275577 0.754181 0.00104809
63 0.488676 0.34908 0.571238 0.696488 0.00104046
42 0.78322 0.640468 0.267768 0.70903 0.901367
55 0.494812 0.352843 0.580163 0.702341 0.865234
60 0.650898 0.501672 0.698204 0.993311 0.391357
45 0.350329 0.531354 0.68727 0.917224 0.0390625
60 0.339172 0.505017 0.672766 0.989967 0.0348816
44 0.785452 0.624582 0.265536 0.737458 0.0236053
48 0.48756 0.356396 0.557849 0.681856 0.0195618
55 0.356744 0.502508 0.696754 0.976589 0.0126724
55 0.550597 0.36852 0.418387 0.674331 0.0107803
60 0.845141 0.164402 0.309048 0.324624 0.0102921
75 0.785452 0.639632 0.265536 0.702341 0.00834656
40 0.785452 0.624582 0.265536 0.737458 0.00746155
60 0.656198 0.359532 0.687605 0.691472 0.00717545
42 0.837331 0.404578 0.167355 0.369774 0.00548935
60 0.668303 0.207985 0.661609 0.410117 0.00521851
60 0.711815 0.620297 0.573469 0.742684 0.00521851
15 0.493418 0.351798 0.577374 0.699415 0.00482941
60 0.775968 0.715301 0.445164 0.545987 0.00402451
41 0.785452 0.624582 0.265536 0.737458 0.00313568
22 0.783778 0.627508 0.267768 0.731605 0.003088
54 0.479471 0.350753 0.549481 0.691472 0.00292397
60 0.854625 0.209866 0.28785 0.227843 0.00255013
45 0.785452 0.639632 0.265536 0.702341 0.0024147
53 0.550597 0.36852 0.418387 0.674331 0.00237846
55 0.288896 0.432379 0.117288 0.449624 0.00230598
60 0.846257 0.463106 0.305701 0.715928 0.00208282
43 0.87917 0.223244 0.240991 0.203177 0.00191879
44 0.87917 0.223244 0.240991 0.203177 0.00176811
42 0.830079 0.490698 0.189669 0.418269 0.00163555
42 0.870245 0.501568 0.236528 0.617266 0.00154877
79 0.786009 0.626672 0.273346 0.728261 0.00149536
46 0.199152 0.69398 0.102644 0.302676 0.00135136
60 0.131652 0.37291 0.260516 0.724916 0.00130939
43 0.785452 0.624582 0.265536 0.737458 0.00126457
46 0.176524 0.682274 0.145668 0.331104 0.00125504
55 0.496486 0.526756 0.233181 0.287625 0.00116062
39 0.785452 0.624582 0.265536 0.737458 0.00113392
42 0.764253 0.770903 0.224255 0.441472 0.00102806
0 0.33722 0.432692 0.668861 0.855351 0.00102425
55 0.785452 0.639632 0.265536 0.702341 0.00102425
60 0.506248 0.76087 0.591878 0.449833 0.00101185
42 0.782104 0.640886 0.267768 0.70485 0.902832
55 0.496207 0.352634 0.581837 0.696906 0.859863
60 0.65034 0.501672 0.699319 0.994983 0.379395
45 0.349771 0.536789 0.686154 0.906355 0.0374756
60 0.339172 0.505853 0.672766 0.988294 0.0309601
44 0.784336 0.627822 0.265536 0.730978 0.0189056
55 0.357023 0.503344 0.696196 0.973244 0.0185394
48 0.489234 0.34908 0.570122 0.692308 0.0127716
60 0.844584 0.164089 0.307933 0.323579 0.0106125
55 0.550876 0.372283 0.418945 0.666806 0.00809479
75 0.785452 0.64005 0.265536 0.699833 0.00557709
60 0.667745 0.194816 0.662725 0.382943 0.00530243
42 0.839005 0.403846 0.165123 0.366221 0.00457382
60 0.712931 0.623328 0.571237 0.736622 0.00419998
15 0.494533 0.350752 0.579605 0.697324 0.00405502
40 0.784336 0.627822 0.265536 0.730978 0.00363541
55 0.288687 0.434051 0.116033 0.444607 0.00321007
22 0.782104 0.640886 0.267768 0.70485 0.00277901
60 0.779873 0.718645 0.437354 0.54097 0.00276756
60 0.855183 0.205686 0.28785 0.23495 0.00221634
46 0.198594 0.683946 0.101529 0.322742 0.00218201
54 0.478913 0.350753 0.54725 0.688127 0.00215721
41 0.784336 0.627822 0.265536 0.730978 0.00215721
45 0.785452 0.64005 0.265536 0.699833 0.0020504
46 0.181545 0.682274 0.138974 0.337793 0.00203514
44 0.87917 0.222408 0.240991 0.204013 0.00190449
60 0.839005 0.456104 0.321321 0.720736 0.00185299
43 0.87917 0.222408 0.240991 0.204013 0.00178909
42 0.830079 0.456417 0.17628 0.436664 0.00163555
43 0.784336 0.627822 0.265536 0.730978 0.00151253
79 0.784336 0.627822 0.265536 0.730978 0.00150108
55 0.281993 0.36413 0.127747 0.482441 0.00127411
55 0.494533 0.526651 0.227045 0.287834 0.00123978
46 0.147237 0.58518 0.186391 0.41158 0.00118351
53 0.495649 0.348244 0.560638 0.696488 0.00116062
0 0.33722 0.430497 0.668861 0.849707 0.00115585
46 0.190924 0.612876 0.100692 0.309365 0.0011425
60 0.130537 0.364548 0.258284 0.70903 0.00113392
42 0.760906 0.771321 0.218677 0.440635 0.00105667
54 0.357023 0.503344 0.696196 0.973244 0.00104809
71 0.334988 0.489967 0.664398 0.968227 0.00100803
39 0.784336 0.627822 0.265536 0.730978 0.00100803
42 0.782104 0.640886 0.267768 0.703177 0.896484
55 0.496765 0.351798 0.581837 0.694398 0.862305
60 0.649782 0.500418 0.700435 0.997492 0.385742
45 0.35005 0.536789 0.685597 0.906355 0.0396423
60 0.338893 0.506689 0.672208 0.986622 0.0278015
55 0.357302 0.503763 0.696754 0.970736 0.0202484
44 0.784336 0.628763 0.265536 0.725753 0.0155411
60 0.844584 0.16388 0.307933 0.323579 0.00974274
60 0.767043 0.165343 0.463015 0.327341 0.00878143
48 0.489234 0.348662 0.56789 0.691472 0.00793457
15 0.48756 0.342809 0.564543 0.681438 0.006073
55 0.550318 0.373746 0.421176 0.662207 0.00582123
60 0.66663 0.192255 0.66384 0.378031 0.00526047
42 0.839005 0.403428 0.166239 0.364549 0.0045929
75 0.785452 0.640468 0.265536 0.697324 0.00388527
42 0.77541 0.733278 0.247685 0.516722 0.00338936
60 0.712373 0.626359 0.572353 0.73056 0.00314713
55 0.288687 0.434678 0.116033 0.440008 0.00298119
22 0.782104 0.640886 0.267768 0.703177 0.00259018
40 0.784336 0.628763 0.265536 0.725753 0.00248146
46 0.198594 0.679348 0.101529 0.33194 0.0024147
42 0.823385 0.439695 0.189669 0.371447 0.00216484
45 0.785452 0.640468 0.265536 0.697324 0.00201988
44 0.87917 0.222042 0.240991 0.205581 0.00195694
60 0.855741 0.205686 0.285619 0.234114 0.00195694
60 0.775271 0.7199 0.446558 0.538462 0.00194168
43 0.87917 0.222042 0.240991 0.205581 0.00187492
41 0.784336 0.628763 0.265536 0.725753 0.00174141
46 0.191342 0.612458 0.0995761 0.315217 0.00161076
43 0.784336 0.628763 0.265536 0.725753 0.00160408
60 0.835658 0.452864 0.328015 0.716346 0.00157928
54 0.477798 0.350334 0.543903 0.687291 0.00157356
55 0.496486 0.52686 0.229834 0.287416 0.00139427
46 0.149922 0.585702 0.180743 0.408863 0.00137806
79 0.784336 0.628763 0.265536 0.725753 0.00133514
55 0.282272 0.363712 0.12719 0.473244 0.00129414
42 0.833427 0.494879 0.185206 0.413252 0.0011158
46 0.171852 0.604515 0.137161 0.359532 0.00109482
0 0.336383 0.427676 0.666072 0.843645 0.00107288
42 0.87917 0.222042 0.240991 0.205581 0.00105667
42 0.782104 0.639632 0.267768 0.702341 0.893066
55 0.495649 0.350752 0.579605 0.692308 0.867188
60 0.649922 0.5 0.700156 1 0.405518
45 0.350608 0.533863 0.686712 0.912207 0.0430298
60 0.339172 0.507107 0.67165 0.985786 0.0268555
55 0.35786 0.505017 0.696754 0.968227 0.0209656
44 0.783778 0.627508 0.266652 0.728261 0.0146179
60 0.844584 0.163671 0.309048 0.322742 0.00926971
60 0.73134 0.165238 0.534419 0.326714 0.0088501
15 0.488118 0.341137 0.565659 0.67893 0.00806427
48 0.487281 0.348244 0.56287 0.691472 0.00572968
42 0.840121 0.40301 0.170702 0.364549 0.00553513
60 0.66384 0.19027 0.669419 0.374477 0.00521851
42 0.773179 0.733696 0.243222 0.515886 0.00496292
55 0.54725 0.37291 0.427312 0.66388 0.00356483
75 0.785452 0.64005 0.265536 0.696488 0.00301552
46 0.196084 0.675585 0.107665 0.346154 0.00283432
60 0.709026 0.63033 0.579047 0.722617 0.00271416
22 0.782104 0.639632 0.267768 0.702341 0.00239754
42 0.823385 0.439381 0.1919 0.375418 0.00226974
55 0.288966 0.433528 0.11659 0.440635 0.00220871
43 0.87917 0.221781 0.240991 0.20694 0.00214005
44 0.87917 0.221781 0.240991 0.20694 0.00208282
40 0.783778 0.627508 0.266652 0.728261 0.00208282
45 0.785452 0.64005 0.265536 0.696488 0.00201035
46 0.191761 0.613294 0.0987393 0.320234 0.00176144
60 0.857414 0.20464 0.283387 0.235786 0.00169373
43 0.783778 0.627508 0.266652 0.728261 0.00168705
41 0.783778 0.627508 0.266652 0.728261 0.00157356
55 0.498159 0.52686 0.233181 0.289089 0.00150681
60 0.763695 0.720318 0.469709 0.539298 0.00148392
79 0.783778 0.627508 0.266652 0.728261 0.00142097
46 0.152293 0.585284 0.176001 0.405518 0.00138855
55 0.282899 0.35995 0.12705 0.475753 0.00131512
54 0.475566 0.350125 0.53944 0.687709 0.00131512
60 0.828964 0.452446 0.341404 0.723871 0.00129414
60 0.360928 0.707358 0.699543 0.558528 0.00123978
42 0.87917 0.221781 0.240991 0.20694 0.00123024
46 0.176838 0.604515 0.126632 0.361204 0.00121593
63 0.496207 0.347826 0.581837 0.69398 0.00109863
42 0.833427 0.500836 0.189669 0.435619 0.00101662
42 0.781547 0.64005 0.267768 0.699833 0.878906
55 0.489861 0.348244 0.566635 0.691472 0.863281
60 0.649782 0.5 0.700435 1 0.448486
45 0.350329 0.54515 0.686154 0.886288 0.0374756
60 0.346982 0.471154 0.686154 0.930602 0.0224152
55 0.356744 0.510451 0.694522 0.957358 0.0145569
60 0.656756 0.361831 0.686489 0.704431 0.012825
44 0.780989 0.632943 0.269999 0.717391 0.0101318
60 0.844584 0.16273 0.310164 0.321279 0.00847626
60 0.740266 0.165761 0.516568 0.328177 0.00775528
42 0.843468 0.404578 0.180743 0.364758 0.00725937
42 0.770947 0.739967 0.238759 0.503344 0.00634003
60 0.706795 0.643395 0.58351 0.696488 0.00600433
15 0.485608 0.339047 0.558407 0.676421 0.00559998
48 0.483028 0.346572 0.551294 0.691472 0.00551224
60 0.668303 0.195443 0.660493 0.385033 0.0046463
60 0.798282 0.702759 0.400536 0.576087 0.00432968
22 0.781547 0.64005 0.267768 0.699833 0.00271416
60 0.335267 0.730769 0.632601 0.510033 0.0024147
42 0.823385 0.442308 0.1919 0.35786 0.00223351
46 0.199431 0.685201 0.102365 0.320234 0.00201988
43 0.87917 0.220945 0.238759 0.208194 0.00197983
75 0.780989 0.632943 0.269999 0.717391 0.00197983
44 0.87917 0.220945 0.238759 0.208194 0.00186062
43 0.780989 0.632943 0.269999 0.717391 0.00181007
0 0.333315 0.413043 0.661051 0.815217 0.00158501
45 0.333315 0.413043 0.661051 0.815217 0.00152493
45 0.785452 0.64005 0.265536 0.694816 0.00152493
79 0.780989 0.632943 0.269999 0.717391 0.00148964
54 0.469151 0.348244 0.524378 0.687291 0.00140476
0 0.649782 0.5 0.700435 1 0.00136662
55 0.286734 0.422241 0.117706 0.454849 0.00134563
40 0.780989 0.632943 0.269999 0.717391 0.00132465
41 0.780989 0.632943 0.269999 0.717391 0.00131512
42 0.87917 0.220945 0.238759 0.208194 0.00129414
60 0.561196 0.836957 0.657146 0.302676 0.00123024
46 0.192737 0.612458 0.099855 0.290134 0.00120163
60 0.843468 0.437291 0.310164 0.686455 0.00118828
63 0.483028 0.346572 0.551294 0.691472 0.0011425
42 0.873592 0.46666 0.247685 0.49143 0.00112438
55 0.785452 0.64005 0.265536 0.694816 0.0011158
60 0.124261 0.329431 0.24629 0.644649 0.00111198
55 0.501506 0.527592 0.238759 0.287625 0.00109005
60 0.842352 0.734114 0.310164 0.506689 0.00108147
60 0.464688 0.559365 0.724088 0.809365 0.00100803
42 0.785452 0.638378 0.259958 0.708194 0.861328
55 0.490349 0.347199 0.56789 0.69189 0.844727
60 0.649922 0.5 0.700156 1 0.458984
45 0.350329 0.549331 0.68727 0.877926 0.0397949
60 0.349771 0.503762 0.691733 0.992475 0.0272217
60 0.657035 0.361204 0.685931 0.703177 0.0139542
55 0.358418 0.514214 0.700101 0.943144 0.0137405
60 0.783778 0.711538 0.429544 0.558528 0.0109024
60 0.704563 0.660953 0.587973 0.661371 0.0102081
44 0.779873 0.636288 0.27223 0.714047 0.00912476
60 0.851278 0.167642 0.296776 0.32107 0.00757599
42 0.773179 0.722408 0.252148 0.536789 0.00714874
60 0.745147 0.16597 0.506806 0.328177 0.00669098
42 0.845141 0.4051 0.181859 0.362876 0.00653839
15 0.490907 0.345318 0.558965 0.690635 0.00503922
48 0.484143 0.345736 0.553526 0.691472 0.00446701
60 0.329689 0.728261 0.628138 0.51505 0.00411606
60 0.672208 0.195861 0.652683 0.38587 0.00408554
0 0.334709 0.406355 0.664956 0.802676 0.00293541
22 0.780989 0.640364 0.267768 0.697533 0.00275803
60 0.840121 0.735368 0.314627 0.504181 0.00225258
45 0.334709 0.406355 0.664956 0.802676 0.00214958
43 0.879728 0.221206 0.237644 0.208926 0.00197983
42 0.823943 0.443875 0.190784 0.346363 0.00195694
79 0.779873 0.636288 0.27223 0.714047 0.00192642
60 0.508201 0.37291 0.744171 0.745819 0.00188923
44 0.879728 0.221206 0.237644 0.208926 0.00186729
43 0.779873 0.636288 0.27223 0.714047 0.00185299
75 0.779873 0.636288 0.27223 0.714047 0.00177479
0 0.649922 0.5 0.700156 1 0.00175476
46 0.192458 0.67893 0.114917 0.334448 0.00163555
42 0.879728 0.221206 0.237644 0.208926 0.00136185
61 0.197758 0.279682 0.392168 0.551839 0.00134563
60 0.151177 0.309365 0.300681 0.60786 0.00131989
54 0.469709 0.347408 0.524378 0.687291 0.00130463
63 0.484143 0.345736 0.553526 0.691472 0.00129414
41 0.779873 0.636288 0.27223 0.714047 0.00129414
45 0.786009 0.640468 0.26442 0.69398 0.00124454
60 0.851836 0.416492 0.293429 0.631898 0.0012207
60 0.567333 0.835284 0.612518 0.30602 0.00118351
40 0.779873 0.636288 0.27223 0.714047 0.00106907
55 0.786009 0.640468 0.26442 0.69398 0.00105667
44 0.940534 0.269858 0.118264 0.103679 0.00104427
46 0.193574 0.609532 0.100971 0.27592 0.00101185
42 0.874707 0.455268 0.247685 0.469064 0.00100803
42 0.785452 0.639632 0.261073 0.707358 0.85498
55 0.491186 0.34699 0.569564 0.69398 0.804199
60 0.649364 0.5 0.701272 1 0.457031
45 0.350329 0.550585 0.68727 0.873746 0.0379028
60 0.35005 0.502508 0.692291 0.994983 0.0306702
55 0.358976 0.510033 0.700101 0.951505 0.0184784
60 0.766485 0.714047 0.465246 0.555184 0.0171051
60 0.701216 0.675167 0.594667 0.632943 0.0142822
60 0.656756 0.359114 0.686489 0.699833 0.0126724
44 0.778757 0.63796 0.27223 0.714047 0.00812531
15 0.490419 0.346154 0.559941 0.692308 0.0068779
60 0.853509 0.168478 0.291197 0.321906 0.00674438
42 0.768716 0.741639 0.238759 0.5 0.00666809
42 0.843468 0.405414 0.178512 0.361413 0.00575256
0 0.338057 0.403428 0.67165 0.793478 0.00559998
60 0.35535 0.704013 0.683923 0.565217 0.0055542
60 0.742497 0.166388 0.512105 0.328595 0.00547028
60 0.527725 0.39005 0.796609 0.7801 0.00367928
48 0.484492 0.345318 0.553944 0.690635 0.00359344
60 0.675555 0.199362 0.645989 0.392245 0.00348282
22 0.780989 0.640364 0.267768 0.697533 0.00328636
60 0.836774 0.73704 0.321321 0.502508 0.00322342
79 0.778757 0.63796 0.27223 0.714047 0.00266266
45 0.336941 0.402069 0.669419 0.794523 0.00256157
0 0.649364 0.5 0.701272 1 0.00245285
43 0.778757 0.63796 0.27223 0.714047 0.00181007
75 0.778757 0.63796 0.27223 0.714047 0.0018034
43 0.880286 0.22152 0.236528 0.209971 0.00178242
42 0.823385 0.445234 0.1919 0.343645 0.00178242
61 0.195805 0.284699 0.388263 0.561873 0.00176811
46 0.193155 0.674749 0.115754 0.342809 0.00174809
60 0.157592 0.304139 0.313511 0.59908 0.00172043
44 0.880286 0.22152 0.236528 0.209971 0.00163555
63 0.484492 0.345318 0.553944 0.690635 0.00144958
41 0.778757 0.63796 0.27223 0.714047 0.00139904
42 0.880286 0.22152 0.236528 0.209971 0.00131989
60 0.476403 0.740385 0.561196 0.480769 0.00125504
53 0.465525 0.348453 0.624233 0.696906 0.00124454
60 0.856856 0.395485 0.283387 0.58612 0.00119209
71 0.187856 0.289298 0.374596 0.569398 0.00118828
60 0.11924 0.478261 0.236249 0.892977 0.0011158
60 0.456599 0.557797 0.749191 0.819189 0.0011158
44 0.939418 0.269858 0.11938 0.103679 0.00109863
60 0.847931 0.106057 0.301239 0.2118 0.00109863
54 0.469779 0.346154 0.524239 0.687291 0.00108624
46 0.193853 0.610786 0.101529 0.278428 0.00108147
39 0.778757 0.63796 0.27223 0.714047 0.00106049
42 0.741939 0.774666 0.1919 0.430602 0.00100803
42 0.786009 0.639632 0.257726 0.707358 0.85791
55 0.490419 0.350125 0.563288 0.695234 0.771973
60 0.648388 0.5 0.703224 1 0.437744
45 0.350608 0.559365 0.686712 0.854515 0.0420837
60 0.349771 0.498746 0.691733 0.98913 0.0283813
55 0.359255 0.512542 0.699543 0.944816 0.0224609
60 0.769832 0.715719 0.458552 0.551839 0.0223236
60 0.701216 0.683528 0.594667 0.617893 0.0187988
60 0.656895 0.359741 0.68621 0.701087 0.0113297
15 0.490628 0.347408 0.560638 0.694816 0.00867462
44 0.781547 0.63796 0.266652 0.714047 0.00737381
0 0.335267 0.390468 0.666072 0.767559 0.00712204
60 0.354234 0.704431 0.67946 0.564381 0.00682449
42 0.768716 0.743311 0.237644 0.498328 0.00651169
60 0.854625 0.16806 0.290082 0.323997 0.00595856
42 0.841236 0.405518 0.172933 0.361204 0.00484848
60 0.741939 0.166701 0.513221 0.328804 0.00469971
60 0.528283 0.387124 0.803303 0.774248 0.00443268
22 0.782104 0.641304 0.265536 0.697324 0.00443268
60 0.835658 0.738294 0.323552 0.501672 0.00439835
48 0.485608 0.345109 0.55506 0.690217 0.00363541
79 0.781547 0.63796 0.266652 0.714047 0.0036068
0 0.648388 0.5 0.703224 1 0.00284576
45 0.337499 0.38796 0.670535 0.766722 0.00244331
61 0.194968 0.284699 0.386589 0.561037 0.00239754
60 0.677089 0.205215 0.642921 0.403951 0.00229645
75 0.781547 0.63796 0.266652 0.714047 0.00209045
71 0.185624 0.286789 0.370133 0.563545 0.00203514
46 0.194689 0.664716 0.113801 0.364549 0.00192642
60 0.158708 0.301003 0.3163 0.592809 0.00191879
60 0.454368 0.556752 0.758117 0.82964 0.00190449
63 0.491953 0.346154 0.564683 0.692308 0.00176811
43 0.781547 0.63796 0.266652 0.714047 0.0016613
42 0.823385 0.445757 0.1919 0.347617 0.00163555
43 0.880286 0.221572 0.236528 0.21112 0.00160408
41 0.781547 0.63796 0.266652 0.714047 0.00160408
46 0.193853 0.61204 0.101529 0.29515 0.00146675
44 0.880286 0.221572 0.236528 0.21112 0.00144958
53 0.460783 0.348244 0.637064 0.696488 0.00140476
39 0.781547 0.63796 0.266652 0.714047 0.00130939
42 0.738592 0.77801 0.182975 0.423913 0.00129414
42 0.880286 0.221572 0.236528 0.21112 0.00124931
60 0.118961 0.473244 0.235691 0.892977 0.00121117
44 0.851278 0.397993 0.0535535 0.211538 0.00117874
60 0.472219 0.739549 0.56287 0.482442 0.00117397
44 0.93886 0.270067 0.120495 0.103679 0.0011158
0 0.180464 0.307274 0.359813 0.606187 0.00110722
41 0.841236 0.405518 0.172933 0.361204 0.00109005
6 0.782104 0.641304 0.265536 0.697324 0.00109005
60 0.857972 0.388796 0.281156 0.586957 0.00106049
42 0.872476 0.461538 0.247685 0.67893 0.00103664
42 0.786009 0.64005 0.257726 0.708194 0.864258
55 0.490419 0.349498 0.563288 0.695652 0.771973
60 0.648109 0.5 0.703782 1 0.442627
45 0.35005 0.562814 0.685597 0.847617 0.0386047
60 0.335546 0.386706 0.66663 0.76087 0.0300446
60 0.775271 0.715719 0.446558 0.551839 0.0246582
60 0.701774 0.687395 0.593551 0.611831 0.0223694
55 0.359255 0.513796 0.698427 0.940635 0.0214539
60 0.657313 0.348662 0.685373 0.679766 0.00967407
60 0.382684 0.485368 0.67165 0.918896 0.00933838
60 0.354234 0.700669 0.676113 0.571906 0.00828552
0 0.335546 0.386706 0.66663 0.76087 0.008255
44 0.781547 0.637542 0.266652 0.716555 0.00679779
42 0.841236 0.404578 0.171818 0.359741 0.00638962
42 0.768716 0.743311 0.236528 0.498328 0.00612259
22 0.782104 0.640886 0.265536 0.698161 0.00595856
15 0.491395 0.347408 0.561336 0.694816 0.00577545
60 0.855183 0.168687 0.28785 0.326923 0.00518036
60 0.833426 0.738294 0.330247 0.501672 0.00492477
60 0.529957 0.380017 0.807765 0.760033 0.00484848
60 0.735803 0.167956 0.525494 0.331313 0.00382423
71 0.184648 0.284281 0.36818 0.559365 0.00338936
79 0.781547 0.637542 0.266652 0.716555 0.00336266
61 0.184648 0.284281 0.36818 0.559365 0.00332451
48 0.461899 0.348244 0.634832 0.696488 0.00324821
46 0.198036 0.658027 0.11157 0.377926 0.00251198
0 0.648109 0.5 0.703782 1 0.00246239
45 0.340288 0.388378 0.674997 0.768395 0.00245285
46 0.193295 0.591137 0.099855 0.319398 0.00221634
60 0.179488 0.307274 0.35786 0.606187 0.0020752
55 0.335546 0.386706 0.66663 0.76087 0.00186729
42 0.735245 0.780936 0.177396 0.41806 0.00176811
75 0.781547 0.637542 0.266652 0.716555 0.0017271
42 0.823943 0.444084 0.190784 0.347617 0.00169373
0 0.179488 0.307274 0.35786 0.606187 0.00167465
41 0.841236 0.404578 0.171818 0.359741 0.00165462
44 0.850162 0.390468 0.0535535 0.192308 0.0016489
45 0.179488 0.307274 0.35786 0.606187 0.00160408
6 0.782104 0.640886 0.265536 0.698161 0.00156116
53 0.461899 0.348244 0.634832 0.696488 0.00154877
60 0.314069 0.780518 0.579047 0.412207 0.00154877
41 0.781547 0.637542 0.266652 0.716555 0.00151253
43 0.781547 0.637542 0.266652 0.716555 0.00151253
60 0.116242 0.305602 0.230531 0.582776 0.00146675
75 0.841237 0.425167 0.138347 0.296823 0.00139904
60 0.676671 0.214674 0.643758 0.423495 0.00138855
42 0.873034 0.454431 0.246569 0.620401 0.00137806
43 0.880286 0.22199 0.236528 0.212375 0.00136662
39 0.781547 0.637542 0.266652 0.716555 0.00127888
71 0.340288 0.388378 0.674997 0.768395 0.00126934
63 0.491465 0.345736 0.565659 0.691472 0.00126457
44 0.880286 0.22199 0.236528 0.212375 0.00121117
60 0.118682 0.470318 0.235133 0.892141 0.00117397
56 0.878054 0.389214 0.240991 0.340301 0.00116539
44 0.872476 0.409699 0.0457437 0.242475 0.00114727
42 0.880286 0.22199 0.236528 0.212375 0.00109482
44 0.938302 0.269858 0.120495 0.104097 0.00106049
44 0.854067 0.406355 0.0468594 0.247492 0.00104809
55 0.362044 0.43217 0.253821 0.418269 0.00103188
44 0.843468 0.400084 0.0535535 0.231605 0.00100803
55 0.285061 0.360159 0.125516 0.465301 0.00100803
42 0.786567 0.640573 0.256611 0.708821 0.879883
55 0.491186 0.349707 0.56287 0.69607 0.78418
60 0.64783 0.5 0.70434 1 0.418701
45 0.349492 0.570339 0.684481 0.832567 0.0397949
60 0.334152 0.37709 0.661609 0.740803 0.0290375
60 0.705121 0.69074 0.586857 0.605142 0.0277405
60 0.792146 0.716137 0.412808 0.551003 0.0241852
55 0.359255 0.517977 0.696196 0.930602 0.0207214
60 0.383242 0.48704 0.674997 0.918896 0.0114212
60 0.353676 0.698579 0.672766 0.576087 0.0088501
0 0.334152 0.37709 0.661609 0.740803 0.00871277
60 0.65815 0.342391 0.6837 0.666388 0.00793457
22 0.782662 0.641304 0.264421 0.697324 0.00748825
44 0.78322 0.638064 0.263305 0.717182 0.00698471
42 0.838447 0.404682 0.162892 0.354515 0.0064888
15 0.491744 0.347826 0.560638 0.695652 0.00605011
42 0.770947 0.730351 0.245454 0.520903 0.00510025
71 0.183393 0.282191 0.36567 0.554348 0.00498199
60 0.856298 0.169314 0.285619 0.329431 0.00466537
79 0.78322 0.638064 0.263305 0.717182 0.00429916
60 0.521589 0.369983 0.79103 0.739967 0.00419998
61 0.193574 0.283027 0.3838 0.557692 0.00403976
60 0.17907 0.305811 0.357023 0.602425 0.00327301
60 0.738034 0.169314 0.521031 0.33403 0.00324821
48 0.461899 0.348244 0.635948 0.696488 0.00323486
46 0.197758 0.652592 0.114359 0.390468 0.0029583
46 0.193155 0.594064 0.099855 0.336957 0.00282288
0 0.64783 0.5 0.70434 1 0.00257111
49 0.134476 0.179348 0.178442 0.341555 0.00255013
45 0.17907 0.305811 0.357023 0.602425 0.00250244
44 0.85072 0.389841 0.0524378 0.191054 0.00232315
45 0.33973 0.378972 0.674997 0.748746 0.00230598
75 0.841237 0.425481 0.138347 0.296196 0.00229645
0 0.17907 0.305811 0.357023 0.602425 0.00219154
6 0.782662 0.641304 0.264421 0.697324 0.00216484
60 0.312395 0.778846 0.574585 0.415552 0.00214958
41 0.838447 0.404682 0.162892 0.354515 0.00214005
75 0.78322 0.638064 0.263305 0.717182 0.00209999
71 0.325226 0.430184 0.644874 0.848662 0.00204277
42 0.733014 0.782191 0.171817 0.415552 0.00201988
41 0.78322 0.638064 0.263305 0.717182 0.00176811
53 0.461899 0.348244 0.635948 0.696488 0.00174141
42 0.824501 0.444398 0.189669 0.345318 0.00160408
55 0.334152 0.37709 0.661609 0.740803 0.00156116
42 0.873592 0.447324 0.243222 0.565217 0.00152493
56 0.87917 0.390886 0.238759 0.343645 0.0015192
43 0.78322 0.638064 0.263305 0.717182 0.00151253
60 0.122029 0.291388 0.242385 0.572742 0.00150108
39 0.78322 0.638064 0.263305 0.717182 0.00148964
43 0.880286 0.222408 0.236528 0.212793 0.0014267
44 0.872476 0.410117 0.044628 0.243311 0.00138855
63 0.492023 0.345736 0.565659 0.691472 0.00138855
71 0.244896 0.333612 0.485887 0.658027 0.00136185
61 0.325226 0.430184 0.644874 0.848662 0.00136185
44 0.843468 0.39977 0.0535535 0.232232 0.00135136
55 0.324668 0.356605 0.224813 0.663043 0.00127411
42 0.834542 0.36643 0.124958 0.290552 0.00124931
79 0.838447 0.404682 0.162892 0.354515 0.0012207
39 0.838447 0.404682 0.162892 0.354515 0.00120163
60 0.118403 0.465301 0.234576 0.885451 0.00118351
41 0.17907 0.305811 0.357023 0.602425 0.0011692
44 0.880286 0.222408 0.236528 0.212793 0.00116539
55 0.285061 0.360159 0.125516 0.467809 0.00113392
55 0.362114 0.432274 0.25424 0.41806 0.00113392
42 0.880286 0.222408 0.236528 0.212793 0.00112438
41 0.844584 0.426839 0.140578 0.266722 0.00109863
44 0.938302 0.269858 0.122727 0.104097 0.00109482
56 0.869129 0.25209 0.261073 0.293478 0.00108624
42 0.787125 0.641304 0.255495 0.707358 0.892578
55 0.492023 0.349498 0.562312 0.695652 0.804199
60 0.64783 0.5 0.70434 1 0.405518
45 0.349214 0.576087 0.682807 0.817726 0.0408325
60 0.707353 0.694816 0.582394 0.598662 0.0326538
60 0.330805 0.367057 0.653799 0.721572 0.0295868
60 0.800513 0.717391 0.397189 0.550167 0.0277405
55 0.358139 0.523411 0.693964 0.914716 0.0170441
60 0.350329 0.497074 0.690617 0.940635 0.0151901
60 0.353118 0.699833 0.670535 0.573579 0.00888062
44 0.785452 0.638691 0.258842 0.714256 0.00784302
22 0.78322 0.64214 0.263305 0.695652 0.00784302
0 0.330805 0.367057 0.653799 0.721572 0.00746155
71 0.182975 0.279682 0.364833 0.549331 0.00706482
60 0.658987 0.340719 0.682026 0.66388 0.0068779
49 0.134302 0.177676 0.178512 0.341137 0.00634003
42 0.837889 0.406459 0.156198 0.344273 0.00593567
15 0.492023 0.347826 0.560081 0.695652 0.00591278
79 0.785452 0.638691 0.258842 0.714256 0.00498199
42 0.770947 0.732023 0.245454 0.517559 0.00488663
61 0.193295 0.280518 0.3838 0.551839 0.00486755
60 0.842352 0.159594 0.314627 0.31459 0.00431442
45 0.346424 0.42893 0.686154 0.847826 0.00426483
46 0.193155 0.59699 0.099855 0.352843 0.0041008
60 0.17907 0.304139 0.357023 0.59908 0.00397491
60 0.509037 0.362458 0.760348 0.716555 0.00353813
46 0.197479 0.647993 0.115475 0.399666 0.00329781
75 0.841794 0.426421 0.138347 0.295987 0.00318527
60 0.743194 0.169314 0.510711 0.33403 0.00311089
45 0.17907 0.304139 0.357023 0.59908 0.00309944
48 0.49286 0.345527 0.563985 0.691054 0.00300407
60 0.457436 0.539716 0.760906 0.873746 0.00299263
44 0.85072 0.390259 0.0524378 0.191054 0.00293541
71 0.323274 0.419314 0.640969 0.826923 0.00286674
53 0.458831 0.355769 0.642084 0.705686 0.00284576
41 0.837889 0.406459 0.156198 0.344273 0.00268364
75 0.785452 0.638691 0.258842 0.714256 0.00263214
60 0.311838 0.777174 0.573469 0.418896 0.00255013
6 0.78322 0.64214 0.263305 0.695652 0.00251198
71 0.235691 0.327759 0.467478 0.645485 0.0024929
0 0.64783 0.5 0.70434 1 0.00243378
0 0.17907 0.304139 0.357023 0.59908 0.00237846
42 0.731898 0.783445 0.169586 0.413043 0.00231361
41 0.785452 0.638691 0.258842 0.714256 0.00217438
61 0.323274 0.419314 0.640969 0.826923 0.00203514
39 0.837889 0.406459 0.156198 0.344273 0.00176811
39 0.785452 0.638691 0.258842 0.714256 0.00176144
60 0.122587 0.290761 0.243501 0.572324 0.00173378
61 0.235691 0.327759 0.467478 0.645485 0.0017271
79 0.837889 0.406459 0.156198 0.344273 0.00168705
44 0.872476 0.410953 0.044628 0.243311 0.00166798
44 0.843468 0.400502 0.0535535 0.232441 0.0016489
41 0.17907 0.304139 0.357023 0.59908 0.00161076
43 0.880286 0.222356 0.236528 0.213315 0.00157928
41 0.844584 0.427676 0.140578 0.267559 0.00155449
43 0.785452 0.638691 0.258842 0.714256 0.00150681
42 0.824501 0.445652 0.187437 0.343645 0.00140476
55 0.324668 0.358278 0.225371 0.659699 0.00138283
56 0.87917 0.391095 0.236528 0.3449 0.00137806
63 0.49286 0.345527 0.563985 0.691054 0.00136662
42 0.873592 0.438127 0.240991 0.517559 0.00136185
55 0.330805 0.367057 0.653799 0.721572 0.00135612
42 0.834542 0.366012 0.124958 0.28888 0.00130939
60 0.117985 0.46112 0.23346 0.878762 0.00128937
55 0.284782 0.359114 0.125516 0.469064 0.00125504
44 0.880286 0.222356 0.236528 0.213315 0.00121593
44 0.938302 0.269858 0.121611 0.104097 0.00121593
42 0.880286 0.222356 0.236528 0.213315 0.0012064
44 0.854625 0.414611 0.0446279 0.259406 0.00119686
55 0.362602 0.431856 0.254379 0.418896 0.00118828
44 0.841794 0.426421 0.138347 0.295987 0.00117397
46 0.167041 0.589047 0.152363 0.43311 0.0011034
49 0.193155 0.618729 0.100134 0.366221 0.0011034
56 0.17907 0.304139 0.357023 0.59908 0.00109482
56 0.868013 0.248746 0.261073 0.294314 0.00107288
42 0.787125 0.642036 0.255495 0.705895 0.900391
55 0.492302 0.349498 0.561754 0.69398 0.822266
60 0.647691 0.500418 0.704619 0.999164 0.40918
45 0.348377 0.580268 0.681134 0.807692 0.0383301
60 0.712373 0.697742 0.572353 0.592809 0.037262
60 0.327457 0.361204 0.647105 0.70903 0.028656
60 0.809997 0.717809 0.379337 0.549331 0.0278473
55 0.357023 0.527174 0.691733 0.902174 0.0140076
60 0.348935 0.497492 0.6432 0.857859 0.0132751
60 0.332478 0.7199 0.638179 0.533445 0.00974274
22 0.78322 0.642559 0.263305 0.694816 0.00867462
49 0.134163 0.177258 0.178512 0.340301 0.00834656
44 0.785452 0.638796 0.258842 0.712375 0.00828552
71 0.182835 0.278846 0.364554 0.547659 0.00763702
0 0.336662 0.358905 0.667745 0.708612 0.0069046
60 0.659517 0.33612 0.680297 0.653846 0.00577545
42 0.839005 0.409594 0.152851 0.336329 0.00548935
46 0.190227 0.601589 0.100413 0.39214 0.00544739
79 0.785452 0.638796 0.258842 0.712375 0.00516129
42 0.77039 0.733278 0.244338 0.51505 0.00516129
61 0.193574 0.279264 0.3838 0.550167 0.0051384
15 0.492302 0.347826 0.560638 0.695652 0.00453949
60 0.842352 0.15949 0.314627 0.314381 0.00413513
60 0.17907 0.303512 0.357023 0.597826 0.00399017
75 0.842352 0.426839 0.138347 0.29515 0.0039444
45 0.346145 0.418478 0.685597 0.826923 0.00353813
53 0.463573 0.354515 0.632601 0.704013 0.00340271
44 0.851278 0.398829 0.0535535 0.211538 0.00335121
6 0.78322 0.642559 0.263305 0.694816 0.00335121
71 0.230252 0.324833 0.456599 0.639632 0.00329781
48 0.493696 0.345318 0.563428 0.690635 0.00323486
60 0.749191 0.169314 0.499833 0.333612 0.0030632
42 0.730782 0.784699 0.165123 0.410535 0.00305176
71 0.321042 0.410431 0.636506 0.809574 0.00302696
41 0.839005 0.409594 0.152851 0.336329 0.00301552
45 0.17907 0.303512 0.357023 0.597826 0.00299263
60 0.498717 0.358069 0.735245 0.695234 0.00286674
75 0.785452 0.638796 0.258842 0.712375 0.00256157
0 0.17907 0.303512 0.357023 0.597826 0.00247192
46 0.203615 0.625836 0.118264 0.440635 0.0024147
61 0.321042 0.410431 0.636506 0.809574 0.00223351
60 0.460783 0.547241 0.747518 0.858696 0.00221634
0 0.647691 0.500418 0.704619 0.999164 0.00220871
39 0.839005 0.409594 0.152851 0.336329 0.00216484
41 0.785452 0.638796 0.258842 0.712375 0.00215721
39 0.785452 0.638796 0.258842 0.712375 0.0019722
79 0.839005 0.409594 0.152851 0.336329 0.00193405
44 0.872476 0.411476 0.044628 0.243938 0.00191879
60 0.122308 0.290761 0.242943 0.572324 0.00191212
44 0.843468 0.400397 0.0535535 0.232651 0.00183868
41 0.168749 0.297241 0.336383 0.58612 0.00163555
43 0.880844 0.222408 0.235412 0.214047 0.00162888
43 0.785452 0.638796 0.258842 0.712375 0.00161076
55 0.324947 0.359323 0.225929 0.657609 0.00144386
42 0.835658 0.365803 0.124958 0.288462 0.00141621
55 0.284433 0.358278 0.125098 0.472408 0.00139904
44 0.842352 0.426839 0.138347 0.29515 0.00136185
49 0.193016 0.619983 0.100413 0.37709 0.00131512
42 0.825617 0.446906 0.187437 0.341973 0.00131512
60 0.117427 0.455268 0.232623 0.867057 0.00128937
44 0.938302 0.269858 0.120495 0.104097 0.00125504
44 0.880844 0.222408 0.235412 0.214047 0.0012207
46 0.169865 0.590301 0.146993 0.439799 0.0012207
42 0.880844 0.222408 0.235412 0.214047 0.00121593
42 0.87415 0.428198 0.238759 0.494774 0.0012064
55 0.362323 0.43102 0.253264 0.423913 0.00119686
55 0.327457 0.361204 0.647105 0.70903 0.00118828
56 0.879728 0.391304 0.236528 0.346154 0.00118828
63 0.493696 0.345318 0.563428 0.690635 0.00112915
56 0.17907 0.303512 0.357023 0.597826 0.0011034
46 0.206125 0.713211 0.109896 0.282609 0.00107288
44 0.881402 0.412207 0.0557849 0.239967 0.00106525
60 0.860203 0.349707 0.276693 0.554766 0.00102806
56 0.868013 0.241587 0.261073 0.285222 0.00101662
42 0.787125 0.642141 0.255495 0.705686 0.907227
55 0.492581 0.349498 0.562312 0.69398 0.832031
60 0.647272 0.5 0.705456 1 0.410156
60 0.716278 0.700251 0.564543 0.587793 0.0419312
45 0.34754 0.58194 0.67946 0.802676 0.0393372
60 0.327179 0.359532 0.646547 0.706522 0.0280609
60 0.798282 0.733696 0.400536 0.515886 0.026062
49 0.133884 0.176839 0.178512 0.341973 0.0146713
60 0.350329 0.492579 0.639295 0.839256 0.012291
55 0.356187 0.526756 0.688944 0.894649 0.0114212
22 0.78322 0.642872 0.263305 0.694189 0.0104065
60 0.331083 0.719482 0.634274 0.534281 0.0100098
71 0.182696 0.278219 0.364275 0.546405 0.0085144
44 0.785452 0.638691 0.258842 0.712584 0.0085144
46 0.190366 0.602007 0.100692 0.396321 0.00720596
0 0.336104 0.355769 0.66663 0.702341 0.00698471
61 0.193016 0.278637 0.382684 0.548077 0.00557709
79 0.785452 0.638691 0.258842 0.712584 0.00547028
42 0.769832 0.73495 0.243222 0.511706 0.00544739
42 0.839563 0.409804 0.152851 0.337584 0.00518036
60 0.65882 0.330895 0.677229 0.644231 0.00469971
60 0.182696 0.278219 0.364275 0.546405 0.00432968
45 0.17907 0.303512 0.357023 0.59699 0.00429916
75 0.842352 0.426526 0.138347 0.29745 0.00421524
6 0.78322 0.642872 0.263305 0.694189 0.00419998
60 0.842352 0.158863 0.314627 0.313127 0.00391388
15 0.471104 0.348244 0.61977 0.696488 0.00388527
42 0.729667 0.785953 0.165123 0.408027 0.00369263
53 0.464688 0.353679 0.630369 0.702341 0.00351143
41 0.839563 0.409804 0.152851 0.337584 0.00340271
45 0.345866 0.414611 0.685039 0.817935 0.00338936
48 0.493696 0.345318 0.563428 0.690635 0.00329781
44 0.851278 0.398829 0.0535535 0.212375 0.00314713
49 0.172375 0.276756 0.343635 0.543478 0.00313568
60 0.744031 0.168792 0.509037 0.332985 0.00296974
71 0.319369 0.406355 0.633159 0.801003 0.00291252
60 0.494812 0.35765 0.726319 0.692726 0.0026722
75 0.785452 0.638691 0.258842 0.712584 0.00257111
0 0.17907 0.303512 0.357023 0.59699 0.00246239
41 0.17907 0.303512 0.357023 0.59699 0.00226974
46 0.205428 0.64005 0.115196 0.412207 0.00218201
39 0.839563 0.409804 0.152851 0.337584 0.00217438
39 0.785452 0.638691 0.258842 0.712584 0.00214005
41 0.785452 0.638691 0.258842 0.712584 0.00211525
61 0.319369 0.406355 0.633159 0.801003 0.00209999
0 0.647272 0.5 0.705456 1 0.00201035
60 0.123494 0.29097 0.245314 0.572742 0.00195694
55 0.285619 0.593541 0.553386 0.779473 0.00186729
44 0.872476 0.411371 0.044628 0.244147 0.00181007
79 0.839563 0.409804 0.152851 0.337584 0.00179577
55 0.325296 0.35995 0.226347 0.656354 0.0017271
44 0.843468 0.400502 0.0535535 0.234114 0.00169373
49 0.193016 0.619565 0.100413 0.383779 0.00169373
43 0.785452 0.638691 0.258842 0.712584 0.00166798
55 0.284782 0.358278 0.125516 0.474916 0.00158501
60 0.461899 0.545987 0.745286 0.859532 0.00157356
43 0.880844 0.222199 0.235412 0.214465 0.0015192
42 0.835658 0.365803 0.124958 0.287625 0.00137234
44 0.842352 0.426526 0.138347 0.29745 0.00135136
49 0.0919056 0.157191 0.182138 0.305184 0.00133514
42 0.826175 0.447742 0.186322 0.341973 0.00130463
46 0.169865 0.297241 0.338614 0.58612 0.00127888
46 0.173073 0.590301 0.14002 0.443144 0.00126457
56 0.175722 0.295569 0.349771 0.579431 0.0012598
55 0.362532 0.430602 0.253403 0.428094 0.00125504
44 0.939418 0.269649 0.120495 0.104515 0.0012207
46 0.206823 0.711538 0.111291 0.284281 0.00119686
45 0.201384 0.605247 0.384916 0.752717 0.00118828
55 0.182696 0.278219 0.364275 0.546405 0.00118351
42 0.880844 0.222199 0.235412 0.214465 0.00115585
44 0.880844 0.222199 0.235412 0.214465 0.00115108
42 0.874707 0.426839 0.238759 0.493311 0.00115108
56 0.319369 0.406355 0.633159 0.801003 0.00113392
56 0.880286 0.391722 0.236528 0.346154 0.00110722
60 0.117009 0.443144 0.231786 0.842809 0.00106049
44 0.881402 0.412207 0.0569006 0.240803 0.00105286
55 0.292592 0.451505 0.115475 0.439799 0.00104809
14 0.842352 0.426526 0.138347 0.29745 0.00103188
28 0.464688 0.353679 0.630369 0.702341 0.00100803
42 0.787125 0.642559 0.255495 0.706522 0.909668
55 0.492581 0.349498 0.562312 0.69398 0.84375
60 0.647272 0.500836 0.705456 0.998328 0.406494
60 0.719765 0.701505 0.55757 0.585284 0.0435181
45 0.346424 0.585284 0.677229 0.792642 0.0368958
60 0.801071 0.734114 0.394957 0.51505 0.0289307
60 0.323831 0.355769 0.639853 0.69816 0.0253754
49 0.134023 0.176526 0.178233 0.341764 0.0179138
60 0.353118 0.472826 0.652683 0.823579 0.0158386
22 0.78322 0.642977 0.263305 0.69398 0.0109024
55 0.355071 0.530936 0.686712 0.881271 0.0106964
60 0.329689 0.721154 0.631485 0.530936 0.00978088
60 0.345309 0.607023 0.666072 0.747492 0.0088501
44 0.785452 0.638796 0.258842 0.712375 0.0085144
71 0.182696 0.277174 0.364275 0.544314 0.00847626
46 0.190505 0.602007 0.100413 0.397993 0.00803375
0 0.333873 0.349916 0.662167 0.689799 0.00717545
42 0.769274 0.736622 0.242107 0.506689 0.00609589
61 0.193016 0.276965 0.382684 0.544732 0.00579834
42 0.840121 0.412625 0.151735 0.330268 0.00527954
79 0.785452 0.638796 0.258842 0.712375 0.00508118
60 0.592296 0.420987 0.810276 0.787625 0.00479126
49 0.172375 0.276338 0.343635 0.542642 0.00471878
75 0.842352 0.427258 0.138347 0.296823 0.00468063
6 0.78322 0.642977 0.263305 0.69398 0.00450516
45 0.17907 0.302676 0.357023 0.596154 0.00434875
42 0.729109 0.787207 0.162892 0.405518 0.00426483
60 0.65882 0.328177 0.673882 0.63796 0.00407028
41 0.844584 0.43311 0.140578 0.284281 0.00402451
60 0.182696 0.277174 0.364275 0.544314 0.00399017
60 0.842352 0.158863 0.314627 0.313545 0.00392914
53 0.465804 0.353261 0.628138 0.699833 0.00370789
48 0.493975 0.345318 0.563985 0.690635 0.00348282
15 0.472498 0.348244 0.616981 0.696488 0.00338936
44 0.851278 0.399247 0.0535535 0.211538 0.00335121
60 0.749191 0.168896 0.499833 0.333194 0.00294685
45 0.345309 0.407609 0.683923 0.804348 0.00293541
71 0.317416 0.402069 0.629254 0.791179 0.00286674
75 0.785452 0.638796 0.258842 0.712375 0.00263214
39 0.840121 0.412625 0.151735 0.330268 0.00242424
55 0.280319 0.596154 0.542229 0.772575 0.00232315
0 0.17907 0.302676 0.357023 0.596154 0.00228691
61 0.317416 0.402069 0.629254 0.791179 0.00224304
46 0.205567 0.639632 0.115475 0.413043 0.00223351
41 0.17907 0.302676 0.357023 0.596154 0.00223351
41 0.785452 0.638796 0.258842 0.712375 0.00223351
39 0.785452 0.638796 0.258842 0.712375 0.00218201
44 0.871918 0.412207 0.044628 0.244983 0.00191879
79 0.840121 0.412625 0.151735 0.330268 0.00188923
60 0.488118 0.357859 0.705121 0.678094 0.00185299
60 0.123773 0.290552 0.245872 0.572742 0.00184631
49 0.193016 0.619565 0.100413 0.386288 0.00182438
0 0.647272 0.500836 0.705456 0.998328 0.00182438
44 0.843468 0.40092 0.0535535 0.233278 0.00176144
55 0.325226 0.360786 0.226487 0.654682 0.00174141
55 0.284433 0.358278 0.125098 0.47408 0.00170708
43 0.785452 0.638796 0.258842 0.712375 0.00168133
43 0.881402 0.222408 0.234297 0.214883 0.00163555
49 0.0916267 0.1574 0.18158 0.305602 0.00154877
42 0.835658 0.366012 0.124958 0.288043 0.00153637
44 0.842352 0.427258 0.138347 0.296823 0.0014782
46 0.169865 0.296823 0.338614 0.585284 0.00146675
60 0.463573 0.556961 0.731898 0.835911 0.00138855
42 0.826732 0.448265 0.185206 0.339256 0.00135612
45 0.20501 0.604933 0.392168 0.751672 0.00135612
55 0.182696 0.277174 0.364275 0.544314 0.00134563
46 0.173491 0.590196 0.138904 0.445025 0.00129414
46 0.206962 0.710702 0.112128 0.284281 0.00127888
49 0.122169 0.270485 0.242664 0.532609 0.00126457
55 0.362323 0.431438 0.253264 0.426421 0.00123024
44 0.93886 0.269649 0.120495 0.104515 0.0012064
56 0.175862 0.294941 0.35005 0.577341 0.0012064
42 0.881402 0.222408 0.234297 0.214883 0.00119209
44 0.881402 0.222408 0.234297 0.214883 0.00117874
44 0.881402 0.412207 0.0557849 0.240803 0.0011425
14 0.842352 0.427258 0.138347 0.296823 0.0011425
56 0.317416 0.402069 0.629254 0.791179 0.00112915
28 0.465804 0.353261 0.628138 0.699833 0.00112438
42 0.874707 0.420987 0.238759 0.495819 0.00109863
55 0.292592 0.452446 0.115475 0.43959 0.00108624
43 0.835658 0.366012 0.124958 0.288043 0.00104809
60 0.860203 0.336957 0.276693 0.535953 0.00104046
56 0.880286 0.391513 0.236528 0.348244 0.00103188
55 0.785452 0.638796 0.258842 0.712375 0.00103188
42 0.787125 0.642141 0.255495 0.705686 0.909668
55 0.492581 0.349498 0.562312 0.69398 0.84375
60 0.647272 0.500836 0.705456 0.998328 0.406494
60 0.719625 0.702341 0.557849 0.583612 0.044281
45 0.346424 0.585284 0.677229 0.792642 0.0374756
60 0.800513 0.734114 0.396073 0.51505 0.0292511
60 0.323552 0.355142 0.638179 0.696906 0.0244751
49 0.134023 0.176526 0.178233 0.341764 0.0178528
60 0.352561 0.47314 0.653799 0.826296 0.0162811
55 0.355071 0.530518 0.686712 0.882107 0.0113754
22 0.78322 0.642977 0.263305 0.69398 0.0109024
60 0.329968 0.721154 0.632043 0.530936 0.00985718
44 0.785452 0.6389 0.258842 0.712166 0.00844574
60 0.345309 0.607023 0.666072 0.747492 0.00837708
71 0.182696 0.277174 0.364275 0.544314 0.008255
46 0.190505 0.602007 0.100413 0.399666 0.00806427
0 0.333873 0.349289 0.662167 0.688545 0.00709534
42 0.769274 0.736622 0.242107 0.506689 0.00616837
61 0.193016 0.276756 0.382684 0.544314 0.00561905
42 0.840121 0.412625 0.151735 0.330268 0.00518036
79 0.785452 0.6389 0.258842 0.712166 0.00503922
60 0.592575 0.420673 0.811949 0.785744 0.00498199
75 0.842352 0.427258 0.138347 0.296823 0.00477219
6 0.78322 0.642977 0.263305 0.69398 0.00453949
49 0.172236 0.276338 0.343356 0.542642 0.00439835
42 0.728551 0.787625 0.162892 0.404682 0.00429916
45 0.17907 0.302258 0.357023 0.595318 0.00418091
41 0.844026 0.433215 0.140578 0.284072 0.00408554
60 0.659378 0.328177 0.673882 0.63796 0.00403976
60 0.842352 0.158758 0.314627 0.313336 0.00392914
60 0.182696 0.277174 0.364275 0.544314 0.00379562
53 0.466083 0.352843 0.62758 0.699833 0.0037365
48 0.493975 0.345318 0.563985 0.690635 0.00351143
44 0.851278 0.399247 0.0535535 0.211538 0.00342941
15 0.472219 0.348244 0.617539 0.696488 0.00336266
60 0.748634 0.168896 0.500949 0.333194 0.0029583
71 0.317416 0.401756 0.629254 0.79097 0.0029583
45 0.345309 0.407191 0.683923 0.803512 0.00291252
75 0.785452 0.6389 0.258842 0.712166 0.0026722
39 0.840121 0.412625 0.151735 0.330268 0.00247192
55 0.278925 0.595736 0.539998 0.773411 0.00237846
61 0.317416 0.401756 0.629254 0.79097 0.00231361
41 0.785452 0.6389 0.258842 0.712166 0.00229645
46 0.205567 0.64005 0.115475 0.412207 0.00226974
39 0.785452 0.6389 0.258842 0.712166 0.00218201
41 0.17907 0.302258 0.357023 0.595318 0.00216484
0 0.17907 0.302258 0.357023 0.595318 0.00214005
44 0.871918 0.412207 0.044628 0.244983 0.00198746
60 0.488118 0.357441 0.706237 0.677257 0.00189686
79 0.840121 0.412625 0.151735 0.330268 0.00188923
0 0.647272 0.500836 0.705456 0.998328 0.00188255
60 0.123494 0.290552 0.245314 0.572742 0.00182438
44 0.843468 0.40092 0.0535535 0.233278 0.00181007
49 0.193016 0.619565 0.100413 0.386288 0.0018034
55 0.325226 0.360786 0.226487 0.654682 0.0017271
55 0.284433 0.358696 0.125098 0.473244 0.00172043
43 0.785452 0.6389 0.258842 0.712166 0.00166798
43 0.881402 0.222408 0.234297 0.215301 0.0016489
42 0.835658 0.366012 0.124958 0.288043 0.0015974
60 0.463294 0.554452 0.735803 0.8426 0.0015974
49 0.0912083 0.157609 0.180743 0.305184 0.00150108
44 0.842352 0.427258 0.138347 0.296823 0.00149536
46 0.169726 0.296823 0.338335 0.585284 0.00139904
45 0.205288 0.604515 0.392726 0.752508 0.00135136
42 0.826732 0.448265 0.185206 0.339256 0.00132465
46 0.173456 0.590719 0.138974 0.445652 0.00130463
46 0.207241 0.711538 0.112128 0.284281 0.00130463
55 0.182696 0.277174 0.364275 0.544314 0.00125504
55 0.362323 0.431438 0.252706 0.426421 0.00122547
49 0.12182 0.270485 0.241967 0.532609 0.00122547
42 0.881402 0.222408 0.234297 0.215301 0.00119209
44 0.881402 0.412207 0.0557849 0.240803 0.00118351
44 0.881402 0.222408 0.234297 0.215301 0.00117397
44 0.938302 0.269649 0.120495 0.104515 0.0011692
56 0.176001 0.294941 0.350329 0.577341 0.00116539
56 0.317416 0.401756 0.629254 0.79097 0.00116539
14 0.842352 0.427258 0.138347 0.296823 0.00114727
28 0.466083 0.352843 0.62758 0.699833 0.00112915
43 0.835658 0.366012 0.124958 0.288043 0.00110722
55 0.292592 0.452341 0.115475 0.438963 0.00108624
42 0.874707 0.42015 0.238759 0.496655 0.00108147
60 0.860203 0.336329 0.276693 0.539716 0.00105667
55 0.785452 0.6389 0.258842 0.712166 0.00104046
49 0.100622 0.176839 0.130118 0.295569 0.00101662
