27 0.367871 0.641183 0.116971 0.405134 0.861328
0 0.526716 0.561244 0.92608 0.852958 0.726562
0 0.373062 0.543806 0.739203 0.816406 0.265381
39 0.780731 0.438337 0.121816 0.111049 0.114746
78 0.780731 0.438337 0.121816 0.111049 0.069519
39 0.828488 0.4375 0.231174 0.113839 0.0651245
0 0.826412 0.678013 0.337763 0.59933 0.0605164
78 0.828488 0.4375 0.231174 0.113839 0.0507202
74 0.782115 0.439732 0.124585 0.107701 0.0387573
65 0.87763 0.469866 0.0968992 0.13058 0.0352783
65 0.822259 0.463728 0.21041 0.148438 0.0309143
65 0.820183 0.440848 0.2201 0.118304 0.0292053
65 0.880399 0.432199 0.0913621 0.0530134 0.0245209
65 0.862403 0.470424 0.124585 0.143973 0.0241394
65 0.780731 0.438337 0.121816 0.111049 0.0196381
65 0.878322 0.448661 0.0941306 0.0814732 0.0153046
32 0.880399 0.436942 0.0802879 0.0368304 0.0126724
78 0.822259 0.463728 0.21041 0.148438 0.0120544
65 0.880399 0.436942 0.0802879 0.0368304 0.0120087
0 0.750969 0.677595 0.491417 0.604632 0.0117798
26 0.830565 0.709263 0.329457 0.498884 0.0106125
27 0.35472 0.594308 0.0913621 0.300223 0.00997162
67 0.823643 0.4375 0.224253 0.116629 0.00743103
39 0.822259 0.463728 0.21041 0.148438 0.00737381
67 0.782115 0.438058 0.121816 0.111607 0.00731659
60 0.91639 0.842076 0.143965 0.302455 0.00728989
60 0.822259 0.83817 0.329457 0.301339 0.0064888
74 0.776578 0.450335 0.107973 0.0736608 0.00643921
65 0.888704 0.439453 0.0941306 0.0452009 0.00631332
27 0.829181 0.666853 0.334994 0.579241 0.005867
74 0.766888 0.450335 0.0747508 0.0625 0.00498199
54 0.782115 0.438058 0.121816 0.111607 0.00462723
78 0.862403 0.470424 0.124585 0.143973 0.00450516
67 0.873477 0.416295 0.0692137 0.0267857 0.00432968
78 0.87763 0.469866 0.0968992 0.13058 0.00376511
74 0.870017 0.416853 0.0622923 0.0267857 0.00324821
65 0.875554 0.428013 0.0747509 0.0491071 0.00311089
67 0.875554 0.428013 0.0747509 0.0491071 0.00311089
79 0.876246 0.470424 0.0968993 0.129464 0.00296974
74 0.808416 0.4375 0.177187 0.113839 0.00287819
65 0.834718 0.419643 0.186877 0.0792411 0.0028553
65 0.880399 0.416295 0.0858251 0.0251116 0.00279999
67 0.368909 0.642299 0.116971 0.40625 0.00279045
54 0.808416 0.4375 0.177187 0.113839 0.0026722
56 0.819491 0.674247 0.359911 0.568917 0.0026722
39 0.862403 0.470424 0.124585 0.143973 0.00265312
39 0.87763 0.469866 0.0968992 0.13058 0.00263214
54 0.368909 0.642299 0.116971 0.40625 0.00260162
74 0.788344 0.3976 0.0539867 0.0184152 0.00258064
12 0.782115 0.438058 0.121816 0.111607 0.00256157
75 0.827796 0.751674 0.332226 0.419643 0.00255013
69 0.784884 0.525112 0.160576 0.271205 0.00253105
41 0.876246 0.470424 0.0968993 0.129464 0.00221634
56 0.91639 0.842076 0.143965 0.302455 0.00219917
67 0.879707 0.429688 0.0927464 0.0636161 0.00212479
32 0.782115 0.438058 0.121816 0.111607 0.00200272
75 0.823643 0.827009 0.32392 0.279018 0.00188923
32 0.888704 0.439453 0.0941306 0.0452009 0.00184631
46 0.823643 0.4375 0.224253 0.116629 0.00181007
57 0.819491 0.674247 0.359911 0.568917 0.00179577
67 0.822259 0.463728 0.21041 0.148438 0.00176811
70 0.782807 0.440848 0.121816 0.106027 0.00176811
41 0.780731 0.438337 0.121816 0.111049 0.00175476
41 0.862403 0.470424 0.124585 0.143973 0.00174141
78 0.879707 0.429688 0.0927464 0.0636161 0.0017271
28 0.830565 0.709263 0.329457 0.498884 0.00168705
67 0.87763 0.469866 0.0968992 0.13058 0.00167465
74 0.875554 0.428013 0.0747509 0.0491071 0.00162315
24 0.830565 0.667271 0.332226 0.591797 0.00161076
45 0.782115 0.438058 0.121816 0.111607 0.00157356
40 0.823643 0.4375 0.224253 0.116629 0.00153637
67 0.788344 0.3976 0.0539867 0.0184152 0.0014267
74 0.790421 0.393415 0.0636766 0.0290179 0.00141621
41 0.808416 0.4375 0.177187 0.113839 0.00141048
17 0.830565 0.709263 0.329457 0.498884 0.00136662
40 0.822259 0.463728 0.21041 0.148438 0.00136185
40 0.862403 0.470424 0.124585 0.143973 0.00136185
12 0.808416 0.4375 0.177187 0.113839 0.00135612
64 0.876938 0.470145 0.095515 0.128906 0.00135136
41 0.822259 0.463728 0.21041 0.148438 0.00132465
74 0.804264 0.450335 0.0802879 0.0970983 0.00127411
39 0.879707 0.429688 0.0927464 0.0636161 0.00126934
32 0.808416 0.4375 0.177187 0.113839 0.00121117
36 0.830565 0.709263 0.329457 0.498884 0.00115108
79 0.820183 0.440848 0.2201 0.118304 0.00113773
56 0.822259 0.83817 0.329457 0.301339 0.00113392
47 0.879014 0.435826 0.0761351 0.0390625 0.00110722
64 0.888704 0.439453 0.0941306 0.0452009 0.0011034
41 0.827796 0.751674 0.332226 0.419643 0.00109863
65 0.794574 0.394252 0.0692137 0.0290179 0.00106907
64 0.878322 0.448661 0.0941306 0.0814732 0.00106907
64 0.879014 0.437221 0.0775194 0.0373884 0.00105286
67 0.862403 0.470424 0.124585 0.143973 0.00104809
45 0.808416 0.4375 0.177187 0.113839 0.00104427
32 0.883167 0.429688 0.0899779 0.0513393 0.00102425
35 0.782115 0.438058 0.121816 0.111607 0.00102043
27 0.368217 0.641183 0.117663 0.40625 0.878906
0 0.52464 0.541853 0.930233 0.821429 0.662109
0 0.375138 0.545201 0.750277 0.821429 0.246582
39 0.780731 0.438337 0.121816 0.111049 0.0812378
0 0.827796 0.678571 0.334994 0.603795 0.0751953
74 0.782807 0.440848 0.121816 0.107143 0.0526123
78 0.780731 0.438337 0.121816 0.111049 0.0514526
39 0.829181 0.4375 0.232558 0.114397 0.0501404
78 0.829181 0.4375 0.232558 0.114397 0.0381775
65 0.87763 0.469866 0.0968992 0.13058 0.0375977
65 0.822259 0.464007 0.209025 0.146205 0.0303345
65 0.819491 0.441685 0.218715 0.118304 0.028656
65 0.880399 0.43192 0.0899778 0.0535715 0.0268555
65 0.780731 0.438337 0.121816 0.111049 0.0180511
65 0.878322 0.447545 0.0941306 0.0825893 0.0165863
0 0.745432 0.6762 0.503876 0.611886 0.0142822
65 0.879707 0.436942 0.0789037 0.0368304 0.013588
32 0.879707 0.436942 0.0789037 0.0368304 0.0128708
78 0.822259 0.464007 0.209025 0.146205 0.01017
60 0.91639 0.842076 0.141196 0.302455 0.00981903
27 0.354374 0.59375 0.0913621 0.299107 0.00837708
39 0.822259 0.464007 0.209025 0.146205 0.00703812
26 0.82918 0.699219 0.332226 0.53683 0.00698471
60 0.822259 0.838728 0.329457 0.301339 0.00682449
67 0.824336 0.4375 0.224253 0.117188 0.00634003
74 0.775194 0.450335 0.101052 0.0725447 0.006073
67 0.873477 0.416295 0.0692137 0.0262277 0.00598145
67 0.782115 0.438058 0.121816 0.112723 0.00593567
65 0.888012 0.438895 0.0941306 0.0452009 0.00577545
54 0.782115 0.438058 0.121816 0.112723 0.00484848
74 0.765504 0.450893 0.0678295 0.0602679 0.00466537
78 0.872093 0.469029 0.102436 0.138951 0.00429916
67 0.876246 0.428013 0.0747509 0.0485491 0.00421524
27 0.828488 0.668666 0.336379 0.597935 0.00413513
74 0.869325 0.416574 0.0609081 0.0262277 0.00408554
65 0.836102 0.419643 0.182724 0.0797991 0.00335121
74 0.801495 0.4375 0.163344 0.114955 0.00331116
65 0.880399 0.416295 0.0830565 0.0251116 0.00314713
39 0.87763 0.469866 0.0968992 0.13058 0.00282288
74 0.789037 0.3976 0.0526024 0.0184152 0.00276756
79 0.876938 0.470145 0.0968992 0.130022 0.00270462
56 0.820183 0.673549 0.358527 0.58817 0.00265312
54 0.368909 0.641741 0.116279 0.407366 0.00253105
70 0.782807 0.440848 0.121816 0.107143 0.00250244
67 0.368909 0.641741 0.116279 0.407366 0.00244331
78 0.87763 0.457589 0.0913621 0.106027 0.00243378
41 0.876938 0.470145 0.0968992 0.130022 0.00243378
67 0.879707 0.429688 0.0913621 0.061942 0.0024147
69 0.785576 0.526228 0.159192 0.266741 0.00225258
12 0.782115 0.438058 0.121816 0.112723 0.00203514
74 0.876246 0.428013 0.0747509 0.0485491 0.00193405
57 0.820183 0.673549 0.358527 0.58817 0.00190449
78 0.879707 0.429688 0.0913621 0.061942 0.00184631
56 0.91639 0.842076 0.141196 0.302455 0.00183868
54 0.827104 0.436942 0.221484 0.114397 0.00182438
67 0.87763 0.469866 0.0968992 0.13058 0.00176811
67 0.789037 0.3976 0.0526024 0.0184152 0.00171375
32 0.782115 0.438058 0.121816 0.112723 0.0017004
45 0.782115 0.438058 0.121816 0.112723 0.00169373
67 0.822259 0.464007 0.209025 0.146205 0.00166798
41 0.780731 0.438337 0.121816 0.111049 0.00162315
74 0.791113 0.393415 0.0622924 0.0290179 0.00161076
74 0.829181 0.4375 0.232558 0.114397 0.00157356
32 0.888012 0.438895 0.0941306 0.0452009 0.00155449
39 0.879707 0.429688 0.0913621 0.061942 0.00149536
64 0.876938 0.469866 0.095515 0.130022 0.00148964
46 0.824336 0.4375 0.224253 0.117188 0.0014782
65 0.794574 0.393973 0.0678295 0.0290179 0.00144386
41 0.822259 0.464007 0.209025 0.146205 0.00141048
75 0.827796 0.751674 0.332226 0.427455 0.00139904
74 0.804264 0.450056 0.0789037 0.0976563 0.00139427
64 0.879014 0.436942 0.0775194 0.0368304 0.00137234
40 0.824336 0.4375 0.224253 0.117188 0.00136662
40 0.872093 0.469029 0.102436 0.138951 0.00135136
40 0.822259 0.464007 0.209025 0.146205 0.00133514
67 0.863787 0.415737 0.0470653 0.0256696 0.00124931
64 0.888012 0.438895 0.0941306 0.0452009 0.0012207
47 0.879014 0.435268 0.0761351 0.0412947 0.0012064
75 0.823643 0.827009 0.321152 0.276786 0.00116539
65 0.863787 0.415737 0.0470653 0.0256696 0.00112915
28 0.82918 0.699219 0.332226 0.53683 0.0011034
64 0.878322 0.447545 0.0941306 0.0825893 0.00109863
67 0.883167 0.414621 0.0885936 0.0279017 0.00104046
24 0.830565 0.670201 0.332226 0.609375 0.00102425
27 0.368217 0.640625 0.117663 0.405134 0.877441
0 0.521179 0.561384 0.942691 0.863839 0.621582
0 0.380676 0.545759 0.761351 0.823661 0.247681
0 0.827796 0.678571 0.334994 0.604911 0.0769653
39 0.780731 0.438337 0.121816 0.111607 0.0708008
74 0.782807 0.440848 0.121816 0.106585 0.0570679
78 0.780731 0.438337 0.121816 0.111607 0.0470886
39 0.828488 0.4375 0.22979 0.114955 0.0458679
78 0.828488 0.4375 0.22979 0.114955 0.035675
65 0.876938 0.469866 0.0968992 0.13058 0.0347595
65 0.822259 0.463728 0.207641 0.145089 0.0289764
65 0.819491 0.441406 0.218715 0.118304 0.0283356
65 0.880399 0.43192 0.0913621 0.0524554 0.0259552
65 0.780731 0.438337 0.121816 0.111607 0.0173798
65 0.87763 0.447545 0.0941307 0.0814732 0.0150757
65 0.879014 0.436663 0.0775194 0.0368303 0.0133743
0 0.718439 0.676479 0.557863 0.615792 0.0121918
32 0.879014 0.436663 0.0775194 0.0368303 0.0119171
78 0.822259 0.463728 0.207641 0.145089 0.00912476
60 0.91639 0.842076 0.143965 0.302455 0.00746155
67 0.873477 0.416295 0.0692137 0.0262277 0.00682449
39 0.822259 0.463728 0.207641 0.145089 0.00669098
27 0.355066 0.591518 0.0927464 0.294643 0.00616837
74 0.775194 0.450335 0.0996678 0.0719866 0.00605011
67 0.823643 0.437221 0.224253 0.117188 0.00595856
67 0.782115 0.439174 0.121816 0.111049 0.00566483
60 0.822259 0.839286 0.329457 0.301339 0.00557709
65 0.876246 0.427455 0.0747509 0.046875 0.00530243
65 0.88732 0.438616 0.0941307 0.0446428 0.00516129
74 0.869325 0.416574 0.0609081 0.0262277 0.00494385
67 0.876246 0.427455 0.0747509 0.046875 0.00468063
54 0.782115 0.438058 0.121816 0.112723 0.00466537
74 0.765504 0.450893 0.0650609 0.0591518 0.00457382
26 0.82918 0.701451 0.332226 0.545759 0.00445175
78 0.873477 0.468192 0.0996678 0.137277 0.00400543
65 0.836794 0.419085 0.18134 0.0792411 0.00363541
74 0.807032 0.436942 0.177187 0.114955 0.00359344
65 0.880399 0.416295 0.0830565 0.0251116 0.00336266
54 0.807032 0.436942 0.177187 0.114955 0.00294685
74 0.789037 0.397879 0.0526024 0.0178571 0.00279045
39 0.873477 0.468192 0.0996678 0.137277 0.00273705
27 0.827796 0.670759 0.337763 0.607143 0.00265312
70 0.782807 0.440848 0.121816 0.106585 0.00256157
79 0.876246 0.469866 0.0968993 0.129464 0.00248146
0 0.55198 0.492188 0.836794 0.669643 0.00239754
41 0.876246 0.469866 0.0968993 0.129464 0.00232315
67 0.879014 0.42913 0.0913622 0.061384 0.00231361
54 0.368909 0.641602 0.116971 0.406529 0.00229645
74 0.876246 0.427455 0.0747509 0.046875 0.00227928
69 0.784884 0.526786 0.157807 0.263393 0.00225258
78 0.87763 0.456473 0.0913621 0.102679 0.00214958
56 0.825028 0.740932 0.348837 0.4601 0.00213242
39 0.87763 0.456473 0.0913621 0.102679 0.00211525
67 0.368909 0.641602 0.116971 0.406529 0.00211525
67 0.789037 0.397879 0.0526024 0.0178571 0.00182438
12 0.782115 0.438058 0.121816 0.112723 0.00182438
45 0.782115 0.438058 0.121816 0.112723 0.00179577
57 0.819491 0.6762 0.359911 0.594029 0.00175476
74 0.791805 0.393415 0.0636766 0.0290179 0.00172043
78 0.879014 0.42913 0.0913622 0.061384 0.00172043
64 0.878322 0.436663 0.0761351 0.0362723 0.00164223
65 0.795266 0.393973 0.0692137 0.0295759 0.00163555
32 0.782115 0.438058 0.121816 0.112723 0.00162315
67 0.876938 0.469866 0.0968992 0.13058 0.00161648
67 0.822259 0.463728 0.207641 0.145089 0.0015974
39 0.879014 0.42913 0.0913622 0.061384 0.00150108
64 0.876246 0.469866 0.0941307 0.129464 0.00148964
41 0.780731 0.438337 0.121816 0.111607 0.00144386
64 0.88732 0.438616 0.0941307 0.0446428 0.00139427
46 0.823643 0.437221 0.224253 0.117188 0.00138283
32 0.88732 0.438616 0.0941307 0.0446428 0.00137806
74 0.804264 0.450056 0.0789037 0.0970982 0.00136662
67 0.862403 0.415458 0.0442968 0.0262277 0.00133514
56 0.91639 0.842076 0.143965 0.302455 0.00131989
65 0.862403 0.415458 0.0442968 0.0262277 0.00129414
41 0.822259 0.463728 0.207641 0.145089 0.00128937
41 0.807032 0.436942 0.177187 0.114955 0.00121593
40 0.822259 0.463728 0.207641 0.145089 0.00121593
40 0.823643 0.437221 0.224253 0.117188 0.00119686
40 0.873477 0.468192 0.0996678 0.137277 0.00119686
45 0.807032 0.436942 0.177187 0.114955 0.00118351
47 0.878322 0.434989 0.0761351 0.0412946 0.0011158
67 0.883167 0.414621 0.0885936 0.0279017 0.00109005
64 0.87763 0.447545 0.0941307 0.0814732 0.00104427
32 0.807032 0.436942 0.177187 0.114955 0.00102043
27 0.368217 0.640067 0.117663 0.405134 0.875
0 0.496262 0.556362 0.992525 0.878348 0.618652
0 0.392096 0.546875 0.784192 0.829241 0.258057
39 0.780731 0.438337 0.1232 0.111049 0.0731812
74 0.782115 0.440848 0.121816 0.106027 0.0609741
0 0.82572 0.677455 0.339147 0.606027 0.0520325
39 0.812569 0.436942 0.188261 0.114955 0.0512695
78 0.780731 0.438337 0.1232 0.111049 0.0456848
65 0.876246 0.469866 0.0968993 0.13058 0.0417786
78 0.827796 0.437221 0.22979 0.114397 0.0330811
65 0.822259 0.464286 0.207641 0.145089 0.0325928
65 0.818106 0.44308 0.218715 0.121652 0.0301056
65 0.880399 0.431362 0.0913621 0.0524554 0.0227203
65 0.780731 0.438337 0.1232 0.111049 0.0185394
65 0.87763 0.447824 0.0941307 0.0837053 0.0139542
65 0.879014 0.436384 0.0775194 0.0368304 0.0114212
32 0.879014 0.436384 0.0775194 0.0368304 0.00993347
78 0.822259 0.464286 0.207641 0.145089 0.00881195
39 0.822259 0.464286 0.207641 0.145089 0.00754929
67 0.873477 0.416295 0.0692137 0.0256696 0.00725937
74 0.775194 0.450335 0.101052 0.0719866 0.00638962
67 0.782115 0.437779 0.124585 0.113281 0.00621796
67 0.822259 0.437221 0.224253 0.117188 0.00609589
27 0.355413 0.589286 0.0934385 0.291295 0.00600433
60 0.91639 0.841518 0.143965 0.303571 0.00600433
74 0.869325 0.416295 0.0609081 0.0256696 0.00544739
65 0.875554 0.426897 0.0733666 0.0457589 0.00530243
54 0.782115 0.437779 0.124585 0.113281 0.00508118
60 0.822259 0.839286 0.329457 0.301339 0.00508118
67 0.875554 0.426897 0.0733666 0.0457589 0.00502014
74 0.765504 0.450893 0.0636766 0.0580357 0.00468063
78 0.874862 0.46875 0.0968992 0.137277 0.0042305
65 0.837486 0.419085 0.177187 0.078125 0.00415039
65 0.88732 0.437779 0.0941307 0.0435268 0.00388527
74 0.812569 0.436942 0.188261 0.114955 0.00356483
39 0.874862 0.46875 0.0968992 0.137277 0.00323486
79 0.876246 0.469866 0.0968993 0.13058 0.00323486
54 0.812569 0.436942 0.188261 0.114955 0.00322342
65 0.880399 0.416295 0.0830565 0.0245535 0.00316048
74 0.788344 0.3976 0.0526024 0.0178572 0.00299263
26 0.827796 0.710938 0.334994 0.537946 0.00261116
41 0.876246 0.469866 0.0968993 0.13058 0.00237846
54 0.368909 0.641183 0.117663 0.40625 0.00237846
74 0.875554 0.426897 0.0733666 0.0457589 0.00234222
0 0.675699 0.671875 0.644726 0.626116 0.00226974
67 0.87763 0.428013 0.0941307 0.0625 0.00219154
70 0.782115 0.440848 0.121816 0.106027 0.00217438
67 0.876246 0.469866 0.0968993 0.13058 0.00203514
67 0.788344 0.3976 0.0526024 0.0178572 0.00202751
67 0.368909 0.641183 0.117663 0.40625 0.00202751
65 0.795958 0.393973 0.0692137 0.0290179 0.0019722
74 0.791805 0.393415 0.0636766 0.0290179 0.00193405
67 0.822259 0.464286 0.207641 0.145089 0.00190449
69 0.784884 0.527065 0.157807 0.258371 0.00186729
45 0.782115 0.437779 0.124585 0.113281 0.00183868
64 0.876246 0.469308 0.095515 0.129464 0.00170708
56 0.822259 0.74721 0.354374 0.458705 0.00168133
64 0.87763 0.436384 0.0747509 0.0362723 0.0016489
32 0.782115 0.437779 0.124585 0.113281 0.0015974
74 0.804264 0.450335 0.0789037 0.0970983 0.00155449
0 0.564438 0.478795 0.813261 0.633929 0.00154877
12 0.782115 0.437779 0.124585 0.113281 0.00154305
40 0.874862 0.46875 0.0968992 0.137277 0.00148392
64 0.88732 0.437779 0.0941307 0.0435268 0.00142097
78 0.87763 0.428013 0.0941307 0.0625 0.00142097
40 0.822259 0.464286 0.207641 0.145089 0.00139904
39 0.87763 0.428013 0.0941307 0.0625 0.00136662
41 0.822259 0.464286 0.207641 0.145089 0.00136662
57 0.822259 0.74721 0.354374 0.458705 0.00136662
67 0.862403 0.415179 0.0442968 0.0256697 0.00133514
46 0.822259 0.437221 0.224253 0.117188 0.00130463
41 0.780731 0.438337 0.1232 0.111049 0.00130463
65 0.862403 0.415179 0.0442968 0.0256697 0.00127888
41 0.812569 0.436942 0.188261 0.114955 0.00126457
27 0.826412 0.672433 0.340532 0.614955 0.00123501
45 0.812569 0.436942 0.188261 0.114955 0.00117874
40 0.822259 0.437221 0.224253 0.117188 0.00117874
60 0.49557 0.575335 0.991141 0.84933 0.00116062
67 0.883167 0.414621 0.0885936 0.0279017 0.00115108
56 0.91639 0.841518 0.143965 0.303571 0.00110722
32 0.88732 0.437779 0.0941307 0.0435268 0.00105286
77 0.368217 0.639509 0.115587 0.396205 0.00104046
39 0.837486 0.419085 0.177187 0.078125 0.00103664
74 0.769657 0.448661 0.0872093 0.0580357 0.00100803
27 0.368909 0.640067 0.117663 0.405134 0.890137
0 0.496262 0.555664 0.992525 0.879743 0.652344
39 0.780731 0.438616 0.1232 0.110491 0.0750122
0 0.398325 0.517299 0.79665 0.776786 0.0691528
74 0.782807 0.441406 0.1232 0.104911 0.0670776
39 0.813261 0.436942 0.189646 0.114955 0.0544128
65 0.876246 0.469866 0.095515 0.13058 0.0430298
78 0.780731 0.438616 0.1232 0.110491 0.0417786
0 0.82572 0.677316 0.340532 0.60519 0.0387573
65 0.821567 0.464565 0.206257 0.145647 0.0347595
78 0.827796 0.437221 0.231174 0.114397 0.0299835
65 0.827796 0.437221 0.231174 0.114397 0.0215302
65 0.780731 0.438616 0.1232 0.110491 0.0209656
65 0.880399 0.430804 0.0913621 0.0518973 0.018692
65 0.873477 0.426339 0.102436 0.0647321 0.0162811
65 0.87763 0.449219 0.0941307 0.0859375 0.0131683
65 0.879014 0.435826 0.0775194 0.0368304 0.01017
32 0.879014 0.435826 0.0775194 0.0368304 0.00790405
67 0.873477 0.416295 0.0678295 0.0256696 0.00787354
39 0.821567 0.464565 0.206257 0.145647 0.00766754
78 0.821567 0.464565 0.206257 0.145647 0.00754929
27 0.354374 0.58817 0.0927464 0.289062 0.00717545
67 0.782115 0.4375 0.124585 0.112723 0.00701141
74 0.869325 0.416295 0.0595238 0.0256696 0.00634003
74 0.775194 0.450614 0.0996678 0.0703125 0.00629044
65 0.874862 0.425223 0.0719823 0.0424107 0.00598145
67 0.813261 0.436942 0.189646 0.114955 0.005867
67 0.874862 0.425223 0.0719823 0.0424107 0.00544739
60 0.915006 0.842634 0.143965 0.301339 0.00503922
54 0.782115 0.439732 0.1232 0.109375 0.00502014
65 0.838178 0.417969 0.175803 0.0758929 0.00477219
74 0.765504 0.450893 0.0609081 0.0569197 0.00441742
60 0.820875 0.840402 0.332226 0.299107 0.0042305
78 0.874169 0.469866 0.0968992 0.140067 0.00372124
65 0.879014 0.416295 0.080288 0.0245535 0.00348282
74 0.813261 0.436942 0.189646 0.114955 0.00346947
79 0.875554 0.470145 0.095515 0.131138 0.00325966
39 0.874169 0.469866 0.0968992 0.140067 0.00318527
54 0.813261 0.436942 0.189646 0.114955 0.00268364
74 0.788344 0.3976 0.0526024 0.0178572 0.00264168
74 0.874862 0.425223 0.0719823 0.0424107 0.00230598
0 0.675353 0.668527 0.642649 0.633929 0.00219917
54 0.369255 0.640625 0.117663 0.407366 0.00218201
65 0.795958 0.393973 0.0692137 0.0290179 0.00213242
41 0.875554 0.470145 0.095515 0.131138 0.00204277
67 0.788344 0.3976 0.0526024 0.0178572 0.00188255
74 0.791805 0.393136 0.0636766 0.0290178 0.00186062
40 0.874169 0.469866 0.0968992 0.140067 0.00186062
67 0.876246 0.469866 0.095515 0.13058 0.00185299
67 0.821567 0.464565 0.206257 0.145647 0.0018177
74 0.803571 0.450056 0.0802879 0.0965402 0.0018034
40 0.821567 0.464565 0.206257 0.145647 0.00176144
60 0.496262 0.574777 0.992525 0.850446 0.00174809
64 0.876938 0.436384 0.0733666 0.0357143 0.00174141
45 0.782115 0.4375 0.124585 0.112723 0.00174141
74 0.768965 0.443638 0.0609081 0.0546875 0.00172043
67 0.369255 0.640625 0.117663 0.407366 0.00168133
67 0.873477 0.426339 0.102436 0.0647321 0.00164223
26 0.827796 0.712054 0.334994 0.544643 0.00164223
65 0.882475 0.44308 0.0872093 0.0591518 0.00158501
67 0.861711 0.415179 0.0429125 0.0256697 0.00155449
65 0.861711 0.415179 0.0429125 0.0256697 0.00154877
32 0.782115 0.4375 0.124585 0.112723 0.00151253
67 0.880399 0.430804 0.0913621 0.0518973 0.00147247
70 0.782807 0.441406 0.1232 0.104911 0.00147247
64 0.88732 0.4375 0.0941307 0.0429688 0.00144386
65 0.88732 0.438616 0.105205 0.046875 0.00139904
41 0.821567 0.464565 0.206257 0.145647 0.00137234
64 0.876246 0.469866 0.0941307 0.13058 0.00137234
56 0.820183 0.749442 0.357143 0.46317 0.00135612
40 0.822259 0.436942 0.222868 0.117187 0.00134563
57 0.820183 0.749442 0.357143 0.46317 0.00134087
0 0.579319 0.467076 0.786268 0.613839 0.00133038
69 0.784192 0.527344 0.156423 0.25558 0.00128937
12 0.782115 0.4375 0.124585 0.112723 0.00127411
77 0.368563 0.639509 0.115587 0.395089 0.00123501
41 0.813261 0.436942 0.189646 0.114955 0.00121593
74 0.861711 0.415179 0.0429125 0.0256697 0.00119209
41 0.780731 0.438616 0.1232 0.110491 0.00118828
39 0.838178 0.417969 0.175803 0.0758929 0.00117397
67 0.883167 0.414621 0.0885936 0.0273438 0.00116539
39 0.873477 0.426339 0.102436 0.0647321 0.00116062
40 0.782115 0.439732 0.1232 0.109375 0.00114727
45 0.813261 0.436942 0.189646 0.114955 0.00106049
79 0.818106 0.444196 0.218715 0.123884 0.00103664
78 0.873477 0.426339 0.102436 0.0647321 0.00101662
27 0.369255 0.640067 0.117663 0.404018 0.902832
0 0.496955 0.543527 0.993909 0.837054 0.668945
74 0.782807 0.444196 0.1232 0.0982143 0.0939941
39 0.780731 0.439174 0.121816 0.108817 0.0661011
39 0.815338 0.436942 0.19103 0.114955 0.0520325
65 0.876246 0.469866 0.095515 0.13058 0.0423889
78 0.780731 0.439174 0.121816 0.108817 0.0343628
65 0.818106 0.44615 0.218715 0.125558 0.0339661
78 0.828488 0.437221 0.231174 0.113839 0.025177
0 0.825028 0.680664 0.340532 0.600725 0.02211
65 0.780731 0.439174 0.121816 0.108817 0.0214539
65 0.880399 0.430246 0.0913621 0.0513393 0.0184021
65 0.87763 0.450335 0.0941307 0.0881697 0.0125275
27 0.354374 0.588728 0.0913621 0.290179 0.00978088
67 0.873477 0.416295 0.0678295 0.0256696 0.00834656
65 0.879014 0.435826 0.0775194 0.0368304 0.008255
67 0.782115 0.4375 0.124585 0.112723 0.00757599
39 0.820875 0.465402 0.204873 0.143973 0.00725937
32 0.879014 0.435826 0.0775194 0.0368304 0.00651169
74 0.775194 0.450335 0.0996678 0.0691964 0.00651169
74 0.869325 0.416295 0.0595238 0.0256696 0.00621796
78 0.820875 0.465402 0.204873 0.143973 0.00605011
54 0.782115 0.441685 0.1232 0.104911 0.00595856
67 0.815338 0.436942 0.19103 0.114955 0.00591278
67 0.875554 0.423828 0.0719823 0.0396205 0.005867
60 0.819491 0.840402 0.337763 0.299107 0.00568771
65 0.875554 0.423828 0.0719823 0.0396205 0.00542831
65 0.83887 0.417132 0.173034 0.0747768 0.00527954
60 0.91639 0.842634 0.143965 0.301339 0.0046463
74 0.765504 0.450893 0.0581395 0.0552455 0.00436401
74 0.815338 0.436942 0.19103 0.114955 0.00362206
65 0.879707 0.416295 0.0816722 0.0245535 0.00329781
79 0.875554 0.469866 0.095515 0.13058 0.00317192
78 0.874862 0.469866 0.0968992 0.138393 0.00291252
39 0.874862 0.469866 0.0968992 0.138393 0.00283432
65 0.88732 0.4375 0.0941307 0.0435268 0.00271416
54 0.815338 0.436942 0.19103 0.114955 0.00265312
74 0.788344 0.3976 0.0526024 0.0178572 0.00239754
67 0.879014 0.429688 0.0816723 0.0524554 0.00231361
40 0.820875 0.465402 0.204873 0.143973 0.00213242
54 0.369601 0.640625 0.117663 0.40625 0.00213242
40 0.874862 0.469866 0.0968992 0.138393 0.0020752
60 0.496262 0.574777 0.992525 0.850446 0.0020752
65 0.797342 0.393973 0.0719823 0.0290179 0.00203514
74 0.803571 0.450335 0.0802879 0.0959822 0.00202751
74 0.875554 0.423828 0.0719823 0.0396205 0.0019722
0 0.809801 0.597098 0.351606 0.43192 0.00196457
74 0.769657 0.443638 0.0581395 0.0524554 0.00181007
67 0.820875 0.465402 0.204873 0.143973 0.00179577
67 0.876246 0.469866 0.095515 0.13058 0.00178242
67 0.788344 0.3976 0.0526024 0.0178572 0.00170708
74 0.791805 0.393136 0.0636766 0.0290178 0.00168133
64 0.876938 0.436105 0.0733666 0.0351562 0.00167465
41 0.874862 0.469866 0.0968992 0.138393 0.0016613
40 0.822259 0.437221 0.222868 0.116629 0.00162315
67 0.873477 0.426339 0.102436 0.0625 0.00160408
67 0.861019 0.415179 0.0415282 0.0256697 0.0015974
67 0.369601 0.640625 0.117663 0.40625 0.00152493
64 0.88732 0.4375 0.0941307 0.0435268 0.00151253
65 0.861019 0.415179 0.0415282 0.0256697 0.00149536
77 0.369255 0.639648 0.114895 0.392578 0.00148964
40 0.782115 0.441685 0.1232 0.104911 0.00144958
45 0.782115 0.4375 0.124585 0.112723 0.00144386
74 0.766888 0.447266 0.0761351 0.0513393 0.00139427
32 0.782115 0.4375 0.124585 0.112723 0.00139427
39 0.83887 0.417132 0.173034 0.0747768 0.00137806
41 0.820875 0.465402 0.204873 0.143973 0.00127888
57 0.82572 0.676479 0.339147 0.618025 0.00126934
39 0.873477 0.426339 0.102436 0.0625 0.0012598
0 0.587625 0.456752 0.773809 0.606585 0.00125504
74 0.801495 0.393415 0.0747508 0.0323661 0.00121117
67 0.883167 0.414621 0.0885936 0.0273438 0.00118351
64 0.876246 0.469866 0.095515 0.13058 0.00118351
70 0.782807 0.444196 0.1232 0.0982143 0.00116539
74 0.861019 0.415179 0.0415282 0.0256697 0.00115108
65 0.882475 0.44308 0.0872093 0.0591518 0.00115108
79 0.818106 0.44615 0.218715 0.125558 0.00108624
12 0.782115 0.4375 0.124585 0.112723 0.00103188
41 0.815338 0.436942 0.19103 0.114955 0.00102425
79 0.83887 0.417132 0.173034 0.0747768 0.00101185
27 0.369601 0.640067 0.116971 0.402902 0.89502
0 0.496955 0.54269 0.993909 0.836496 0.650391
74 0.782115 0.446429 0.121816 0.0948661 0.121704
39 0.780731 0.440011 0.121816 0.106585 0.0505066
65 0.876246 0.469308 0.0968993 0.13058 0.0417786
39 0.813261 0.436942 0.188261 0.114397 0.0390625
65 0.818798 0.448661 0.217331 0.126116 0.0306702
78 0.780731 0.440011 0.121816 0.106585 0.0265503
65 0.87763 0.427176 0.0968992 0.0585937 0.0195618
78 0.830565 0.436942 0.232558 0.113839 0.0191956
65 0.780731 0.440011 0.121816 0.106585 0.0189819
0 0.825028 0.685268 0.340532 0.58817 0.0166626
27 0.354374 0.587612 0.0913621 0.289062 0.014061
65 0.87763 0.449498 0.0941307 0.0870536 0.0127258
60 0.818106 0.840402 0.340532 0.299107 0.00981903
67 0.873477 0.416016 0.0692137 0.0256697 0.00757599
65 0.879014 0.435826 0.0775194 0.0362723 0.00706482
67 0.782115 0.437779 0.121816 0.112165 0.0069046
39 0.822259 0.466518 0.204873 0.140625 0.00636292
74 0.775194 0.450614 0.0996678 0.0691965 0.00626373
54 0.782115 0.446429 0.121816 0.0948661 0.00600433
32 0.879014 0.435826 0.0775194 0.0362723 0.00591278
0 0.386213 0.488281 0.772425 0.732143 0.00564194
74 0.870017 0.416295 0.0609081 0.0256696 0.0055542
67 0.876246 0.424665 0.0733666 0.0412946 0.0055542
65 0.840255 0.417132 0.17165 0.0742188 0.00547028
65 0.876246 0.424665 0.0733666 0.0412946 0.00534439
60 0.91639 0.842076 0.143965 0.301339 0.00521851
67 0.813261 0.436942 0.188261 0.114397 0.00496292
78 0.822259 0.466518 0.204873 0.140625 0.00457382
74 0.765504 0.451172 0.0567552 0.0546875 0.00400543
74 0.813261 0.436942 0.188261 0.114397 0.00363541
65 0.880399 0.416295 0.0830565 0.0245535 0.00321007
60 0.496262 0.555804 0.992525 0.878348 0.00269318
65 0.888704 0.438058 0.0968992 0.0435268 0.00258064
79 0.876246 0.469308 0.0968993 0.129464 0.00255013
39 0.874862 0.469308 0.0955149 0.135045 0.00251198
78 0.874862 0.469308 0.0955149 0.135045 0.00232315
67 0.879707 0.429688 0.0830565 0.0524554 0.00223351
0 0.591085 0.455357 0.768272 0.600446 0.00217438
74 0.804264 0.450335 0.0775194 0.0954241 0.00210762
74 0.787652 0.397879 0.0526024 0.0178571 0.0020752
40 0.822259 0.466518 0.204873 0.140625 0.00203514
54 0.813261 0.436942 0.188261 0.114397 0.00199509
54 0.369601 0.640625 0.117663 0.405134 0.00196457
65 0.797342 0.393973 0.0733666 0.0290179 0.00193405
40 0.874862 0.469308 0.0955149 0.135045 0.00188923
0 0.801495 0.578265 0.368217 0.392578 0.0017271
74 0.876246 0.424665 0.0733666 0.0412946 0.00170708
64 0.888704 0.438058 0.0968992 0.0435268 0.00170708
67 0.876246 0.469308 0.0968993 0.13058 0.00169373
67 0.369601 0.640625 0.117663 0.405134 0.00168705
67 0.822259 0.466518 0.204873 0.140625 0.0016489
40 0.822259 0.4375 0.221484 0.116071 0.00164223
64 0.87763 0.436384 0.0747509 0.0345982 0.0015974
40 0.782115 0.444196 0.121816 0.0993304 0.00150108
77 0.369601 0.638951 0.114203 0.391741 0.00148392
67 0.787652 0.397879 0.0526024 0.0178571 0.0014782
74 0.791805 0.393136 0.0636766 0.0290178 0.00138855
39 0.840255 0.417132 0.17165 0.0742188 0.00138855
39 0.87763 0.427176 0.0968992 0.0585937 0.00138283
74 0.766888 0.447545 0.0761351 0.0513393 0.00134563
32 0.782115 0.437779 0.121816 0.112165 0.00133514
41 0.876246 0.469308 0.0968993 0.13058 0.00132465
57 0.82572 0.677595 0.339147 0.61356 0.00131512
45 0.782115 0.437779 0.121816 0.112165 0.00127411
65 0.861711 0.415179 0.0429125 0.0256697 0.00125504
67 0.861711 0.415179 0.0429125 0.0256697 0.00121593
64 0.876246 0.469308 0.0968993 0.13058 0.00121593
44 0.793189 0.864955 0.238095 0.171875 0.00111198
41 0.822259 0.466518 0.204873 0.140625 0.00106907
74 0.801495 0.393415 0.0775194 0.0323661 0.00105667
65 0.883859 0.444196 0.0899779 0.0602679 0.00103188
79 0.840255 0.417132 0.17165 0.0742188 0.00102806
27 0.369601 0.638951 0.117663 0.401786 0.865234
0 0.407669 0.549665 0.815338 0.833705 0.655762
0 0.496609 0.575893 0.993217 0.848214 0.217041
74 0.782115 0.446708 0.121816 0.093192 0.142212
0 0.554748 0.513951 0.875554 0.764509 0.0797729
65 0.876246 0.469029 0.0968993 0.130022 0.0384521
39 0.781423 0.44029 0.121816 0.104911 0.0354004
39 0.802879 0.436942 0.166113 0.113839 0.0266571
65 0.825028 0.466797 0.199336 0.138951 0.0257568
65 0.819491 0.447545 0.215947 0.117746 0.0249939
65 0.880399 0.429967 0.0913621 0.0507812 0.0243378
78 0.781423 0.44029 0.121816 0.104911 0.02034
27 0.354374 0.58817 0.09067 0.290179 0.0184021
65 0.781423 0.44029 0.121816 0.104911 0.0160217
78 0.802879 0.436942 0.166113 0.113839 0.0152512
65 0.878322 0.447545 0.0941306 0.0837054 0.0133743
65 0.829181 0.429129 0.196567 0.0859375 0.0123367
0 0.822259 0.680804 0.348837 0.585938 0.0088501
65 0.802879 0.436942 0.166113 0.113839 0.0086441
67 0.873477 0.415737 0.0692137 0.0256696 0.00831604
39 0.819491 0.447545 0.215947 0.117746 0.0077858
67 0.782115 0.437779 0.121816 0.111607 0.00714874
60 0.817414 0.840402 0.340532 0.299107 0.0069046
65 0.879707 0.435826 0.0789037 0.0357143 0.00661469
65 0.841639 0.416574 0.168881 0.0731027 0.00614548
74 0.773809 0.450893 0.095515 0.0680804 0.00595856
67 0.876246 0.424107 0.0733666 0.0401786 0.00591278
32 0.879707 0.435826 0.0789037 0.0357143 0.00568771
74 0.870017 0.416295 0.0609081 0.0256696 0.00559998
65 0.876246 0.424107 0.0733666 0.0401786 0.00547028
54 0.782115 0.446708 0.121816 0.093192 0.00524139
39 0.825028 0.466797 0.199336 0.138951 0.00516129
39 0.836102 0.433594 0.185493 0.108259 0.00510025
67 0.822259 0.4375 0.221484 0.116071 0.00469971
78 0.819491 0.447545 0.215947 0.117746 0.00372124
74 0.765504 0.451451 0.055371 0.0535715 0.00365067
74 0.802879 0.436942 0.166113 0.113839 0.00356483
60 0.917082 0.841518 0.143965 0.301339 0.00349617
65 0.881783 0.416295 0.0858251 0.0245535 0.00340271
78 0.825028 0.466797 0.199336 0.138951 0.00329781
65 0.888704 0.438616 0.0968992 0.0435268 0.00302696
0 0.595238 0.454799 0.76412 0.610491 0.00245285
74 0.805648 0.450335 0.0761351 0.0948661 0.00237846
67 0.880399 0.429688 0.0844408 0.0513393 0.00233269
60 0.496955 0.555804 0.993909 0.879464 0.00232315
74 0.787652 0.397879 0.0526024 0.0178571 0.00218201
65 0.797342 0.393973 0.0747509 0.0290179 0.00216484
39 0.875554 0.46875 0.095515 0.133929 0.00213242
65 0.870017 0.416295 0.0609081 0.0256696 0.00197983
64 0.888704 0.438616 0.0968992 0.0435268 0.00197983
78 0.836102 0.433594 0.185493 0.108259 0.00186062
40 0.825028 0.466797 0.199336 0.138951 0.00182438
79 0.876246 0.469308 0.0968993 0.129464 0.00181007
74 0.768272 0.444196 0.0581395 0.0524554 0.00178242
78 0.875554 0.46875 0.095515 0.133929 0.00176811
64 0.878322 0.436384 0.0761351 0.0345982 0.0017271
40 0.875554 0.46875 0.095515 0.133929 0.00171375
39 0.879014 0.428013 0.0941306 0.0541295 0.00169373
67 0.876246 0.469029 0.0968993 0.130022 0.00167465
67 0.825028 0.466797 0.199336 0.138951 0.00162888
54 0.369601 0.640625 0.117663 0.402902 0.00156689
74 0.876246 0.424107 0.0733666 0.0401786 0.00152493
67 0.787652 0.397879 0.0526024 0.0178571 0.0015192
67 0.369601 0.640625 0.117663 0.402902 0.00151253
67 0.829181 0.429129 0.196567 0.0859375 0.00148964
40 0.822259 0.4375 0.221484 0.116071 0.00146103
39 0.841639 0.416574 0.168881 0.0731027 0.00142097
74 0.791113 0.393415 0.0622924 0.0290179 0.00141048
77 0.369601 0.637835 0.114895 0.389509 0.00141048
40 0.782115 0.445592 0.121816 0.0959821 0.00136185
74 0.766888 0.447545 0.0747508 0.0502232 0.00132465
0 0.750277 0.668527 0.487265 0.574777 0.00131989
54 0.830565 0.436942 0.232558 0.113839 0.00121593
0 0.782115 0.563058 0.408361 0.359375 0.00114727
65 0.861019 0.415179 0.0415282 0.0256697 0.00112438
67 0.861019 0.415179 0.0415282 0.0256697 0.00110722
74 0.801495 0.393415 0.0775194 0.0323661 0.00109863
32 0.782115 0.437779 0.121816 0.111607 0.00109863
27 0.863787 0.550502 0.0166113 0.047433 0.00107288
27 0.852021 0.558175 0.0276855 0.0711495 0.00106525
79 0.841639 0.416574 0.168881 0.0731027 0.00106049
27 0.369601 0.638393 0.117663 0.401786 0.818848
0 0.406285 0.550502 0.812569 0.83538 0.67041
0 0.496262 0.575893 0.992525 0.848214 0.207886
74 0.782115 0.446987 0.121816 0.0926339 0.151978
0 0.559247 0.513951 0.863787 0.762277 0.0370483
65 0.876938 0.46875 0.0982835 0.129464 0.0359497
65 0.880399 0.429688 0.0913621 0.0502232 0.0288696
65 0.879014 0.447545 0.0941306 0.0870536 0.0280151
39 0.781423 0.440848 0.121816 0.104911 0.0275879
27 0.35472 0.586496 0.0920543 0.287946 0.0226288
65 0.826412 0.466797 0.199336 0.138951 0.0222015
65 0.820183 0.445312 0.214563 0.111607 0.0220337
39 0.830565 0.436942 0.231174 0.113839 0.0191193
78 0.781423 0.440848 0.121816 0.104911 0.0160217
65 0.781423 0.440848 0.121816 0.104911 0.013588
65 0.831257 0.428292 0.192414 0.0797991 0.012291
78 0.830565 0.436942 0.231174 0.113839 0.0120087
67 0.874169 0.416016 0.0692137 0.0251116 0.00941467
0 0.822259 0.679688 0.348837 0.584821 0.00717545
67 0.782115 0.438058 0.121816 0.111607 0.00703812
65 0.841639 0.416295 0.168881 0.0714286 0.00634003
67 0.876246 0.422991 0.0747509 0.0379464 0.00626373
65 0.880399 0.435826 0.0802879 0.0357143 0.00600433
74 0.870709 0.416295 0.0609081 0.0256696 0.00561905
32 0.880399 0.435826 0.0802879 0.0357143 0.00547028
65 0.876246 0.422991 0.0747509 0.0379464 0.00540543
60 0.818106 0.840402 0.339147 0.299107 0.00524139
74 0.773809 0.450893 0.095515 0.0680804 0.00516129
67 0.822259 0.438058 0.2201 0.116071 0.00473785
54 0.782115 0.446987 0.121816 0.0926339 0.00462723
39 0.826412 0.466797 0.199336 0.138951 0.00441742
74 0.794574 0.437221 0.149502 0.113281 0.00345612
65 0.881783 0.416295 0.0858251 0.0245535 0.00342941
65 0.889396 0.438616 0.0982835 0.0435268 0.00321007
74 0.765504 0.451451 0.055371 0.0535715 0.00281143
78 0.826412 0.466797 0.199336 0.138951 0.00277901
60 0.918466 0.841518 0.146733 0.303571 0.00266266
67 0.880399 0.429688 0.0858251 0.0513393 0.00252151
74 0.80634 0.450335 0.0747508 0.0948661 0.00236893
74 0.787652 0.397879 0.0512181 0.0178571 0.00230598
39 0.831257 0.428292 0.192414 0.0797991 0.00229645
65 0.798034 0.394252 0.0747509 0.0290179 0.00226974
60 0.496609 0.555664 0.993217 0.879743 0.00221634
64 0.889396 0.438616 0.0982835 0.0435268 0.00212479
65 0.870709 0.416295 0.0609081 0.0256696 0.00208282
39 0.875554 0.46875 0.0968992 0.133929 0.00188923
39 0.879014 0.428571 0.0941306 0.0535715 0.00185299
0 0.599391 0.451451 0.753045 0.608259 0.00185299
64 0.879014 0.436384 0.0775194 0.0345982 0.00174809
67 0.876938 0.46875 0.0982835 0.129464 0.00156689
74 0.768272 0.444196 0.0581395 0.0524554 0.00156116
74 0.830565 0.436942 0.231174 0.113839 0.00156116
67 0.831257 0.428292 0.192414 0.0797991 0.00155449
67 0.787652 0.397879 0.0512181 0.0178571 0.00154305
67 0.826412 0.466797 0.199336 0.138951 0.00154305
78 0.875554 0.46875 0.0968992 0.133929 0.00153637
79 0.876246 0.469308 0.0968993 0.129464 0.00153637
67 0.369255 0.640485 0.117663 0.402065 0.00153065
40 0.826412 0.466797 0.199336 0.138951 0.00151253
74 0.791113 0.393415 0.0622924 0.0290179 0.00150108
40 0.875554 0.46875 0.0968992 0.133929 0.00150108
39 0.879014 0.447545 0.0941306 0.0870536 0.0014782
74 0.876246 0.422991 0.0747509 0.0379464 0.00143814
54 0.369255 0.640485 0.117663 0.402065 0.00143814
77 0.369601 0.637416 0.114895 0.388114 0.00138283
39 0.841639 0.416295 0.168881 0.0714286 0.00133514
67 0.866556 0.416853 0.0719823 0.030134 0.00129986
78 0.831257 0.428292 0.192414 0.0797991 0.00126934
40 0.822259 0.438058 0.2201 0.116071 0.00121593
40 0.782115 0.446429 0.121816 0.09375 0.00118828
74 0.766196 0.447545 0.0747508 0.0502232 0.00117874
74 0.802187 0.393415 0.0775194 0.0323661 0.00117397
27 0.863787 0.550781 0.0166113 0.046875 0.0011692
27 0.852021 0.558175 0.0263012 0.0711495 0.00116539
79 0.841639 0.416295 0.168881 0.0714286 0.00111198
67 0.861019 0.415179 0.0415282 0.0256697 0.00106049
65 0.861019 0.415179 0.0415282 0.0256697 0.00102806
0 0.74474 0.662807 0.496955 0.562779 0.00102425
27 0.369255 0.637835 0.118355 0.40067 0.777344
0 0.390712 0.518973 0.781423 0.787946 0.689941
0 0.496609 0.542969 0.993217 0.83817 0.634277
74 0.782115 0.447824 0.121816 0.0915178 0.164551
65 0.876938 0.46875 0.0982835 0.129464 0.0318604
65 0.880399 0.429688 0.0913621 0.0496652 0.0305634
27 0.355066 0.584961 0.0941307 0.285435 0.0281067
65 0.879014 0.445592 0.0941306 0.0831473 0.0264587
39 0.781423 0.441406 0.121816 0.103795 0.0216217
65 0.820875 0.444196 0.213178 0.107143 0.0199432
65 0.827796 0.467076 0.196567 0.138951 0.0198669
39 0.830565 0.436663 0.22979 0.113839 0.0145569
78 0.781423 0.441406 0.121816 0.103795 0.0127258
65 0.833333 0.428013 0.188261 0.0725446 0.012291
65 0.781423 0.441406 0.121816 0.103795 0.0113754
65 0.83887 0.430804 0.177187 0.102679 0.0112457
67 0.874169 0.416295 0.0692137 0.0256696 0.0102081
78 0.830565 0.436663 0.22979 0.113839 0.00952148
67 0.876246 0.421875 0.0733666 0.0357143 0.0064888
67 0.782115 0.438058 0.121816 0.111607 0.0064888
65 0.842331 0.415179 0.167497 0.0703125 0.00641251
74 0.870709 0.416295 0.0622923 0.0256696 0.00602722
65 0.876246 0.421875 0.0733666 0.0357143 0.00593567
65 0.880399 0.435826 0.0802879 0.0345982 0.00553513
0 0.820875 0.678571 0.351606 0.584821 0.00518036
32 0.880399 0.435826 0.0802879 0.0345982 0.00508118
74 0.77381 0.450893 0.0968992 0.0680804 0.00492477
67 0.822259 0.438058 0.218715 0.116071 0.00462723
65 0.881783 0.416295 0.0858251 0.0245535 0.00372124
39 0.827796 0.467076 0.196567 0.138951 0.00370789
54 0.782115 0.447824 0.121816 0.0915178 0.00365067
39 0.83887 0.430804 0.177187 0.102679 0.00353813
74 0.792497 0.4375 0.145349 0.113839 0.00349617
60 0.818106 0.840402 0.340532 0.301339 0.00349617
65 0.890089 0.438895 0.0996678 0.0435268 0.00327301
67 0.880399 0.429688 0.0858251 0.0513393 0.00260162
64 0.890089 0.438895 0.0996678 0.0435268 0.0024147
60 0.496262 0.556362 0.992525 0.88058 0.002388
74 0.787652 0.397879 0.0512181 0.0178571 0.00237846
65 0.797342 0.394252 0.0747509 0.0290179 0.00231361
74 0.764812 0.452009 0.055371 0.0535715 0.00230598
60 0.919158 0.840402 0.146733 0.303571 0.00226021
78 0.827796 0.467076 0.196567 0.138951 0.00223351
74 0.80634 0.450335 0.0747508 0.0948661 0.00217438
64 0.879014 0.436384 0.0775194 0.0340402 0.00191879
39 0.833333 0.428013 0.188261 0.0725446 0.00188923
0 0.600083 0.447545 0.747508 0.552455 0.00186729
39 0.879707 0.428571 0.0927464 0.0524554 0.00167465
39 0.875554 0.469308 0.0968992 0.135045 0.0016613
67 0.787652 0.397879 0.0512181 0.0178571 0.00154305
67 0.368909 0.639369 0.117663 0.402065 0.00153637
74 0.830565 0.436663 0.22979 0.113839 0.00153065
78 0.83887 0.430804 0.177187 0.102679 0.00152493
67 0.833333 0.428013 0.188261 0.0725446 0.00151253
74 0.790421 0.393415 0.0609081 0.0284598 0.00150108
74 0.876246 0.421875 0.0733666 0.0357143 0.00143242
67 0.827796 0.467076 0.196567 0.138951 0.00140476
54 0.368909 0.639369 0.117663 0.402065 0.00137234
67 0.866556 0.416853 0.0692137 0.030134 0.00134563
67 0.876938 0.46875 0.0982835 0.129464 0.00134563
40 0.875554 0.469308 0.0968992 0.135045 0.00128937
78 0.875554 0.469308 0.0968992 0.135045 0.00126457
77 0.369601 0.636021 0.114895 0.38644 0.00126457
65 0.872093 0.415179 0.0636766 0.0256697 0.0012598
79 0.876246 0.469308 0.0982835 0.130022 0.0012598
40 0.827796 0.467076 0.196567 0.138951 0.00123978
74 0.802187 0.393694 0.0775194 0.0329241 0.00117397
39 0.879014 0.445592 0.0941306 0.0831473 0.00116062
74 0.766888 0.447824 0.0747508 0.0507812 0.00114727
79 0.842331 0.415179 0.167497 0.0703125 0.0011158
39 0.842331 0.415179 0.167497 0.0703125 0.00111198
27 0.863787 0.550781 0.0166113 0.046875 0.00108624
67 0.861019 0.415458 0.0415282 0.0256696 0.00107288
65 0.870017 0.472377 0.080288 0.0440848 0.00107288
65 0.861019 0.415458 0.0415282 0.0256696 0.00106907
78 0.833333 0.428013 0.188261 0.0725446 0.00106525
40 0.782115 0.447545 0.121816 0.092634 0.00104427
65 0.872093 0.453683 0.0858251 0.0703125 0.00103188
40 0.822259 0.438058 0.218715 0.116071 0.00100803
65 0.860327 0.486049 0.0581395 0.0870536 0.00100422
27 0.368909 0.637416 0.118356 0.401507 0.73877
0 0.408707 0.552176 0.817414 0.837612 0.709961
74 0.781423 0.448661 0.120432 0.0892857 0.199341
0 0.496955 0.577288 0.993909 0.845424 0.151733
65 0.876938 0.469308 0.0996678 0.129464 0.024704
65 0.881091 0.429967 0.0913621 0.0502232 0.0176392
65 0.879014 0.448661 0.0941306 0.0892857 0.0174408
65 0.832641 0.467634 0.189646 0.138393 0.0170441
65 0.821567 0.446987 0.214563 0.112723 0.0166626
39 0.780731 0.442801 0.121816 0.100446 0.0135345
27 0.359911 0.580497 0.102436 0.278739 0.0130692
39 0.808416 0.4375 0.177187 0.113839 0.0115051
65 0.832641 0.428571 0.189646 0.0747768 0.00828552
65 0.837486 0.432478 0.179956 0.107143 0.00784302
67 0.874862 0.416295 0.0692137 0.0256696 0.00766754
78 0.780731 0.442801 0.121816 0.100446 0.00751877
65 0.780731 0.442801 0.121816 0.100446 0.00725937
78 0.808416 0.4375 0.177187 0.113839 0.00679779
67 0.876246 0.422154 0.0747509 0.0357143 0.00575256
67 0.781423 0.448661 0.120432 0.0904018 0.00443268
0 0.81603 0.684012 0.358527 0.589565 0.00432968
74 0.776578 0.450893 0.103821 0.0703125 0.00415039
67 0.822259 0.438058 0.221484 0.116071 0.0041008
32 0.880399 0.436105 0.0802879 0.0351562 0.00372124
65 0.843023 0.4149 0.166113 0.0697545 0.00367928
65 0.876246 0.422154 0.0747509 0.0357143 0.00355148
74 0.808416 0.4375 0.177187 0.113839 0.00329781
54 0.781423 0.448661 0.120432 0.0892857 0.00314713
74 0.870709 0.416295 0.0622923 0.0256696 0.00313568
39 0.832641 0.467634 0.189646 0.138393 0.00304031
67 0.880399 0.429967 0.0858251 0.0518973 0.00281143
65 0.880399 0.436105 0.0802879 0.0351562 0.00266266
60 0.497647 0.557478 0.995293 0.878348 0.00261116
39 0.837486 0.432478 0.179956 0.107143 0.00253105
0 0.60562 0.440848 0.751661 0.580357 0.00234222
64 0.892857 0.439732 0.105205 0.0446429 0.00225258
60 0.820183 0.83817 0.340532 0.303571 0.00219917
65 0.872093 0.416853 0.0636766 0.0262277 0.00208282
0 0.548865 0.513393 0.881783 0.751116 0.00188255
60 0.917774 0.839286 0.146733 0.301339 0.0018034
65 0.892857 0.439732 0.105205 0.0446429 0.0016489
74 0.765504 0.452567 0.055371 0.0541295 0.00157356
78 0.832641 0.467634 0.189646 0.138393 0.00156116
74 0.766888 0.445871 0.0650609 0.0569197 0.0015192
64 0.879014 0.436384 0.0775194 0.0345982 0.00148964
74 0.787652 0.397879 0.0526024 0.0178571 0.00145531
67 0.368909 0.640067 0.117663 0.402902 0.00137806
74 0.807032 0.449777 0.0733666 0.0954241 0.0012846
67 0.832641 0.467634 0.189646 0.138393 0.0012846
54 0.368909 0.640067 0.117663 0.402902 0.00123024
39 0.876246 0.469866 0.0982835 0.135045 0.00122547
67 0.832641 0.428571 0.189646 0.0747768 0.0012207
64 0.876938 0.469308 0.0996678 0.129464 0.00121117
39 0.832641 0.428571 0.189646 0.0747768 0.00119686
67 0.876938 0.469308 0.0996678 0.129464 0.00118828
0 0.638843 0.396763 0.600775 0.502232 0.00115108
65 0.797342 0.393973 0.0747509 0.0290179 0.00110722
70 0.781423 0.448661 0.120432 0.0892857 0.0011034
67 0.787652 0.397879 0.0526024 0.0178571 0.00109863
79 0.876246 0.469587 0.0996678 0.130022 0.00109005
39 0.879014 0.428571 0.0941306 0.0524554 0.00104427
77 0.369255 0.633789 0.115587 0.381976 0.00103188
57 0.826412 0.691406 0.334995 0.581473 0.00101662
27 0.368909 0.637835 0.118356 0.40067 0.723145
0 0.418743 0.553571 0.837486 0.842634 0.711426
74 0.781423 0.449219 0.120432 0.0881697 0.190674
65 0.87763 0.469587 0.0996678 0.13058 0.0183411
65 0.834718 0.467634 0.185493 0.138393 0.0139008
65 0.822259 0.450893 0.214563 0.123326 0.0137405
65 0.87763 0.428571 0.0982835 0.0535715 0.0104065
39 0.819491 0.437221 0.199336 0.114397 0.00978088
39 0.780731 0.444475 0.120432 0.0976562 0.00941467
65 0.831949 0.429129 0.19103 0.0792411 0.00614548
65 0.780731 0.444475 0.120432 0.0976562 0.00553513
27 0.362334 0.579381 0.108666 0.276507 0.00551224
67 0.874862 0.416295 0.0692137 0.0256696 0.00521851
78 0.819491 0.437221 0.199336 0.114397 0.00516129
78 0.780731 0.444475 0.120432 0.0976562 0.00510025
65 0.879014 0.448103 0.0968992 0.0825893 0.0050621
67 0.876246 0.423549 0.0747509 0.0379464 0.00439835
67 0.822951 0.438616 0.222868 0.117188 0.00390053
67 0.781423 0.449219 0.120432 0.0892857 0.00387001
74 0.819491 0.437221 0.199336 0.114397 0.00305176
32 0.880399 0.436384 0.0802879 0.0357143 0.00300407
0 0.612542 0.444266 0.747508 0.570173 0.00279999
60 0.499031 0.55678 0.998062 0.881976 0.00268364
54 0.781423 0.449219 0.120432 0.0881697 0.00257111
0 0.792497 0.682478 0.404208 0.59933 0.00257111
67 0.880399 0.429967 0.0858251 0.0518973 0.00251198
39 0.834718 0.467634 0.185493 0.138393 0.00250244
65 0.844408 0.414342 0.163344 0.0691964 0.00243378
65 0.876246 0.423549 0.0747509 0.0379464 0.00216484
74 0.784192 0.435826 0.13289 0.117188 0.00206757
60 0.918466 0.838728 0.146733 0.303571 0.00190449
64 0.894241 0.440011 0.107973 0.0452009 0.00185299
74 0.871401 0.416853 0.0636766 0.0256696 0.00178909
64 0.87763 0.469587 0.0996678 0.13058 0.00149536
74 0.777962 0.44894 0.107973 0.0686384 0.00143814
0 0.663068 0.540737 0.639535 0.385045 0.00143814
65 0.880399 0.436384 0.0802879 0.0357143 0.00138855
74 0.768272 0.446429 0.0692137 0.0602678 0.00137806
60 0.820875 0.83817 0.340532 0.305804 0.00126934
65 0.872785 0.416853 0.0664452 0.0267857 0.00123978
78 0.834718 0.467634 0.185493 0.138393 0.0011425
67 0.834718 0.467634 0.185493 0.138393 0.00113392
67 0.368909 0.640485 0.117663 0.402065 0.00113392
0 0.578973 0.384766 0.555786 0.459263 0.00112438
15 0.368217 0.634487 0.116279 0.390625 0.00109005
64 0.879014 0.436942 0.0775194 0.0345982 0.00108624
79 0.876938 0.470424 0.0996678 0.131696 0.00107288
77 0.368217 0.634487 0.116279 0.390625 0.00106525
54 0.368909 0.640485 0.117663 0.402065 0.00104809
74 0.766888 0.453125 0.0581395 0.0546875 0.00102806
67 0.87763 0.469587 0.0996678 0.13058 0.00102043
67 0.784192 0.435826 0.13289 0.117188 0.00101185
27 0.368909 0.638393 0.119048 0.401786 0.712402
0 0.428433 0.554688 0.856866 0.844866 0.691895
74 0.780731 0.450056 0.119048 0.0864955 0.169922
65 0.87763 0.470145 0.0996678 0.131138 0.0129242
65 0.831949 0.467913 0.193798 0.139509 0.0110321
39 0.825028 0.4375 0.213178 0.114955 0.00926971
65 0.823643 0.438895 0.227021 0.117746 0.0091629
39 0.780731 0.445312 0.120432 0.0959821 0.00669098
65 0.872093 0.42913 0.107973 0.0580357 0.00468063
65 0.780731 0.445312 0.120432 0.0959821 0.00432968
65 0.829181 0.431362 0.199336 0.0892857 0.00416565
67 0.823643 0.438895 0.227021 0.117746 0.00415039
0 0.60562 0.452009 0.776578 0.574777 0.0039444
78 0.825028 0.4375 0.213178 0.114955 0.00392914
67 0.87763 0.416295 0.0775194 0.0245535 0.0036068
78 0.780731 0.445312 0.120432 0.0959821 0.00346947
67 0.87763 0.42606 0.0775194 0.0435268 0.00324821
67 0.780731 0.449777 0.120432 0.0881697 0.00314713
65 0.879707 0.450335 0.0996678 0.0859375 0.0029583
74 0.825028 0.4375 0.213178 0.114955 0.0028553
60 0.5 0.55678 1 0.88644 0.00277901
27 0.364064 0.578683 0.112126 0.27567 0.00248146
32 0.881091 0.436384 0.0816722 0.0362723 0.00223351
60 0.918466 0.83817 0.146733 0.303571 0.00212479
39 0.831949 0.467913 0.193798 0.139509 0.00189686
54 0.780731 0.450056 0.119048 0.0864955 0.00189686
64 0.87763 0.470145 0.0996678 0.131138 0.00165462
0 0.665144 0.54269 0.639535 0.39788 0.00157356
74 0.790421 0.435826 0.149502 0.117746 0.00154305
65 0.844408 0.413505 0.163344 0.0680804 0.00139904
39 0.790421 0.435826 0.149502 0.117746 0.00130939
0 0.574474 0.388881 0.595238 0.466657 0.00130939
64 0.895626 0.44029 0.110742 0.045759 0.00130463
15 0.368217 0.638951 0.116279 0.398438 0.00119686
74 0.769657 0.447545 0.0775194 0.0636161 0.00117874
65 0.87763 0.42606 0.0775194 0.0435268 0.00113392
0 0.836102 0.689732 0.318383 0.571429 0.00108147
77 0.368217 0.638951 0.116279 0.398438 0.00107288
67 0.368909 0.641881 0.118356 0.403739 0.00106049
79 0.87763 0.471819 0.0996678 0.134487 0.00101662
27 0.368909 0.639509 0.119048 0.404018 0.737305
0 0.5 0.556362 1 0.887277 0.67334
74 0.780731 0.450335 0.119048 0.0859375 0.148071
65 0.87763 0.470424 0.0996678 0.131696 0.0103683
65 0.827796 0.467634 0.202104 0.141183 0.00963593
39 0.826412 0.437221 0.217331 0.115513 0.00941467
65 0.824336 0.438616 0.228405 0.118304 0.00937653
39 0.780731 0.445871 0.121816 0.0954241 0.00638962
67 0.824336 0.438616 0.228405 0.118304 0.00436401
65 0.780731 0.445871 0.121816 0.0954241 0.00436401
0 0.602852 0.462054 0.793189 0.571429 0.00408554
78 0.826412 0.437221 0.217331 0.115513 0.00333786
65 0.861019 0.429688 0.13289 0.0669643 0.00329781
67 0.878322 0.416295 0.0775194 0.0245535 0.00316048
78 0.780731 0.445871 0.121816 0.0954241 0.003088
67 0.780731 0.450056 0.120432 0.0881696 0.00294685
60 0.5 0.556362 1 0.887277 0.00293541
67 0.87763 0.428013 0.0775194 0.046875 0.00276756
65 0.880399 0.434152 0.0941307 0.0602678 0.00264168
74 0.826412 0.437221 0.217331 0.115513 0.00244331
60 0.919158 0.83817 0.146733 0.305804 0.00244331
65 0.880399 0.451172 0.101052 0.0876116 0.00228691
32 0.881091 0.436384 0.0816722 0.0362723 0.00209999
0 0.669989 0.546038 0.631229 0.414621 0.00170708
39 0.827796 0.467634 0.202104 0.141183 0.0016489
27 0.364064 0.578683 0.112126 0.276786 0.00157356
64 0.87763 0.470424 0.0996678 0.131696 0.00156116
54 0.780731 0.450335 0.119048 0.0859375 0.00151253
39 0.794574 0.435826 0.160576 0.118304 0.00143242
27 0.985188 0.792969 0.0296235 0.22433 0.00141621
74 0.794574 0.435826 0.160576 0.118304 0.00141048
65 0.844408 0.413504 0.163344 0.0675223 0.00131512
74 0.771041 0.448103 0.0830565 0.0658482 0.00124931
0 0.562362 0.395926 0.638843 0.476004 0.0012064
64 0.896318 0.44029 0.112126 0.045759 0.00119686
56 0.921235 0.83817 0.149502 0.308036 0.00119209
15 0.368563 0.643834 0.116971 0.406529 0.00112438
17 0.5 0.5625 1 0.875 0.00108147
0 0.837486 0.689872 0.318383 0.575614 0.00105667
54 0.368909 0.642299 0.117663 0.404018 0.00105286
67 0.368909 0.642299 0.117663 0.404018 0.00102425
67 0.794574 0.435826 0.160576 0.118304 0.00100422
27 0.368909 0.640485 0.119048 0.404297 0.767578
0 0.5 0.555804 1 0.888393 0.665527
74 0.780731 0.450335 0.119048 0.0848214 0.15918
39 0.827104 0.436942 0.2201 0.116071 0.00933838
65 0.878322 0.470424 0.101052 0.131696 0.00844574
65 0.827104 0.467634 0.207641 0.142299 0.00818634
65 0.825028 0.438616 0.231174 0.11942 0.00812531
39 0.780731 0.44615 0.121816 0.094308 0.00598145
0 0.544297 0.612165 0.911406 0.754464 0.00527954
67 0.825028 0.438616 0.231174 0.11942 0.00450516
65 0.780731 0.44615 0.121816 0.094308 0.00370789
0 0.593439 0.469866 0.813123 0.570312 0.00319672
60 0.5 0.555804 1 0.888393 0.00314713
67 0.879014 0.416295 0.0775194 0.0245535 0.00292397
78 0.827104 0.436942 0.2201 0.116071 0.0028553
78 0.780731 0.44615 0.121816 0.094308 0.00268364
27 0.985188 0.792411 0.0296235 0.223214 0.00268364
67 0.780731 0.449777 0.120432 0.0881697 0.00259018
67 0.87763 0.428571 0.0775194 0.0485491 0.00244331
60 0.919158 0.83817 0.146733 0.305804 0.00244331
74 0.827104 0.436942 0.2201 0.116071 0.00221634
65 0.856174 0.432478 0.143965 0.0770089 0.00194168
32 0.881783 0.436384 0.0830565 0.0368304 0.00193405
0 0.677602 0.530692 0.622924 0.46875 0.00187492
64 0.878322 0.470424 0.101052 0.131696 0.00178242
65 0.881091 0.451451 0.102436 0.0881696 0.00174141
0 0.83887 0.682478 0.315615 0.579241 0.00157928
65 0.880399 0.436663 0.095515 0.0664062 0.00155449
56 0.921927 0.83817 0.149502 0.310268 0.00154877
39 0.827104 0.467634 0.207641 0.142299 0.00142097
27 0.36441 0.577985 0.112126 0.274833 0.00139904
74 0.770349 0.448661 0.0830565 0.0669643 0.00136662
13 0.921927 0.83817 0.149502 0.310268 0.00135612
17 0.5 0.562779 1 0.874442 0.00125504
54 0.780731 0.450335 0.119048 0.0848214 0.0012207
15 0.368217 0.645229 0.116279 0.408203 0.00121593
54 0.369255 0.642857 0.118355 0.404018 0.00121593
0 0.548778 0.402344 0.707537 0.492188 0.00117397
57 0.5 0.575753 1 0.848493 0.00115108
67 0.369255 0.642857 0.118355 0.404018 0.00108147
60 0.999031 0.867188 0.00193798 0.265625 0.00105667
64 0.897702 0.440569 0.114895 0.0457589 0.00104046
25 0.108319 0.885045 0.0325305 0.183036 0.00102425
67 0.798726 0.435547 0.168881 0.118304 0.00101185
27 0.369255 0.640625 0.118355 0.405134 0.801758
0 0.5 0.555246 1 0.889509 0.698242
74 0.780731 0.450614 0.119048 0.0848215 0.17334
39 0.827104 0.436942 0.2201 0.116071 0.01017
65 0.879014 0.470424 0.102436 0.131696 0.00837708
65 0.82572 0.438616 0.232558 0.120536 0.00821686
65 0.826412 0.467634 0.21041 0.142857 0.00796509
39 0.780731 0.446429 0.121816 0.09375 0.00701141
67 0.82572 0.438616 0.232558 0.120536 0.00450516
27 0.985188 0.792969 0.0296235 0.22433 0.00405502
65 0.780731 0.446429 0.121816 0.09375 0.00367928
60 0.5 0.555246 1 0.889509 0.00336266
67 0.879014 0.416295 0.0775194 0.0245535 0.00327301
78 0.827104 0.436942 0.2201 0.116071 0.00305176
78 0.780731 0.446429 0.121816 0.09375 0.00299263
0 0.589978 0.475725 0.820044 0.56529 0.00279999
0 0.552602 0.62514 0.894795 0.729632 0.00275803
67 0.87763 0.42885 0.0775194 0.0491072 0.00265312
67 0.780731 0.449777 0.120432 0.0881697 0.00256157
60 0.919158 0.837612 0.146733 0.30692 0.00252151
0 0.839563 0.68192 0.31423 0.580357 0.00227928
74 0.827104 0.436942 0.2201 0.116071 0.00221634
32 0.882475 0.436384 0.0844408 0.0368304 0.00213242
0 0.681063 0.533203 0.618771 0.469308 0.00208282
65 0.851329 0.431641 0.15227 0.0809152 0.00192642
27 0.36441 0.577567 0.112126 0.27567 0.00181007
56 0.921927 0.83817 0.149502 0.310268 0.00178909
64 0.879014 0.470424 0.102436 0.131696 0.0017004
74 0.770349 0.448661 0.0830565 0.0680804 0.00166798
65 0.881783 0.450893 0.102436 0.0881697 0.00166798
57 0.542912 0.610491 0.914175 0.758929 0.0015974
13 0.921927 0.83817 0.149502 0.310268 0.00155449
39 0.826412 0.467634 0.21041 0.142857 0.00145531
65 0.880399 0.436384 0.0968992 0.0669643 0.0014267
17 0.5 0.561803 1 0.876395 0.00134563
54 0.369255 0.643415 0.118355 0.404018 0.00134087
15 0.368563 0.645089 0.116279 0.408482 0.00130463
60 0.999031 0.865513 0.00193798 0.268973 0.0012598
64 0.898394 0.44029 0.116279 0.045759 0.00119686
25 0.108319 0.883929 0.0325305 0.185268 0.00117397
0 0.806617 0.339565 0.386766 0.487165 0.0011425
67 0.797342 0.435268 0.168881 0.118304 0.00113392
65 0.8451 0.412946 0.163344 0.0680804 0.00112438
67 0.369255 0.643415 0.118355 0.404018 0.00112057
54 0.780731 0.450614 0.119048 0.0848215 0.0011158
0 0.545404 0.404018 0.74474 0.49442 0.0011158
27 0.368909 0.640765 0.117663 0.405971 0.834473
0 0.5 0.555246 1 0.889509 0.73584
74 0.780731 0.450335 0.119048 0.0848214 0.162354
39 0.827104 0.436384 0.2201 0.117188 0.0135345
39 0.780731 0.44615 0.121816 0.094308 0.0106125
65 0.825028 0.438616 0.232558 0.120536 0.00978088
65 0.879014 0.470424 0.102436 0.132254 0.00894928
65 0.826412 0.467076 0.21041 0.145089 0.00818634
27 0.985188 0.792969 0.0296235 0.22433 0.00619125
0 0.551564 0.625558 0.896872 0.728795 0.00575256
65 0.780731 0.44615 0.121816 0.094308 0.00460815
67 0.825028 0.438616 0.232558 0.120536 0.00450516
67 0.879014 0.416295 0.0789037 0.0251116 0.00383949
60 0.5 0.571568 1 0.856864 0.00380898
78 0.780731 0.44615 0.121816 0.094308 0.00378036
78 0.840947 0.437221 0.256091 0.117746 0.00348282
67 0.87763 0.42913 0.0775194 0.0502232 0.00313568
0 0.840255 0.680804 0.312846 0.580357 0.00304031
67 0.780731 0.450056 0.120432 0.0876116 0.00301552
60 0.919851 0.83817 0.148117 0.308036 0.00264168
65 0.849253 0.428571 0.159192 0.0814732 0.00260162
32 0.882475 0.435826 0.085825 0.0368304 0.00248146
0 0.591016 0.479283 0.817968 0.559291 0.00242424
0 0.683832 0.532924 0.610465 0.466518 0.00218201
57 0.5 0.574219 1 0.851562 0.00206757
74 0.771041 0.448661 0.085825 0.0680804 0.00201035
56 0.921927 0.83817 0.149502 0.310268 0.00200272
74 0.827104 0.436384 0.2201 0.117188 0.00197983
27 0.364064 0.577567 0.111434 0.27567 0.00197983
65 0.881783 0.449777 0.102436 0.0859375 0.00186062
57 0.551564 0.625558 0.896872 0.728795 0.00183868
65 0.880399 0.435268 0.095515 0.0647322 0.00174141
65 0.844408 0.413505 0.163344 0.0691965 0.00163555
39 0.826412 0.467076 0.21041 0.145089 0.0015974
13 0.921927 0.83817 0.149502 0.310268 0.0015974
64 0.898394 0.44029 0.116279 0.045759 0.00157928
67 0.795958 0.435268 0.163344 0.118304 0.00152493
64 0.879014 0.470424 0.102436 0.132254 0.00147247
15 0.368217 0.645089 0.116279 0.408482 0.00146675
54 0.369601 0.643834 0.117663 0.404297 0.00144386
0 0.805579 0.338728 0.388843 0.492188 0.00142097
60 0.819491 0.837612 0.348837 0.309152 0.00139427
25 0.107973 0.883371 0.0325305 0.188616 0.00133514
60 0.999723 0.864397 0.000553693 0.271205 0.00133514
17 0.5 0.561384 1 0.877232 0.00132465
54 0.780731 0.450335 0.119048 0.0848214 0.00121593
67 0.369601 0.643834 0.117663 0.404297 0.00113392
56 0.54222 0.610491 0.915559 0.758929 0.0011034
74 0.76412 0.448103 0.0636766 0.0569196 0.00108624
77 0.368217 0.645089 0.116279 0.408482 0.00104809
65 0.795958 0.435268 0.163344 0.118304 0.00104046
27 0.368909 0.640625 0.117663 0.40625 0.85498
0 0.5 0.555246 1 0.889509 0.75
74 0.780731 0.450335 0.119048 0.0848214 0.155029
39 0.827104 0.436384 0.221484 0.117188 0.0157166
0 0.54222 0.612165 0.915559 0.75558 0.0134277
39 0.780731 0.44615 0.121816 0.094308 0.0132217
65 0.825028 0.438337 0.232558 0.120536 0.0104904
65 0.879014 0.470424 0.102436 0.132812 0.00861359
27 0.985188 0.792969 0.0296235 0.22433 0.00857544
65 0.826412 0.46596 0.211794 0.147321 0.0078125
65 0.780731 0.44615 0.121816 0.094308 0.0050621
67 0.825028 0.438337 0.232558 0.120536 0.00473785
65 0.834026 0.431362 0.19103 0.102679 0.00469971
78 0.780731 0.44615 0.121816 0.094308 0.00426483
60 0.5 0.571429 1 0.857143 0.00415039
67 0.879014 0.416295 0.0789037 0.0245535 0.00413513
0 0.840255 0.679688 0.312846 0.580357 0.00388527
78 0.840255 0.437221 0.256091 0.117188 0.00378036
67 0.780731 0.450056 0.120432 0.0876116 0.00344276
67 0.87763 0.429408 0.0775194 0.0502232 0.00337601
57 0.5 0.574498 1 0.851004 0.00283432
65 0.847176 0.426339 0.163344 0.0837053 0.00281143
32 0.883167 0.435826 0.085825 0.0357143 0.00269318
60 0.920543 0.837612 0.149502 0.308036 0.00268364
74 0.771041 0.448661 0.085825 0.0691965 0.00230598
0 0.592054 0.480748 0.815891 0.556362 0.00215721
56 0.921927 0.83817 0.149502 0.310268 0.00209999
0 0.69231 0.532366 0.592123 0.464286 0.00206757
57 0.551564 0.627093 0.896872 0.725726 0.0020504
65 0.8451 0.413505 0.16196 0.0691965 0.00197983
67 0.795958 0.435268 0.166113 0.118862 0.00187492
65 0.881783 0.449498 0.102436 0.0842634 0.00184631
64 0.898394 0.44029 0.116279 0.045759 0.00183105
60 0.818106 0.83817 0.346069 0.308036 0.0018034
74 0.827104 0.436384 0.221484 0.117188 0.00178909
27 0.364064 0.576869 0.112126 0.274833 0.00176144
65 0.880399 0.434989 0.0968992 0.0647321 0.00172043
15 0.368217 0.645089 0.116279 0.408482 0.00168133
39 0.826412 0.46596 0.211794 0.147321 0.00164223
25 0.107973 0.882812 0.0328765 0.189732 0.0015974
13 0.921927 0.83817 0.149502 0.310268 0.0015974
54 0.369255 0.643834 0.118355 0.404297 0.00151253
0 0.805233 0.3381 0.389535 0.491211 0.00144386
17 0.5 0.561942 1 0.876116 0.00138855
60 0.999723 0.863281 0.000553693 0.273438 0.00138283
64 0.879014 0.470424 0.102436 0.132812 0.00133514
74 0.76412 0.448103 0.0636766 0.0574777 0.00124454
54 0.780731 0.450335 0.119048 0.0848214 0.00124454
74 0.354374 0.966518 0.0269933 0.0245536 0.00120163
56 0.54222 0.612165 0.915559 0.75558 0.00120163
65 0.795958 0.435268 0.166113 0.118862 0.00117397
77 0.368217 0.645089 0.116279 0.408482 0.00112438
67 0.369255 0.643834 0.118355 0.404297 0.00108147
56 0.840255 0.68192 0.312846 0.602679 0.00104809
27 0.368909 0.640485 0.117663 0.406529 0.862305
0 0.5 0.555246 1 0.889509 0.759766
74 0.780731 0.450614 0.119048 0.0848215 0.151978
39 0.826412 0.436384 0.221484 0.117188 0.0186157
39 0.780731 0.445871 0.121816 0.0948661 0.0149536
0 0.541528 0.612165 0.916943 0.753348 0.0139542
65 0.825028 0.438058 0.232558 0.120536 0.0109482
27 0.985188 0.792411 0.0296235 0.223214 0.00919342
65 0.879014 0.470424 0.102436 0.132812 0.0085144
65 0.826412 0.46596 0.211794 0.146205 0.0077858
65 0.780731 0.445871 0.121816 0.0948661 0.00540543
67 0.825028 0.438058 0.232558 0.120536 0.00502014
0 0.840255 0.679548 0.312846 0.580636 0.00488663
60 0.5 0.57101 1 0.85798 0.00448608
78 0.780731 0.445871 0.121816 0.0948661 0.00438309
67 0.879014 0.416295 0.080288 0.0251116 0.00424957
57 0.5 0.574219 1 0.851562 0.00419998
67 0.780731 0.450335 0.120432 0.0870536 0.00388527
78 0.826412 0.436384 0.221484 0.117188 0.00385475
67 0.87763 0.429408 0.080288 0.0502232 0.00345612
60 0.920543 0.837612 0.149502 0.308036 0.00294685
65 0.847176 0.426897 0.163344 0.0837054 0.00277901
32 0.883167 0.435826 0.0872093 0.0368304 0.00268364
74 0.771041 0.448661 0.085825 0.0691965 0.00248146
57 0.551564 0.627372 0.896872 0.725167 0.00247192
60 0.818106 0.83817 0.348837 0.308036 0.002388
0 0.59067 0.483887 0.81866 0.5512 0.00230598
67 0.794574 0.435268 0.163344 0.11942 0.00214005
56 0.921927 0.83817 0.149502 0.310268 0.00209999
25 0.107973 0.882812 0.0332226 0.191964 0.00204277
65 0.844408 0.413784 0.163344 0.0703125 0.00201035
0 0.70027 0.532366 0.573436 0.462054 0.00197983
64 0.898394 0.44029 0.116279 0.045759 0.00187492
65 0.881783 0.449219 0.102436 0.0837054 0.00183105
27 0.364064 0.576869 0.112126 0.274833 0.00176811
74 0.826412 0.436384 0.221484 0.117188 0.00172043
15 0.368217 0.64495 0.116279 0.408761 0.00168133
65 0.880399 0.435268 0.0968992 0.0658482 0.00167465
13 0.921927 0.83817 0.149502 0.310268 0.00167465
39 0.826412 0.46596 0.211794 0.146205 0.0016489
54 0.369601 0.643834 0.117663 0.404297 0.00162315
74 0.354374 0.966518 0.0269933 0.0245536 0.00157928
17 0.5 0.561942 1 0.876116 0.00150108
56 0.541528 0.612165 0.916943 0.753348 0.0014267
60 0.999723 0.862723 0.000553693 0.274554 0.00139904
74 0.762735 0.448103 0.0636766 0.0580357 0.00134087
64 0.879014 0.470424 0.102436 0.132812 0.00133038
0 0.805233 0.335938 0.389535 0.491071 0.00127888
65 0.794574 0.435268 0.163344 0.11942 0.00127411
54 0.780731 0.450614 0.119048 0.0848215 0.00126934
77 0.368217 0.64495 0.116279 0.408761 0.0011425
56 0.839563 0.680943 0.31423 0.604632 0.0011158
67 0.369601 0.643834 0.117663 0.404297 0.00105667
27 0.326343 0.565988 0.137735 0.26981 0.00104046
40 0.780731 0.450335 0.120432 0.0870536 0.00101185
27 0.368909 0.641183 0.117663 0.407366 0.865234
0 0.5 0.555804 1 0.888393 0.760742
74 0.780731 0.450614 0.119048 0.0848215 0.158203
39 0.826412 0.436384 0.221484 0.117188 0.018692
39 0.780731 0.446429 0.121816 0.09375 0.0152512
0 0.54222 0.613839 0.915559 0.75 0.014389
65 0.825028 0.438058 0.232558 0.120536 0.011734
27 0.985188 0.792411 0.0296235 0.223214 0.00945282
65 0.879014 0.470424 0.102436 0.132812 0.00912476
65 0.826412 0.46596 0.21041 0.146205 0.00806427
0 0.840255 0.679827 0.312846 0.58231 0.00634003
65 0.780731 0.446429 0.121816 0.09375 0.00540543
65 0.834718 0.430804 0.188261 0.102679 0.00526047
67 0.825028 0.438058 0.232558 0.120536 0.00503922
67 0.879014 0.416295 0.080288 0.0251116 0.00466537
57 0.5 0.574637 1 0.850725 0.00460815
60 0.5 0.571429 1 0.857143 0.00453949
78 0.780731 0.446429 0.121816 0.09375 0.00441742
78 0.826412 0.436384 0.221484 0.117188 0.00395966
67 0.780731 0.450335 0.120432 0.0870536 0.00383949
67 0.87763 0.42913 0.0789037 0.0496652 0.00380898
60 0.920543 0.83817 0.149502 0.308036 0.00277901
74 0.771041 0.448661 0.085825 0.0691965 0.00255013
32 0.883167 0.435826 0.0885936 0.0362723 0.00252151
60 0.818798 0.83817 0.347453 0.308036 0.00246239
57 0.553295 0.629464 0.893411 0.719866 0.00245285
27 0.364064 0.577009 0.110742 0.274554 0.00235939
65 0.844408 0.413504 0.163344 0.0703125 0.00233269
25 0.107973 0.882255 0.0332226 0.191964 0.00226021
0 0.592054 0.483329 0.815891 0.548968 0.00225258
27 0.985188 0.839286 0.0296235 0.308036 0.00220871
67 0.795266 0.435268 0.166113 0.11942 0.00218201
0 0.704423 0.531808 0.56513 0.460938 0.00211525
74 0.354374 0.966518 0.0269933 0.0267858 0.00201035
56 0.921927 0.83817 0.149502 0.310268 0.00198746
64 0.899086 0.440011 0.117663 0.0452009 0.00195694
65 0.881783 0.449219 0.102436 0.0837054 0.00193405
65 0.879707 0.43471 0.0968992 0.0647322 0.00177479
74 0.826412 0.436384 0.221484 0.117188 0.00174141
54 0.369601 0.643834 0.117663 0.404297 0.00174141
13 0.921927 0.83817 0.149502 0.310268 0.00171375
39 0.826412 0.46596 0.21041 0.146205 0.00162315
15 0.368217 0.645647 0.116279 0.409598 0.00156116
17 0.5 0.5625 1 0.875 0.00154877
56 0.54222 0.613839 0.915559 0.75 0.00146675
74 0.762735 0.448103 0.0636766 0.0569196 0.00136662
60 0.999723 0.862723 0.000553693 0.274554 0.00136185
54 0.780731 0.450614 0.119048 0.0848215 0.00133514
64 0.879014 0.470424 0.102436 0.132812 0.00129986
65 0.795266 0.435268 0.166113 0.11942 0.00127888
77 0.368217 0.645647 0.116279 0.409598 0.00111198
27 0.324612 0.565848 0.130122 0.268973 0.00109863
40 0.780731 0.450335 0.120432 0.0870536 0.00106525
56 0.839563 0.681362 0.31423 0.603795 0.00104809
67 0.369601 0.643834 0.117663 0.404297 0.00101662
79 0.844408 0.413504 0.163344 0.0703125 0.00101185
27 0.368909 0.641183 0.117663 0.407366 0.864258
0 0.5 0.555804 1 0.888393 0.759766
74 0.780731 0.450614 0.119048 0.0848215 0.157104
39 0.826412 0.436384 0.2201 0.117188 0.0190582
39 0.780731 0.445871 0.121816 0.0948661 0.0156021
0 0.54222 0.613839 0.915559 0.75 0.0149536
65 0.825028 0.438058 0.232558 0.120536 0.0117798
27 0.985188 0.792411 0.0296235 0.223214 0.00963593
65 0.879014 0.470424 0.102436 0.132812 0.00908661
65 0.826412 0.46596 0.21041 0.146205 0.00806427
0 0.840255 0.679827 0.312846 0.58231 0.0064888
65 0.780731 0.445871 0.121816 0.0948661 0.00544739
65 0.834718 0.430804 0.189646 0.102679 0.00518036
67 0.825028 0.438058 0.232558 0.120536 0.00502014
67 0.879014 0.416295 0.080288 0.0251116 0.0046463
57 0.5 0.574637 1 0.850725 0.00462723
60 0.5 0.571429 1 0.857143 0.00460815
78 0.780731 0.445871 0.121816 0.0948661 0.00443268
78 0.826412 0.436384 0.2201 0.117188 0.0039444
67 0.780731 0.450335 0.121816 0.0870536 0.00385475
67 0.87763 0.42913 0.0789037 0.0491071 0.00374985
60 0.920543 0.83817 0.149502 0.308036 0.00270462
74 0.770349 0.448661 0.0844408 0.0686384 0.00254059
27 0.363718 0.577009 0.110742 0.274554 0.00252151
32 0.883167 0.435826 0.0885936 0.0357143 0.00251198
57 0.553295 0.629604 0.893411 0.720703 0.00243378
60 0.818798 0.83817 0.347453 0.308036 0.00236893
65 0.844408 0.413225 0.163344 0.0697545 0.00233269
25 0.107973 0.882255 0.0332226 0.191964 0.00230598
67 0.794574 0.435268 0.166113 0.11942 0.00225258
0 0.5924 0.483817 0.815199 0.546875 0.00213242
0 0.704769 0.53125 0.564438 0.459821 0.00206757
74 0.354374 0.966518 0.0269933 0.0267858 0.00200272
56 0.921927 0.83817 0.149502 0.310268 0.00195694
65 0.881783 0.449219 0.102436 0.0837054 0.00194168
64 0.899086 0.440011 0.117663 0.0452009 0.00191879
65 0.879707 0.434989 0.0968992 0.0652902 0.00178242
74 0.826412 0.436384 0.2201 0.117188 0.00173378
54 0.369255 0.643834 0.117663 0.404297 0.0017271
13 0.921927 0.83817 0.149502 0.310268 0.00168705
39 0.826412 0.46596 0.21041 0.146205 0.00163555
17 0.5 0.5625 1 0.875 0.00156116
15 0.368217 0.645647 0.115587 0.408482 0.00156116
56 0.54222 0.613839 0.915559 0.75 0.00147247
74 0.762735 0.448103 0.0636766 0.0569196 0.00135612
60 0.999723 0.862723 0.000553693 0.274554 0.00133038
54 0.780731 0.450614 0.119048 0.0848215 0.00131512
65 0.794574 0.435268 0.166113 0.11942 0.00130463
64 0.879014 0.470424 0.102436 0.132812 0.00128937
77 0.368217 0.645647 0.115587 0.408482 0.0011034
27 0.324612 0.56529 0.130122 0.268973 0.00109863
40 0.780731 0.450335 0.121816 0.0870536 0.00106525
56 0.839563 0.680943 0.31423 0.604632 0.00104427
67 0.369255 0.643834 0.117663 0.404297 0.00101662
