74 0.519531 0.299851 0.0658482 0.0959822 0.844727
74 0.635045 0.31622 0.0334821 0.10119 0.832031
0 0.898438 0.845238 0.015625 0.0238096 0.00874329
74 0.638393 0.22619 0.0412947 0.0669643 0.00399017
0 0.0118234 0.662946 0.0214146 0.0729167 0.0037365
0 0.89788 0.848958 0.0178572 0.0327381 0.00359344
0 0.878348 0.855655 0.0133928 0.0178571 0.00314713
74 0.452567 0.24256 0.0200893 0.0386905 0.0029583
0 0.734375 0.688988 0.0122768 0.014881 0.00283432
0 0.0118757 0.651786 0.0211007 0.0505952 0.00264168
0 0.0115792 0.638393 0.0204381 0.0238095 0.00243378
74 0.546317 0.441964 0.0122768 0.0252976 0.00188923
74 0.51702 0.304316 0.0820312 0.190476 0.00183868
74 0.635045 0.302455 0.0513393 0.145833 0.00179577
23 0.0117188 0.662202 0.0209961 0.0744048 0.00165462
74 0.63058 0.21689 0.0223214 0.0476191 0.00141621
10 0.0115095 0.662946 0.0213449 0.0729167 0.00106049
74 0.519531 0.299851 0.0658482 0.0952381 0.847168
74 0.635045 0.31622 0.0334821 0.100446 0.835449
0 0.898438 0.845238 0.015625 0.0238096 0.0130692
0 0.89788 0.848958 0.0178572 0.0327381 0.00542831
74 0.638393 0.225818 0.0401786 0.0662203 0.00397491
0 0.878348 0.855655 0.0133928 0.0178571 0.00390053
0 0.878348 0.857887 0.015625 0.0163691 0.00378036
0 0.734375 0.688988 0.0133929 0.014881 0.00319672
0 0.0118234 0.662946 0.0212751 0.0729167 0.00301552
74 0.452567 0.24256 0.0200893 0.0394345 0.00256157
74 0.517299 0.302827 0.0814732 0.188988 0.00251198
74 0.636161 0.302455 0.0513393 0.145089 0.00226974
0 0.0115792 0.639137 0.0202985 0.0238095 0.00222588
0 0.0118583 0.64881 0.0209961 0.0416667 0.00218201
74 0.546317 0.441964 0.0128348 0.0260417 0.00178242
74 0.520647 0.297991 0.110491 0.214286 0.00144958
74 0.63058 0.216518 0.0223214 0.0476191 0.00139904
0 0.886161 0.849702 0.0334822 0.0327381 0.00109863
0 0.890625 0.848214 0.0279017 0.0327381 0.00106049
23 0.0116664 0.662202 0.0208915 0.0744048 0.00104427
0 0.69308 0.695685 0.0111607 0.0104167 0.00101662
74 0.519531 0.299851 0.0658482 0.0952381 0.859863
74 0.635045 0.31622 0.0334821 0.10119 0.850098
0 0.898438 0.845238 0.015625 0.0238096 0.0156708
0 0.89788 0.848958 0.0178572 0.0327381 0.00658798
0 0.878348 0.855655 0.0145089 0.0178571 0.00411606
74 0.638393 0.225818 0.0401786 0.0662203 0.00405502
0 0.734375 0.688988 0.0133929 0.014881 0.00324821
74 0.517299 0.304315 0.0803572 0.1875 0.00311089
74 0.636161 0.302827 0.0513393 0.142857 0.00275803
74 0.452567 0.24256 0.0200893 0.0394345 0.00266266
0 0.0117885 0.663691 0.0212751 0.0744048 0.00234222
74 0.546317 0.441964 0.0122768 0.0260417 0.00201035
0 0.0115967 0.638393 0.0201939 0.0238095 0.00178909
0 0.0118234 0.644345 0.0209961 0.0327381 0.00164223
74 0.63058 0.216518 0.0223214 0.0461309 0.00142097
0 0.886161 0.849702 0.0334822 0.0327381 0.00137806
0 0.680804 0.869048 0.0111608 0.0267857 0.00135136
0 0.877232 0.857887 0.0189732 0.0163691 0.00126457
0 0.890625 0.848214 0.0267858 0.0327381 0.00125504
74 0.519531 0.299851 0.0658482 0.0952381 0.874023
74 0.635045 0.31622 0.0334821 0.10119 0.871582
0 0.898438 0.845238 0.015625 0.0238096 0.0170441
0 0.898438 0.848214 0.0178572 0.0327381 0.00731659
0 0.878348 0.855655 0.015625 0.0178571 0.00429916
74 0.638393 0.225446 0.0401786 0.0654762 0.00416565
74 0.518136 0.308036 0.0797991 0.186012 0.00391388
74 0.636161 0.309524 0.0491071 0.129464 0.00363541
0 0.734375 0.688988 0.0133929 0.014881 0.00311089
74 0.546317 0.441964 0.0128348 0.0260417 0.00256157
74 0.452567 0.24256 0.0200893 0.0394345 0.00247192
0 0.680804 0.869048 0.0111608 0.0267857 0.00186062
0 0.0117885 0.663691 0.0212054 0.0744048 0.00168705
0 0.877232 0.857887 0.0189732 0.0163691 0.00157356
0 0.886161 0.849702 0.0323661 0.0327381 0.00150108
74 0.63058 0.215774 0.0223214 0.0453869 0.00144386
0 0.0115967 0.638393 0.0201242 0.0238095 0.00136185
74 0.635045 0.31622 0.0334821 0.0997024 0.89502
74 0.519531 0.299851 0.0658482 0.09375 0.892578
0 0.898438 0.845238 0.015625 0.0238096 0.0149536
0 0.89788 0.848214 0.0178572 0.0327381 0.00638962
74 0.518415 0.3125 0.079241 0.1875 0.00540543
74 0.636161 0.3125 0.046875 0.122024 0.00469971
74 0.638393 0.225818 0.0401786 0.0654762 0.00424957
0 0.878348 0.856399 0.015625 0.0178571 0.00363541
74 0.546317 0.441964 0.0122768 0.0252976 0.00321007
0 0.734375 0.688988 0.0133929 0.014881 0.00264168
74 0.452567 0.24256 0.0200893 0.0394345 0.00244331
0 0.680804 0.869048 0.0111608 0.0267857 0.00192642
74 0.630022 0.215402 0.0212053 0.0446429 0.0014782
0 0.886161 0.848958 0.03125 0.0327381 0.00142097
74 0.635045 0.22247 0.03125 0.0580357 0.00121593
74 0.635045 0.31622 0.0334821 0.0997024 0.924805
74 0.519531 0.299851 0.0647321 0.0922619 0.916016
0 0.898438 0.845238 0.015625 0.0238096 0.0148392
0 0.89788 0.848214 0.0178572 0.0327381 0.00614548
74 0.636161 0.31436 0.0446429 0.116071 0.00452042
74 0.638393 0.225818 0.0401786 0.0654762 0.00436401
74 0.518973 0.317336 0.079241 0.192708 0.00421524
74 0.546317 0.441592 0.0128348 0.0260417 0.00385475
0 0.878348 0.856399 0.015625 0.0178571 0.00337601
74 0.452846 0.24256 0.0200893 0.0394345 0.003088
0 0.734375 0.688988 0.0133929 0.014881 0.00237846
0 0.680804 0.869048 0.0122767 0.0267857 0.00196457
0 0.877232 0.858631 0.0200893 0.0148809 0.00155449
74 0.630022 0.214286 0.0200892 0.0416667 0.00145531
0 0.886161 0.849702 0.03125 0.0327381 0.00128937
74 0.633929 0.221726 0.03125 0.0565476 0.0012207
74 0.635045 0.31622 0.0334821 0.0997024 0.936523
74 0.520089 0.300223 0.0647322 0.0915179 0.924805
0 0.898438 0.845238 0.015625 0.0238096 0.0132751
0 0.898438 0.848214 0.0178572 0.0327381 0.00534439
74 0.636161 0.315104 0.0446429 0.114583 0.00473785
74 0.638393 0.22619 0.0401786 0.0654762 0.00421524
74 0.518973 0.318452 0.079241 0.19494 0.00421524
74 0.546317 0.441592 0.0128348 0.0260417 0.00388527
0 0.878348 0.856399 0.015625 0.0178571 0.00298119
74 0.452846 0.24256 0.0200893 0.0386905 0.0029583
0 0.734375 0.688988 0.0133929 0.014881 0.00192642
0 0.680804 0.869048 0.0133928 0.0282738 0.00174141
0 0.877232 0.858631 0.0200893 0.0148809 0.00146675
74 0.629464 0.213542 0.0200893 0.0401786 0.00131512
74 0.634487 0.22247 0.03125 0.0580357 0.00113392
0 0.885603 0.849702 0.0301339 0.0327381 0.00107288
74 0.635045 0.31622 0.0334821 0.0997024 0.942383
74 0.51981 0.300223 0.0652902 0.0915179 0.932617
0 0.898438 0.845238 0.015625 0.0238096 0.0124283
0 0.898438 0.848214 0.0178572 0.0327381 0.00488663
74 0.636161 0.314732 0.0446429 0.115327 0.00446701
74 0.638393 0.22619 0.0401786 0.0654762 0.00432968
74 0.546317 0.441592 0.0128348 0.0260417 0.00400543
74 0.519252 0.320685 0.078683 0.19494 0.00383949
74 0.453125 0.24256 0.0200893 0.0386905 0.00279999
0 0.878348 0.856399 0.015625 0.0178571 0.0026722
0 0.734375 0.688988 0.0133929 0.014881 0.0019722
0 0.680804 0.869792 0.0133928 0.0282738 0.00183868
0 0.877232 0.858631 0.0200893 0.0148809 0.00136185
74 0.629464 0.21317 0.0200893 0.0401786 0.00132465
74 0.633929 0.22247 0.03125 0.0572917 0.0011034
0 0.885603 0.849702 0.0301339 0.0327381 0.00100422
74 0.635045 0.31622 0.0334821 0.0997024 0.944824
74 0.519531 0.300223 0.0647321 0.0915179 0.93457
0 0.898438 0.845238 0.015625 0.0252977 0.0132217
74 0.638393 0.22619 0.0401786 0.0654762 0.00540543
0 0.898438 0.848214 0.0178572 0.0327381 0.00494385
74 0.636161 0.314732 0.045759 0.115327 0.00475693
74 0.546317 0.441592 0.0128348 0.0260417 0.00421524
74 0.519252 0.321801 0.078683 0.197173 0.00380898
74 0.453125 0.24256 0.0200893 0.0386905 0.00307465
0 0.878348 0.856399 0.015625 0.0178571 0.00282288
0 0.734375 0.688988 0.0133929 0.014881 0.00212479
0 0.680804 0.869792 0.0133928 0.0282738 0.00202751
74 0.629464 0.21317 0.0189732 0.0401786 0.00152493
0 0.877232 0.858631 0.0200893 0.0148809 0.00143242
74 0.633929 0.22247 0.03125 0.0580357 0.00129986
74 0.535993 0.534226 0.0329241 0.0892857 0.00111198
74 0.579799 0.202753 0.0189732 0.0438988 0.0011034
0 0.885603 0.849702 0.0301339 0.0327381 0.00102425
74 0.635045 0.315848 0.0334821 0.100446 0.950195
74 0.519531 0.300223 0.0647321 0.0915179 0.939453
0 0.898438 0.845238 0.015625 0.0252977 0.012825
74 0.638393 0.22619 0.0401786 0.0654762 0.00564194
0 0.898438 0.848214 0.0178572 0.0327381 0.00486755
74 0.546317 0.441592 0.0122768 0.0260417 0.00475693
74 0.636161 0.314732 0.046875 0.116071 0.00415039
74 0.453125 0.242932 0.0200893 0.0386905 0.00344276
74 0.519252 0.323661 0.078683 0.199405 0.00321007
0 0.878348 0.856399 0.015625 0.0178571 0.00273705
0 0.734375 0.688988 0.0133929 0.014881 0.00219917
0 0.680804 0.869792 0.0133928 0.0282738 0.00202751
74 0.629464 0.21317 0.0189732 0.0394345 0.00157356
0 0.895089 0.848214 0.0223214 0.03125 0.00154877
0 0.877232 0.857887 0.0200893 0.0163691 0.00144958
0 0.876116 0.855655 0.0200893 0.0223214 0.00141621
74 0.535714 0.533482 0.0323661 0.0863096 0.00131989
74 0.580357 0.202753 0.0178571 0.0438988 0.00131512
74 0.633929 0.222842 0.0301339 0.0572917 0.00130463
0 0.886161 0.849702 0.03125 0.0327381 0.00104809
74 0.635045 0.315848 0.0334821 0.100446 0.954102
74 0.519531 0.300595 0.0647321 0.0907738 0.941895
0 0.898438 0.845238 0.015625 0.0252977 0.012146
74 0.546317 0.44122 0.0128348 0.0267857 0.00534439
0 0.898438 0.848958 0.0178572 0.0327381 0.00482941
74 0.638393 0.226935 0.0401786 0.0654762 0.00469971
74 0.453125 0.243304 0.0200893 0.0379464 0.00468063
74 0.636161 0.31622 0.046875 0.113095 0.00341606
74 0.580357 0.203497 0.0178571 0.0424107 0.00237846
74 0.520089 0.313244 0.0948661 0.206845 0.0020504
0 0.878348 0.856399 0.015625 0.0178571 0.00201988
0 0.734375 0.688988 0.0133929 0.014881 0.00162315
74 0.536272 0.530506 0.0323661 0.0811012 0.00156689
74 0.547433 0.441592 0.0178572 0.0357143 0.00139904
74 0.628906 0.211682 0.0178571 0.0364583 0.0012064
74 0.524554 0.55878 0.0546875 0.138393 0.0011692
0 0.848214 0.749256 0.0178571 0.0342262 0.00106049
74 0.635045 0.31622 0.0334821 0.0997024 0.94873
74 0.519531 0.300595 0.0647321 0.0907738 0.93457
0 0.898438 0.845238 0.015625 0.0252977 0.00891876
74 0.452288 0.243304 0.0172991 0.0386905 0.0053215
74 0.546317 0.44122 0.0122768 0.0267857 0.00473785
74 0.638393 0.226935 0.0401786 0.0654762 0.0042305
0 0.898438 0.848958 0.0178572 0.0327381 0.00382423
74 0.580357 0.203869 0.0178571 0.0424107 0.00321007
74 0.636161 0.316592 0.046875 0.112351 0.0024147
0 0.916295 0 0.167411 0 0.00225258
74 0.520647 0.31436 0.0970983 0.210565 0.0015974
74 0.535993 0.530506 0.032366 0.0811012 0.00145531
74 0.547712 0.441592 0.0184152 0.0372024 0.00134087
0 0.878348 0.857143 0.015625 0.0178572 0.00128937
74 0.520368 0.553199 0.063058 0.127232 0.00112915
74 0.55413 0.192708 0.016741 0.0215774 0.0011034
0 0.194475 0 0.279018 0 0.00105667
0 0.847656 0.749256 0.0178572 0.0342262 0.00103188
0 0.734375 0.688988 0.0133929 0.014881 0.00102806
74 0.635603 0.31622 0.032366 0.0997024 0.94043
74 0.519531 0.300967 0.0647321 0.0900298 0.923828
74 0.452288 0.243304 0.0172991 0.0386905 0.00616837
0 0.898438 0.845238 0.015625 0.0267857 0.00551224
0 0.916295 0 0.167411 0 0.00418091
74 0.546317 0.441592 0.0122768 0.0275298 0.00399017
74 0.580357 0.204241 0.0178571 0.0416667 0.00395966
74 0.638393 0.227679 0.0401786 0.0654762 0.00359344
0 0.898438 0.848958 0.0178572 0.0327381 0.00279045
0 0.882812 0 0.234375 0 0.00185299
0 0.142718 0 0.275949 0 0.0016613
74 0.636719 0.317336 0.0491071 0.113095 0.0016613
0 0.193638 0 0.280692 0 0.00161076
74 0.534598 0.530506 0.0357143 0.0818452 0.00157928
74 0.521205 0.313988 0.0993303 0.214286 0.00143242
60 0.788505 1 0.422991 0 0.00138283
74 0.517578 0.547619 0.0680804 0.116071 0.00131512
74 0.547991 0.441964 0.0189733 0.0386905 0.00128937
74 0.55413 0.192708 0.016741 0.0215774 0.00122547
60 0.121582 1 0.243164 0 0.00111198
0 0.380301 0 0.266741 0 0.00104809
0 0.847656 0.749256 0.0178572 0.0342262 0.00104046
74 0.635603 0.31622 0.032366 0.100446 0.935059
74 0.519531 0.301339 0.0647321 0.0892857 0.915039
74 0.452567 0.243304 0.0178571 0.0386905 0.00720596
74 0.580357 0.204613 0.0178571 0.0416667 0.00496292
0 0.916016 0 0.167969 0 0.00494385
74 0.638393 0.227679 0.0401786 0.0654762 0.00403976
0 0.898438 0.845238 0.015625 0.0267857 0.00397491
74 0.546317 0.441964 0.0122768 0.0282738 0.00333786
0 0.144252 0 0.279018 0 0.00299263
0 0.883371 0 0.233259 0 0.00224304
0 0.898438 0.848958 0.0178572 0.0327381 0.00223351
0 0.192278 0 0.282854 0 0.00183868
74 0.531529 0.530878 0.0412946 0.0825893 0.00174809
74 0.521763 0.313616 0.101562 0.216518 0.00151253
60 0.773019 1 0.453962 0 0.00151253
74 0.517299 0.547619 0.0691964 0.116071 0.00144958
74 0.637277 0.31808 0.0513393 0.115327 0.00138855
60 0.905692 1 0.188616 0 0.00137234
74 0.55413 0.192615 0.016741 0.0210193 0.00131989
0 0.0771484 0 0.154297 0 0.0012846
60 0.121303 1 0.242606 0 0.00126457
74 0.547712 0.441964 0.0195312 0.0401786 0.00121117
0 0.847098 0.75 0.015625 0.0297619 0.00118828
60 0.25293 1 0.505859 0 0.00117874
0 0.38058 0 0.268415 0 0.00113392
74 0.635603 0.31622 0.032366 0.100446 0.93457
74 0.519531 0.301339 0.0647321 0.0892857 0.911621
74 0.452567 0.243304 0.0178571 0.0386905 0.00787354
74 0.580915 0.204706 0.0189732 0.0414807 0.0064888
0 0.898438 0.845238 0.015625 0.0267857 0.00446701
0 0.915737 0 0.168527 0 0.00416565
74 0.638393 0.228051 0.0401786 0.0662202 0.00323486
74 0.546596 0.441592 0.0128348 0.0282738 0.00304031
0 0.898438 0.848958 0.0178572 0.0327381 0.00254059
74 0.52288 0.53125 0.0580357 0.0833333 0.00229645
74 0.516741 0.543155 0.0697545 0.107143 0.00191879
60 0.820871 1 0.358259 0 0.00178909
0 0.0785435 0 0.157087 0 0.00175476
0 0.148019 0 0.291016 0 0.0016613
74 0.522321 0.311756 0.104911 0.221726 0.00144386
74 0.55413 0.19308 0.016741 0.0215774 0.00141048
0 0.848214 0.75 0.0178571 0.0327381 0.00138855
0 0.882255 0 0.235491 0 0.00129414
4 0.814453 1 0.371094 0 0.00115108
74 0.547712 0.441964 0.0206473 0.0416667 0.00109863
74 0.556362 0.441964 0.0111607 0.0491071 0.00107288
74 0.532924 0.271205 0.0200893 0.0245536 0.00105667
56 0.896763 0 0.206473 0 0.00100803
74 0.636161 0.31622 0.0334821 0.100446 0.935547
74 0.518973 0.301339 0.0647321 0.0900298 0.915527
74 0.452567 0.243304 0.0184152 0.0394345 0.00933838
74 0.580915 0.204985 0.0189732 0.0409226 0.00790405
0 0.898438 0.845238 0.015625 0.0267857 0.00426483
74 0.638951 0.228423 0.0412946 0.0654762 0.00399017
0 0.914621 0 0.170759 0 0.00300407
74 0.546596 0.441964 0.0128348 0.0282738 0.00287819
74 0.519531 0.531622 0.0652902 0.0840774 0.0024929
0 0.898438 0.848958 0.0178572 0.0327381 0.0024147
74 0.516183 0.551339 0.0703125 0.122024 0.00161076
60 0.808594 1 0.382812 0 0.00157928
74 0.55413 0.19308 0.0178571 0.0215774 0.00155449
74 0.52288 0.310268 0.107143 0.223214 0.00154305
0 0.0795201 0 0.15904 0 0.00150108
0 0.847656 0.75 0.0167411 0.0327381 0.00148964
0 0.149135 0 0.294364 0 0.00121593
74 0.556362 0.441964 0.0111607 0.0491071 0.00120163
74 0.533203 0.270833 0.0200893 0.0238095 0.00119686
74 0.547712 0.441964 0.0206473 0.0416667 0.00109863
0 0.078404 0.28497 0.153181 0.560268 0.00102425
2 0.878348 0.858631 0.015625 0.0148809 0.00100803
74 0.636161 0.31622 0.0334821 0.0997024 0.9375
74 0.518973 0.301339 0.0647321 0.0892857 0.92041
74 0.452567 0.243304 0.0189732 0.0401786 0.0105667
74 0.580915 0.204985 0.0189732 0.0416667 0.00831604
0 0.898438 0.845238 0.015625 0.0267857 0.00510025
74 0.638951 0.228051 0.0412946 0.0654762 0.00492477
74 0.546596 0.441964 0.0128348 0.0290179 0.00314713
0 0.898438 0.848958 0.0178572 0.0327381 0.00274658
74 0.519531 0.531622 0.0658482 0.0840774 0.0024929
0 0.92327 0 0.15346 0 0.00203514
0 0.847656 0.75 0.0167411 0.0327381 0.00174809
74 0.554827 0.192615 0.0175781 0.0210193 0.0016613
74 0.523438 0.311012 0.107143 0.223214 0.0016613
74 0.516183 0.551339 0.0703125 0.123512 0.00159168
74 0.556362 0.441964 0.0111607 0.0491071 0.00134563
74 0.532924 0.270833 0.0200893 0.0238095 0.00128937
74 0.547712 0.442336 0.0206473 0.0424107 0.00124454
2 0.878348 0.857887 0.015625 0.0163691 0.00116539
60 0.8125 1 0.375 0 0.00110722
0 0.149833 0 0.295201 0 0.00109005
74 0.450056 0.245536 0.0251116 0.0372024 0.00102425
74 0.636161 0.31622 0.0334821 0.0997024 0.940918
74 0.519252 0.301339 0.0647322 0.0892857 0.925293
74 0.452567 0.242932 0.0189732 0.0401786 0.0113297
74 0.580915 0.20545 0.0189732 0.0414807 0.00821686
0 0.898438 0.845238 0.0167411 0.0267857 0.00658798
74 0.638951 0.228423 0.0412946 0.0654762 0.00544739
74 0.546596 0.441964 0.0128348 0.0290179 0.00349617
74 0.519531 0.531622 0.0652902 0.0840774 0.00281143
0 0.847656 0.75 0.0167411 0.0327381 0.00214005
74 0.516183 0.551339 0.0703125 0.123512 0.00184631
74 0.523438 0.311012 0.107143 0.221726 0.00174141
74 0.554827 0.192615 0.0175781 0.0210193 0.0017271
0 0.922154 0 0.155692 0 0.00167465
74 0.556362 0.441964 0.0111607 0.0491071 0.0015192
74 0.532924 0.271205 0.0212053 0.0245536 0.00139427
2 0.878348 0.857887 0.015625 0.0163691 0.00136185
74 0.547433 0.442336 0.0212053 0.0424107 0.00131989
74 0.450335 0.245536 0.0256697 0.0372024 0.00110722
74 0.636161 0.31622 0.0334821 0.0997024 0.941895
74 0.519252 0.301339 0.0647322 0.0892857 0.927246
74 0.452567 0.243304 0.0189732 0.0401786 0.0121918
74 0.580915 0.205357 0.0189732 0.0409226 0.0085144
0 0.898438 0.845238 0.0167411 0.0267857 0.00812531
74 0.638951 0.228423 0.0412946 0.0654762 0.00564194
74 0.546596 0.441964 0.0128348 0.0282738 0.00372124
74 0.518415 0.531994 0.0669643 0.0848214 0.0030632
0 0.847656 0.75 0.0167411 0.0327381 0.00253105
74 0.516183 0.549107 0.0703125 0.119048 0.00202751
74 0.554827 0.192615 0.0175781 0.0210193 0.00177479
74 0.523438 0.311756 0.108259 0.21875 0.00168705
74 0.556362 0.441964 0.0111607 0.0483631 0.00161076
2 0.878348 0.857887 0.015625 0.0163691 0.00153637
74 0.532924 0.270833 0.0200893 0.0238095 0.00149536
0 0.921317 0 0.157366 0 0.00138855
74 0.547433 0.442336 0.0212053 0.0424107 0.00133038
74 0.450614 0.245536 0.0262277 0.0372024 0.00110722
74 0.52846 0.445685 0.0122767 0.0245536 0.00107288
74 0.636161 0.31622 0.0334821 0.0997024 0.943359
74 0.519252 0.301339 0.0647322 0.0892857 0.930664
74 0.452567 0.243304 0.0189732 0.0401786 0.0120544
0 0.898438 0.845238 0.0167411 0.0267857 0.00937653
74 0.580915 0.205729 0.0189732 0.0401786 0.00861359
74 0.638951 0.230655 0.0435268 0.0602679 0.00605011
74 0.546596 0.441964 0.0128348 0.0282738 0.00391388
74 0.518415 0.531994 0.0680804 0.0848214 0.00309944
0 0.847656 0.75 0.0167411 0.0327381 0.00279045
74 0.516183 0.547619 0.0703125 0.116071 0.00199509
74 0.554827 0.192615 0.0175781 0.0210193 0.00178242
74 0.556362 0.441964 0.0111607 0.0483631 0.00169373
2 0.878348 0.857887 0.015625 0.0163691 0.00168705
74 0.523717 0.3125 0.107701 0.215774 0.00164223
74 0.532924 0.270833 0.0200893 0.0238095 0.00153065
74 0.547433 0.442336 0.0212053 0.0424107 0.00143242
0 0.92048 0 0.15904 0 0.00126457
74 0.636161 0.225446 0.0334821 0.0610119 0.00117397
74 0.52846 0.445685 0.0122767 0.0245536 0.0011158
74 0.450614 0.245536 0.0262277 0.0372024 0.00108624
74 0.636161 0.31622 0.0334821 0.0997024 0.942871
74 0.519252 0.301339 0.0647322 0.0892857 0.930664
74 0.452567 0.243304 0.0189732 0.0401786 0.0124283
0 0.898438 0.845238 0.0167411 0.0267857 0.00937653
74 0.580915 0.205264 0.0189732 0.0403646 0.00861359
74 0.638951 0.230655 0.0435268 0.0602679 0.00577545
74 0.546596 0.441964 0.0128348 0.0282738 0.00399017
74 0.518415 0.531994 0.0675223 0.0848214 0.0030632
0 0.847656 0.75 0.0167411 0.0327381 0.00281143
74 0.516183 0.547619 0.0703125 0.116071 0.00201035
74 0.554827 0.192615 0.0175781 0.0210193 0.00175476
74 0.556362 0.441964 0.0111607 0.0483631 0.00172043
2 0.878348 0.857887 0.015625 0.0163691 0.00171375
74 0.523717 0.3125 0.107701 0.215774 0.00167465
74 0.532924 0.270833 0.0200893 0.0238095 0.00151253
74 0.547433 0.442336 0.0212053 0.0424107 0.0014782
0 0.920201 0 0.159598 0 0.00129414
74 0.52846 0.445685 0.0122767 0.0245536 0.00114727
74 0.636161 0.225446 0.0334821 0.0610119 0.0011425
74 0.450614 0.245536 0.0262277 0.0372024 0.00112057
