16 0.188552 0.534347 0.170296 0.291667 0.920898
43 0.692331 0.536036 0.160541 0.516892 0.379395
36 0.691774 0.535755 0.163885 0.516329 0.212036
37 0.694561 0.53491 0.169459 0.51464 0.112793
43 0.764797 0.532376 0.107027 0.491554 0.0946655
31 0.691774 0.535755 0.163885 0.516329 0.0552063
56 0.0617356 0.555321 0.120684 0.168637 0.0417786
27 0.691774 0.535755 0.163885 0.516329 0.0389099
56 0.0615266 0.474662 0.114692 0.236486 0.0174408
56 0.0388809 0.535755 0.0767863 0.13232 0.0166626
37 0.758108 0.530969 0.12375 0.490991 0.0162811
60 0.532905 0.823198 0.932027 0.331081 0.0146179
56 0.0827091 0.474099 0.073163 0.23536 0.012146
31 0.758108 0.530969 0.12375 0.490991 0.0117798
64 0.821656 0.815315 0.251959 0.0833333 0.0085144
65 0.692331 0.527872 0.160541 0.50732 0.00821686
76 0.692331 0.527872 0.160541 0.50732 0.00737381
27 0.749189 0.537725 0.142703 0.484234 0.00706482
56 0.133366 0.587275 0.0788767 0.128378 0.0068779
25 0.431453 0.373874 0.0362331 0.179054 0.00629044
17 0.187297 0.534347 0.171689 0.291667 0.00629044
43 0.753649 0.802928 0.16277 0.0563063 0.00600433
34 0.694561 0.53491 0.169459 0.51464 0.00570679
56 0.0568581 0.535473 0.113298 0.126126 0.00564194
56 0.0264693 0.538851 0.0525554 0.137387 0.00534439
56 0.0252325 0.505631 0.0500121 0.0731982 0.00521851
19 0.187297 0.534347 0.171689 0.291667 0.00500107
64 0.756436 0.811374 0.160541 0.0731982 0.00486755
25 0.424764 0.374437 0.0379054 0.18018 0.00481033
56 0.0341427 0.507601 0.0682855 0.0788288 0.00477219
36 0.758108 0.530969 0.12375 0.490991 0.00460815
60 0.374873 0.789415 0.738598 0.391892 0.00432968
56 0.0178378 0.505631 0.0350486 0.0743244 0.00424957
27 0.684527 0.555039 0.127095 0.374155 0.0042305
15 0.755878 0.810811 0.16723 0.0743243 0.00418091
65 0.753649 0.802928 0.16277 0.0563063 0.00416565
65 0.454865 0.684685 0.138243 0.0777027 0.00405502
56 0.200536 0.5 0.352019 0.39527 0.00403976
15 0.187297 0.534347 0.171689 0.291667 0.00403976
60 0.54712 0.661599 0.870152 0.655406 0.00374985
37 0.694561 0.491836 0.581959 0.661599 0.00365067
64 0.842838 0.824324 0.217399 0.0698198 0.00356483
13 0.697905 0.46875 0.587534 0.657095 0.00322342
56 0.0937183 0.558559 0.159286 0.171171 0.00318527
64 0.910287 0.846847 0.0613176 0.0259009 0.00313568
56 0.140473 0.563063 0.0540709 0.079955 0.00312424
26 0.755878 0.8125 0.16277 0.0765766 0.00305176
16 0.302756 0.509009 0.407901 0.432432 0.00284576
76 0.837264 0.816442 0.216284 0.0833333 0.00281143
79 0.691774 0.535755 0.163885 0.516329 0.00277901
60 0.607044 0.857545 0.748074 0.266892 0.00269318
0 0.809392 0.536318 0.301014 0.578266 0.00257111
66 0.455422 0.684685 0.138243 0.0777027 0.00256157
68 0.653311 0.4375 0.665574 0.665541 0.00244331
27 0.765912 0.555321 0.100338 0.37134 0.00236893
60 0.54935 0.766329 0.861233 0.445946 0.00231361
34 0.313834 0.420045 0.0707939 0.227478 0.00230598
43 0.426715 0.375 0.04125 0.181306 0.00228691
26 0.837264 0.816442 0.216284 0.0833333 0.00224304
30 0.694561 0.53491 0.169459 0.51464 0.00223351
26 0.791554 0.813063 0.220743 0.0788288 0.00222588
0 0.639793 0.591076 0.635752 0.601633 0.00222588
76 0.431453 0.373874 0.0362331 0.179054 0.00219154
27 0.760895 0.534347 0.179493 0.561937 0.00216484
16 0.148277 0.500563 0.0777618 0.199324 0.00214958
18 0.187297 0.534347 0.171689 0.291667 0.00214005
76 0.424764 0.374437 0.0379054 0.18018 0.00210762
6 0.653311 0.4375 0.665574 0.665541 0.00206757
67 0.753649 0.802928 0.16277 0.0563063 0.00205803
56 0.13131 0.49071 0.256349 0.264077 0.00194168
66 0.503919 0.70214 0.243041 0.120495 0.00192642
0 0.760895 0.534347 0.179493 0.561937 0.00192642
76 0.753649 0.802928 0.16277 0.0563063 0.00191879
56 0.273978 0.492188 0.53625 0.469454 0.00188923
72 0.686199 0.502252 0.574156 0.644144 0.00185299
14 0.424764 0.374437 0.0379054 0.18018 0.00183105
37 0.760895 0.534347 0.179493 0.561937 0.00178242
64 0.804933 0.80687 0.0490541 0.0304054 0.00176811
56 0.187297 0.534347 0.171689 0.291667 0.00175476
64 0.797128 0.797297 0.0780405 0.0518018 0.00164223
13 0.0617356 0.555321 0.120684 0.168637 0.00162888
43 0.504198 0.699324 0.239138 0.113739 0.00162315
56 0.345608 0.618243 0.0401351 0.0810811 0.0015974
56 0.0170365 0.481419 0.0318433 0.0247748 0.00157928
37 0.728007 0.54223 0.182838 0.503378 0.00156116
56 0.131554 0.557573 0.084451 0.184403 0.00143814
14 0.431453 0.373874 0.0362331 0.179054 0.00142097
25 0.0827091 0.474099 0.073163 0.23536 0.00142097
36 0.734696 0.553209 0.169459 0.551239 0.00140476
74 0.653311 0.4375 0.665574 0.665541 0.00139427
14 0.755878 0.8125 0.16277 0.0765766 0.00138855
60 0.0618053 0.55518 0.12152 0.167793 0.00138283
16 0.282061 0.490498 0.549628 0.478463 0.00137806
78 0.755878 0.8125 0.16277 0.0765766 0.00136662
14 0.833919 0.814189 0.218514 0.0788288 0.00136662
14 0.791554 0.813063 0.220743 0.0788288 0.00136185
59 0.694561 0.491836 0.581959 0.661599 0.00135612
0 0.821656 0.815315 0.251959 0.0833333 0.00135136
24 0.755878 0.8125 0.16277 0.0765766 0.00134563
34 0.758108 0.530969 0.12375 0.490991 0.00133514
16 0.755878 0.8125 0.16277 0.0765766 0.00130463
27 0.313556 0.422016 0.0719088 0.225788 0.00129986
64 0.799358 0.810811 0.0602027 0.0405405 0.00129414
61 0.697905 0.46875 0.587534 0.657095 0.00127411
61 0.639793 0.591076 0.635752 0.601633 0.00126934
0 0.403581 0.491554 0.197331 0.328829 0.00126457
43 0.728007 0.54223 0.182838 0.503378 0.00126457
56 0.244016 0.49268 0.225481 0.381757 0.0012598
56 0.0173849 0.485642 0.0339337 0.0343469 0.00125504
56 0.139079 0.600225 0.0629899 0.0945946 0.00125504
15 0.778176 0.817568 0.205135 0.0878379 0.00125504
65 0.840608 0.818694 0.214054 0.0810811 0.00124931
44 0.753649 0.802928 0.16277 0.0563063 0.0012207
56 0.0843117 0.533221 0.074696 0.109234 0.00120163
41 0.345608 0.618243 0.0401351 0.0833333 0.00118351
28 0.653311 0.4375 0.665574 0.665541 0.00117874
75 0.694561 0.53491 0.169459 0.51464 0.00117874
56 0.0455004 0.544482 0.0910009 0.0731982 0.0011692
78 0.836149 0.815315 0.222973 0.0810811 0.0011692
28 0.713514 0.53491 0.198446 0.513514 0.00116062
17 0.404696 0.565878 0.168345 0.197072 0.00115108
61 0.798243 0.55152 0.319966 0.573761 0.0011425
56 0.0868898 0.555743 0.0965752 0.157658 0.00111198
73 0.454307 0.684685 0.137128 0.0777027 0.00107765
44 0.426715 0.375 0.04125 0.181306 0.00106907
73 0.503919 0.70214 0.243041 0.120495 0.00106907
0 0.313277 0.422297 0.0696791 0.222973 0.00106049
15 0.768699 0.835586 0.193987 0.123874 0.00105667
24 0.790997 0.814189 0.190642 0.0810811 0.00105667
30 0.758108 0.530969 0.12375 0.490991 0.00105667
72 0.391875 0.361487 0.652196 0.682433 0.00105286
56 0.713514 0.53491 0.198446 0.513514 0.00103664
76 0.764797 0.532376 0.107027 0.491554 0.00103188
31 0.760895 0.534347 0.179493 0.561937 0.00102043
37 0.875726 0.525831 0.183953 0.528294 0.00101662
31 0.728007 0.54223 0.182838 0.503378 0.00100422
16 0.188447 0.534347 0.170505 0.292793 0.921875
43 0.691216 0.538007 0.160541 0.523086 0.361084
36 0.691216 0.537725 0.165 0.522523 0.256836
37 0.694561 0.535473 0.168345 0.515766 0.135742
31 0.691216 0.537725 0.165 0.522523 0.0792236
43 0.765355 0.532095 0.105912 0.493243 0.0651245
56 0.0618053 0.556166 0.121102 0.1692 0.0460205
56 0.0605511 0.47607 0.117479 0.239302 0.035675
27 0.691216 0.537725 0.165 0.522523 0.0307922
37 0.758666 0.529842 0.120405 0.489865 0.0232391
56 0.0829007 0.474662 0.0733372 0.236486 0.0168457
56 0.0389158 0.534628 0.076856 0.131194 0.0159607
64 0.824443 0.815315 0.2475 0.0833333 0.0120544
31 0.758666 0.529842 0.120405 0.489865 0.0109024
64 0.780406 0.813063 0.193986 0.0788288 0.0105286
60 0.532627 0.824324 0.92478 0.328829 0.0088501
65 0.692331 0.529842 0.160541 0.512387 0.00874329
65 0.454865 0.684685 0.138243 0.0777027 0.00671768
56 0.133261 0.586149 0.0785283 0.129505 0.00609589
56 0.0266522 0.538288 0.0528167 0.138514 0.00595856
64 0.842838 0.824887 0.217399 0.070946 0.00582123
60 0.370135 0.79223 0.731351 0.384009 0.00572968
56 0.0233425 0.505631 0.0463366 0.0731982 0.00526047
56 0.0572065 0.530969 0.113716 0.120495 0.00526047
36 0.765355 0.532095 0.105912 0.493243 0.00486755
25 0.431453 0.373592 0.0356757 0.179054 0.00473785
64 0.754764 0.810811 0.165 0.072072 0.00473785
64 0.910845 0.846847 0.0624324 0.0259009 0.00471878
56 0.0341427 0.50732 0.0682855 0.0788288 0.00468063
56 0.0258858 0.5183 0.0506567 0.0996622 0.00466537
76 0.692331 0.529842 0.160541 0.512387 0.00439835
17 0.187332 0.534065 0.17162 0.29223 0.0042305
27 0.749189 0.534347 0.140473 0.478604 0.00411606
65 0.755878 0.811374 0.16723 0.0743243 0.00403976
43 0.753649 0.802928 0.16277 0.0563063 0.00399017
64 0.804933 0.80687 0.0490541 0.0304054 0.00390053
15 0.187332 0.534065 0.17162 0.29223 0.00376511
34 0.694561 0.535473 0.168345 0.515766 0.00370789
25 0.423649 0.374719 0.0345608 0.18018 0.00363541
19 0.187332 0.534065 0.17162 0.29223 0.00352478
66 0.455422 0.684685 0.138243 0.0777027 0.00328636
56 0.140787 0.563063 0.0540013 0.079955 0.00314713
64 0.797128 0.797297 0.0758109 0.0518018 0.00313568
66 0.503919 0.701577 0.241926 0.119369 0.00304031
27 0.684527 0.555743 0.127095 0.372748 0.00284576
64 0.800473 0.810811 0.0602027 0.0405405 0.00279045
56 0.0928125 0.558559 0.161655 0.171171 0.00269318
56 0.192593 0.5 0.324983 0.396396 0.00269318
43 0.423649 0.374719 0.0345608 0.18018 0.00266266
26 0.755878 0.813063 0.16277 0.0765766 0.00253105
56 0.187332 0.534065 0.17162 0.29223 0.00245285
56 0.0177159 0.503942 0.0339685 0.0698198 0.0024147
67 0.753649 0.802928 0.16277 0.0563063 0.00235939
43 0.432289 0.373029 0.0351182 0.177365 0.00233269
26 0.838378 0.817005 0.216284 0.0844595 0.00232315
16 0.148277 0.500563 0.0777618 0.197072 0.00221634
37 0.688429 0.493525 0.567466 0.659347 0.00208282
76 0.838378 0.817005 0.216284 0.0844595 0.00202751
0 0.639375 0.604167 0.641047 0.626126 0.00194168
0 0.759223 0.536318 0.176149 0.555743 0.00191879
0 0.774831 0.542793 0.289865 0.542793 0.00189686
15 0.755878 0.811374 0.16723 0.0743243 0.00185299
56 0.345887 0.618243 0.0401351 0.0810811 0.00184631
60 0.0625718 0.557573 0.122914 0.173142 0.00184631
41 0.345608 0.618243 0.0390203 0.0833333 0.00183868
73 0.454307 0.684685 0.137128 0.0777027 0.00183105
13 0.0618053 0.556166 0.121102 0.1692 0.00179577
18 0.187332 0.534065 0.17162 0.29223 0.00178909
26 0.789324 0.814189 0.173919 0.079955 0.00176811
56 0.0170017 0.481419 0.0317737 0.0247748 0.00173378
37 0.759223 0.536318 0.176149 0.555743 0.0017004
28 0.692331 0.529842 0.160541 0.512387 0.00169373
73 0.503919 0.701577 0.241926 0.119369 0.00168133
79 0.691216 0.537725 0.165 0.522523 0.0016613
76 0.431453 0.373592 0.0356757 0.179054 0.0016489
43 0.504755 0.699324 0.238024 0.113739 0.00159168
30 0.694561 0.535473 0.168345 0.515766 0.00157356
60 0.613733 0.860361 0.725777 0.261261 0.00155449
76 0.423649 0.374719 0.0345608 0.18018 0.0015192
65 0.840608 0.81982 0.214054 0.0822072 0.00151253
76 0.753649 0.802928 0.16277 0.0563063 0.00150681
36 0.734139 0.552646 0.169459 0.551239 0.00146675
64 0.794899 0.814189 0.0724663 0.0484234 0.00140476
56 0.0173501 0.485923 0.033864 0.0349099 0.00137234
6 0.652196 0.442849 0.66223 0.662725 0.0012846
27 0.765355 0.555321 0.100338 0.366836 0.00126457
56 0.08304 0.528716 0.08142 0.103604 0.00125504
24 0.755878 0.813063 0.16277 0.0765766 0.00124454
72 0.673936 0.501126 0.547399 0.63964 0.00123501
56 0.130997 0.556869 0.0858446 0.184685 0.00123024
56 0.139079 0.59924 0.0627112 0.0965653 0.0012064
78 0.755878 0.813063 0.16277 0.0765766 0.00120163
25 0.0829007 0.474662 0.0733372 0.236486 0.00119686
68 0.652196 0.442849 0.66223 0.662725 0.00119686
56 0.0858446 0.556306 0.0997804 0.15991 0.00118828
13 0.694003 0.46875 0.578615 0.657095 0.00118828
59 0.454865 0.637528 0.136014 0.175394 0.00117874
27 0.759223 0.536318 0.176149 0.555743 0.00115108
56 0.0458488 0.544482 0.0916976 0.0720721 0.00112057
56 0.284778 0.493243 0.556457 0.472973 0.0011158
14 0.423649 0.374719 0.0345608 0.18018 0.00108624
24 0.789324 0.814189 0.173919 0.079955 0.00108147
60 0.549628 0.665681 0.860676 0.643863 0.00107765
56 0.711841 0.536318 0.197331 0.518581 0.00106049
56 0.0438281 0.513795 0.0861233 0.128941 0.00104427
78 0.838378 0.815879 0.218514 0.0822072 0.00104046
0 0.824443 0.815315 0.2475 0.0833333 0.00102806
34 0.313834 0.420045 0.0702365 0.227478 0.00101662
64 0.784865 0.800676 0.100338 0.054054 0.00100803
16 0.188412 0.534347 0.170574 0.292793 0.91748
43 0.691774 0.539414 0.16277 0.527027 0.317383
36 0.692331 0.530124 0.16277 0.512951 0.200562
37 0.695118 0.535473 0.170574 0.516892 0.15918
56 0.0602201 0.476351 0.11842 0.239865 0.0549927
31 0.691774 0.538851 0.165 0.524775 0.0531921
56 0.0619969 0.556306 0.121555 0.171171 0.0516663
27 0.691774 0.538851 0.165 0.524775 0.0230713
43 0.764797 0.532939 0.107027 0.499437 0.0199432
56 0.0830749 0.475225 0.073825 0.236486 0.016983
56 0.0389854 0.533221 0.0771347 0.129505 0.0151901
37 0.759223 0.530687 0.119291 0.491554 0.0149536
64 0.838936 0.815879 0.217399 0.0810811 0.0131226
64 0.771487 0.813063 0.182838 0.0788288 0.0120544
65 0.455144 0.684685 0.138801 0.0788288 0.00796509
65 0.692331 0.530124 0.16277 0.512951 0.00769424
60 0.369578 0.796171 0.719088 0.377252 0.00698471
60 0.532069 0.824324 0.916977 0.328829 0.00658798
56 0.0261384 0.538288 0.0518238 0.138514 0.00653839
64 0.804933 0.80687 0.0490541 0.0304054 0.00602722
64 0.910845 0.846847 0.0624324 0.0247748 0.00530243
56 0.133261 0.585586 0.0785283 0.129505 0.00524139
56 0.0224279 0.505631 0.0444727 0.0731982 0.00518036
56 0.0588788 0.530969 0.116921 0.120495 0.00502014
65 0.755878 0.810811 0.16723 0.0743243 0.00486755
56 0.0252587 0.5183 0.0494721 0.0996622 0.00473785
56 0.0341427 0.50732 0.0682855 0.0788288 0.00436401
64 0.800473 0.810811 0.0590878 0.0405405 0.00431442
15 0.187437 0.534065 0.17141 0.29223 0.00385475
64 0.797128 0.797297 0.0769257 0.0518018 0.00376511
25 0.431453 0.373311 0.0356757 0.179054 0.00351143
66 0.503919 0.701577 0.241926 0.117117 0.00346947
64 0.850085 0.828829 0.20402 0.0653153 0.00346947
76 0.692331 0.530124 0.16277 0.512951 0.00345612
17 0.187437 0.534065 0.17141 0.29223 0.00342941
66 0.455701 0.684685 0.138801 0.0777027 0.00335121
43 0.741385 0.528716 0.154966 0.503378 0.00335121
43 0.753649 0.802928 0.16277 0.0563063 0.00333786
19 0.187437 0.534065 0.17141 0.29223 0.00290108
25 0.423649 0.374437 0.0345608 0.18018 0.00282288
67 0.753649 0.802928 0.16277 0.0563063 0.00277901
56 0.140612 0.563063 0.0540709 0.079955 0.00273705
56 0.187437 0.534065 0.17141 0.29223 0.00271416
43 0.423649 0.374437 0.0345608 0.18018 0.0026207
31 0.759223 0.530687 0.119291 0.491554 0.0026207
56 0.0919067 0.558559 0.164025 0.171171 0.00251198
34 0.695118 0.535473 0.170574 0.516892 0.00251198
28 0.711284 0.538007 0.198446 0.523086 0.0024147
73 0.454307 0.684685 0.137128 0.0777027 0.00239754
56 0.192314 0.499437 0.324426 0.39527 0.00231361
60 0.0627112 0.557996 0.123471 0.17455 0.00219154
43 0.43201 0.372748 0.0351182 0.177365 0.00215721
26 0.838378 0.817005 0.216284 0.0844595 0.00211525
26 0.755878 0.8125 0.163885 0.0777027 0.00209999
56 0.345608 0.617117 0.0401351 0.0810811 0.00202751
13 0.0619969 0.556306 0.121555 0.171171 0.00201988
41 0.345608 0.617117 0.0390203 0.0810811 0.00197983
73 0.503919 0.701577 0.241926 0.117117 0.00194931
16 0.148312 0.5 0.0785283 0.198198 0.00191212
36 0.759223 0.530687 0.119291 0.491554 0.00178242
27 0.684527 0.554617 0.127095 0.368243 0.00170708
56 0.0169669 0.481419 0.0317737 0.0247748 0.00168705
18 0.187437 0.534065 0.17141 0.29223 0.00168705
0 0.76647 0.538851 0.193987 0.556306 0.00168133
64 0.754764 0.806306 0.16277 0.0641892 0.00167465
37 0.686617 0.492962 0.5644 0.655969 0.0016613
65 0.840608 0.81982 0.212939 0.0810811 0.00164223
0 0.728564 0.543919 0.4125 0.542793 0.0015192
76 0.838378 0.817005 0.216284 0.0844595 0.00150681
56 0.126677 0.505068 0.253074 0.295045 0.00148392
26 0.78821 0.814189 0.165 0.079955 0.00143814
64 0.832804 0.829392 0.238581 0.0822072 0.00142097
76 0.755878 0.810811 0.16723 0.0743243 0.00140476
64 0.786537 0.800676 0.0981081 0.054054 0.00134563
56 0.0173152 0.485923 0.033864 0.0349099 0.00132465
64 0.778733 0.835586 0.0847297 0.0315315 0.00131512
76 0.431453 0.373311 0.0356757 0.179054 0.00130463
78 0.755878 0.8125 0.163885 0.0777027 0.00127411
64 0.78375 0.81982 0.0936487 0.0585585 0.0012598
79 0.691774 0.538851 0.165 0.524775 0.0012598
56 0.711284 0.538007 0.198446 0.523086 0.0012598
43 0.505034 0.699324 0.237466 0.112613 0.00125504
41 0.349789 0.646397 0.0295439 0.0281532 0.00123501
72 0.666829 0.496903 0.532627 0.628942 0.00121593
56 0.0829878 0.528435 0.0816639 0.103041 0.0012064
76 0.423649 0.374437 0.0345608 0.18018 0.0012064
73 0.0165662 0.594595 0.0319478 0.0225225 0.00118351
56 0.139114 0.599099 0.0629202 0.0957208 0.0011425
60 0.620422 0.861487 0.709054 0.259009 0.00112057
27 0.749189 0.534347 0.138243 0.477478 0.0011158
56 0.0868898 0.556166 0.107445 0.160191 0.00111198
59 0.454586 0.637387 0.135456 0.175676 0.00110722
25 0.0830749 0.475225 0.073825 0.236486 0.00109863
0 0.638818 0.616554 0.649966 0.647523 0.00109005
56 0.129847 0.556166 0.0887014 0.184966 0.00108147
6 0.651639 0.447072 0.66 0.657658 0.00108147
15 0.755878 0.810811 0.16723 0.0743243 0.00104427
56 0.0461972 0.545045 0.0923944 0.070946 0.00104046
56 0.0442114 0.51464 0.0868898 0.130631 0.00104046
68 0.651639 0.447072 0.66 0.657658 0.00104046
65 0.016601 0.594595 0.0318085 0.0225225 0.00102425
24 0.755878 0.8125 0.163885 0.0777027 0.00100803
16 0.187855 0.534347 0.171689 0.292793 0.913086
43 0.691216 0.531813 0.160541 0.512951 0.341553
37 0.695118 0.535192 0.171689 0.517455 0.148071
36 0.692331 0.530124 0.16277 0.512951 0.11676
56 0.0600634 0.476351 0.118733 0.239865 0.0623169
56 0.0625021 0.556306 0.122775 0.171171 0.0460205
31 0.691774 0.538851 0.166115 0.525901 0.0272675
27 0.691774 0.538851 0.166115 0.525901 0.0175781
56 0.0831968 0.475225 0.0738598 0.236486 0.016983
64 0.834476 0.813063 0.20402 0.0788288 0.0151901
64 0.784865 0.814189 0.151622 0.0788288 0.0137939
56 0.0384628 0.533221 0.0760895 0.129505 0.013588
64 0.755878 0.813063 0.16277 0.0765766 0.012825
64 0.804933 0.806306 0.0490541 0.0292793 0.0107346
65 0.454865 0.684685 0.139358 0.0788288 0.00908661
64 0.842838 0.825451 0.217399 0.0698198 0.008255
65 0.691216 0.531813 0.160541 0.512951 0.00821686
60 0.369578 0.796734 0.720203 0.375 0.00815582
56 0.0294046 0.52393 0.057973 0.11205 0.0078125
64 0.801588 0.810811 0.057973 0.0405405 0.00751877
37 0.756993 0.530124 0.12375 0.490428 0.0064621
43 0.762568 0.533784 0.111486 0.502252 0.00619125
60 0.532905 0.824887 0.90973 0.327703 0.00614548
64 0.90973 0.846847 0.0602028 0.027027 0.005867
65 0.755321 0.810811 0.16723 0.0731982 0.00503922
56 0.133226 0.585023 0.0788767 0.129505 0.00498199
64 0.798243 0.797297 0.0758108 0.0506756 0.0049057
56 0.0217399 0.505631 0.043201 0.0731982 0.00486755
56 0.059715 0.530687 0.118872 0.119932 0.00453949
56 0.0342124 0.50732 0.0684248 0.0788288 0.00405502
28 0.712399 0.538851 0.200676 0.524775 0.00346947
43 0.423649 0.374437 0.0334459 0.179054 0.00344276
66 0.503919 0.701577 0.241926 0.117117 0.00338936
25 0.431453 0.373029 0.0356757 0.178491 0.00309944
76 0.692331 0.530124 0.16277 0.512951 0.003088
67 0.755321 0.810811 0.16723 0.0731982 0.00305176
66 0.455701 0.684685 0.139358 0.0788288 0.00300407
43 0.43201 0.372466 0.0351182 0.177365 0.00286674
25 0.423649 0.374437 0.0334459 0.179054 0.00259018
73 0.454307 0.684685 0.137128 0.0777027 0.00259018
56 0.140612 0.563063 0.0540709 0.079955 0.00251198
64 0.777618 0.835023 0.0836149 0.0304054 0.00243378
43 0.753649 0.802365 0.16277 0.0563063 0.00230598
56 0.0915583 0.558699 0.165836 0.17089 0.00222588
56 0.345608 0.617117 0.0401351 0.079955 0.00217438
41 0.345608 0.617117 0.0390203 0.079955 0.00214958
13 0.0625021 0.556306 0.122775 0.171171 0.00214958
73 0.503362 0.699324 0.246385 0.123874 0.00211525
60 0.0635299 0.558559 0.125178 0.175676 0.00210762
56 0.021287 0.539978 0.0421558 0.132883 0.00206757
43 0.726892 0.526464 0.182838 0.498874 0.00206757
56 0.192035 0.497748 0.326098 0.394144 0.00201035
64 0.78375 0.81982 0.0925338 0.0563063 0.00199509
16 0.148416 0.5 0.0788767 0.198198 0.00181007
56 0.125387 0.504505 0.250357 0.295045 0.00178242
15 0.187437 0.53491 0.173083 0.293919 0.00174809
41 0.350068 0.646397 0.0289865 0.0281532 0.00166798
34 0.691774 0.538851 0.166115 0.525901 0.00158501
56 0.0169494 0.481419 0.0317388 0.0247748 0.00156689
56 0.712399 0.538851 0.200676 0.524775 0.00154877
26 0.755878 0.811937 0.16277 0.0765766 0.0015192
65 0.840608 0.822072 0.211824 0.0765766 0.00147247
26 0.838378 0.817568 0.216284 0.0844595 0.00146675
76 0.431453 0.373029 0.0356757 0.178491 0.00138283
0 0.78152 0.545679 0.294324 0.566301 0.00138283
73 0.0165139 0.594595 0.0317736 0.0225225 0.00134563
65 0.0165662 0.594595 0.0316691 0.0225225 0.00134563
56 0.144689 0.559122 0.0662648 0.0945946 0.00126457
56 0.0172978 0.487613 0.0338292 0.0382883 0.00125504
27 0.684527 0.553491 0.127095 0.363739 0.00123978
76 0.755321 0.810811 0.16723 0.0731982 0.00123501
76 0.423649 0.374437 0.0334459 0.179054 0.00122547
64 0.78598 0.809122 0.0958784 0.0653153 0.0012064
76 0.838378 0.817568 0.216284 0.0844595 0.0012064
75 0.695118 0.535192 0.171689 0.517455 0.00117874
0 0.65345 0.546734 0.583911 0.54955 0.00117397
56 0.0829007 0.528716 0.0816987 0.102478 0.00116539
56 0.139079 0.599099 0.0627112 0.0957208 0.00115585
64 0.856216 0.835586 0.193987 0.0765766 0.00113392
25 0.0831968 0.475225 0.0738598 0.236486 0.0011158
61 0.712399 0.538851 0.200676 0.524775 0.0011158
79 0.691774 0.538851 0.166115 0.525901 0.00111198
78 0.755321 0.810811 0.16723 0.0731982 0.00104809
56 0.1303 0.557996 0.0872382 0.181306 0.00101662
65 0.503362 0.699324 0.246385 0.123874 0.00100803
16 0.187332 0.534347 0.172734 0.292793 0.917969
43 0.691774 0.532376 0.16277 0.514077 0.332764
37 0.69902 0.537162 0.178378 0.52027 0.17334
36 0.692331 0.530124 0.16277 0.514077 0.0991211
56 0.0608298 0.494933 0.120823 0.278153 0.0675659
56 0.0627112 0.557292 0.123332 0.171453 0.0460205
56 0.0834058 0.474944 0.0739992 0.23705 0.0178528
31 0.692331 0.530124 0.16277 0.514077 0.0146713
56 0.0377661 0.534347 0.074696 0.132883 0.0124283
27 0.692331 0.539696 0.16723 0.526464 0.0119629
64 0.78375 0.813626 0.138243 0.0788288 0.0107346
64 0.832804 0.813063 0.198446 0.0788288 0.0102921
64 0.804933 0.806306 0.0490541 0.0292793 0.01017
60 0.372922 0.796171 0.730237 0.378378 0.00997162
56 0.0268961 0.537725 0.0531651 0.136261 0.00908661
64 0.755878 0.813063 0.16277 0.0765766 0.00905609
65 0.691774 0.532376 0.16277 0.514077 0.00828552
64 0.801588 0.810811 0.057973 0.0405405 0.00725937
28 0.712399 0.539978 0.202905 0.528153 0.00664139
65 0.454865 0.684685 0.139358 0.0788288 0.00605011
64 0.842838 0.825451 0.218514 0.0698198 0.00572968
60 0.532905 0.825451 0.9075 0.326577 0.0055542
56 0.0236212 0.517455 0.0461972 0.0990991 0.00468063
64 0.798801 0.797297 0.0735811 0.0506756 0.00462723
64 0.910287 0.846284 0.0613176 0.0259009 0.00448608
43 0.423649 0.373874 0.0334459 0.179054 0.00443268
56 0.0211215 0.505349 0.0420687 0.0731982 0.00432968
56 0.133366 0.585023 0.0791554 0.130631 0.00432968
56 0.0599937 0.530969 0.119709 0.120495 0.00392914
56 0.0341427 0.50732 0.0682855 0.0788288 0.00351143
43 0.43201 0.372185 0.0351182 0.177928 0.00346947
65 0.755321 0.810811 0.16723 0.0743243 0.00344276
64 0.777061 0.835586 0.0825 0.0292792 0.00270462
25 0.431453 0.373029 0.0351183 0.178491 0.00257111
76 0.692331 0.530124 0.16277 0.514077 0.00243378
64 0.789324 0.835023 0.109257 0.0326576 0.00233269
25 0.423649 0.373874 0.0334459 0.179054 0.00232315
13 0.0627112 0.557292 0.123332 0.171453 0.00230598
56 0.119639 0.504223 0.239278 0.295608 0.00229645
73 0.503083 0.700451 0.246943 0.123874 0.00228691
66 0.503919 0.701577 0.241926 0.117117 0.00226974
60 0.067519 0.560248 0.132808 0.18018 0.00223351
67 0.755321 0.810811 0.16723 0.0743243 0.00217438
15 0.18674 0.535192 0.173919 0.293356 0.00214958
56 0.140612 0.563063 0.0540709 0.079955 0.00211525
41 0.345608 0.616554 0.0390203 0.0788288 0.00209999
61 0.712399 0.539978 0.202905 0.528153 0.00206757
56 0.345887 0.617117 0.0395777 0.0788288 0.0020504
56 0.0919764 0.558559 0.165279 0.170045 0.00202751
73 0.454307 0.684685 0.137128 0.0765766 0.00200272
41 0.350068 0.646397 0.0289865 0.0281532 0.00188923
64 0.78375 0.819257 0.0925338 0.0551802 0.00188255
16 0.148277 0.499437 0.0791554 0.199324 0.00186729
75 0.695676 0.535473 0.171689 0.518018 0.00186062
56 0.192175 0.497185 0.326934 0.394144 0.0017271
37 0.736926 0.532376 0.165 0.496059 0.0017271
56 0.712399 0.539978 0.202905 0.528153 0.00162315
66 0.455701 0.684685 0.139916 0.0777027 0.00154877
56 0.0666829 0.480011 0.113856 0.211149 0.0015192
73 0.0165139 0.594595 0.031704 0.0225225 0.00145531
43 0.752534 0.802928 0.16277 0.0563063 0.00142097
65 0.0165314 0.595158 0.0315995 0.0213964 0.00141621
26 0.755878 0.813063 0.16277 0.0765766 0.00138855
76 0.431453 0.373029 0.0351183 0.178491 0.00134087
0 0.745984 0.55518 0.4256 0.574324 0.0012846
56 0.0169494 0.481982 0.0317388 0.0259009 0.00125504
56 0.144793 0.559826 0.0682855 0.0943131 0.00124454
76 0.423649 0.373874 0.0334459 0.179054 0.00120163
64 0.78598 0.809122 0.0958784 0.0641892 0.00118351
26 0.838378 0.817568 0.216284 0.0855856 0.00117874
60 0.643416 0.655405 0.677559 0.641892 0.00115585
16 0.217956 0.501126 0.110929 0.222973 0.00115108
56 0.139079 0.598536 0.0627112 0.0968469 0.00112438
73 0.328885 0.370496 0.0440372 0.128378 0.0011158
56 0.0172978 0.490428 0.0338292 0.0439189 0.00110722
0 0.644253 0.551239 0.608995 0.55518 0.0011034
56 0.0828484 0.528716 0.0816639 0.102478 0.00105286
62 0.667804 0.450169 0.624324 0.642455 0.00104809
13 0.714628 0.538288 0.207365 0.52027 0.00104046
34 0.692331 0.539696 0.16723 0.526464 0.00101662
16 0.187297 0.534628 0.172247 0.29223 0.924316
43 0.693446 0.531813 0.165 0.511824 0.338135
37 0.70125 0.536881 0.182838 0.518581 0.130737
36 0.692889 0.529842 0.16277 0.512387 0.0812378
56 0.0608298 0.496059 0.120823 0.280405 0.0656128
56 0.0626415 0.557433 0.123193 0.172297 0.0648804
56 0.0836845 0.475225 0.0739992 0.237613 0.0167236
64 0.804933 0.806306 0.0490541 0.0292793 0.0138474
60 0.376824 0.794482 0.741385 0.385135 0.0134811
56 0.0374873 0.535473 0.0741385 0.134009 0.0130234
28 0.712399 0.540541 0.205135 0.527027 0.0119629
64 0.784308 0.813063 0.124865 0.0788288 0.0116882
65 0.693446 0.531813 0.165 0.511824 0.00971222
56 0.0266174 0.537725 0.0526077 0.136261 0.00967407
64 0.829459 0.813063 0.189527 0.0765766 0.00926971
27 0.692889 0.539978 0.168345 0.524775 0.00898743
64 0.755321 0.8125 0.161655 0.0765766 0.00871277
64 0.802145 0.809685 0.0557433 0.0382883 0.00834656
31 0.692889 0.529842 0.16277 0.512387 0.00815582
64 0.796014 0.798423 0.0802703 0.0518018 0.00621796
56 0.047974 0.525619 0.09553 0.114302 0.00591278
64 0.842838 0.825451 0.218514 0.0698198 0.00544739
56 0.0229941 0.518018 0.0450127 0.0990991 0.00534439
43 0.423091 0.373874 0.0334459 0.177928 0.00484848
56 0.133366 0.5846 0.0794341 0.132601 0.00473785
56 0.020146 0.505631 0.0402571 0.0731982 0.00468063
64 0.910287 0.846284 0.0613176 0.0259009 0.00443268
65 0.454865 0.684685 0.139358 0.0777027 0.00416565
43 0.43201 0.371903 0.0345608 0.177928 0.00363541
56 0.0341427 0.50732 0.0682855 0.0788288 0.00353813
65 0.754764 0.810811 0.16723 0.072072 0.00324821
60 0.532905 0.824324 0.914189 0.328829 0.00319672
64 0.776503 0.835586 0.0813851 0.0292792 0.00318527
56 0.12159 0.504786 0.24318 0.296734 0.00300407
73 0.503362 0.701577 0.2475 0.122748 0.0029583
64 0.789324 0.835023 0.107027 0.0326576 0.00276756
13 0.0626415 0.557433 0.123193 0.172297 0.00274658
75 0.696233 0.535755 0.172804 0.516329 0.00273705
60 0.0642441 0.559544 0.126816 0.178209 0.00266266
16 0.148138 0.499437 0.0788767 0.199324 0.00265312
15 0.186601 0.53491 0.17364 0.292793 0.00265312
76 0.692889 0.529842 0.16277 0.512387 0.00243378
61 0.712399 0.540541 0.205135 0.527027 0.00237846
56 0.140787 0.5625 0.0540013 0.0810811 0.00231361
56 0.345608 0.616554 0.0390203 0.0788288 0.00223351
67 0.754764 0.810811 0.16723 0.072072 0.00212479
63 0.656098 0.450732 0.649966 0.643581 0.00211525
56 0.0919764 0.558699 0.165557 0.168637 0.00208282
64 0.784865 0.82714 0.0958784 0.0461712 0.00206757
64 0.78375 0.818694 0.091419 0.0529279 0.00201035
66 0.504476 0.702703 0.241926 0.117117 0.00197983
73 0.329164 0.370496 0.0434797 0.128941 0.00195694
41 0.349789 0.646397 0.0289865 0.0281532 0.00193405
62 0.656098 0.450732 0.649966 0.643581 0.00192642
46 0.696233 0.540822 0.172804 0.528716 0.0018034
41 0.345887 0.615991 0.0384628 0.0788288 0.00178242
25 0.431453 0.372748 0.0345608 0.177928 0.0016489
25 0.423091 0.373874 0.0334459 0.177928 0.00162315
73 0.0164791 0.594595 0.031704 0.0225225 0.00161076
73 0.45375 0.684685 0.137128 0.0765766 0.0015974
16 0.217956 0.501689 0.110372 0.225225 0.00152493
56 0.145351 0.559122 0.0688429 0.0945946 0.00145531
65 0.0164965 0.595158 0.0315298 0.0213964 0.00143242
56 0.712399 0.540541 0.205135 0.527027 0.00141621
64 0.790997 0.809685 0.0858446 0.0630631 0.00138855
64 0.843395 0.809685 0.217399 0.100225 0.00133514
56 0.016932 0.482264 0.0317737 0.0259009 0.00130463
56 0.139045 0.598536 0.0625021 0.0968469 0.00126457
56 0.19315 0.496059 0.326098 0.393018 0.00126457
13 0.714071 0.538288 0.20625 0.518018 0.0012064
43 0.752534 0.802928 0.161655 0.0563063 0.00118828
56 0.0172456 0.492117 0.033864 0.0472973 0.00115108
76 0.431453 0.372748 0.0345608 0.177928 0.00113392
73 0.835034 0.80518 0.220743 0.112613 0.00112915
56 0.0682158 0.490991 0.110511 0.188063 0.0011158
64 0.764797 0.835586 0.0557433 0.0281531 0.00110722
60 0.64272 0.659347 0.678953 0.636261 0.00109005
56 0.902483 0.902027 0.190642 0.184685 0.00108147
56 0.0829181 0.528716 0.0813851 0.102478 0.00107765
73 0.312162 0.358108 0.028429 0.0844595 0.00104427
56 0.11734 0.540541 0.123193 0.208333 0.00102043
76 0.423091 0.373874 0.0334459 0.177928 0.00101662
16 0.187576 0.534628 0.170017 0.291104 0.927734
43 0.694561 0.531813 0.165 0.510698 0.366699
37 0.70125 0.536599 0.182838 0.516892 0.103027
36 0.693446 0.529279 0.161655 0.510135 0.0758667
56 0.0627808 0.557433 0.123332 0.172297 0.069519
56 0.0607601 0.49634 0.120684 0.279842 0.0678101
28 0.713514 0.540541 0.202905 0.524775 0.0180511
56 0.0838762 0.475225 0.0736159 0.237613 0.0175171
60 0.376824 0.793356 0.7425 0.38964 0.0154266
65 0.694561 0.531813 0.165 0.510698 0.0126724
56 0.0374177 0.535192 0.0739992 0.133446 0.012146
64 0.80549 0.806306 0.0479392 0.0292793 0.0117798
64 0.782078 0.813626 0.124865 0.0777027 0.0115509
56 0.0269658 0.537725 0.0533742 0.136261 0.00905609
64 0.825 0.813063 0.181723 0.0765766 0.00878143
64 0.754764 0.8125 0.160541 0.0754504 0.00871277
27 0.693446 0.539978 0.16723 0.522523 0.00754929
64 0.801588 0.810811 0.0568582 0.0394144 0.00748825
31 0.693446 0.529279 0.161655 0.510135 0.00748825
43 0.426436 0.374155 0.0379054 0.179617 0.00734711
64 0.841723 0.822635 0.211824 0.0743244 0.00557709
56 0.0495767 0.525619 0.0987352 0.114302 0.00538635
56 0.133366 0.583193 0.0794341 0.133164 0.00536346
64 0.796014 0.798423 0.0802703 0.0518018 0.00519943
56 0.0227502 0.517737 0.0446643 0.098536 0.00511932
56 0.0196669 0.505631 0.0393338 0.0731982 0.00408554
64 0.910845 0.846284 0.0624324 0.0259009 0.00387001
56 0.12152 0.504505 0.243041 0.296171 0.00382423
16 0.148138 0.499437 0.0788767 0.198198 0.00370789
73 0.50364 0.702703 0.246943 0.121622 0.0036068
56 0.0342124 0.50732 0.0684248 0.0788288 0.003088
73 0.329164 0.370496 0.0429223 0.129505 0.00304031
13 0.0627808 0.557433 0.123332 0.172297 0.00300407
63 0.650942 0.450732 0.658049 0.643581 0.00299263
64 0.777061 0.835586 0.0825 0.0292792 0.00298119
65 0.454865 0.684685 0.139358 0.0777027 0.00281143
64 0.788767 0.835023 0.107027 0.0326576 0.0027256
76 0.693446 0.529279 0.161655 0.510135 0.00270462
65 0.754764 0.810811 0.16723 0.072072 0.00264168
60 0.0703584 0.561374 0.138557 0.181306 0.00260162
15 0.186879 0.534628 0.17141 0.291104 0.00259018
61 0.713514 0.540541 0.202905 0.524775 0.00240517
56 0.145908 0.561374 0.0663345 0.0923424 0.00239754
60 0.533463 0.823198 0.915304 0.331081 0.00232315
56 0.091837 0.558699 0.165557 0.168637 0.00212479
66 0.504476 0.702703 0.241926 0.114865 0.00210762
16 0.217956 0.501126 0.109814 0.222973 0.00203514
64 0.78375 0.826577 0.0958784 0.0472973 0.00197983
64 0.786537 0.815315 0.0903041 0.0495496 0.00197983
75 0.696233 0.535473 0.172804 0.51464 0.00194168
43 0.432568 0.372748 0.0367905 0.171734 0.00192642
56 0.345608 0.617117 0.0395777 0.0788288 0.00189686
46 0.697905 0.540541 0.173919 0.525901 0.00177479
67 0.754764 0.810811 0.16723 0.072072 0.00174141
73 0.312162 0.358108 0.0289865 0.0844595 0.00172043
62 0.650942 0.450732 0.658049 0.643581 0.00161076
73 0.0165139 0.594595 0.0316343 0.0225225 0.00154305
41 0.349789 0.646397 0.0289865 0.0281532 0.00150681
56 0.193568 0.495496 0.328049 0.391892 0.00149536
56 0.713514 0.540541 0.202905 0.524775 0.00146103
73 0.322753 0.397523 0.0557433 0.182996 0.00143814
73 0.836149 0.80518 0.218514 0.112613 0.00140476
41 0.345887 0.616554 0.0384628 0.0788288 0.00137806
76 0.431453 0.372748 0.0340034 0.177928 0.00135612
65 0.50364 0.702703 0.246943 0.121622 0.00135612
65 0.0166881 0.595721 0.0312859 0.0191441 0.00134087
25 0.423091 0.373874 0.0323311 0.177928 0.00133514
25 0.431453 0.372748 0.0340034 0.177928 0.00133514
56 0.118176 0.539978 0.121799 0.209459 0.0012846
43 0.505591 0.700451 0.238581 0.112613 0.00127411
56 0.139114 0.597832 0.0623628 0.0971284 0.00125504
13 0.714071 0.537725 0.205135 0.515766 0.00123501
76 0.423091 0.373874 0.0323311 0.177928 0.00120163
0 0.697905 0.561374 0.548514 0.576577 0.00118828
73 0.856216 0.791104 0.169459 0.0867117 0.00118351
56 0.016932 0.482545 0.0317737 0.027027 0.0011692
44 0.426436 0.374155 0.0379054 0.179617 0.0011692
56 0.122635 0.554054 0.24527 0.219595 0.00115585
73 0.45375 0.684685 0.136013 0.0765766 0.0011425
56 0.017263 0.494933 0.0338989 0.052928 0.00110722
73 0.02606 0.557433 0.0517019 0.0281531 0.00109005
27 0.426436 0.374155 0.0379054 0.179617 0.00108147
56 0.901926 0.90259 0.191757 0.183559 0.00107288
60 0.64272 0.662725 0.680068 0.631757 0.00106907
27 0.683412 0.55518 0.124865 0.350225 0.00105667
56 0.0829181 0.528435 0.0812458 0.101914 0.00102806
64 0.764797 0.835586 0.0557433 0.0281531 0.00101185
26 0.713514 0.540541 0.202905 0.524775 0.00101185
56 0.137268 0.559826 0.0593666 0.0807996 0.00100803
56 0.0680068 0.495496 0.11065 0.179054 0.00100422
16 0.187576 0.534347 0.169459 0.290541 0.927246
43 0.695676 0.532095 0.16723 0.510135 0.284668
37 0.702365 0.536599 0.182838 0.51464 0.115173
36 0.693446 0.528998 0.160541 0.508446 0.0933228
56 0.0610389 0.49634 0.120823 0.279842 0.0648804
56 0.0635473 0.557292 0.124586 0.171453 0.062561
28 0.713514 0.539978 0.202905 0.522523 0.0200958
56 0.0837542 0.474944 0.0735811 0.238176 0.0176392
60 0.37571 0.791667 0.738041 0.394144 0.0145035
65 0.695676 0.532095 0.16723 0.510135 0.0109863
56 0.0372086 0.534628 0.0737204 0.13232 0.0105667
56 0.0261296 0.537725 0.0517715 0.136261 0.00834656
64 0.778176 0.813626 0.147162 0.0788288 0.00806427
64 0.80549 0.806306 0.0479392 0.0292793 0.00754929
31 0.693446 0.539414 0.16723 0.52027 0.00746155
64 0.831689 0.813063 0.198446 0.0765766 0.00731659
27 0.693446 0.539414 0.16723 0.52027 0.00619125
16 0.148033 0.499437 0.0790857 0.198198 0.005867
56 0.133366 0.583333 0.0799916 0.134009 0.00540543
43 0.426715 0.373874 0.037348 0.179054 0.00526047
64 0.801031 0.810811 0.057973 0.0405405 0.00518036
64 0.754206 0.810248 0.163885 0.0698198 0.00516129
56 0.0224715 0.517455 0.0441068 0.097973 0.00494385
56 0.050587 0.525619 0.100895 0.114302 0.00492477
56 0.0195101 0.505631 0.0390203 0.0731982 0.00439835
73 0.505313 0.700451 0.238024 0.11036 0.00439835
56 0.122705 0.505349 0.245131 0.296734 0.00419998
60 0.533184 0.821509 0.913632 0.335586 0.0037365
64 0.842838 0.826014 0.218514 0.0675676 0.00341606
73 0.329443 0.371059 0.0423649 0.129505 0.00333786
64 0.794899 0.798423 0.0802703 0.0518018 0.00329781
56 0.0342124 0.50732 0.0684248 0.0788288 0.00324821
64 0.910845 0.846284 0.0624324 0.0259009 0.00316048
13 0.0635473 0.557292 0.124586 0.171453 0.00288963
16 0.218235 0.503378 0.108699 0.227477 0.00283432
66 0.504476 0.702703 0.241926 0.114865 0.00251198
65 0.454865 0.684685 0.139358 0.0777027 0.00242424
56 0.140717 0.5625 0.0535832 0.0810811 0.0024147
76 0.693446 0.528998 0.160541 0.508446 0.00233269
43 0.505313 0.700451 0.238024 0.11036 0.00226021
65 0.755321 0.810811 0.16723 0.072072 0.00214005
56 0.0921157 0.558418 0.165279 0.1692 0.00212479
60 0.0743476 0.561937 0.146187 0.181306 0.00210762
61 0.713514 0.539978 0.202905 0.522523 0.00209999
15 0.18674 0.534628 0.171132 0.289977 0.00208282
64 0.777618 0.835586 0.0836149 0.0292792 0.00204277
73 0.312162 0.357545 0.0289865 0.0833334 0.00198746
65 0.503362 0.702703 0.246385 0.121622 0.00186729
64 0.789324 0.835023 0.109257 0.0326576 0.00181007
63 0.649966 0.451014 0.66 0.643018 0.00175476
73 0.322753 0.397804 0.0557433 0.184122 0.00171375
56 0.118036 0.539133 0.123193 0.212275 0.00170708
56 0.19538 0.494933 0.335017 0.394144 0.00162888
41 0.345887 0.616554 0.0384628 0.0788288 0.00160408
73 0.836149 0.80518 0.218514 0.112613 0.0015974
56 0.345608 0.617117 0.0395777 0.0788288 0.00158501
46 0.699578 0.539978 0.177264 0.523649 0.00158501
56 0.146361 0.559122 0.0684945 0.0945946 0.00156116
73 0.856216 0.790541 0.169459 0.0855856 0.00153637
64 0.78598 0.815315 0.091419 0.0495496 0.00153065
41 0.350068 0.646397 0.0289865 0.0292793 0.0014782
13 0.714628 0.537162 0.205135 0.513514 0.00145531
43 0.432568 0.372748 0.0356757 0.172297 0.00144958
67 0.755321 0.810811 0.16723 0.072072 0.0014267
56 0.119918 0.552365 0.239557 0.222973 0.0014267
73 0.0164791 0.594595 0.0315646 0.0225225 0.00141048
25 0.423927 0.373874 0.0328885 0.177928 0.00137234
75 0.696233 0.535755 0.171689 0.511824 0.00137234
25 0.431453 0.372748 0.0340034 0.177928 0.00136662
64 0.784865 0.826577 0.0958784 0.0472973 0.00133038
56 0.901368 0.902027 0.192872 0.184685 0.0012846
65 0.0164791 0.595158 0.0314253 0.0213964 0.00127411
0 0.705152 0.556869 0.528446 0.573198 0.00126934
60 0.64272 0.664978 0.682297 0.631757 0.00124931
56 0.713514 0.539978 0.202905 0.522523 0.00122547
73 0.453193 0.684685 0.136013 0.0765766 0.00120163
56 0.016932 0.482545 0.0316343 0.0259009 0.00116539
56 0.0172281 0.494369 0.0338292 0.0518018 0.00116539
56 0.139323 0.598536 0.0619447 0.097973 0.00116539
64 0.791554 0.809685 0.0847297 0.0641892 0.00112438
73 0.313834 0.353041 0.0239696 0.0698198 0.0011034
64 0.835591 0.833333 0.225203 0.0934685 0.00105286
76 0.431453 0.372748 0.0340034 0.177928 0.00104427
56 0.0701668 0.494651 0.10633 0.180743 0.00102425
56 0.0827091 0.528435 0.0815245 0.101914 0.00101662
56 0.11774 0.486768 0.141901 0.213401 0.00100803
27 0.683412 0.55518 0.124865 0.349099 0.00100422
16 0.187297 0.534065 0.170017 0.289977 0.930176
43 0.697905 0.530969 0.169459 0.507883 0.217285
36 0.697905 0.530969 0.169459 0.507883 0.124207
37 0.702922 0.536036 0.183953 0.513514 0.106689
56 0.0603421 0.482827 0.11943 0.251689 0.0736694
56 0.0628505 0.557573 0.123193 0.173142 0.0708008
28 0.714628 0.538851 0.202905 0.52027 0.0231476
56 0.0836845 0.474662 0.0739992 0.237613 0.0173035
60 0.372922 0.791104 0.732466 0.39527 0.012825
56 0.0370344 0.533502 0.0735114 0.130068 0.0110703
65 0.697905 0.530969 0.169459 0.507883 0.00941467
56 0.0265129 0.537725 0.052538 0.136261 0.00857544
31 0.693446 0.538288 0.16723 0.518018 0.00800323
64 0.755321 0.8125 0.161655 0.0754504 0.00754929
56 0.186182 0.533784 0.170574 0.289414 0.00751877
64 0.830574 0.813626 0.209595 0.0777027 0.00669098
16 0.147998 0.499437 0.0794341 0.198198 0.0064621
64 0.80549 0.807433 0.0479392 0.0315315 0.00626373
56 0.0522593 0.525338 0.104379 0.114865 0.00551224
56 0.133226 0.583333 0.0802703 0.135135 0.00544739
56 0.0230986 0.518018 0.0454307 0.0990991 0.00527954
27 0.693446 0.538288 0.16723 0.518018 0.00521851
73 0.505591 0.700451 0.237466 0.11036 0.00516129
56 0.119848 0.505631 0.239139 0.297297 0.0046463
60 0.556875 0.810811 0.845068 0.36036 0.00448608
43 0.426993 0.373874 0.0367906 0.179054 0.00439835
73 0.329164 0.371059 0.0429223 0.129505 0.00438309
64 0.800473 0.810811 0.057973 0.0405405 0.00428009
56 0.0198585 0.505631 0.0397171 0.0737613 0.00416565
64 0.842838 0.825451 0.218514 0.0675676 0.00341606
15 0.186182 0.533784 0.170574 0.289414 0.00331116
16 0.218095 0.503942 0.108421 0.228604 0.00328636
56 0.0342124 0.50732 0.0684248 0.0788288 0.00299263
13 0.0628505 0.557573 0.123193 0.173142 0.00296974
73 0.312162 0.357545 0.0289865 0.0833334 0.00286674
64 0.794899 0.798987 0.0825 0.0518018 0.00269318
65 0.454586 0.684685 0.138801 0.0765766 0.00269318
64 0.910845 0.846284 0.0624324 0.0259009 0.0026722
73 0.322753 0.394707 0.0557433 0.177928 0.00259018
66 0.504476 0.702703 0.240811 0.114865 0.00252151
65 0.755878 0.810811 0.16723 0.072072 0.00247192
56 0.140717 0.5625 0.0535832 0.0810811 0.00243378
43 0.505591 0.700451 0.237466 0.11036 0.00230598
76 0.693446 0.527872 0.159426 0.506194 0.00210762
63 0.648294 0.451577 0.66223 0.644144 0.00209045
60 0.065359 0.560952 0.128488 0.179899 0.00208282
56 0.0923944 0.558418 0.164721 0.1692 0.0019722
41 0.345608 0.617117 0.0390203 0.0810811 0.00195694
65 0.503362 0.702703 0.246385 0.121622 0.00194168
56 0.11943 0.539133 0.120684 0.213401 0.00191879
73 0.856774 0.790541 0.169459 0.0855856 0.00191879
41 0.350068 0.646397 0.0289865 0.0292793 0.00190449
61 0.714628 0.538851 0.202905 0.52027 0.00183868
73 0.835034 0.80518 0.220743 0.113739 0.00181007
13 0.714628 0.536881 0.205135 0.511824 0.00178909
17 0.186182 0.533784 0.170574 0.289414 0.00176811
56 0.345329 0.609234 0.0401351 0.0675676 0.00167465
56 0.192035 0.494369 0.32777 0.391892 0.00162315
56 0.12166 0.553491 0.243319 0.219595 0.00161076
56 0.146326 0.559685 0.0688429 0.0945946 0.00156116
73 0.0164617 0.594595 0.0315995 0.0225225 0.00154877
64 0.778176 0.835586 0.0847297 0.0292792 0.00152493
67 0.755878 0.810811 0.16723 0.072072 0.00150681
65 0.0164268 0.595158 0.0313904 0.0213964 0.00146675
73 0.453193 0.684685 0.135456 0.0765766 0.00142097
0 0.64049 0.556869 0.635473 0.557433 0.00139427
60 0.636727 0.676239 0.717694 0.613739 0.00137806
64 0.789882 0.835023 0.110372 0.0326576 0.00133038
56 0.900811 0.900901 0.193987 0.186937 0.00129414
46 0.700693 0.539414 0.179493 0.521396 0.00123501
64 0.78375 0.817568 0.0925338 0.0518018 0.0012207
56 0.714628 0.538851 0.202905 0.52027 0.00117874
56 0.315785 0.425113 0.0674493 0.240991 0.00116062
25 0.424206 0.373874 0.033446 0.177928 0.0011425
25 0.431453 0.372748 0.0340034 0.177928 0.00113392
56 0.139358 0.598536 0.061875 0.0990992 0.00109863
27 0.426993 0.373874 0.0367906 0.179054 0.00109005
16 0.192593 0.481419 0.165 0.181306 0.00108624
73 0.314392 0.350788 0.0239696 0.0664415 0.00107288
56 0.0170365 0.481419 0.0325401 0.0247748 0.00106907
56 0.084451 0.518581 0.0776225 0.136261 0.00104809
56 0.0894679 0.467061 0.161098 0.223536 0.00104427
56 0.017141 0.493806 0.0337247 0.0506757 0.00104046
75 0.696233 0.535473 0.171689 0.511261 0.00103188
64 0.835034 0.833897 0.227432 0.0957208 0.00102806
56 0.071003 0.503378 0.104658 0.163288 0.00102425
64 0.784865 0.826014 0.0958784 0.0484234 0.00100803
56 0.11774 0.48902 0.141901 0.20777 0.00100803
64 0.790439 0.809685 0.0869595 0.0653153 0.00100422
16 0.186461 0.533784 0.171689 0.289414 0.93457
43 0.696791 0.530124 0.16723 0.506194 0.183594
36 0.696791 0.530124 0.16723 0.506194 0.154053
37 0.702365 0.536036 0.182838 0.512387 0.105591
56 0.0627112 0.557433 0.122914 0.172297 0.0723877
56 0.060464 0.480574 0.119325 0.247185 0.0692749
28 0.714628 0.538288 0.202905 0.518018 0.0197906
56 0.0834929 0.474662 0.0743824 0.237613 0.0167236
60 0.37125 0.791667 0.728007 0.396396 0.0124283
56 0.0368951 0.533784 0.0733721 0.130631 0.0115967
56 0.0263038 0.537725 0.0520503 0.136261 0.00898743
65 0.696791 0.530124 0.16723 0.506194 0.00888062
31 0.693446 0.537725 0.166115 0.516892 0.00888062
56 0.185346 0.533502 0.172247 0.288851 0.00831604
56 0.0507612 0.529279 0.101522 0.120495 0.00754929
16 0.147998 0.499437 0.0799916 0.199324 0.00643921
64 0.754764 0.8125 0.16277 0.0754504 0.00631332
60 0.556875 0.810811 0.847297 0.362613 0.00566483
56 0.0230725 0.517455 0.0454133 0.0990991 0.00564194
64 0.82723 0.813626 0.227432 0.0788288 0.00521851
27 0.693446 0.537725 0.166115 0.516892 0.00521851
73 0.505591 0.700451 0.237466 0.11036 0.00518036
64 0.80549 0.807433 0.0479392 0.0315315 0.00511932
56 0.132982 0.583333 0.080758 0.135135 0.00510025
56 0.0199456 0.505631 0.0398913 0.0737613 0.00460815
43 0.424764 0.373874 0.033446 0.177928 0.00441742
64 0.841166 0.823198 0.212939 0.0743244 0.00416565
56 0.121451 0.506194 0.242622 0.296171 0.0041008
73 0.328885 0.371059 0.0434797 0.129505 0.00395966
15 0.185346 0.533502 0.172247 0.288851 0.00388527
16 0.218095 0.504786 0.108421 0.230293 0.00352478
64 0.801588 0.810811 0.057973 0.0405405 0.00325966
56 0.0342821 0.50732 0.0685642 0.0788288 0.00324821
13 0.0627112 0.557433 0.122914 0.172297 0.00307465
43 0.505591 0.700451 0.237466 0.11036 0.00304031
63 0.648294 0.451014 0.66223 0.643018 0.00282288
43 0.43201 0.371622 0.0345608 0.179054 0.00279045
73 0.322753 0.390766 0.0557433 0.170045 0.00273705
64 0.910845 0.846284 0.0624324 0.0259009 0.0026207
65 0.755878 0.810811 0.169459 0.072072 0.00261116
73 0.312162 0.356982 0.028429 0.0822072 0.00260162
66 0.504476 0.703266 0.240811 0.115991 0.00251198
41 0.345608 0.618243 0.0390203 0.0810811 0.0024929
65 0.454586 0.684122 0.138243 0.0777027 0.00247192
60 0.065359 0.560952 0.128488 0.179899 0.002388
41 0.350068 0.646397 0.0289865 0.0292793 0.00234985
56 0.140717 0.5625 0.0535832 0.0810811 0.00225258
76 0.693446 0.527027 0.159426 0.504505 0.00219917
56 0.135038 0.544764 0.0933699 0.224662 0.00218201
65 0.503362 0.702703 0.24527 0.122748 0.00216484
64 0.794899 0.798987 0.0825 0.0518018 0.00205803
17 0.185346 0.533502 0.172247 0.288851 0.0020504
73 0.856774 0.790541 0.168345 0.0855856 0.00192642
56 0.345329 0.609797 0.0401351 0.0675676 0.00186729
0 0.639375 0.558418 0.638818 0.55884 0.00184631
60 0.63603 0.681869 0.719088 0.602478 0.00183105
13 0.715186 0.536599 0.205135 0.510135 0.00177479
73 0.835034 0.80518 0.220743 0.114865 0.0017271
56 0.0925338 0.558559 0.164164 0.170045 0.00163555
61 0.714628 0.538288 0.202905 0.518018 0.00162315
56 0.126258 0.553491 0.252517 0.219595 0.00156116
56 0.192035 0.493806 0.330557 0.391892 0.00150108
67 0.755878 0.810811 0.169459 0.072072 0.00149536
43 0.752534 0.802928 0.160541 0.0563063 0.00147247
73 0.0164094 0.594595 0.0315646 0.0225225 0.00146675
56 0.146605 0.559685 0.0696791 0.0945946 0.00142097
65 0.0164094 0.595158 0.0314253 0.0213964 0.00136185
25 0.424764 0.373874 0.033446 0.177928 0.00126457
73 0.452914 0.684685 0.134341 0.0765766 0.00126457
25 0.431453 0.372748 0.0345608 0.177928 0.00121593
77 0.185346 0.533502 0.172247 0.288851 0.00115108
56 0.0842942 0.525901 0.0775179 0.121622 0.0011425
27 0.427272 0.373311 0.0367906 0.179054 0.00112438
56 0.0170017 0.481419 0.0324704 0.0247748 0.0011158
56 0.0170714 0.491554 0.0337247 0.0461712 0.00108147
56 0.316064 0.425113 0.0680068 0.239865 0.00108147
56 0.900811 0.900338 0.193987 0.188063 0.00107765
16 0.192558 0.482827 0.164512 0.184122 0.00106525
56 0.0737901 0.509854 0.0990836 0.150338 0.00106525
75 0.695676 0.535473 0.171689 0.510135 0.00106525
46 0.699578 0.53857 0.177264 0.519707 0.00105667
19 0.185346 0.533502 0.172247 0.288851 0.00105667
56 0.117618 0.490991 0.141588 0.203829 0.00103664
16 0.186601 0.533784 0.17141 0.288288 0.94873
43 0.699578 0.536881 0.176149 0.517455 0.196777
36 0.693446 0.524212 0.159426 0.498874 0.125122
56 0.0619447 0.556869 0.121938 0.172297 0.0792236
56 0.0604117 0.480293 0.119709 0.245496 0.0680542
37 0.702922 0.535192 0.183953 0.510698 0.0587769
28 0.714628 0.536599 0.20402 0.515766 0.0222931
56 0.0365118 0.535755 0.0727449 0.134572 0.0157776
56 0.0835452 0.474099 0.0748353 0.237613 0.0150146
56 0.0255025 0.537725 0.0506567 0.136261 0.0116882
65 0.697905 0.52759 0.16723 0.501126 0.0102463
56 0.054489 0.530405 0.108978 0.122748 0.00901794
27 0.694003 0.536318 0.166115 0.515203 0.0078125
31 0.693446 0.524212 0.159426 0.498874 0.00766754
60 0.59924 0.809685 0.792669 0.36036 0.00757599
16 0.148033 0.499155 0.080758 0.199887 0.0069313
56 0.0224279 0.516329 0.0441939 0.0968469 0.00643921
64 0.754764 0.811937 0.161655 0.0743243 0.00582123
56 0.132913 0.58277 0.0808974 0.135135 0.00510025
56 0.0187785 0.505631 0.037557 0.0737613 0.00502014
43 0.425321 0.373592 0.0328885 0.176802 0.00494385
60 0.370693 0.786036 0.729122 0.403153 0.00494385
64 0.80549 0.806306 0.0479392 0.0292793 0.00441742
64 0.819426 0.814189 0.24527 0.0788288 0.00424957
73 0.328885 0.370777 0.0434797 0.129505 0.0042305
56 0.11497 0.505631 0.229941 0.295045 0.00387001
73 0.503919 0.703266 0.240811 0.117117 0.00376511
73 0.322475 0.384572 0.0563007 0.157658 0.00355148
16 0.218235 0.502252 0.108142 0.225225 0.00346947
13 0.0619447 0.556869 0.121938 0.172297 0.00344276
64 0.841723 0.823198 0.214054 0.0765766 0.00342941
63 0.654286 0.449887 0.64913 0.640766 0.00335121
73 0.312162 0.356419 0.028429 0.079955 0.00329781
60 0.0643138 0.560952 0.126677 0.179899 0.00325966
64 0.910845 0.846847 0.0624324 0.027027 0.00307465
0 0.711423 0.5625 0.519248 0.578829 0.00305176
76 0.693446 0.524212 0.159426 0.498874 0.00286674
65 0.752534 0.803491 0.160541 0.0563063 0.00275803
43 0.431453 0.372185 0.0351183 0.177928 0.00268364
60 0.646622 0.669482 0.686757 0.625 0.00263214
56 0.0342124 0.50732 0.0684248 0.0788288 0.0026207
0 0.665017 0.613598 0.637703 0.657939 0.00258064
64 0.800473 0.811374 0.0602027 0.0416667 0.00252151
27 0.427551 0.373874 0.0362331 0.177928 0.00252151
56 0.140752 0.5625 0.0532348 0.0810811 0.00247192
13 0.714628 0.536036 0.205135 0.509009 0.00245285
56 0.146291 0.560811 0.067519 0.0923424 0.00230598
27 0.683412 0.555743 0.124865 0.345721 0.00201988
73 0.856216 0.786036 0.16723 0.0788288 0.00189686
43 0.752534 0.803491 0.160541 0.0563063 0.00187492
64 0.794899 0.798987 0.0802703 0.0518018 0.00186062
56 0.317179 0.416104 0.0691216 0.221847 0.00181007
43 0.505591 0.699887 0.236351 0.111487 0.0018034
67 0.755878 0.810811 0.169459 0.072072 0.00177479
41 0.349789 0.646397 0.0284291 0.0292793 0.0017004
56 0.135491 0.543637 0.0924641 0.223536 0.00160408
41 0.345608 0.61768 0.0390203 0.0810811 0.0015974
56 0.345051 0.61036 0.0401351 0.0698198 0.00157356
73 0.834476 0.805743 0.221858 0.114865 0.0014782
56 0.19106 0.493243 0.324704 0.387387 0.00147247
66 0.503919 0.703266 0.240811 0.117117 0.00143242
56 0.121102 0.55518 0.242204 0.213964 0.00141621
61 0.714628 0.536599 0.20402 0.515766 0.00141048
15 0.186148 0.533502 0.172874 0.287725 0.00136662
25 0.431174 0.373029 0.0345608 0.177365 0.00133514
44 0.752534 0.803491 0.160541 0.0563063 0.00132465
62 0.654286 0.449887 0.64913 0.640766 0.00131512
73 0.314392 0.349662 0.0234122 0.0647523 0.00129414
65 0.0164268 0.595721 0.0315298 0.0202703 0.00119686
65 0.454307 0.684685 0.138243 0.0777027 0.00119686
56 0.0910705 0.558418 0.166812 0.1692 0.00118828
73 0.0164094 0.594595 0.031704 0.0225225 0.00117874
73 0.452635 0.684685 0.133784 0.0777027 0.00116539
64 0.840608 0.838964 0.225203 0.103604 0.00115585
56 0.0473121 0.497466 0.0932306 0.142455 0.0011034
56 0.017054 0.492962 0.0337595 0.0489865 0.00109005
60 0.649409 0.856982 0.62098 0.27027 0.00108147
56 0.0841026 0.529279 0.0772044 0.113739 0.00105286
56 0.0170017 0.481419 0.0325401 0.0247748 0.00104046
16 0.192454 0.484234 0.164721 0.186937 0.00100422
16 0.18674 0.533502 0.171132 0.288851 0.949707
43 0.700135 0.536599 0.178378 0.516892 0.226807
36 0.693446 0.523649 0.158311 0.496622 0.106689
56 0.0615789 0.556869 0.121276 0.171171 0.0772095
56 0.0604814 0.480011 0.120127 0.244932 0.0520325
37 0.702365 0.535473 0.185068 0.510135 0.0340881
28 0.714628 0.536599 0.202905 0.515766 0.0204163
56 0.035815 0.536036 0.0714907 0.135135 0.0157166
56 0.0249103 0.538007 0.0493328 0.136824 0.012146
56 0.0835452 0.474099 0.075114 0.237613 0.0111618
65 0.698463 0.527027 0.169459 0.5 0.0105286
60 0.598683 0.807996 0.796014 0.363739 0.00905609
27 0.694003 0.536036 0.166115 0.51464 0.00888062
56 0.0576943 0.530405 0.115389 0.122748 0.0086441
31 0.693446 0.523649 0.158311 0.496622 0.00621796
56 0.0219141 0.516047 0.0430617 0.0962838 0.00616837
43 0.427551 0.374155 0.0356757 0.177928 0.00577545
0 0.719088 0.567568 0.506149 0.579955 0.00511932
60 0.648294 0.665541 0.687872 0.632883 0.00511932
16 0.147963 0.499437 0.0808974 0.199324 0.00503922
56 0.0183953 0.505631 0.0367905 0.0743244 0.00494385
56 0.132948 0.58277 0.0813851 0.135135 0.00475693
0 0.667247 0.619933 0.636588 0.673423 0.0045929
64 0.754764 0.811937 0.16277 0.0743243 0.00424957
13 0.0615789 0.556869 0.121276 0.171171 0.00374985
60 0.0636867 0.560248 0.125701 0.18018 0.00366402
73 0.328885 0.370496 0.0434797 0.129505 0.00342941
60 0.362889 0.783784 0.70125 0.400901 0.00340271
73 0.322475 0.384009 0.0563007 0.156532 0.00329781
27 0.427551 0.374155 0.0356757 0.177928 0.00323486
56 0.110093 0.505068 0.220186 0.295045 0.00323486
27 0.683412 0.557573 0.12375 0.342061 0.00309944
76 0.693446 0.523649 0.158311 0.496622 0.00307465
64 0.812737 0.814752 0.260878 0.0810811 0.00302696
13 0.714628 0.536036 0.205135 0.509009 0.00293541
73 0.504198 0.702703 0.241368 0.117117 0.00292397
64 0.80549 0.806306 0.0479392 0.0292793 0.00288963
73 0.312162 0.356419 0.028429 0.0793919 0.00284576
64 0.842281 0.823198 0.214054 0.0788289 0.00283432
16 0.218374 0.502534 0.107863 0.225788 0.00282288
63 0.661254 0.449324 0.632965 0.63964 0.00271416
56 0.0303104 0.519707 0.0602027 0.102477 0.00261116
64 0.910845 0.846847 0.0624324 0.027027 0.00248146
56 0.146883 0.560811 0.0702365 0.0923424 0.00234222
56 0.140717 0.5625 0.0530258 0.0810811 0.00230598
56 0.0340034 0.507038 0.0680068 0.0782658 0.00225258
65 0.753649 0.810811 0.163885 0.0698198 0.00219917
56 0.316622 0.416667 0.0691216 0.221847 0.00219917
43 0.753091 0.804054 0.161655 0.0585585 0.00190449
56 0.0300317 0.551802 0.0597846 0.109234 0.00186062
43 0.505313 0.699887 0.236909 0.112613 0.0018177
67 0.755878 0.810811 0.169459 0.072072 0.00155449
73 0.856216 0.784347 0.16723 0.0743244 0.00154877
64 0.799916 0.811374 0.0602027 0.0416667 0.00143242
44 0.753091 0.804054 0.161655 0.0585585 0.00138855
64 0.794899 0.798987 0.0813851 0.0518018 0.00132465
56 0.192035 0.493806 0.319409 0.384009 0.00130939
15 0.186217 0.533221 0.172734 0.287162 0.00130463
56 0.113716 0.559122 0.227154 0.204955 0.0012846
0 0.747517 0.547016 0.144932 0.484797 0.00124931
56 0.136014 0.543356 0.0914189 0.222973 0.00123501
25 0.430895 0.373311 0.0345608 0.177928 0.00122547
41 0.345608 0.618243 0.0390203 0.0810811 0.00119209
41 0.34951 0.646397 0.0289865 0.0292793 0.00119209
61 0.714628 0.536599 0.202905 0.515766 0.0011692
73 0.832247 0.805743 0.225203 0.115991 0.00116062
62 0.661254 0.449324 0.632965 0.63964 0.00115108
60 0.66209 0.858108 0.602306 0.266892 0.0011425
56 0.0469637 0.498311 0.0923944 0.143018 0.00111198
56 0.630038 0.515766 0.501411 0.554054 0.00109005
66 0.504198 0.702703 0.241368 0.117117 0.00108624
56 0.0170365 0.491554 0.0337943 0.0461712 0.00106525
73 0.314392 0.349662 0.0234122 0.0647523 0.00102043
56 0.0166707 0.480011 0.0319478 0.0230856 0.00101185
56 0.0903041 0.558559 0.168345 0.168919 0.00101185
56 0.345051 0.610923 0.0401351 0.070946 0.00100803
26 0.702365 0.535473 0.185068 0.510135 0.00100803
16 0.186182 0.533784 0.172247 0.288288 0.949707
43 0.700135 0.536599 0.176149 0.516892 0.221313
36 0.693446 0.523649 0.158311 0.497748 0.115967
56 0.0614744 0.556306 0.121207 0.171171 0.0568542
56 0.0604988 0.480574 0.120371 0.244932 0.0314941
28 0.715186 0.536599 0.20402 0.516892 0.0172424
37 0.702365 0.535473 0.182838 0.510135 0.0142288
56 0.0350834 0.536599 0.0700275 0.135135 0.0137405
0 0.673239 0.622185 0.631292 0.689189 0.011467
0 0.743754 0.572213 0.459046 0.594313 0.0112915
27 0.693446 0.535755 0.165 0.515203 0.0110703
60 0.596453 0.800676 0.804933 0.378378 0.0104523
56 0.0249799 0.538007 0.0494721 0.136824 0.0102463
60 0.648851 0.659347 0.691216 0.646397 0.00985718
65 0.697905 0.52759 0.16723 0.501126 0.00926971
56 0.0529561 0.536599 0.105773 0.135135 0.00854492
56 0.0836845 0.473818 0.075114 0.238176 0.00769424
43 0.427551 0.374437 0.0356757 0.177365 0.00723267
31 0.700135 0.536599 0.176149 0.516892 0.00703812
27 0.683412 0.558699 0.12375 0.339809 0.00516129
56 0.0220883 0.515766 0.0435494 0.0957208 0.00468063
27 0.427551 0.374437 0.0356757 0.177365 0.00431442
56 0.132982 0.58277 0.0818729 0.135135 0.00419998
56 0.0182559 0.505631 0.0365118 0.0737613 0.00413513
13 0.0614744 0.556306 0.121207 0.171171 0.00390053
16 0.147963 0.498874 0.0808974 0.199324 0.00382423
63 0.658328 0.449887 0.641047 0.640766 0.00358009
60 0.0638086 0.56067 0.126015 0.180462 0.00358009
76 0.693446 0.523649 0.158311 0.497748 0.00355148
13 0.715186 0.536599 0.20625 0.510135 0.00351143
73 0.322196 0.386261 0.0568581 0.161036 0.00298119
73 0.329443 0.370496 0.0434797 0.128378 0.0029583
60 0.426436 0.781532 0.852872 0.411036 0.0029583
64 0.754764 0.811937 0.16277 0.0743243 0.00279045
73 0.504476 0.702703 0.240811 0.117117 0.00257111
16 0.218235 0.503942 0.108142 0.228604 0.00235939
56 0.3169 0.416667 0.0691216 0.22241 0.00226974
56 0.147127 0.560811 0.071421 0.0923424 0.00225258
64 0.842838 0.824324 0.218514 0.070946 0.00219917
43 0.505034 0.699324 0.237466 0.113739 0.00208282
73 0.312162 0.356419 0.028429 0.0788288 0.0020504
56 0.140612 0.561937 0.0526774 0.0810811 0.0020504
64 0.809392 0.816442 0.269797 0.0855856 0.00203514
56 0.109605 0.505631 0.21921 0.295045 0.00203514
0 0.654286 0.530687 0.551022 0.537725 0.00201988
56 0.192314 0.493806 0.319409 0.384009 0.00169373
56 0.033864 0.507038 0.067728 0.0777027 0.00168705
64 0.80549 0.806306 0.0479392 0.0292793 0.00162888
56 0.630456 0.509854 0.502804 0.555743 0.00162315
0 0.74696 0.546734 0.147162 0.483108 0.00158501
64 0.90973 0.846847 0.0624324 0.027027 0.00157928
56 0.0301623 0.558559 0.0600808 0.0957208 0.00149536
44 0.427551 0.374437 0.0356757 0.177365 0.00142097
0 0.790439 0.581644 0.336689 0.512387 0.00134563
73 0.856216 0.783221 0.16723 0.0720721 0.00134087
43 0.752534 0.806306 0.160541 0.0619369 0.00134087
26 0.715186 0.536599 0.20625 0.510135 0.00133514
56 0.743754 0.572213 0.459046 0.594313 0.00127411
65 0.753649 0.810811 0.16277 0.072072 0.00126457
67 0.755878 0.811937 0.16277 0.0743243 0.00124931
62 0.658328 0.449887 0.641047 0.640766 0.00123024
60 0.66878 0.859797 0.584468 0.263514 0.00122547
75 0.695676 0.535192 0.171689 0.50732 0.00115108
73 0.313834 0.353604 0.0234122 0.0670045 0.00110722
13 0.0247709 0.538288 0.0491934 0.138514 0.00109863
56 0.715186 0.536599 0.20625 0.510135 0.00109863
56 0.673239 0.622185 0.631292 0.689189 0.00105667
27 0.764797 0.550676 0.100338 0.297297 0.00104809
15 0.186182 0.533784 0.172247 0.288288 0.00102425
44 0.752534 0.806306 0.160541 0.0619369 0.00101662
13 0.0273839 0.557292 0.0547677 0.0295608 0.00100803
56 0.295439 0.429054 0.105912 0.247748 0.00100803
16 0.185869 0.533502 0.172874 0.288851 0.949219
36 0.692331 0.524775 0.156081 0.5 0.189575
43 0.696791 0.536881 0.169459 0.518581 0.188354
56 0.0612479 0.556306 0.120823 0.170045 0.0446777
56 0.0608821 0.494369 0.120998 0.279279 0.0230713
0 0.682855 0.619933 0.612061 0.686937 0.0150146
27 0.692331 0.536318 0.16277 0.517455 0.0145569
60 0.649827 0.658221 0.691495 0.649775 0.0129242
60 0.594223 0.797297 0.810507 0.382883 0.0124283
63 0.651081 0.450732 0.65777 0.643581 0.012291
56 0.0346218 0.536881 0.0689997 0.135698 0.0119629
31 0.696791 0.536881 0.169459 0.518581 0.0116425
0 0.784865 0.564752 0.352297 0.577703 0.0107346
28 0.715743 0.537162 0.202905 0.518018 0.0106964
65 0.696791 0.536881 0.169459 0.518581 0.00926971
37 0.695676 0.535473 0.169459 0.507883 0.00898743
27 0.683412 0.559685 0.122635 0.34009 0.00737381
43 0.427551 0.374437 0.0356757 0.176802 0.00671768
56 0.0245619 0.532939 0.048636 0.131194 0.00664139
56 0.0837368 0.473818 0.0750095 0.238176 0.00629044
56 0.059924 0.531532 0.119709 0.126126 0.00629044
27 0.427551 0.374437 0.0356757 0.176802 0.00551224
76 0.696791 0.536881 0.169459 0.518581 0.00428009
43 0.748074 0.531532 0.138243 0.494369 0.00428009
13 0.715743 0.537444 0.205135 0.510698 0.00385475
13 0.0612479 0.556306 0.120823 0.170045 0.0037365
56 0.0182559 0.505349 0.0365118 0.0737613 0.00366402
56 0.133366 0.583333 0.0822213 0.135135 0.00363541
56 0.0225847 0.516329 0.0444378 0.097973 0.00362206
60 0.428108 0.778153 0.856216 0.417793 0.00353813
60 0.0635647 0.560811 0.125666 0.181306 0.00342941
16 0.147998 0.499155 0.0808277 0.198761 0.00332451
73 0.322196 0.390203 0.0568581 0.168919 0.00273705
62 0.651081 0.450732 0.65777 0.643581 0.0026722
73 0.329443 0.370496 0.0423649 0.128378 0.00261116
56 0.632686 0.504997 0.505034 0.557573 0.00251198
73 0.504476 0.702703 0.240811 0.117117 0.0024929
43 0.505034 0.699324 0.237466 0.114865 0.00236893
64 0.843395 0.823761 0.217399 0.0720721 0.00233269
56 0.316622 0.416667 0.0691216 0.222973 0.00219917
56 0.147441 0.560811 0.0727449 0.0923424 0.00215721
27 0.764797 0.549268 0.100338 0.314752 0.00211525
64 0.754764 0.8125 0.16277 0.0743243 0.00191879
56 0.140717 0.561796 0.0524683 0.0813626 0.00188255
0 0.656655 0.525971 0.555203 0.542652 0.00186062
56 0.784865 0.564752 0.352297 0.577703 0.00185299
36 0.748074 0.531532 0.138243 0.494369 0.00181007
56 0.19329 0.494088 0.3169 0.38232 0.00179577
16 0.218514 0.504786 0.108142 0.229167 0.00178242
73 0.312162 0.356701 0.0289865 0.0793919 0.0017271
64 0.830574 0.822072 0.236351 0.0923423 0.00168705
61 0.69247 0.448761 0.58837 0.621622 0.00167465
56 0.682855 0.619933 0.612061 0.686937 0.0016613
13 0.69247 0.448761 0.58837 0.621622 0.00163555
0 0.69247 0.448761 0.58837 0.621622 0.00158501
56 0.106609 0.505631 0.213218 0.295045 0.00149536
56 0.0217747 0.498874 0.0427133 0.105856 0.00148964
26 0.715743 0.537444 0.205135 0.510698 0.0014782
56 0.033655 0.506757 0.06731 0.0777027 0.00146675
44 0.427551 0.374437 0.0356757 0.176802 0.00138283
4 0.651081 0.450732 0.65777 0.643581 0.00133514
56 0.715743 0.537444 0.205135 0.510698 0.00133514
60 0.672264 0.860361 0.57973 0.262387 0.0012846
64 0.90973 0.846847 0.0613176 0.027027 0.00126457
56 0.0302494 0.560811 0.0603247 0.0912162 0.00122547
57 0.648851 0.636121 0.682297 0.689471 0.0012207
73 0.856216 0.783221 0.16723 0.0731982 0.00117874
56 0.302756 0.423423 0.0912796 0.23536 0.00117874
0 0.745845 0.545608 0.148277 0.476351 0.00116062
27 0.756993 0.529561 0.124865 0.479167 0.0011425
64 0.80549 0.806306 0.0479392 0.0292793 0.00112438
64 0.836149 0.884009 0.325541 0.207207 0.00112438
13 0.0250235 0.538288 0.0495941 0.138514 0.00111198
73 0.316622 0.416667 0.0691216 0.222973 0.00111198
75 0.695676 0.535473 0.169459 0.507883 0.0011034
63 0.682855 0.619933 0.612061 0.686937 0.00108624
37 0.69247 0.448761 0.58837 0.621622 0.00106907
67 0.755878 0.813063 0.16277 0.0743243 0.00106525
15 0.185869 0.533502 0.172874 0.288851 0.00106049
66 0.504476 0.702703 0.240811 0.117117 0.00105667
13 0.0274535 0.557292 0.0549071 0.0295608 0.00103188
16 0.186043 0.533502 0.173083 0.288851 0.948242
36 0.692331 0.524775 0.156081 0.5 0.259766
43 0.695118 0.536881 0.165 0.518581 0.181274
56 0.0609169 0.556166 0.120371 0.1692 0.0422363
56 0.0607601 0.494088 0.120963 0.278716 0.0215302
0 0.69247 0.621059 0.597289 0.69482 0.0188293
60 0.650106 0.656672 0.693167 0.655124 0.0175171
63 0.649966 0.451014 0.66223 0.64527 0.0165253
60 0.590862 0.789415 0.818277 0.398649 0.0147858
27 0.699578 0.535473 0.177264 0.510135 0.0146713
56 0.0348744 0.536599 0.06947 0.135135 0.012291
31 0.695118 0.536881 0.165 0.518581 0.0121918
27 0.683412 0.560811 0.122635 0.341216 0.0109482
65 0.695118 0.536881 0.165 0.518581 0.0102921
0 0.796014 0.5625 0.305473 0.579955 0.00959778
43 0.763683 0.531532 0.108142 0.490991 0.0088501
43 0.427272 0.375 0.0351183 0.176802 0.00821686
28 0.715743 0.537162 0.201791 0.518018 0.00815582
37 0.694561 0.535192 0.169459 0.50732 0.00766754
56 0.0248667 0.532095 0.0490715 0.129505 0.00600433
27 0.427272 0.375 0.0351183 0.176802 0.00548935
56 0.0836845 0.473536 0.0749747 0.238739 0.00488663
76 0.695118 0.536881 0.165 0.518581 0.00482941
36 0.763683 0.531532 0.108142 0.490991 0.00438309
56 0.0602027 0.527027 0.119987 0.117117 0.00431442
60 0.433682 0.773649 0.867365 0.427928 0.00400543
56 0.133505 0.582348 0.0825 0.134854 0.00388527
61 0.694561 0.457207 0.599797 0.643018 0.00380898
56 0.0182559 0.505349 0.0365118 0.0737613 0.00356483
13 0.0609169 0.556166 0.120371 0.1692 0.00356483
27 0.758108 0.528716 0.122635 0.476351 0.00336266
56 0.0229941 0.516329 0.0453611 0.0968469 0.00335121
60 0.0627112 0.559826 0.124168 0.179899 0.00333786
16 0.14772 0.498874 0.0802703 0.198198 0.00328636
13 0.716301 0.537444 0.205135 0.510698 0.00319672
27 0.764797 0.549831 0.100338 0.328266 0.00307465
62 0.649966 0.451014 0.66223 0.64527 0.00294685
73 0.329443 0.370496 0.0423649 0.128378 0.00279045
56 0.69247 0.621059 0.597289 0.69482 0.0027256
73 0.322196 0.392737 0.0568581 0.173987 0.00261116
73 0.505034 0.701577 0.240811 0.117117 0.00257111
56 0.634358 0.498592 0.506149 0.563626 0.00257111
56 0.796014 0.5625 0.305473 0.579955 0.00257111
13 0.694561 0.457207 0.599797 0.643018 0.00255013
56 0.193987 0.494651 0.316064 0.38232 0.00255013
56 0.147127 0.560248 0.071421 0.0934685 0.00245285
43 0.505034 0.698761 0.236351 0.114865 0.00230598
60 0.398286 0.781532 0.661672 0.400901 0.00228691
56 0.140612 0.561796 0.0523986 0.0813626 0.00214958
31 0.758108 0.528716 0.122635 0.476351 0.00212479
64 0.754764 0.8125 0.161655 0.0743243 0.00206757
0 0.694561 0.457207 0.599797 0.643018 0.0020504
64 0.843953 0.823198 0.216284 0.0720721 0.00201988
56 0.317737 0.417793 0.065777 0.222973 0.00201988
44 0.427272 0.375 0.0351183 0.176802 0.00194168
37 0.694561 0.457207 0.599797 0.643018 0.00186729
64 0.837264 0.883446 0.323311 0.210586 0.00185299
16 0.218653 0.503378 0.107863 0.225225 0.00177479
73 0.855101 0.782095 0.16723 0.070946 0.00177479
57 0.649827 0.636824 0.682576 0.69482 0.00176811
43 0.74473 0.54589 0.151622 0.475788 0.0017271
64 0.829459 0.820946 0.240811 0.0923423 0.00161076
63 0.69247 0.621059 0.597289 0.69482 0.00160408
56 0.0222276 0.498311 0.0436888 0.109234 0.00152493
0 0.654983 0.533784 0.555203 0.523649 0.00152493
27 0.697905 0.560248 0.137128 0.415541 0.00150108
67 0.755878 0.813063 0.16277 0.0743243 0.00150108
73 0.312162 0.356982 0.0289865 0.079955 0.00148964
56 0.407762 0.588964 0.449848 0.349099 0.00141621
36 0.731351 0.524212 0.173919 0.487613 0.00137234
56 0.0337247 0.508728 0.0674493 0.0838964 0.00136662
26 0.716301 0.537444 0.205135 0.510698 0.00134563
56 0.0993623 0.505631 0.198725 0.295045 0.00133038
60 0.671009 0.861487 0.56886 0.261261 0.00131989
72 0.634358 0.498592 0.506149 0.563626 0.00129986
64 0.806047 0.806306 0.0468243 0.0292793 0.00129414
0 0.283803 0.314189 0.366651 0.490991 0.00127411
56 0.303801 0.42286 0.0891892 0.234234 0.00127411
65 0.755878 0.813063 0.16277 0.0743243 0.00123501
71 0.694561 0.457207 0.599797 0.643018 0.00123501
56 0.0306239 0.563626 0.0608298 0.0855856 0.00118351
0 0.155524 0.448198 0.0604814 0.0945946 0.00117874
27 0.314113 0.419482 0.0680067 0.222973 0.00113392
13 0.0277323 0.556869 0.0554645 0.0304054 0.00112915
4 0.694561 0.457207 0.599797 0.643018 0.00112438
51 0.430617 0.373311 0.0367906 0.177928 0.00107288
56 0.716301 0.537444 0.205135 0.510698 0.00106049
73 0.830017 0.806306 0.229662 0.119369 0.00105667
62 0.808818 1 0.382365 0 0.00104046
26 0.837264 0.883446 0.323311 0.210586 0.00103188
13 0.0254416 0.538288 0.0504302 0.138514 0.00101662
75 0.694561 0.535192 0.169459 0.50732 0.00100803
63 0.796014 0.5625 0.305473 0.579955 0.00100803
16 0.185764 0.533221 0.17364 0.288288 0.94873
36 0.692331 0.525338 0.156081 0.501126 0.399902
43 0.691774 0.536881 0.158311 0.518581 0.181274
56 0.0608298 0.555743 0.120266 0.168919 0.0391846
63 0.650524 0.450451 0.66223 0.64527 0.0212097
60 0.651221 0.657095 0.693167 0.655406 0.0204926
43 0.760338 0.527309 0.117061 0.470158 0.0201721
27 0.696791 0.535473 0.171689 0.510135 0.0188293
31 0.691774 0.536881 0.158311 0.518581 0.0179138
60 0.589329 0.786036 0.821343 0.405405 0.0175781
56 0.0608821 0.493806 0.120998 0.278153 0.0171051
0 0.71003 0.615991 0.559941 0.683559 0.0160217
27 0.683412 0.561937 0.122635 0.341216 0.0143356
65 0.691774 0.536881 0.158311 0.518581 0.0119171
56 0.0346305 0.536599 0.0689823 0.135135 0.0117798
36 0.76647 0.530969 0.103682 0.487613 0.0100937
27 0.760338 0.527309 0.117061 0.470158 0.00981903
43 0.426993 0.375 0.0356757 0.176802 0.00861359
0 0.734139 0.55518 0.462669 0.55518 0.00728989
37 0.693446 0.535473 0.165 0.507883 0.0064888
31 0.760338 0.527309 0.117061 0.470158 0.00609589
56 0.0249451 0.531813 0.0493328 0.128941 0.00564194
0 0.776503 0.553773 0.235237 0.557996 0.00551224
27 0.426993 0.375 0.0356757 0.176802 0.00547028
76 0.691774 0.536881 0.158311 0.518581 0.00516129
60 0.43647 0.771397 0.872939 0.434685 0.00479126
61 0.695676 0.458333 0.602027 0.648649 0.00457382
27 0.765912 0.550957 0.100338 0.337275 0.00455475
56 0.0603421 0.527027 0.120266 0.117117 0.00428009
56 0.0182211 0.505349 0.0364421 0.0737613 0.00408554
56 0.0835975 0.473536 0.0750095 0.238739 0.00407028
36 0.745287 0.52393 0.147162 0.488176 0.00402451
28 0.715743 0.536599 0.200676 0.516892 0.00400543
56 0.133644 0.582348 0.0830574 0.134854 0.00380898
62 0.650524 0.450451 0.66223 0.64527 0.00362206
60 0.0628505 0.559826 0.124307 0.179899 0.00355148
56 0.71003 0.615991 0.559941 0.683559 0.00349617
13 0.0635299 0.559685 0.125457 0.181306 0.00342941
56 0.0230725 0.515766 0.0454133 0.0968469 0.00333786
16 0.14772 0.498874 0.0799916 0.197072 0.00311089
60 0.395777 0.781532 0.670034 0.400901 0.00298119
64 0.837264 0.882883 0.323311 0.211712 0.00294685
13 0.695676 0.458333 0.602027 0.648649 0.00288963
43 0.505034 0.698761 0.236351 0.114865 0.00284576
56 0.634358 0.498944 0.503919 0.56067 0.00263214
56 0.140752 0.560248 0.0551858 0.088964 0.00259018
73 0.504755 0.701577 0.240253 0.117117 0.00244331
56 0.776503 0.553773 0.235237 0.557996 0.0024147
56 0.195659 0.494369 0.313277 0.381757 0.00234222
73 0.329721 0.370496 0.0423649 0.128378 0.00219917
44 0.426993 0.375 0.0356757 0.176802 0.00218201
64 0.843953 0.823198 0.216284 0.0731982 0.00211525
73 0.322196 0.39527 0.0568581 0.179054 0.00209999
64 0.754764 0.8125 0.16277 0.0743243 0.0020504
37 0.695676 0.458333 0.602027 0.648649 0.0020504
27 0.697905 0.561374 0.138243 0.415541 0.00188255
57 0.651639 0.637387 0.678953 0.695946 0.0018034
27 0.427272 0.38598 0.0457094 0.196509 0.00176144
56 0.695676 0.458333 0.602027 0.648649 0.00172043
56 0.0220534 0.498029 0.0432707 0.107545 0.00171375
67 0.755878 0.813063 0.16277 0.0743243 0.0016613
0 0.695676 0.458333 0.602027 0.648649 0.0016613
56 0.317737 0.417793 0.0663345 0.222973 0.0016489
64 0.82723 0.820946 0.24527 0.0923423 0.00163555
63 0.71003 0.615991 0.559941 0.683559 0.00162315
0 0.284569 0.30884 0.365118 0.497185 0.00161648
13 0.715743 0.536599 0.200676 0.516892 0.00161076
56 0.0325053 0.508728 0.0650106 0.0838964 0.00160408
72 0.634358 0.498944 0.503919 0.56067 0.0015974
73 0.855101 0.782658 0.16723 0.0720721 0.00157356
16 0.218792 0.503378 0.107584 0.225225 0.00156116
27 0.776503 0.553773 0.235237 0.557996 0.00152493
56 0.406647 0.586149 0.448733 0.353604 0.00151253
0 0.155524 0.448198 0.0607601 0.0945946 0.00150108
65 0.755878 0.813063 0.16277 0.0743243 0.00150108
60 0.670591 0.860924 0.566351 0.262387 0.00146103
26 0.837264 0.882883 0.323311 0.211712 0.00145531
4 0.650524 0.450451 0.66223 0.64527 0.00143242
64 0.806047 0.806306 0.0468243 0.0292793 0.00136662
0 0.654983 0.534065 0.554088 0.523086 0.00132465
56 0.734139 0.55518 0.462669 0.55518 0.00132465
71 0.695676 0.458333 0.602027 0.648649 0.00130463
6 0.650524 0.450451 0.66223 0.64527 0.00127411
73 0.312162 0.357264 0.0289865 0.079955 0.00126934
51 0.430338 0.373874 0.0367906 0.177928 0.00126457
13 0.0277323 0.557433 0.0554645 0.0304054 0.00125504
27 0.314113 0.419482 0.0680067 0.222973 0.00123501
72 0.475769 0.509291 0.30826 0.509572 0.00118828
65 0.650524 0.450451 0.66223 0.64527 0.0011158
59 0.589329 0.786036 0.821343 0.405405 0.0011158
56 0.304637 0.422016 0.0875169 0.233108 0.0011034
56 0.101174 0.505631 0.202348 0.295045 0.00109863
56 0.0306239 0.564752 0.0609692 0.0833333 0.00108624
64 0.792669 0.79955 0.0869594 0.0518018 0.00106525
43 0.752534 0.806306 0.160541 0.0608108 0.00103188
15 0.185764 0.533221 0.17364 0.288288 0.00101662
11 0.650524 0.450451 0.66223 0.64527 0.00101185
16 0.185068 0.533221 0.175034 0.288288 0.95166
36 0.692331 0.525901 0.154966 0.502252 0.552734
43 0.691216 0.536599 0.156081 0.518018 0.158203
43 0.761453 0.527027 0.115946 0.468468 0.0328369
56 0.0610389 0.556447 0.120405 0.168637 0.0322266
63 0.651639 0.449043 0.66 0.642455 0.0301056
31 0.691216 0.536599 0.156081 0.518018 0.0259552
27 0.695676 0.535473 0.169459 0.510135 0.0227966
60 0.652196 0.658925 0.691216 0.652872 0.0222473
27 0.761453 0.527027 0.115946 0.468468 0.0206451
36 0.767027 0.53125 0.102568 0.484797 0.0200195
60 0.589747 0.789415 0.820507 0.399775 0.0190887
27 0.68397 0.563204 0.122635 0.339809 0.0166626
56 0.0608995 0.493243 0.120963 0.277027 0.0160217
31 0.761453 0.527027 0.115946 0.468468 0.0130234
65 0.691216 0.536599 0.156081 0.518018 0.0123367
0 0.653311 0.639077 0.673378 0.69482 0.0121918
0 0.730237 0.605293 0.515068 0.653153 0.0121002
56 0.0344824 0.536036 0.068721 0.134009 0.0112457
43 0.426993 0.375 0.0351183 0.176802 0.008255
27 0.426993 0.375 0.0351183 0.176802 0.00712204
27 0.765912 0.552365 0.100338 0.341216 0.00671768
60 0.435912 0.771397 0.871824 0.434685 0.00538635
37 0.692331 0.535473 0.165 0.507883 0.00527954
56 0.024527 0.530969 0.0484269 0.127252 0.00510025
76 0.691216 0.536599 0.156081 0.518018 0.00502014
61 0.695676 0.457207 0.602027 0.649775 0.00471878
62 0.651639 0.449043 0.66 0.642455 0.00460815
56 0.0181166 0.505068 0.0362331 0.0731982 0.00453949
56 0.0604117 0.527027 0.120266 0.117117 0.00436401
56 0.0833536 0.473255 0.0752186 0.238176 0.00413513
56 0.730237 0.605293 0.515068 0.653153 0.00403976
56 0.133923 0.58277 0.0838936 0.135135 0.00378036
0 0.779291 0.552365 0.356757 0.532658 0.0037365
43 0.504755 0.699324 0.235794 0.114865 0.00358009
60 0.0633557 0.560248 0.125248 0.18018 0.00355148
60 0.393269 0.781532 0.672821 0.403153 0.00355148
64 0.837264 0.882883 0.323311 0.211712 0.00333786
56 0.0225412 0.515766 0.0445249 0.0957208 0.00319672
13 0.695676 0.457207 0.602027 0.649775 0.00314713
13 0.0639654 0.560248 0.126258 0.181306 0.00307465
0 0.754206 0.548423 0.181723 0.536036 0.00279045
56 0.140717 0.560248 0.0552555 0.088964 0.00277901
16 0.147859 0.499155 0.0799916 0.196509 0.00273705
27 0.754206 0.548423 0.181723 0.536036 0.00266266
73 0.329721 0.370496 0.0423649 0.128378 0.00259018
73 0.505034 0.70214 0.239696 0.117117 0.00258064
56 0.631014 0.502886 0.495 0.552787 0.00256157
73 0.321917 0.396959 0.0574156 0.182432 0.00253105
36 0.745287 0.543637 0.149392 0.464527 0.00251198
64 0.754764 0.8125 0.160541 0.0743243 0.00234985
28 0.716301 0.536318 0.199561 0.515203 0.00228691
64 0.843953 0.823198 0.217399 0.0720721 0.00220871
56 0.196774 0.494369 0.31049 0.380631 0.00214958
27 0.427272 0.386261 0.0462669 0.197072 0.00212479
37 0.695676 0.457207 0.602027 0.649775 0.00212479
44 0.426993 0.375 0.0351183 0.176802 0.00210762
56 0.754206 0.548423 0.181723 0.536036 0.00210762
65 0.755878 0.813063 0.16277 0.0743243 0.00205803
27 0.698463 0.562078 0.138243 0.414133 0.00202751
67 0.755878 0.813063 0.16277 0.0743243 0.00193405
72 0.631014 0.502886 0.495 0.552787 0.00188255
56 0.0216702 0.497185 0.0425042 0.106982 0.00186062
4 0.651639 0.449043 0.66 0.642455 0.00183868
26 0.837264 0.882883 0.323311 0.211712 0.0018177
6 0.651639 0.449043 0.66 0.642455 0.00181007
56 0.695676 0.457207 0.602027 0.649775 0.00178909
56 0.0305891 0.508446 0.0611782 0.0833333 0.00178242
0 0.283733 0.305814 0.361216 0.487472 0.00176811
64 0.806047 0.807433 0.0490541 0.0315315 0.0017004
0 0.155524 0.447635 0.0607601 0.0945946 0.0017004
64 0.826115 0.820946 0.2475 0.0923423 0.00167465
72 0.481343 0.510698 0.292652 0.505631 0.00162315
57 0.653311 0.639077 0.673378 0.69482 0.00158501
60 0.667665 0.859234 0.5644 0.265766 0.00154877
56 0.317737 0.418074 0.0663345 0.222973 0.00150108
73 0.855101 0.782658 0.166115 0.0720721 0.00149536
27 0.314113 0.420045 0.0680067 0.222973 0.00148964
65 0.651639 0.449043 0.66 0.642455 0.00148964
56 0.41027 0.592342 0.437027 0.34009 0.00147247
73 0.312162 0.357264 0.0289865 0.079955 0.00144958
51 0.430617 0.373874 0.0367906 0.177928 0.00143242
64 0.792669 0.798987 0.0869594 0.0518018 0.00141621
63 0.706824 0.635698 0.581959 0.688063 0.00138855
13 0.716301 0.536318 0.199561 0.515203 0.00137234
56 0.779291 0.552365 0.356757 0.532658 0.00133514
0 0.695676 0.457207 0.602027 0.649775 0.00131512
71 0.695676 0.457207 0.602027 0.649775 0.00131512
13 0.0276626 0.557433 0.0553252 0.0304054 0.00128937
76 0.761453 0.527027 0.115946 0.468468 0.00126457
43 0.753091 0.805743 0.161655 0.0596847 0.00118828
0 0.65345 0.535473 0.548235 0.519144 0.00115108
60 0.329721 0.685811 0.650524 0.572072 0.00115108
64 0.90973 0.846284 0.0602028 0.027027 0.00114727
57 0.730237 0.605293 0.515068 0.653153 0.00114727
16 0.218792 0.503097 0.107584 0.224662 0.0011425
13 0.0483224 0.55518 0.0966449 0.0484234 0.00112438
28 0.651639 0.449043 0.66 0.642455 0.00109863
59 0.589747 0.789415 0.820507 0.399775 0.00109482
11 0.651639 0.449043 0.66 0.642455 0.00109005
56 0.813294 0.610923 0.336689 0.615991 0.00109005
27 0.728007 0.561374 0.0624324 0.362613 0.00108147
15 0.185068 0.533221 0.175034 0.288288 0.00108147
0 0.147998 0.492962 0.0791554 0.192005 0.00106049
56 0.0173327 0.48705 0.0342473 0.0371622 0.00105667
34 0.690659 0.536318 0.158311 0.518581 0.00105667
56 0.0168101 0.480011 0.0322962 0.0230856 0.00104046
73 0.828345 0.805743 0.233007 0.118243 0.00101185
56 0.0995017 0.505912 0.199003 0.295608 0.00100803
16 0.184789 0.533221 0.175591 0.288288 0.954102
36 0.692331 0.526464 0.154966 0.502252 0.694336
43 0.691216 0.536599 0.156081 0.518018 0.131226
36 0.764797 0.530969 0.107027 0.492117 0.0391846
43 0.76201 0.526464 0.114831 0.467342 0.0391846
31 0.691216 0.536599 0.156081 0.518018 0.0333252
56 0.0610389 0.555743 0.120405 0.167793 0.0284424
27 0.76201 0.526464 0.114831 0.467342 0.0257568
63 0.654426 0.447917 0.653311 0.640203 0.0250854
60 0.653311 0.660895 0.688987 0.64893 0.0244293
27 0.694561 0.535473 0.16723 0.510135 0.0205688
31 0.76201 0.526464 0.114831 0.467342 0.0204926
60 0.589886 0.789415 0.820228 0.399775 0.0202942
27 0.68397 0.564048 0.122635 0.338119 0.016983
56 0.0608995 0.492117 0.120963 0.274775 0.0162201
65 0.691216 0.536599 0.156081 0.518018 0.01297
0 0.654426 0.639499 0.667804 0.693975 0.0110321
56 0.0346653 0.535192 0.069052 0.13232 0.0106964
0 0.752534 0.59741 0.468243 0.629505 0.0104523
43 0.426993 0.375 0.0356757 0.176802 0.00905609
27 0.765912 0.552928 0.100338 0.343469 0.00784302
27 0.426993 0.375 0.0356757 0.176802 0.00703812
56 0.0249799 0.538007 0.0494721 0.136824 0.00570679
60 0.436191 0.771256 0.872382 0.434966 0.00557709
37 0.692331 0.535473 0.16277 0.507883 0.00547028
56 0.0181166 0.505068 0.0362331 0.0731982 0.00466537
56 0.0604988 0.527027 0.120371 0.117117 0.00466537
43 0.505034 0.699324 0.235237 0.113739 0.00421524
76 0.691216 0.536599 0.156081 0.518018 0.00416565
56 0.752534 0.59741 0.468243 0.629505 0.00413513
56 0.0831968 0.473536 0.0749747 0.237613 0.0041008
64 0.837264 0.882883 0.321081 0.211712 0.00402451
62 0.654426 0.447917 0.653311 0.640203 0.00391388
56 0.134097 0.58277 0.0841026 0.134009 0.00385475
36 0.745845 0.54223 0.149392 0.460586 0.00380898
60 0.393547 0.782095 0.677838 0.402027 0.00370789
61 0.696651 0.455237 0.597846 0.643581 0.00367928
27 0.748074 0.548987 0.16723 0.524775 0.0036068
0 0.804933 0.568131 0.303243 0.523649 0.00358009
60 0.063495 0.560248 0.125527 0.179054 0.00349617
56 0.0222363 0.515203 0.0438804 0.0957208 0.00317192
56 0.140717 0.560248 0.0552555 0.088964 0.00301552
13 0.696651 0.455237 0.597846 0.643581 0.00292397
13 0.0610389 0.555743 0.120405 0.167793 0.00288963
64 0.754764 0.811937 0.160541 0.0743243 0.00279999
73 0.504755 0.70214 0.239138 0.117117 0.00275803
16 0.147859 0.499437 0.0799916 0.195946 0.0026722
67 0.755878 0.8125 0.16277 0.0743243 0.00264168
65 0.755878 0.8125 0.16277 0.0743243 0.00259018
64 0.843953 0.823198 0.217399 0.0720721 0.00254059
44 0.426993 0.375 0.0356757 0.176802 0.0024147
73 0.321639 0.398649 0.057973 0.185248 0.00234985
27 0.426993 0.386261 0.0468243 0.197635 0.00233269
73 0.329721 0.370496 0.0423649 0.128378 0.00231361
26 0.837264 0.882883 0.323311 0.211712 0.00228691
56 0.626415 0.505631 0.48413 0.545045 0.00216484
64 0.806047 0.807433 0.0479392 0.0326576 0.00215721
72 0.626415 0.505631 0.48413 0.545045 0.00201988
37 0.696651 0.455237 0.597846 0.643581 0.00200272
72 0.484966 0.511332 0.283176 0.502112 0.00199509
0 0.748074 0.548987 0.16723 0.524775 0.0019722
0 0.155663 0.447635 0.0607601 0.0945946 0.00195694
56 0.19761 0.494369 0.308818 0.379505 0.00192642
56 0.0307285 0.508446 0.0614569 0.0833333 0.00191212
28 0.716301 0.530969 0.196216 0.507883 0.00189686
56 0.0216353 0.496622 0.0423649 0.108108 0.00188255
73 0.855101 0.782658 0.166115 0.0720721 0.00187492
64 0.824443 0.81982 0.250845 0.0900901 0.00185299
64 0.792669 0.798987 0.0869594 0.0518018 0.0018177
56 0.748074 0.548987 0.16723 0.524775 0.00179577
27 0.698463 0.563063 0.138243 0.413288 0.00174809
0 0.283176 0.304617 0.357314 0.476351 0.00169373
60 0.665435 0.858671 0.559941 0.266892 0.00159168
60 0.307703 0.762387 0.574156 0.400901 0.00157356
56 0.696651 0.455237 0.597846 0.643581 0.00155449
51 0.430338 0.373874 0.0367906 0.177928 0.00154877
43 0.753091 0.804617 0.161655 0.0585585 0.00152493
73 0.312162 0.357264 0.0289865 0.079955 0.00151253
27 0.314392 0.420045 0.0680068 0.222973 0.00151253
57 0.654426 0.639499 0.667804 0.693975 0.00146103
6 0.654426 0.447917 0.653311 0.640203 0.00144386
13 0.0276626 0.557573 0.0553252 0.03125 0.00141621
4 0.654426 0.447917 0.653311 0.640203 0.00141048
64 0.90973 0.846284 0.0602028 0.027027 0.00140476
56 0.410549 0.589949 0.435355 0.344876 0.00138855
63 0.713514 0.636402 0.566351 0.686655 0.00138283
65 0.654426 0.447917 0.653311 0.640203 0.00134563
76 0.76201 0.526464 0.114831 0.467342 0.00132465
56 0.317737 0.418074 0.0663345 0.222973 0.00130939
13 0.0482876 0.55518 0.0965752 0.0484234 0.00129414
13 0.716301 0.535473 0.199561 0.513514 0.0012846
56 0.790439 0.552928 0.316622 0.52027 0.00127411
73 0.828345 0.80518 0.231892 0.118243 0.00122547
0 0.147998 0.492962 0.0791554 0.192005 0.0012207
27 0.726892 0.563626 0.0624324 0.365991 0.0012207
16 0.218792 0.501689 0.107584 0.221847 0.00121593
56 0.0173501 0.485642 0.0342124 0.0343469 0.00117874
60 0.330279 0.685811 0.650524 0.56982 0.00115108
56 0.0168101 0.480011 0.0322962 0.0230856 0.00114727
34 0.690659 0.536318 0.158311 0.518581 0.00113392
64 0.784865 0.824324 0.225203 0.0990991 0.00112057
65 0.76201 0.526464 0.114831 0.467342 0.00110722
71 0.696651 0.455237 0.597846 0.643581 0.0011034
59 0.589886 0.789415 0.820228 0.399775 0.0011034
57 0.752534 0.59741 0.468243 0.629505 0.00109863
28 0.654426 0.447917 0.653311 0.640203 0.00108147
25 0.0831968 0.473536 0.0749747 0.237613 0.00106525
13 0.0257813 0.561937 0.0508657 0.0247748 0.00105286
43 0.741385 0.54955 0.158311 0.490991 0.00104809
56 0.048845 0.54589 0.09769 0.0703829 0.00101662
0 0.696651 0.455237 0.597846 0.643581 0.00101662
60 0 0.670045 0 0.406532 0.00100803
0 0.651081 0.537162 0.541824 0.515766 0.00100803
16 0.184545 0.532939 0.176636 0.287725 0.958008
36 0.692331 0.526464 0.154966 0.502252 0.764648
43 0.691216 0.536318 0.156081 0.517455 0.11676
36 0.764797 0.530687 0.107027 0.49268 0.0558167
43 0.76201 0.527027 0.114831 0.469595 0.0420837
31 0.691216 0.536318 0.156081 0.517455 0.0339661
56 0.0611085 0.555743 0.120545 0.167793 0.0264587
60 0.653311 0.662162 0.688987 0.648649 0.026413
27 0.76201 0.527027 0.114831 0.469595 0.0247955
31 0.76201 0.527027 0.114831 0.469595 0.0237732
63 0.646761 0.442005 0.67087 0.663288 0.0213623
60 0.589747 0.788288 0.820507 0.400901 0.0206451
27 0.68397 0.565878 0.122635 0.336712 0.0176392
27 0.694561 0.535473 0.16723 0.510135 0.0171814
56 0.0608995 0.490991 0.120963 0.272523 0.0158997
65 0.691216 0.536318 0.156081 0.517455 0.012825
56 0.0351879 0.534065 0.0700971 0.130068 0.0104904
0 0.653868 0.640203 0.667804 0.69482 0.00978088
43 0.426436 0.375 0.0356757 0.176802 0.00971222
0 0.75978 0.598536 0.45152 0.625 0.00923157
27 0.765912 0.554054 0.100338 0.344595 0.00818634
56 0.0604988 0.530124 0.120649 0.122185 0.00743103
37 0.691774 0.535473 0.16277 0.507883 0.00616837
60 0.450684 0.777027 0.884645 0.425676 0.00600433
27 0.426436 0.375 0.0356757 0.176802 0.00588989
56 0.0246315 0.538007 0.0489844 0.136824 0.00527954
36 0.745845 0.541948 0.148277 0.458896 0.00519943
56 0.0180817 0.505068 0.0361634 0.0731982 0.00460815
43 0.504755 0.699324 0.234679 0.112613 0.00441742
64 0.838378 0.882883 0.318851 0.211712 0.00438309
27 0.745845 0.549268 0.160541 0.516329 0.0041008
56 0.75978 0.598536 0.45152 0.625 0.00407028
56 0.134063 0.582207 0.0841723 0.134009 0.00405502
56 0.0830749 0.473536 0.0749398 0.237613 0.00374985
60 0.0636344 0.559544 0.125806 0.178209 0.00359344
76 0.691216 0.536318 0.156081 0.517455 0.00346947
0 0.804933 0.569257 0.301014 0.52027 0.00344276
64 0.754764 0.811937 0.160541 0.0743243 0.00318527
56 0.140612 0.560248 0.0554645 0.088964 0.00317192
56 0.0216353 0.515203 0.0427133 0.0945946 0.00311089
65 0.755878 0.8125 0.16277 0.0743243 0.00309944
67 0.755878 0.8125 0.16277 0.0743243 0.00307465
13 0.0611085 0.555743 0.120545 0.167793 0.00288963
62 0.656655 0.446509 0.648851 0.638514 0.00286674
56 0.148974 0.560248 0.0755321 0.0934685 0.00271416
73 0.504755 0.70214 0.239138 0.117117 0.00271416
44 0.426436 0.375 0.0356757 0.176802 0.0026722
61 0.695815 0.451858 0.59283 0.636824 0.0026722
16 0.14772 0.499437 0.0799916 0.195946 0.00259018
64 0.843953 0.823198 0.216284 0.0720721 0.00253105
64 0.806047 0.807433 0.0490541 0.0326576 0.0024147
27 0.426993 0.386824 0.0473817 0.198761 0.00236893
13 0.695815 0.451858 0.59283 0.636824 0.00228691
26 0.837821 0.882883 0.322196 0.211712 0.00225258
0 0.155663 0.447354 0.0604814 0.0945946 0.00209999
73 0.329721 0.370496 0.0423649 0.128378 0.00206757
64 0.792669 0.798987 0.0869594 0.0518018 0.00200272
73 0.321639 0.400056 0.057973 0.188063 0.00197983
73 0.855101 0.782658 0.166115 0.0720721 0.0019722
6 0.646761 0.442005 0.67087 0.663288 0.00195694
72 0.485245 0.512317 0.280389 0.500141 0.00195694
64 0.82277 0.81982 0.251959 0.0900901 0.00194168
56 0.0304497 0.508446 0.0608995 0.0833333 0.00192642
56 0.0213566 0.496622 0.0418771 0.106982 0.00189686
56 0.197331 0.494651 0.309932 0.380068 0.00188923
28 0.717416 0.530969 0.198446 0.507883 0.00188255
56 0.623209 0.50725 0.477162 0.541808 0.00186729
72 0.623209 0.50725 0.477162 0.541808 0.00186729
43 0.753091 0.804054 0.161655 0.0574324 0.00177479
60 0.355084 0.779279 0.634358 0.391892 0.00174141
0 0.282618 0.302858 0.356757 0.471988 0.00166798
56 0.745845 0.549268 0.160541 0.516329 0.0016489
37 0.695815 0.451858 0.59283 0.636824 0.00162315
65 0.646761 0.442005 0.67087 0.663288 0.00161076
27 0.314392 0.420045 0.0680068 0.222973 0.00159168
60 0.663345 0.858108 0.556318 0.268018 0.00158501
0 0.745845 0.549268 0.160541 0.516329 0.00152493
63 0.7078 0.637387 0.577779 0.689189 0.0015192
64 0.909172 0.846284 0.0602028 0.027027 0.0014782
27 0.698463 0.564752 0.138243 0.411036 0.0014782
16 0.218792 0.500563 0.107584 0.219595 0.00145531
56 0.410828 0.594735 0.432568 0.337556 0.00145531
13 0.0277323 0.556869 0.0554645 0.0315315 0.00144958
13 0.0483573 0.55518 0.0967145 0.0495496 0.00144386
51 0.430338 0.373874 0.0367906 0.177928 0.00144386
57 0.653868 0.640203 0.667804 0.69482 0.00137806
73 0.312162 0.356982 0.0289865 0.079955 0.00135612
0 0.147998 0.49268 0.0791554 0.191441 0.00135612
73 0.828345 0.80518 0.231892 0.118243 0.00134087
43 0.7425 0.54955 0.156081 0.489865 0.00133038
76 0.76201 0.527027 0.114831 0.469595 0.00129986
56 0.804933 0.569257 0.301014 0.52027 0.00125504
56 0.695815 0.451858 0.59283 0.636824 0.00122547
27 0.726892 0.565315 0.0635473 0.367117 0.00121593
13 0.716858 0.535755 0.200676 0.512951 0.00118828
56 0.0173501 0.484797 0.0342124 0.0326577 0.00117874
28 0.646761 0.442005 0.67087 0.663288 0.00117874
56 0.0168101 0.480011 0.0322962 0.0230856 0.00117397
34 0.691774 0.535473 0.16277 0.507883 0.0011692
43 0.426993 0.386824 0.0473817 0.198761 0.00116062
64 0.78152 0.824324 0.217399 0.100225 0.00115108
65 0.767027 0.530969 0.102568 0.483108 0.00113773
56 0.317737 0.418074 0.0668919 0.222973 0.00110722
59 0.589747 0.788288 0.820507 0.400901 0.0011034
13 0.0257725 0.561937 0.0508831 0.0247748 0.00109005
56 0.0487405 0.545608 0.097481 0.0698198 0.00107288
25 0.0830749 0.473536 0.0749398 0.237613 0.00105286
57 0.75978 0.598536 0.45152 0.625 0.00104809
36 0.771487 0.497748 0.110372 0.363739 0.00104046
64 0.896351 0.890766 0.202905 0.189189 0.00103664
63 0.75978 0.598536 0.45152 0.625 0.00102425
60 0 0.670045 0 0.403153 0.00101662
60 0.328606 0.685248 0.644949 0.567568 0.00101185
16 0.184789 0.532939 0.176706 0.287725 0.958008
36 0.692331 0.526464 0.154966 0.502252 0.818848
43 0.691216 0.536318 0.156081 0.517455 0.100159
36 0.764797 0.530687 0.107027 0.49268 0.0792236
43 0.76201 0.527027 0.114831 0.469595 0.0411377
31 0.691216 0.536318 0.156081 0.517455 0.037323
31 0.76201 0.527027 0.114831 0.469595 0.0280151
60 0.654426 0.664978 0.686757 0.643018 0.0266113
56 0.0611085 0.555743 0.120405 0.167793 0.0256653
27 0.76201 0.527027 0.114831 0.469595 0.0245209
63 0.647179 0.443975 0.668919 0.658221 0.0235138
60 0.591001 0.791667 0.817998 0.394144 0.0202484
27 0.684527 0.566442 0.122635 0.335586 0.0177155
56 0.0608995 0.490428 0.120823 0.271396 0.016098
27 0.694003 0.535755 0.166115 0.509572 0.0146713
65 0.691216 0.536318 0.156081 0.517455 0.0130692
56 0.0355015 0.532658 0.0705849 0.127252 0.0109024
43 0.426436 0.375 0.0356757 0.176802 0.00981903
27 0.765912 0.55518 0.100338 0.344595 0.0086441
0 0.774831 0.592202 0.416959 0.603885 0.00837708
0 0.655541 0.641329 0.661115 0.692568 0.00803375
56 0.0604988 0.529561 0.120649 0.121059 0.00793457
36 0.745287 0.54223 0.148277 0.457207 0.00674438
37 0.691216 0.535755 0.16277 0.50732 0.00661469
27 0.426436 0.375 0.0356757 0.176802 0.00634003
60 0.45152 0.780406 0.876284 0.421171 0.00614548
56 0.024527 0.538007 0.0487753 0.136824 0.00527954
56 0.0180469 0.505068 0.0360938 0.0731982 0.0046463
56 0.134097 0.582207 0.0841026 0.134009 0.00453949
27 0.744172 0.551239 0.158311 0.510135 0.00441742
43 0.505034 0.699324 0.234122 0.112613 0.00424957
65 0.755878 0.8125 0.16277 0.0743243 0.00397491
56 0.774831 0.592202 0.416959 0.603885 0.00365067
67 0.755878 0.8125 0.16277 0.0743243 0.0036068
60 0.063617 0.560248 0.12584 0.179054 0.00352478
64 0.754764 0.811937 0.160541 0.0743243 0.00349617
64 0.838378 0.882883 0.318851 0.211712 0.00349617
56 0.140612 0.560248 0.0554645 0.088964 0.00345612
56 0.0829878 0.473536 0.0748353 0.237613 0.00335121
0 0.806047 0.572072 0.301014 0.512387 0.00333786
56 0.0213305 0.515203 0.0420687 0.0945946 0.00323486
13 0.0611085 0.555743 0.120405 0.167793 0.00291252
56 0.148974 0.560248 0.0755321 0.0934685 0.00286674
76 0.692331 0.526464 0.154966 0.502252 0.00286674
27 0.426993 0.386824 0.0479392 0.199324 0.0026722
26 0.838378 0.882883 0.321081 0.211712 0.0026722
64 0.806047 0.807433 0.0490541 0.0326576 0.00265312
16 0.14772 0.499437 0.0797129 0.195946 0.00265312
6 0.647179 0.443975 0.668919 0.658221 0.00265312
44 0.426436 0.375 0.0356757 0.176802 0.00260162
73 0.504755 0.70214 0.239138 0.117117 0.00259018
64 0.843953 0.823198 0.216284 0.0720721 0.00253105
0 0.155802 0.447072 0.0602027 0.0945946 0.00232315
64 0.792669 0.798987 0.0869594 0.0518018 0.00224304
62 0.647179 0.443975 0.668919 0.658221 0.00218201
43 0.753091 0.804054 0.161655 0.0563063 0.0020504
64 0.821656 0.81982 0.254189 0.0900901 0.00202751
56 0.0303104 0.508446 0.0606208 0.0833333 0.00201988
73 0.33 0.370496 0.0423649 0.127815 0.00200272
73 0.855101 0.782658 0.166115 0.0720721 0.00198746
56 0.0211128 0.496622 0.0413894 0.106982 0.00192642
72 0.487475 0.51464 0.274814 0.495496 0.00186729
73 0.321639 0.399775 0.057973 0.186937 0.00182438
61 0.6947 0.449324 0.58614 0.628378 0.00178242
13 0.6947 0.449324 0.58614 0.628378 0.00173378
65 0.647179 0.443975 0.668919 0.658221 0.0017271
28 0.717973 0.530969 0.198446 0.507883 0.00172043
16 0.219071 0.499719 0.107027 0.217905 0.0017004
60 0.352855 0.779279 0.62098 0.38964 0.00164223
72 0.61875 0.510135 0.467128 0.536036 0.00162315
13 0.0482179 0.55518 0.0964358 0.0495496 0.00160408
13 0.0277323 0.556869 0.0554645 0.0315315 0.0015974
64 0.90973 0.846284 0.0602028 0.027027 0.00157928
0 0.148033 0.492399 0.0790857 0.190878 0.00157928
43 0.72076 0.53491 0.200676 0.502252 0.00154877
27 0.314392 0.420045 0.0680068 0.222973 0.00149536
60 0.663205 0.857545 0.555481 0.269144 0.00148392
73 0.82723 0.80518 0.234122 0.118243 0.00145531
27 0.698463 0.565315 0.138243 0.40991 0.00144958
56 0.199003 0.494369 0.305473 0.379505 0.00144386
51 0.430338 0.373874 0.0367906 0.177928 0.00143814
56 0.61875 0.510135 0.467128 0.536036 0.00143814
56 0.744172 0.551239 0.158311 0.510135 0.0014267
28 0.647179 0.443975 0.668919 0.658221 0.00141048
37 0.6947 0.449324 0.58614 0.628378 0.00136662
63 0.714628 0.636824 0.563007 0.685811 0.00133514
0 0.744172 0.551239 0.158311 0.510135 0.00133038
73 0.312162 0.357264 0.0289865 0.079955 0.00132465
0 0.283245 0.305743 0.352158 0.447635 0.00131512
64 0.778176 0.823198 0.209595 0.0968468 0.00127888
27 0.726892 0.565456 0.0624324 0.366836 0.00126934
56 0.0173327 0.483671 0.0341776 0.0304054 0.0012598
65 0.767027 0.530405 0.102568 0.481982 0.00125504
43 0.426993 0.386824 0.0479392 0.199324 0.00124931
34 0.691216 0.535755 0.16277 0.50732 0.00121117
56 0.414172 0.601492 0.423649 0.324043 0.00119686
13 0.0257725 0.561937 0.0508831 0.0247748 0.00119209
76 0.76201 0.527027 0.114831 0.469595 0.00115585
56 0.806047 0.572072 0.301014 0.512387 0.00115585
56 0.897466 0.894144 0.202905 0.195946 0.00115108
36 0.771487 0.501689 0.110372 0.375 0.00114727
56 0.048636 0.545608 0.097272 0.0698198 0.00113392
59 0.591001 0.791667 0.817998 0.394144 0.00113392
57 0.655541 0.641329 0.661115 0.692568 0.00111198
25 0.0829878 0.473536 0.0748353 0.237613 0.0011034
13 0.716858 0.535473 0.199561 0.512387 0.0011034
73 0.452078 0.684685 0.132669 0.0788288 0.00109005
13 0.0388461 0.561937 0.0776922 0.0450451 0.00101185
60 0 0.670045 0 0.402027 0.00100803
44 0.753091 0.804054 0.161655 0.0563063 0.00100422
16 0.184789 0.532939 0.176706 0.287725 0.958008
36 0.692331 0.526464 0.154966 0.502252 0.822266
43 0.691216 0.536318 0.156081 0.517455 0.0974121
36 0.764797 0.530405 0.107027 0.492117 0.083313
43 0.76201 0.527027 0.114831 0.469595 0.0408325
31 0.691216 0.536318 0.156081 0.517455 0.0377502
31 0.76201 0.527027 0.114831 0.469595 0.028656
60 0.654426 0.664978 0.686757 0.643018 0.0261993
56 0.0610389 0.556166 0.120405 0.166948 0.0259552
27 0.76201 0.527027 0.114831 0.469595 0.0248871
63 0.647179 0.44482 0.668919 0.656532 0.0216217
60 0.591001 0.792793 0.817998 0.394144 0.0197144
27 0.684527 0.566442 0.122635 0.335586 0.0175781
56 0.0608995 0.490428 0.120963 0.271396 0.0162811
27 0.694003 0.535755 0.166115 0.509572 0.0147324
65 0.691216 0.536318 0.156081 0.517455 0.0128708
56 0.0354666 0.532658 0.0706546 0.127252 0.0108566
43 0.426436 0.375 0.0356757 0.176802 0.00941467
27 0.765912 0.554617 0.100338 0.344595 0.00861359
0 0.775946 0.591076 0.415845 0.601633 0.00821686
56 0.0605511 0.529842 0.120684 0.121622 0.00793457
0 0.655541 0.641329 0.661115 0.692568 0.0077858
36 0.721318 0.53491 0.200676 0.502252 0.00766754
36 0.745287 0.541667 0.148277 0.457207 0.0068512
27 0.426436 0.375 0.0356757 0.176802 0.00674438
37 0.691216 0.535755 0.16277 0.50732 0.00651169
60 0.451799 0.779842 0.875726 0.421171 0.00643921
56 0.0246315 0.538007 0.048845 0.136824 0.00527954
56 0.0180295 0.505068 0.0360589 0.0731982 0.00462723
56 0.134097 0.582207 0.0841026 0.134009 0.00453949
27 0.744172 0.55152 0.158311 0.509572 0.00443268
65 0.755878 0.8125 0.16277 0.0743243 0.00407028
43 0.505034 0.699324 0.234122 0.112613 0.00395966
67 0.755878 0.8125 0.16277 0.0743243 0.00363541
64 0.754764 0.811937 0.160541 0.0743243 0.00356483
56 0.775946 0.591076 0.415845 0.601633 0.00356483
60 0.063408 0.560248 0.125422 0.177928 0.00353813
64 0.838378 0.882883 0.318851 0.211712 0.00349617
56 0.140612 0.560248 0.0554645 0.088964 0.00346947
56 0.0830749 0.473536 0.0749398 0.237613 0.00337601
56 0.0214002 0.515203 0.0422081 0.0945946 0.00324821
0 0.806047 0.572072 0.299899 0.511261 0.00322342
13 0.0610389 0.556166 0.120405 0.166948 0.00291252
76 0.692331 0.526464 0.154966 0.502252 0.00288963
56 0.148974 0.560248 0.0755321 0.0934685 0.00287819
27 0.426993 0.386824 0.0479392 0.199324 0.00279999
64 0.806047 0.806306 0.0468243 0.0292793 0.00273705
26 0.838378 0.882883 0.321081 0.211712 0.00273705
16 0.14772 0.499437 0.0797129 0.195946 0.00271416
73 0.504755 0.70214 0.239138 0.117117 0.00253105
64 0.843953 0.823198 0.216284 0.0720721 0.00246239
44 0.426436 0.375 0.0356757 0.176802 0.00242424
6 0.647179 0.44482 0.668919 0.656532 0.00237846
64 0.792669 0.798987 0.0858445 0.0518018 0.00233269
0 0.155802 0.447072 0.0602027 0.0945946 0.00230598
43 0.753091 0.804054 0.161655 0.0563063 0.00203514
73 0.855101 0.782658 0.166115 0.0720721 0.00202751
72 0.512559 0.507038 0.251402 0.514077 0.00201988
64 0.821656 0.81982 0.256419 0.0900901 0.00201035
56 0.0303452 0.508446 0.0606905 0.0833333 0.00198746
73 0.33 0.370496 0.0423649 0.127815 0.00198746
61 0.695815 0.450451 0.58837 0.630631 0.00197983
62 0.647179 0.44482 0.668919 0.656532 0.0019722
56 0.0211476 0.496622 0.041459 0.106982 0.00193405
13 0.695815 0.450451 0.58837 0.630631 0.00192642
73 0.321917 0.399775 0.0574156 0.186937 0.00181007
16 0.219071 0.499437 0.107027 0.217342 0.0017271
28 0.717973 0.530969 0.198446 0.507883 0.00168133
72 0.618611 0.510417 0.466292 0.535473 0.00167465
65 0.647179 0.44482 0.668919 0.656532 0.00164223
60 0.352855 0.779279 0.62098 0.38964 0.00162315
13 0.0277323 0.556869 0.0554645 0.0315315 0.00160408
0 0.148033 0.492399 0.0790857 0.190878 0.00160408
13 0.0481134 0.55518 0.0962268 0.0495496 0.0015974
43 0.7425 0.54955 0.153851 0.488739 0.0015974
64 0.90973 0.846284 0.0602028 0.027027 0.00158501
60 0.662369 0.857545 0.554924 0.269144 0.00150681
37 0.695815 0.450451 0.58837 0.630631 0.00148964
27 0.314392 0.420045 0.0680068 0.222973 0.00146675
73 0.827787 0.80518 0.233007 0.118243 0.00146675
27 0.69902 0.565315 0.138243 0.40991 0.00144386
51 0.430338 0.373874 0.0367906 0.177928 0.00143242
56 0.744172 0.55152 0.158311 0.509572 0.00141048
56 0.618611 0.510417 0.466292 0.535473 0.00140476
56 0.199143 0.494369 0.304637 0.378378 0.00136662
28 0.647179 0.44482 0.668919 0.656532 0.00134563
73 0.312162 0.357264 0.0289865 0.079955 0.00133514
0 0.744172 0.55152 0.158311 0.509572 0.00131989
64 0.776503 0.822072 0.20625 0.0968468 0.00130463
63 0.714071 0.637387 0.564122 0.685811 0.00130463
27 0.726892 0.565456 0.0624324 0.366836 0.00127411
0 0.283176 0.306799 0.350625 0.442708 0.00127411
65 0.767027 0.530405 0.102568 0.481982 0.00127411
56 0.0173501 0.483671 0.0342124 0.0304054 0.00126457
34 0.691216 0.535755 0.16277 0.50732 0.0012207
56 0.897466 0.894144 0.202905 0.195946 0.0012064
43 0.426993 0.386824 0.0479392 0.199324 0.00119209
13 0.0257725 0.561937 0.0508831 0.0247748 0.00118828
36 0.771487 0.502534 0.110372 0.376689 0.00116062
76 0.76201 0.527027 0.114831 0.469595 0.00115108
56 0.0485663 0.545608 0.0971326 0.0698198 0.00113392
56 0.41473 0.601915 0.421419 0.322072 0.00112438
56 0.806047 0.572072 0.299899 0.511261 0.00112057
59 0.591001 0.792793 0.817998 0.394144 0.00111198
25 0.0830749 0.473536 0.0749398 0.237613 0.00109863
73 0.452078 0.684685 0.132669 0.0788288 0.00109005
13 0.716858 0.535473 0.199561 0.512387 0.00108147
57 0.655541 0.641329 0.661115 0.692568 0.00108147
13 0.0384977 0.561937 0.0769954 0.0450451 0.00101185
60 0 0.670045 0 0.402027 0.00100803
44 0.753091 0.804054 0.161655 0.0563063 0.00100422
