28 0.838324 0.765625 0.323352 0.348214 0.876465
0 0.32536 0.668387 0.316996 0.567243 0.812988
0 0.525678 0.489955 0.288558 0.821429 0.714844
0 0.497658 0.42885 0.34627 0.666853 0.142944
56 0.526096 0.933036 0.921713 0.125 0.025177
0 0.419141 0.48019 0.506649 0.834263 0.0184784
56 0.377216 0.93471 0.630646 0.121652 0.0143356
13 0.475912 0.934152 0.824691 0.122768 0.014061
0 0.419141 0.650112 0.513341 0.609375 0.0127258
59 0.562312 0.96038 0.875376 0.0669643 0.0111618
28 0.848946 0.791295 0.289394 0.15625 0.01017
56 0.106641 0.936384 0.0986952 0.122768 0.00952148
57 0.526096 0.933036 0.921713 0.125 0.00748825
65 0.417782 0.921875 0.112078 0.0245536 0.00740433
62 0.838073 0.765625 0.321178 0.350446 0.00740433
56 0.472148 0.848214 0.822181 0.292411 0.005867
28 0.794413 0.548549 0.411174 0.757813 0.0049057
59 0.531365 0.932478 0.93727 0.123884 0.00482941
73 0.414854 0.921875 0.107059 0.0245536 0.00460815
13 0.562312 0.96038 0.875376 0.0669643 0.00428009
26 0.838073 0.765625 0.321178 0.350446 0.00355148
61 0.531365 0.932478 0.93727 0.123884 0.00337601
73 0.135288 0.295689 0.0384744 0.0894252 0.00299263
13 0.320341 0.93471 0.516895 0.122768 0.00294685
0 0.322014 0.463449 0.147206 0.138951 0.00283432
72 0.117305 0.349609 0.191954 0.693638 0.00259018
0 0.209518 0.823103 0.100368 0.223214 0.00258064
60 0.518568 0.933036 0.903312 0.125 0.00242424
67 0.414018 0.921875 0.105386 0.0245536 0.00234985
0 0.321596 0.816964 0.211609 0.238839 0.00234985
0 0.248306 0.820312 0.169162 0.227679 0.00229645
26 0.558715 0.55413 0.212446 0.404018 0.00217438
28 0.544915 0.550223 0.253429 0.821429 0.00216484
65 0.370525 0.779018 0.0602208 0.0580358 0.00206757
57 0.391435 0.93471 0.659083 0.122768 0.00201988
57 0.562312 0.96038 0.875376 0.0669643 0.00195694
0 0.186517 0.830915 0.0702576 0.208705 0.00190449
56 0.432419 0.65346 0.44831 0.577009 0.00189686
70 0.838073 0.765625 0.32285 0.348214 0.0018177
0 0.191954 0.761161 0.0476748 0.0714285 0.00170708
24 0.838073 0.765625 0.321178 0.350446 0.00168705
69 0.535547 0.928572 0.928906 0.131696 0.0016489
65 0.362161 0.771205 0.0802944 0.0758929 0.00164223
56 0.529023 0.660156 0.258448 0.563616 0.00162888
57 0.409418 0.611607 0.537805 0.679688 0.0015974
28 0.370107 0.851562 0.108732 0.158482 0.00157356
56 0.186517 0.830915 0.0702576 0.208705 0.00151253
0 0.277267 0.8125 0.11626 0.243304 0.00140476
56 0.192581 0.760045 0.0464202 0.0691964 0.00139427
28 0.559384 0.854911 0.881231 0.272321 0.00138855
60 0.562312 0.96038 0.875376 0.0669643 0.00136662
67 0.838073 0.765625 0.321178 0.350446 0.00135612
28 0.562312 0.96038 0.875376 0.0669643 0.00135136
26 0.491385 0.875558 0.265139 0.122768 0.00134563
41 0.362161 0.767857 0.0802944 0.0747768 0.00131512
71 0.531365 0.932478 0.93727 0.123884 0.00130463
28 0.531365 0.932478 0.93727 0.123884 0.00125504
67 0.389762 0.192662 0.0317832 0.0231585 0.00124454
59 0.409418 0.611607 0.537805 0.679688 0.00123978
68 0.838073 0.765625 0.321178 0.350446 0.00122547
47 0.185054 0.275112 0.0284376 0.0239955 0.00117397
26 0.853128 0.791295 0.287722 0.16183 0.00116539
56 0.332469 0.859375 0.546169 0.270089 0.00115108
56 0.235447 0.936384 0.352961 0.122768 0.00110722
56 0.2183 0.823661 0.120442 0.220982 0.00107288
49 0.185054 0.275112 0.0284376 0.0239955 0.00106907
61 0.572349 0.961496 0.855303 0.0602678 0.00106525
59 0.377216 0.93471 0.630646 0.121652 0.00104809
6 0.418618 0.46875 0.511041 0.770089 0.00101662
28 0.838324 0.765625 0.323352 0.348214 0.868164
0 0.324105 0.669085 0.314486 0.574777 0.790039
0 0.494731 0.44308 0.350452 0.703125 0.673828
56 0.519823 0.933036 0.914185 0.125 0.0234222
56 0.373453 0.934152 0.624791 0.122768 0.012825
62 0.838073 0.765625 0.321178 0.350446 0.0118256
65 0.417782 0.921875 0.112078 0.0245536 0.0112457
59 0.563148 0.959822 0.873703 0.0669642 0.0107346
0 0.419141 0.468192 0.511668 0.773438 0.0104523
13 0.472984 0.933594 0.820508 0.123884 0.00955963
28 0.853965 0.791295 0.286049 0.162946 0.00905609
56 0.106223 0.936384 0.0978588 0.122768 0.00867462
57 0.519823 0.933036 0.914185 0.125 0.00714874
0 0.545333 0.551897 0.252593 0.821429 0.00626373
73 0.415273 0.921875 0.107059 0.0245536 0.00577545
56 0.468802 0.850446 0.818836 0.289062 0.00559998
0 0.420291 0.65625 0.514386 0.600446 0.00457382
59 0.530529 0.932478 0.938943 0.123884 0.00453949
0 0.322014 0.46317 0.14637 0.138393 0.00331116
67 0.414018 0.921875 0.105386 0.0245536 0.00311089
28 0.794204 0.554688 0.411592 0.75 0.00300407
61 0.530529 0.932478 0.938943 0.123884 0.00292397
26 0.838073 0.765625 0.321178 0.350446 0.00283432
73 0.135497 0.296038 0.0380562 0.0892857 0.00277901
26 0.559552 0.554688 0.212446 0.397321 0.00268364
28 0.545333 0.551897 0.252593 0.821429 0.00263214
13 0.563148 0.959822 0.873703 0.0669642 0.00259018
60 0.511041 0.933036 0.894948 0.125 0.00234222
72 0.121278 0.34375 0.180662 0.678571 0.00228691
13 0.310409 0.93471 0.498285 0.122768 0.00223351
0 0.209518 0.823661 0.102041 0.220982 0.00218201
57 0.386835 0.93471 0.651556 0.122768 0.00216484
70 0.838073 0.765625 0.321178 0.350446 0.00214005
65 0.373871 0.779018 0.0526932 0.0558036 0.00209045
0 0.321178 0.815848 0.212446 0.241071 0.0020752
68 0.838073 0.765625 0.321178 0.350446 0.0020504
65 0.362998 0.779018 0.0769488 0.0580358 0.00198746
67 0.838073 0.765625 0.321178 0.350446 0.0018177
0 0.247993 0.820312 0.170626 0.225446 0.00178242
41 0.362579 0.767857 0.0802944 0.0736607 0.0017004
56 0.192581 0.760045 0.0464202 0.0691964 0.00168705
56 0.453329 0.654157 0.40649 0.580078 0.0015974
57 0.563148 0.959822 0.873703 0.0669642 0.00158501
26 0.491803 0.876116 0.265975 0.122768 0.00156116
26 0.853965 0.791295 0.286049 0.162946 0.00153637
67 0.389762 0.192801 0.0317832 0.0234375 0.00150681
57 0.408059 0.612723 0.540524 0.683036 0.00148964
0 0.186099 0.830915 0.071094 0.208705 0.00144958
56 0.186099 0.830915 0.071094 0.208705 0.00144958
60 0.563148 0.959822 0.873703 0.0669642 0.00139427
65 0.362579 0.767857 0.0802944 0.0736607 0.00136662
0 0.191954 0.761161 0.0476748 0.0714285 0.00135136
56 0.408059 0.612723 0.540524 0.683036 0.00133514
69 0.535129 0.930804 0.929742 0.127232 0.00130463
24 0.838073 0.765625 0.321178 0.350446 0.0012846
56 0.525678 0.65904 0.268484 0.570312 0.00127888
56 0.235028 0.936384 0.352961 0.122768 0.00121117
28 0.8364 0.641183 0.311141 0.0948661 0.00119686
69 0.838073 0.765625 0.321178 0.350446 0.00119209
0 0.278521 0.811384 0.117932 0.24442 0.00117397
56 0.323791 0.861049 0.531741 0.268973 0.00115108
65 0.391435 0.196429 0.033456 0.0256696 0.00112438
47 0.185263 0.275181 0.0284376 0.0244141 0.0011158
59 0.373453 0.934152 0.624791 0.122768 0.0011158
49 0.185263 0.275181 0.0284376 0.0244141 0.00110722
57 0.453329 0.654157 0.40649 0.580078 0.00109482
41 0.498494 0.476284 0.0602208 0.0585938 0.00109005
26 0.192372 0.761161 0.0468384 0.0691965 0.00109005
56 0.216628 0.823661 0.118769 0.21875 0.00107288
24 0.552442 0.212193 0.181499 0.126953 0.00105667
71 0.530529 0.932478 0.938943 0.123884 0.00103188
28 0.837906 0.766183 0.324189 0.34933 0.855957
0 0.324419 0.669643 0.316368 0.579241 0.76709
0 0.495149 0.441964 0.351288 0.700893 0.645996
56 0.516059 0.933036 0.908331 0.125 0.0227966
65 0.4182 0.921875 0.112078 0.0245536 0.014389
0 0.420709 0.470424 0.510204 0.764509 0.0121918
56 0.372198 0.934152 0.623954 0.122768 0.0120544
62 0.838073 0.765625 0.321178 0.350446 0.0120087
59 0.563148 0.959822 0.873703 0.0669642 0.00993347
28 0.853965 0.791295 0.287722 0.162946 0.00861359
13 0.470893 0.933594 0.817999 0.123884 0.008255
56 0.106432 0.935826 0.0986952 0.123884 0.00793457
57 0.516059 0.933036 0.908331 0.125 0.00701141
73 0.414854 0.921875 0.107059 0.0245536 0.00658798
59 0.53011 0.93192 0.939779 0.122768 0.0045929
56 0.465875 0.853795 0.814654 0.283482 0.00436401
0 0.416109 0.608398 0.521077 0.689453 0.00405502
67 0.414018 0.921875 0.105386 0.0245536 0.00353813
26 0.559552 0.55692 0.212446 0.386161 0.00288963
0 0.322014 0.46317 0.147206 0.138393 0.00273705
61 0.53011 0.93192 0.939779 0.122768 0.00265312
73 0.135497 0.295829 0.037638 0.0891462 0.00255013
26 0.838073 0.765625 0.321178 0.350446 0.00232315
68 0.838073 0.765625 0.321178 0.350446 0.00214958
60 0.50644 0.933036 0.889093 0.125 0.00213242
65 0.374289 0.779018 0.0518568 0.0558036 0.00204277
13 0.305704 0.934152 0.490967 0.122768 0.00201988
28 0.542824 0.553711 0.257611 0.809989 0.00198746
72 0.121696 0.328962 0.180662 0.642299 0.00197983
65 0.363834 0.779018 0.075276 0.0580358 0.00188255
70 0.837237 0.765625 0.32285 0.350446 0.00188255
57 0.403563 0.616211 0.549515 0.678292 0.00185299
13 0.563148 0.959822 0.873703 0.0669642 0.00185299
67 0.838073 0.765625 0.321178 0.350446 0.00183868
41 0.362579 0.767857 0.0802944 0.0736607 0.00178242
0 0.319505 0.815848 0.219137 0.241071 0.00178242
72 0.102459 0.266044 0.192372 0.524833 0.00172043
67 0.389762 0.192662 0.0309468 0.0231585 0.0017004
28 0.793576 0.564174 0.412847 0.722098 0.00168705
56 0.192581 0.760045 0.0464202 0.0691964 0.00166798
0 0.209518 0.823661 0.10455 0.220982 0.00163555
26 0.853965 0.791295 0.287722 0.162946 0.00161076
26 0.491803 0.877232 0.265975 0.120536 0.00161076
60 0.563148 0.959822 0.873703 0.0669642 0.00153065
0 0.542824 0.553711 0.257611 0.809989 0.00150681
57 0.563148 0.959822 0.873703 0.0669642 0.00142097
57 0.305704 0.934152 0.490967 0.122768 0.00137234
65 0.362579 0.767857 0.0802944 0.0736607 0.00136185
0 0.247156 0.821429 0.173135 0.223214 0.00129414
65 0.391017 0.19615 0.0326196 0.0256696 0.0012846
56 0.185681 0.830915 0.071094 0.208705 0.00124454
56 0.417364 0.656808 0.478421 0.577009 0.00120163
56 0.236806 0.936384 0.356097 0.122768 0.00118828
49 0.185263 0.275181 0.0284376 0.0244141 0.0011692
28 0.8364 0.641183 0.311141 0.0948661 0.00112057
59 0.372198 0.934152 0.623954 0.122768 0.0011158
47 0.185263 0.275181 0.0284376 0.0244141 0.00108147
69 0.534292 0.93192 0.931415 0.125 0.00108147
24 0.552024 0.212472 0.184008 0.127511 0.00107288
24 0.838073 0.765625 0.321178 0.350446 0.00107288
26 0.192372 0.761161 0.0468384 0.0691965 0.00106525
56 0.319505 0.862165 0.524423 0.266741 0.00104046
0 0.192163 0.761161 0.0472566 0.0725446 0.00103188
41 0.499331 0.476562 0.0618936 0.0580357 0.00102425
67 0.391017 0.19615 0.0326196 0.0256696 0.00100803
28 0.837487 0.765625 0.325025 0.350446 0.845703
0 0.324628 0.669643 0.319296 0.581473 0.73877
0 0.494731 0.442522 0.353797 0.702009 0.64502
0 0.433151 0.454799 0.475284 0.811384 0.0481262
56 0.512713 0.933036 0.904985 0.125 0.0231476
65 0.4182 0.921875 0.112914 0.0245536 0.0171814
56 0.368852 0.934152 0.618936 0.122768 0.0114212
28 0.853128 0.791295 0.287722 0.165179 0.00959778
62 0.837237 0.765067 0.32285 0.351563 0.00926971
59 0.562479 0.959822 0.874038 0.0680804 0.00926971
56 0.106641 0.935826 0.0995316 0.123884 0.00769424
73 0.414854 0.921875 0.107059 0.0245536 0.00748825
0 0.412763 0.564174 0.532787 0.78683 0.00728989
57 0.512713 0.933036 0.904985 0.125 0.00621796
13 0.468802 0.933594 0.81549 0.123884 0.00616837
59 0.529274 0.93192 0.941452 0.122768 0.00460815
67 0.414018 0.921875 0.105386 0.0234375 0.00356483
56 0.461588 0.858259 0.808172 0.272321 0.00329781
26 0.559552 0.558036 0.212446 0.379464 0.00309944
57 0.403145 0.618862 0.552024 0.674107 0.00234222
26 0.837237 0.765067 0.32285 0.351563 0.00233269
57 0.380667 0.934152 0.643819 0.122768 0.00227928
65 0.374707 0.779018 0.050184 0.0546875 0.00221634
0 0.322014 0.464565 0.145534 0.141183 0.00219154
73 0.135497 0.298828 0.0401472 0.0926339 0.00215721
60 0.502676 0.933036 0.884911 0.125 0.00208282
61 0.529274 0.93192 0.941452 0.122768 0.00206757
67 0.389762 0.192662 0.0309468 0.0231585 0.00194168
65 0.36467 0.780134 0.0736032 0.0580358 0.00189686
26 0.491803 0.877232 0.265975 0.120536 0.00186062
26 0.853128 0.791295 0.287722 0.165179 0.00184631
72 0.105386 0.254743 0.189026 0.501674 0.00175476
67 0.837237 0.765067 0.32285 0.351563 0.00171375
68 0.837237 0.765067 0.32285 0.351563 0.00171375
60 0.562479 0.959822 0.874038 0.0680804 0.0017004
70 0.8364 0.765625 0.324523 0.350446 0.00165462
41 0.362579 0.767857 0.0802944 0.0736607 0.00163555
65 0.391017 0.196429 0.0317832 0.0245536 0.00157928
13 0.300268 0.934152 0.48093 0.122768 0.00156116
65 0.362579 0.767857 0.0802944 0.0736607 0.00145531
56 0.192372 0.760045 0.0468384 0.0680803 0.00143814
0 0.315427 0.816406 0.230637 0.238839 0.00143814
57 0.562479 0.959822 0.874038 0.0680804 0.00128937
13 0.562479 0.959822 0.874038 0.0680804 0.0012846
65 0.371362 0.773438 0.0602208 0.0647321 0.0012598
56 0.233356 0.936384 0.351288 0.122768 0.00115585
67 0.391017 0.196429 0.0317832 0.0245536 0.00113773
49 0.185263 0.275181 0.0284376 0.0244141 0.00110722
24 0.551606 0.212612 0.184844 0.12779 0.00109005
24 0.837237 0.765067 0.32285 0.351563 0.00109005
0 0.208995 0.823661 0.107268 0.222098 0.00107288
56 0.185472 0.830357 0.0723486 0.207589 0.00105667
28 0.790231 0.642857 0.419538 0.595982 0.00104809
28 0.837487 0.765625 0.325025 0.350446 0.825684
0 0.323687 0.670898 0.317832 0.584542 0.747559
0 0.495149 0.443359 0.354634 0.702567 0.662598
0 0.434928 0.456194 0.47173 0.816406 0.0513611
56 0.512713 0.933036 0.904985 0.123884 0.0237732
65 0.4136 0.921875 0.105386 0.0234375 0.0161591
28 0.853128 0.790737 0.291067 0.165179 0.0115509
56 0.374707 0.934152 0.632318 0.122768 0.0110703
59 0.560806 0.959822 0.875711 0.0680804 0.00793457
73 0.414854 0.921875 0.107059 0.0245536 0.00769424
0 0.409836 0.564732 0.540314 0.792411 0.00731659
56 0.106641 0.935826 0.100368 0.123884 0.00728989
57 0.512713 0.933036 0.904985 0.123884 0.0053215
13 0.512713 0.933036 0.904985 0.123884 0.00471878
59 0.529274 0.93192 0.941452 0.122768 0.00432968
56 0.460438 0.859375 0.808799 0.270089 0.00332451
67 0.4136 0.921875 0.105386 0.0234375 0.00290108
26 0.559552 0.55678 0.212446 0.375279 0.00287819
26 0.837237 0.764509 0.32285 0.352679 0.00257111
26 0.491803 0.878348 0.265975 0.118304 0.00255013
62 0.837237 0.764509 0.32285 0.352679 0.0024929
13 0.374707 0.934152 0.632318 0.122768 0.00247192
57 0.403981 0.620396 0.552024 0.674386 0.00234985
73 0.135497 0.298549 0.0401472 0.0926339 0.00231361
67 0.389762 0.192662 0.0301104 0.0231585 0.00215721
65 0.375544 0.779018 0.050184 0.0546875 0.00213242
26 0.853128 0.790737 0.291067 0.165179 0.00211525
57 0.374707 0.934152 0.632318 0.122768 0.00201988
65 0.391435 0.196429 0.0317832 0.0239955 0.00199509
65 0.365507 0.780134 0.0719304 0.0569196 0.00173378
60 0.503513 0.933036 0.888257 0.125 0.00173378
60 0.560806 0.959822 0.875711 0.0680804 0.00168133
65 0.4182 0.925223 0.114587 0.0223214 0.0016613
56 0.192372 0.760045 0.046002 0.0669643 0.00159168
0 0.322014 0.464286 0.145534 0.140625 0.00152493
65 0.362579 0.771763 0.079458 0.0736607 0.00139904
61 0.529274 0.93192 0.941452 0.122768 0.00138855
41 0.362161 0.767857 0.0802944 0.0736607 0.00136662
72 0.104759 0.23856 0.188608 0.468192 0.00131989
24 0.838073 0.765067 0.321178 0.350446 0.0012846
57 0.560806 0.959822 0.875711 0.0680804 0.00126934
13 0.560806 0.959822 0.875711 0.0680804 0.00126457
26 0.623118 0.554688 0.0903312 0.236607 0.00124454
67 0.391435 0.196429 0.0317832 0.0239955 0.00121593
65 0.395617 0.206613 0.0359652 0.0175781 0.00119209
28 0.844764 0.762277 0.301104 0.227679 0.00118828
24 0.552024 0.21303 0.185681 0.129743 0.00110722
65 0.398963 0.208426 0.0301104 0.016183 0.00109863
0 0.310304 0.815848 0.238374 0.239955 0.00104809
13 0.403981 0.620396 0.552024 0.674386 0.00104427
26 0.581298 0.541853 0.170626 0.300223 0.00102425
56 0.185681 0.830357 0.0736032 0.207589 0.00102425
28 0.790231 0.660156 0.419538 0.55692 0.00100803
28 0.8364 0.766183 0.324523 0.34933 0.833496
0 0.322746 0.673131 0.314696 0.58231 0.762695
0 0.495567 0.444475 0.353797 0.702567 0.719238
0 0.436183 0.457589 0.46922 0.819196 0.0348816
56 0.514386 0.933036 0.908331 0.123884 0.0271759
65 0.4136 0.921875 0.105386 0.0234375 0.0145035
28 0.853128 0.790179 0.291067 0.165179 0.0139008
56 0.370107 0.934152 0.623118 0.122768 0.0119629
59 0.55997 0.959822 0.877384 0.0691964 0.00854492
73 0.414854 0.921317 0.107059 0.0245536 0.008255
56 0.10685 0.935826 0.101204 0.123884 0.00706482
0 0.406072 0.56808 0.549515 0.787946 0.00629044
57 0.514386 0.933036 0.908331 0.123884 0.00542831
59 0.528856 0.933036 0.942288 0.122768 0.00473785
13 0.514386 0.933036 0.908331 0.123884 0.00460815
56 0.459184 0.858259 0.807962 0.272321 0.0037365
26 0.492221 0.879464 0.265139 0.116071 0.00328636
26 0.559552 0.559152 0.212446 0.368304 0.00313568
73 0.135288 0.29827 0.0405654 0.0920759 0.00293541
26 0.853128 0.790179 0.291067 0.165179 0.00277901
26 0.838073 0.765067 0.321178 0.350446 0.00252151
67 0.389762 0.192662 0.0301104 0.0231585 0.00242424
67 0.4136 0.921875 0.105386 0.0234375 0.00236893
0 0.321178 0.601562 0.307795 0.404018 0.00228691
65 0.391017 0.196429 0.0309468 0.0239955 0.00206757
13 0.370107 0.934152 0.623118 0.122768 0.0019722
60 0.55997 0.959822 0.877384 0.0691964 0.00191212
65 0.375544 0.779018 0.0485112 0.0546875 0.00187492
56 0.192372 0.760045 0.046002 0.0669643 0.00186729
0 0.4182 0.665318 0.51355 0.589007 0.0018034
57 0.408268 0.622907 0.545124 0.669364 0.0018034
62 0.837237 0.764509 0.32285 0.352679 0.00178909
57 0.370107 0.934152 0.623118 0.122768 0.00175476
26 0.623118 0.554129 0.0903312 0.234375 0.00160408
60 0.50644 0.933036 0.894112 0.125 0.00153065
57 0.55997 0.959822 0.877384 0.0691964 0.00149536
65 0.4182 0.925223 0.11375 0.0212053 0.00148392
26 0.581716 0.544085 0.168116 0.290179 0.00147247
65 0.365925 0.780134 0.071094 0.0580358 0.00144958
67 0.391017 0.196429 0.0309468 0.0239955 0.00135612
13 0.55997 0.959822 0.877384 0.0691964 0.00130463
24 0.552024 0.213867 0.185681 0.131417 0.00129414
26 0.192163 0.761161 0.0472566 0.0691965 0.00126457
0 0.322014 0.464844 0.145534 0.141741 0.00125504
41 0.362161 0.767857 0.0802944 0.0736607 0.00124454
65 0.395617 0.206752 0.0351288 0.0172991 0.0012207
65 0.362579 0.771763 0.079458 0.0736607 0.00116539
24 0.838073 0.765067 0.321178 0.350446 0.00116062
65 0.399799 0.208426 0.0284376 0.016183 0.00115108
61 0.528856 0.933036 0.942288 0.122768 0.0011158
60 0.453329 0.952567 0.623955 0.0446428 0.00106525
56 0.185681 0.830357 0.0736032 0.207589 0.00106049
0 0.311245 0.816964 0.235656 0.236607 0.00105286
56 0.306854 0.868304 0.503722 0.253348 0.00104046
13 0.408268 0.622907 0.545124 0.669364 0.00103188
65 0.389762 0.192662 0.0301104 0.0231585 0.00102043
28 0.369689 0.856027 0.110405 0.151786 0.00101662
28 0.8364 0.765625 0.324523 0.350446 0.851074
0 0.32285 0.680804 0.312814 0.575893 0.800781
0 0.495985 0.445592 0.352961 0.702567 0.775391
56 0.512713 0.933594 0.904985 0.123884 0.0282135
28 0.853128 0.790179 0.291067 0.166295 0.0179138
65 0.413182 0.921875 0.105386 0.0234375 0.0138474
56 0.34972 0.934152 0.581925 0.122768 0.0137939
59 0.558715 0.959822 0.879893 0.0691964 0.0085144
73 0.415691 0.921317 0.107059 0.0245536 0.00818634
56 0.10685 0.935268 0.101204 0.122768 0.00775528
0 0.419873 0.482701 0.508531 0.720982 0.00712204
57 0.512713 0.933594 0.904985 0.123884 0.0053215
26 0.491803 0.878348 0.264302 0.117188 0.00503922
59 0.528856 0.933036 0.942288 0.122768 0.00469971
13 0.512713 0.933594 0.904985 0.123884 0.00457382
56 0.455002 0.858259 0.799598 0.273437 0.00452042
26 0.853128 0.790179 0.291067 0.166295 0.0042305
26 0.559552 0.560128 0.212446 0.364118 0.00408554
73 0.135288 0.29827 0.0405654 0.0915179 0.00370789
0 0.320237 0.591518 0.301313 0.395089 0.00281143
26 0.623118 0.553292 0.0886584 0.231585 0.00264168
26 0.582553 0.544085 0.166444 0.277902 0.00263214
26 0.838909 0.764509 0.321178 0.350446 0.00247192
67 0.389762 0.192801 0.0301104 0.0234375 0.00246239
65 0.391435 0.196708 0.0301104 0.0234375 0.00236893
60 0.558715 0.959822 0.879893 0.0691964 0.00210762
56 0.192372 0.760045 0.046002 0.0669643 0.0020752
67 0.413182 0.921875 0.105386 0.0234375 0.00183868
13 0.359757 0.934152 0.601999 0.122768 0.00183868
24 0.552442 0.214286 0.184844 0.132813 0.00179577
28 0.791067 0.654576 0.417865 0.560268 0.00179577
65 0.375544 0.779018 0.0485112 0.0546875 0.00176144
26 0.192163 0.761161 0.0472566 0.0691965 0.00174141
57 0.558715 0.959822 0.879893 0.0691964 0.00166798
57 0.359757 0.934152 0.601999 0.122768 0.00161076
62 0.838073 0.764509 0.321178 0.351562 0.00153637
0 0.4182 0.667969 0.511877 0.579241 0.00150681
60 0.505604 0.933036 0.892439 0.125 0.00148964
56 0.305286 0.866072 0.500167 0.256696 0.0014782
65 0.395617 0.206752 0.0351288 0.0172991 0.00140476
67 0.391435 0.196708 0.0301104 0.0234375 0.00139904
28 0.369689 0.857143 0.110405 0.149554 0.00137234
57 0.410254 0.626116 0.539478 0.658482 0.00137234
65 0.4182 0.925223 0.11375 0.0212053 0.00136662
65 0.399799 0.208426 0.0284376 0.016183 0.00132465
24 0.526514 0.295131 0.258448 0.270229 0.00131512
65 0.366343 0.780134 0.0702576 0.0580358 0.00129986
26 0.589662 0.305176 0.13717 0.28697 0.00127411
60 0.452911 0.953125 0.623118 0.0446428 0.00127411
26 0.564988 0.308594 0.18819 0.309152 0.00125504
56 0.18589 0.829799 0.073185 0.207589 0.00123978
13 0.558715 0.959822 0.879893 0.0691964 0.00116062
41 0.362579 0.767857 0.0802944 0.0736607 0.00113392
0 0.314382 0.817522 0.226037 0.235491 0.00112915
65 0.389762 0.192801 0.0301104 0.0234375 0.00110722
24 0.559552 0.245117 0.184008 0.191127 0.00109863
26 0.529859 0.86942 0.193208 0.132812 0.00109005
13 0.410254 0.626116 0.539478 0.658482 0.00108147
24 0.838909 0.764509 0.321178 0.350446 0.00106525
56 0.186517 0.763393 0.0593844 0.0747767 0.00104809
56 0.853128 0.791295 0.291067 0.164062 0.00103188
13 0.493476 0.859375 0.866511 0.270089 0.00103188
65 0.362579 0.771763 0.079458 0.0736607 0.00102043
0 0.322014 0.465402 0.145534 0.141741 0.00100803
28 0.8364 0.765625 0.324523 0.34933 0.868164
0 0.321596 0.680664 0.309468 0.57394 0.825684
0 0.495985 0.446708 0.351288 0.702567 0.803711
56 0.508531 0.933594 0.896621 0.123884 0.0249939
28 0.853128 0.791295 0.291067 0.164062 0.0227966
56 0.342088 0.934152 0.566243 0.122768 0.0149536
65 0.413182 0.921875 0.105386 0.0234375 0.0131226
73 0.415691 0.921317 0.107059 0.0245536 0.00937653
56 0.106641 0.935268 0.101204 0.122768 0.00754929
59 0.557879 0.959822 0.881566 0.0691964 0.00746155
0 0.4182 0.4774 0.511877 0.728237 0.00709534
26 0.853128 0.791295 0.291067 0.164062 0.00591278
26 0.491803 0.87779 0.264302 0.118304 0.00575256
56 0.452911 0.859375 0.795416 0.272321 0.00530243
73 0.135497 0.297991 0.0409836 0.0915179 0.00516129
26 0.55997 0.5625 0.211609 0.357143 0.00496292
59 0.528856 0.933036 0.942288 0.122768 0.00450516
13 0.508531 0.933594 0.896621 0.123884 0.00448608
57 0.508531 0.933594 0.896621 0.123884 0.00441742
26 0.583807 0.545759 0.163934 0.268973 0.00346947
26 0.623118 0.553013 0.0886584 0.232143 0.00302696
65 0.391435 0.197266 0.0301104 0.0223214 0.00296974
26 0.191954 0.761161 0.0476748 0.0691965 0.0028553
0 0.320341 0.577009 0.301104 0.366071 0.00275803
67 0.389762 0.192801 0.0301104 0.0234375 0.00274658
62 0.838073 0.764509 0.321178 0.350446 0.00223351
24 0.552024 0.214286 0.185681 0.131696 0.00218201
60 0.557879 0.959822 0.881566 0.0691964 0.00199509
56 0.192372 0.760045 0.046002 0.0669643 0.00194168
26 0.838073 0.764509 0.321178 0.350446 0.00191212
65 0.375544 0.779018 0.0468384 0.0535714 0.00190449
13 0.34972 0.93471 0.581925 0.121652 0.00183868
28 0.791067 0.65067 0.417865 0.564732 0.00181007
65 0.395617 0.206752 0.0351288 0.0167411 0.00172043
67 0.413182 0.921875 0.105386 0.0234375 0.00168133
65 0.399799 0.208426 0.0284376 0.015625 0.0016613
56 0.304031 0.863281 0.496822 0.262277 0.00160408
67 0.391435 0.197266 0.0301104 0.0223214 0.00156116
24 0.526932 0.294922 0.257611 0.266183 0.00146675
60 0.452597 0.953125 0.623745 0.0446428 0.00143242
65 0.366343 0.780134 0.0685848 0.0580358 0.00141048
60 0.503095 0.933036 0.887421 0.125 0.00139904
57 0.34972 0.93471 0.581925 0.121652 0.00139904
56 0.853128 0.791295 0.291067 0.164062 0.00136662
24 0.558715 0.248326 0.187354 0.196987 0.00136185
57 0.557879 0.959822 0.881566 0.0691964 0.00135612
26 0.530278 0.868304 0.192372 0.133929 0.00134563
26 0.591335 0.303571 0.133824 0.283482 0.00134087
26 0.566243 0.308315 0.185681 0.307478 0.00131512
24 0.853128 0.791295 0.291067 0.164062 0.00131512
65 0.389762 0.192801 0.0301104 0.0234375 0.00129986
28 0.369689 0.854911 0.110405 0.154018 0.00129414
56 0.185681 0.830357 0.0736032 0.207589 0.00127888
41 0.362579 0.767857 0.0802944 0.0736607 0.00127411
65 0.4182 0.925223 0.11375 0.0212053 0.00126457
13 0.488458 0.860491 0.863165 0.268973 0.00125504
0 0.315741 0.81808 0.221646 0.234375 0.00123501
59 0.488458 0.860491 0.863165 0.268973 0.00112438
65 0.362161 0.771205 0.0786216 0.0747767 0.00109005
6 0.521914 0.485491 0.301104 0.853795 0.00104427
26 0.536133 0.832031 0.179826 0.205357 0.00104046
24 0.536551 0.231585 0.206591 0.162946 0.00100803
28 0.8364 0.766183 0.321178 0.34933 0.879883
0 0.321596 0.679688 0.307795 0.572545 0.841797
0 0.496403 0.446708 0.350452 0.702567 0.81543
28 0.853965 0.791295 0.289394 0.165179 0.0238647
56 0.452074 0.933594 0.782034 0.123884 0.0227966
65 0.4136 0.921875 0.105386 0.0234375 0.0165253
73 0.415273 0.921875 0.107059 0.0245536 0.0118256
56 0.10685 0.935826 0.102041 0.123884 0.00919342
73 0.135497 0.297991 0.0409836 0.0915179 0.00815582
59 0.558715 0.960379 0.881566 0.0691964 0.00653839
26 0.853965 0.791295 0.289394 0.165179 0.00641251
26 0.491385 0.878348 0.265139 0.118304 0.00605011
26 0.560388 0.5625 0.210773 0.34933 0.00593567
0 0.416527 0.475446 0.51355 0.722098 0.0053215
56 0.450401 0.859933 0.790398 0.271205 0.00526047
56 0.277267 0.935268 0.435764 0.122768 0.00460815
13 0.504767 0.933594 0.889093 0.123884 0.00446701
65 0.391435 0.197824 0.0301104 0.0212053 0.00426483
57 0.504767 0.933594 0.889093 0.123884 0.00419998
59 0.528856 0.933036 0.942288 0.122768 0.00413513
26 0.583389 0.545201 0.164771 0.261161 0.00399017
26 0.192163 0.761161 0.0472566 0.0691965 0.00349617
0 0.320341 0.566964 0.301104 0.344866 0.00324821
26 0.6227 0.552455 0.0894948 0.232143 0.00307465
67 0.389762 0.192941 0.0301104 0.0237165 0.00301552
62 0.838073 0.764509 0.321178 0.350446 0.00243378
65 0.399799 0.208426 0.0284376 0.015625 0.00230598
24 0.552442 0.214007 0.184844 0.131696 0.00230598
65 0.395617 0.206892 0.0351288 0.0167411 0.00228691
56 0.192372 0.760045 0.046002 0.0669643 0.00208282
65 0.375544 0.779018 0.0468384 0.0535714 0.00194168
67 0.4136 0.921875 0.105386 0.0234375 0.00191212
60 0.558715 0.960379 0.881566 0.0691964 0.00186729
13 0.346165 0.93471 0.57398 0.121652 0.00183105
56 0.301104 0.863839 0.49013 0.261161 0.00178242
65 0.389762 0.192941 0.0301104 0.0237165 0.00172043
67 0.391435 0.197824 0.0301104 0.0212053 0.00162315
56 0.853965 0.791295 0.289394 0.165179 0.00162315
26 0.531532 0.868304 0.189026 0.133929 0.00160408
24 0.549097 0.297363 0.213282 0.28697 0.00155449
41 0.362161 0.767857 0.0802944 0.0736607 0.00153065
24 0.557879 0.248047 0.189026 0.196987 0.00146675
28 0.791067 0.655134 0.417865 0.549107 0.00145531
65 0.366343 0.779018 0.0685848 0.0580358 0.00144386
65 0.4182 0.925223 0.11375 0.0223214 0.00142097
26 0.838073 0.764509 0.321178 0.350446 0.00141048
57 0.346165 0.93471 0.57398 0.121652 0.00139904
60 0.452074 0.953125 0.624791 0.0446428 0.00135612
56 0.185681 0.829241 0.0736032 0.207589 0.00133514
13 0.485112 0.861607 0.856474 0.267857 0.00132465
26 0.592171 0.300502 0.132151 0.277344 0.00130939
24 0.853965 0.791295 0.289394 0.165179 0.0012846
26 0.565407 0.305873 0.187354 0.302316 0.00124931
60 0.500167 0.933036 0.879893 0.125 0.00123978
57 0.558715 0.960379 0.881566 0.0691964 0.00123501
0 0.316159 0.81808 0.22081 0.233259 0.0012064
28 0.369689 0.853795 0.110405 0.155134 0.00120163
65 0.394363 0.198382 0.0351288 0.0267857 0.00119686
6 0.521914 0.485212 0.301104 0.853237 0.00118828
59 0.485112 0.861607 0.856474 0.267857 0.00115585
26 0.536133 0.833705 0.179826 0.200893 0.00115108
65 0.362161 0.771205 0.0786216 0.0758929 0.00112438
24 0.53195 0.231445 0.217464 0.162667 0.00108147
56 0.186308 0.762835 0.0589662 0.0747768 0.00101185
28 0.8364 0.765625 0.324523 0.348214 0.892578
0 0.32191 0.678711 0.308004 0.57115 0.852539
0 0.496403 0.44615 0.350452 0.702567 0.824219
28 0.854801 0.791295 0.289394 0.165179 0.0229797
56 0.452597 0.933594 0.784334 0.123884 0.0224609
65 0.413182 0.921875 0.105386 0.0245536 0.0167847
73 0.135497 0.297991 0.0409836 0.0909598 0.012291
73 0.414854 0.921875 0.107059 0.0245536 0.0122375
56 0.107059 0.935826 0.102877 0.123884 0.0109024
26 0.854801 0.791295 0.289394 0.165179 0.00609589
26 0.560388 0.560268 0.210773 0.339286 0.00600433
59 0.558715 0.960379 0.879893 0.0691964 0.005867
26 0.491385 0.87779 0.265139 0.117188 0.00575256
65 0.391435 0.198382 0.0301104 0.0200893 0.00553513
56 0.450401 0.861049 0.792071 0.268973 0.00538635
0 0.415586 0.47154 0.515432 0.722098 0.00479126
56 0.275176 0.935268 0.432419 0.122768 0.00468063
13 0.504349 0.933594 0.888257 0.123884 0.00426483
57 0.504349 0.933594 0.888257 0.123884 0.00397491
59 0.500167 0.933036 0.883238 0.125 0.00391388
26 0.582971 0.544085 0.165607 0.25558 0.00390053
26 0.192163 0.761161 0.0472566 0.0691965 0.00374985
0 0.320759 0.560826 0.30194 0.333705 0.00327301
67 0.389762 0.19308 0.0301104 0.0237165 0.00318527
26 0.622282 0.552455 0.0903312 0.232143 0.0029583
65 0.399799 0.208426 0.0284376 0.015625 0.00294685
65 0.395617 0.207031 0.0351288 0.0167411 0.00276756
62 0.838073 0.764509 0.321178 0.350446 0.00232315
0 0.394363 0.570173 0.567916 0.750279 0.00216484
65 0.389762 0.19308 0.0301104 0.0237165 0.00211525
24 0.552024 0.213449 0.187354 0.130022 0.00201035
56 0.297758 0.865513 0.484276 0.258929 0.00201035
67 0.413182 0.921875 0.105386 0.0245536 0.00194931
65 0.375544 0.779576 0.0468384 0.0546875 0.00188923
56 0.191954 0.760045 0.046002 0.0669643 0.00183868
13 0.344179 0.935268 0.570425 0.122768 0.00174141
41 0.362161 0.767857 0.0802944 0.0736607 0.0017271
60 0.558715 0.960379 0.879893 0.0691964 0.00167465
56 0.854801 0.791295 0.289394 0.165179 0.00162315
67 0.391435 0.198382 0.0301104 0.0200893 0.00161076
26 0.53195 0.867746 0.189026 0.133929 0.00157356
65 0.394363 0.199219 0.0351288 0.0251116 0.00156689
13 0.485112 0.861607 0.866511 0.267857 0.00150108
59 0.485112 0.861607 0.866511 0.267857 0.0014782
65 0.4182 0.925223 0.11375 0.0223214 0.00141621
57 0.344179 0.935268 0.570425 0.122768 0.00141048
65 0.366343 0.779018 0.0685848 0.0602679 0.00138855
24 0.547006 0.294643 0.217464 0.28125 0.00135612
60 0.452074 0.952567 0.626464 0.0435268 0.00131512
6 0.521495 0.486049 0.303613 0.853795 0.00130939
24 0.55537 0.246373 0.194045 0.192522 0.00127888
56 0.185681 0.829241 0.0744396 0.207589 0.00123501
0 0.316159 0.81808 0.219973 0.232143 0.00122547
26 0.838073 0.764509 0.321178 0.350446 0.00113392
24 0.854801 0.791295 0.289394 0.165179 0.0011158
65 0.362161 0.770089 0.0786216 0.0758929 0.00109863
24 0.567916 0.550781 0.195718 0.287946 0.00109863
26 0.563734 0.302176 0.190699 0.294085 0.00109005
26 0.592171 0.295759 0.132151 0.265625 0.00109005
26 0.536133 0.835938 0.179826 0.198661 0.00108624
57 0.558715 0.960379 0.879893 0.0691964 0.00108624
60 0.500167 0.933036 0.883238 0.125 0.00107765
73 0.115005 0.17899 0.0434928 0.0984933 0.00104809
28 0.837237 0.766741 0.32285 0.34933 0.905762
0 0.322746 0.676897 0.309677 0.570312 0.866699
0 0.495985 0.446429 0.349615 0.703125 0.82373
56 0.439006 0.933594 0.757988 0.123884 0.0227966
56 0.107059 0.935826 0.104132 0.123884 0.0205688
56 0.331319 0.935268 0.545124 0.122768 0.0171051
65 0.413182 0.921875 0.105386 0.0245536 0.0168457
28 0.853965 0.790179 0.289394 0.167411 0.0154266
73 0.414854 0.921875 0.107059 0.0245536 0.0125275
73 0.135497 0.297712 0.0401472 0.0904018 0.0121002
26 0.192372 0.760603 0.0468384 0.0680804 0.00803375
65 0.391435 0.1988 0.0301104 0.0198103 0.00631332
26 0.561224 0.558036 0.210773 0.339286 0.00626373
13 0.485112 0.934152 0.853128 0.125 0.00602722
56 0.243288 0.934152 0.368225 0.122768 0.00498199
56 0.439006 0.866072 0.769697 0.258929 0.00494385
26 0.58088 0.541295 0.169789 0.25558 0.00473785
26 0.490967 0.876116 0.265975 0.120536 0.00462723
26 0.853965 0.791295 0.291067 0.165179 0.00415039
67 0.390181 0.19322 0.0309468 0.0239955 0.00403976
0 0.4136 0.467076 0.517732 0.71317 0.00374985
26 0.623118 0.551897 0.0903312 0.232143 0.00372124
65 0.399799 0.208426 0.0284376 0.016183 0.00332451
59 0.561643 0.960938 0.86902 0.0691964 0.00332451
57 0.485112 0.934152 0.853128 0.125 0.00327301
59 0.485112 0.933036 0.853128 0.125 0.00318527
65 0.396454 0.206752 0.0351288 0.0172991 0.00299263
56 0.28103 0.871094 0.449983 0.247768 0.00288963
24 0.553279 0.213728 0.184844 0.132254 0.00279999
0 0.321073 0.55692 0.302986 0.324777 0.00279045
13 0.471311 0.868862 0.840582 0.254464 0.00258064
67 0.413182 0.921875 0.105386 0.0245536 0.00239754
65 0.390181 0.19322 0.0309468 0.0239955 0.00235939
65 0.394781 0.200335 0.0351288 0.0234375 0.00196457
67 0.391435 0.1988 0.0301104 0.0198103 0.00188255
41 0.362161 0.767857 0.0802944 0.0736607 0.00186729
13 0.331319 0.935268 0.545124 0.122768 0.00183868
24 0.556624 0.246094 0.193208 0.192522 0.00178242
24 0.54826 0.291295 0.214955 0.271763 0.00173378
26 0.598862 0.291853 0.118769 0.256696 0.00158501
73 0.114587 0.177455 0.0434928 0.0951451 0.00150681
26 0.529441 0.867188 0.194045 0.136161 0.00147247
26 0.564988 0.298479 0.18819 0.284738 0.00145531
6 0.520659 0.487723 0.305286 0.852679 0.00141048
65 0.375544 0.779018 0.0485112 0.0558036 0.00138283
0 0.31825 0.81808 0.214955 0.231027 0.00138283
56 0.192163 0.760045 0.0455838 0.0669643 0.00135612
65 0.417782 0.925223 0.112914 0.0223214 0.00134087
0 0.210355 0.823661 0.109568 0.220982 0.00129414
13 0.409418 0.659459 0.536133 0.567243 0.00128937
24 0.531114 0.232422 0.222482 0.165179 0.00127411
41 0.365507 0.77846 0.0702576 0.0602678 0.00123501
24 0.561224 0.558036 0.210773 0.339286 0.00123501
26 0.603881 0.547991 0.130478 0.246652 0.00123501
24 0.578789 0.223354 0.148879 0.145926 0.00121593
57 0.331319 0.935268 0.545124 0.122768 0.00119686
56 0.853965 0.791295 0.291067 0.165179 0.00113392
26 0.53446 0.83817 0.182335 0.191964 0.00113392
56 0.186099 0.829241 0.0744396 0.207589 0.00111198
26 0.362161 0.770089 0.0802944 0.0803571 0.00109482
60 0.450401 0.952009 0.624791 0.0424108 0.00109005
79 0.399799 0.208426 0.0284376 0.016183 0.00102806
28 0.837237 0.766741 0.32285 0.348214 0.896484
0 0.32285 0.677455 0.309468 0.571429 0.867676
0 0.494731 0.446987 0.352124 0.704241 0.806641
56 0.107268 0.935826 0.104968 0.123884 0.024231
56 0.322955 0.934152 0.528396 0.122768 0.0178528
56 0.458347 0.934152 0.799599 0.123884 0.0147324
0 0.527768 0.515067 0.299431 0.858259 0.0146179
26 0.192372 0.760603 0.0468384 0.0691964 0.0108185
28 0.853128 0.790179 0.291067 0.167411 0.00993347
65 0.413182 0.921875 0.105386 0.0234375 0.00955963
73 0.135288 0.297712 0.0401472 0.0898438 0.00775528
56 0.235865 0.935268 0.354634 0.123884 0.00728989
73 0.414854 0.921875 0.107059 0.0245536 0.00666809
13 0.458347 0.934152 0.799599 0.123884 0.00577545
26 0.561224 0.558036 0.212446 0.337054 0.00534439
65 0.391435 0.1988 0.0301104 0.0203683 0.00450516
26 0.583389 0.547433 0.168116 0.25 0.00403976
67 0.390181 0.193359 0.0309468 0.0245536 0.00395966
0 0.412345 0.464565 0.518568 0.713728 0.00374985
26 0.623118 0.551339 0.092004 0.234375 0.00369263
56 0.42646 0.869978 0.744605 0.251116 0.00367928
26 0.490967 0.875 0.265975 0.122768 0.00323486
26 0.853128 0.791295 0.291067 0.165179 0.00286674
56 0.260539 0.86942 0.409 0.252232 0.00279999
24 0.55286 0.213449 0.187354 0.131138 0.00269318
13 0.453329 0.874442 0.802944 0.242188 0.00257111
57 0.458347 0.934152 0.799599 0.123884 0.00256157
59 0.462947 0.934152 0.810472 0.125 0.00234222
65 0.400217 0.208426 0.0284376 0.016183 0.00232315
65 0.396454 0.206752 0.0351288 0.0178571 0.00210762
59 0.563734 0.960938 0.859819 0.0691964 0.00208282
24 0.557042 0.245536 0.194045 0.19029 0.00194168
67 0.413182 0.921875 0.105386 0.0234375 0.00188923
24 0.549933 0.291364 0.213282 0.26995 0.00187492
13 0.323582 0.935268 0.530487 0.122768 0.00185299
67 0.391435 0.1988 0.0301104 0.0203683 0.00183105
13 0.408581 0.664062 0.539478 0.560268 0.00182438
65 0.390181 0.193359 0.0309468 0.0245536 0.00178242
0 0.321282 0.557896 0.304241 0.328404 0.00176811
26 0.600535 0.292969 0.115423 0.25558 0.00167465
41 0.362161 0.767857 0.0802944 0.0736607 0.0016489
0 0.211609 0.823103 0.109568 0.222098 0.00148392
26 0.564988 0.298479 0.18819 0.283622 0.00147247
6 0.51815 0.488281 0.311977 0.856027 0.00146675
0 0.31825 0.81808 0.214955 0.232143 0.00134563
24 0.561224 0.558036 0.212446 0.337054 0.00123501
24 0.575862 0.223633 0.156407 0.146484 0.00122547
41 0.36467 0.777902 0.0727668 0.0602679 0.0011425
26 0.362161 0.770089 0.0802944 0.0803571 0.00113392
26 0.524005 0.867746 0.205754 0.137277 0.00110722
57 0.323582 0.935268 0.530487 0.122768 0.00108147
26 0.57628 0.253348 0.162262 0.205357 0.00101662
57 0.408163 0.696289 0.508531 0.484654 0.00100803
28 0.837237 0.764509 0.32285 0.345982 0.883301
0 0.323269 0.679548 0.310304 0.576172 0.86377
0 0.493894 0.447545 0.353797 0.705357 0.788086
0 0.526932 0.515067 0.302777 0.862723 0.166992
56 0.107268 0.935826 0.104968 0.123884 0.0239563
56 0.322014 0.934152 0.526932 0.122768 0.014061
26 0.192372 0.760603 0.0468384 0.0691964 0.0110321
56 0.438169 0.934152 0.75966 0.125 0.0106506
56 0.231683 0.935268 0.34627 0.123884 0.00669098
28 0.852292 0.790179 0.291067 0.167411 0.00621796
65 0.412345 0.921875 0.103714 0.0223214 0.0049057
13 0.438169 0.934152 0.75966 0.125 0.00446701
67 0.390599 0.193917 0.0317832 0.0279018 0.00391388
26 0.560806 0.557478 0.213282 0.330357 0.00388527
73 0.135497 0.297712 0.0401472 0.0898438 0.00370789
26 0.623955 0.550223 0.092004 0.237723 0.00338936
26 0.575861 0.535993 0.181499 0.266183 0.00299263
62 0.838073 0.764509 0.321178 0.348214 0.00296974
56 0.356725 0.868862 0.601372 0.253348 0.00286674
73 0.414018 0.920759 0.108732 0.0245536 0.00284576
65 0.391853 0.198382 0.0309468 0.0217634 0.00276756
0 0.411404 0.462891 0.52045 0.71596 0.00276756
26 0.491803 0.873884 0.267648 0.125 0.00264168
56 0.245483 0.867188 0.378053 0.25558 0.00259018
13 0.407327 0.662388 0.54366 0.571429 0.00253105
13 0.442456 0.878348 0.779525 0.234375 0.00232315
24 0.554951 0.222656 0.191536 0.147321 0.00226021
59 0.447892 0.934152 0.780361 0.125 0.00209045
26 0.852292 0.792411 0.29274 0.165179 0.00195694
57 0.438169 0.934152 0.75966 0.125 0.00192642
67 0.391853 0.198382 0.0309468 0.0217634 0.0018177
24 0.550769 0.291853 0.211609 0.266183 0.00171375
59 0.565407 0.962054 0.853128 0.0691964 0.00162315
13 0.320446 0.935268 0.52505 0.122768 0.00161076
6 0.516059 0.488839 0.319505 0.859375 0.00144958
65 0.399799 0.208426 0.0284376 0.0167411 0.00143242
26 0.600953 0.293806 0.114587 0.250558 0.00143242
67 0.412345 0.921875 0.103714 0.0223214 0.00142097
0 0.213178 0.822545 0.108941 0.223214 0.00142097
65 0.396454 0.206473 0.0351288 0.0189732 0.00130463
26 0.563734 0.298828 0.190699 0.280692 0.00129414
41 0.362161 0.767857 0.0802944 0.0736607 0.00128937
24 0.53195 0.251395 0.234192 0.196987 0.00121593
24 0.573352 0.248884 0.168116 0.195313 0.00121593
56 0.526932 0.515067 0.302777 0.862723 0.0012064
65 0.390599 0.193359 0.0301104 0.0245536 0.0011692
0 0.316996 0.81808 0.217464 0.232143 0.00115108
72 0.485112 0.450335 0.374707 0.74442 0.00115108
24 0.560806 0.557478 0.213282 0.330357 0.00112438
26 0.191117 0.745536 0.0476748 0.0982143 0.0011158
24 0.547006 0.205497 0.187354 0.111328 0.00109863
28 0.788725 0.642299 0.419873 0.584821 0.00105286
24 0.521496 0.292341 0.263466 0.212193 0.00104427
28 0.837237 0.765067 0.32285 0.345982 0.870605
0 0.32285 0.679548 0.309468 0.578404 0.860352
0 0.493894 0.447266 0.353797 0.705915 0.769043
0 0.526932 0.515067 0.30445 0.864955 0.15918
56 0.107477 0.935826 0.105386 0.123884 0.0266571
56 0.322014 0.934152 0.526932 0.122768 0.0123367
26 0.192372 0.760603 0.0468384 0.0691964 0.0102081
56 0.435764 0.934152 0.756106 0.125 0.00725937
56 0.232937 0.935268 0.348779 0.123884 0.00612259
65 0.412345 0.921875 0.103714 0.0223214 0.00494385
28 0.851455 0.790179 0.291067 0.167411 0.00452042
62 0.838073 0.764509 0.321178 0.348214 0.00416565
67 0.390599 0.194057 0.0317832 0.0276228 0.00402451
26 0.623955 0.549386 0.092004 0.240513 0.00314713
13 0.421127 0.934152 0.726832 0.123884 0.00312424
13 0.406909 0.666853 0.546169 0.566964 0.00298119
56 0.357038 0.870536 0.600744 0.25 0.00293541
26 0.560388 0.558036 0.214118 0.329241 0.00292397
56 0.237956 0.867746 0.362161 0.254464 0.00269318
73 0.414436 0.921875 0.106223 0.0245536 0.00266266
26 0.491803 0.873884 0.267648 0.127232 0.00251198
26 0.581298 0.549665 0.173971 0.256696 0.00250244
73 0.135497 0.297712 0.0401472 0.0898438 0.00219917
59 0.435764 0.934152 0.756106 0.125 0.00218201
65 0.391853 0.198382 0.0309468 0.0217634 0.00215721
13 0.433673 0.879464 0.761961 0.231027 0.00201988
67 0.391853 0.198382 0.0309468 0.0217634 0.00188923
24 0.55537 0.221819 0.192372 0.142857 0.00175476
57 0.421127 0.934152 0.726832 0.123884 0.0017004
59 0.567079 0.962054 0.849783 0.0691964 0.00161076
0 0.2137 0.822545 0.107896 0.225446 0.00154877
67 0.412345 0.921875 0.103714 0.0223214 0.0014782
26 0.851455 0.792411 0.294413 0.162946 0.00146675
0 0.411613 0.464844 0.520032 0.695312 0.00143242
0 0 0.995536 0 0.00892858 0.00143242
24 0.55286 0.29269 0.207427 0.264509 0.00137234
26 0.18819 0.758371 0.0577116 0.0825893 0.00135612
72 0.485948 0.450614 0.374707 0.743862 0.00130463
6 0.516477 0.488839 0.320341 0.861607 0.00130463
28 0.788725 0.631696 0.419873 0.612723 0.00127411
56 0.526932 0.515067 0.30445 0.864955 0.00126934
26 0.601372 0.293806 0.11375 0.242188 0.0011425
65 0.399799 0.208287 0.029274 0.0167411 0.00109005
41 0.362579 0.767857 0.0802944 0.0736607 0.00106049
60 0.770325 0.390625 0.451656 0.446429 0.00106049
26 0.564152 0.297921 0.189863 0.275809 0.00104809
24 0.572516 0.245396 0.169789 0.186105 0.00104046
0 0.316996 0.81808 0.217464 0.232143 0.00103188
26 0.191327 0.743304 0.0472566 0.102679 0.00101662
65 0.396454 0.206334 0.0351288 0.0195312 0.00101185
28 0.837237 0.765067 0.32285 0.345982 0.865234
0 0.320759 0.674107 0.30445 0.575893 0.861328
0 0.493476 0.447266 0.354634 0.705915 0.757812
0 0.526932 0.515067 0.30445 0.867188 0.175537
56 0.107687 0.935268 0.105805 0.125 0.032959
56 0.320446 0.934152 0.523377 0.122768 0.0147324
26 0.192581 0.760045 0.0464202 0.0691964 0.00952148
56 0.232415 0.935268 0.346479 0.125 0.00775528
56 0.437333 0.934152 0.757988 0.125 0.00769424
65 0.412345 0.922433 0.103714 0.0223214 0.00706482
67 0.390181 0.193917 0.0317832 0.0273438 0.0050621
62 0.838073 0.764509 0.321178 0.348214 0.00428009
73 0.414436 0.921875 0.106223 0.0245536 0.0041008
28 0.851455 0.790737 0.29274 0.166295 0.00380898
26 0.623955 0.549665 0.092004 0.241071 0.00358009
56 0.358084 0.872768 0.603672 0.245536 0.00331116
26 0.491385 0.872768 0.266812 0.128348 0.00321007
56 0.23461 0.86942 0.353797 0.251116 0.00314713
26 0.572934 0.560268 0.190699 0.319196 0.003088
13 0.419873 0.934152 0.72265 0.123884 0.0028553
13 0.40649 0.665737 0.547006 0.571429 0.00261116
67 0.412345 0.922433 0.103714 0.0223214 0.00244331
59 0.437333 0.934152 0.757988 0.125 0.00228691
13 0.436601 0.88058 0.766142 0.229911 0.00226974
67 0.391853 0.197824 0.0301104 0.0220424 0.00220871
65 0.391853 0.197824 0.0301104 0.0220424 0.00218201
59 0.567916 0.962054 0.849783 0.0691964 0.00200272
26 0.577953 0.543248 0.184008 0.232701 0.00176811
0 0.215373 0.821429 0.106223 0.227679 0.0017271
24 0.555788 0.221401 0.191536 0.14202 0.00163555
26 0.562897 0.612723 0.2091 0.345982 0.00162315
57 0.419873 0.934152 0.72265 0.123884 0.00158501
60 0.778688 0.390346 0.434928 0.469308 0.00153065
26 0.18819 0.756696 0.0577116 0.0870536 0.00143242
73 0.135497 0.297712 0.0401472 0.0898438 0.00142097
26 0.604299 0.558036 0.127969 0.314732 0.00138283
26 0.851455 0.792411 0.294413 0.162946 0.00131512
72 0.486367 0.451172 0.375544 0.742746 0.00126457
24 0.554533 0.294015 0.204082 0.264648 0.0012207
56 0.0798762 0.935268 0.147206 0.126116 0.00120163
26 0.603463 0.294922 0.107896 0.242746 0.00117874
6 0.526932 0.515067 0.30445 0.867188 0.00113392
60 0.526932 0.515067 0.30445 0.867188 0.00108624
26 0.191536 0.743304 0.0468384 0.104911 0.00107288
28 0.787889 0.62221 0.421546 0.632812 0.00105667
56 0.526932 0.515067 0.30445 0.867188 0.00104809
65 0.399799 0.208147 0.0301104 0.0167411 0.00104046
24 0.524841 0.294922 0.261793 0.231027 0.00104046
24 0.55997 0.558036 0.214955 0.334821 0.00103188
0 0.316996 0.818638 0.215791 0.232143 0.00102806
26 0.565407 0.299386 0.187354 0.277344 0.00101185
0 0.320759 0.673968 0.303613 0.576172 0.862793
28 0.837237 0.764509 0.32285 0.345982 0.861328
0 0.493894 0.446987 0.353797 0.706473 0.751953
0 0.526932 0.515067 0.302777 0.867188 0.187378
56 0.107477 0.935268 0.105386 0.125 0.0358276
56 0.320759 0.934152 0.523586 0.122768 0.0150757
26 0.192581 0.760045 0.0464202 0.0691964 0.00941467
65 0.411927 0.922991 0.103714 0.0223214 0.00803375
56 0.233774 0.935268 0.349615 0.123884 0.00796509
56 0.431582 0.934152 0.746069 0.125 0.00775528
62 0.838073 0.765067 0.321178 0.348214 0.00624084
67 0.390599 0.193638 0.0317832 0.0267857 0.00544739
73 0.414436 0.921875 0.106223 0.0245536 0.0046463
26 0.624791 0.550223 0.092004 0.239955 0.00382423
56 0.357561 0.872768 0.601372 0.245536 0.00338936
28 0.851455 0.790737 0.29274 0.166295 0.00336266
56 0.226246 0.86942 0.336233 0.252232 0.00322342
26 0.491385 0.872768 0.266812 0.129464 0.00321007
26 0.57628 0.563477 0.184008 0.326172 0.003088
67 0.411927 0.922991 0.103714 0.0223214 0.00304031
59 0.56917 0.961496 0.848946 0.0703125 0.00255013
67 0.391435 0.197824 0.0301104 0.0217634 0.00244331
13 0.40649 0.666853 0.547006 0.571429 0.0024147
59 0.431582 0.934152 0.746069 0.125 0.00237846
13 0.414018 0.934152 0.71094 0.123884 0.00235939
60 0.78538 0.38923 0.421546 0.477121 0.00212479
0 0.215791 0.820312 0.107059 0.229911 0.00200272
65 0.391435 0.197824 0.0301104 0.0217634 0.00198746
13 0.431164 0.881697 0.753596 0.227679 0.00191212
26 0.579625 0.544643 0.180662 0.235491 0.0017271
26 0.18819 0.753906 0.0577116 0.092634 0.00150108
26 0.613918 0.561942 0.108732 0.321429 0.00150108
57 0.414018 0.934152 0.71094 0.123884 0.00149536
26 0.562897 0.613281 0.2091 0.345982 0.00144958
24 0.556206 0.221261 0.190699 0.138951 0.00132465
67 0.394781 0.19894 0.0351288 0.0256696 0.00129986
72 0.487203 0.451451 0.373871 0.742188 0.00126934
56 0.0798762 0.935268 0.145534 0.126116 0.00126457
60 0.526932 0.515067 0.302777 0.867188 0.00117874
26 0.851455 0.792969 0.294413 0.162946 0.00115108
65 0.416945 0.926339 0.111241 0.0178572 0.00109863
0 0.316996 0.81808 0.215791 0.234375 0.00107288
28 0.787889 0.615513 0.421546 0.648438 0.00106907
26 0.191536 0.742188 0.0468384 0.107143 0.00106525
5 0.51815 0.488281 0.316996 0.864955 0.00105667
68 0.838073 0.765067 0.321178 0.348214 0.00104809
0 0.78538 0.38923 0.421546 0.477121 0.00104046
0 0.189026 0.829241 0.0761124 0.212054 0.00102425
6 0.526932 0.515067 0.302777 0.867188 0.00101662
26 0.604717 0.295201 0.105386 0.236049 0.00101185
0 0.320341 0.674247 0.303613 0.575614 0.869141
28 0.838073 0.766741 0.321178 0.348214 0.867188
0 0.493894 0.446987 0.353797 0.705357 0.749023
0 0.526932 0.514509 0.301104 0.866071 0.214722
56 0.107687 0.935826 0.105386 0.125 0.0399475
56 0.321596 0.934152 0.524423 0.122768 0.0154266
65 0.412345 0.922433 0.103714 0.0223214 0.0113297
26 0.192581 0.760045 0.0464202 0.0691964 0.0085144
56 0.235447 0.935268 0.352124 0.123884 0.00831604
73 0.414436 0.921875 0.106223 0.0245536 0.00674438
62 0.838073 0.765625 0.321178 0.348214 0.00629044
67 0.390181 0.193638 0.0309468 0.0265067 0.00566483
26 0.624791 0.550223 0.092004 0.237723 0.00428009
67 0.412345 0.922433 0.103714 0.0223214 0.00387001
56 0.355888 0.871652 0.598026 0.248884 0.00351143
26 0.490967 0.87221 0.265975 0.129464 0.00333786
60 0.793744 0.386719 0.404818 0.483259 0.00333786
28 0.851455 0.791295 0.29274 0.165179 0.00323486
56 0.216523 0.86942 0.316368 0.252232 0.00322342
26 0.579207 0.561523 0.178153 0.32115 0.00311089
59 0.57032 0.960938 0.848319 0.0703125 0.00293541
67 0.391435 0.198103 0.0301104 0.0206473 0.00265312
0 0.215687 0.819755 0.107268 0.231027 0.00229645
59 0.424473 0.934152 0.73185 0.125 0.00227928
13 0.407745 0.670759 0.544496 0.5625 0.00209999
13 0.406909 0.934152 0.696721 0.123884 0.0019722
65 0.391435 0.198103 0.0301104 0.0206473 0.00192642
13 0.424055 0.881697 0.737705 0.227679 0.0017004
26 0.618936 0.55971 0.0986952 0.313616 0.00157356
65 0.416945 0.926339 0.111241 0.0178572 0.00154877
26 0.187772 0.752232 0.0593844 0.0982143 0.00148964
57 0.406909 0.934152 0.696721 0.123884 0.00148964
56 0.0802944 0.935268 0.144697 0.126116 0.00141048
67 0.394781 0.199498 0.0351288 0.0245536 0.00140476
60 0.526932 0.514509 0.301104 0.866071 0.00125504
72 0.488039 0.451451 0.372198 0.742188 0.00123978
26 0.563316 0.613839 0.209936 0.341518 0.00122547
26 0.851455 0.792969 0.294413 0.162946 0.00117874
28 0.788098 0.611049 0.421127 0.657366 0.00117874
56 0.455002 0.934152 0.796253 0.125 0.0011692
0 0.189026 0.829241 0.0761124 0.212054 0.00113773
5 0.519404 0.487165 0.312814 0.864955 0.00113392
0 0.316996 0.818638 0.214118 0.233259 0.00109482
65 0.472148 0.924107 0.228337 0.0223215 0.00107765
24 0.556206 0.220843 0.190699 0.135324 0.00105667
65 0.545333 0.924107 0.115423 0.015625 0.00104427
68 0.838073 0.765625 0.321178 0.348214 0.00104427
28 0.838073 0.766741 0.321178 0.348214 0.875
0 0.320237 0.674107 0.302986 0.574777 0.873535
0 0.494312 0.446429 0.352961 0.705357 0.754395
0 0.526932 0.515067 0.301104 0.864955 0.263184
56 0.107687 0.935268 0.105386 0.125 0.0384521
65 0.412345 0.921875 0.105386 0.0223214 0.0170441
56 0.322955 0.934152 0.526723 0.122768 0.0154266
73 0.414436 0.921875 0.106223 0.0245536 0.00952148
56 0.237956 0.935268 0.357979 0.123884 0.00857544
26 0.192581 0.760045 0.0464202 0.0691964 0.00837708
62 0.838073 0.765625 0.321178 0.348214 0.008255
67 0.390181 0.193638 0.0309468 0.0262277 0.006073
67 0.412345 0.921875 0.105386 0.0223214 0.00540543
26 0.624791 0.550781 0.092004 0.236607 0.00455475
60 0.797089 0.385045 0.398126 0.484375 0.00416565
56 0.357143 0.871652 0.600535 0.25 0.00352478
59 0.571261 0.960379 0.84811 0.0714286 0.00342941
26 0.490967 0.871652 0.265975 0.129464 0.00335121
26 0.581298 0.561384 0.173971 0.31808 0.00317192
56 0.218405 0.86942 0.320969 0.252232 0.00317192
28 0.851455 0.792969 0.294413 0.162946 0.0030632
67 0.391435 0.198103 0.0301104 0.0206473 0.0028553
0 0.215791 0.819197 0.107896 0.232143 0.00255013
59 0.421964 0.934152 0.726832 0.125 0.00224304
65 0.417364 0.926339 0.112078 0.0200892 0.00221634
65 0.545333 0.924107 0.115423 0.015625 0.00202751
65 0.391435 0.198103 0.0301104 0.0206473 0.00200272
13 0.409731 0.673131 0.538851 0.557757 0.00181007
13 0.404818 0.934152 0.692539 0.122768 0.00178242
13 0.421964 0.881696 0.73185 0.226562 0.00157356
26 0.187354 0.75 0.0602208 0.100446 0.00156116
57 0.404818 0.934152 0.692539 0.122768 0.00149536
56 0.0802944 0.935268 0.143861 0.126116 0.00148964
65 0.472148 0.923549 0.227501 0.0234375 0.00139904
68 0.838073 0.765625 0.321178 0.348214 0.00137234
0 0.188608 0.829241 0.0769488 0.212054 0.0012064
59 0.566243 0.929129 0.866511 0.126116 0.00118828
60 0.526932 0.515067 0.301104 0.864955 0.0011692
0 0.316996 0.81808 0.214118 0.234375 0.00115108
28 0.788725 0.608259 0.419873 0.66183 0.00113773
72 0.488458 0.451451 0.371362 0.742188 0.00113392
56 0.449147 0.934152 0.784543 0.125 0.00110722
26 0.563316 0.615095 0.209936 0.339007 0.00109005
26 0.851455 0.792969 0.294413 0.162946 0.00108624
0 0.203873 0.811942 0.0748578 0.235491 0.00106907
5 0.519823 0.487165 0.310304 0.862723 0.00104809
28 0.837237 0.766741 0.32285 0.348214 0.885742
0 0.319609 0.674107 0.302568 0.574777 0.878418
0 0.494312 0.446429 0.352961 0.705357 0.750488
0 0.526514 0.515346 0.300268 0.864397 0.266357
56 0.107896 0.935268 0.105386 0.125 0.0391846
65 0.412345 0.921875 0.105386 0.0223214 0.0205688
56 0.32285 0.934152 0.526932 0.122768 0.0154266
73 0.414436 0.921875 0.106223 0.0245536 0.0115509
62 0.838073 0.765625 0.321178 0.348214 0.00905609
56 0.237119 0.935268 0.35547 0.123884 0.00898743
26 0.192581 0.760045 0.0464202 0.0691964 0.00763702
67 0.412345 0.921875 0.105386 0.0223214 0.00666809
67 0.390181 0.193499 0.0309468 0.0259486 0.00664139
60 0.799599 0.383929 0.393108 0.487723 0.0049057
26 0.624791 0.550781 0.092004 0.235491 0.00446701
59 0.571993 0.960379 0.848319 0.0714286 0.00385475
26 0.490967 0.871652 0.265975 0.13058 0.00349617
56 0.356306 0.871652 0.598862 0.248884 0.00342941
65 0.545751 0.924107 0.115423 0.015625 0.00332451
26 0.582971 0.56236 0.170626 0.317243 0.00314713
56 0.212341 0.86942 0.308004 0.252232 0.00314713
67 0.391435 0.197824 0.029274 0.0209263 0.00301552
28 0.851455 0.792969 0.294413 0.162946 0.00301552
0 0.215791 0.819755 0.107896 0.231027 0.00288963
65 0.417364 0.926339 0.112078 0.0200892 0.00268364
59 0.420291 0.934152 0.723486 0.125 0.00226974
65 0.391435 0.197824 0.029274 0.0209263 0.00203514
26 0.56457 0.59096 0.205754 0.370536 0.00194931
13 0.410777 0.671317 0.53676 0.559152 0.00167465
13 0.402204 0.934152 0.68773 0.122768 0.00167465
65 0.446638 0.921875 0.168116 0.0267858 0.0016489
26 0.187354 0.751116 0.0602208 0.0982143 0.00154305
65 0.471311 0.923549 0.225828 0.0234375 0.00153065
56 0.0807126 0.935268 0.144697 0.126116 0.00150108
68 0.838073 0.765625 0.321178 0.348214 0.00150108
57 0.402204 0.934152 0.68773 0.122768 0.00150108
13 0.420291 0.882254 0.723486 0.225446 0.00142097
59 0.566912 0.933036 0.866176 0.116071 0.00139904
0 0.188817 0.829241 0.0765306 0.212054 0.00136185
0 0.316577 0.818638 0.214955 0.233259 0.00129414
0 0.204082 0.811942 0.0744396 0.235491 0.00116539
72 0.519404 0.487723 0.311141 0.861607 0.00115108
60 0.526514 0.515346 0.300268 0.864397 0.00108624
56 0.444965 0.934152 0.776179 0.123884 0.00108624
26 0.526096 0.848214 0.200736 0.176339 0.00105667
60 1 0.906808 0 0.186384 0.00105667
5 0.519404 0.487723 0.311141 0.861607 0.00104427
26 0.851455 0.792969 0.294413 0.162946 0.00103188
28 0.838073 0.766741 0.321178 0.348214 0.893066
0 0.319609 0.674665 0.302568 0.573661 0.881836
0 0.519404 0.487723 0.309468 0.859375 0.75293
56 0.107896 0.935268 0.105386 0.125 0.0391846
65 0.412345 0.921875 0.105386 0.0223214 0.0249939
56 0.320759 0.935268 0.524423 0.122768 0.0154266
73 0.414436 0.921875 0.106223 0.0245536 0.0133743
62 0.838073 0.765625 0.321178 0.348214 0.0102921
56 0.235447 0.935268 0.352124 0.123884 0.00908661
67 0.412345 0.921875 0.105386 0.0223214 0.00821686
26 0.19279 0.760045 0.046002 0.0691964 0.00800323
67 0.389762 0.193359 0.0301104 0.0256696 0.00754929
60 0.799389 0.382254 0.391853 0.483259 0.00526047
65 0.545751 0.924107 0.115423 0.015625 0.00508118
26 0.624791 0.551339 0.092004 0.234375 0.00468063
59 0.572934 0.959822 0.84811 0.0714286 0.00403976
0 0.216523 0.819197 0.107268 0.232143 0.00341606
67 0.391435 0.197824 0.029274 0.0206473 0.00333786
26 0.490967 0.871652 0.265975 0.129464 0.00332451
26 0.584225 0.5625 0.168116 0.315848 0.00323486
56 0.356306 0.872768 0.598862 0.247768 0.00322342
65 0.417364 0.926339 0.112078 0.0200892 0.00317192
28 0.851455 0.792969 0.294413 0.162946 0.00300407
56 0.208264 0.869978 0.300268 0.251116 0.00300407
65 0.432837 0.922433 0.140515 0.0256697 0.00250244
65 0.391435 0.197824 0.029274 0.0206473 0.00225258
59 0.4182 0.934152 0.719304 0.125 0.00216484
26 0.565407 0.591518 0.204082 0.370536 0.0019722
68 0.838073 0.765625 0.321178 0.348214 0.00179577
67 0.394781 0.199498 0.033456 0.0234375 0.00176144
13 0.400636 0.934152 0.684175 0.122768 0.00174141
65 0.470893 0.923549 0.224992 0.0234375 0.00170708
0 0.189236 0.829241 0.0765306 0.212054 0.00164223
26 0.187563 0.752232 0.0598026 0.0970982 0.0015974
57 0.400636 0.934152 0.684175 0.122768 0.0015974
59 0.56733 0.936384 0.86534 0.109375 0.00153637
56 0.0807126 0.935268 0.143861 0.126116 0.00150681
0 0.204082 0.811384 0.0744396 0.236607 0.00141048
0 0.316159 0.81808 0.215791 0.234375 0.00138855
13 0.415691 0.672433 0.526932 0.555804 0.00138855
65 0.547006 0.924107 0.128806 0.0200893 0.00137234
13 0.417364 0.883371 0.71094 0.223214 0.00129986
60 1 0.905692 0 0.188616 0.00110722
72 0.519404 0.487723 0.309468 0.859375 0.00108147
26 0.526096 0.84654 0.200736 0.178571 0.00105667
56 0.440783 0.934152 0.767815 0.123884 0.00103664
65 0.399799 0.208426 0.0284376 0.0164621 0.00101662
5 0.519404 0.487723 0.309468 0.859375 0.00101662
26 0.191117 0.742188 0.0468384 0.106027 0.00100803
26 0.851455 0.792969 0.294413 0.162946 0.00100422
28 0.837237 0.766741 0.32285 0.348214 0.893066
0 0.319609 0.674665 0.302568 0.573661 0.881836
0 0.488039 0.451451 0.370525 0.739955 0.751953
0 0.526932 0.515067 0.299431 0.862723 0.304932
56 0.107896 0.935268 0.105386 0.125 0.0381775
65 0.412763 0.921875 0.105386 0.0223214 0.0253754
56 0.320759 0.935268 0.524423 0.122768 0.0154877
73 0.414436 0.921875 0.106223 0.0245536 0.013588
62 0.838073 0.765625 0.321178 0.348214 0.0104904
56 0.235028 0.935268 0.352124 0.123884 0.00905609
67 0.412763 0.921875 0.105386 0.0223214 0.00828552
26 0.19279 0.760045 0.046002 0.0691964 0.00787354
67 0.389762 0.193359 0.0301104 0.0256696 0.00748825
65 0.545751 0.924107 0.115423 0.015625 0.00524139
60 0.799599 0.382534 0.393108 0.482701 0.00521851
26 0.624791 0.551339 0.092004 0.234375 0.0046463
59 0.572934 0.959822 0.84811 0.0714286 0.00407028
26 0.490967 0.871652 0.265975 0.129464 0.00341606
0 0.216523 0.819755 0.107268 0.231027 0.00333786
67 0.391435 0.197545 0.029274 0.0212054 0.00329781
56 0.356306 0.872768 0.598862 0.246652 0.00322342
65 0.417364 0.926339 0.112078 0.0200892 0.00319672
26 0.584225 0.56236 0.168116 0.315011 0.00319672
56 0.208368 0.869978 0.300895 0.251116 0.00299263
28 0.851455 0.792969 0.294413 0.162946 0.0029583
65 0.430746 0.922433 0.135497 0.0256697 0.00268364
65 0.391435 0.197545 0.029274 0.0212054 0.00222588
59 0.4182 0.934152 0.719304 0.125 0.00217438
26 0.565407 0.591518 0.204082 0.370536 0.00197983
68 0.838073 0.765625 0.321178 0.348214 0.0018177
13 0.400636 0.934152 0.684175 0.122768 0.00171375
65 0.470893 0.923549 0.225828 0.0234375 0.0017004
57 0.400636 0.934152 0.684175 0.122768 0.0015974
26 0.187563 0.752232 0.0598026 0.0959822 0.00158501
0 0.189236 0.829241 0.0765306 0.212054 0.00158501
59 0.567748 0.936384 0.864503 0.109375 0.00154877
56 0.0807126 0.935268 0.143861 0.126116 0.0014782
65 0.547006 0.924107 0.128806 0.0200893 0.00141048
0 0.204082 0.811384 0.0744396 0.236607 0.00139427
0 0.316159 0.81808 0.215791 0.234375 0.00137806
13 0.415691 0.672433 0.526932 0.555804 0.00136662
13 0.417259 0.883371 0.711149 0.223214 0.00129414
72 0.519823 0.487723 0.310304 0.859375 0.0011158
60 1 0.905692 0 0.188616 0.00109863
26 0.526096 0.84654 0.200736 0.178571 0.00108147
56 0.440783 0.934152 0.767815 0.123884 0.00104809
5 0.519823 0.487723 0.310304 0.859375 0.00101662
26 0.191117 0.742188 0.0468384 0.106027 0.00100803
26 0.851455 0.792969 0.294413 0.162946 0.00100803
