61 0.437872 0.550502 0.551339 0.805246 0.823242
0 0.37872 0.734375 0.0327381 0.0379465 0.149048
71 0.428199 0.717076 0.851935 0.512277 0.0903931
64 0.474702 0.329171 0.428571 0.390765 0.0628052
0 0.379092 0.72433 0.0282738 0.0200892 0.0396423
71 0.168341 0.713309 0.334449 0.506417 0.0285492
6 0.891369 0.396763 0.214286 0.733259 0.0246124
61 0.520461 0.589146 0.911458 0.76144 0.0237732
14 0.37872 0.72433 0.0282738 0.0200892 0.0227203
71 0.444196 0.579799 0.885417 0.813616 0.0225372
61 0.428199 0.717076 0.851935 0.512277 0.0208893
14 0.37872 0.734375 0.0305059 0.0379465 0.0150146
61 0.473958 0.330287 0.428571 0.391881 0.014389
2 0.891369 0.36942 0.217262 0.715402 0.0136337
71 0.474702 0.329171 0.428571 0.390765 0.0134811
74 0.433408 0.759487 0.561756 0.408482 0.0108566
74 0.439732 0.705915 0.325893 0.243304 0.00967407
41 0.474702 0.329171 0.428571 0.390765 0.00908661
60 0.409598 0.356306 0.819196 0.707031 0.00784302
45 0.431641 0.748326 0.568266 0.436384 0.00631332
0 0.383929 0.734375 0.0461309 0.0390625 0.00460815
4 0.583333 0.561523 0.824405 0.845703 0.00450516
60 0.413318 0.715541 0.822173 0.546596 0.00439835
60 0.433408 0.547991 0.862351 0.805804 0.00428009
4 0.891369 0.396763 0.214286 0.733259 0.00379562
45 0.441964 0.703683 0.346726 0.24442 0.00332451
15 0.401042 0.110421 0.788691 0.217773 0.00311089
6 0.583333 0.561523 0.824405 0.845703 0.00288963
71 0.278181 0.722238 0.553757 0.530971 0.00286674
55 0.240327 0.31808 0.0595238 0.0580357 0.00254059
45 0.474702 0.329171 0.428571 0.390765 0.00251198
61 0.461682 0.717076 0.573661 0.521205 0.00237846
53 0.444196 0.695871 0.31994 0.21875 0.00237846
16 0.401042 0.110421 0.788691 0.217773 0.00218201
7 0.891369 0.36942 0.217262 0.715402 0.00218201
60 0.52381 0.628906 0.907738 0.715402 0.00214005
43 0.958333 0.669643 0.0833333 0.140625 0.00209045
47 0.325056 0.092913 0.287388 0.183036 0.00202751
50 0.574405 0.0736607 0.244048 0.143415 0.00199509
32 0.474702 0.329171 0.428571 0.390765 0.00198746
53 0.155506 0.411272 0.311012 0.103237 0.00189686
8 0.447173 0.551339 0.891369 0.805804 0.00189686
47 0.447173 0.696429 0.328125 0.220982 0.00189686
16 0.43564 0.185686 0.863839 0.368583 0.00178242
29 0.431641 0.748326 0.568266 0.436384 0.00178242
61 0.442336 0.71317 0.337054 0.254464 0.00176144
15 0.43564 0.185686 0.863839 0.368583 0.00171375
5 0.891369 0.36942 0.217262 0.715402 0.00162315
14 0.384673 0.734375 0.0446429 0.0379465 0.00158501
4 0.447173 0.551339 0.891369 0.805804 0.00157356
61 0.168341 0.713309 0.334449 0.506417 0.00153637
74 0.479167 0.763951 0.427083 0.362723 0.00148392
16 0.37872 0.734375 0.0327381 0.0379465 0.00146675
45 0.419643 0.703125 0.83631 0.5625 0.00142097
8 0.889137 0.410993 0.21875 0.755022 0.00141621
0 0.37872 0.720424 0.0297619 0.0234375 0.00139427
41 0.443824 0.702009 0.319196 0.229911 0.00130463
15 0.478795 0.0973772 0.62128 0.191406 0.00129414
44 0.958333 0.669643 0.0833333 0.140625 0.00123978
18 0.478795 0.0973772 0.62128 0.191406 0.00121117
61 0.889137 0.590541 0.221726 0.73856 0.00118828
6 0.86756 0.469308 0.261905 0.738839 0.0011692
16 0.478795 0.0973772 0.62128 0.191406 0.0011425
2 0.462426 0.316406 0.896577 0.627232 0.0011034
53 0.190104 0.259487 0.241071 0.159598 0.00106049
46 0.240327 0.31808 0.0595238 0.0580357 0.00104809
43 0.240327 0.31808 0.0595238 0.0580357 0.00102043
29 0.443824 0.702009 0.319196 0.229911 0.00102043
75 0.443824 0.702009 0.319196 0.229911 0.00100803
61 0.441871 0.553571 0.549293 0.816964 0.786621
0 0.37872 0.734375 0.03125 0.0379465 0.199341
0 0.379464 0.72433 0.0282738 0.0200892 0.0725098
71 0.430432 0.717076 0.856399 0.512277 0.0538025
6 0.891369 0.390625 0.214286 0.722098 0.0389099
71 0.170015 0.713728 0.337054 0.507812 0.0262604
61 0.473958 0.329799 0.43006 0.391183 0.0220337
64 0.474702 0.328613 0.428571 0.389648 0.0197144
14 0.37872 0.72433 0.0282738 0.0189733 0.0161591
61 0.430432 0.717076 0.856399 0.512277 0.0122375
2 0.891369 0.367467 0.217262 0.717076 0.0121918
14 0.37872 0.734375 0.0297619 0.0379465 0.0113297
61 0.517857 0.590402 0.910714 0.760045 0.0112
71 0.445685 0.59096 0.889881 0.795759 0.0109482
74 0.438988 0.714844 0.331845 0.262277 0.00930023
74 0.428478 0.762277 0.571615 0.417411 0.00831604
71 0.474702 0.328613 0.428571 0.389648 0.00809479
41 0.474702 0.328613 0.428571 0.389648 0.00405502
60 0.414435 0.715541 0.822917 0.544364 0.00400543
45 0.424758 0.761719 0.579055 0.422991 0.00397491
7 0.891369 0.367467 0.217262 0.717076 0.00296974
53 0.444941 0.695312 0.321429 0.21875 0.00292397
4 0.891369 0.390625 0.214286 0.722098 0.00253105
60 0.449405 0.557478 0.897322 0.797991 0.00251198
45 0.448661 0.714286 0.364583 0.267857 0.00237846
60 0.398065 0.357143 0.796131 0.700893 0.00235939
5 0.891369 0.367467 0.217262 0.717076 0.00231361
60 0.521949 0.638951 0.90253 0.695312 0.00224304
0 0.379092 0.720424 0.0297619 0.0234375 0.00215721
61 0.444196 0.702009 0.321429 0.229911 0.00201988
55 0.240699 0.316406 0.0595238 0.0608259 0.00185299
4 0.582961 0.563616 0.822173 0.845982 0.00176811
61 0.460193 0.718192 0.570685 0.521205 0.00176144
6 0.582961 0.563616 0.822173 0.845982 0.00168705
14 0.384301 0.734375 0.0438988 0.0379465 0.00162315
16 0.37872 0.734375 0.03125 0.0379465 0.0014267
43 0.958333 0.669643 0.0833333 0.141741 0.0014267
74 0.479911 0.765625 0.433036 0.368304 0.00131989
61 0.170061 0.722098 0.336961 0.523438 0.00131512
0 0.373884 0.728237 0.0379464 0.0256697 0.00121593
47 0.432664 0.823661 0.260417 0.0848214 0.00118828
47 0.324033 0.0927037 0.283482 0.182896 0.00115585
47 0.447173 0.696987 0.328869 0.222098 0.00113392
53 0.154762 0.410993 0.309524 0.103795 0.00112438
60 0.172061 0.72154 0.34189 0.518973 0.00109005
4 0.449405 0.557478 0.897322 0.797991 0.00106525
41 0.444196 0.702009 0.321429 0.229911 0.00104809
15 0.392485 0.0990513 0.768601 0.194754 0.00103188
8 0.888393 0.405692 0.220238 0.748884 0.00103188
61 0.444103 0.555246 0.552269 0.822545 0.750488
0 0.37872 0.734375 0.03125 0.0379465 0.196167
0 0.379464 0.72433 0.0282738 0.0200892 0.0859985
71 0.43192 0.717634 0.859375 0.511161 0.0564575
6 0.891369 0.376395 0.217262 0.693638 0.0299835
61 0.474702 0.328613 0.43006 0.389648 0.0273743
71 0.171317 0.71317 0.339658 0.506696 0.0252686
14 0.379092 0.72433 0.0282738 0.0178572 0.0123825
64 0.474702 0.328613 0.43006 0.389648 0.012146
61 0.43192 0.717634 0.859375 0.511161 0.00933838
2 0.890625 0.362165 0.217262 0.709821 0.00898743
14 0.37872 0.734375 0.0297619 0.0379465 0.00894928
71 0.447173 0.625558 0.891369 0.727679 0.00888062
74 0.438616 0.716518 0.334077 0.264509 0.00874329
61 0.517113 0.592634 0.912202 0.756696 0.00731659
74 0.424758 0.764509 0.579055 0.418527 0.00674438
71 0.474702 0.328613 0.43006 0.389648 0.00477219
53 0.444941 0.694754 0.322917 0.217634 0.00391388
60 0.413691 0.716518 0.821429 0.540179 0.00367928
45 0.421503 0.762835 0.585566 0.422991 0.00331116
0 0.379464 0.720424 0.0297619 0.0234375 0.00309944
7 0.890625 0.362165 0.217262 0.709821 0.00261116
41 0.474702 0.328613 0.43006 0.389648 0.00253105
60 0.520461 0.658482 0.898066 0.655134 0.00211525
5 0.890625 0.362165 0.217262 0.709821 0.00196457
45 0.447545 0.715402 0.360863 0.268973 0.00195694
61 0.444568 0.702009 0.322917 0.229911 0.00189686
0 0.373884 0.726562 0.0379464 0.0223215 0.00165462
4 0.891369 0.376395 0.217262 0.693638 0.00154877
14 0.384301 0.734375 0.0438988 0.0379465 0.0014782
60 0.450893 0.573103 0.901786 0.767857 0.0014782
55 0.240699 0.316127 0.0595238 0.0608259 0.00136185
6 0.517485 0.563616 0.926339 0.850447 0.00133038
61 0.171922 0.721959 0.340681 0.5226 0.00124931
47 0.433036 0.823661 0.261161 0.0848214 0.00124454
74 0.479539 0.766741 0.438244 0.370536 0.00121593
16 0.37872 0.734375 0.03125 0.0379465 0.00110722
60 0.40253 0.803572 0.799107 0.372768 0.00107288
60 0.173038 0.719866 0.344401 0.515625 0.00106525
43 0.958333 0.669643 0.0833333 0.142857 0.00103188
61 0.446801 0.55692 0.552827 0.829241 0.720215
0 0.379464 0.734375 0.0297619 0.0379465 0.193726
0 0.379092 0.723772 0.0275298 0.0189732 0.0960083
0 0.379464 0.729353 0.0282738 0.0279018 0.0836182
71 0.43192 0.717494 0.859375 0.509208 0.0562439
61 0.474702 0.328962 0.431548 0.391741 0.0379028
6 0.889881 0.358817 0.217262 0.665179 0.029541
71 0.172619 0.711496 0.342262 0.503348 0.0228882
0 0.384301 0.734375 0.0438988 0.0368304 0.0171814
0 0.374256 0.733259 0.0386905 0.0334821 0.0115051
14 0.37872 0.72433 0.0282738 0.0178572 0.00952148
2 0.889881 0.353795 0.21875 0.696429 0.0088501
64 0.474702 0.328962 0.431548 0.391741 0.00847626
14 0.379092 0.733817 0.0305059 0.0379465 0.00748825
74 0.438244 0.711496 0.334821 0.254464 0.00661469
61 0.43192 0.717494 0.859375 0.509208 0.00658798
61 0.516369 0.593192 0.907738 0.753348 0.005867
14 0.379464 0.729353 0.0282738 0.0279018 0.00526047
74 0.423456 0.765625 0.581659 0.417411 0.00436401
0 0.379092 0.720424 0.0290179 0.0234375 0.00391388
53 0.445313 0.694754 0.324405 0.217634 0.00372124
45 0.420015 0.763951 0.588542 0.421875 0.00319672
71 0.474702 0.328962 0.431548 0.391741 0.00304031
60 0.410342 0.717634 0.814732 0.534598 0.00235939
7 0.889881 0.353795 0.21875 0.696429 0.00226974
0 0.373512 0.726005 0.0372024 0.0212054 0.00208282
41 0.474702 0.328962 0.431548 0.391741 0.00191212
61 0.444196 0.71317 0.352679 0.263393 0.00188255
5 0.889881 0.353795 0.21875 0.696429 0.00185299
60 0.518973 0.674247 0.889137 0.622489 0.00183105
71 0.451637 0.598772 0.903274 0.71317 0.00168705
45 0.444196 0.71317 0.352679 0.263393 0.0016489
14 0.384301 0.734375 0.0438988 0.0368304 0.00134563
61 0.173782 0.721122 0.344401 0.522042 0.00134563
47 0.433036 0.823661 0.261905 0.0848214 0.00119209
6 0.516369 0.564174 0.918155 0.844866 0.0011158
55 0.240699 0.315848 0.0595238 0.0602679 0.00109863
0 0.384673 0.722656 0.0386905 0.0189732 0.00106049
60 0.775112 0.985491 0.425967 0.0279018 0.00100422
61 0.446801 0.559152 0.555804 0.834821 0.712402
0 0.379092 0.733817 0.0305059 0.0379465 0.222046
0 0.379464 0.723772 0.0267857 0.0189732 0.115173
0 0.379464 0.728795 0.0282738 0.0267857 0.111267
71 0.430804 0.718192 0.857143 0.507813 0.0609741
61 0.474702 0.329241 0.431548 0.392857 0.0409851
6 0.889881 0.347098 0.220238 0.65067 0.0318604
71 0.172991 0.71038 0.343006 0.501116 0.0249939
0 0.384301 0.734375 0.0438988 0.0368304 0.0184784
0 0.374256 0.732143 0.0372024 0.03125 0.0150146
2 0.889881 0.347656 0.21875 0.6875 0.0088501
64 0.474702 0.329241 0.431548 0.392857 0.0085144
14 0.37872 0.72433 0.0282738 0.0178572 0.00631332
14 0.379092 0.733817 0.0305059 0.0379465 0.00568771
61 0.430804 0.718192 0.857143 0.507813 0.00551224
61 0.514881 0.592494 0.904762 0.752511 0.00540543
74 0.444941 0.694754 0.325893 0.217634 0.00466537
0 0.379464 0.720424 0.0282738 0.0234375 0.00460815
14 0.379464 0.728795 0.0282738 0.0267857 0.00385475
53 0.444941 0.694754 0.325893 0.217634 0.00351143
74 0.424944 0.766741 0.577195 0.416295 0.00293541
45 0.420015 0.764509 0.588542 0.419643 0.00263214
71 0.474702 0.329241 0.431548 0.392857 0.00258064
0 0.373884 0.725446 0.0372024 0.0200893 0.00239754
7 0.889881 0.347656 0.21875 0.6875 0.00217438
5 0.889881 0.347656 0.21875 0.6875 0.0019722
61 0.444196 0.717634 0.354167 0.274554 0.00185299
71 0.451637 0.616071 0.901786 0.676339 0.00182438
61 0.173921 0.720982 0.344866 0.520089 0.00163555
41 0.474702 0.329241 0.431548 0.392857 0.00153065
60 0.516369 0.682478 0.877976 0.602679 0.0015192
71 0.172805 0.626256 0.342634 0.334542 0.00132465
45 0.444196 0.717634 0.354167 0.274554 0.00129414
0 0.384673 0.722098 0.0386905 0.0178571 0.00116062
6 0.514137 0.563616 0.912202 0.841518 0.00110722
14 0.384301 0.734375 0.0438988 0.0368304 0.00104809
47 0.432664 0.823661 0.262649 0.0848214 0.00100803
61 0.450056 0.560826 0.549293 0.837054 0.702637
0 0.379092 0.733817 0.0305059 0.0379465 0.230957
0 0.379464 0.723772 0.0275298 0.0189732 0.128906
0 0.379464 0.727679 0.0282738 0.0245536 0.121277
71 0.426711 0.718192 0.848958 0.507813 0.0820923
61 0.473214 0.333705 0.433036 0.395647 0.0736694
71 0.174154 0.72154 0.345145 0.520089 0.0344849
6 0.889881 0.336496 0.220238 0.628348 0.0304413
0 0.384673 0.734375 0.0431548 0.0368304 0.0184021
64 0.475074 0.329799 0.430804 0.393973 0.0164642
0 0.374256 0.732143 0.0372024 0.03125 0.0150757
2 0.889881 0.335938 0.21875 0.666295 0.00743103
61 0.523066 0.560268 0.894345 0.792411 0.00638962
14 0.37872 0.72433 0.0282738 0.0178572 0.00503922
61 0.426711 0.718192 0.848958 0.507813 0.00494385
14 0.379092 0.733817 0.0305059 0.0379465 0.0049057
53 0.444941 0.694196 0.325893 0.216518 0.00441742
71 0.475074 0.329799 0.430804 0.393973 0.00351143
71 0.451265 0.612165 0.901042 0.684152 0.00351143
74 0.438244 0.707589 0.334821 0.245536 0.00341606
14 0.379464 0.727679 0.0282738 0.0245536 0.00324821
45 0.425967 0.762835 0.573661 0.420759 0.00286674
0 0.373884 0.725446 0.0372024 0.0200893 0.00227928
74 0.425967 0.762835 0.573661 0.420759 0.00225258
0 0.379092 0.720424 0.0297619 0.0245536 0.00220871
61 0.174154 0.72154 0.345145 0.520089 0.00219917
61 0.443824 0.717076 0.351935 0.274554 0.00214958
41 0.475074 0.329799 0.430804 0.393973 0.00191212
5 0.889881 0.335938 0.21875 0.666295 0.00185299
7 0.889881 0.335938 0.21875 0.666295 0.00171375
61 0.408482 0.651925 0.622024 0.649275 0.00158501
71 0.173921 0.618443 0.344866 0.316685 0.00153637
71 0.345145 0.673131 0.68471 0.428292 0.00153637
45 0.443824 0.717076 0.351935 0.274554 0.00150108
60 0.409598 0.715402 0.814732 0.53683 0.00138855
47 0.324405 0.0924944 0.281994 0.183315 0.00127411
60 0.77381 0.984375 0.425595 0.0301339 0.00126457
0 0.384673 0.722098 0.0386905 0.0178571 0.00121117
61 0.429688 0.749442 0.570685 0.460938 0.0012064
21 0.324033 0.0938895 0.280506 0.187779 0.0011425
45 0.409598 0.715402 0.814732 0.53683 0.00109863
54 0.444941 0.694196 0.325893 0.216518 0.00108624
6 0.513393 0.563058 0.907738 0.842634 0.00105286
61 0.446429 0.558036 0.547619 0.803571 0.699219
0 0.379464 0.734375 0.0297619 0.0379465 0.194336
61 0.473958 0.333426 0.431548 0.393415 0.145142
0 0.379464 0.723772 0.0275298 0.0189732 0.118774
71 0.425223 0.718611 0.845982 0.506975 0.102661
71 0.174479 0.722238 0.345238 0.51981 0.0520325
6 0.889881 0.333705 0.217262 0.665179 0.0401001
64 0.475074 0.330357 0.430804 0.393973 0.0303345
0 0.384301 0.734375 0.0438988 0.0368304 0.0141144
0 0.374256 0.731027 0.0372024 0.03125 0.0123825
2 0.889881 0.333705 0.217262 0.665179 0.00974274
61 0.523438 0.560826 0.887649 0.794643 0.00941467
0 0.379464 0.720424 0.0290179 0.0234375 0.00605011
71 0.453125 0.601702 0.894345 0.749721 0.00598145
53 0.444941 0.694196 0.324405 0.216518 0.00579834
61 0.449405 0.689872 0.886905 0.564453 0.00548935
71 0.475074 0.330357 0.430804 0.393973 0.00482941
14 0.37872 0.72433 0.0282738 0.0178572 0.00428009
14 0.379092 0.733817 0.0305059 0.0379465 0.00415039
74 0.438988 0.700335 0.331845 0.232143 0.00352478
45 0.432199 0.761719 0.55971 0.420759 0.00302696
61 0.440476 0.707589 0.340774 0.252232 0.00290108
61 0.413784 0.660854 0.609933 0.631417 0.00271416
61 0.177083 0.722656 0.351191 0.521205 0.00265312
74 0.432199 0.761719 0.55971 0.420759 0.00253105
5 0.889881 0.333705 0.217262 0.665179 0.00234222
71 0.266369 0.666434 0.528274 0.412667 0.00234222
41 0.475074 0.333426 0.429316 0.391741 0.00223351
47 0.325149 0.0923549 0.282738 0.183036 0.00215721
54 0.444941 0.694196 0.324405 0.216518 0.00195694
7 0.889881 0.333705 0.217262 0.665179 0.00190449
60 0.40997 0.717076 0.813988 0.534598 0.00188255
21 0.325149 0.0939593 0.281994 0.18764 0.00183868
71 0.174665 0.618862 0.346354 0.315848 0.00178909
54 0.325149 0.0939593 0.281994 0.18764 0.0017004
45 0.40997 0.717076 0.813988 0.534598 0.0017004
0 0.373884 0.725446 0.0372024 0.0200893 0.00169373
45 0.440476 0.707589 0.340774 0.252232 0.00168133
60 0.772135 0.983259 0.420015 0.03125 0.0015974
77 0.325149 0.0939593 0.281994 0.18764 0.00158501
61 0.441592 0.754325 0.545387 0.451172 0.00154877
61 0.351935 0.723075 0.697917 0.5226 0.00150108
71 0.434524 0.823661 0.267113 0.0825893 0.00133514
54 0.854911 0.0666155 0.266369 0.128488 0.00123978
15 0.325149 0.0939593 0.281994 0.18764 0.00120163
47 0.434524 0.823661 0.267113 0.0825893 0.00119686
0 0.384301 0.722098 0.0386905 0.0178571 0.00104809
51 0.84747 0.0658657 0.264881 0.130825 0.00101662
6 0.513393 0.5625 0.901786 0.84375 0.00100803
61 0.447173 0.561244 0.547619 0.810547 0.679199
61 0.47433 0.333426 0.430804 0.392299 0.233765
0 0.379092 0.733817 0.0305059 0.0379465 0.208862
0 0.379464 0.723772 0.0275298 0.0189732 0.128052
71 0.419643 0.71861 0.834821 0.504743 0.0923462
71 0.175223 0.721959 0.345982 0.518136 0.0611877
6 0.889881 0.329241 0.217262 0.658482 0.044342
64 0.475446 0.330915 0.43006 0.393973 0.0397949
0 0.374256 0.729911 0.0372024 0.0290179 0.0153656
0 0.384301 0.734375 0.0438988 0.0368304 0.0135345
61 0.528274 0.560268 0.883929 0.796875 0.0119629
2 0.889881 0.329241 0.217262 0.658482 0.0103302
71 0.47433 0.330845 0.430804 0.394113 0.00831604
0 0.379464 0.719866 0.0290179 0.0223214 0.0068779
71 0.450149 0.605469 0.897322 0.686384 0.00616837
61 0.404018 0.717634 0.802083 0.53125 0.00450516
61 0.419271 0.675223 0.600446 0.602679 0.00378036
14 0.379092 0.733817 0.0305059 0.0379465 0.00324821
45 0.442615 0.762277 0.538877 0.417411 0.00317192
61 0.445685 0.728795 0.358631 0.301339 0.00309944
71 0.237351 0.662807 0.469494 0.404297 0.00294685
53 0.443824 0.694196 0.326637 0.216518 0.00288963
5 0.889881 0.329241 0.217262 0.658482 0.00275803
14 0.379092 0.72433 0.0282738 0.0178572 0.00270462
41 0.475446 0.333426 0.428571 0.391183 0.00242424
0 0.374256 0.736607 0.0357143 0.03125 0.0024147
61 0.175223 0.721959 0.345982 0.518136 0.00233269
61 0.442801 0.756138 0.542969 0.447545 0.00232315
74 0.443824 0.694196 0.326637 0.216518 0.00226974
0 0.384673 0.742746 0.0416667 0.0212054 0.00208282
7 0.889881 0.329241 0.217262 0.658482 0.00200272
71 0.175409 0.617048 0.347098 0.310547 0.00192642
21 0.325521 0.094029 0.282738 0.1875 0.00185299
47 0.325149 0.0922852 0.282738 0.183175 0.0018177
71 0.434524 0.823661 0.266369 0.0825893 0.00175476
0 0.373884 0.724888 0.0372024 0.0189732 0.00173378
77 0.325521 0.094029 0.282738 0.1875 0.00161648
74 0.442615 0.762277 0.538877 0.417411 0.00159168
60 0.404018 0.717634 0.802083 0.53125 0.00156689
60 0.773996 0.984375 0.422247 0.03125 0.00150108
45 0.445685 0.728795 0.358631 0.301339 0.00135136
54 0.325521 0.094029 0.282738 0.1875 0.00134563
45 0.404018 0.717634 0.802083 0.53125 0.00134563
74 0.445685 0.728795 0.358631 0.301339 0.00132465
54 0.443824 0.694196 0.326637 0.216518 0.00123501
70 0.47433 0.330845 0.430804 0.394113 0.00123024
8 0.888393 0.327009 0.223214 0.651786 0.00119686
6 0.517485 0.561523 0.90253 0.847935 0.00118828
0 0.384673 0.722098 0.0386905 0.0189732 0.00117397
71 0.419271 0.675223 0.600446 0.602679 0.00107288
54 0.855655 0.066476 0.267857 0.128488 0.00106907
47 0.434524 0.823661 0.266369 0.0825893 0.00101662
61 0.446429 0.5625 0.547619 0.8125 0.673828
61 0.474702 0.333147 0.43006 0.392299 0.276611
0 0.379092 0.733817 0.0305059 0.0379465 0.218628
0 0.379464 0.723772 0.0275298 0.0189732 0.133911
71 0.409226 0.719866 0.8125 0.523438 0.0939941
71 0.175921 0.722098 0.346819 0.518973 0.0665894
6 0.889881 0.326451 0.217262 0.652902 0.0476074
64 0.475446 0.331473 0.43006 0.393973 0.0372009
0 0.374256 0.729911 0.0372024 0.0267857 0.0166626
61 0.53311 0.558594 0.881697 0.794643 0.014061
0 0.383929 0.734375 0.0431548 0.0368304 0.0137405
2 0.889881 0.326451 0.217262 0.652902 0.0104904
71 0.47433 0.331473 0.430804 0.393973 0.00993347
0 0.379464 0.720424 0.0290179 0.0234375 0.00800323
71 0.448661 0.616071 0.894345 0.660714 0.00626373
61 0.433036 0.68764 0.571429 0.580078 0.00557709
61 0.400298 0.71861 0.794643 0.529297 0.00492477
6 0.869792 0.392299 0.257441 0.604911 0.00388527
45 0.442708 0.761161 0.538691 0.418527 0.00370789
14 0.379092 0.733817 0.0305059 0.0379465 0.00332451
71 0.238839 0.66197 0.473214 0.403739 0.00302696
5 0.889881 0.326451 0.217262 0.652902 0.00301552
14 0.379092 0.72433 0.0282738 0.0178572 0.00246239
61 0.442708 0.708147 0.330357 0.242188 0.0024147
61 0.175921 0.722098 0.346819 0.518973 0.00235939
61 0.457961 0.75 0.390625 0.352679 0.00235939
0 0.373884 0.736607 0.0349703 0.03125 0.00234222
71 0.434524 0.823661 0.266369 0.0825893 0.00214005
7 0.889881 0.326451 0.217262 0.652902 0.00211525
71 0.175595 0.617188 0.34747 0.3125 0.00204277
0 0.384673 0.743304 0.0401786 0.0200893 0.00201035
41 0.475446 0.333078 0.428571 0.390765 0.00200272
0 0.373884 0.724888 0.0372024 0.0189732 0.00183868
74 0.44308 0.69308 0.328125 0.216518 0.00167465
21 0.326265 0.0938198 0.284226 0.18764 0.00163555
8 0.888393 0.323103 0.223214 0.646205 0.00163555
74 0.437128 0.745536 0.349702 0.325893 0.00162315
53 0.44308 0.69308 0.328125 0.216518 0.00156116
60 0.775298 0.984375 0.422619 0.03125 0.00152493
61 0.442708 0.761161 0.538691 0.418527 0.0015192
47 0.325986 0.0920759 0.28404 0.183036 0.00151253
45 0.400298 0.71861 0.794643 0.529297 0.00148964
60 0.400298 0.71861 0.794643 0.529297 0.00144958
77 0.326265 0.0938198 0.284226 0.18764 0.00142097
74 0.442708 0.761161 0.538691 0.418527 0.00141048
71 0.422991 0.689593 0.591518 0.57394 0.00138855
70 0.47433 0.331473 0.430804 0.393973 0.00136662
0 0.384301 0.722098 0.0386905 0.0189732 0.00135136
6 0.520461 0.561384 0.901042 0.848214 0.00130463
45 0.44308 0.69308 0.328125 0.216518 0.0011425
54 0.326265 0.0938198 0.284226 0.18764 0.00106525
4 0.520461 0.561384 0.901042 0.848214 0.00105667
54 0.855655 0.066476 0.267857 0.128767 0.00103188
47 0.434524 0.823661 0.266369 0.0825893 0.00103188
51 0.848214 0.0655866 0.264881 0.130545 0.00101662
45 0.437128 0.745536 0.349702 0.325893 0.00101662
61 0.448661 0.616071 0.894345 0.660714 0.00100803
61 0.445685 0.5625 0.549107 0.8125 0.654785
61 0.474702 0.331543 0.431548 0.393834 0.267334
0 0.379092 0.733817 0.0305059 0.0379465 0.194946
0 0.379464 0.723772 0.0275298 0.0189732 0.119995
71 0.40253 0.719308 0.799107 0.524554 0.0881958
71 0.176153 0.722098 0.347098 0.520089 0.0673218
6 0.889881 0.321429 0.217262 0.641741 0.0390625
64 0.475446 0.331473 0.43006 0.393973 0.03125
71 0.24628 0.715262 0.487351 0.506975 0.0231476
61 0.537946 0.557059 0.880952 0.792132 0.0154877
0 0.383929 0.734375 0.0431548 0.0368304 0.0117798
0 0.374256 0.731027 0.0379464 0.0290179 0.011116
71 0.475446 0.331473 0.43006 0.393973 0.0105667
2 0.889881 0.321429 0.217262 0.641741 0.00948334
61 0.435268 0.695312 0.566964 0.563616 0.00706482
71 0.446429 0.6137 0.889881 0.660993 0.00666809
61 0.392485 0.71889 0.77753 0.528739 0.00466537
0 0.37872 0.720424 0.0297619 0.0245536 0.00382423
14 0.379092 0.733817 0.0305059 0.0379465 0.00379562
45 0.444196 0.760045 0.537202 0.419643 0.0037365
6 0.84375 0.392857 0.311012 0.606027 0.00341606
5 0.889881 0.321429 0.217262 0.641741 0.00286674
14 0.379092 0.72433 0.0282738 0.0178572 0.00275803
61 0.44308 0.706473 0.330357 0.238839 0.00261116
61 0.459077 0.749442 0.395833 0.351563 0.00256157
71 0.175642 0.617048 0.347377 0.312779 0.00234222
61 0.176153 0.722098 0.347098 0.520089 0.00225258
71 0.434524 0.823661 0.266369 0.0848214 0.00212479
8 0.888393 0.317522 0.223214 0.635045 0.00209045
7 0.889881 0.321429 0.217262 0.641741 0.0020504
0 0.374256 0.737165 0.0357143 0.03125 0.00185299
0 0.384301 0.742746 0.0409226 0.0223214 0.0018177
71 0.424014 0.696289 0.589472 0.560547 0.00176811
60 0.7766 0.983817 0.425967 0.0323661 0.00157356
74 0.44308 0.69308 0.328125 0.215402 0.00156116
74 0.438988 0.746652 0.352679 0.328125 0.00150681
60 0.392485 0.71889 0.77753 0.528739 0.00148392
41 0.474702 0.331543 0.431548 0.393834 0.00144958
45 0.392485 0.71889 0.77753 0.528739 0.00135136
47 0.326637 0.0922154 0.28497 0.183315 0.00128937
53 0.44308 0.69308 0.328125 0.215402 0.0012846
6 0.52381 0.560128 0.904762 0.848493 0.00127411
45 0.44308 0.69308 0.328125 0.215402 0.00124931
70 0.474702 0.331543 0.431548 0.393834 0.00121593
0 0.373512 0.725446 0.0372024 0.0200893 0.00121117
77 0.327381 0.0938895 0.285714 0.187779 0.00121117
4 0.52381 0.560128 0.904762 0.848493 0.0012064
21 0.327381 0.0938895 0.285714 0.187779 0.00118828
74 0.444196 0.760045 0.537202 0.419643 0.00118828
45 0.438988 0.746652 0.352679 0.328125 0.00116062
54 0.855655 0.0665458 0.267857 0.129185 0.00109005
61 0.446429 0.6137 0.889881 0.660993 0.00109005
47 0.434524 0.823661 0.266369 0.0848214 0.00108147
0 0.384301 0.722098 0.0386905 0.0189732 0.00107765
51 0.848958 0.065639 0.266369 0.13072 0.00107288
60 0.386905 0.824777 0.767857 0.332589 0.00107288
71 0.18471 0.602539 0.365699 0.509208 0.00104046
61 0.444941 0.563756 0.547619 0.814453 0.647949
61 0.474702 0.332031 0.43006 0.392857 0.407227
0 0.379092 0.734375 0.03125 0.0379465 0.151489
71 0.37686 0.719308 0.74628 0.52567 0.0953369
0 0.379464 0.723772 0.0282738 0.0189732 0.0856934
71 0.177641 0.723075 0.34933 0.520368 0.0621033
6 0.889881 0.32673 0.217262 0.62779 0.0609741
71 0.265253 0.715402 0.522321 0.508929 0.0281067
61 0.426711 0.719866 0.581101 0.515625 0.0205688
61 0.542783 0.555804 0.87128 0.792411 0.0161591
0 0.37872 0.720424 0.0297619 0.0234375 0.00878143
64 0.475446 0.331543 0.43006 0.392718 0.00809479
71 0.475074 0.33231 0.427827 0.391741 0.00803375
2 0.889881 0.324777 0.217262 0.647321 0.00775528
71 0.422991 0.605887 0.841518 0.663225 0.00591278
71 0.176897 0.643973 0.34933 0.366071 0.00540543
14 0.37872 0.733817 0.03125 0.0379465 0.00538635
0 0.374256 0.732143 0.0372024 0.0334822 0.00521851
61 0.541295 0.673131 0.844494 0.61356 0.0046463
6 0.831845 0.395647 0.33631 0.622768 0.00411606
14 0.37872 0.72433 0.0282738 0.0178572 0.00402451
8 0.888393 0.31808 0.223214 0.636161 0.00400543
61 0.442708 0.712054 0.332589 0.253348 0.00337601
61 0.393601 0.699916 0.77381 0.542132 0.00307465
5 0.889881 0.324777 0.217262 0.647321 0.00298119
61 0.46875 0.761161 0.419643 0.377232 0.00291252
45 0.446057 0.758929 0.533482 0.421875 0.00257111
71 0.434524 0.824777 0.266369 0.0848214 0.00231361
61 0.177641 0.723075 0.34933 0.520368 0.00223351
6 0.524182 0.561942 0.904018 0.84933 0.00221634
60 0.775298 0.985491 0.422619 0.0290178 0.00204277
60 0.377232 0.721959 0.745536 0.527065 0.00198746
4 0.524182 0.561942 0.904018 0.84933 0.00176144
0 0.383929 0.737723 0.0424107 0.03125 0.00174809
7 0.889881 0.324777 0.217262 0.647321 0.00171375
6 0.763579 0.487165 0.472842 0.717634 0.0017004
45 0.363839 0.719727 0.71875 0.524833 0.00141048
43 0.958333 0.668527 0.0833333 0.141741 0.00139904
4 0.889881 0.32673 0.217262 0.62779 0.00139904
45 0.446429 0.762277 0.373512 0.361607 0.00136662
71 0.541295 0.673131 0.844494 0.61356 0.00134563
44 0.958333 0.668527 0.0833333 0.141741 0.00133514
0 0.524182 0.561942 0.904018 0.84933 0.00130939
15 0.37872 0.731027 0.03125 0.03125 0.00126457
74 0.446429 0.762277 0.373512 0.361607 0.00122547
44 0.962798 0.702009 0.0744047 0.0758929 0.00119686
8 0.425595 0.586077 0.846726 0.622489 0.00119686
60 0.372024 0.827009 0.738095 0.328125 0.00119686
45 0.442708 0.694196 0.328869 0.21875 0.00117874
74 0.442708 0.694196 0.328869 0.21875 0.00114727
71 0.44801 0.75558 0.532552 0.448661 0.00105667
61 0.44122 0.568638 0.552083 0.824777 0.673828
61 0.474702 0.331962 0.428571 0.392997 0.416748
0 0.379092 0.734375 0.03125 0.0379465 0.0974121
71 0.367932 0.71889 0.728423 0.526507 0.0927124
6 0.889881 0.329241 0.217262 0.625 0.0739746
0 0.379092 0.723772 0.0282738 0.0189732 0.0546875
71 0.177641 0.723772 0.34933 0.521205 0.0516663
71 0.268601 0.715402 0.526786 0.508929 0.0328369
61 0.423363 0.720982 0.587798 0.515625 0.0292053
61 0.540551 0.557478 0.877232 0.797991 0.0177765
0 0.37872 0.720424 0.0305059 0.0234375 0.00974274
0 0.37872 0.728795 0.0319941 0.0279018 0.00828552
2 0.889881 0.328125 0.217262 0.651786 0.00664139
71 0.410714 0.595006 0.818452 0.667132 0.00605011
71 0.475074 0.332031 0.427827 0.391741 0.0053215
14 0.37872 0.734375 0.03125 0.0379465 0.00455475
14 0.37872 0.72433 0.0282738 0.0178572 0.00450516
61 0.547247 0.670759 0.829613 0.61942 0.00443268
8 0.888393 0.317243 0.223214 0.634487 0.00419998
6 0.83631 0.401228 0.325893 0.629464 0.00403976
71 0.177455 0.640485 0.351191 0.359654 0.0039444
61 0.441592 0.723772 0.335565 0.277902 0.00337601
64 0.474702 0.331752 0.428571 0.392299 0.00319672
44 0.963542 0.702567 0.0729167 0.0758929 0.00294685
5 0.889881 0.328125 0.217262 0.651786 0.00293541
0 0.374256 0.732143 0.0372024 0.0334822 0.00265312
71 0.43378 0.823661 0.269345 0.0825893 0.00260162
61 0.472842 0.766741 0.430804 0.389509 0.00259018
6 0.52381 0.563616 0.909226 0.847098 0.00255013
43 0.957589 0.668527 0.0833334 0.142857 0.00248146
60 0.773996 0.986049 0.422247 0.0279017 0.00245285
44 0.957589 0.668527 0.0833334 0.142857 0.0024147
6 0.757255 0.493304 0.485491 0.719866 0.00216484
60 0.374256 0.722238 0.738095 0.526507 0.00215721
61 0.177641 0.723772 0.34933 0.521205 0.00209999
0 0.52381 0.563616 0.909226 0.847098 0.00202751
4 0.61756 0.560407 0.758929 0.834542 0.00201988
0 0.383929 0.736607 0.0431548 0.0357143 0.00162888
61 0.394717 0.69308 0.776042 0.555804 0.00162315
4 0.889881 0.329241 0.217262 0.625 0.00153637
7 0.889881 0.328125 0.217262 0.651786 0.0014782
45 0.434617 0.758789 0.55785 0.419922 0.00145531
42 0.963542 0.702567 0.0729167 0.0758929 0.00129986
45 0.454985 0.767857 0.389137 0.372768 0.00129414
14 0.37872 0.728795 0.0319941 0.0279018 0.00126457
71 0.547247 0.670759 0.829613 0.61942 0.00124454
43 0.963542 0.702567 0.0729167 0.0758929 0.00121593
45 0.351935 0.720982 0.694941 0.522321 0.00119209
15 0.37872 0.728795 0.0319941 0.0279018 0.00118828
60 0.359375 0.828125 0.712798 0.325893 0.00113392
71 0.432292 0.844866 0.287202 0.131696 0.00108147
74 0.454985 0.767857 0.389137 0.372768 0.00102425
8 0.413318 0.577567 0.822173 0.628348 0.00101185
61 0.435268 0.573661 0.5625 0.837054 0.702637
61 0.474702 0.331473 0.428571 0.392857 0.38501
71 0.363839 0.71889 0.720238 0.528739 0.0789185
6 0.889881 0.333426 0.217262 0.632254 0.078064
71 0.177269 0.724191 0.348586 0.520368 0.042572
0 0.37872 0.734933 0.0319941 0.0379464 0.0350037
61 0.415179 0.702567 0.604167 0.554688 0.0287628
0 0.379092 0.723772 0.0282738 0.0189732 0.0220337
61 0.531994 0.561244 0.897322 0.808315 0.0220337
0 0.37872 0.719866 0.0305059 0.0223214 0.0088501
71 0.406994 0.581613 0.811012 0.67606 0.00553513
44 0.963542 0.702009 0.0729167 0.0758929 0.00524139
14 0.37872 0.72433 0.0290179 0.0178572 0.00511932
8 0.888393 0.319196 0.223214 0.638393 0.00500107
6 0.834821 0.411272 0.328869 0.648438 0.00486755
2 0.890625 0.334263 0.21875 0.664063 0.00445175
43 0.958333 0.668527 0.0833333 0.142857 0.00385475
71 0.474702 0.331543 0.427083 0.391602 0.00376511
44 0.958333 0.668527 0.0833333 0.142857 0.00367928
0 0.37872 0.726005 0.0327381 0.0223215 0.00324821
0 0.523066 0.571429 0.924107 0.823661 0.00321007
71 0.177641 0.638532 0.351563 0.356864 0.00312424
14 0.37872 0.734375 0.0319941 0.0379465 0.00296974
6 0.521577 0.564732 0.927083 0.850447 0.0028553
61 0.445778 0.758929 0.537016 0.410714 0.00269318
60 0.772321 0.986607 0.422619 0.0267857 0.00268364
61 0.441964 0.722098 0.332589 0.276786 0.0026722
5 0.890625 0.334263 0.21875 0.664063 0.00247192
4 0.607143 0.560128 0.779762 0.837333 0.00247192
42 0.963542 0.702009 0.0729167 0.0758929 0.00219154
6 0.744048 0.501116 0.511905 0.734375 0.00202751
60 0.36942 0.723075 0.728423 0.524833 0.00201988
43 0.963542 0.702009 0.0729167 0.0758929 0.0019722
71 0.433036 0.822545 0.270833 0.0825893 0.00193405
61 0.177269 0.724191 0.348586 0.520368 0.00188255
71 0.282645 0.647321 0.555246 0.377232 0.00176811
4 0.889881 0.333426 0.217262 0.632254 0.00162315
6 0.889881 0.44029 0.220238 0.537946 0.00150681
0 0.383185 0.734933 0.0446429 0.0390625 0.00147247
60 0.602679 0.607143 0.770833 0.729911 0.00145531
64 0.474702 0.331752 0.428571 0.391741 0.00144958
61 0.450149 0.766741 0.363095 0.370536 0.00141621
42 0.958333 0.668527 0.0833333 0.142857 0.00137234
64 0.444941 0.727679 0.328869 0.287946 0.00115108
45 0.433408 0.759905 0.560268 0.419922 0.00113392
17 0.521577 0.564732 0.927083 0.850447 0.00112438
71 0.542039 0.65904 0.838542 0.646205 0.00109863
7 0.890625 0.334263 0.21875 0.664063 0.00101185
0 0.677083 0.22433 0.629464 0.418527 0.00100422
61 0.432664 0.577567 0.56622 0.844866 0.743164
61 0.474702 0.331473 0.428571 0.393415 0.319092
6 0.890625 0.341518 0.217262 0.649554 0.0963745
71 0.358259 0.718192 0.709077 0.527902 0.0723877
71 0.176665 0.724191 0.347563 0.520368 0.0507202
61 0.526414 0.564174 0.905506 0.815848 0.0270691
0 0.37872 0.734933 0.03125 0.0379464 0.0226288
61 0.412295 0.678571 0.609933 0.602679 0.0177155
0 0.379092 0.723214 0.0282738 0.0178571 0.0156708
0 0.37872 0.719866 0.0305059 0.0223214 0.00948334
6 0.831101 0.418806 0.33631 0.664621 0.00695801
8 0.889137 0.320871 0.221726 0.641741 0.00626373
44 0.963542 0.702567 0.0729167 0.077009 0.00572968
71 0.403274 0.577567 0.803571 0.658482 0.00538635
14 0.37872 0.72433 0.0290179 0.0178572 0.00482941
6 0.598214 0.561942 0.796131 0.840402 0.00453949
61 0.333705 0.723075 0.656994 0.520368 0.00436401
43 0.958333 0.668527 0.0833333 0.142857 0.00408554
44 0.958333 0.668527 0.0833333 0.142857 0.00391388
61 0.444196 0.756696 0.540179 0.415179 0.00379562
0 0.521205 0.574637 0.935268 0.830636 0.00351143
4 0.598214 0.561942 0.796131 0.840402 0.00345612
2 0.890625 0.340123 0.21875 0.675781 0.00333786
71 0.177641 0.638393 0.351563 0.357143 0.00332451
0 0.37872 0.725446 0.0327381 0.0200893 0.00302696
71 0.474702 0.330915 0.427083 0.391741 0.00286674
60 0.771019 0.986607 0.422247 0.0267857 0.00284576
6 0.729353 0.508929 0.541295 0.75 0.00256157
71 0.433036 0.822545 0.270833 0.0825893 0.00232315
42 0.963542 0.702567 0.0729167 0.077009 0.00228691
61 0.176339 0.722098 0.349702 0.515625 0.00220871
5 0.890625 0.340123 0.21875 0.675781 0.00216484
60 0.59747 0.602679 0.784226 0.739955 0.00215721
14 0.37872 0.734375 0.0319941 0.0379465 0.00211525
61 0.44122 0.745536 0.33631 0.323661 0.00210762
43 0.963542 0.702567 0.0729167 0.077009 0.00209999
71 0.277902 0.64495 0.545387 0.373047 0.00188255
4 0.890625 0.341518 0.217262 0.649554 0.00171375
60 0.361607 0.723214 0.712798 0.524554 0.0016613
17 0.598214 0.561942 0.796131 0.840402 0.00150681
42 0.958333 0.668527 0.0833333 0.142857 0.00149536
0 0.680246 0.223493 0.624628 0.417969 0.00143814
13 0.959822 0.738839 0.0803571 0.283482 0.00141048
69 0.886905 0.609933 0.22619 0.66183 0.00128937
4 0.756696 0.53125 0.486607 0.771205 0.00126934
16 0.427083 0.260045 0.848214 0.511161 0.00122547
71 0.523066 0.591518 0.915179 0.761161 0.00121117
64 0.444941 0.741071 0.330357 0.314732 0.0011692
0 0.383557 0.734933 0.0446428 0.0390625 0.00116539
61 0.43192 0.577567 0.56622 0.844866 0.763672
61 0.475074 0.331194 0.427827 0.392857 0.262939
6 0.891369 0.373326 0.217262 0.676339 0.117188
71 0.360863 0.717076 0.714286 0.532366 0.0745239
71 0.175781 0.725446 0.346354 0.522321 0.0401001
61 0.525298 0.56822 0.912202 0.823382 0.0280151
6 0.824405 0.433036 0.35119 0.709821 0.0162201
61 0.413598 0.669503 0.607329 0.623047 0.0112
0 0.37872 0.735491 0.0327381 0.0379464 0.0105667
44 0.963542 0.702009 0.0729167 0.078125 0.0102463
8 0.888393 0.328125 0.223214 0.65625 0.00981903
0 0.37872 0.719866 0.03125 0.0223214 0.00908661
0 0.379092 0.723772 0.0282738 0.0178572 0.0086441
44 0.958705 0.668527 0.0825893 0.145089 0.00712204
71 0.404762 0.569894 0.806548 0.686105 0.00677109
6 0.594494 0.564174 0.80506 0.840402 0.00653839
43 0.958333 0.668527 0.0833333 0.142857 0.00643921
14 0.37872 0.72433 0.0290179 0.0178572 0.00631332
61 0.445313 0.756836 0.537946 0.417132 0.00475693
4 0.594494 0.564174 0.80506 0.840402 0.00445175
42 0.963542 0.702009 0.0729167 0.078125 0.00400543
61 0.332496 0.723075 0.65346 0.520368 0.00391388
43 0.963542 0.702009 0.0729167 0.078125 0.00345612
0 0.523066 0.578683 0.946429 0.841518 0.00342941
60 0.59189 0.598772 0.801339 0.751116 0.00341606
6 0.717448 0.513951 0.565104 0.758929 0.00302696
60 0.768601 0.987165 0.422619 0.0245536 0.00298119
71 0.474702 0.330915 0.427083 0.391183 0.0028553
71 0.177455 0.638951 0.351935 0.358259 0.00277901
2 0.890625 0.351004 0.21875 0.702009 0.00263214
69 0.886905 0.595982 0.22619 0.706473 0.00257111
42 0.958333 0.668527 0.0833333 0.142857 0.00237846
4 0.891369 0.361607 0.217262 0.694196 0.00230598
60 0.371187 0.723354 0.730841 0.526507 0.00223351
61 0.175781 0.723214 0.34933 0.517857 0.00209999
16 0.436756 0.261579 0.86756 0.514788 0.0020504
14 0.37872 0.734375 0.0327381 0.0379465 0.00184631
61 0.458705 0.771205 0.375744 0.381696 0.00182438
5 0.890625 0.351004 0.21875 0.702009 0.00181007
17 0.523438 0.569196 0.950149 0.850446 0.00174809
71 0.293806 0.649554 0.577567 0.381696 0.00168705
13 0.960566 0.739955 0.0788691 0.285714 0.00167465
0 0.655506 0.282645 0.684524 0.55971 0.00161648
4 0.743304 0.533482 0.513393 0.777902 0.00154877
16 0.412574 0.187361 0.814732 0.370257 0.00146675
3 0.405506 0.262556 0.806548 0.523438 0.00141048
8 0.593006 0.580218 0.806548 0.819476 0.00136662
3 0.316964 0.234096 0.633929 0.463728 0.00133514
6 0.886905 0.595982 0.22619 0.706473 0.00131512
71 0.523066 0.589844 0.924107 0.766741 0.00121593
16 0.316964 0.234096 0.633929 0.463728 0.0012064
61 0.404762 0.569894 0.806548 0.686105 0.00117874
71 0.433036 0.822545 0.270833 0.0825893 0.0011692
64 0.445685 0.742188 0.328125 0.319196 0.00116062
60 0.371652 0.989397 0.494048 0.0212053 0.00108147
15 0.370164 0.0954939 0.723958 0.186244 0.00106525
4 0.819941 0.495815 0.360119 0.625558 0.00105667
15 0.571801 0.126256 0.817708 0.246931 0.00103188
60 0.174526 0.722238 0.347377 0.515346 0.00102425
2 0.421131 0.284319 0.800595 0.558594 0.00100803
61 0.432292 0.577148 0.563988 0.845703 0.794434
61 0.475074 0.331473 0.427827 0.392857 0.223999
6 0.891369 0.379464 0.217262 0.691964 0.146606
71 0.358631 0.716518 0.709821 0.533482 0.069519
71 0.174851 0.725446 0.344494 0.522321 0.0451965
61 0.524554 0.569196 0.910714 0.825893 0.0283356
6 0.83631 0.4375 0.325893 0.720982 0.025177
44 0.963542 0.702009 0.0729167 0.078125 0.0113297
8 0.888393 0.328125 0.223214 0.65625 0.0104523
44 0.958705 0.668527 0.0825893 0.145089 0.0101318
6 0.604167 0.543527 0.785714 0.801339 0.00967407
0 0.37872 0.719866 0.03125 0.0223214 0.00963593
0 0.37872 0.735491 0.0327381 0.0379464 0.00919342
43 0.958333 0.668527 0.0833333 0.142857 0.00815582
0 0.379092 0.723772 0.0282738 0.0178572 0.00812531
71 0.405134 0.566267 0.807292 0.682199 0.00723267
61 0.445313 0.75572 0.537946 0.421596 0.00671768
14 0.37872 0.72433 0.0290179 0.0178572 0.00609589
61 0.371373 0.722656 0.731957 0.526786 0.00548935
4 0.593006 0.564732 0.808036 0.839286 0.00521851
60 0.592262 0.597656 0.802083 0.753348 0.00477219
6 0.737909 0.534319 0.521205 0.780692 0.00446701
42 0.963542 0.702009 0.0729167 0.078125 0.00434875
43 0.963542 0.702009 0.0729167 0.078125 0.00370789
69 0.886905 0.592634 0.22619 0.722098 0.00353813
16 0.43564 0.259487 0.866816 0.511161 0.00345612
0 0.52381 0.578683 0.947917 0.842634 0.00341606
71 0.176897 0.640067 0.350818 0.360491 0.00300407
60 0.767857 0.987165 0.424107 0.0245536 0.00294685
42 0.958333 0.668527 0.0833333 0.142857 0.00286674
4 0.891369 0.371373 0.217262 0.714844 0.00259018
61 0.466518 0.772321 0.394345 0.386161 0.00248146
60 0.371373 0.722656 0.731957 0.526786 0.00243378
61 0.175409 0.723772 0.348586 0.518973 0.0024147
16 0.411458 0.188058 0.8125 0.371652 0.00235939
2 0.890625 0.353795 0.21875 0.706473 0.00235939
71 0.474702 0.330915 0.427083 0.391183 0.00235939
13 0.96131 0.741071 0.0773809 0.287946 0.00208282
6 0.886905 0.592634 0.22619 0.722098 0.00206757
16 0.314732 0.231027 0.629464 0.457589 0.00196457
4 0.737909 0.534319 0.521205 0.780692 0.00192642
71 0.292783 0.650112 0.575149 0.382812 0.00185299
5 0.890625 0.353795 0.21875 0.706473 0.00182438
3 0.40439 0.260463 0.804316 0.519252 0.00179577
0 0.671131 0.223075 0.645833 0.429409 0.0017004
17 0.524182 0.569755 0.951637 0.848214 0.00168133
14 0.37872 0.734375 0.0327381 0.0379465 0.00158501
3 0.314732 0.231027 0.629464 0.457589 0.00153637
8 0.592262 0.58245 0.808036 0.82394 0.00151253
15 0.570685 0.126674 0.824405 0.248047 0.00150108
71 0.432664 0.822545 0.271577 0.0825893 0.00141048
15 0.370908 0.0955636 0.725446 0.186663 0.00138283
71 0.52381 0.640067 0.894345 0.69308 0.00137806
16 0.370908 0.0955636 0.725446 0.186663 0.00135136
60 0.789621 0.710938 0.420759 0.553571 0.00134087
4 0.839286 0.498047 0.321429 0.635603 0.00133038
61 0.405134 0.566267 0.807292 0.682199 0.00127411
60 0.371652 0.988839 0.49256 0.0223214 0.0012207
60 0.174293 0.723075 0.346354 0.515904 0.0011692
8 0.839286 0.498047 0.321429 0.635603 0.00115108
55 0.240327 0.31808 0.0595238 0.0602679 0.0011425
8 0.886905 0.592634 0.22619 0.722098 0.00113392
64 0.445685 0.746094 0.328869 0.327009 0.0011034
2 0.421875 0.282087 0.802083 0.554129 0.00109863
15 0.411458 0.188058 0.8125 0.371652 0.00108147
16 0.423456 0.094308 0.516183 0.183594 0.00102043
8 0.81064 0.595424 0.37872 0.74442 0.00101662
4 0.715588 0.294085 0.562872 0.58817 0.00100422
61 0.434524 0.577567 0.561012 0.844866 0.820801
61 0.475074 0.331752 0.427827 0.393415 0.194946
6 0.891369 0.382534 0.217262 0.692522 0.193115
71 0.370536 0.715402 0.735119 0.503348 0.0668335
71 0.174665 0.725446 0.344122 0.522321 0.0544128
6 0.861607 0.43471 0.27381 0.708705 0.0406799
61 0.524182 0.56808 0.896577 0.819196 0.0265503
0 0.37872 0.734933 0.0327381 0.0379464 0.0136871
6 0.602679 0.542969 0.790179 0.793527 0.012825
44 0.958333 0.668527 0.0833333 0.145089 0.0125732
0 0.37872 0.719866 0.03125 0.0223214 0.0118713
0 0.379092 0.723214 0.0282738 0.0178571 0.0107346
8 0.889137 0.323661 0.221726 0.647321 0.0106125
43 0.958333 0.668527 0.0833333 0.142857 0.00985718
44 0.963542 0.701451 0.0729167 0.0792411 0.00923157
6 0.702381 0.512835 0.592262 0.752232 0.00831604
61 0.445034 0.753348 0.539993 0.426339 0.0077858
71 0.402158 0.56236 0.799851 0.654297 0.006073
61 0.363002 0.722656 0.714472 0.52567 0.00582123
14 0.37872 0.72433 0.0297619 0.0178572 0.00579834
4 0.592262 0.564593 0.811012 0.832868 0.00577545
60 0.595982 0.59947 0.793155 0.749721 0.00530243
69 0.886905 0.591657 0.22619 0.725167 0.00432968
16 0.425967 0.253069 0.84747 0.497768 0.00358009
42 0.963542 0.701451 0.0729167 0.0792411 0.00351143
43 0.963542 0.701451 0.0729167 0.0792411 0.00324821
42 0.958333 0.668527 0.0833333 0.145089 0.00311089
6 0.886905 0.591657 0.22619 0.725167 0.00305176
71 0.176711 0.640625 0.350446 0.361607 0.00299263
0 0.522321 0.579799 0.941964 0.83817 0.00298119
61 0.175549 0.723772 0.348307 0.520089 0.00294685
60 0.768601 0.987165 0.421131 0.0245536 0.00293541
4 0.891369 0.375 0.217262 0.716518 0.00279045
13 0.960566 0.742746 0.0788691 0.290179 0.00245285
16 0.403274 0.188058 0.797619 0.371652 0.0024147
60 0.363002 0.722656 0.714472 0.52567 0.00227928
61 0.444568 0.751116 0.331101 0.337054 0.00225258
2 0.891369 0.352679 0.217262 0.700893 0.00223351
4 0.736607 0.533761 0.525298 0.77288 0.00214958
71 0.278925 0.647321 0.547805 0.378348 0.00200272
71 0.433036 0.822545 0.270833 0.0825893 0.00191212
16 0.309524 0.216797 0.619048 0.42913 0.00183868
71 0.474702 0.330985 0.427083 0.391602 0.00179577
5 0.891369 0.352679 0.217262 0.700893 0.00176811
14 0.37872 0.734375 0.0327381 0.0379465 0.00174141
60 0.789435 0.709263 0.421131 0.55692 0.00163555
0 0.678757 0.223214 0.633557 0.424107 0.00157356
3 0.387649 0.245954 0.769345 0.489676 0.00152493
8 0.81808 0.595424 0.363839 0.745536 0.0015192
15 0.434431 0.102539 0.562686 0.19894 0.00151253
8 0.59375 0.582031 0.80506 0.81808 0.00151253
6 0.769159 0.570313 0.461682 0.776786 0.00150108
71 0.52381 0.643834 0.886905 0.685547 0.00150108
61 0.43006 0.547433 0.839286 0.699777 0.0014782
4 0.864583 0.50279 0.270833 0.640625 0.00146675
8 0.886905 0.591657 0.22619 0.725167 0.00145531
16 0.36942 0.0955636 0.72247 0.186663 0.00138855
15 0.572917 0.126814 0.818452 0.248326 0.00138855
8 0.864583 0.50279 0.270833 0.640625 0.00135612
13 0.887649 0.705357 0.224702 0.549107 0.00133514
55 0.240327 0.31808 0.0595238 0.0602679 0.00133038
3 0.309524 0.216797 0.619048 0.42913 0.00131512
17 0.523066 0.570871 0.944941 0.840402 0.00130463
60 0.372396 0.988839 0.491816 0.0223214 0.00121593
60 0.174107 0.723214 0.346726 0.516741 0.0012064
2 0.412202 0.27567 0.779762 0.541295 0.00107765
15 0.403274 0.188058 0.797619 0.371652 0.00106525
64 0.444568 0.751116 0.331101 0.337054 0.00105667
4 0.81808 0.595424 0.363839 0.745536 0.00104046
74 0.445034 0.753348 0.539993 0.426339 0.00100803
13 0.905878 0.702148 0.188244 0.432757 0.00100422
61 0.434524 0.578125 0.559524 0.84375 0.838867
6 0.891369 0.386161 0.215774 0.694196 0.233032
61 0.475074 0.332031 0.427827 0.393973 0.178345
71 0.368211 0.714146 0.729353 0.502511 0.0656128
71 0.174433 0.725446 0.343843 0.522321 0.0600891
71 0.25186 0.714286 0.493304 0.508929 0.0381775
61 0.523066 0.56808 0.888393 0.816964 0.0232391
0 0.37872 0.734933 0.0327381 0.0379464 0.0154266
6 0.592262 0.565848 0.811012 0.828125 0.0151291
44 0.958333 0.668527 0.0833333 0.145089 0.0148392
0 0.37872 0.719866 0.03125 0.0223214 0.0124283
43 0.958333 0.667969 0.0833333 0.143973 0.0118256
6 0.698661 0.512277 0.599702 0.745536 0.011734
0 0.379092 0.723214 0.0282738 0.0178571 0.011467
8 0.889137 0.321429 0.221726 0.642857 0.0111618
44 0.963542 0.700893 0.0729167 0.0803572 0.00867462
61 0.445313 0.752232 0.539435 0.428571 0.00844574
6 0.879464 0.506696 0.241071 0.646205 0.0069313
14 0.37872 0.72433 0.0297619 0.0178572 0.00658798
60 0.600074 0.600446 0.78497 0.745536 0.00616837
71 0.401786 0.560268 0.799107 0.641741 0.00605011
61 0.359375 0.722656 0.708333 0.52567 0.00559998
4 0.592262 0.565848 0.811012 0.828125 0.00551224
69 0.887277 0.591518 0.225446 0.729911 0.00482941
42 0.958333 0.668527 0.0833333 0.145089 0.00376511
42 0.963542 0.700893 0.0729167 0.0803572 0.00342941
43 0.963542 0.700893 0.0729167 0.0803572 0.00324821
61 0.175549 0.724191 0.348307 0.520368 0.003088
71 0.176525 0.640765 0.350074 0.361328 0.00305176
60 0.768601 0.987165 0.419643 0.0245536 0.00300407
4 0.891369 0.378348 0.217262 0.71875 0.00298119
0 0.521949 0.580357 0.938244 0.837054 0.00276756
13 0.960566 0.743862 0.0788691 0.292411 0.00261116
61 0.443452 0.75558 0.333333 0.345982 0.002388
16 0.422247 0.250279 0.84003 0.492188 0.00234222
71 0.433036 0.821987 0.270833 0.0825892 0.00233269
8 0.833705 0.595843 0.332589 0.745815 0.00233269
60 0.359375 0.722656 0.708333 0.52567 0.00228691
2 0.891369 0.352121 0.217262 0.697545 0.00210762
6 0.771577 0.571987 0.455357 0.77567 0.00202751
14 0.37872 0.734375 0.0327381 0.0379465 0.00201035
8 0.887277 0.591518 0.225446 0.729911 0.00200272
4 0.738281 0.53404 0.523438 0.767857 0.00198746
60 0.789435 0.705915 0.421131 0.5625 0.00191212
71 0.475446 0.331473 0.427083 0.391741 0.00185299
5 0.891369 0.352121 0.217262 0.697545 0.00182438
6 0.833705 0.595843 0.332589 0.745815 0.00182438
13 0.887649 0.699777 0.224702 0.560268 0.00168705
16 0.328869 0.183733 0.657738 0.361886 0.00158501
55 0.240327 0.317801 0.0595238 0.0597098 0.00154877
71 0.52381 0.646205 0.882441 0.680804 0.00154877
8 0.595238 0.58245 0.800595 0.815011 0.0014782
4 0.879464 0.506696 0.241071 0.646205 0.00144386
0 0.686198 0.224051 0.618676 0.416853 0.0014267
61 0.427083 0.545201 0.833333 0.6875 0.00138855
15 0.437128 0.102539 0.56622 0.19894 0.00130463
71 0.431455 0.586914 0.565662 0.781529 0.00130463
60 0.833705 0.595843 0.332589 0.745815 0.00129414
4 0.833705 0.595843 0.332589 0.745815 0.0012846
60 0.374256 0.988839 0.49256 0.0223214 0.0012598
60 0.173735 0.723214 0.345982 0.517857 0.00125504
74 0.445313 0.752232 0.539435 0.428571 0.00125504
61 0.25186 0.714286 0.493304 0.508929 0.00121593
16 0.437128 0.102539 0.56622 0.19894 0.0011692
3 0.37872 0.237305 0.751488 0.471819 0.0011692
17 0.521577 0.571987 0.941964 0.835938 0.0011425
67 0.44308 0.702009 0.325149 0.238839 0.00107288
15 0.576637 0.126256 0.808036 0.246931 0.00106525
69 0.833705 0.595843 0.332589 0.745815 0.00106525
60 0.887277 0.591518 0.225446 0.729911 0.00106525
67 0.443452 0.75558 0.333333 0.345982 0.00105286
6 0.723028 0.282087 0.547991 0.563058 0.00103188
61 0.434524 0.578404 0.559524 0.843192 0.855957
6 0.891369 0.388951 0.215774 0.698661 0.251709
61 0.475446 0.332659 0.427083 0.393834 0.165039
71 0.36542 0.714286 0.724516 0.502232 0.0592041
71 0.174154 0.725446 0.343657 0.522321 0.0585632
71 0.24256 0.714425 0.474702 0.50865 0.0380249
61 0.520833 0.56808 0.883929 0.814732 0.0202484
44 0.958333 0.668527 0.0833333 0.145089 0.0176392
6 0.589658 0.565848 0.81622 0.827009 0.0171814
0 0.37872 0.734933 0.0327381 0.0379464 0.0147324
6 0.690476 0.512277 0.616071 0.743304 0.01297
43 0.958333 0.668527 0.0833333 0.145089 0.0129242
0 0.37872 0.719866 0.03125 0.0223214 0.012146
8 0.889137 0.321429 0.221726 0.642857 0.0120544
0 0.379092 0.723772 0.0282738 0.0178572 0.0105286
44 0.963542 0.700335 0.0729167 0.0803572 0.00874329
6 0.885417 0.506696 0.229167 0.647321 0.00871277
61 0.445592 0.751116 0.538876 0.430804 0.00854492
60 0.599702 0.600307 0.787202 0.748047 0.00796509
14 0.37872 0.72433 0.0297619 0.0178572 0.00769424
4 0.589658 0.565848 0.81622 0.827009 0.00568771
61 0.359003 0.722238 0.707589 0.526507 0.00540543
71 0.402158 0.559152 0.799851 0.631696 0.00534439
69 0.886905 0.590402 0.22619 0.736607 0.00494385
42 0.958333 0.668527 0.0833333 0.145089 0.00445175
42 0.963542 0.700335 0.0729167 0.0803572 0.00369263
4 0.891369 0.380301 0.217262 0.723772 0.00345612
43 0.963542 0.700335 0.0729167 0.0803572 0.00332451
61 0.175037 0.724191 0.347842 0.520368 0.00322342
8 0.848586 0.594866 0.302827 0.748884 0.00319672
60 0.768601 0.987165 0.418155 0.0245536 0.00305176
71 0.176339 0.641183 0.349702 0.361607 0.00291252
13 0.96131 0.745536 0.0773809 0.294643 0.00263214
0 0.522321 0.580915 0.940476 0.835938 0.00254059
60 0.359003 0.722238 0.707589 0.526507 0.00248146
6 0.848586 0.594866 0.302827 0.748884 0.00237846
61 0.442336 0.757812 0.337054 0.352679 0.00237846
14 0.37872 0.734375 0.0327381 0.0379465 0.00219154
71 0.261161 0.645647 0.512649 0.372768 0.00211525
60 0.789249 0.699219 0.421503 0.575893 0.00209045
8 0.885417 0.506696 0.229167 0.647321 0.0020504
6 0.767857 0.572405 0.462798 0.777065 0.00204277
13 0.886161 0.633929 0.227679 0.589286 0.00201035
4 0.732329 0.533203 0.535342 0.766183 0.00196457
55 0.240327 0.317801 0.0595238 0.0597098 0.00194168
5 0.891369 0.380301 0.217262 0.723772 0.00192642
2 0.891369 0.351842 0.217262 0.698103 0.00175476
71 0.475446 0.331752 0.427083 0.391741 0.0017271
16 0.422247 0.247489 0.84003 0.487165 0.0017004
71 0.433408 0.821987 0.271577 0.0825892 0.00167465
8 0.59375 0.582729 0.80506 0.816685 0.0016489
4 0.885417 0.506696 0.229167 0.647321 0.00163555
71 0.523066 0.642299 0.883929 0.6875 0.00161076
60 0.848586 0.594866 0.302827 0.748884 0.00158501
71 0.432292 0.586496 0.563988 0.782366 0.00154877
4 0.848586 0.594866 0.302827 0.748884 0.00153637
74 0.445592 0.751116 0.538876 0.430804 0.00135136
61 0.24256 0.714425 0.474702 0.50865 0.00133514
14 0.964286 0.766741 0.0714286 0.209821 0.00130463
60 0.173735 0.723214 0.345982 0.517857 0.00130463
60 0.376116 0.988839 0.493304 0.0223214 0.00126934
15 0.437872 0.10226 0.564732 0.198382 0.00125504
14 0.381696 0.722656 0.03125 0.016741 0.00124454
0 0.686198 0.225028 0.618676 0.414342 0.00124454
61 0.424107 0.543527 0.825893 0.676339 0.00119686
16 0.328869 0.18192 0.657738 0.358259 0.00119209
67 0.442708 0.705915 0.327381 0.246652 0.00113392
16 0.437872 0.10226 0.564732 0.198382 0.00112438
6 0.7234 0.28125 0.550223 0.561384 0.00109863
17 0.522321 0.572545 0.943452 0.833705 0.00109005
67 0.482887 0.774554 0.449405 0.392857 0.00109005
67 0.442336 0.757812 0.337054 0.352679 0.00107288
3 0.377976 0.235352 0.75 0.467913 0.00104809
13 0.901414 0.695452 0.197173 0.475167 0.00104427
61 0.435268 0.578962 0.558036 0.842076 0.861328
6 0.891369 0.391183 0.217262 0.697545 0.272705
61 0.475074 0.332659 0.427827 0.393834 0.156128
71 0.174293 0.725446 0.344122 0.522321 0.0554199
71 0.359468 0.71317 0.712612 0.5 0.0531921
71 0.242188 0.713728 0.473958 0.507812 0.0360718
6 0.892857 0.28411 0.214286 0.517718 0.0317383
6 0.591518 0.565709 0.813988 0.819475 0.0194244
44 0.958333 0.668527 0.0833333 0.145089 0.0184021
0 0.379092 0.734933 0.0319941 0.0379464 0.0182953
61 0.520089 0.587054 0.895833 0.765625 0.0175781
6 0.688244 0.510045 0.620536 0.732143 0.0164032
43 0.958333 0.668527 0.0833333 0.145089 0.0134811
0 0.37872 0.719866 0.03125 0.0223214 0.0134277
0 0.379092 0.723772 0.0290179 0.0178572 0.012825
8 0.889137 0.320312 0.221726 0.640625 0.012146
6 0.888393 0.503906 0.223214 0.638393 0.011116
44 0.963542 0.700335 0.0729167 0.0803572 0.00857544
61 0.445313 0.75014 0.539435 0.432757 0.00834656
14 0.37872 0.72433 0.0297619 0.0178572 0.00784302
60 0.600819 0.601005 0.783482 0.74442 0.00754929
4 0.591518 0.565709 0.813988 0.819475 0.00542831
61 0.352679 0.722098 0.694941 0.52567 0.00503922
69 0.886905 0.590262 0.22619 0.736886 0.00484848
42 0.958333 0.668527 0.0833333 0.145089 0.00468063
71 0.399182 0.557896 0.793899 0.607422 0.00429916
8 0.864211 0.594866 0.271577 0.747768 0.00391388
42 0.963542 0.700335 0.0729167 0.0803572 0.00378036
4 0.891369 0.381138 0.217262 0.722098 0.00352478
43 0.963542 0.700335 0.0729167 0.0803572 0.00335121
6 0.864211 0.594866 0.271577 0.747768 0.00332451
61 0.175223 0.724191 0.348214 0.520368 0.00322342
60 0.768601 0.987723 0.416667 0.0245536 0.00312424
61 0.440104 0.762835 0.34375 0.362723 0.00263214
71 0.176711 0.640765 0.350446 0.361328 0.00253105
13 0.96131 0.748326 0.0773809 0.300223 0.00253105
60 0.352679 0.722098 0.694941 0.52567 0.00245285
14 0.37872 0.734375 0.0327381 0.0379465 0.0024147
0 0.522321 0.580357 0.936012 0.829241 0.00239754
6 0.768043 0.571568 0.463914 0.772042 0.00236893
61 0.409226 0.547991 0.803571 0.729911 0.00228691
8 0.888393 0.503906 0.223214 0.638393 0.00217438
55 0.240327 0.317801 0.0595238 0.0597098 0.00212479
13 0.886161 0.633929 0.227679 0.597098 0.00209045
60 0.789435 0.698103 0.421131 0.577009 0.00199509
5 0.891369 0.381138 0.217262 0.722098 0.0019722
71 0.433408 0.821987 0.271577 0.0825892 0.00187492
4 0.731399 0.529576 0.535714 0.754464 0.00186062
71 0.261254 0.643973 0.513207 0.370536 0.00186062
4 0.864211 0.594866 0.271577 0.747768 0.00176811
4 0.888393 0.503906 0.223214 0.638393 0.0016613
71 0.523066 0.645089 0.877976 0.68192 0.00162888
71 0.43378 0.587054 0.561012 0.78125 0.00157356
8 0.595238 0.582589 0.802083 0.810268 0.00154305
60 0.864211 0.594866 0.271577 0.747768 0.00154305
74 0.445313 0.75014 0.539435 0.432757 0.00152493
14 0.964286 0.766741 0.0714286 0.212054 0.00148964
71 0.475446 0.331752 0.427083 0.391741 0.00139904
60 0.173735 0.723214 0.345982 0.517857 0.00138283
61 0.242188 0.713728 0.473958 0.507812 0.00135612
2 0.889881 0.37221 0.220238 0.722098 0.00131512
60 0.376581 0.988839 0.493862 0.0223214 0.00126934
67 0.441592 0.72154 0.332589 0.279018 0.00116062
14 0.958333 0.667969 0.0833333 0.143973 0.00115585
67 0.449498 0.771205 0.437314 0.388393 0.00112915
6 0.726935 0.274623 0.541667 0.545619 0.00107765
15 0.37872 0.723772 0.0319941 0.0189732 0.00105667
61 0.435268 0.578683 0.558036 0.842634 0.862305
6 0.891369 0.391183 0.215774 0.696429 0.275146
61 0.475446 0.332659 0.427083 0.393834 0.154541
71 0.174154 0.725446 0.343657 0.522321 0.0568542
71 0.359375 0.71317 0.712798 0.5 0.0534058
71 0.241071 0.713728 0.471726 0.507812 0.0366211
6 0.892857 0.285645 0.214286 0.520229 0.03125
6 0.591146 0.565709 0.813244 0.819475 0.0192719
44 0.958333 0.668527 0.0833333 0.145089 0.0191956
0 0.379092 0.734933 0.0319941 0.0379464 0.0186462
61 0.520461 0.587054 0.896577 0.765625 0.0176392
6 0.689174 0.510603 0.618676 0.733259 0.0160217
43 0.958333 0.668527 0.0833333 0.145089 0.0139008
0 0.37872 0.719866 0.03125 0.0223214 0.0132751
0 0.37872 0.723772 0.0282738 0.0178572 0.0130692
8 0.889137 0.320033 0.221726 0.640067 0.0120544
6 0.886905 0.50558 0.22619 0.642857 0.0110321
44 0.963542 0.700893 0.0729167 0.0803572 0.00919342
61 0.445685 0.75014 0.540179 0.432757 0.00818634
14 0.37872 0.72433 0.0297619 0.0178572 0.00796509
60 0.601191 0.601005 0.782738 0.74442 0.00769424
4 0.591146 0.565709 0.813244 0.819475 0.00544739
61 0.353051 0.722098 0.695685 0.52567 0.00510025
42 0.958333 0.668527 0.0833333 0.145089 0.00488663
69 0.886905 0.590262 0.22619 0.736886 0.00484848
71 0.39881 0.558594 0.793155 0.606027 0.00429916
42 0.963542 0.700893 0.0729167 0.0803572 0.00407028
8 0.859747 0.594866 0.280506 0.747768 0.00382423
43 0.963542 0.700893 0.0729167 0.0803572 0.00353813
4 0.891369 0.381138 0.217262 0.722098 0.00348282
61 0.175223 0.723772 0.348214 0.521205 0.00327301
6 0.859747 0.594866 0.280506 0.747768 0.00317192
60 0.769531 0.987723 0.416295 0.0245536 0.00316048
61 0.439732 0.763393 0.345238 0.363839 0.00261116
71 0.176711 0.640765 0.350446 0.361328 0.00259018
13 0.96131 0.747768 0.0773809 0.299107 0.00253105
14 0.37872 0.734375 0.0327381 0.0379465 0.0024929
60 0.353051 0.722098 0.695685 0.52567 0.00248146
0 0.522321 0.580357 0.936012 0.830357 0.00246239
6 0.767857 0.571987 0.462798 0.772321 0.00245285
8 0.886905 0.50558 0.22619 0.642857 0.00222588
55 0.240327 0.317801 0.0595238 0.0597098 0.00215721
13 0.885789 0.633371 0.228423 0.594866 0.00206757
60 0.789435 0.698103 0.421131 0.577009 0.00197983
5 0.891369 0.381138 0.217262 0.722098 0.00192642
71 0.433408 0.821987 0.271577 0.0825892 0.00191212
4 0.731957 0.530413 0.53311 0.756138 0.00188255
71 0.260324 0.643973 0.510603 0.370536 0.00188255
4 0.859747 0.594866 0.280506 0.747768 0.00171375
4 0.886905 0.50558 0.22619 0.642857 0.00168705
71 0.52381 0.644113 0.879464 0.682757 0.00163555
8 0.59561 0.582589 0.801339 0.810268 0.00158501
71 0.43378 0.586914 0.561012 0.781529 0.00158501
74 0.481027 0.77567 0.462054 0.395089 0.00158501
14 0.964286 0.766741 0.0714286 0.212054 0.00148964
60 0.859747 0.594866 0.280506 0.747768 0.00146675
71 0.475446 0.332101 0.427083 0.391602 0.00142097
60 0.173735 0.723214 0.345982 0.517857 0.00137234
2 0.889881 0.371652 0.220238 0.720982 0.00129414
60 0.376581 0.988839 0.493862 0.0223214 0.00127411
14 0.958333 0.667969 0.0833333 0.143973 0.0012064
67 0.44122 0.726004 0.333333 0.287946 0.00118351
67 0.481027 0.77567 0.462054 0.395089 0.00115108
15 0.37872 0.723772 0.03125 0.0189732 0.00108147
6 0.726935 0.273996 0.541667 0.543527 0.00105667
45 0.481027 0.77567 0.462054 0.395089 0.00100422
