23 0.761377 0.56073 0.263082 0.461252 0.908691
23 0.325439 0.647541 0.410369 0.681073 0.869629
0 0.062165 0.640089 0.123424 0.697467 0.723145
0 0.0529508 0.805514 0.104508 0.375559 0.473633
0 0.0563822 0.329313 0.112137 0.34212 0.0240021
0 0.0547623 0.259501 0.107992 0.20231 0.0155411
0 0.105484 0.581222 0.21041 0.819672 0.011467
26 0.105066 0.932936 0.0479344 0.128167 0.0106964
0 0.761377 0.560358 0.264197 0.463487 0.00793457
26 0.0831711 0.65462 0.0984119 0.520864 0.00712204
26 0.0962172 0.940387 0.0296803 0.119225 0.00658798
23 0.72682 0.567809 0.195082 0.393443 0.00641251
0 0.476557 0.288748 0.119279 0.122951 0.00441742
26 0.106459 0.893443 0.0551803 0.210134 0.00436401
0 0.0869508 0.367362 0.0583852 0.384501 0.00408554
56 0.106598 0.939642 0.051 0.114754 0.00403976
39 0.06746 0.627422 0.130391 0.721312 0.00391388
0 0.764164 0.641207 0.0802623 0.252608 0.00328636
72 0.302656 0.331222 0.155508 0.142325 0.003088
56 0.0982377 0.941878 0.0345574 0.113264 0.00302696
0 0.343275 0.650894 0.371352 0.681818 0.00301552
0 0.063959 0.376304 0.103393 0.424739 0.00281143
0 0.0375881 0.53614 0.0729467 0.470194 0.00279045
23 0.757475 0.555887 0.0713442 0.42921 0.00255013
14 0.73518 0.341282 0.0122623 0.0208644 0.00232315
0 0.660492 0.544709 0.059082 0.248882 0.00226974
56 0.097541 0.894188 0.0367869 0.201192 0.00219917
26 0.08554 0.65611 0.0922807 0.328614 0.00210762
62 0.305443 0.331595 0.161639 0.14456 0.0019722
0 0.681115 0.549925 0.103672 0.286885 0.0019722
0 0.0879262 0.295268 0.0532295 0.238078 0.00192642
56 0.114262 0.941878 0.0359508 0.110283 0.00187492
0 0.0532992 0.73696 0.104648 0.232489 0.0017004
0 0.0778935 0.546293 0.102279 0.424553 0.0016489
0 0.084582 0.30775 0.0482131 0.111773 0.00150681
41 0.0927336 0.78465 0.0776148 0.289121 0.00144386
56 0.106459 0.893443 0.0551803 0.210134 0.00143242
26 0.105762 0.857675 0.0593607 0.280179 0.00136662
0 0.73518 0.341282 0.0122623 0.0208644 0.00127888
72 0.276529 0.456036 0.104648 0.114754 0.00124454
23 0.783115 0.552534 0.131541 0.412072 0.0012207
56 0.0680174 0.804955 0.131506 0.375186 0.00119209
68 0.305443 0.331595 0.161639 0.14456 0.00111198
56 0.10625 0.843517 0.0586639 0.308495 0.00111198
72 0.289836 0.443368 0.133213 0.14158 0.0011034
56 0.0987951 0.945604 0.025082 0.105812 0.00106525
26 0.150213 0.912072 0.131541 0.169896 0.00106525
6 0.595139 0.19225 0.707033 0.347243 0.00106525
23 0.06746 0.627422 0.130391 0.721312 0.00104809
17 0.761377 0.562966 0.265311 0.465723 0.00103188
0 0.089459 0.271237 0.0468197 0.181073 0.00102425
23 0.761934 0.561848 0.264197 0.464978 0.891113
23 0.323836 0.647914 0.414689 0.684799 0.849121
0 0.0619385 0.635712 0.122902 0.707712 0.648926
0 0.0527766 0.806259 0.10402 0.374069 0.5
0 0.0557551 0.313152 0.110883 0.311103 0.0145035
0 0.0537869 0.254657 0.106598 0.193368 0.00945282
26 0.105066 0.934426 0.0479344 0.125186 0.00815582
0 0.761377 0.560358 0.264197 0.464978 0.00706482
26 0.107295 0.918033 0.054623 0.159463 0.0064621
26 0.0828402 0.652757 0.0993525 0.5231 0.0055542
26 0.0962869 0.940387 0.029541 0.119225 0.00538635
23 0.732393 0.565574 0.207344 0.399404 0.00484848
0 0.33157 0.646796 0.40591 0.688525 0.00450516
72 0.302656 0.330849 0.156066 0.142325 0.00428009
0 0.0868115 0.36522 0.0574098 0.379844 0.00370789
56 0.106738 0.939642 0.0512787 0.114754 0.00367928
0 0.476557 0.288748 0.118164 0.123696 0.00363541
62 0.304328 0.331036 0.15941 0.143443 0.00311089
0 0.105902 0.582712 0.210131 0.816692 0.00288963
0 0.0377623 0.53465 0.0732951 0.467213 0.0028553
56 0.0992828 0.941878 0.0366475 0.113264 0.00284576
26 0.107295 0.87854 0.055459 0.23994 0.00246239
14 0.73518 0.340909 0.0122623 0.0208644 0.00245285
39 0.0672336 0.61019 0.130008 0.755775 0.00245285
26 0.085418 0.652757 0.0936394 0.329359 0.00240517
56 0.097541 0.894188 0.0367869 0.201192 0.00219917
0 0.0739221 0.372578 0.0820738 0.414307 0.00218201
0 0.663279 0.546945 0.0668853 0.266766 0.0020504
0 0.765836 0.64158 0.0847213 0.251863 0.00204277
72 0.273115 0.460507 0.0969836 0.105812 0.00184631
0 0.681115 0.541729 0.102557 0.272727 0.00183868
23 0.758033 0.554396 0.0735737 0.42772 0.00179577
0 0.0877869 0.286885 0.0523934 0.222802 0.00178242
56 0.114332 0.941878 0.0360902 0.110283 0.00175476
72 0.287607 0.444858 0.127639 0.138599 0.00152493
0 0.0535256 0.736587 0.105031 0.231744 0.00149536
0 0.0844426 0.307936 0.0473771 0.109911 0.00148964
56 0.10632 0.90313 0.0551803 0.19076 0.0014782
0 0.73518 0.340909 0.0122623 0.0208644 0.00129986
56 0.105902 0.865872 0.059082 0.263785 0.00118351
68 0.304328 0.331036 0.15941 0.143443 0.00117397
25 0.0672336 0.61019 0.130008 0.755775 0.0011692
56 0.0527766 0.806259 0.10402 0.374069 0.00113392
56 0.0987951 0.945604 0.0252213 0.105812 0.00107288
0 0.0776148 0.54769 0.103115 0.42623 0.00105667
23 0.783672 0.551323 0.131541 0.411513 0.00105286
26 0.0789385 0.543592 0.100746 0.385991 0.00103188
23 0.761377 0.5625 0.265311 0.466654 0.881836
23 0.322721 0.648286 0.418033 0.687034 0.839844
0 0.0677213 0.576379 0.133492 0.83234 0.604004
0 0.0530902 0.806073 0.104787 0.372951 0.496094
0 0.0545533 0.652385 0.10827 0.674367 0.19104
0 0.056417 0.288934 0.110674 0.262668 0.0144501
0 0.0537172 0.253912 0.106598 0.191878 0.00772476
0 0.761377 0.560265 0.265311 0.465164 0.00591278
26 0.104996 0.935917 0.0480738 0.122206 0.00579834
72 0.302656 0.330477 0.156066 0.142325 0.00572968
26 0.107156 0.918033 0.0549016 0.157973 0.00462723
26 0.0962869 0.940387 0.029541 0.119225 0.00411606
26 0.081917 0.652757 0.101477 0.520119 0.00407028
62 0.30377 0.330849 0.158295 0.14307 0.00374985
0 0.0869508 0.362519 0.0568525 0.373323 0.00338936
0 0.0565738 0.353577 0.113008 0.391952 0.00319672
0 0.476557 0.288934 0.118164 0.124069 0.00299263
56 0.106738 0.939642 0.0515574 0.114754 0.00290108
72 0.272557 0.461252 0.0958689 0.104322 0.0026722
0 0.0379016 0.532787 0.0735738 0.461997 0.00261116
14 0.734623 0.340909 0.0133771 0.0208644 0.00257111
26 0.084582 0.650894 0.0958689 0.325633 0.00253105
0 0.330803 0.646889 0.408557 0.691319 0.00240517
56 0.0967049 0.941133 0.0300984 0.107303 0.00228691
56 0.097541 0.894188 0.0367869 0.202682 0.00201988
72 0.285656 0.447466 0.123738 0.132638 0.00201988
0 0.0774057 0.368946 0.0748279 0.405179 0.0019722
0 0.663836 0.545455 0.0668853 0.266766 0.00178909
0 0.765836 0.639717 0.0847213 0.255589 0.00178242
26 0.107156 0.880775 0.0557377 0.235469 0.0017271
0 0.681672 0.540238 0.103672 0.272727 0.00167465
25 0.0671814 0.607675 0.131227 0.760805 0.00166798
0 0.0876475 0.286885 0.0523934 0.222802 0.00162315
0 0.084582 0.307936 0.0473771 0.109911 0.00159168
56 0.114262 0.941878 0.0362295 0.110283 0.0014782
0 0.0537695 0.737705 0.105379 0.233979 0.00144958
0 0.108619 0.58532 0.215287 0.809985 0.00143242
26 0.0787992 0.544337 0.102139 0.385991 0.00133514
56 0.107156 0.918033 0.0549016 0.157973 0.0012846
68 0.30377 0.330849 0.158295 0.14307 0.0012598
23 0.75859 0.554024 0.0735737 0.423994 0.00121593
56 0.107156 0.880775 0.0557377 0.235469 0.00118828
0 0.734623 0.340909 0.0133771 0.0208644 0.00116539
56 0.0530902 0.806073 0.104787 0.372951 0.00116539
39 0.0671814 0.607675 0.131227 0.760805 0.0011158
69 0.295689 0.441505 0.143246 0.14456 0.00109863
62 0.271512 0.454173 0.0957295 0.085693 0.00107288
23 0.761377 0.563338 0.265311 0.469449 0.869629
23 0.320492 0.647914 0.423607 0.68927 0.824219
0 0.0680697 0.576006 0.134746 0.833085 0.589844
0 0.0537695 0.807005 0.106215 0.372578 0.44751
0 0.0549191 0.659464 0.109211 0.660209 0.140869
0 0.0562951 0.282042 0.110639 0.249627 0.013588
0 0.761377 0.559985 0.265311 0.465723 0.00516129
72 0.302656 0.330477 0.156066 0.14158 0.00508118
26 0.104996 0.935917 0.0483525 0.122206 0.00468063
62 0.303492 0.330477 0.157738 0.142325 0.00408554
26 0.0812203 0.652757 0.103428 0.518629 0.00397491
26 0.107156 0.918033 0.0551803 0.157973 0.00382423
0 0.0534385 0.242595 0.104926 0.168312 0.00352478
26 0.0961475 0.940387 0.029541 0.119225 0.00324821
0 0.0577582 0.329918 0.11468 0.346125 0.00322342
14 0.734623 0.340909 0.0133771 0.0208644 0.00301552
26 0.0837633 0.650522 0.0980635 0.320417 0.00294685
0 0.110639 0.586066 0.220721 0.808495 0.00290108
0 0.0872992 0.359817 0.0564344 0.362332 0.00287819
72 0.272279 0.461252 0.0953115 0.104322 0.00255013
0 0.476 0.288934 0.118164 0.124441 0.00236893
56 0.106807 0.940388 0.0516967 0.113264 0.00234222
0 0.0378668 0.531949 0.0736434 0.459203 0.00222588
56 0.0967049 0.940387 0.0300984 0.107303 0.00188923
56 0.0976107 0.894188 0.0370656 0.202682 0.00186729
72 0.284889 0.447839 0.122484 0.131893 0.00175476
0 0.681672 0.538748 0.103672 0.271237 0.00164223
0 0.663836 0.543964 0.0668853 0.266021 0.00164223
0 0.342787 0.651267 0.375672 0.685544 0.00163555
68 0.307184 0.329732 0.167074 0.140835 0.00158501
0 0.0847213 0.308122 0.047377 0.108793 0.00157928
26 0.0786598 0.545455 0.102975 0.375559 0.00153637
0 0.0877869 0.277198 0.0521148 0.201192 0.00144386
25 0.0672336 0.605812 0.132238 0.766021 0.00143814
26 0.107156 0.880775 0.0560164 0.235469 0.00142097
0 0.766393 0.638599 0.0858361 0.257824 0.00136662
56 0.114123 0.941133 0.0365082 0.110283 0.00134563
0 0.0538566 0.739195 0.105762 0.23696 0.00123501
69 0.295967 0.441505 0.143803 0.14456 0.00112438
56 0.107156 0.918033 0.0551803 0.157973 0.00107765
62 0.271164 0.454173 0.0953115 0.085693 0.00101662
56 0.0537695 0.807005 0.106215 0.372578 0.00101662
23 0.761377 0.564456 0.265311 0.471684 0.85498
23 0.317078 0.647541 0.430434 0.692995 0.817383
0 0.0689928 0.574516 0.13708 0.836066 0.619629
0 0.0537869 0.807005 0.106459 0.372578 0.428223
0 0.054832 0.661792 0.109107 0.654061 0.131592
0 0.0560861 0.285442 0.1105 0.256241 0.00806427
0 0.111545 0.584948 0.22309 0.812221 0.00426483
26 0.080332 0.655365 0.105484 0.517884 0.00402451
72 0.302377 0.330291 0.156066 0.141207 0.00391388
62 0.303213 0.330663 0.158295 0.141952 0.00385475
0 0.761377 0.560358 0.265311 0.466468 0.00382423
26 0.0833279 0.652012 0.0992131 0.317437 0.00338936
26 0.104648 0.936662 0.0476557 0.119225 0.00329781
14 0.73518 0.340909 0.0122623 0.0201192 0.00282288
0 0.0876475 0.35842 0.0560164 0.359165 0.00255013
26 0.107156 0.916542 0.0557377 0.160954 0.00252151
26 0.0962172 0.940387 0.029541 0.119225 0.00232315
0 0.0532295 0.245902 0.105344 0.176602 0.00227928
0 0.476 0.289121 0.117049 0.124814 0.00216484
72 0.272279 0.461624 0.0958689 0.104322 0.00209045
0 0.0380061 0.530645 0.0739221 0.45734 0.0020504
56 0.106738 0.941878 0.0504426 0.108793 0.00191212
0 0.341951 0.651267 0.375115 0.687034 0.00181007
56 0.097541 0.894188 0.0370656 0.202682 0.00174141
0 0.0562951 0.344449 0.11259 0.373696 0.00174141
26 0.0784334 0.546945 0.103707 0.365127 0.00168705
56 0.0966353 0.940387 0.0302377 0.107303 0.00167465
0 0.663836 0.543219 0.0668853 0.265276 0.0015192
0 0.0845123 0.308122 0.046959 0.108048 0.00149536
68 0.307393 0.329732 0.167213 0.140835 0.00143242
0 0.681115 0.538003 0.102557 0.271237 0.00139427
72 0.28482 0.446721 0.122623 0.134128 0.00135612
25 0.0671639 0.599851 0.132934 0.779434 0.00133514
0 0.0878566 0.278875 0.0519754 0.205291 0.0012846
56 0.0671639 0.599851 0.132934 0.779434 0.00121593
0 0.766393 0.637854 0.0858361 0.259314 0.00118828
0 0.0539959 0.740686 0.106041 0.241431 0.00102806
26 0.107295 0.88003 0.0565738 0.235469 0.00100803
23 0.762492 0.564083 0.263082 0.469449 0.854004
23 0.315754 0.647914 0.433082 0.693741 0.822266
0 0.0692715 0.575633 0.137916 0.836811 0.630859
0 0.0540133 0.807005 0.107121 0.372578 0.419678
0 0.0546926 0.679583 0.108967 0.61997 0.109924
0 0.112799 0.585693 0.225598 0.812221 0.00674438
0 0.0558771 0.293219 0.110082 0.270492 0.00548935
26 0.0794262 0.661699 0.107016 0.512668 0.00479126
26 0.0827879 0.654993 0.100014 0.314456 0.00382423
62 0.302934 0.331036 0.157738 0.141207 0.00374985
0 0.0532643 0.249953 0.105832 0.184892 0.00351143
72 0.302168 0.330477 0.155926 0.140835 0.00313568
14 0.735738 0.340909 0.013377 0.0208644 0.00307465
0 0.761377 0.560358 0.264197 0.464978 0.00276756
26 0.104648 0.937407 0.047377 0.116244 0.00251198
26 0.105484 0.922504 0.0532295 0.149031 0.00234985
0 0.0876475 0.357675 0.0551803 0.35693 0.00214005
0 0.476 0.289307 0.117049 0.124814 0.00213242
0 0.0379713 0.530179 0.0737131 0.456781 0.00200272
26 0.0962869 0.940387 0.029541 0.119225 0.00193405
0 0.661607 0.538748 0.0601967 0.244411 0.00182438
72 0.272279 0.461252 0.0953115 0.104322 0.0018177
56 0.106738 0.941878 0.0507213 0.108793 0.00178242
0 0.341672 0.652012 0.37623 0.687034 0.00172043
26 0.0781721 0.558122 0.103672 0.33532 0.00171375
56 0.097541 0.894188 0.0370656 0.202682 0.00167465
0 0.0843033 0.30775 0.0464016 0.108048 0.00166798
0 0.680557 0.53763 0.101443 0.271237 0.0015974
56 0.0670246 0.608793 0.133492 0.76304 0.00152493
56 0.0966353 0.941133 0.0302377 0.105812 0.00150108
0 0.766951 0.638227 0.0869508 0.26006 0.00134563
0 0.0559467 0.35339 0.111893 0.390835 0.00125504
68 0.30607 0.330291 0.164844 0.140462 0.0012207
56 0.0562254 0.807005 0.111057 0.371088 0.0011692
0 0.0878566 0.275894 0.0511394 0.197094 0.00114727
25 0.0670246 0.608793 0.133492 0.76304 0.00113773
0 0.0540656 0.745156 0.10618 0.250373 0.00109005
72 0.283635 0.446349 0.119418 0.134128 0.00108147
56 0.176549 0.85041 0.115098 0.29918 0.00104427
39 0.116631 0.278316 0.0121229 0.0320417 0.00102425
23 0.762492 0.563338 0.263082 0.466468 0.864258
23 0.315475 0.649404 0.432525 0.68927 0.845703
0 0.0691844 0.577124 0.137533 0.83383 0.625
0 0.0540656 0.807936 0.107156 0.372206 0.462891
0 0.0542746 0.71535 0.108131 0.548435 0.0928345
0 0.055668 0.296991 0.109664 0.27785 0.00636292
26 0.0792695 0.66468 0.106773 0.505216 0.00631332
0 0.111963 0.587928 0.223926 0.80924 0.00561905
0 0.0779631 0.806073 0.154533 0.372951 0.00519943
26 0.0824918 0.655738 0.0997705 0.312966 0.00482941
62 0.302934 0.333271 0.15718 0.142697 0.00421524
0 0.0529508 0.248556 0.105205 0.18247 0.00351143
14 0.735738 0.340909 0.013377 0.0208644 0.00284576
0 0.0379365 0.528968 0.0735041 0.454732 0.0026207
0 0.761377 0.559985 0.263082 0.462742 0.00248146
26 0.104508 0.937407 0.0470984 0.117735 0.00244331
0 0.661049 0.538003 0.0601967 0.244411 0.00225258
0 0.0877869 0.357489 0.0543443 0.356557 0.00219154
26 0.0782418 0.5693 0.102697 0.308495 0.00209045
72 0.302098 0.330663 0.154951 0.139717 0.00202751
26 0.0962869 0.940387 0.0296803 0.119225 0.00197983
0 0.676656 0.537258 0.0936394 0.271237 0.00193405
0 0.476 0.288934 0.115934 0.124441 0.00189686
26 0.107434 0.919523 0.0557377 0.154993 0.0018177
56 0.0670246 0.615592 0.133492 0.749441 0.00181007
56 0.097541 0.896423 0.0367869 0.199702 0.00176811
56 0.106877 0.940388 0.0518361 0.113264 0.00176811
0 0.0863238 0.308867 0.0476557 0.108048 0.0017004
0 0.341393 0.652664 0.376787 0.68573 0.00158501
0 0.765279 0.637481 0.0813771 0.26006 0.00150681
56 0.0965656 0.941133 0.0303771 0.105812 0.00143242
56 0.0565738 0.806446 0.111754 0.372206 0.00137234
0 0.0539436 0.749814 0.106145 0.258942 0.00135612
72 0.272279 0.461624 0.0953115 0.103577 0.00135136
56 0.17627 0.851714 0.114262 0.296572 0.00126457
39 0.116631 0.278316 0.0119836 0.0320417 0.00124454
0 0.0555984 0.355626 0.111197 0.39456 0.00123024
0 0.754689 0.622206 0.0624262 0.28465 0.0012064
56 0.113844 0.941133 0.0370656 0.110283 0.00118828
0 0.0880656 0.277198 0.0504426 0.198212 0.00117397
68 0.306557 0.330477 0.164984 0.140089 0.00105667
25 0.0670246 0.615592 0.133492 0.749441 0.00104809
56 0.186303 0.821535 0.141295 0.35693 0.00102806
23 0.763049 0.562593 0.261967 0.463487 0.867188
23 0.316033 0.650894 0.431967 0.686289 0.85498
0 0.0694631 0.577869 0.137811 0.83234 0.599121
0 0.0549713 0.80775 0.108828 0.371088 0.478516
0 0.0548494 0.700447 0.109072 0.578241 0.11145
26 0.0785728 0.66766 0.107887 0.500745 0.00847626
0 0.0558596 0.300484 0.109838 0.284277 0.00746155
0 0.0882049 0.805514 0.174738 0.374069 0.00737381
26 0.0823525 0.657228 0.0994918 0.314456 0.00516129
0 0.111057 0.588301 0.221836 0.808495 0.00469971
0 0.0527766 0.247951 0.104996 0.181073 0.00395966
0 0.0379016 0.530551 0.0735738 0.459016 0.00395966
62 0.303143 0.330477 0.15732 0.139344 0.00344276
26 0.0962869 0.940387 0.0298197 0.119225 0.00329781
26 0.104717 0.937407 0.0475164 0.116244 0.00316048
26 0.107365 0.919523 0.0555984 0.154993 0.00261116
14 0.73518 0.341095 0.013377 0.0208644 0.00258064
0 0.661049 0.537258 0.0601967 0.244411 0.00248146
0 0.0876475 0.358048 0.0537869 0.35544 0.00234985
26 0.0781025 0.567064 0.101861 0.30775 0.00227928
0 0.670525 0.536513 0.081377 0.269747 0.00194168
0 0.0863238 0.308867 0.046959 0.108048 0.00184631
39 0.11684 0.278316 0.0122623 0.0327869 0.00181007
56 0.106807 0.940388 0.0519754 0.113264 0.00179577
56 0.0976803 0.897168 0.0370656 0.199702 0.0017271
0 0.476557 0.289493 0.11482 0.124441 0.0015974
0 0.761934 0.559706 0.261967 0.461811 0.00154877
0 0.341393 0.65285 0.377902 0.685358 0.00154305
0 0.0538566 0.748882 0.105902 0.256334 0.00149536
56 0.067042 0.618573 0.133457 0.74199 0.00145531
56 0.0967049 0.941878 0.030377 0.107303 0.00139904
56 0.0738525 0.804955 0.146033 0.372206 0.00139904
25 0.067042 0.618573 0.133457 0.74199 0.00126457
0 0.0838853 0.265648 0.0532295 0.196721 0.00114727
26 0.168467 0.90462 0.100885 0.184799 0.00112438
53 0.319098 0.646889 0.426393 0.692809 0.00108624
26 0.15185 0.919523 0.133283 0.154993 0.00104046
23 0.762492 0.561755 0.260852 0.460693 0.872559
23 0.317148 0.651639 0.429738 0.684799 0.862305
0 0.0691844 0.578614 0.137254 0.83234 0.592773
0 0.054832 0.80775 0.108689 0.372578 0.492188
0 0.054832 0.706781 0.109107 0.567064 0.114197
0 0.0559467 0.295455 0.109943 0.274963 0.00854492
0 0.0893197 0.804955 0.176967 0.375186 0.00815582
26 0.0786076 0.668405 0.108096 0.494784 0.00793457
26 0.0826137 0.656483 0.0989693 0.312966 0.0051384
0 0.0379016 0.529154 0.0737131 0.45734 0.00462723
0 0.052707 0.248323 0.104996 0.181818 0.00391388
62 0.303213 0.330477 0.15718 0.138599 0.00358009
26 0.0964262 0.940387 0.0300984 0.119225 0.00356483
26 0.104508 0.936662 0.047377 0.119225 0.00318527
26 0.107295 0.919523 0.0560164 0.154993 0.00269318
14 0.73518 0.341282 0.013377 0.0208644 0.00251198
26 0.0781025 0.577496 0.101303 0.28614 0.0024929
0 0.661049 0.535767 0.0601967 0.244411 0.00230598
39 0.11691 0.278502 0.0122623 0.033532 0.00224304
0 0.109107 0.589791 0.217656 0.805514 0.00201988
26 0.0760123 0.548063 0.106041 0.412072 0.00188255
0 0.669967 0.535767 0.0802623 0.268256 0.00176811
0 0.0828402 0.36848 0.0603361 0.388227 0.00176144
0 0.0537869 0.750373 0.105902 0.260805 0.00168705
56 0.0976803 0.896423 0.0372049 0.199702 0.00158501
56 0.106738 0.939642 0.0521147 0.114754 0.00157356
0 0.0863934 0.308867 0.046541 0.108048 0.00156689
56 0.0669027 0.634873 0.132342 0.706408 0.00146103
0 0.0899467 0.380775 0.0466803 0.325633 0.00140476
56 0.0739918 0.804583 0.146311 0.372951 0.00139904
0 0.476557 0.289307 0.11482 0.123696 0.00137806
26 0.168467 0.90462 0.100607 0.184799 0.00137234
0 0.341045 0.65313 0.379156 0.684799 0.00136185
0 0.761934 0.559613 0.261967 0.460507 0.00134087
25 0.067042 0.624814 0.133457 0.730999 0.0012064
56 0.0967049 0.941878 0.0305164 0.107303 0.00118351
26 0.151641 0.918033 0.133701 0.157973 0.00115108
53 0.318541 0.647914 0.427508 0.69076 0.00108147
23 0.763607 0.56101 0.260852 0.459203 0.875977
23 0.341393 0.65285 0.380688 0.685358 0.870605
0 0.0695328 0.578614 0.137951 0.83383 0.600098
0 0.055668 0.80775 0.110221 0.372578 0.460938
0 0.055459 0.703055 0.110361 0.574516 0.129639
0 0.0909918 0.804583 0.180311 0.375931 0.00905609
26 0.0787469 0.668405 0.107818 0.490313 0.00677109
0 0.0561557 0.286513 0.110221 0.257079 0.00671768
0 0.0378668 0.527198 0.0737828 0.4538 0.00468063
26 0.0830492 0.65611 0.0980984 0.31073 0.00413513
26 0.0964262 0.940387 0.0300984 0.119225 0.00392914
26 0.104508 0.935917 0.0476557 0.119225 0.00351143
0 0.0526721 0.24851 0.104926 0.182191 0.00340271
26 0.107295 0.919523 0.0560164 0.154993 0.00317192
62 0.303492 0.330291 0.156623 0.138227 0.00316048
14 0.73518 0.341282 0.013377 0.0216095 0.00247192
39 0.117049 0.278502 0.0122623 0.0339046 0.00244331
0 0.0913402 0.634501 0.182402 0.699702 0.00231361
26 0.0783115 0.584575 0.100885 0.266021 0.00190449
0 0.661049 0.535767 0.0601967 0.244411 0.00176811
0 0.0537172 0.751118 0.105762 0.263785 0.00176811
56 0.0976803 0.897168 0.0373443 0.199702 0.00151253
0 0.0863934 0.308867 0.0464016 0.108048 0.00149536
0 0.0826486 0.368014 0.0607193 0.386177 0.00143814
26 0.151328 0.917288 0.13377 0.159463 0.00143242
56 0.106807 0.939642 0.0522541 0.114754 0.00136662
26 0.0760123 0.546945 0.106041 0.408346 0.00135612
26 0.168467 0.905365 0.100328 0.183309 0.00135612
0 0.0560338 0.343098 0.111998 0.368946 0.00130463
56 0.0742705 0.802534 0.146869 0.377049 0.00125504
0 0.344947 0.649404 0.375812 0.686289 0.00123501
56 0.0668852 0.634221 0.132377 0.706222 0.00122547
0 0.089459 0.380402 0.047377 0.324143 0.00121593
25 0.0670943 0.627515 0.133631 0.724106 0.00112915
0 0.476557 0.288748 0.11482 0.122206 0.00106049
23 0.763607 0.55924 0.260852 0.455291 0.885742
23 0.341672 0.65313 0.378459 0.684799 0.877441
0 0.0624436 0.640089 0.124818 0.701937 0.609375
0 0.0578975 0.807563 0.11482 0.372951 0.459961
0 0.0686967 0.5394 0.136279 0.760246 0.175293
0 0.0561557 0.295035 0.110361 0.274311 0.0102463
26 0.0797746 0.66617 0.105484 0.484352 0.00894928
0 0.0378668 0.523938 0.0739221 0.448398 0.00666809
26 0.0834846 0.653502 0.0972275 0.305514 0.00653839
26 0.0965656 0.938897 0.0298197 0.122206 0.00527954
26 0.104648 0.932936 0.0482131 0.128167 0.00462723
39 0.117398 0.278316 0.012541 0.0350223 0.00400543
62 0.302934 0.330104 0.155508 0.137109 0.00333786
0 0.0524631 0.247718 0.104648 0.181166 0.00316048
0 0.110082 0.809985 0.219885 0.371088 0.00302696
26 0.106598 0.916542 0.0560164 0.163934 0.0028553
14 0.73518 0.341282 0.013377 0.0216095 0.00214005
26 0.168641 0.90462 0.100258 0.184799 0.00209999
26 0.0790082 0.599106 0.0986557 0.226528 0.00202751
26 0.15091 0.915052 0.135164 0.165425 0.00189686
0 0.0561209 0.359165 0.112242 0.401639 0.00188255
0 0.0537695 0.748882 0.105936 0.260805 0.0017004
0 0.0864631 0.308681 0.046541 0.10842 0.00162315
74 0.117398 0.278316 0.012541 0.0350223 0.00152493
0 0.339164 0.653502 0.381803 0.685544 0.00150681
56 0.0976803 0.897168 0.0372049 0.196721 0.00134563
56 0.072877 0.798621 0.144082 0.384873 0.00131512
26 0.0773186 0.547038 0.102314 0.396237 0.00130463
0 0.0837459 0.36997 0.059082 0.38003 0.00129414
0 0.105762 0.540984 0.210967 0.739195 0.00127888
56 0.0666066 0.634501 0.132098 0.704173 0.0012207
0 0.0908525 0.38301 0.0443115 0.30775 0.0012064
56 0.106877 0.937407 0.0523934 0.116244 0.00105667
23 0.271721 0.681818 0.312689 0.603577 0.00103188
23 0.762492 0.558495 0.260852 0.4538 0.867188
23 0.341184 0.65285 0.377762 0.685358 0.855957
0 0.0661885 0.610656 0.131262 0.763785 0.622559
0 0.0590123 0.80775 0.117189 0.374069 0.445557
0 0.0609109 0.702683 0.120637 0.579732 0.231934
0 0.0653525 0.474013 0.129311 0.630216 0.0104904
26 0.0801926 0.662072 0.104648 0.491058 0.0091629
0 0.0379713 0.522727 0.0742705 0.446349 0.00847626
26 0.0836066 0.653875 0.0969836 0.30775 0.00793457
26 0.0966353 0.938897 0.0296803 0.122206 0.00602722
26 0.104648 0.931446 0.0482131 0.131148 0.0050621
0 0.0560164 0.304769 0.110361 0.294337 0.00457382
39 0.117607 0.278316 0.0128197 0.0365127 0.00424957
0 0.109803 0.808495 0.219049 0.374069 0.00370789
26 0.106598 0.915797 0.0560164 0.165425 0.00316048
62 0.302934 0.330104 0.155508 0.137109 0.00279045
26 0.15091 0.914307 0.135721 0.166915 0.00202751
26 0.168641 0.903875 0.100816 0.186289 0.00198746
74 0.117607 0.278316 0.0128197 0.0365127 0.00186729
26 0.0792695 0.598733 0.0981332 0.220566 0.00184631
0 0.0525328 0.247578 0.104508 0.181446 0.0018177
0 0.338258 0.653502 0.3825 0.685544 0.00171375
14 0.734623 0.341282 0.0133771 0.0216095 0.00170708
0 0.0539262 0.746647 0.10618 0.256334 0.0015192
0 0.103393 0.539866 0.20623 0.73845 0.00141048
56 0.0976803 0.895678 0.0370656 0.199702 0.00134563
56 0.0665369 0.632638 0.131959 0.706408 0.00132465
0 0.0865328 0.308495 0.0468197 0.108793 0.0012846
26 0.0777367 0.547597 0.101477 0.390648 0.00126934
56 0.072459 0.797131 0.143525 0.390835 0.0012064
72 0.302934 0.331222 0.15718 0.135618 0.00115585
23 0.803738 0.638227 0.169443 0.31073 0.00107288
23 0.270885 0.681073 0.311016 0.605067 0.00105667
26 0.0585943 0.92921 0.116631 0.132638 0.00102425
0 0.0913402 0.385618 0.042918 0.301788 0.00100422
23 0.762492 0.558122 0.263082 0.453055 0.847168
23 0.341115 0.653409 0.377902 0.68573 0.830078
0 0.0663105 0.597243 0.131576 0.790611 0.623535
0 0.0609109 0.80775 0.120916 0.374069 0.410156
0 0.0585943 0.707153 0.11677 0.57079 0.207886
0 0.0381455 0.520864 0.0744795 0.442623 0.0106506
26 0.0836066 0.653875 0.0969836 0.30924 0.00728989
26 0.0967049 0.938897 0.029541 0.122206 0.00666809
26 0.080959 0.657973 0.103115 0.500745 0.00658798
26 0.104787 0.929955 0.0487705 0.134128 0.00473785
0 0.109803 0.807005 0.218492 0.377049 0.00438309
39 0.117816 0.278316 0.012959 0.0365127 0.00353813
26 0.106598 0.915052 0.0560164 0.166915 0.0029583
62 0.304885 0.331967 0.158852 0.139344 0.00234222
26 0.151049 0.913562 0.136557 0.169896 0.00194931
0 0.101861 0.543964 0.203164 0.748137 0.00189686
0 0.337701 0.653875 0.383615 0.686289 0.00188923
0 0.0535256 0.312593 0.106703 0.298808 0.00183105
74 0.117816 0.278316 0.012959 0.0365127 0.00182438
72 0.302586 0.331595 0.156205 0.135618 0.00153637
0 0.0535779 0.765835 0.105484 0.301416 0.00152493
26 0.168641 0.90313 0.101373 0.19076 0.00148964
26 0.0794959 0.596125 0.0982377 0.216095 0.00137806
26 0.0695154 0.701192 0.124051 0.451565 0.00131512
14 0.734623 0.341282 0.0133771 0.0216095 0.00130463
56 0.0976803 0.895678 0.0370656 0.198212 0.00122547
56 0.0664846 0.630402 0.132064 0.71237 0.0012207
0 0.0781025 0.548435 0.101303 0.387481 0.0012064
23 0.271164 0.681446 0.310459 0.607302 0.00117874
26 0.0597787 0.926975 0.119 0.137109 0.00113392
0 0.0525328 0.247718 0.104508 0.181911 0.00109863
0 0.0863934 0.308495 0.0475164 0.108793 0.00108147
72 0.0709088 0.581595 0.140494 0.83383 0.00105667
23 0.803738 0.64158 0.168328 0.302534 0.00104809
23 0.762492 0.558122 0.261967 0.451565 0.835449
23 0.341951 0.653502 0.375115 0.685544 0.810547
0 0.0663279 0.603577 0.131541 0.777943 0.612305
0 0.0611721 0.807563 0.121508 0.372951 0.422607
0 0.0584549 0.709389 0.116492 0.566319 0.228149
0 0.03825 0.520212 0.0746885 0.442437 0.014061
26 0.0967049 0.938525 0.0296803 0.122951 0.00746155
26 0.08446 0.653875 0.0952766 0.312221 0.00638962
26 0.080959 0.633383 0.102557 0.415797 0.00564194
26 0.105066 0.928465 0.0490492 0.137109 0.00475693
0 0.109594 0.807005 0.218352 0.377049 0.0041008
39 0.117955 0.278316 0.0130984 0.0368852 0.00323486
0 0.0560861 0.315015 0.1105 0.314829 0.00226974
62 0.305164 0.33234 0.158852 0.140089 0.00212479
0 0.101303 0.5394 0.202049 0.736401 0.00189686
26 0.151084 0.913562 0.137045 0.169896 0.00185299
26 0.107365 0.898659 0.0569918 0.199702 0.0018177
0 0.338258 0.654247 0.381385 0.685544 0.00181007
72 0.302377 0.331595 0.156623 0.135618 0.0016613
74 0.117955 0.278316 0.0130984 0.0368852 0.00150681
0 0.0783115 0.548808 0.100885 0.391207 0.00144386
72 0.0669549 0.631241 0.133352 0.718145 0.00137806
26 0.170035 0.907601 0.102488 0.181818 0.00134563
0 0.0536475 0.764717 0.105344 0.300671 0.00132465
56 0.09775 0.895678 0.0369262 0.196721 0.00131989
23 0.271164 0.682936 0.30823 0.605812 0.0012846
26 0.0695328 0.701192 0.124016 0.457526 0.00123978
0 0.0852787 0.377049 0.0567131 0.374069 0.00123501
0 0.610328 0.231557 0.449246 0.419151 0.00119209
14 0.734623 0.341282 0.0133771 0.0216095 0.0011692
26 0.0606844 0.926229 0.120811 0.140089 0.00115585
26 0.0796352 0.59538 0.0982377 0.218331 0.00115108
56 0.0664846 0.630402 0.132064 0.71237 0.0011425
0 0.0905738 0.388227 0.0448689 0.300298 0.00110722
23 0.803738 0.640835 0.168328 0.304024 0.00109482
0 0.0863934 0.308495 0.0479344 0.108793 0.00107765
0 0.0978197 0.468703 0.0413852 0.214605 0.00106525
72 0.272488 0.463487 0.0948934 0.101341 0.00104809
23 0.691705 0.512295 0.131541 0.349478 0.00102806
0 0.0526373 0.249255 0.104578 0.184426 0.00100803
23 0.762492 0.558122 0.263082 0.454545 0.839844
23 0.342787 0.653502 0.372885 0.685544 0.811523
0 0.0663279 0.612519 0.131541 0.76155 0.611328
0 0.0621998 0.808495 0.123633 0.374069 0.414795
0 0.0595 0.706408 0.118721 0.57377 0.278564
0 0.038459 0.518722 0.0751066 0.440946 0.0190125
26 0.0968443 0.938525 0.029541 0.122951 0.00857544
26 0.0857664 0.652757 0.0926639 0.312966 0.00679779
0 0.109803 0.806073 0.218492 0.378912 0.00624084
26 0.0816557 0.633756 0.100885 0.419523 0.00593567
0 0.0558945 0.325261 0.110326 0.336066 0.00593567
26 0.105135 0.926975 0.0494672 0.140089 0.00508118
39 0.118025 0.278316 0.0130984 0.0372578 0.00338936
0 0.101443 0.537258 0.201213 0.731744 0.00322342
0 0.0673033 0.481371 0.132934 0.645306 0.00271416
72 0.0671639 0.631893 0.133213 0.71535 0.00260162
62 0.304816 0.332712 0.158434 0.14158 0.00250244
26 0.151014 0.912072 0.137742 0.171386 0.00220871
72 0.302029 0.331595 0.156205 0.135618 0.00218201
26 0.170139 0.907601 0.102 0.181818 0.00202751
0 0.0785205 0.54918 0.0999098 0.391952 0.00199509
0 0.608795 0.238823 0.485754 0.440388 0.00190449
26 0.107365 0.897914 0.0569918 0.202683 0.00173378
0 0.0535953 0.770305 0.105449 0.313338 0.0017271
23 0.271164 0.682936 0.306 0.605812 0.00168133
0 0.0983074 0.466095 0.0399918 0.211624 0.00157356
26 0.0863934 0.698584 0.0922459 0.504471 0.00153637
0 0.0856967 0.379192 0.0568525 0.375745 0.00148964
0 0.339373 0.654247 0.379156 0.685544 0.00139904
72 0.271721 0.463487 0.0936394 0.101341 0.00139427
74 0.118025 0.278316 0.0130984 0.0372578 0.00137806
26 0.0699682 0.701192 0.123145 0.454545 0.00137234
56 0.0976803 0.895678 0.0366475 0.196721 0.00130463
0 0.0865328 0.308495 0.0479344 0.108793 0.00129414
26 0.0615902 0.925484 0.122623 0.14307 0.00125504
0 0.0910615 0.390089 0.0445902 0.298808 0.00121117
73 0.317984 0.374814 0.183377 0.229508 0.00115585
14 0.734623 0.341282 0.0133771 0.0216095 0.00112438
23 0.691705 0.514065 0.131541 0.353391 0.00109005
26 0.168607 0.870343 0.100049 0.250373 0.00108147
0 0.0526025 0.249627 0.104369 0.185917 0.00103188
23 0.762492 0.55775 0.261967 0.449329 0.842773
23 0.339721 0.653875 0.379016 0.683308 0.819824
0 0.0663453 0.615872 0.131506 0.754843 0.583008
0 0.0618689 0.808495 0.122902 0.374069 0.413086
0 0.059082 0.704173 0.117885 0.579732 0.338867
0 0.038668 0.518629 0.0753853 0.442623 0.0222015
0 0.0558596 0.324888 0.110117 0.33532 0.0110703
26 0.0968443 0.938525 0.029541 0.122951 0.00898743
26 0.0871598 0.652384 0.0895984 0.315201 0.00666809
0 0.109803 0.806073 0.218492 0.378912 0.00621796
26 0.0825615 0.632638 0.0987951 0.421759 0.00593567
26 0.105205 0.925484 0.0493279 0.14307 0.0051384
0 0.0677213 0.483513 0.133492 0.648472 0.00415039
0 0.101582 0.535395 0.199262 0.726528 0.00402451
72 0.0674426 0.63478 0.132377 0.709575 0.0037365
39 0.118094 0.27813 0.0132377 0.0372578 0.00348282
62 0.309275 0.334203 0.168467 0.14158 0.00234985
72 0.302098 0.331967 0.156066 0.136364 0.00233269
0 0.0786076 0.549553 0.0997357 0.395678 0.00223351
26 0.151084 0.912072 0.13816 0.172876 0.00213242
0 0.60768 0.251118 0.501361 0.466468 0.00208282
23 0.270885 0.684054 0.30377 0.605067 0.00186729
0 0.097959 0.466468 0.0406885 0.213115 0.00181007
26 0.170314 0.908346 0.10193 0.181818 0.00181007
0 0.0561557 0.400056 0.112172 0.484538 0.00179577
0 0.0856967 0.379378 0.0568525 0.378353 0.00173378
26 0.107434 0.898659 0.0568525 0.202683 0.00172043
0 0.0535779 0.769747 0.105344 0.311475 0.00164223
72 0.271512 0.463487 0.0935 0.101341 0.00157928
0 0.0905738 0.390555 0.0457049 0.300857 0.00157356
26 0.0872295 0.698212 0.0900164 0.502235 0.00145531
0 0.0866025 0.308308 0.0480738 0.109165 0.00143242
56 0.0976803 0.895678 0.0367869 0.196721 0.00138283
74 0.118094 0.27813 0.0132377 0.0372578 0.00135612
26 0.0704385 0.700447 0.122205 0.453055 0.00135612
23 0.692262 0.514903 0.131541 0.356185 0.00132465
26 0.0622172 0.924739 0.124156 0.14307 0.00118351
0 0.340279 0.654247 0.376787 0.685544 0.00117874
0 0.0526025 0.250559 0.104508 0.187779 0.0011425
72 0.293807 0.454545 0.13809 0.120715 0.00113392
73 0.31659 0.378539 0.18059 0.237705 0.00110722
6 0.530623 0.26155 0.491607 0.497765 0.00107288
14 0.734623 0.341282 0.0133771 0.0216095 0.00105667
23 0.762492 0.55775 0.263082 0.449329 0.850098
23 0.340836 0.653875 0.37623 0.683308 0.834473
0 0.0663975 0.624069 0.131402 0.73696 0.585938
0 0.0618514 0.808495 0.122936 0.374069 0.431152
0 0.0588904 0.703428 0.117432 0.581222 0.396973
0 0.0640287 0.491803 0.127779 0.66766 0.0687866
0 0.0387377 0.518536 0.0755246 0.442809 0.0253296
0 0.0560164 0.326379 0.110361 0.338301 0.0190887
26 0.0969139 0.938525 0.029541 0.122951 0.00985718
26 0.0875082 0.652757 0.088623 0.314456 0.00582123
0 0.109803 0.806073 0.218492 0.378912 0.00577545
26 0.0829098 0.63301 0.0980984 0.413562 0.00557709
26 0.105275 0.925484 0.0497459 0.14307 0.00530243
0 0.0563648 0.400522 0.112451 0.485097 0.00457382
39 0.118164 0.27813 0.013377 0.0376304 0.00416565
0 0.10207 0.528689 0.197729 0.708644 0.00407028
72 0.0678432 0.636364 0.131297 0.703428 0.00365067
0 0.0785205 0.548063 0.0993525 0.394188 0.00236893
72 0.302098 0.331967 0.156623 0.136364 0.00226974
0 0.0858361 0.378633 0.0565738 0.379844 0.00225258
62 0.308857 0.334203 0.168189 0.142325 0.00216484
26 0.154359 0.915052 0.132168 0.163934 0.00214958
0 0.0904344 0.390462 0.0462623 0.300298 0.00209045
0 0.0978197 0.466468 0.0412459 0.214605 0.00204277
23 0.270607 0.684799 0.302656 0.603577 0.00202751
0 0.606566 0.258197 0.512508 0.482116 0.00199509
26 0.107434 0.900149 0.0568525 0.196721 0.00191212
23 0.692262 0.512295 0.129311 0.350969 0.00182438
72 0.271512 0.463487 0.0935 0.101341 0.0017004
0 0.0866721 0.308495 0.0476557 0.109538 0.0016613
0 0.0535779 0.768815 0.105344 0.310358 0.00162315
56 0.0976107 0.895678 0.0366475 0.196721 0.00154305
0 0.0526373 0.251118 0.104439 0.188525 0.00148392
6 0.530623 0.268256 0.494951 0.511923 0.00136662
26 0.0876475 0.696349 0.0891803 0.491058 0.00132465
74 0.118164 0.27813 0.013377 0.0376304 0.00130939
72 0.293738 0.454918 0.13823 0.11997 0.00129414
26 0.0707172 0.698957 0.121648 0.444113 0.00127411
26 0.169164 0.902385 0.100049 0.19225 0.00127411
0 0.0742008 0.509687 0.0884836 0.298063 0.00121593
26 0.0627223 0.925484 0.125096 0.14307 0.00117874
73 0.315197 0.38003 0.177803 0.23994 0.0011425
14 0.734623 0.341282 0.0133771 0.0216095 0.0011158
56 0.106738 0.915052 0.0562951 0.166915 0.00108147
25 0.445344 0.201751 0.207902 0.16766 0.00107288
56 0.107156 0.938152 0.0515574 0.114754 0.00104809
23 0.762492 0.55775 0.263082 0.447839 0.859863
23 0.332754 0.652664 0.393508 0.68573 0.851074
0 0.0608238 0.644653 0.121648 0.69579 0.595703
0 0.0622695 0.808495 0.123773 0.374069 0.442627
0 0.0721803 0.551416 0.141574 0.774963 0.131836
0 0.0388422 0.517511 0.0755943 0.441878 0.0272217
0 0.0575492 0.452217 0.115098 0.585879 0.0269165
0 0.0560338 0.328987 0.110326 0.343517 0.0258026
26 0.0969139 0.938897 0.029541 0.122206 0.0104065
0 0.109734 0.805514 0.218352 0.38003 0.00572968
26 0.0832582 0.633756 0.097123 0.407601 0.00568771
26 0.0878566 0.652757 0.0879262 0.312966 0.0055542
26 0.105275 0.925484 0.0497459 0.14307 0.00519943
39 0.118164 0.27813 0.013377 0.038003 0.00510025
72 0.0681393 0.638227 0.130984 0.699702 0.00385475
0 0.102418 0.520864 0.196475 0.691505 0.00383949
26 0.154254 0.914307 0.132377 0.166915 0.00242424
0 0.0858361 0.378539 0.0562951 0.37854 0.0024147
0 0.0785205 0.547597 0.0993525 0.392139 0.00239754
72 0.307951 0.334203 0.166098 0.142325 0.00229645
23 0.270328 0.685544 0.302098 0.602086 0.00221634
23 0.692262 0.51006 0.129311 0.346498 0.00214958
0 0.0903648 0.390835 0.0464016 0.298808 0.00214005
0 0.0976107 0.466468 0.0416639 0.216095 0.00213242
62 0.307951 0.334203 0.166098 0.142325 0.00205803
72 0.271443 0.463487 0.093082 0.101341 0.00193405
26 0.107434 0.900894 0.0568525 0.196721 0.00193405
0 0.607402 0.256706 0.508607 0.479136 0.00191212
23 0.331709 0.628167 0.310877 0.588674 0.00186729
0 0.0526373 0.251677 0.104439 0.189642 0.00176811
0 0.0868115 0.308308 0.047377 0.109165 0.00176144
56 0.0976107 0.895678 0.0366475 0.196721 0.0015974
0 0.0536475 0.766021 0.105344 0.305514 0.00159168
72 0.293459 0.455291 0.137115 0.119225 0.0015192
6 0.532295 0.265089 0.482689 0.505589 0.00148964
0 0.0740615 0.510432 0.0884836 0.301043 0.00136185
26 0.169303 0.90313 0.0997705 0.19076 0.00130463
74 0.118164 0.27813 0.013377 0.038003 0.00129986
26 0.0880656 0.695231 0.0880656 0.482861 0.00126457
26 0.0708043 0.697839 0.121473 0.438897 0.00125504
73 0.314082 0.38003 0.175574 0.240686 0.00123501
26 0.063123 0.925484 0.125689 0.14307 0.00117874
56 0.106738 0.915052 0.0562951 0.166915 0.00115585
14 0.734623 0.341282 0.0133771 0.0216095 0.00113392
25 0.445344 0.201518 0.207344 0.167753 0.00113392
56 0.107156 0.938897 0.0512787 0.113264 0.00112057
0 0.476 0.292101 0.120393 0.129285 0.00110722
0 0.0389467 0.645306 0.0753853 0.220566 0.00105667
23 0.803738 0.643815 0.167213 0.298063 0.00105667
23 0.762492 0.55747 0.263082 0.446908 0.870605
23 0.332197 0.652384 0.394623 0.686289 0.867188
0 0.0611896 0.644653 0.122309 0.69579 0.605957
0 0.0631926 0.808495 0.125549 0.374069 0.42334
0 0.0724764 0.548435 0.141818 0.770492 0.118164
0 0.0614508 0.475037 0.122762 0.635619 0.043457
0 0.0560164 0.329685 0.110082 0.345101 0.0324707
0 0.0389816 0.516766 0.0757336 0.440388 0.0290833
0 0.0562428 0.400894 0.112137 0.485842 0.0130692
26 0.0969836 0.938897 0.0294016 0.122206 0.0108185
39 0.118303 0.27813 0.0136557 0.0383755 0.00598145
26 0.0831885 0.636736 0.0972623 0.400149 0.00548935
0 0.109873 0.805514 0.218352 0.38003 0.0053215
26 0.106041 0.921759 0.054623 0.153502 0.0050621
72 0.0682961 0.638972 0.130949 0.696721 0.00403976
0 0.102697 0.515276 0.195918 0.678838 0.00359344
26 0.0924549 0.652757 0.0817951 0.309985 0.00276756
26 0.154254 0.913562 0.132656 0.169896 0.00270462
23 0.270049 0.685917 0.302656 0.601341 0.00237846
0 0.0784508 0.546572 0.0989344 0.388227 0.00235939
0 0.0976107 0.466095 0.0413852 0.214605 0.00230598
0 0.0856967 0.38003 0.0562951 0.372578 0.00226021
23 0.69282 0.509687 0.130426 0.345753 0.00219917
72 0.307742 0.334203 0.165959 0.142325 0.00219154
0 0.0907131 0.391952 0.0457049 0.295082 0.0020504
62 0.307742 0.334203 0.165959 0.142325 0.00201035
72 0.271443 0.463487 0.093082 0.101341 0.00195694
23 0.331639 0.628167 0.309902 0.587183 0.00195694
0 0.605451 0.248882 0.494672 0.461252 0.00194168
0 0.0525328 0.252282 0.10423 0.190667 0.00191212
0 0.0870205 0.308495 0.046959 0.108793 0.00184631
56 0.097541 0.896423 0.0365082 0.195231 0.00163555
26 0.105693 0.942623 0.0472377 0.107303 0.00161076
0 0.0537172 0.763785 0.105484 0.301043 0.00157928
72 0.293459 0.455663 0.137672 0.11848 0.00156689
74 0.118303 0.27813 0.0136557 0.0383755 0.00147247
6 0.532295 0.254844 0.463738 0.484352 0.00144386
0 0.0744795 0.702683 0.136697 0.582712 0.00143242
0 0.0739221 0.511177 0.0882049 0.301788 0.00141621
26 0.169199 0.901639 0.0997008 0.19076 0.00140476
73 0.313803 0.38003 0.175016 0.240686 0.00136662
25 0.444787 0.201518 0.207344 0.167753 0.00131989
26 0.106598 0.877794 0.0576885 0.241431 0.00131512
56 0.106807 0.915797 0.0561557 0.165425 0.00128937
26 0.0881352 0.695976 0.0876475 0.472429 0.00127411
26 0.0711353 0.697466 0.120533 0.432191 0.00126934
26 0.0636107 0.925484 0.126664 0.14307 0.00121593
56 0.107225 0.939642 0.0508607 0.111773 0.00117874
0 0.476 0.292474 0.120393 0.129657 0.00114727
14 0.734623 0.341282 0.0133771 0.0216095 0.00110722
0 0.0390512 0.647541 0.0754549 0.216095 0.00109005
0 0.0994918 0.429955 0.0338606 0.231744 0.00104809
23 0.333033 0.652757 0.392951 0.685544 0.878418
23 0.762492 0.55775 0.263082 0.446349 0.877441
0 0.0608238 0.64456 0.121648 0.694486 0.610352
0 0.063332 0.808495 0.125828 0.374069 0.433105
0 0.0705779 0.543219 0.138648 0.764531 0.119019
0 0.0572008 0.45231 0.114262 0.585693 0.0499573
0 0.0559467 0.331176 0.109943 0.348081 0.0321045
0 0.0390861 0.516487 0.0759426 0.440946 0.029541
26 0.0969836 0.938897 0.029541 0.122206 0.0119171
39 0.118443 0.277943 0.0133771 0.0387481 0.00679779
26 0.0834846 0.637854 0.0966701 0.394933 0.00568771
26 0.105902 0.921013 0.054623 0.152012 0.00526047
0 0.109873 0.805514 0.218352 0.38003 0.00518036
72 0.0687664 0.640089 0.12973 0.692996 0.00453949
0 0.103045 0.512668 0.193271 0.672131 0.00333786
26 0.154254 0.913562 0.132377 0.169896 0.00293541
26 0.0924549 0.652757 0.080959 0.308495 0.00265312
23 0.270258 0.686662 0.302238 0.601341 0.00259018
0 0.0974713 0.466468 0.0415246 0.216095 0.00247192
0 0.0782418 0.546293 0.0987951 0.388785 0.00232315
23 0.330037 0.629564 0.306418 0.585879 0.00230598
0 0.0858361 0.38152 0.0560164 0.369598 0.00228691
0 0.0905738 0.392325 0.0457049 0.294337 0.00225258
23 0.693377 0.508197 0.131541 0.342772 0.00221634
72 0.307393 0.334575 0.164984 0.142325 0.00214005
0 0.0870902 0.308495 0.0468197 0.108793 0.00203514
0 0.604754 0.246647 0.484918 0.456036 0.00203514
72 0.271443 0.463487 0.0936394 0.101341 0.00193405
62 0.307393 0.334575 0.164984 0.142325 0.00188255
0 0.0524631 0.252235 0.10409 0.191133 0.00184631
26 0.105066 0.942623 0.0459836 0.107303 0.00181007
0 0.0748105 0.703428 0.135756 0.581222 0.00161076
6 0.532016 0.252981 0.454262 0.479881 0.0015974
72 0.294295 0.455663 0.138787 0.11848 0.00158501
56 0.097541 0.896423 0.0365082 0.195231 0.00157356
0 0.0537346 0.761364 0.105449 0.295455 0.00154877
26 0.169164 0.90313 0.0994918 0.19076 0.00154877
74 0.118443 0.277943 0.0133771 0.0387481 0.00153637
0 0.0736434 0.51155 0.0882049 0.303279 0.00152493
26 0.106459 0.877049 0.0576885 0.242921 0.00134563
0 0.476 0.292474 0.120393 0.129657 0.00132465
73 0.313246 0.38003 0.174459 0.240686 0.00132465
25 0.444787 0.201379 0.207344 0.16766 0.00130463
56 0.106738 0.915797 0.0560164 0.165425 0.0012598
26 0.0638893 0.925484 0.127221 0.14158 0.00125504
26 0.0713443 0.695976 0.120115 0.42772 0.00124931
0 0.0388422 0.646796 0.0750369 0.217586 0.00122547
23 0.720131 0.552999 0.176131 0.434985 0.00117874
14 0.734623 0.341282 0.0133771 0.0216095 0.00114727
0 0.0994221 0.42772 0.0341393 0.237705 0.00111198
26 0.111057 0.935917 0.0434754 0.119225 0.00109863
56 0.107156 0.939642 0.0504426 0.111773 0.00109482
23 0.29541 0.618107 0.284262 0.458271 0.00107765
23 0.333033 0.652757 0.392951 0.685544 0.878418
23 0.762492 0.55775 0.263082 0.446349 0.877441
0 0.0609109 0.644933 0.121752 0.695231 0.610352
0 0.063332 0.808495 0.125828 0.374069 0.433105
0 0.0706475 0.543219 0.138787 0.764531 0.118774
0 0.0572531 0.45231 0.114297 0.585693 0.0505066
0 0.0558945 0.331921 0.110047 0.349572 0.0321655
0 0.0391209 0.516393 0.0760123 0.441133 0.029541
26 0.0969836 0.938897 0.029541 0.122206 0.0119629
39 0.118443 0.277943 0.0133771 0.0387481 0.00679779
26 0.0833975 0.637854 0.0965656 0.396423 0.00572968
26 0.106041 0.921013 0.054623 0.152012 0.00526047
0 0.109943 0.805514 0.218213 0.38003 0.00526047
72 0.0687141 0.640089 0.129834 0.692996 0.00443268
0 0.103115 0.512295 0.19341 0.671386 0.00335121
26 0.154254 0.913562 0.132377 0.169896 0.00298119
23 0.26984 0.686662 0.301959 0.601341 0.00265312
26 0.0924549 0.652757 0.0812377 0.309985 0.0026207
0 0.0974016 0.466841 0.0415246 0.216841 0.0024147
23 0.32948 0.629564 0.306418 0.585879 0.00235939
0 0.0782418 0.546293 0.0987951 0.388785 0.00228691
23 0.693377 0.507824 0.131541 0.342027 0.00228691
0 0.0856967 0.38152 0.0560164 0.369598 0.00226974
0 0.0905738 0.392791 0.0458443 0.294896 0.00221634
72 0.307393 0.334389 0.164984 0.142697 0.00216484
0 0.0869508 0.308495 0.0468197 0.108793 0.00201988
0 0.604197 0.246274 0.486033 0.455291 0.00201035
72 0.271443 0.463487 0.0936394 0.101341 0.00191879
0 0.0524979 0.252235 0.10402 0.19076 0.00188255
26 0.105135 0.942623 0.0461229 0.107303 0.00183105
62 0.307393 0.334389 0.164984 0.142697 0.00178242
0 0.0747059 0.703428 0.135965 0.581222 0.0017271
6 0.530623 0.252608 0.457049 0.479136 0.00162315
26 0.169199 0.90313 0.0997008 0.19076 0.00161076
56 0.097541 0.896423 0.0365082 0.195231 0.00156116
72 0.294016 0.455663 0.138787 0.11848 0.00156116
0 0.0537172 0.760805 0.105484 0.295082 0.00153637
0 0.0736434 0.51155 0.0882049 0.303279 0.00152493
74 0.118443 0.277943 0.0133771 0.0387481 0.0015192
73 0.313246 0.38003 0.173902 0.240686 0.00137806
0 0.476 0.292474 0.120393 0.130402 0.00136662
26 0.106529 0.877049 0.0578279 0.242921 0.00135612
25 0.444787 0.201379 0.207344 0.16766 0.00129414
56 0.106738 0.915797 0.0560164 0.165425 0.0012846
26 0.0713443 0.696349 0.120115 0.426975 0.0012598
26 0.0638197 0.925484 0.127082 0.14158 0.00124931
23 0.719574 0.552999 0.176131 0.434985 0.00122547
0 0.0388771 0.646423 0.0749672 0.218331 0.0012207
26 0.0884139 0.694858 0.0870902 0.464232 0.00121117
14 0.734623 0.341282 0.0133771 0.0216095 0.0011425
26 0.111057 0.936662 0.0434754 0.117735 0.00110722
56 0.107086 0.939642 0.050582 0.111773 0.00109482
0 0.0994221 0.427813 0.0341393 0.236773 0.00109482
23 0.29541 0.619225 0.284262 0.460507 0.00109482
