0 0.525773 0.552676 0.556176 0.876254 0.842773
40 0.548923 0.395067 0.354792 0.630435 0.271973
0 0.727435 0.578177 0.160661 0.258361 0.0498657
40 0.509874 0.336957 0.278925 0.51505 0.0401001
67 0.66384 0.553512 0.138347 0.284281 0.0284424
76 0.588949 0.382943 0.422013 0.62709 0.0275879
44 0.581418 0.393081 0.423686 0.638587 0.0225372
76 0.609171 0.491221 0.148388 0.2199 0.0200195
0 0.677787 0.575251 0.26442 0.254181 0.0197906
67 0.678344 0.585284 0.124958 0.234114 0.018692
76 0.650452 0.555602 0.147272 0.263378 0.0176392
56 0.147028 0.662625 0.268256 0.634615 0.016983
76 0.626465 0.535535 0.16847 0.291806 0.0164642
67 0.634832 0.534699 0.160661 0.306856 0.0150146
42 0.634832 0.534699 0.160661 0.306856 0.0149536
0 0.733014 0.537625 0.147272 0.175585 0.0141144
0 0.556176 0.43635 0.512105 0.649038 0.011467
67 0.588949 0.382943 0.422013 0.62709 0.0103683
40 0.681134 0.583194 0.11157 0.239967 0.00993347
42 0.66384 0.553512 0.138347 0.284281 0.00967407
42 0.614192 0.512542 0.155082 0.272575 0.00919342
26 0.556733 0.43311 0.232065 0.308528 0.00888062
0 0.630927 0.57107 0.358139 0.270903 0.00871277
0 0.399699 0.602425 0.294544 0.768395 0.00743103
39 0.682807 0.593227 0.118264 0.218227 0.00698471
43 0.609171 0.491221 0.148388 0.2199 0.00695801
67 0.61196 0.498432 0.147272 0.248955 0.00677109
44 0.528283 0.365385 0.312396 0.571906 0.00669098
39 0.581418 0.393081 0.423686 0.638587 0.0064621
26 0.71851 0.577759 0.178512 0.256689 0.00643921
43 0.650452 0.555602 0.147272 0.263378 0.00502014
0 0.669419 0.703595 0.283387 0.557692 0.00502014
67 0.707911 0.578595 0.189669 0.250836 0.00496292
56 0.221884 0.522575 0.0979025 0.351171 0.00486755
76 0.563985 0.470004 0.492023 0.8125 0.0046463
26 0.59913 0.480351 0.153966 0.226589 0.00452042
44 0.650452 0.555602 0.147272 0.263378 0.00446701
56 0.214772 0.433528 0.0825617 0.16806 0.00439835
39 0.707911 0.578595 0.189669 0.250836 0.00362206
62 0.143786 0.664298 0.269162 0.634615 0.00340271
43 0.626465 0.535535 0.16847 0.291806 0.00321007
27 0.71851 0.577759 0.178512 0.256689 0.00313568
65 0.693964 0.595736 0.118264 0.117893 0.00309944
67 0.774295 0.571488 0.0680575 0.106187 0.003088
44 0.626465 0.535535 0.16847 0.291806 0.0029583
72 0.143925 0.660953 0.268883 0.634615 0.00288963
44 0.609171 0.491221 0.148388 0.2199 0.00286674
41 0.682807 0.600334 0.113801 0.206522 0.00286674
57 0.147028 0.662625 0.268256 0.634615 0.00277901
65 0.707911 0.578595 0.189669 0.250836 0.00273705
40 0.707911 0.578595 0.189669 0.250836 0.00268364
67 0.669419 0.621237 0.0658262 0.101171 0.00263214
38 0.581418 0.393081 0.423686 0.638587 0.00258064
67 0.672766 0.633361 0.084793 0.126254 0.00257111
67 0.682807 0.62291 0.11157 0.165552 0.00256157
0 0.14267 0.664716 0.269162 0.635451 0.00256157
76 0.674997 0.586538 0.130537 0.230769 0.00248146
0 0.632043 0.597408 0.355908 0.768395 0.00245285
40 0.478913 0.266095 0.217003 0.34908 0.00242424
40 0.682807 0.62291 0.11157 0.165552 0.0024147
42 0.678344 0.585284 0.124958 0.234114 0.00219917
79 0.588949 0.382943 0.422013 0.62709 0.00211525
26 0.645989 0.544314 0.131652 0.272575 0.00210762
26 0.529957 0.420569 0.313511 0.345318 0.00209999
63 0.609171 0.491221 0.148388 0.2199 0.00201988
57 0.344472 0.658131 0.669977 0.643604 0.00199509
42 0.606382 0.478261 0.146156 0.233278 0.00176811
56 0.241549 0.524979 0.141694 0.359741 0.00171375
65 0.678344 0.585284 0.124958 0.234114 0.00170708
56 0.191342 0.531041 0.137231 0.367684 0.00169373
27 0.692849 0.587375 0.138347 0.232441 0.0016489
67 0.639295 0.544314 0.136115 0.244147 0.00164223
0 0.580303 0.547763 0.46162 0.317517 0.00162888
67 0.580303 0.547763 0.46162 0.317517 0.00156689
26 0.673324 0.566054 0.122727 0.247492 0.00145531
56 0.340846 0.660953 0.654915 0.644649 0.0014267
26 0.692849 0.587375 0.138347 0.232441 0.00137806
79 0.606382 0.478261 0.146156 0.233278 0.00131512
26 0.626465 0.524352 0.172933 0.314172 0.0012846
39 0.682807 0.62291 0.11157 0.165552 0.00121117
44 0.674997 0.586538 0.130537 0.230769 0.00120163
39 0.673324 0.566054 0.122727 0.247492 0.0011692
39 0.636506 0.571488 0.346982 0.260033 0.00115108
43 0.673324 0.566054 0.122727 0.247492 0.0011158
25 0.43059 0.371446 0.489931 0.608278 0.0011158
67 0.773179 0.562709 0.0602477 0.083612 0.00109005
36 0.588531 0.386288 0.434007 0.627926 0.00107765
65 0.701774 0.58612 0.09595 0.100334 0.00106525
34 0.588949 0.382943 0.422013 0.62709 0.00104809
38 0.607498 0.486518 0.145041 0.224289 0.00104427
23 0.528283 0.365385 0.312396 0.571906 0.00103664
67 0.636506 0.571488 0.346982 0.260033 0.00101662
41 0.672766 0.633361 0.084793 0.126254 0.00101185
41 0.636506 0.571488 0.346982 0.260033 0.00100803
0 0.526052 0.545569 0.554502 0.892141 0.806641
40 0.557291 0.397575 0.373759 0.63796 0.309082
0 0.717394 0.578595 0.180743 0.26087 0.0471497
67 0.660493 0.553512 0.145041 0.287625 0.0339661
40 0.511548 0.337584 0.284503 0.51714 0.0304413
76 0.588531 0.383361 0.421734 0.631271 0.0294189
44 0.58365 0.397575 0.430381 0.647993 0.0249939
67 0.637203 0.536371 0.171539 0.311873 0.02034
76 0.609729 0.490803 0.150619 0.225752 0.0184021
67 0.678344 0.585284 0.122727 0.234114 0.0176392
0 0.733572 0.550167 0.148388 0.202341 0.0172424
76 0.648778 0.55602 0.158429 0.272575 0.0165253
76 0.62758 0.539298 0.17628 0.30184 0.0159607
0 0.6796 0.575669 0.260794 0.255017 0.0147324
42 0.637203 0.536371 0.171539 0.311873 0.0134811
56 0.147412 0.662207 0.265815 0.633779 0.0127258
67 0.588531 0.383361 0.421734 0.631271 0.0124817
26 0.55771 0.426421 0.230113 0.321906 0.0106964
42 0.660493 0.553512 0.145041 0.287625 0.00881195
40 0.682807 0.592809 0.116033 0.220736 0.0085144
26 0.719068 0.576087 0.178512 0.259197 0.00740433
43 0.609729 0.490803 0.150619 0.225752 0.00728989
0 0.587973 0.389214 0.434007 0.632943 0.00712204
39 0.678344 0.585284 0.122727 0.234114 0.00653839
39 0.58365 0.397575 0.430381 0.647993 0.00651169
44 0.530236 0.369983 0.318532 0.58194 0.00626373
67 0.612379 0.500104 0.149782 0.264005 0.00588989
56 0.22035 0.520903 0.0942765 0.348662 0.00551224
26 0.585602 0.467287 0.178791 0.246028 0.00524139
42 0.609729 0.490803 0.150619 0.225752 0.00524139
43 0.648778 0.55602 0.158429 0.272575 0.0049057
56 0.214493 0.438127 0.0831195 0.17893 0.00446701
67 0.708468 0.577341 0.189669 0.253344 0.00446701
44 0.648778 0.55602 0.158429 0.272575 0.00408554
26 0.606382 0.487458 0.143925 0.217391 0.0039444
39 0.708468 0.577341 0.189669 0.253344 0.00366402
38 0.58365 0.397575 0.430381 0.647993 0.00365067
76 0.563288 0.477425 0.493418 0.824415 0.00342941
43 0.62758 0.539298 0.17628 0.30184 0.00341606
40 0.479192 0.265886 0.217561 0.350334 0.00333786
27 0.719068 0.576087 0.178512 0.259197 0.00324821
0 0.669558 0.699415 0.283108 0.562709 0.00312424
44 0.609729 0.490803 0.150619 0.225752 0.00282288
67 0.669419 0.62291 0.0669419 0.103679 0.00279999
40 0.708468 0.577341 0.189669 0.253344 0.00279045
67 0.672766 0.634197 0.0870245 0.127926 0.00276756
65 0.708468 0.577341 0.189669 0.253344 0.00276756
44 0.62758 0.539298 0.17628 0.30184 0.0027256
41 0.682807 0.592809 0.116033 0.220736 0.00268364
67 0.774295 0.571906 0.0680575 0.107023 0.00261116
62 0.144622 0.66388 0.268604 0.635452 0.00260162
26 0.53163 0.418792 0.317974 0.349707 0.00247192
65 0.693406 0.596572 0.11938 0.119565 0.00246239
72 0.146575 0.661789 0.270278 0.636288 0.00245285
79 0.588531 0.383361 0.421734 0.631271 0.00220871
26 0.648779 0.542642 0.146156 0.282609 0.00218201
63 0.609729 0.490803 0.150619 0.225752 0.00210762
56 0.242246 0.524666 0.14253 0.358696 0.0020504
67 0.682249 0.62291 0.11157 0.165552 0.0019722
65 0.678344 0.585284 0.122727 0.234114 0.00190449
76 0.673882 0.586957 0.129421 0.230769 0.00188923
57 0.147412 0.662207 0.265815 0.633779 0.00188923
42 0.678344 0.585284 0.122727 0.234114 0.00183105
0 0.641666 0.575355 0.334431 0.809156 0.00183105
57 0.341683 0.657609 0.659935 0.639632 0.0018034
26 0.629393 0.525502 0.180464 0.322742 0.00176811
27 0.682807 0.592809 0.116033 0.220736 0.00164223
0 0.143367 0.66388 0.26721 0.635452 0.0015974
0 0.404441 0.606083 0.306817 0.761079 0.00151253
67 0.581279 0.545882 0.458552 0.321279 0.00150108
23 0.573329 0.438545 0.410856 0.723244 0.00141048
41 0.672766 0.634197 0.0870245 0.127926 0.00137806
26 0.67165 0.563545 0.12719 0.257525 0.00136662
26 0.691733 0.584448 0.136115 0.23913 0.00136662
67 0.638179 0.545569 0.146156 0.252508 0.00134563
69 0.58365 0.397575 0.430381 0.647993 0.00134563
40 0.67165 0.563545 0.12719 0.257525 0.00133514
56 0.573329 0.438545 0.410856 0.723244 0.00127888
79 0.606382 0.476589 0.147272 0.237458 0.00127411
56 0.341961 0.660535 0.628138 0.642141 0.0012598
36 0.587973 0.389214 0.434007 0.632943 0.00122547
65 0.672766 0.634197 0.0870245 0.127926 0.0011158
63 0.648778 0.55602 0.158429 0.272575 0.00109863
43 0.588531 0.383361 0.421734 0.631271 0.00109863
56 0.196363 0.474916 0.121053 0.255853 0.00109005
23 0.530236 0.369983 0.318532 0.58194 0.00108147
38 0.607079 0.484009 0.146993 0.227634 0.00106907
34 0.588531 0.383361 0.421734 0.631271 0.00104046
0 0.581279 0.545882 0.458552 0.321279 0.00104046
67 0.638319 0.571906 0.343356 0.26087 0.00102806
44 0.673882 0.586957 0.129421 0.230769 0.00101662
78 0.588531 0.383361 0.421734 0.631271 0.00101185
0 0.52661 0.542224 0.555618 0.898829 0.791992
40 0.561057 0.398829 0.384079 0.640468 0.334473
0 0.71851 0.578595 0.178512 0.26087 0.0431213
67 0.659378 0.554348 0.149504 0.287625 0.0368958
40 0.511269 0.335284 0.287292 0.513378 0.0288696
76 0.587973 0.384615 0.421734 0.632107 0.0257568
67 0.638179 0.536685 0.174049 0.312918 0.0238647
44 0.561057 0.398829 0.384079 0.640468 0.0236053
67 0.678344 0.585702 0.123843 0.233278 0.0172424
76 0.610287 0.491534 0.153966 0.229306 0.0171814
76 0.647105 0.556856 0.165123 0.272575 0.0153046
0 0.733572 0.550167 0.148388 0.202341 0.0142822
67 0.587973 0.384615 0.421734 0.632107 0.0124283
42 0.638179 0.536685 0.174049 0.312918 0.0123367
0 0.679321 0.576087 0.261352 0.255853 0.0111618
76 0.617957 0.523829 0.165402 0.308528 0.0104904
26 0.552828 0.427362 0.242107 0.320861 0.0104523
56 0.147412 0.661476 0.270836 0.636915 0.00908661
42 0.659378 0.554348 0.149504 0.287625 0.008255
40 0.682807 0.592809 0.116033 0.220736 0.00760651
43 0.610287 0.491534 0.153966 0.229306 0.00743103
26 0.719068 0.575669 0.178512 0.26087 0.00723267
0 0.552828 0.44398 0.5188 0.650502 0.0064621
39 0.584626 0.39977 0.434007 0.653637 0.00641251
39 0.678344 0.585702 0.123843 0.233278 0.00551224
67 0.614192 0.502926 0.153966 0.273411 0.00548935
56 0.220071 0.519335 0.0942765 0.344273 0.00542831
42 0.610287 0.491534 0.153966 0.229306 0.00494385
26 0.581837 0.467391 0.188553 0.247492 0.00473785
43 0.647105 0.556856 0.165123 0.272575 0.00452042
56 0.214493 0.436455 0.0831195 0.176421 0.00438309
26 0.60694 0.475753 0.148388 0.23913 0.00432968
67 0.708468 0.576923 0.189669 0.254181 0.00432968
44 0.647105 0.556856 0.165123 0.272575 0.00387001
40 0.478635 0.266304 0.218677 0.350334 0.00385475
38 0.584626 0.39977 0.434007 0.653637 0.00337601
39 0.708468 0.576923 0.189669 0.254181 0.00335121
27 0.719068 0.575669 0.178512 0.26087 0.00319672
67 0.673882 0.634615 0.0870245 0.12709 0.0030632
44 0.610287 0.491534 0.153966 0.229306 0.0030632
76 0.560638 0.467496 0.498717 0.804139 0.00300407
43 0.617957 0.523829 0.165402 0.308528 0.00283432
65 0.708468 0.576923 0.189669 0.254181 0.00276756
40 0.708468 0.576923 0.189669 0.254181 0.00270462
67 0.669419 0.623328 0.0669419 0.103679 0.00268364
0 0.587973 0.384615 0.421734 0.632107 0.0026722
41 0.682807 0.592809 0.116033 0.220736 0.00245285
26 0.530793 0.420987 0.326342 0.34699 0.002388
79 0.587973 0.384615 0.421734 0.632107 0.00227928
67 0.774295 0.571906 0.0680575 0.107023 0.00224304
56 0.242943 0.523411 0.144483 0.355351 0.00221634
0 0.670674 0.701087 0.280877 0.505853 0.00221634
72 0.146435 0.661789 0.270557 0.636288 0.00214958
65 0.693406 0.59699 0.121611 0.120401 0.00214005
62 0.146017 0.663043 0.26972 0.633779 0.00200272
65 0.678344 0.585702 0.123843 0.233278 0.00196457
63 0.610287 0.491534 0.153966 0.229306 0.00191879
67 0.681692 0.624582 0.11157 0.162207 0.00191879
26 0.650452 0.543478 0.151735 0.284281 0.00189686
26 0.630927 0.525815 0.182975 0.326296 0.00182438
44 0.617957 0.523829 0.165402 0.308528 0.00181007
23 0.574027 0.449415 0.41504 0.746655 0.00156116
42 0.678344 0.585702 0.123843 0.233278 0.0015192
57 0.341404 0.656773 0.651568 0.636288 0.00150681
27 0.691175 0.583194 0.133884 0.241639 0.00149536
40 0.681692 0.624582 0.11157 0.162207 0.00149536
76 0.673882 0.587793 0.131652 0.229097 0.0014782
69 0.584626 0.39977 0.434007 0.653637 0.00146103
41 0.673882 0.634615 0.0870245 0.12709 0.0014267
56 0.574027 0.449415 0.41504 0.746655 0.00136662
36 0.587415 0.390468 0.435122 0.634615 0.00134563
67 0.578908 0.544419 0.462178 0.325878 0.00131512
65 0.673882 0.634615 0.0870245 0.12709 0.00129414
79 0.60694 0.475753 0.148388 0.23913 0.0012598
40 0.671092 0.564799 0.129421 0.255017 0.00122547
26 0.691175 0.583194 0.133884 0.241639 0.00121117
0 0.61196 0.577864 0.393841 0.800794 0.0012064
56 0.355629 0.659699 0.587415 0.638796 0.00120163
63 0.647105 0.556856 0.165123 0.272575 0.00119686
43 0.587973 0.384615 0.421734 0.632107 0.00119686
0 0.144343 0.663043 0.266931 0.633779 0.00119686
57 0.148248 0.661789 0.264699 0.632943 0.00118351
57 0.240712 0.530518 0.139462 0.365385 0.0011692
23 0.532188 0.372492 0.325784 0.587793 0.00110722
26 0.671092 0.564799 0.129421 0.255017 0.00109005
65 0.587973 0.384615 0.421734 0.632107 0.00106907
56 0.19706 0.471154 0.119659 0.248328 0.00105667
41 0.708468 0.576923 0.189669 0.254181 0.00101662
0 0.526888 0.532609 0.557291 0.916388 0.78125
40 0.563567 0.397993 0.392447 0.638796 0.443604
67 0.656031 0.553512 0.156198 0.287625 0.0352783
0 0.717952 0.578595 0.179627 0.26087 0.0330811
40 0.51099 0.336538 0.288966 0.515886 0.03125
44 0.582394 0.393813 0.431775 0.642141 0.0263519
76 0.584626 0.38796 0.43066 0.628762 0.0210419
67 0.581418 0.385242 0.410298 0.627508 0.0183411
76 0.612658 0.495924 0.160382 0.242266 0.0165863
67 0.677229 0.58612 0.124958 0.232441 0.0151901
67 0.626883 0.539298 0.181022 0.302676 0.0126724
76 0.626883 0.539298 0.181022 0.302676 0.0119171
42 0.63804 0.537207 0.174328 0.311873 0.0113754
26 0.548923 0.426526 0.252148 0.324206 0.00989532
56 0.148702 0.660535 0.273276 0.635451 0.00937653
0 0.733014 0.551839 0.149504 0.205686 0.00926971
0 0.551434 0.450564 0.52382 0.674122 0.00775528
39 0.584626 0.38796 0.43066 0.628762 0.00751877
40 0.682807 0.593227 0.117148 0.2199 0.00734711
0 0.66663 0.575669 0.286734 0.256689 0.00731659
43 0.612658 0.495924 0.160382 0.242266 0.00717545
67 0.612658 0.495924 0.160382 0.242266 0.0068779
26 0.719068 0.575251 0.178512 0.261706 0.00636292
42 0.612658 0.495924 0.160382 0.242266 0.00561905
56 0.220071 0.516304 0.0937186 0.338629 0.00559998
40 0.478077 0.267506 0.219793 0.349603 0.00544739
76 0.656031 0.553512 0.156198 0.287625 0.00518036
0 0.59146 0.57107 0.439306 0.274247 0.00503922
67 0.707353 0.576505 0.1919 0.255017 0.00439835
39 0.682807 0.593227 0.117148 0.2199 0.00438309
56 0.214493 0.437291 0.0831195 0.177258 0.00436401
26 0.577932 0.465615 0.197479 0.252717 0.0042305
0 0.584626 0.38796 0.43066 0.628762 0.00372124
27 0.719068 0.575251 0.178512 0.261706 0.00355148
43 0.643758 0.555184 0.170702 0.274247 0.00349617
26 0.607498 0.475334 0.150619 0.244147 0.00337601
44 0.612658 0.495924 0.160382 0.242266 0.00309944
67 0.673324 0.634615 0.0881402 0.12709 0.00299263
39 0.707353 0.576505 0.1919 0.255017 0.00293541
43 0.620468 0.524979 0.171539 0.316263 0.00288963
65 0.707353 0.576505 0.1919 0.255017 0.00282288
44 0.643758 0.555184 0.170702 0.274247 0.00281143
79 0.581418 0.385242 0.410298 0.627508 0.00270462
56 0.243501 0.521635 0.145599 0.35138 0.00264168
40 0.707353 0.576505 0.1919 0.255017 0.00260162
38 0.582394 0.393813 0.431775 0.642141 0.00252151
26 0.532188 0.422659 0.338057 0.34699 0.00251198
42 0.668303 0.564381 0.136115 0.254181 0.00247192
67 0.774295 0.571906 0.0669419 0.105351 0.00233269
26 0.616423 0.509615 0.161776 0.293478 0.00213242
67 0.669977 0.622074 0.0658262 0.100334 0.00203514
65 0.693406 0.597408 0.122727 0.120401 0.00201988
41 0.682807 0.593227 0.117148 0.2199 0.00201988
23 0.573469 0.44607 0.417271 0.743311 0.00200272
44 0.620468 0.524979 0.171539 0.316263 0.00192642
67 0.682249 0.624164 0.11157 0.163043 0.00190449
63 0.612658 0.495924 0.160382 0.242266 0.00184631
65 0.581418 0.385242 0.410298 0.627508 0.00182438
65 0.677229 0.58612 0.124958 0.232441 0.00178909
57 0.344751 0.655518 0.635948 0.632107 0.00168705
72 0.14783 0.661476 0.27223 0.636915 0.0016613
67 0.575142 0.529264 0.47194 0.359532 0.00160408
56 0.367623 0.659281 0.552271 0.63796 0.00154877
65 0.673324 0.634615 0.0881402 0.12709 0.00152493
57 0.24113 0.52916 0.140299 0.361413 0.00151253
62 0.147412 0.662207 0.270836 0.632107 0.00150108
40 0.682249 0.624164 0.11157 0.163043 0.00149536
27 0.690617 0.582776 0.133884 0.242475 0.00148964
43 0.581418 0.385242 0.410298 0.627508 0.00146675
56 0.573469 0.44607 0.417271 0.743311 0.00142097
69 0.573469 0.44607 0.417271 0.743311 0.00141621
79 0.607498 0.475334 0.150619 0.244147 0.00132465
0 0.67179 0.703177 0.280877 0.513378 0.00131989
26 0.649894 0.54306 0.152851 0.284281 0.00131512
41 0.673324 0.634615 0.0881402 0.12709 0.00126934
57 0.149643 0.66064 0.265257 0.631898 0.0012598
0 0.14518 0.662207 0.266373 0.632107 0.00124931
63 0.643758 0.555184 0.170702 0.274247 0.0011692
40 0.56287 0.440217 0.494254 0.748328 0.00107765
56 0.19441 0.469482 0.124958 0.244983 0.00107288
23 0.536093 0.375 0.335825 0.592809 0.00106907
56 0.193051 0.528428 0.136603 0.357859 0.00103664
67 0.625349 0.57107 0.36818 0.265886 0.00101662
40 0.668303 0.564381 0.136115 0.254181 0.00100803
65 0.699543 0.60786 0.0981814 0.11204 0.00100422
0 0.526888 0.525084 0.559523 0.931438 0.782715
40 0.562312 0.396739 0.39161 0.636288 0.602051
40 0.510711 0.344482 0.289524 0.531773 0.0446777
44 0.576816 0.389632 0.42285 0.635451 0.0406799
67 0.652683 0.553094 0.162892 0.287625 0.0282135
67 0.566217 0.386706 0.380453 0.62291 0.0264587
0 0.717394 0.579013 0.180743 0.261706 0.0259094
76 0.574585 0.387542 0.412808 0.624582 0.0200195
76 0.614192 0.499059 0.164008 0.249373 0.0163422
67 0.621444 0.524979 0.174049 0.316263 0.0132217
42 0.621444 0.524979 0.174049 0.316263 0.01297
56 0.151212 0.660535 0.264909 0.630435 0.011467
67 0.676671 0.58612 0.128305 0.232441 0.0110703
76 0.627022 0.538462 0.182974 0.30184 0.0106964
0 0.550597 0.457462 0.525494 0.688754 0.01017
39 0.574585 0.387542 0.412808 0.624582 0.00937653
40 0.682807 0.592809 0.118264 0.219063 0.0088501
26 0.547808 0.424749 0.256611 0.329431 0.00784302
40 0.476961 0.267349 0.220908 0.348244 0.00772476
42 0.652683 0.553094 0.162892 0.287625 0.0064888
43 0.614192 0.499059 0.164008 0.249373 0.00636292
0 0.733014 0.553094 0.149504 0.208194 0.00629044
26 0.719068 0.574833 0.178512 0.263378 0.005867
56 0.219514 0.515991 0.0926029 0.337584 0.00544739
0 0.646129 0.575251 0.327736 0.257525 0.00443268
76 0.652683 0.553094 0.162892 0.287625 0.00411606
0 0.570122 0.57107 0.480866 0.279264 0.00408554
44 0.614192 0.499059 0.164008 0.249373 0.00407028
39 0.682807 0.592809 0.118264 0.219063 0.00400543
67 0.600106 0.443144 0.390773 0.521739 0.00399017
56 0.214493 0.437395 0.0831195 0.178721 0.00376511
67 0.706237 0.576505 0.194131 0.255017 0.00342941
27 0.719068 0.574833 0.178512 0.263378 0.00337601
79 0.566217 0.386706 0.380453 0.62291 0.00337601
26 0.574445 0.461643 0.205567 0.262333 0.00300407
40 0.706237 0.576505 0.194131 0.255017 0.00300407
43 0.641526 0.552676 0.17628 0.276756 0.00296974
44 0.641526 0.552676 0.17628 0.276756 0.00290108
56 0.243083 0.521635 0.144762 0.35138 0.00269318
67 0.673882 0.635033 0.0892559 0.126254 0.00264168
39 0.706237 0.576505 0.194131 0.255017 0.00255013
56 0.380104 0.659281 0.513918 0.636288 0.00255013
65 0.566217 0.386706 0.380453 0.62291 0.00254059
67 0.609171 0.483278 0.155082 0.232441 0.0024147
42 0.611403 0.489548 0.158429 0.25 0.0024147
65 0.706237 0.576505 0.194131 0.255017 0.0024147
57 0.356744 0.654787 0.603035 0.630226 0.00235939
26 0.534977 0.423077 0.350329 0.34699 0.00226021
23 0.571238 0.428512 0.41504 0.709866 0.00219154
38 0.576816 0.389632 0.42285 0.635451 0.00215721
26 0.607498 0.48704 0.151735 0.225753 0.00213242
41 0.682807 0.592809 0.118264 0.219063 0.00209999
65 0.69508 0.608696 0.118264 0.137124 0.00201035
67 0.774295 0.572324 0.0669419 0.104515 0.00192642
67 0.572911 0.51296 0.476403 0.397157 0.00183105
26 0.617539 0.512646 0.166239 0.300794 0.00181007
40 0.682249 0.626254 0.11157 0.158863 0.0018034
57 0.240712 0.529369 0.14002 0.362667 0.00179577
65 0.673882 0.635033 0.0892559 0.126254 0.00178242
43 0.576816 0.387542 0.417271 0.628762 0.00176144
57 0.151212 0.660535 0.264909 0.630435 0.0017004
65 0.682807 0.592809 0.118264 0.219063 0.0016489
0 0.574585 0.387542 0.412808 0.624582 0.00162888
56 0.571238 0.428512 0.41504 0.709866 0.00159168
79 0.607498 0.474498 0.152851 0.246656 0.00157928
67 0.682249 0.626254 0.11157 0.158863 0.00156116
72 0.146993 0.66064 0.267768 0.635242 0.00154877
69 0.571238 0.428512 0.41504 0.709866 0.00148964
67 0.669977 0.621237 0.0647105 0.0986622 0.00146103
56 0.527725 0.536789 0.562312 0.919732 0.00141621
0 0.864108 0.34699 0.161776 0.601171 0.00135136
27 0.688386 0.582776 0.12719 0.242475 0.00134563
41 0.673882 0.635033 0.0892559 0.126254 0.00130939
42 0.574585 0.387542 0.412808 0.624582 0.00130463
41 0.566217 0.386706 0.380453 0.62291 0.0012846
40 0.543345 0.530936 0.509874 0.91806 0.00127411
0 0.145633 0.662625 0.265466 0.631271 0.00127411
62 0.148806 0.662312 0.271394 0.631898 0.00126934
67 0.565101 0.418165 0.485329 0.70046 0.00125504
63 0.614192 0.499059 0.164008 0.249373 0.00121117
23 0.538882 0.376045 0.343635 0.5949 0.00120163
69 0.527725 0.536789 0.562312 0.919732 0.0011692
40 0.666072 0.562709 0.140578 0.257525 0.00109863
13 0.356744 0.654787 0.603035 0.630226 0.00109863
42 0.676671 0.58612 0.128305 0.232441 0.00108624
57 0.222303 0.541388 0.0970657 0.368729 0.00106525
65 0.600106 0.443144 0.390773 0.521739 0.00104046
65 0.700101 0.608696 0.0970657 0.110368 0.00103188
26 0.648778 0.542224 0.157313 0.286789 0.00100803
0 0.528562 0.537625 0.560638 0.904682 0.782227
40 0.561196 0.395067 0.390494 0.629599 0.770508
40 0.514337 0.351171 0.296776 0.543478 0.0731812
44 0.569146 0.38587 0.408067 0.626254 0.0549927
67 0.555757 0.389214 0.363439 0.617057 0.0481262
67 0.636924 0.537207 0.176559 0.310201 0.024704
0 0.71851 0.579013 0.178512 0.261706 0.024231
56 0.151979 0.66064 0.270069 0.630226 0.0205688
76 0.561196 0.387542 0.387147 0.619565 0.0171051
67 0.66384 0.561873 0.142809 0.255853 0.0159607
76 0.614192 0.501777 0.166239 0.257316 0.0157776
42 0.621304 0.525084 0.174328 0.314381 0.0127716
39 0.561196 0.387542 0.387147 0.619565 0.0103683
40 0.476403 0.268865 0.220908 0.344377 0.00955963
40 0.484213 0.320861 0.234297 0.480351 0.00871277
40 0.682807 0.592809 0.116033 0.219063 0.00867462
67 0.614192 0.501777 0.166239 0.257316 0.00857544
76 0.626046 0.537207 0.182696 0.297659 0.00821686
67 0.682807 0.592809 0.116033 0.219063 0.00740433
67 0.607498 0.474498 0.351445 0.448161 0.0069313
26 0.541393 0.427676 0.269441 0.323579 0.00671768
0 0.550039 0.409803 0.523262 0.672032 0.0064888
56 0.232344 0.527592 0.118822 0.355351 0.00609589
0 0.733014 0.552676 0.149504 0.207358 0.00572968
0 0.557291 0.571906 0.506527 0.282609 0.00557709
43 0.614192 0.501777 0.166239 0.257316 0.00508118
26 0.719068 0.574415 0.178512 0.264214 0.00488663
42 0.638737 0.551003 0.180743 0.275084 0.00481033
44 0.614192 0.501777 0.166239 0.257316 0.00421524
56 0.377106 0.660431 0.515453 0.635661 0.00411606
56 0.214493 0.437709 0.0825617 0.17893 0.0037365
56 0.216585 0.512124 0.0870245 0.328595 0.00367928
27 0.719068 0.574415 0.178512 0.264214 0.00363541
40 0.705121 0.576087 0.196363 0.255853 0.0036068
67 0.705121 0.576087 0.196363 0.255853 0.00346947
39 0.682807 0.592809 0.116033 0.219063 0.00344276
79 0.555757 0.389214 0.363439 0.617057 0.00335121
65 0.555757 0.389214 0.363439 0.617057 0.00316048
65 0.705121 0.576087 0.196363 0.255853 0.00287819
57 0.366786 0.654682 0.578489 0.62709 0.00281143
39 0.705121 0.576087 0.196363 0.255853 0.0026722
57 0.151979 0.66064 0.270069 0.630226 0.00256157
56 0.528841 0.539716 0.562312 0.917224 0.00255013
44 0.638737 0.551003 0.180743 0.275084 0.00251198
26 0.566217 0.466451 0.222024 0.25439 0.00245285
43 0.56803 0.385033 0.401372 0.617893 0.0024147
67 0.572911 0.496656 0.475287 0.43311 0.00237846
67 0.673882 0.635451 0.0892559 0.125418 0.00234985
43 0.638737 0.551003 0.180743 0.275084 0.00225258
41 0.555757 0.389214 0.363439 0.617057 0.00220871
40 0.528841 0.539716 0.562312 0.917224 0.00209999
57 0.240712 0.530518 0.139462 0.363712 0.00208282
67 0.773737 0.572324 0.0669419 0.102843 0.0020752
65 0.695638 0.608278 0.11938 0.134615 0.00206757
72 0.147969 0.661267 0.26972 0.635661 0.00206757
23 0.568448 0.410953 0.409461 0.674749 0.00201035
65 0.673882 0.635451 0.0892559 0.125418 0.00196457
41 0.682807 0.592809 0.116033 0.219063 0.00196457
38 0.561196 0.387542 0.387147 0.619565 0.00195694
79 0.6068 0.473976 0.154245 0.249373 0.00194931
40 0.681692 0.628762 0.11157 0.153846 0.00186729
0 0.403325 0.601589 0.304586 0.770067 0.00183105
42 0.6068 0.473976 0.154245 0.249373 0.00174141
65 0.682807 0.592809 0.116033 0.219063 0.00171375
42 0.56803 0.385033 0.401372 0.617893 0.00170708
0 0.862993 0.344064 0.156198 0.617057 0.0016489
26 0.60694 0.488294 0.153966 0.225752 0.00162888
62 0.149782 0.662625 0.273904 0.631271 0.00162888
65 0.607498 0.474498 0.351445 0.448161 0.00162315
26 0.618655 0.514946 0.169586 0.302885 0.00155449
0 0.666072 0.575251 0.288966 0.255853 0.00150108
42 0.66384 0.561873 0.142809 0.255853 0.00149536
56 0.577374 0.366221 0.420618 0.58612 0.00147247
40 0.572911 0.496656 0.475287 0.43311 0.00147247
13 0.366786 0.654682 0.578489 0.62709 0.00144386
67 0.551155 0.456522 0.523262 0.693144 0.00143242
41 0.673882 0.635451 0.0892559 0.125418 0.00139427
67 0.681692 0.628762 0.11157 0.153846 0.00135136
0 0.146401 0.662625 0.267279 0.631271 0.00133514
27 0.690059 0.58194 0.131652 0.243311 0.00131989
69 0.568448 0.410953 0.409461 0.674749 0.00127411
0 0.557849 0.396321 0.3838 0.618729 0.00126457
69 0.528841 0.539716 0.562312 0.917224 0.00121593
67 0.670535 0.619983 0.0635948 0.0936455 0.0012064
57 0.22314 0.542224 0.0992971 0.368729 0.0011692
63 0.561196 0.387542 0.387147 0.619565 0.00116062
56 0.256332 0.640468 0.476961 0.591973 0.00113773
67 0.60694 0.568562 0.403883 0.270903 0.00112438
56 0.273625 0.902801 0.0524378 0.170987 0.00110722
56 0.200826 0.527592 0.11938 0.356187 0.0011034
57 0.256332 0.640468 0.476961 0.591973 0.00104427
56 0.204173 0.471676 0.104318 0.248955 0.00104046
67 0.591181 0.474916 0.174328 0.249164 0.00102043
65 0.638737 0.551003 0.180743 0.275084 0.00101662
65 0.701216 0.609532 0.09595 0.107023 0.00100803
40 0.66384 0.561873 0.142809 0.255853 0.00100422
40 0.557849 0.394753 0.384916 0.626881 0.834473
0 0.529399 0.59699 0.577932 0.785953 0.765625
40 0.524657 0.343227 0.320763 0.523411 0.123352
67 0.553526 0.391304 0.361207 0.608696 0.0598755
44 0.562172 0.38587 0.395236 0.621237 0.0562439
56 0.153164 0.661371 0.273276 0.630435 0.0422363
0 0.719068 0.579431 0.177396 0.262542 0.0247955
67 0.637064 0.537625 0.17628 0.310201 0.0218658
76 0.614192 0.503344 0.166239 0.26087 0.0153046
76 0.563428 0.386288 0.392726 0.61204 0.0149002
40 0.483097 0.319816 0.232065 0.477425 0.0145569
67 0.664956 0.560201 0.142809 0.257525 0.0126724
0 0.551155 0.465615 0.523262 0.682483 0.0124283
42 0.620886 0.525084 0.174049 0.313545 0.0118713
40 0.476124 0.269022 0.221466 0.341555 0.0105286
67 0.614192 0.503344 0.166239 0.26087 0.0085144
39 0.556176 0.388378 0.378222 0.614549 0.00847626
56 0.367901 0.661267 0.524936 0.635661 0.00803375
40 0.683365 0.592809 0.117148 0.219063 0.00769424
56 0.234576 0.52592 0.123285 0.352007 0.00728989
76 0.636924 0.550167 0.181022 0.27592 0.00703812
0 0.553386 0.573579 0.513221 0.284281 0.00698471
67 0.609729 0.497074 0.328015 0.397993 0.00695801
40 0.563567 0.459135 0.336662 0.474707 0.0064621
67 0.676113 0.585284 0.129421 0.234114 0.00609589
0 0.733014 0.552676 0.149504 0.205686 0.00575256
56 0.217003 0.521321 0.0881402 0.341973 0.00538635
26 0.540835 0.429034 0.271672 0.322533 0.00524139
57 0.151874 0.66064 0.273067 0.625209 0.00521851
0 0.398862 0.603679 0.29566 0.765886 0.00518036
26 0.719068 0.574415 0.177396 0.264214 0.00477219
57 0.370412 0.655414 0.564543 0.625627 0.00469971
44 0.614192 0.503344 0.166239 0.26087 0.00445175
43 0.614192 0.503344 0.166239 0.26087 0.00418091
56 0.214214 0.438963 0.0825617 0.180602 0.00387001
40 0.706237 0.576087 0.194131 0.255017 0.00362206
42 0.648221 0.552257 0.169586 0.287625 0.00338936
27 0.719068 0.574415 0.177396 0.264214 0.00336266
76 0.563567 0.459135 0.336662 0.474707 0.00331116
41 0.563567 0.459135 0.336662 0.474707 0.00302696
65 0.706237 0.576087 0.194131 0.255017 0.00298119
39 0.683365 0.592809 0.117148 0.219063 0.00291252
67 0.706237 0.576087 0.194131 0.255017 0.00286674
57 0.240851 0.529682 0.138626 0.36204 0.00283432
65 0.563567 0.459135 0.336662 0.474707 0.00279999
56 0.205288 0.636288 0.374875 0.58194 0.00275803
41 0.563428 0.386288 0.392726 0.61204 0.00269318
79 0.553526 0.391304 0.361207 0.608696 0.00266266
44 0.563567 0.459135 0.336662 0.474707 0.0026207
39 0.706237 0.576087 0.194131 0.255017 0.00259018
0 0.862435 0.344273 0.151735 0.647575 0.00244331
56 0.528283 0.543478 0.561196 0.909699 0.00244331
40 0.528283 0.543478 0.561196 0.909699 0.002388
72 0.148946 0.661789 0.271673 0.636288 0.00234222
42 0.563428 0.386288 0.392726 0.61204 0.00233269
13 0.411135 0.657086 0.565659 0.645694 0.00222588
44 0.636924 0.550167 0.181022 0.27592 0.00219917
43 0.563428 0.386288 0.392726 0.61204 0.00216484
67 0.773737 0.571906 0.0669419 0.102007 0.00214958
26 0.566775 0.467809 0.222024 0.253344 0.00213242
79 0.6068 0.473349 0.154245 0.250627 0.00213242
67 0.572911 0.510765 0.476403 0.404891 0.00211525
65 0.695638 0.60786 0.121611 0.133779 0.00203514
65 0.673882 0.635451 0.0914873 0.125418 0.00198746
38 0.556176 0.388378 0.378222 0.614549 0.00198746
67 0.673882 0.635451 0.0914873 0.125418 0.00195694
56 0.573469 0.361622 0.413924 0.573579 0.00193405
62 0.15048 0.663043 0.275299 0.630435 0.00191879
40 0.67946 0.633361 0.107107 0.142977 0.00188923
57 0.205288 0.636288 0.374875 0.58194 0.00188255
43 0.636924 0.550167 0.181022 0.27592 0.00181007
40 0.572911 0.510765 0.476403 0.404891 0.00181007
0 0.146854 0.663462 0.268604 0.632943 0.00181007
42 0.6068 0.473349 0.154245 0.250627 0.00178242
41 0.683365 0.592809 0.117148 0.219063 0.00171375
65 0.683365 0.592809 0.117148 0.219063 0.00171375
39 0.563567 0.459135 0.336662 0.474707 0.00165462
23 0.564543 0.405936 0.402767 0.661371 0.0016489
13 0.205288 0.636288 0.374875 0.58194 0.00161076
0 0.669977 0.575251 0.281156 0.255853 0.00161076
56 0.197479 0.527174 0.125516 0.355351 0.00153637
65 0.609729 0.497074 0.328015 0.397993 0.0015192
41 0.673882 0.635451 0.0914873 0.125418 0.00148392
26 0.619213 0.516618 0.170702 0.304557 0.00147247
13 0.151874 0.66064 0.273067 0.625209 0.00146103
26 0.60694 0.488399 0.153966 0.225543 0.00144386
40 0.551155 0.465615 0.523262 0.682483 0.00133514
67 0.551155 0.465615 0.523262 0.682483 0.00131989
56 0.273416 0.90301 0.0522984 0.170569 0.00130463
63 0.563428 0.386288 0.392726 0.61204 0.00130463
27 0.692291 0.581104 0.136115 0.244147 0.00127888
65 0.636924 0.550167 0.181022 0.27592 0.00117397
69 0.563428 0.386288 0.392726 0.61204 0.00116539
60 0.146854 0.663462 0.268604 0.632943 0.0011425
56 0.20222 0.471572 0.107665 0.247492 0.00112057
64 0.563567 0.459135 0.336662 0.474707 0.00108147
67 0.670535 0.616221 0.0557849 0.0869565 0.00106049
0 0.553107 0.397575 0.376548 0.612876 0.00106049
67 0.600106 0.570234 0.41755 0.267558 0.00104809
67 0.682807 0.628344 0.11157 0.15301 0.00104427
0 0.208078 0.292642 0.070289 0.115385 0.00100422
40 0.556733 0.394544 0.3838 0.625627 0.85791
0 0.530514 0.600439 0.580163 0.779055 0.769531
40 0.524099 0.343645 0.319648 0.523411 0.146118
56 0.153827 0.661371 0.275299 0.630435 0.055603
67 0.554641 0.392768 0.358976 0.599916 0.0507202
44 0.560638 0.385451 0.39161 0.617057 0.0469055
67 0.564683 0.486622 0.332199 0.412207 0.0440063
0 0.719625 0.579431 0.17628 0.262542 0.0272217
67 0.650452 0.552257 0.162892 0.283445 0.0171814
76 0.613076 0.497387 0.162892 0.246028 0.0158997
76 0.561057 0.386706 0.388542 0.607023 0.0153046
40 0.483934 0.319607 0.234854 0.476171 0.0141754
42 0.620468 0.524352 0.171539 0.309156 0.0127258
67 0.669977 0.563127 0.130537 0.248328 0.0123367
0 0.548366 0.478992 0.527725 0.70255 0.0113754
67 0.620468 0.524352 0.171539 0.309156 0.0109024
40 0.564683 0.486622 0.332199 0.412207 0.0109024
57 0.152816 0.660953 0.274531 0.624582 0.0104904
56 0.339172 0.662207 0.631485 0.638796 0.0102921
57 0.375432 0.657086 0.639295 0.649039 0.00878143
40 0.683923 0.592809 0.116033 0.219063 0.00818634
40 0.476124 0.268813 0.221466 0.340301 0.00806427
76 0.637622 0.550167 0.175165 0.269231 0.00720596
56 0.235412 0.524979 0.1244 0.349707 0.00653839
0 0.551992 0.575251 0.517126 0.284281 0.00636292
44 0.613076 0.497387 0.162892 0.246028 0.006073
39 0.561057 0.386706 0.388542 0.607023 0.00600433
26 0.719068 0.574415 0.177396 0.264214 0.00559998
0 0.733572 0.551839 0.148388 0.204013 0.00516129
56 0.217003 0.520903 0.0881402 0.341137 0.0049057
67 0.683923 0.592809 0.116033 0.219063 0.00482941
0 0.399978 0.605456 0.297891 0.762333 0.00460815
67 0.604708 0.511706 0.329131 0.366221 0.00450516
42 0.637622 0.550167 0.175165 0.269231 0.00439835
76 0.564683 0.486622 0.332199 0.412207 0.00428009
40 0.708468 0.576087 0.189669 0.255853 0.00413513
41 0.564683 0.486622 0.332199 0.412207 0.00399017
26 0.542508 0.430707 0.26721 0.315844 0.00385475
0 0.862435 0.351589 0.149504 0.679766 0.00382423
56 0.206125 0.637542 0.376548 0.584448 0.00380898
56 0.214075 0.438545 0.0825617 0.179766 0.00348282
43 0.613076 0.497387 0.162892 0.246028 0.00346947
42 0.611542 0.48913 0.15815 0.250836 0.00340271
13 0.375432 0.657086 0.639295 0.649039 0.00333786
44 0.564683 0.486622 0.332199 0.412207 0.00317192
39 0.683923 0.592809 0.116033 0.219063 0.00305176
27 0.71572 0.573161 0.180743 0.264214 0.00298119
57 0.240991 0.528324 0.138347 0.359741 0.00296974
57 0.206125 0.637542 0.376548 0.584448 0.00290108
65 0.708468 0.576087 0.189669 0.255853 0.00288963
79 0.60694 0.472408 0.151735 0.249164 0.00283432
39 0.708468 0.576087 0.189669 0.255853 0.00283432
0 0.146679 0.663462 0.267837 0.632943 0.00277901
41 0.561057 0.386706 0.388542 0.607023 0.00275803
38 0.561057 0.386706 0.388542 0.607023 0.00274658
67 0.708468 0.576087 0.189669 0.255853 0.00263214
40 0.67946 0.632943 0.107107 0.143813 0.00252151
44 0.637622 0.550167 0.175165 0.269231 0.00251198
42 0.561057 0.386706 0.388542 0.607023 0.00245285
67 0.773179 0.571906 0.0669419 0.100334 0.00234222
65 0.564683 0.486622 0.332199 0.412207 0.00226974
56 0.572353 0.360368 0.410577 0.569398 0.00204277
67 0.609032 0.483173 0.154245 0.230978 0.00199509
13 0.206125 0.637542 0.376548 0.584448 0.00198746
72 0.148911 0.661789 0.271184 0.636288 0.00194168
26 0.568448 0.468332 0.217561 0.250627 0.00191212
65 0.695638 0.60786 0.122727 0.133779 0.00188923
62 0.15048 0.663043 0.274741 0.630435 0.00186062
40 0.56789 0.520067 0.486444 0.392977 0.00185299
79 0.554641 0.392768 0.358976 0.599916 0.00183105
13 0.152816 0.660953 0.274531 0.624582 0.0018034
41 0.683923 0.592809 0.116033 0.219063 0.00174809
43 0.637622 0.550167 0.175165 0.269231 0.0017004
39 0.564683 0.486622 0.332199 0.412207 0.00167465
65 0.673882 0.635451 0.0892559 0.123746 0.00166798
67 0.673882 0.635451 0.0892559 0.123746 0.0016613
56 0.188135 0.527592 0.144483 0.355351 0.00163555
41 0.673882 0.635451 0.0892559 0.123746 0.00162888
56 0.523332 0.59375 0.564404 0.802467 0.00161076
40 0.528562 0.550585 0.560638 0.895485 0.00161076
65 0.683923 0.592809 0.116033 0.219063 0.00159168
26 0.6068 0.48704 0.152014 0.224916 0.00158501
43 0.561057 0.386706 0.388542 0.607023 0.00157928
23 0.541114 0.376672 0.350329 0.592809 0.00150681
0 0.67165 0.576087 0.277809 0.257525 0.00139427
67 0.56789 0.520067 0.486444 0.392977 0.00138855
65 0.554641 0.392768 0.358976 0.599916 0.00136662
63 0.561057 0.386706 0.388542 0.607023 0.00134087
45 0.564683 0.486622 0.332199 0.412207 0.00134087
0 0.86355 0.496656 0.175165 0.841137 0.00133038
26 0.617539 0.514946 0.165123 0.29954 0.00126457
69 0.561057 0.386706 0.388542 0.607023 0.00122547
79 0.559523 0.47199 0.336941 0.446488 0.00119686
0 0.208078 0.292851 0.0708468 0.114967 0.00118351
40 0.506457 0.436873 0.504435 0.701505 0.00116062
0 0.862992 0.311664 0.112685 0.299749 0.00115108
0 0.865782 0.251881 0.136115 0.487876 0.00115108
64 0.564683 0.486622 0.332199 0.412207 0.00112438
17 0.528841 0.580163 0.558965 0.819607 0.0011158
23 0.501785 0.335911 0.26721 0.508779 0.00110722
67 0.670535 0.615803 0.0557849 0.0861204 0.00108147
56 0.273416 0.90301 0.0522984 0.170569 0.00105667
65 0.637622 0.550167 0.175165 0.269231 0.00102806
41 0.708468 0.576087 0.189669 0.255853 0.00102425
40 0.555757 0.393395 0.38129 0.624582 0.870605
0 0.529957 0.602007 0.577932 0.77592 0.777832
40 0.52382 0.344064 0.320205 0.524247 0.151001
56 0.154664 0.661371 0.276972 0.630435 0.0678101
67 0.565101 0.505853 0.328015 0.367893 0.0406799
67 0.553944 0.394231 0.355908 0.592809 0.0387573
44 0.556594 0.385033 0.384079 0.614548 0.0368958
0 0.719625 0.579431 0.17628 0.262542 0.0269623
57 0.360928 0.658027 0.676113 0.650502 0.0197906
57 0.154664 0.661371 0.276972 0.630435 0.0164032
67 0.652683 0.552257 0.156198 0.282609 0.0163422
76 0.612518 0.494043 0.159545 0.241012 0.0153046
56 0.344193 0.662939 0.654915 0.640677 0.0151291
40 0.485329 0.319816 0.237644 0.475752 0.0142822
67 0.67165 0.565217 0.124958 0.244147 0.0131683
40 0.565101 0.505853 0.328015 0.367893 0.0130692
76 0.558825 0.387124 0.381848 0.603679 0.0127258
42 0.619213 0.52268 0.16847 0.309155 0.0119629
0 0.546413 0.482859 0.53163 0.708194 0.0108185
40 0.683365 0.592391 0.117148 0.218227 0.00837708
76 0.639295 0.551003 0.169586 0.264214 0.00772476
67 0.619213 0.52268 0.16847 0.309155 0.00714874
44 0.612518 0.494043 0.159545 0.241012 0.00664139
56 0.23597 0.523307 0.126074 0.348035 0.00614548
40 0.476403 0.268342 0.222024 0.340406 0.00602722
26 0.719625 0.573997 0.178512 0.26505 0.00595856
0 0.551713 0.575669 0.517684 0.285117 0.00577545
0 0.861319 0.412103 0.160661 0.776129 0.00500107
0 0.733572 0.551421 0.148388 0.203177 0.00473785
56 0.217282 0.519649 0.0892559 0.338629 0.00471878
42 0.639295 0.551003 0.169586 0.264214 0.00457382
41 0.565101 0.505853 0.328015 0.367893 0.00450516
67 0.683365 0.592391 0.117148 0.218227 0.00448608
76 0.565101 0.505853 0.328015 0.367893 0.00441742
13 0.360928 0.658027 0.676113 0.650502 0.00436401
39 0.558825 0.387124 0.381848 0.603679 0.00411606
42 0.610426 0.486727 0.155919 0.252299 0.00395966
40 0.709026 0.575251 0.188553 0.255853 0.00374985
38 0.558825 0.387124 0.381848 0.603679 0.00362206
43 0.612518 0.494043 0.159545 0.241012 0.00348282
56 0.213935 0.438545 0.0831195 0.179766 0.00341606
26 0.546692 0.43102 0.257726 0.315217 0.00328636
57 0.24127 0.527592 0.138904 0.358696 0.00327301
79 0.60694 0.471676 0.150619 0.250627 0.00318527
0 0.400815 0.607441 0.299007 0.758361 0.00317192
39 0.683365 0.592391 0.117148 0.218227 0.00301552
44 0.560638 0.48704 0.331362 0.412207 0.00290108
0 0.146854 0.663462 0.268046 0.632943 0.00290108
40 0.680018 0.632943 0.108223 0.142977 0.00273705
44 0.639295 0.551003 0.169586 0.264214 0.00269318
41 0.558825 0.387124 0.381848 0.603679 0.00269318
27 0.716278 0.572742 0.180743 0.26505 0.00261116
65 0.709026 0.575251 0.188553 0.255853 0.00250244
39 0.709026 0.575251 0.188553 0.255853 0.00244331
67 0.773737 0.571906 0.0669419 0.100334 0.00243378
42 0.558825 0.387124 0.381848 0.603679 0.00230598
67 0.709026 0.575251 0.188553 0.255853 0.00214958
56 0.571795 0.35995 0.408346 0.566053 0.00208282
13 0.200547 0.637124 0.365391 0.583612 0.00201988
40 0.563428 0.524979 0.49537 0.388169 0.00191879
26 0.606382 0.484114 0.150619 0.230769 0.00183868
43 0.639295 0.551003 0.169586 0.264214 0.00183868
26 0.572493 0.467391 0.209472 0.252508 0.00181007
62 0.151142 0.662625 0.275089 0.629599 0.0018034
41 0.673882 0.635451 0.0892559 0.123746 0.00179577
65 0.69508 0.60786 0.122727 0.133779 0.00178909
41 0.683365 0.592391 0.117148 0.218227 0.00178909
65 0.565101 0.505853 0.328015 0.367893 0.00173378
67 0.608613 0.482441 0.151735 0.232441 0.00170708
67 0.673882 0.635451 0.0892559 0.123746 0.00168133
56 0.522983 0.600753 0.56287 0.788462 0.00165462
0 0.864666 0.312291 0.139462 0.606187 0.00164223
72 0.149225 0.661371 0.271673 0.635452 0.00163555
45 0.565101 0.505853 0.328015 0.367893 0.00154877
56 0.191761 0.526024 0.137789 0.352634 0.00154305
65 0.683365 0.592391 0.117148 0.218227 0.00153637
26 0.524657 0.43102 0.35535 0.33194 0.00148964
65 0.673882 0.635451 0.0892559 0.123746 0.00148392
40 0.546413 0.482859 0.53163 0.708194 0.00143242
39 0.565101 0.505853 0.328015 0.367893 0.00142097
23 0.540556 0.375 0.349214 0.588629 0.00138855
63 0.558825 0.387124 0.381848 0.603679 0.00137234
17 0.528841 0.592914 0.557849 0.794105 0.00133038
0 0.803303 0.438545 0.285619 0.83194 0.00131512
0 0.208078 0.292851 0.0708468 0.114967 0.00130939
26 0.616423 0.511706 0.161776 0.301003 0.0012846
0 0.862992 0.310985 0.112685 0.297763 0.00126934
79 0.553944 0.394231 0.355908 0.592809 0.00116539
67 0.563428 0.524979 0.49537 0.388169 0.00113392
59 0.146854 0.663462 0.268046 0.632943 0.00112057
67 0.633717 0.54515 0.145041 0.23913 0.0011158
69 0.558825 0.387124 0.381848 0.603679 0.00111198
42 0.67165 0.565217 0.124958 0.244147 0.00110722
67 0.670535 0.615803 0.0557849 0.0861204 0.00109863
23 0.503738 0.335493 0.271115 0.507943 0.00109863
43 0.558825 0.387124 0.381848 0.603679 0.00107288
64 0.565101 0.505853 0.328015 0.367893 0.00107288
40 0.67165 0.565217 0.124958 0.244147 0.00105667
0 0.665514 0.577759 0.290082 0.26087 0.00104427
65 0.66384 0.585284 0.136115 0.222408 0.00103188
76 0.592994 0.470736 0.169586 0.255853 0.00102043
38 0.608613 0.482441 0.151735 0.232441 0.00102043
65 0.639295 0.551003 0.169586 0.264214 0.00102043
40 0.55506 0.391513 0.379337 0.621655 0.875
0 0.528841 0.602425 0.5757 0.775084 0.784668
40 0.515732 0.350543 0.301796 0.538043 0.144165
56 0.156337 0.663043 0.284782 0.637124 0.0623169
67 0.56803 0.516722 0.323274 0.342809 0.0432129
67 0.554641 0.395903 0.354513 0.58612 0.0303345
44 0.555757 0.386706 0.376827 0.602007 0.0301056
0 0.719625 0.579431 0.17628 0.262542 0.0250854
57 0.35535 0.657609 0.688386 0.651338 0.0250854
57 0.154803 0.660953 0.277809 0.629599 0.0208893
56 0.348377 0.662312 0.66663 0.641931 0.0165253
40 0.56803 0.516722 0.323274 0.342809 0.0159607
67 0.655473 0.551421 0.147272 0.281773 0.0143356
76 0.61196 0.492893 0.157313 0.241639 0.0131226
67 0.672766 0.563963 0.120495 0.243311 0.011734
42 0.618236 0.521007 0.167076 0.310828 0.0109863
76 0.555757 0.386706 0.376827 0.602007 0.0106125
67 0.634832 0.535535 0.165123 0.309365 0.0091629
0 0.545019 0.476589 0.533304 0.695652 0.00905609
40 0.683923 0.591973 0.118264 0.219063 0.00837708
76 0.641526 0.550167 0.162892 0.26087 0.00748825
44 0.61196 0.492893 0.157313 0.241639 0.00651169
26 0.719625 0.573997 0.178512 0.265886 0.00588989
0 0.861319 0.413984 0.160661 0.7824 0.00582123
0 0.550597 0.575669 0.521031 0.285117 0.00577545
56 0.233739 0.512646 0.121611 0.332567 0.00530243
42 0.641526 0.550167 0.162892 0.26087 0.00486755
40 0.476403 0.267768 0.222024 0.341555 0.00475693
38 0.555757 0.386706 0.376827 0.602007 0.00468063
56 0.205846 0.635347 0.37599 0.578804 0.0046463
76 0.56803 0.516722 0.323274 0.342809 0.00450516
0 0.733572 0.551839 0.148388 0.204013 0.00439835
13 0.35535 0.657609 0.688386 0.651338 0.00426483
41 0.56803 0.516722 0.323274 0.342809 0.0042305
57 0.205846 0.635347 0.37599 0.578804 0.00419998
67 0.683923 0.591973 0.118264 0.219063 0.00353813
40 0.709584 0.575251 0.189669 0.257525 0.00348282
79 0.60694 0.470736 0.149504 0.252508 0.00342941
56 0.213935 0.438023 0.0831195 0.179139 0.00322342
67 0.615865 0.509615 0.159545 0.305184 0.00316048
0 0.146575 0.663043 0.267489 0.632107 0.00313568
39 0.555757 0.386706 0.376827 0.602007 0.00298119
42 0.60694 0.470736 0.149504 0.252508 0.0029583
44 0.563567 0.496655 0.325505 0.389632 0.00286674
43 0.61196 0.492893 0.157313 0.241639 0.00281143
57 0.24127 0.52592 0.138904 0.356187 0.00279999
39 0.683923 0.591973 0.118264 0.219063 0.00279045
40 0.680576 0.632525 0.109338 0.144649 0.00274658
56 0.218677 0.535535 0.0898137 0.352007 0.00265312
44 0.641526 0.550167 0.162892 0.26087 0.0026207
67 0.773737 0.571488 0.0658262 0.0994983 0.0024929
26 0.551713 0.430707 0.246569 0.317517 0.00242424
42 0.555757 0.386706 0.376827 0.602007 0.002388
41 0.555757 0.386706 0.376827 0.602007 0.00236893
27 0.716278 0.572324 0.180743 0.265886 0.00233269
65 0.709584 0.575251 0.189669 0.257525 0.00214958
39 0.709584 0.575251 0.189669 0.257525 0.00213242
56 0.214493 0.48286 0.0836774 0.270067 0.0020504
56 0.57068 0.359114 0.40723 0.563545 0.00198746
41 0.673882 0.635033 0.0892559 0.12291 0.00188923
40 0.561336 0.530205 0.499554 0.374373 0.00188255
45 0.56803 0.516722 0.323274 0.342809 0.00179577
65 0.69508 0.607023 0.122727 0.132107 0.00176144
41 0.683923 0.591973 0.118264 0.219063 0.00173378
56 0.522426 0.602843 0.561754 0.784281 0.0017271
0 0.402209 0.608278 0.302354 0.756689 0.0017271
67 0.709584 0.575251 0.189669 0.257525 0.00171375
13 0.205846 0.635347 0.37599 0.578804 0.00171375
43 0.641526 0.550167 0.162892 0.26087 0.00170708
0 0.803303 0.440635 0.285619 0.839465 0.00163555
26 0.606382 0.479933 0.149504 0.23913 0.00158501
0 0.208078 0.292851 0.0708468 0.114967 0.00157928
0 0.864666 0.310828 0.140578 0.604097 0.00154877
40 0.545019 0.476589 0.533304 0.695652 0.00154877
26 0.575142 0.464465 0.203057 0.259197 0.00151253
67 0.673882 0.635033 0.0892559 0.12291 0.00147247
63 0.555757 0.386706 0.376827 0.602007 0.0014267
17 0.528283 0.597722 0.556733 0.78449 0.00142097
56 0.190261 0.523516 0.142182 0.347617 0.00137234
65 0.56803 0.516722 0.323274 0.342809 0.00136662
65 0.67946 0.585284 0.122727 0.234114 0.00136185
67 0.607916 0.481187 0.149783 0.23495 0.00135136
23 0.539998 0.372283 0.348098 0.583194 0.00134563
13 0.157 0.662939 0.282341 0.633988 0.00132465
26 0.524378 0.431543 0.352561 0.334239 0.00129414
62 0.150654 0.662103 0.274392 0.628972 0.00128937
72 0.151979 0.661371 0.275647 0.635452 0.00126934
67 0.637622 0.54515 0.137231 0.235786 0.00124454
42 0.672766 0.563963 0.120495 0.243311 0.00122547
57 0.390215 0.601589 0.538324 0.756689 0.00120163
0 0.709026 0.505017 0.480866 0.908027 0.00119686
0 0.86355 0.310148 0.113801 0.294419 0.00118828
65 0.673882 0.635033 0.0892559 0.12291 0.00117397
40 0.570122 0.572742 0.475287 0.267558 0.0011692
39 0.56803 0.516722 0.323274 0.342809 0.00116062
23 0.505969 0.335911 0.275577 0.508779 0.00113392
67 0.670535 0.615385 0.0557849 0.0852843 0.00111198
63 0.56803 0.516722 0.323274 0.342809 0.00109863
26 0.615865 0.509615 0.159545 0.305184 0.00106525
38 0.607916 0.481187 0.149783 0.23495 0.00102425
0 0.868013 0.194816 0.132768 0.380017 0.00101662
59 0.146575 0.663043 0.267489 0.632107 0.00101185
40 0.553107 0.389214 0.376548 0.617893 0.866211
0 0.528004 0.602111 0.572911 0.775711 0.786621
56 0.159545 0.661789 0.287292 0.629599 0.0891113
40 0.506248 0.33612 0.277251 0.510033 0.0433655
67 0.566217 0.51714 0.324668 0.337793 0.0258636
44 0.55255 0.385033 0.368738 0.603679 0.0218658
0 0.411623 0.601171 0.341543 0.770903 0.0202484
67 0.554502 0.391722 0.350329 0.592809 0.0187683
57 0.372364 0.658445 0.656588 0.646321 0.0167236
56 0.335267 0.662939 0.621444 0.637333 0.0164032
0 0.719625 0.579431 0.17628 0.264214 0.0153656
67 0.657704 0.549749 0.133884 0.2801 0.0149536
40 0.566217 0.51714 0.324668 0.337793 0.0137405
42 0.616981 0.51714 0.162892 0.313545 0.0131226
57 0.159545 0.661789 0.287292 0.629599 0.0118713
40 0.685039 0.589465 0.120495 0.225752 0.00997162
76 0.611403 0.490803 0.153966 0.242475 0.00874329
56 0.237504 0.510974 0.1297 0.32755 0.0085144
44 0.611403 0.490803 0.153966 0.242475 0.00818634
0 0.548366 0.476171 0.524378 0.711538 0.00790405
67 0.634274 0.533549 0.158429 0.309155 0.00766754
42 0.657704 0.549749 0.133884 0.2801 0.00766754
76 0.644874 0.548495 0.149504 0.252508 0.0068779
0 0.861877 0.411267 0.160661 0.787834 0.0068512
56 0.218677 0.516722 0.0920451 0.332776 0.00609589
76 0.55255 0.385033 0.368738 0.603679 0.006073
67 0.67946 0.583612 0.124958 0.237458 0.00530243
26 0.719068 0.573997 0.178512 0.268395 0.00521851
38 0.55255 0.385033 0.368738 0.603679 0.00503922
13 0.372364 0.658445 0.656588 0.646321 0.00488663
40 0.70289 0.577759 0.157313 0.252508 0.00438309
56 0.213656 0.439904 0.0833985 0.183737 0.00429916
42 0.607079 0.469482 0.149225 0.258361 0.00418091
0 0.733014 0.53888 0.147272 0.176421 0.00408554
57 0.242664 0.523829 0.14002 0.350334 0.00392914
44 0.644874 0.548495 0.149504 0.252508 0.00378036
40 0.47724 0.267506 0.221466 0.342914 0.00372124
0 0.147795 0.662625 0.270069 0.634615 0.00351143
76 0.566217 0.51714 0.324668 0.337793 0.00344276
76 0.623117 0.530205 0.169586 0.287416 0.00336266
41 0.566217 0.51714 0.324668 0.337793 0.00336266
79 0.607079 0.469482 0.149225 0.258361 0.00333786
0 0.585184 0.584448 0.447395 0.279264 0.00327301
43 0.611403 0.490803 0.153966 0.242475 0.0030632
56 0.389937 0.613294 0.445164 0.534281 0.00298119
67 0.773179 0.570652 0.0658262 0.09699 0.00286674
67 0.61475 0.505853 0.155082 0.312709 0.00284576
42 0.55255 0.385033 0.368738 0.603679 0.002388
44 0.623117 0.530205 0.169586 0.287416 0.00226974
39 0.55255 0.385033 0.368738 0.603679 0.00226974
57 0.389937 0.613294 0.445164 0.534281 0.00223351
41 0.55255 0.385033 0.368738 0.603679 0.00222588
44 0.566217 0.51714 0.324668 0.337793 0.00217438
27 0.71572 0.571906 0.181859 0.267558 0.00214958
43 0.644874 0.548495 0.149504 0.252508 0.00213242
26 0.553526 0.42987 0.242943 0.322533 0.00211525
40 0.680576 0.623746 0.110454 0.16388 0.00209999
0 0.827848 0.434365 0.232065 0.833612 0.00206757
56 0.569564 0.360368 0.406114 0.565217 0.00206757
39 0.685039 0.589465 0.120495 0.225752 0.00198746
65 0.708468 0.575251 0.194131 0.257525 0.00194931
13 0.170005 0.60786 0.303749 0.523411 0.00183868
67 0.708468 0.575251 0.194131 0.257525 0.0018177
39 0.708468 0.575251 0.194131 0.257525 0.00181007
17 0.528213 0.602111 0.555757 0.775711 0.00177479
40 0.562312 0.54306 0.49537 0.358696 0.0017271
0 0.379895 0.602425 0.544461 0.756689 0.00171375
0 0.865782 0.304348 0.138347 0.594482 0.00166798
56 0.521519 0.606187 0.557989 0.780936 0.00161076
41 0.685039 0.589465 0.120495 0.225752 0.00155449
41 0.672766 0.633361 0.084793 0.118729 0.00150108
72 0.154803 0.660953 0.280598 0.634615 0.00147247
42 0.553526 0.42987 0.242943 0.322533 0.00143814
0 0.207938 0.29306 0.0705679 0.11413 0.00139904
40 0.548366 0.476171 0.524378 0.711538 0.00138855
13 0.389937 0.613294 0.445164 0.534281 0.00136662
0 0.797166 0.495401 0.309048 0.917224 0.00136662
65 0.69508 0.595736 0.12719 0.115385 0.00134563
67 0.642642 0.544314 0.12719 0.230769 0.00131989
0 0.721717 0.503344 0.464409 0.913043 0.00130463
26 0.574027 0.45903 0.206404 0.274247 0.00126457
56 0.203197 0.47084 0.104876 0.247283 0.00125504
25 0.402697 0.257525 0.438609 0.414716 0.00125504
23 0.537767 0.368311 0.344751 0.576087 0.00125504
45 0.566217 0.51714 0.324668 0.337793 0.00121117
67 0.772063 0.561873 0.0557849 0.0769231 0.0012064
0 0.86355 0.309417 0.113801 0.290029 0.0012064
67 0.672766 0.633361 0.084793 0.118729 0.00117874
26 0.606382 0.474498 0.147272 0.251672 0.00115108
63 0.55255 0.385033 0.368738 0.603679 0.00115108
62 0.153095 0.661789 0.278994 0.631271 0.0011425
42 0.67946 0.583612 0.124958 0.237458 0.00112057
56 0.0964382 0.473976 0.155222 0.259406 0.0011158
41 0.676113 0.629181 0.0981814 0.157191 0.00110722
67 0.676113 0.629181 0.0981814 0.157191 0.00107765
26 0.529678 0.432274 0.358697 0.335284 0.00107288
0 0.868013 0.146112 0.122727 0.284699 0.00106525
25 0.435959 0.338211 0.478077 0.552676 0.00100803
0 0.538882 0.602843 0.27223 0.394649 0.00100422
40 0.554502 0.390468 0.381569 0.620401 0.841797
0 0.52912 0.603261 0.575143 0.776756 0.770508
56 0.16345 0.662207 0.294544 0.630435 0.100525
40 0.51601 0.352425 0.306817 0.542642 0.0698242
0 0.402209 0.601275 0.324668 0.770694 0.0270691
67 0.555478 0.389423 0.35284 0.604097 0.0200195
44 0.54976 0.385661 0.368738 0.616639 0.0191956
67 0.566217 0.516304 0.329131 0.344482 0.0190582
56 0.33192 0.663043 0.605824 0.637124 0.016983
42 0.617539 0.519649 0.165123 0.324415 0.0151901
67 0.657146 0.551003 0.142809 0.287625 0.0137939
57 0.376827 0.658758 0.647663 0.645694 0.0126266
0 0.719625 0.579849 0.17628 0.264214 0.0113754
42 0.657146 0.551003 0.142809 0.287625 0.0100937
40 0.566217 0.516304 0.329131 0.344482 0.00945282
56 0.240572 0.51087 0.135836 0.327759 0.00837708
38 0.552828 0.386706 0.362602 0.611204 0.00796509
40 0.685039 0.587375 0.120495 0.230769 0.00775528
67 0.635808 0.535953 0.165402 0.315217 0.00760651
44 0.611263 0.494043 0.154245 0.252717 0.00740433
57 0.16345 0.662207 0.294544 0.630435 0.00734711
0 0.862435 0.405936 0.158429 0.782609 0.00651169
76 0.644874 0.550167 0.156198 0.265886 0.00605011
76 0.611263 0.494043 0.154245 0.252717 0.00588989
76 0.553944 0.385242 0.373759 0.609114 0.005867
56 0.219932 0.51714 0.0945554 0.334448 0.00568771
13 0.376827 0.658758 0.647663 0.645694 0.00538635
67 0.680018 0.581522 0.12719 0.241639 0.0053215
0 0.549202 0.482337 0.520473 0.705895 0.0053215
26 0.719068 0.573997 0.179627 0.270903 0.00508118
40 0.47724 0.267349 0.222582 0.3449 0.00482941
44 0.644874 0.550167 0.156198 0.265886 0.00436401
42 0.609171 0.479933 0.151735 0.279264 0.00390053
56 0.381081 0.604933 0.417132 0.515886 0.00388527
57 0.244338 0.524247 0.143367 0.350334 0.00366402
40 0.707911 0.575669 0.196363 0.258361 0.00355148
56 0.213656 0.443248 0.0836774 0.190426 0.00351143
0 0.733014 0.540134 0.147272 0.17893 0.00349617
76 0.623675 0.533549 0.174049 0.29745 0.00294685
76 0.566217 0.516304 0.329131 0.344482 0.00294685
0 0.149643 0.662207 0.274741 0.635452 0.00293541
44 0.623675 0.533549 0.174049 0.29745 0.00270462
56 0.571795 0.363294 0.413924 0.571906 0.0024929
56 0.528562 0.580372 0.561754 0.835911 0.00247192
43 0.611263 0.494043 0.154245 0.252717 0.00244331
0 0.865782 0.293478 0.136115 0.576087 0.0024147
79 0.606382 0.468645 0.149504 0.261706 0.00240517
39 0.552828 0.386706 0.362602 0.611204 0.00237846
0 0.37348 0.602843 0.556176 0.757525 0.00236893
43 0.644874 0.550167 0.156198 0.265886 0.00230598
67 0.773179 0.570234 0.0669419 0.09699 0.00225258
41 0.553944 0.385242 0.373759 0.609114 0.00219917
27 0.715163 0.571906 0.182974 0.270067 0.00217438
41 0.566217 0.516304 0.329131 0.344482 0.00215721
42 0.553944 0.385242 0.373759 0.609114 0.00212479
67 0.61475 0.508257 0.156198 0.326296 0.00205803
17 0.528841 0.600334 0.557849 0.779264 0.00203514
13 0.16345 0.662207 0.294544 0.630435 0.00185299
44 0.566217 0.516304 0.329131 0.344482 0.0018034
25 0.403395 0.259615 0.431636 0.415552 0.00177479
57 0.381081 0.604933 0.417132 0.515886 0.00176811
67 0.707911 0.575669 0.196363 0.258361 0.00174141
26 0.54976 0.428094 0.250474 0.328595 0.0017271
42 0.54976 0.428094 0.250474 0.328595 0.00156116
0 0.796609 0.494147 0.312396 0.923077 0.00154877
0 0.553526 0.587375 0.517405 0.310201 0.00153065
72 0.156895 0.661267 0.28534 0.635661 0.00151253
0 0.723112 0.503344 0.468314 0.916388 0.00148392
13 0.381081 0.604933 0.417132 0.515886 0.00146103
0 0.868013 0.14653 0.123842 0.285117 0.00144386
42 0.592994 0.445234 0.166239 0.29097 0.00144386
42 0.680018 0.581522 0.12719 0.241639 0.00143242
65 0.707911 0.575669 0.196363 0.258361 0.00139427
39 0.685039 0.587375 0.120495 0.230769 0.00136662
0 0.86355 0.310828 0.113801 0.291388 0.00136185
56 0.208914 0.476693 0.0931608 0.258988 0.00133514
25 0.434843 0.332358 0.469151 0.535953 0.00131512
39 0.707911 0.575669 0.196363 0.258361 0.00129414
40 0.549202 0.482337 0.520473 0.705895 0.00129414
0 0.578071 0.666388 0.466083 0.446488 0.00126457
40 0.5757 0.584448 0.457436 0.289298 0.0012207
0 0.207799 0.293269 0.0705679 0.113294 0.0011425
56 0.0969263 0.477007 0.155919 0.266722 0.00113392
62 0.155361 0.661476 0.283945 0.631898 0.0011034
56 0.16847 0.519231 0.301239 0.354515 0.00108624
0 0.869129 0.20255 0.131652 0.398411 0.00107288
23 0.571795 0.363294 0.413924 0.571906 0.00107288
41 0.685039 0.587375 0.120495 0.230769 0.00105667
56 0.411972 0.578177 0.512663 0.731605 0.00101185
40 0.557989 0.392977 0.390215 0.625418 0.79834
0 0.530793 0.603574 0.578489 0.776129 0.75
56 0.167913 0.662312 0.30347 0.631898 0.0903931
40 0.517684 0.35347 0.312396 0.544732 0.0333252
0 0.400257 0.602007 0.321879 0.770903 0.0292053
67 0.556733 0.38796 0.357023 0.614548 0.0264587
44 0.554502 0.387751 0.379337 0.619983 0.0198669
42 0.620468 0.523829 0.171539 0.336957 0.0188293
56 0.333036 0.662939 0.633717 0.639005 0.0183411
67 0.564404 0.50324 0.334988 0.379808 0.0151901
38 0.554363 0.38796 0.366228 0.612876 0.0130692
67 0.654915 0.552676 0.158429 0.295987 0.0118256
42 0.654915 0.552676 0.158429 0.295987 0.011734
57 0.363718 0.658445 0.673882 0.647993 0.0100098
0 0.862435 0.406459 0.157313 0.785744 0.008255
76 0.556733 0.38796 0.357023 0.614548 0.00701141
56 0.243222 0.51296 0.140578 0.33194 0.00698471
0 0.708468 0.578595 0.194131 0.259197 0.0069313
40 0.564404 0.50324 0.334988 0.379808 0.00609589
13 0.363718 0.658445 0.673882 0.647993 0.005867
44 0.613773 0.508361 0.15815 0.283445 0.00561905
40 0.477798 0.267924 0.222582 0.347094 0.00557709
40 0.685597 0.584448 0.121611 0.237458 0.00542831
76 0.642642 0.551839 0.169586 0.282609 0.00518036
67 0.678902 0.579013 0.131652 0.247492 0.00484848
76 0.620468 0.523829 0.171539 0.336957 0.00460815
44 0.642642 0.551839 0.169586 0.282609 0.00434875
0 0.731898 0.565217 0.145041 0.232441 0.00431442
26 0.71851 0.574833 0.180743 0.271739 0.00424957
67 0.620468 0.523829 0.171539 0.336957 0.00421524
56 0.37606 0.616952 0.408206 0.538671 0.00413513
57 0.167913 0.662312 0.30347 0.631898 0.00403976
56 0.222721 0.519335 0.100134 0.339256 0.00382423
56 0.575561 0.368729 0.424244 0.58194 0.00342941
56 0.52912 0.574415 0.565101 0.849498 0.00342941
0 0.365949 0.601902 0.569006 0.759406 0.00314713
0 0.866898 0.291597 0.136115 0.573997 0.00305176
0 0.793261 0.492475 0.31909 0.931438 0.00277901
40 0.706795 0.576087 0.19971 0.259197 0.00273705
76 0.564404 0.50324 0.334988 0.379808 0.00270462
0 0.547808 0.491743 0.519915 0.710493 0.00266266
39 0.554363 0.38796 0.366228 0.612876 0.00265312
42 0.609729 0.484532 0.153966 0.298495 0.0026207
0 0.717394 0.501254 0.484213 0.927258 0.00253105
57 0.246011 0.52592 0.146156 0.353679 0.00251198
25 0.402209 0.258988 0.43066 0.426003 0.00242424
56 0.213656 0.44722 0.0836774 0.199206 0.00237846
43 0.642642 0.551839 0.169586 0.282609 0.00232315
41 0.558965 0.38587 0.3838 0.615385 0.00227928
42 0.558965 0.38587 0.3838 0.615385 0.00216484
27 0.715163 0.571906 0.182974 0.270903 0.00213242
17 0.530584 0.595318 0.561057 0.79097 0.00206757
42 0.591878 0.461957 0.174049 0.283445 0.00186062
43 0.613773 0.508361 0.15815 0.283445 0.0018177
42 0.678902 0.579013 0.131652 0.247492 0.00179577
67 0.706795 0.576087 0.19971 0.259197 0.00179577
0 0.152572 0.661789 0.282272 0.634615 0.00178909
56 0.214772 0.489862 0.0836774 0.286162 0.00174141
44 0.564404 0.50324 0.334988 0.379808 0.00173378
13 0.167913 0.662312 0.30347 0.631898 0.00163555
42 0.545019 0.426003 0.259958 0.336957 0.0015974
25 0.432333 0.324206 0.463015 0.51714 0.00157928
40 0.547808 0.491743 0.519915 0.710493 0.00156116
0 0.869129 0.156668 0.122727 0.286162 0.00146675
13 0.37606 0.616952 0.408206 0.538671 0.00145531
79 0.605824 0.468227 0.151735 0.265886 0.00144958
67 0.772621 0.570234 0.0658262 0.0953177 0.00143242
57 0.37606 0.616952 0.408206 0.538671 0.00139427
76 0.609171 0.478679 0.149504 0.246655 0.00133514
79 0.613773 0.508361 0.15815 0.283445 0.00129414
56 0.41232 0.580686 0.509735 0.736622 0.00126457
26 0.545019 0.426003 0.259958 0.336957 0.0012598
72 0.159405 0.660953 0.292592 0.636288 0.00123501
0 0.864666 0.311403 0.116033 0.291911 0.00122547
0 0.869687 0.211068 0.130537 0.415656 0.0012064
41 0.564404 0.50324 0.334988 0.379808 0.0011425
44 0.605824 0.468227 0.151735 0.265886 0.0011158
25 0.379268 0.195652 0.417411 0.380017 0.00109863
40 0.584626 0.594482 0.461899 0.317726 0.00108147
65 0.715163 0.577759 0.185206 0.259197 0.00106525
40 0.558825 0.394649 0.393005 0.628763 0.764648
0 0.533304 0.603261 0.580163 0.776756 0.727051
56 0.170144 0.662312 0.307933 0.631898 0.0809326
0 0.398025 0.602111 0.315185 0.772366 0.0332031
67 0.556873 0.387542 0.358976 0.619565 0.0282135
44 0.556873 0.388587 0.383521 0.621655 0.0207977
42 0.621444 0.526024 0.174049 0.3426 0.0181274
56 0.330247 0.662939 0.630369 0.639005 0.0178528
38 0.555618 0.388378 0.367065 0.614549 0.0175781
40 0.519358 0.353888 0.316858 0.545569 0.016922
0 0.862435 0.473244 0.171818 0.901338 0.0142822
67 0.563985 0.499268 0.336941 0.392768 0.0133743
67 0.654357 0.553512 0.164008 0.297659 0.0124817
42 0.654357 0.553512 0.164008 0.297659 0.0112457
0 0.864666 0.342182 0.145041 0.676839 0.00978088
76 0.556873 0.387542 0.358976 0.619565 0.00888062
57 0.362323 0.658131 0.675555 0.64862 0.00837708
0 0.706237 0.578595 0.198594 0.259197 0.00624084
56 0.244338 0.515468 0.142809 0.336957 0.00572968
67 0.677229 0.578595 0.136115 0.249164 0.00518036
40 0.478077 0.268342 0.222024 0.347931 0.00508118
67 0.621444 0.526024 0.174049 0.3426 0.0050621
13 0.362323 0.658131 0.675555 0.64862 0.00498199
0 0.790472 0.491221 0.317974 0.938963 0.00494385
0 0.73134 0.566054 0.146156 0.234114 0.00445175
76 0.621444 0.526024 0.174049 0.3426 0.00443268
76 0.6432 0.552257 0.172933 0.288462 0.00443268
56 0.577374 0.372074 0.429544 0.589465 0.00436401
44 0.61475 0.517977 0.161776 0.303512 0.00432968
56 0.530236 0.567726 0.566217 0.862876 0.00432968
56 0.364345 0.61967 0.384776 0.543269 0.00431442
40 0.686154 0.583612 0.122727 0.240803 0.00424957
0 0.714186 0.498746 0.488397 0.935619 0.00424957
40 0.563985 0.499268 0.336941 0.392768 0.00405502
26 0.71851 0.575251 0.180743 0.270903 0.00378036
44 0.6432 0.552257 0.172933 0.288462 0.00356483
57 0.170144 0.662312 0.307933 0.631898 0.00353813
39 0.556873 0.387542 0.358976 0.619565 0.00311089
25 0.401093 0.260451 0.426197 0.42893 0.00284576
56 0.224255 0.521739 0.103202 0.343645 0.00277901
76 0.563985 0.499268 0.336941 0.392768 0.00276756
0 0.361486 0.601902 0.555618 0.759406 0.00258064
0 0.868013 0.245401 0.133884 0.482441 0.00232315
40 0.705121 0.576923 0.203057 0.257525 0.00229645
41 0.560638 0.385661 0.388263 0.618311 0.00225258
67 0.705121 0.576923 0.203057 0.257525 0.00219154
17 0.532258 0.588629 0.562172 0.80602 0.00218201
43 0.6432 0.552257 0.172933 0.288462 0.00216484
27 0.715163 0.572742 0.182974 0.272575 0.00214005
42 0.555618 0.388378 0.367065 0.614549 0.00206757
56 0.213796 0.451505 0.0839563 0.207358 0.0019722
42 0.605824 0.468645 0.153966 0.268395 0.00189686
0 0.869129 0.158445 0.124958 0.290134 0.00187492
42 0.677229 0.578595 0.136115 0.249164 0.00183868
57 0.246988 0.527592 0.147551 0.357023 0.00182438
25 0.428986 0.320234 0.452973 0.505017 0.00174141
44 0.563985 0.499268 0.336941 0.392768 0.0016489
0 0.548645 0.498328 0.513779 0.687291 0.00163555
25 0.378222 0.197115 0.419502 0.382943 0.00159168
40 0.548645 0.498328 0.513779 0.687291 0.00159168
43 0.61475 0.517977 0.161776 0.303512 0.00153065
56 0.411972 0.580686 0.499275 0.73495 0.00147247
13 0.176559 0.630539 0.304028 0.568353 0.00141048
65 0.715163 0.578595 0.185206 0.259197 0.00135612
42 0.545298 0.426003 0.2594 0.339465 0.00133514
13 0.364345 0.61967 0.384776 0.543269 0.00128937
0 0.292243 0.407191 0.196502 0.400502 0.00125504
67 0.772063 0.569398 0.0658262 0.0928094 0.00123501
0 0.15829 0.660117 0.294823 0.63796 0.00118828
79 0.556873 0.387542 0.358976 0.619565 0.00116062
0 0.20752 0.294732 0.070289 0.110786 0.00115108
0 0.867455 0.275084 0.120495 0.340301 0.00112438
79 0.605824 0.468645 0.153966 0.268395 0.00109482
72 0.159684 0.660953 0.295939 0.636288 0.00108147
57 0.364345 0.61967 0.384776 0.543269 0.00105667
25 0.459947 0.264214 0.287292 0.376254 0.00105286
79 0.61475 0.517977 0.161776 0.303512 0.00104046
40 0.559104 0.395067 0.39691 0.630435 0.753418
0 0.535535 0.602947 0.582394 0.777383 0.712891
56 0.172375 0.662207 0.312953 0.632107 0.0894775
0 0.397746 0.602007 0.313511 0.772575 0.0332031
67 0.557849 0.385451 0.357023 0.624582 0.0294189
44 0.557989 0.387751 0.385753 0.622492 0.0239563
0 0.862435 0.473244 0.167355 0.906354 0.0224152
56 0.323274 0.662625 0.616423 0.639632 0.0198669
38 0.556594 0.387542 0.366228 0.616221 0.0190582
42 0.621583 0.524979 0.17377 0.343018 0.0178528
0 0.864666 0.338211 0.142809 0.669732 0.0147324
67 0.654915 0.553512 0.162892 0.297659 0.0139542
42 0.654915 0.553512 0.162892 0.297659 0.0114212
76 0.557849 0.385451 0.357023 0.624582 0.0104065
67 0.564683 0.495401 0.336662 0.400502 0.00945282
0 0.785452 0.490803 0.321321 0.943144 0.00806427
57 0.363718 0.658027 0.67165 0.648829 0.00717545
67 0.677229 0.577759 0.136115 0.250836 0.00661469
67 0.621583 0.524979 0.17377 0.343018 0.00616837
0 0.711955 0.496656 0.486166 0.939799 0.00595856
0 0.705679 0.578595 0.198594 0.259197 0.00559998
56 0.245454 0.517454 0.144483 0.341346 0.00542831
56 0.354862 0.627508 0.36581 0.557692 0.00518036
40 0.686154 0.583194 0.122727 0.241639 0.00496292
0 0.730782 0.566054 0.145041 0.233278 0.00494385
40 0.517126 0.341764 0.306817 0.520485 0.00473785
25 0.396352 0.257525 0.43568 0.453177 0.00460815
44 0.615308 0.519231 0.162892 0.307692 0.00452042
40 0.478913 0.269022 0.221466 0.349916 0.00441742
56 0.577374 0.373537 0.429544 0.592391 0.00432968
13 0.363718 0.658027 0.67165 0.648829 0.00429916
76 0.621583 0.524979 0.17377 0.343018 0.00426483
0 0.859645 0.499582 0.234297 0.907191 0.00402451
56 0.530514 0.573579 0.566775 0.852843 0.00397491
0 0.868013 0.238712 0.132768 0.469064 0.00391388
39 0.557849 0.385451 0.357023 0.624582 0.00390053
76 0.644316 0.551839 0.16847 0.285117 0.00382423
67 0.705121 0.578177 0.200826 0.255017 0.00363541
44 0.644316 0.551839 0.16847 0.285117 0.00356483
26 0.71851 0.575669 0.180743 0.267558 0.00318527
25 0.351166 0.191263 0.446837 0.372492 0.00277901
65 0.715163 0.578595 0.185206 0.257525 0.00268364
0 0.357581 0.601275 0.552271 0.760661 0.00263214
57 0.172375 0.662207 0.312953 0.632107 0.00260162
40 0.705121 0.578177 0.200826 0.255017 0.00242424
76 0.564683 0.495401 0.336662 0.400502 0.00234985
41 0.562312 0.384824 0.389379 0.621655 0.00234222
0 0.869129 0.171196 0.122727 0.312709 0.00225258
43 0.644316 0.551839 0.16847 0.285117 0.00224304
27 0.715163 0.572742 0.182974 0.269231 0.00224304
40 0.564683 0.495401 0.336662 0.400502 0.00221634
56 0.414203 0.58403 0.499275 0.741639 0.00220871
25 0.427382 0.317099 0.45395 0.507943 0.00216484
42 0.556594 0.387542 0.366228 0.616221 0.00215721
42 0.677229 0.577759 0.136115 0.250836 0.0020752
42 0.605824 0.469482 0.155082 0.269231 0.00201035
17 0.533304 0.592391 0.562312 0.798495 0.00186062
56 0.22035 0.517663 0.0948344 0.340928 0.00178242
56 0.213935 0.456626 0.0839563 0.218855 0.00176144
43 0.615308 0.519231 0.162892 0.307692 0.00167465
25 0.456878 0.263587 0.297891 0.385033 0.00154877
67 0.771505 0.567308 0.0635948 0.0869565 0.0015192
57 0.247824 0.528428 0.149225 0.358696 0.00146675
40 0.549481 0.503344 0.506527 0.645485 0.00144386
79 0.557849 0.385451 0.357023 0.624582 0.0014267
13 0.167355 0.662625 0.310164 0.639632 0.00142097
67 0.592296 0.529369 0.297055 0.329222 0.00140476
42 0.550039 0.426839 0.249916 0.340301 0.00136185
44 0.564683 0.495401 0.336662 0.400502 0.00131989
79 0.605824 0.469482 0.155082 0.269231 0.00121117
39 0.715163 0.578595 0.185206 0.257525 0.00119686
0 0.290709 0.420987 0.210727 0.427258 0.00116062
42 0.705121 0.578177 0.200826 0.255017 0.0011425
13 0.354862 0.627508 0.36581 0.557692 0.0011158
0 0.785452 0.336747 0.313511 0.655936 0.00111198
79 0.615308 0.519231 0.162892 0.307692 0.00109482
25 0.441259 0.214256 0.342519 0.379181 0.00102425
0 0.554502 0.395067 0.362602 0.617893 0.00102425
40 0.560638 0.39538 0.398304 0.630644 0.73877
0 0.536651 0.602738 0.582394 0.777801 0.70752
56 0.172375 0.662625 0.313511 0.632943 0.0917358
0 0.397816 0.602007 0.31114 0.772575 0.042572
0 0.861319 0.475753 0.162892 0.914716 0.0317383
67 0.558407 0.384824 0.358139 0.625 0.0235138
44 0.561057 0.38796 0.390773 0.622074 0.0231476
0 0.864666 0.341555 0.140578 0.676421 0.0219116
38 0.557849 0.386915 0.36818 0.615803 0.0215302
42 0.621583 0.524666 0.17377 0.341137 0.0191956
56 0.304865 0.662625 0.572911 0.63796 0.0185394
67 0.656588 0.553512 0.160661 0.295987 0.016983
42 0.656588 0.553512 0.160661 0.295987 0.0132751
0 0.784336 0.490385 0.316858 0.945652 0.0111618
76 0.558407 0.384824 0.358139 0.625 0.011116
40 0.521031 0.354306 0.321321 0.547241 0.0088501
56 0.415598 0.64977 0.556733 0.663671 0.00878143
67 0.564683 0.497492 0.336662 0.394649 0.00809479
56 0.217003 0.632107 0.224255 0.571906 0.00775528
67 0.678902 0.577759 0.136115 0.252508 0.00769424
0 0.713489 0.495401 0.478635 0.942308 0.00734711
67 0.621583 0.524666 0.17377 0.341137 0.0068779
40 0.686154 0.583194 0.122727 0.241639 0.00598145
0 0.707353 0.578595 0.196363 0.259197 0.0053215
57 0.371527 0.657609 0.648221 0.647993 0.00524139
56 0.335267 0.627822 0.326342 0.557065 0.00521851
0 0.868013 0.237876 0.131652 0.466555 0.00518036
25 0.395794 0.259197 0.431217 0.451505 0.00510025
44 0.615865 0.519231 0.164008 0.30602 0.00503922
0 0.730782 0.566054 0.145041 0.233278 0.00498199
76 0.621583 0.524666 0.17377 0.341137 0.0049057
56 0.245175 0.519126 0.143925 0.344691 0.00460815
67 0.706237 0.579431 0.198594 0.254181 0.00460815
76 0.645989 0.551003 0.164008 0.282609 0.00446701
25 0.368459 0.205895 0.44349 0.40092 0.00446701
40 0.478635 0.270015 0.220908 0.350439 0.00438309
56 0.577932 0.373328 0.43066 0.591973 0.00436401
44 0.645989 0.551003 0.164008 0.282609 0.00415039
56 0.53156 0.568562 0.565798 0.862876 0.00413513
39 0.558407 0.384824 0.358139 0.625 0.00374985
26 0.71851 0.578595 0.180743 0.26087 0.00346947
13 0.371527 0.657609 0.648221 0.647993 0.00345612
65 0.715163 0.578595 0.185206 0.257525 0.00300407
40 0.706237 0.579431 0.198594 0.254181 0.00298119
0 0.869129 0.173913 0.122727 0.320234 0.00279999
76 0.564683 0.497492 0.336662 0.394649 0.00257111
40 0.564683 0.497492 0.336662 0.394649 0.00255013
42 0.678902 0.577759 0.136115 0.252508 0.00253105
17 0.510432 0.573161 0.681692 0.835284 0.00253105
43 0.645989 0.551003 0.164008 0.282609 0.00245285
41 0.563985 0.383988 0.393841 0.621655 0.00237846
25 0.425639 0.315635 0.445164 0.501672 0.00228691
27 0.715163 0.573997 0.18409 0.267559 0.00227928
42 0.605685 0.469795 0.154245 0.267768 0.00225258
42 0.557849 0.386915 0.36818 0.615803 0.00216484
57 0.172375 0.662625 0.313511 0.632943 0.00215721
67 0.769832 0.561455 0.0535535 0.076087 0.00202751
0 0.361486 0.601589 0.528841 0.760033 0.00201035
43 0.615865 0.519231 0.164008 0.30602 0.00174141
56 0.213935 0.459448 0.0836774 0.22408 0.0017271
40 0.550318 0.51087 0.502622 0.633779 0.00167465
79 0.605685 0.469795 0.154245 0.267768 0.00154877
42 0.706237 0.579431 0.198594 0.254181 0.00153637
25 0.458552 0.264005 0.292313 0.381689 0.00152493
0 0.288129 0.419628 0.202499 0.421614 0.00150681
56 0.220629 0.519649 0.0953922 0.344482 0.00150108
79 0.558407 0.384824 0.358139 0.625 0.00144386
44 0.564683 0.497492 0.336662 0.394649 0.0014267
39 0.715163 0.578595 0.185206 0.257525 0.00139904
0 0.784336 0.339883 0.313511 0.663043 0.00139904
13 0.164426 0.652905 0.304865 0.618938 0.00137806
42 0.556594 0.427362 0.236807 0.337584 0.00136662
79 0.615865 0.519231 0.164008 0.30602 0.00132465
57 0.376269 0.663043 0.432333 0.637124 0.00119209
13 0.376269 0.663043 0.432333 0.637124 0.00117397
57 0.247685 0.528846 0.148388 0.360368 0.00116539
56 0.234715 0.516304 0.21784 0.352843 0.0011158
25 0.441816 0.215092 0.339172 0.375836 0.00111198
72 0.161218 0.659804 0.30347 0.636915 0.00110722
0 0.555618 0.395067 0.363718 0.617893 0.00109863
13 0.217003 0.632107 0.224255 0.571906 0.00108147
44 0.605685 0.469795 0.154245 0.267768 0.00106907
76 0.610287 0.481605 0.152851 0.252508 0.00106907
40 0.560638 0.387124 0.39161 0.620401 0.751953
0 0.534977 0.602425 0.577932 0.778428 0.71875
56 0.171539 0.663043 0.310722 0.632107 0.104492
0 0.397189 0.601902 0.309048 0.772784 0.0568542
0 0.861877 0.476589 0.158429 0.919732 0.0446777
0 0.864666 0.343227 0.140578 0.680602 0.0387573
38 0.556733 0.386079 0.36818 0.61413 0.0243378
44 0.560638 0.387124 0.39161 0.620401 0.021698
67 0.657146 0.553094 0.151735 0.291806 0.0214539
42 0.620886 0.523307 0.172933 0.336329 0.0204926
56 0.276763 0.662207 0.43833 0.635452 0.0189819
67 0.557291 0.384197 0.357023 0.62291 0.0181885
0 0.785452 0.489967 0.312395 0.946488 0.0139008
42 0.657146 0.553094 0.151735 0.291806 0.0135345
56 0.395515 0.658445 0.590204 0.646321 0.0126724
56 0.350399 0.662625 0.361347 0.634615 0.0122375
56 0.247127 0.610263 0.160103 0.526965 0.0100098
76 0.557291 0.384197 0.357023 0.62291 0.00923157
67 0.620886 0.523307 0.172933 0.336329 0.00898743
67 0.680018 0.579431 0.133884 0.247492 0.00894928
0 0.868571 0.241012 0.132768 0.472826 0.00867462
40 0.686154 0.585284 0.122727 0.237458 0.00769424
0 0.714186 0.494565 0.472777 0.942308 0.00731659
67 0.563985 0.501568 0.335825 0.379808 0.0068779
76 0.620886 0.523307 0.172933 0.336329 0.00564194
0 0.70791 0.578595 0.193016 0.259197 0.00553513
56 0.301239 0.618311 0.257726 0.537625 0.00547028
44 0.615726 0.519126 0.163171 0.302885 0.00510025
0 0.73134 0.566054 0.145041 0.232441 0.00503922
25 0.396631 0.260661 0.425081 0.446906 0.00503922
56 0.244338 0.518813 0.142252 0.343645 0.00498199
67 0.707353 0.579431 0.196363 0.252508 0.00486755
76 0.647663 0.549331 0.157313 0.274247 0.00475693
56 0.53163 0.564381 0.563428 0.871237 0.00468063
25 0.369575 0.204222 0.440143 0.397575 0.00439835
40 0.478635 0.270903 0.220908 0.350334 0.00436401
40 0.517684 0.341346 0.306817 0.519649 0.00429916
57 0.395515 0.658445 0.590204 0.646321 0.0042305
56 0.577374 0.371656 0.429544 0.587793 0.00419998
44 0.647663 0.549331 0.157313 0.274247 0.00405502
26 0.71851 0.582776 0.181859 0.252508 0.00349617
40 0.707353 0.579431 0.196363 0.252508 0.00338936
67 0.769832 0.561873 0.0524378 0.0752508 0.00335121
39 0.557291 0.384197 0.357023 0.62291 0.00301552
40 0.563985 0.501568 0.335825 0.379808 0.00298119
0 0.869129 0.177258 0.123842 0.326923 0.00291252
65 0.715163 0.578595 0.185206 0.257525 0.00288963
42 0.606382 0.47084 0.153966 0.265677 0.00286674
42 0.680018 0.579431 0.133884 0.247492 0.00260162
0 0.283945 0.411267 0.183532 0.401547 0.00256157
43 0.647663 0.549331 0.157313 0.274247 0.00250244
57 0.171539 0.663043 0.310722 0.632107 0.00245285
76 0.563985 0.501568 0.335825 0.379808 0.00242424
17 0.514895 0.576087 0.661609 0.831104 0.0024147
13 0.423407 0.651756 0.528841 0.658027 0.00236893
42 0.556733 0.386079 0.36818 0.61413 0.00228691
27 0.715163 0.575251 0.182974 0.265886 0.00226021
41 0.563428 0.38357 0.392726 0.619983 0.00216484
13 0.16331 0.652592 0.303749 0.617893 0.00214958
79 0.606382 0.47084 0.153966 0.265677 0.00214005
56 0.223697 0.523411 0.101529 0.348662 0.00212479
56 0.405835 0.580163 0.473614 0.729306 0.00209999
56 0.213935 0.460702 0.0836774 0.227425 0.00197983
43 0.615726 0.519126 0.163171 0.302885 0.00188923
42 0.707353 0.579431 0.196363 0.252508 0.00169373
40 0.553107 0.515468 0.501506 0.658027 0.00167465
0 0.784336 0.340719 0.312395 0.664716 0.0015974
79 0.615726 0.519126 0.163171 0.302885 0.00156689
0 0.206823 0.295778 0.0697311 0.108278 0.00149536
0 0.369226 0.602111 0.496625 0.758988 0.00149536
67 0.764253 0.571906 0.0714047 0.110368 0.00148392
0 0.821154 0.560932 0.341404 0.792851 0.00146675
76 0.610845 0.481605 0.152851 0.250836 0.00141048
39 0.715163 0.578595 0.185206 0.257525 0.00139904
72 0.159266 0.660117 0.299007 0.636288 0.00136662
42 0.563985 0.429348 0.222024 0.33194 0.00136185
57 0.514895 0.576087 0.661609 0.831104 0.00132465
57 0.247406 0.527487 0.14783 0.358069 0.00131512
44 0.563985 0.501568 0.335825 0.379808 0.0012846
79 0.557291 0.384197 0.357023 0.62291 0.0012598
25 0.46692 0.264423 0.269999 0.375836 0.00119686
0 0.55506 0.393813 0.364833 0.617057 0.00118351
44 0.606382 0.47084 0.153966 0.265677 0.0011692
0 0.15815 0.659804 0.297891 0.640259 0.00108624
25 0.445164 0.216189 0.328015 0.368625 0.00107288
0 0.553107 0.515468 0.501506 0.658027 0.00103188
65 0.699543 0.605351 0.110454 0.133779 0.00102043
40 0.561057 0.393081 0.397467 0.626881 0.767578
0 0.534419 0.601171 0.5757 0.777592 0.722656
56 0.170423 0.662625 0.309048 0.631271 0.106323
0 0.39691 0.602007 0.307933 0.774248 0.0658569
0 0.862435 0.477007 0.156198 0.920569 0.0488586
0 0.865224 0.342391 0.140578 0.67893 0.0484009
67 0.656588 0.551839 0.138347 0.285953 0.0257568
38 0.55506 0.385242 0.364833 0.612458 0.0240479
42 0.620189 0.521739 0.172096 0.331104 0.0222931
44 0.55771 0.386288 0.386311 0.617057 0.0207977
56 0.252427 0.662103 0.267768 0.632316 0.0191956
67 0.556176 0.383152 0.354792 0.619983 0.0155411
42 0.656588 0.551839 0.138347 0.285953 0.0143356
0 0.786567 0.48913 0.307933 0.944816 0.0142288
56 0.314697 0.661371 0.287711 0.630435 0.0129242
67 0.620189 0.521739 0.172096 0.331104 0.0120544
56 0.248103 0.594064 0.154245 0.494147 0.0115509
56 0.406393 0.658445 0.556176 0.644649 0.0114212
0 0.868571 0.241012 0.131652 0.472826 0.0110703
67 0.680018 0.581522 0.132768 0.243311 0.0100555
40 0.686154 0.586957 0.122727 0.233278 0.00974274
76 0.556176 0.383152 0.354792 0.619983 0.00908661
76 0.620189 0.521739 0.172096 0.331104 0.0064621
67 0.563428 0.507525 0.334709 0.36204 0.00602722
0 0.71851 0.494147 0.46413 0.938127 0.00600433
40 0.52131 0.353052 0.318532 0.543896 0.00593567
0 0.708468 0.578595 0.1919 0.259197 0.00588989
67 0.707353 0.579849 0.196363 0.251672 0.00566483
56 0.281784 0.613817 0.218537 0.528219 0.00564194
0 0.73134 0.565217 0.145041 0.230769 0.00544739
44 0.616423 0.518395 0.164008 0.300167 0.00538635
67 0.769832 0.561455 0.0524378 0.0752508 0.00524139
56 0.24378 0.518395 0.141136 0.343645 0.00518036
76 0.649336 0.546823 0.148388 0.262542 0.0049057
25 0.398374 0.26087 0.418247 0.439799 0.0046463
56 0.532188 0.562709 0.562312 0.874582 0.00460815
40 0.478635 0.271269 0.219793 0.349603 0.00438309
44 0.649336 0.546823 0.148388 0.262542 0.00397491
56 0.576816 0.369565 0.428428 0.583612 0.00395966
40 0.710142 0.583612 0.174049 0.242475 0.00391388
0 0.283457 0.405936 0.172794 0.390468 0.00378036
25 0.374944 0.203804 0.428289 0.396739 0.0037365
42 0.60694 0.471572 0.153966 0.264214 0.00353813
26 0.71851 0.586957 0.181859 0.244147 0.00345612
57 0.406393 0.658445 0.556176 0.644649 0.00340271
65 0.715163 0.578595 0.185206 0.256689 0.00304031
13 0.162055 0.651756 0.302354 0.616221 0.00301552
0 0.869129 0.178512 0.123842 0.330268 0.00282288
40 0.563428 0.507525 0.334709 0.36204 0.00277901
42 0.680018 0.581522 0.132768 0.243311 0.00273705
39 0.55506 0.385242 0.364833 0.612458 0.0026722
79 0.60694 0.471572 0.153966 0.264214 0.00263214
43 0.649336 0.546823 0.148388 0.262542 0.00252151
76 0.563428 0.507525 0.334709 0.36204 0.00248146
57 0.170423 0.662625 0.309048 0.631271 0.00244331
42 0.55506 0.385242 0.364833 0.612458 0.00229645
56 0.222861 0.522993 0.100413 0.347826 0.00223351
43 0.616423 0.518395 0.164008 0.300167 0.00221634
56 0.213935 0.459762 0.0836774 0.225962 0.00218201
27 0.715163 0.576087 0.182974 0.262542 0.00216484
17 0.5188 0.578595 0.647105 0.826087 0.00214958
42 0.707353 0.579849 0.196363 0.251672 0.00201988
0 0.206823 0.29536 0.0694522 0.108696 0.00200272
67 0.764253 0.571906 0.070289 0.108696 0.00199509
56 0.400536 0.577655 0.461899 0.722617 0.00188255
41 0.560638 0.382525 0.387147 0.617893 0.00186729
13 0.406393 0.658445 0.556176 0.644649 0.00183105
76 0.611403 0.481501 0.152851 0.249373 0.00174141
79 0.616423 0.518395 0.164008 0.300167 0.00173378
72 0.157871 0.660117 0.296776 0.636288 0.0016489
57 0.5188 0.578595 0.647105 0.826087 0.00157928
0 0.822827 0.565217 0.338057 0.782609 0.00156116
39 0.710142 0.583612 0.174049 0.242475 0.00147247
0 0.784336 0.337793 0.310164 0.658863 0.00147247
57 0.246848 0.527487 0.146714 0.358069 0.00139904
40 0.556176 0.516618 0.49537 0.63566 0.00139904
42 0.571238 0.43102 0.206404 0.328595 0.00136662
44 0.60694 0.471572 0.153966 0.264214 0.00127411
65 0.700101 0.605351 0.110454 0.132107 0.00126934
0 0.556176 0.516618 0.49537 0.63566 0.00120163
0 0.554641 0.391722 0.363439 0.615385 0.00117874
39 0.686154 0.586957 0.122727 0.233278 0.0011692
79 0.556176 0.383152 0.354792 0.619983 0.00115108
0 0.372922 0.602843 0.472498 0.757525 0.00112438
0 0.151456 0.661371 0.285619 0.635452 0.00112438
44 0.563428 0.507525 0.334709 0.36204 0.0011034
41 0.686154 0.586957 0.122727 0.233278 0.00109005
25 0.478077 0.277592 0.232065 0.394649 0.00107288
0 0.892559 0.350752 0.189669 0.649666 0.00106525
62 0.158987 0.661789 0.295102 0.632943 0.00106049
23 0.56789 0.41388 0.412808 0.671405 0.00104809
25 0.446837 0.217391 0.321321 0.359532 0.00102043
40 0.56022 0.392559 0.39691 0.625418 0.790527
0 0.538394 0.602425 0.55771 0.783445 0.722656
56 0.170423 0.662625 0.309606 0.631271 0.113586
0 0.397119 0.602111 0.308072 0.774038 0.0708008
0 0.865224 0.343227 0.140578 0.679766 0.0501404
0 0.862435 0.477425 0.156198 0.923077 0.0495911
67 0.657146 0.551003 0.131652 0.282609 0.029541
42 0.620328 0.520485 0.171817 0.328595 0.0236053
38 0.554641 0.384615 0.363439 0.61204 0.0236053
67 0.63539 0.538462 0.164008 0.311037 0.0217743
44 0.556733 0.385661 0.3838 0.616639 0.0205688
56 0.24127 0.662103 0.221466 0.632316 0.0190582
67 0.555757 0.382525 0.354513 0.619565 0.0152512
42 0.657146 0.551003 0.131652 0.282609 0.0147858
0 0.785452 0.48913 0.307933 0.944816 0.0147858
56 0.290918 0.661371 0.239317 0.630435 0.0130234
0 0.868013 0.241639 0.131652 0.473244 0.0116425
67 0.681134 0.58194 0.132768 0.242475 0.0115051
40 0.686154 0.587793 0.122727 0.232441 0.0113297
56 0.248103 0.593646 0.154245 0.493311 0.0108185
56 0.407718 0.658027 0.543485 0.643813 0.0103302
76 0.559523 0.382107 0.384916 0.617057 0.00891876
67 0.707353 0.581104 0.196363 0.249164 0.00766754
67 0.564404 0.518395 0.332757 0.338629 0.00725937
67 0.769832 0.561037 0.0524378 0.0752508 0.00651169
76 0.620328 0.520485 0.171817 0.328595 0.00643921
0 0.709584 0.578595 0.189669 0.259197 0.00616837
0 0.721857 0.493311 0.456321 0.938127 0.006073
44 0.616981 0.518499 0.164008 0.299122 0.00595856
0 0.73134 0.564381 0.143925 0.230769 0.00588989
40 0.521031 0.353261 0.316858 0.543478 0.00557709
40 0.711258 0.585284 0.17628 0.239967 0.00496292
56 0.243501 0.51829 0.141136 0.343018 0.00492477
0 0.283387 0.4051 0.167913 0.388796 0.00479126
25 0.400257 0.26087 0.413366 0.43311 0.00473785
56 0.532258 0.561037 0.562172 0.877926 0.00468063
76 0.650452 0.546405 0.142809 0.256689 0.0046463
40 0.479192 0.271112 0.218677 0.348244 0.00439835
44 0.650452 0.546405 0.142809 0.256689 0.0041008
67 0.618097 0.511601 0.165123 0.339674 0.00390053
42 0.60694 0.472408 0.153966 0.263378 0.00388527
65 0.715163 0.578595 0.18409 0.255853 0.00387001
56 0.576258 0.368729 0.427312 0.58194 0.00365067
25 0.377943 0.202968 0.422292 0.395067 0.0036068
0 0.733014 0.531773 0.145041 0.162207 0.00351143
26 0.71851 0.590301 0.182975 0.235786 0.00314713
57 0.407718 0.658027 0.543485 0.643813 0.00313568
79 0.60694 0.472408 0.153966 0.263378 0.00304031
40 0.564404 0.518395 0.332757 0.338629 0.00293541
42 0.681134 0.58194 0.132768 0.242475 0.00282288
39 0.554641 0.384615 0.363439 0.61204 0.00277901
76 0.564404 0.518395 0.332757 0.338629 0.00271416
0 0.869129 0.178094 0.123842 0.329431 0.00269318
43 0.650452 0.546405 0.142809 0.256689 0.00258064
57 0.170423 0.662625 0.309606 0.631271 0.00251198
42 0.707353 0.581104 0.196363 0.249164 0.00244331
43 0.616981 0.518499 0.164008 0.299122 0.0024147
42 0.554641 0.384615 0.363439 0.61204 0.0024147
67 0.763695 0.571906 0.070289 0.108696 0.00232315
27 0.71851 0.590301 0.182975 0.235786 0.00229645
0 0.206683 0.29515 0.0691733 0.108696 0.00223351
56 0.213935 0.458089 0.0836774 0.222617 0.00219917
13 0.162055 0.650502 0.301796 0.613712 0.00215721
56 0.22314 0.522993 0.100971 0.347826 0.00214958
39 0.711258 0.585284 0.17628 0.239967 0.00201035
79 0.616981 0.518499 0.164008 0.299122 0.00192642
41 0.559523 0.382107 0.384916 0.617057 0.00192642
72 0.158987 0.660431 0.299007 0.635661 0.00191212
57 0.521031 0.579849 0.642642 0.825251 0.00183105
17 0.521031 0.579849 0.642642 0.825251 0.00181007
76 0.611403 0.482441 0.152851 0.249164 0.00178242
56 0.396352 0.577864 0.452416 0.723871 0.00176811
0 0.304307 0.386497 0.150061 0.355769 0.00163555
0 0.823385 0.565217 0.336941 0.782609 0.00157928
57 0.246988 0.527174 0.146993 0.35786 0.00154877
13 0.420897 0.65301 0.512663 0.653846 0.00150108
0 0.784894 0.337166 0.309048 0.658445 0.00148392
44 0.60694 0.472408 0.153966 0.263378 0.00146103
42 0.5757 0.432692 0.197479 0.324415 0.00141621
40 0.556873 0.517977 0.490628 0.586957 0.00139904
65 0.700658 0.604097 0.109338 0.131271 0.00138855
0 0.152432 0.661789 0.288687 0.636288 0.00138855
39 0.686154 0.587793 0.122727 0.232441 0.00135612
41 0.686154 0.587793 0.122727 0.232441 0.0012846
0 0.608056 0.703177 0.410577 0.511706 0.00124454
62 0.160103 0.661476 0.297891 0.63357 0.00124454
25 0.478356 0.275711 0.231507 0.39005 0.00119686
79 0.555757 0.382525 0.354513 0.619565 0.00119686
0 0.556873 0.517977 0.490628 0.586957 0.0011692
44 0.564404 0.518395 0.332757 0.338629 0.00115585
0 0.553944 0.390677 0.362602 0.61413 0.0011158
45 0.480308 0.400084 0.136115 0.0702341 0.00110722
0 0.892001 0.351589 0.188553 0.650502 0.00105667
25 0.449069 0.218645 0.314627 0.352007 0.00104809
40 0.574027 0.441367 0.187437 0.309574 0.00101662
40 0.56008 0.391304 0.394957 0.623746 0.801758
0 0.538255 0.603261 0.556873 0.781773 0.731934
56 0.170423 0.663043 0.309606 0.632107 0.116333
0 0.39691 0.602425 0.307933 0.773411 0.074646
0 0.864666 0.342391 0.140578 0.67893 0.0522461
0 0.862435 0.478261 0.153966 0.923077 0.0478821
67 0.656031 0.549749 0.120495 0.277592 0.0346069
42 0.620328 0.519126 0.171817 0.324624 0.0233307
67 0.633717 0.536789 0.158429 0.308528 0.0232391
38 0.554641 0.384197 0.361207 0.611204 0.0204926
44 0.555478 0.385033 0.379616 0.615385 0.0198669
56 0.244059 0.661371 0.200268 0.630435 0.0190582
42 0.656031 0.549749 0.120495 0.277592 0.0152512
0 0.788799 0.488294 0.301239 0.943144 0.0144501
67 0.555757 0.382525 0.352282 0.617057 0.0133743
40 0.686154 0.588629 0.122727 0.229097 0.0130234
0 0.868571 0.239548 0.131652 0.469064 0.0127716
67 0.681692 0.582776 0.131652 0.240803 0.0122375
56 0.248243 0.593227 0.153409 0.492475 0.01017
67 0.769832 0.561455 0.0513221 0.0752508 0.00952148
76 0.55771 0.38148 0.379616 0.614966 0.00948334
56 0.407857 0.658131 0.532049 0.643604 0.00919342
67 0.707353 0.58194 0.194131 0.247492 0.0085144
67 0.563567 0.525188 0.332199 0.322533 0.00698471
0 0.285061 0.401756 0.159545 0.382107 0.00695801
40 0.520473 0.352425 0.315743 0.542642 0.00671768
76 0.616981 0.517454 0.164008 0.296196 0.00666809
44 0.616981 0.517454 0.164008 0.296196 0.00641251
0 0.709584 0.578595 0.187437 0.258361 0.00621796
0 0.73134 0.564381 0.143925 0.229097 0.00619125
40 0.711815 0.58612 0.17628 0.237458 0.00616837
56 0.271394 0.617161 0.198036 0.534908 0.00534439
56 0.243501 0.51829 0.140578 0.343018 0.00479126
0 0.727296 0.493311 0.444327 0.93311 0.00475693
76 0.651568 0.545987 0.136115 0.249164 0.0046463
25 0.402767 0.263378 0.406114 0.428094 0.00452042
42 0.60694 0.472408 0.153966 0.262542 0.00448608
40 0.479192 0.271112 0.218677 0.348244 0.00429916
56 0.532188 0.561873 0.561196 0.876254 0.00424957
44 0.651568 0.545987 0.136115 0.249164 0.00407028
65 0.715163 0.579431 0.182974 0.254181 0.00405502
42 0.669419 0.567308 0.120495 0.236622 0.00402451
0 0.733014 0.530936 0.145041 0.160535 0.00369263
79 0.60694 0.472408 0.153966 0.262542 0.00359344
0 0.626883 0.685619 0.366228 0.474916 0.00358009
56 0.5757 0.368311 0.426197 0.58194 0.00329781
25 0.385195 0.204379 0.407788 0.397262 0.00316048
26 0.71851 0.595318 0.182975 0.225752 0.00311089
43 0.616981 0.517454 0.164008 0.296196 0.00301552
39 0.554641 0.384197 0.361207 0.611204 0.00298119
40 0.563567 0.525188 0.332199 0.322533 0.00293541
76 0.563567 0.525188 0.332199 0.322533 0.00292397
67 0.764253 0.57107 0.0691733 0.107023 0.00284576
43 0.651568 0.545987 0.136115 0.249164 0.00273705
57 0.407857 0.658131 0.532049 0.643604 0.00268364
42 0.707353 0.58194 0.194131 0.247492 0.0026722
39 0.711815 0.58612 0.17628 0.237458 0.00265312
0 0.869129 0.178094 0.123842 0.329431 0.00264168
42 0.554641 0.384197 0.361207 0.611204 0.00246239
0 0.206683 0.294732 0.0691733 0.108696 0.00245285
57 0.170423 0.663043 0.309606 0.632107 0.00239754
27 0.71851 0.595318 0.182975 0.225752 0.002388
72 0.159824 0.660117 0.299007 0.634615 0.00230598
56 0.213935 0.458194 0.0836774 0.222408 0.00226974
13 0.162055 0.649247 0.301239 0.611204 0.00226974
42 0.678345 0.593645 0.12719 0.217391 0.00225258
56 0.222163 0.522993 0.0990182 0.347826 0.00217438
79 0.616981 0.517454 0.164008 0.296196 0.0020752
41 0.55771 0.38148 0.379616 0.614966 0.00190449
57 0.522705 0.58518 0.632601 0.81459 0.00186062
17 0.522705 0.58518 0.632601 0.81459 0.00175476
44 0.60694 0.472408 0.153966 0.262542 0.00172043
57 0.247127 0.527174 0.147272 0.357023 0.00166798
65 0.701774 0.603261 0.109338 0.128763 0.00160408
56 0.39161 0.576087 0.442932 0.719064 0.00159168
39 0.686154 0.588629 0.122727 0.229097 0.00157356
0 0.326621 0.37709 0.217003 0.348662 0.00152493
0 0.15313 0.661789 0.289524 0.636288 0.00151253
42 0.577792 0.433842 0.192179 0.321279 0.00149536
0 0.56022 0.520485 0.486165 0.542642 0.00147247
62 0.160382 0.661371 0.298449 0.633779 0.00145531
41 0.686154 0.588629 0.122727 0.229097 0.00141048
0 0.825617 0.572742 0.330247 0.762542 0.00135136
79 0.555757 0.382525 0.352282 0.617057 0.00132465
0 0.785452 0.334866 0.307933 0.653846 0.00131989
45 0.47975 0.400084 0.135557 0.0702341 0.00130463
13 0.407857 0.658131 0.532049 0.643604 0.00128937
25 0.478635 0.275293 0.23095 0.389214 0.0012846
76 0.60694 0.472408 0.153966 0.262542 0.00115585
0 0.28778 0.358278 0.189808 0.33612 0.0011425
0 0.892001 0.355769 0.188553 0.657191 0.00113392
40 0.56022 0.520485 0.486165 0.542642 0.00113392
0 0.553526 0.388796 0.361207 0.61204 0.00109863
23 0.566217 0.412207 0.409461 0.668896 0.00107288
44 0.563567 0.525188 0.332199 0.322533 0.00107288
44 0.441259 0.371237 0.0412808 0.0154682 0.00106907
41 0.711815 0.58612 0.17628 0.237458 0.00106907
0 0.302424 0.373537 0.133744 0.328177 0.00104809
40 0.577932 0.441576 0.179627 0.309155 0.00104809
0 0.582394 0.592809 0.457436 0.289298 0.00100803
40 0.56008 0.391304 0.394957 0.623746 0.805664
0 0.538324 0.603261 0.556733 0.781773 0.732422
56 0.170423 0.662625 0.309606 0.631271 0.11554
0 0.39691 0.602425 0.307933 0.773411 0.0740967
0 0.864666 0.342809 0.140578 0.67893 0.049408
0 0.862435 0.479097 0.156198 0.924749 0.046814
67 0.655473 0.549331 0.120495 0.277592 0.0348816
67 0.633717 0.536789 0.158429 0.307692 0.0235138
42 0.620468 0.518813 0.171539 0.325251 0.0234222
44 0.555478 0.384824 0.379616 0.614967 0.0197906
38 0.554641 0.383988 0.361207 0.610786 0.0196381
56 0.244338 0.661789 0.201941 0.631271 0.0190582
42 0.655473 0.549331 0.120495 0.277592 0.0150146
0 0.788241 0.488294 0.302354 0.943144 0.014061
67 0.555618 0.382107 0.351445 0.617057 0.0132751
40 0.686154 0.588629 0.122727 0.229097 0.0131226
56 0.283108 0.661371 0.223697 0.630435 0.0130234
67 0.681692 0.582776 0.131652 0.240803 0.0124817
0 0.868571 0.239339 0.131652 0.469482 0.0119171
56 0.248103 0.595318 0.153687 0.496656 0.00993347
67 0.769832 0.561455 0.0513221 0.0752508 0.00952148
76 0.557291 0.38148 0.379337 0.614966 0.00941467
56 0.408067 0.658131 0.532746 0.643604 0.00926971
67 0.707353 0.58194 0.194131 0.247492 0.00861359
0 0.284991 0.401756 0.159684 0.382943 0.0068779
40 0.520473 0.352634 0.315743 0.54306 0.0068512
67 0.563428 0.524666 0.331362 0.321906 0.00674438
76 0.616981 0.517454 0.164008 0.296196 0.00671768
44 0.616981 0.517454 0.164008 0.296196 0.0064621
0 0.73134 0.564381 0.143925 0.229097 0.00619125
0 0.709584 0.578595 0.187437 0.259197 0.00616837
40 0.711815 0.58612 0.17628 0.237458 0.00614548
0 0.727435 0.493311 0.444048 0.93311 0.00466537
56 0.243501 0.518395 0.140578 0.343645 0.0046463
42 0.60694 0.472408 0.153966 0.262542 0.0045929
76 0.651568 0.545569 0.136115 0.248328 0.00457382
25 0.402767 0.263744 0.404999 0.427362 0.00443268
40 0.479192 0.271269 0.218677 0.347931 0.00429916
56 0.532188 0.562291 0.561196 0.875418 0.00416565
65 0.715163 0.579431 0.182974 0.254181 0.00413513
44 0.651568 0.545569 0.136115 0.248328 0.00400543
42 0.668861 0.567726 0.11938 0.23495 0.00400543
79 0.60694 0.472408 0.153966 0.262542 0.00367928
0 0.733014 0.531355 0.145041 0.161371 0.00367928
0 0.627022 0.685619 0.365949 0.474916 0.00352478
56 0.5757 0.368102 0.426197 0.581522 0.00324821
26 0.71851 0.595318 0.182975 0.225752 0.00307465
43 0.616981 0.517454 0.164008 0.296196 0.0030632
25 0.386101 0.204379 0.404859 0.397262 0.0030632
39 0.554641 0.383988 0.361207 0.610786 0.00302696
76 0.563428 0.524666 0.331362 0.321906 0.00284576
40 0.563428 0.524666 0.331362 0.321906 0.00283432
67 0.764253 0.57107 0.0691733 0.107023 0.00282288
57 0.408067 0.658131 0.532746 0.643604 0.00276756
43 0.651568 0.545569 0.136115 0.248328 0.00271416
42 0.707353 0.58194 0.194131 0.247492 0.00266266
39 0.711815 0.58612 0.17628 0.237458 0.00264168
0 0.869129 0.177885 0.123842 0.329013 0.00263214
42 0.554641 0.383988 0.361207 0.610786 0.00244331
0 0.206823 0.294732 0.0688944 0.108696 0.00242424
27 0.71851 0.595318 0.182975 0.225752 0.00239754
57 0.170423 0.662625 0.309606 0.631271 0.00239754
72 0.160103 0.660117 0.300123 0.634615 0.00234985
42 0.678345 0.593645 0.12719 0.217391 0.00222588
56 0.213935 0.457776 0.0836774 0.221572 0.00221634
13 0.162055 0.649247 0.301239 0.611204 0.00214958
79 0.616981 0.517454 0.164008 0.296196 0.00209045
56 0.222442 0.523307 0.0995761 0.348035 0.00206757
41 0.557291 0.38148 0.379337 0.614966 0.00192642
57 0.522705 0.585284 0.632601 0.814381 0.00184631
44 0.60694 0.472408 0.153966 0.262542 0.00176144
17 0.522705 0.585284 0.632601 0.814381 0.0017271
57 0.246988 0.527174 0.146993 0.357023 0.00167465
65 0.701774 0.603679 0.109338 0.128763 0.00162315
56 0.392447 0.576923 0.444606 0.720736 0.00161648
39 0.686154 0.588629 0.122727 0.229097 0.0015974
0 0.326272 0.376672 0.215469 0.34699 0.00157356
42 0.577932 0.434365 0.193016 0.32107 0.00151253
0 0.560638 0.519962 0.485329 0.540343 0.00148392
0 0.153408 0.661789 0.290082 0.636288 0.00146675
62 0.160661 0.661371 0.299007 0.633779 0.00145531
41 0.686154 0.588629 0.122727 0.229097 0.00143814
45 0.47975 0.400084 0.134999 0.0702341 0.00138283
79 0.555618 0.382107 0.351445 0.617057 0.00133514
0 0.825617 0.573474 0.332478 0.761079 0.00131989
25 0.478635 0.275084 0.23095 0.388796 0.00127888
0 0.785452 0.335284 0.307933 0.653846 0.00127888
13 0.408067 0.658131 0.532746 0.643604 0.00127411
0 0.28792 0.358069 0.188414 0.33403 0.00119209
76 0.60694 0.472408 0.153966 0.262542 0.00118828
40 0.560638 0.519962 0.485329 0.540343 0.00112057
44 0.441259 0.371237 0.0412808 0.0158863 0.00109482
0 0.892001 0.355769 0.188553 0.656355 0.00109005
0 0.553526 0.388796 0.361207 0.61204 0.00108624
23 0.566635 0.411789 0.408624 0.66806 0.00107288
40 0.578489 0.441472 0.178512 0.308528 0.00106525
41 0.711815 0.58612 0.17628 0.237458 0.00106525
44 0.563428 0.524666 0.331362 0.321906 0.00104809
0 0.583371 0.592809 0.455484 0.289298 0.00104809
0 0.302424 0.373537 0.133744 0.328177 0.00103188
