23 0.373034 0.597098 0.530278 0.805804 0.607422
23 0.684426 0.632813 0.631148 0.727679 0.539062
23 0.660547 0.448103 0.656156 0.696429 0.494141
23 0.536133 0.571987 0.901639 0.74442 0.416748
23 0.623955 0.637277 0.230846 0.142857 0.0138474
23 0.49013 0.300293 0.157243 0.111468 0.0129242
23 0.847106 0.870536 0.305788 0.25 0.0110321
23 0.946638 0.86942 0.106725 0.258929 0.00787354
23 0.29734 0.752372 0.366343 0.493025 0.00679779
23 0.69923 0.623884 0.0635664 0.0691965 0.00674438
23 0.223423 0.756138 0.223946 0.481027 0.00616837
23 0.487203 0.316964 0.201572 0.15067 0.00502014
23 0.833055 0.950335 0.284376 0.0959822 0.00333786
23 0.314905 0.905413 0.100368 0.189174 0.00318527
23 0.390703 0.523996 0.630437 0.684152 0.00300407
23 0.530278 0.169399 0.287722 0.136649 0.00279045
23 0.500585 0.334333 0.237538 0.192941 0.00254059
23 0.486367 0.275112 0.124624 0.0636161 0.00199509
23 0.332051 0.90067 0.139679 0.196429 0.00170708
23 0.546169 0.297712 0.277685 0.117746 0.00156689
23 0.608063 0.381417 0.480094 0.563058 0.00139904
23 0.508113 0.371164 0.251756 0.290039 0.0012598
23 0.412763 0.229911 0.183172 0.103795 0.00121117
23 0.66912 0.842634 0.63901 0.305804 0.0011692
23 0.481766 0.361886 0.225828 0.218192 0.00112057
0 0.700903 0.622768 0.058548 0.0625 0.00102425
23 0.546169 0.936384 0.37638 0.120536 0.00101185
23 0.376485 0.58817 0.538433 0.823661 0.672363
23 0.685263 0.633789 0.629475 0.727958 0.563965
23 0.674975 0.448661 0.623955 0.699777 0.525391
23 0.501736 0.589844 0.791444 0.794643 0.434082
23 0.574607 0.503906 0.844764 0.804688 0.363037
23 0.623118 0.637277 0.230846 0.142857 0.0143356
23 0.490549 0.300223 0.156407 0.111607 0.0111618
23 0.946638 0.87221 0.106725 0.254464 0.00847626
23 0.350452 0.553013 0.524423 0.639509 0.00834656
23 0.69923 0.624442 0.0635664 0.0691965 0.00695801
23 0.84627 0.871652 0.307461 0.25 0.00671768
23 0.300686 0.751674 0.372198 0.49442 0.00643921
23 0.224155 0.756696 0.225828 0.479911 0.00466537
23 0.487621 0.317243 0.202409 0.152344 0.00455475
23 0.530696 0.169224 0.286885 0.136719 0.00250244
23 0.314905 0.905134 0.101204 0.189732 0.00245285
23 0.500585 0.335379 0.236701 0.195871 0.00233269
23 0.833055 0.950335 0.284376 0.0970982 0.00219917
23 0.485948 0.274833 0.123787 0.0625 0.00211525
23 0.547842 0.297154 0.284376 0.119978 0.00134087
0 0.700903 0.623326 0.0568753 0.0625 0.00129986
23 0.413182 0.23005 0.181499 0.104074 0.00115585
23 0.508531 0.370815 0.249247 0.290179 0.00112915
23 0.669329 0.847656 0.638591 0.295759 0.00100422
23 0.383489 0.587751 0.55286 0.824498 0.689453
23 0.691327 0.646763 0.617347 0.704241 0.59082
23 0.671002 0.448661 0.635246 0.700893 0.509766
23 0.521182 0.587054 0.832845 0.804688 0.42627
23 0.359652 0.549665 0.508531 0.639509 0.0136337
23 0.623118 0.636719 0.230846 0.142857 0.0109024
23 0.490549 0.300153 0.156407 0.111747 0.00963593
23 0.540147 0.475725 0.919706 0.771763 0.00888062
23 0.946638 0.873326 0.106725 0.252232 0.0069046
23 0.69923 0.625 0.0635664 0.0691964 0.00638962
23 0.303613 0.753209 0.378053 0.489118 0.0049057
23 0.844764 0.879464 0.307795 0.233259 0.00419998
23 0.487621 0.31815 0.202409 0.153878 0.00400543
23 0.315323 0.90625 0.102041 0.1875 0.00228691
23 0.227501 0.756696 0.237538 0.475446 0.00226974
23 0.530696 0.169364 0.286885 0.137277 0.00220871
23 0.258866 0.720424 0.296922 0.554688 0.00211525
23 0.500167 0.333078 0.237538 0.190988 0.00201035
23 0.486367 0.274623 0.124624 0.0623605 0.00186062
23 0.833891 0.950335 0.286049 0.0970982 0.0016613
0 0.700903 0.623326 0.0568753 0.0613839 0.00146103
23 0.54826 0.296875 0.285212 0.120536 0.00116062
23 0.452492 0.424665 0.294413 0.215402 0.00102425
23 0.537387 0.203404 0.310304 0.204799 0.00102425
23 0.529441 0.313058 0.289394 0.148438 0.00101185
23 0.390494 0.58803 0.568961 0.82394 0.692871
23 0.689863 0.647461 0.620274 0.705078 0.613281
23 0.663893 0.44894 0.646119 0.702567 0.466797
23 0.530173 0.586914 0.853337 0.810547 0.390381
23 0.360907 0.547154 0.505186 0.640067 0.011467
23 0.491385 0.300223 0.15557 0.111607 0.00809479
23 0.623118 0.636161 0.229174 0.142857 0.00809479
23 0.946219 0.874442 0.107561 0.251116 0.00743103
23 0.700067 0.625 0.0618936 0.0680804 0.00731659
23 0.449565 0.50865 0.766979 0.726005 0.00624084
23 0.84627 0.876116 0.307461 0.241071 0.00391388
23 0.487621 0.318638 0.202409 0.155692 0.00367928
23 0.30445 0.75558 0.381398 0.484375 0.00362206
23 0.315323 0.907366 0.100368 0.185268 0.00273705
0 0.70174 0.623326 0.0568753 0.0613839 0.00216484
23 0.530696 0.169643 0.286885 0.138393 0.00210762
23 0.486367 0.274484 0.12546 0.0615234 0.00162315
23 0.833891 0.950893 0.286049 0.0959821 0.00158501
23 0.26012 0.72154 0.301104 0.550223 0.00144386
23 0.231683 0.757952 0.253429 0.468471 0.00119686
23 0.455002 0.421875 0.287722 0.209821 0.00112438
23 0.537805 0.20159 0.312814 0.20173 0.00112057
23 0.547006 0.296805 0.28103 0.120675 0.00107288
23 0.547842 0.272879 0.337906 0.347098 0.00106525
23 0.668911 0.863839 0.642774 0.263393 0.00100803
23 0.398545 0.588309 0.587989 0.823382 0.740234
23 0.675435 0.632813 0.64913 0.727679 0.680664
23 0.534041 0.585379 0.865674 0.819196 0.430176
23 0.658247 0.449777 0.660756 0.704241 0.414795
23 0.362893 0.543527 0.500376 0.637277 0.00930023
23 0.69923 0.625 0.0602208 0.0680804 0.00844574
23 0.623118 0.636719 0.229174 0.140625 0.0068779
23 0.945801 0.874442 0.108397 0.25 0.00679779
23 0.491803 0.300153 0.15557 0.111747 0.00614548
23 0.315323 0.907366 0.100368 0.185268 0.00312424
23 0.304554 0.759068 0.381189 0.4774 0.00312424
23 0.487621 0.318917 0.204082 0.156808 0.00293541
23 0.845433 0.878348 0.309133 0.236607 0.00282288
0 0.70174 0.623884 0.0568753 0.0602679 0.00275803
23 0.530278 0.171736 0.287722 0.143136 0.00226974
23 0.485948 0.274554 0.12546 0.0613839 0.00140476
23 0.834727 0.950335 0.289394 0.0970982 0.00126457
23 0.497658 0.424944 0.44831 0.636719 0.00113773
23 0.261061 0.721959 0.304241 0.547154 0.00107288
23 0.538642 0.20159 0.316159 0.20173 0.00106525
23 0.548678 0.268973 0.341251 0.339286 0.00105667
23 0.455838 0.421875 0.284376 0.209821 0.00102425
23 0.393944 0.588309 0.580462 0.823382 0.774414
23 0.675226 0.632255 0.649548 0.728795 0.71875
23 0.53446 0.58817 0.868183 0.815848 0.490234
23 0.659292 0.450893 0.662011 0.705357 0.386719
23 0.700067 0.625 0.0602208 0.0669643 0.0116882
23 0.352856 0.530134 0.542196 0.678571 0.0108566
23 0.945383 0.873884 0.109234 0.25 0.00621796
23 0.315323 0.906808 0.0995316 0.186384 0.00564194
23 0.494312 0.299944 0.150552 0.111607 0.00502014
0 0.702576 0.623884 0.0552024 0.0602679 0.00441742
23 0.623118 0.637835 0.227501 0.136161 0.00413513
23 0.303613 0.760603 0.37638 0.473214 0.00305176
23 0.530278 0.172119 0.287722 0.144043 0.00269318
23 0.487621 0.319196 0.202409 0.156808 0.00252151
23 0.84627 0.879464 0.307461 0.234375 0.00231361
23 0.694212 0.631138 0.0635664 0.0569196 0.00222588
23 0.63901 0.637277 0.194045 0.111607 0.00158501
23 0.503513 0.423549 0.46002 0.637277 0.00138855
23 0.549515 0.265346 0.337906 0.330915 0.00131989
23 0.539478 0.201974 0.314486 0.201521 0.00131512
23 0.480094 0.273438 0.115423 0.0613839 0.00126457
17 0.538642 0.597098 0.874875 0.805804 0.0012064
23 0.261375 0.722656 0.303613 0.546875 0.00108147
23 0.387253 0.588728 0.565407 0.822545 0.800781
23 0.677108 0.632255 0.645784 0.728795 0.725098
23 0.536969 0.592076 0.868183 0.809152 0.529297
23 0.655738 0.452567 0.665774 0.704241 0.40918
23 0.367284 0.536272 0.488249 0.610491 0.0103683
23 0.700067 0.626116 0.0602208 0.0647322 0.00993347
23 0.315323 0.90625 0.0986952 0.1875 0.00734711
23 0.945383 0.875 0.109234 0.25 0.00641251
0 0.702576 0.623884 0.0552024 0.0602679 0.00492477
23 0.497658 0.299665 0.170626 0.113839 0.00431442
23 0.530278 0.171736 0.287722 0.143694 0.00378036
23 0.84627 0.87779 0.307461 0.237723 0.00351143
23 0.303613 0.760603 0.374707 0.472098 0.00302696
23 0.623118 0.638393 0.225828 0.133929 0.00276756
23 0.487621 0.319196 0.202409 0.156808 0.00245285
23 0.694212 0.631696 0.0635664 0.0558035 0.00195694
23 0.511041 0.422154 0.483439 0.638951 0.00188255
23 0.53906 0.201032 0.31365 0.19894 0.00152493
17 0.541569 0.597656 0.870692 0.804688 0.0014782
23 0.548678 0.265067 0.33456 0.329241 0.00144386
23 0.652392 0.636719 0.165607 0.107143 0.00118828
23 0.480512 0.273438 0.115423 0.0608259 0.00112915
23 0.663893 0.908482 0.646119 0.178572 0.00102806
23 0.392272 0.589007 0.575443 0.821987 0.796875
23 0.514804 0.587054 0.812144 0.825893 0.789062
23 0.689026 0.646763 0.621947 0.704241 0.679199
23 0.538642 0.478795 0.921713 0.801339 0.457031
23 0.659292 0.454241 0.658665 0.703125 0.420654
23 0.353379 0.534877 0.539478 0.669085 0.0136337
23 0.69923 0.626116 0.0602208 0.0647322 0.00985718
23 0.324523 0.905134 0.123787 0.189732 0.00818634
23 0.945383 0.875 0.109234 0.25 0.00706482
23 0.84627 0.876116 0.307461 0.241071 0.00530243
23 0.530696 0.171177 0.286885 0.142578 0.00516129
0 0.702576 0.623884 0.0535296 0.0580357 0.00511932
23 0.497658 0.299665 0.163934 0.113281 0.00413513
23 0.302777 0.761719 0.371362 0.46875 0.00273705
23 0.528605 0.422991 0.528605 0.641741 0.00261116
23 0.486785 0.319475 0.200736 0.157366 0.00226974
23 0.623118 0.639509 0.224155 0.132812 0.00208282
17 0.54366 0.598493 0.869856 0.803013 0.00175476
23 0.539478 0.199358 0.312814 0.195033 0.00144386
23 0.692539 0.630022 0.0602208 0.0524553 0.00143242
23 0.389762 0.50007 0.4274 0.495396 0.00124931
23 0.664938 0.90625 0.650719 0.180804 0.00120163
23 0.893108 0.87221 0.213784 0.25558 0.00117874
17 0.659543 0.627232 0.680913 0.741072 0.00113392
23 0.549097 0.261579 0.335396 0.321708 0.0011158
23 0.480094 0.273438 0.112914 0.0602679 0.00104427
23 0.851455 0.953125 0.294413 0.0915178 0.00103664
23 0.401577 0.592634 0.595308 0.814732 0.791992
23 0.687563 0.646763 0.624874 0.704241 0.677246
23 0.539896 0.609933 0.880729 0.773438 0.615234
23 0.535296 0.482143 0.928404 0.794643 0.474609
23 0.664311 0.454799 0.65532 0.702009 0.377441
23 0.368016 0.587193 0.53195 0.653739 0.085083
23 0.315741 0.904576 0.103714 0.190848 0.00847626
23 0.69923 0.626116 0.0602208 0.0647322 0.00787354
23 0.530278 0.170759 0.287722 0.14202 0.00669098
23 0.944965 0.875 0.11007 0.25 0.00638962
23 0.84627 0.875558 0.307461 0.242188 0.00551224
0 0.702576 0.624442 0.0535296 0.0580357 0.00503922
23 0.547006 0.422991 0.572098 0.645089 0.00479126
23 0.381398 0.507254 0.46922 0.602679 0.00415039
23 0.495985 0.299665 0.165607 0.113839 0.00363541
23 0.303613 0.762277 0.372198 0.466518 0.00231361
23 0.487203 0.319754 0.201572 0.157924 0.00206757
23 0.623118 0.640067 0.224155 0.131696 0.00172043
23 0.539478 0.199498 0.312814 0.195312 0.00162315
17 0.539478 0.601842 0.87822 0.796317 0.00148964
23 0.664938 0.905692 0.654065 0.183036 0.00137806
23 0.692539 0.630022 0.0602208 0.0524553 0.00134563
23 0.893108 0.87221 0.213784 0.25558 0.00117874
17 0.654525 0.62779 0.69095 0.739955 0.00115108
23 0.669957 0.864955 0.655738 0.261161 0.00102425
23 0.522018 0.589844 0.839537 0.820312 0.791992
23 0.686517 0.646205 0.626966 0.704241 0.656738
23 0.533038 0.483259 0.933924 0.792411 0.498047
23 0.440365 0.628488 0.698394 0.734096 0.474609
23 0.66222 0.45452 0.659501 0.701451 0.355713
23 0.366761 0.580497 0.581298 0.678292 0.32251
23 0.559552 0.424386 0.607227 0.648996 0.00937653
23 0.530278 0.170515 0.287722 0.141671 0.00748825
23 0.324523 0.904576 0.123787 0.190848 0.00748825
23 0.365925 0.538783 0.486785 0.500558 0.0069046
23 0.945383 0.873884 0.109234 0.25 0.00582123
23 0.69923 0.626116 0.0602208 0.0647322 0.00577545
23 0.84627 0.874442 0.307461 0.24442 0.00498199
0 0.702576 0.625 0.0535296 0.0580357 0.00453949
23 0.495149 0.299735 0.16728 0.114816 0.00348282
23 0.487621 0.319685 0.202409 0.158622 0.00194168
23 0.303613 0.762137 0.371362 0.466797 0.00182438
23 0.6227 0.639509 0.224992 0.135045 0.00157928
23 0.665565 0.904018 0.656156 0.186384 0.00139904
23 0.540314 0.201974 0.316159 0.199847 0.00132465
17 0.602564 0.634068 0.794873 0.725167 0.0012064
23 0.45082 0.467076 0.541987 0.654018 0.00117874
23 0.669957 0.863839 0.657411 0.263393 0.00116062
23 0.893944 0.87221 0.212111 0.25558 0.00115108
23 0.692539 0.63058 0.0602208 0.0535714 0.0011425
23 0.394781 0.597377 0.592171 0.805246 0.767578
23 0.523168 0.624442 0.882402 0.741071 0.647949
23 0.684008 0.646763 0.631984 0.704241 0.631836
23 0.576844 0.520368 0.846311 0.776228 0.519531
23 0.623536 0.424107 0.723486 0.651786 0.403564
23 0.350452 0.601702 0.567079 0.63365 0.275146
23 0.477166 0.531529 0.838909 0.678013 0.0570679
23 0.315323 0.904018 0.105386 0.191964 0.00737381
23 0.530278 0.17034 0.289394 0.141741 0.00717545
23 0.944965 0.873884 0.11007 0.25 0.00641251
23 0.383071 0.51423 0.465875 0.549665 0.00557709
23 0.69923 0.626674 0.0602208 0.0636161 0.00542831
0 0.702576 0.624442 0.0552024 0.0580357 0.00526047
23 0.845851 0.872768 0.308297 0.247768 0.00498199
23 0.476748 0.300223 0.182335 0.110491 0.00356483
23 0.370943 0.519531 0.479257 0.398438 0.00332451
23 0.468802 0.396763 0.425728 0.585938 0.00247192
23 0.699272 0.503348 0.601455 0.738839 0.00239754
23 0.487621 0.320034 0.203245 0.15904 0.00196457
23 0.3102 0.6875 0.386626 0.617188 0.00184631
17 0.606641 0.636021 0.786718 0.721261 0.0017004
23 0.6227 0.639509 0.223319 0.131696 0.00151253
23 0.666611 0.904018 0.657411 0.185268 0.00151253
23 0.893108 0.871652 0.213784 0.256696 0.00134563
23 0.671462 0.859933 0.657076 0.271205 0.00129986
23 0.538642 0.205915 0.316159 0.208147 0.00121593
40 0.659543 0.632952 0.680913 0.7274 0.00121593
23 0.336337 0.758929 0.392899 0.464286 0.00120163
23 0.398126 0.454799 0.419873 0.397321 0.00113773
23 0.51355 0.331543 0.257611 0.194057 0.0011158
23 0.507695 0.228271 0.356306 0.253278 0.00109482
23 0.691703 0.63058 0.0602208 0.0513393 0.00107288
23 0.492221 0.596261 0.805453 0.807478 0.712402
23 0.677944 0.647461 0.644112 0.705078 0.554688
23 0.563566 0.521205 0.872867 0.777902 0.517578
23 0.380562 0.640485 0.608899 0.705636 0.413086
23 0.623955 0.424107 0.727668 0.651786 0.357666
23 0.681039 0.506138 0.635246 0.746652 0.188354
23 0.314486 0.905134 0.100368 0.189732 0.00653839
23 0.529441 0.170445 0.291067 0.141811 0.00626373
23 0.470475 0.398438 0.420709 0.592634 0.00572968
23 0.944965 0.873326 0.11007 0.25 0.00542831
23 0.69923 0.626116 0.0602208 0.0647322 0.00503922
0 0.702576 0.624442 0.0568752 0.0580357 0.00494385
23 0.388508 0.509208 0.453329 0.519531 0.00438309
23 0.664144 0.740513 0.671713 0.503348 0.00413513
23 0.845851 0.872768 0.308297 0.247768 0.00359344
23 0.476748 0.300502 0.182335 0.110491 0.00341606
23 0.487621 0.319685 0.204082 0.158622 0.00191212
40 0.653856 0.633929 0.689612 0.725447 0.00181007
23 0.622282 0.638393 0.222482 0.13058 0.00173378
23 0.466711 0.254185 0.42991 0.30692 0.00167465
23 0.319087 0.65067 0.410672 0.686384 0.00154305
17 0.638215 0.628906 0.72357 0.739955 0.00151253
23 0.667447 0.907366 0.657411 0.178572 0.00144386
23 0.376485 0.496652 0.469848 0.345982 0.0014267
17 0.517732 0.606027 0.903312 0.787946 0.00133514
23 0.893944 0.870815 0.212111 0.25837 0.00129414
23 0.502676 0.300223 0.419873 0.398996 0.00127888
23 0.67188 0.859375 0.65624 0.272321 0.00115108
23 0.513131 0.337612 0.258448 0.205915 0.00109005
23 0.339997 0.760045 0.398963 0.460938 0.00106525
23 0.693376 0.631696 0.0635664 0.0535715 0.00102425
23 0.491803 0.59375 0.826363 0.8125 0.666992
23 0.659334 0.647182 0.681332 0.705636 0.462891
23 0.614587 0.496652 0.770826 0.761161 0.354004
23 0.367598 0.637277 0.604717 0.710938 0.343262
23 0.663893 0.422991 0.656156 0.649554 0.138428
23 0.470057 0.400391 0.423218 0.599888 0.0106964
23 0.314486 0.905134 0.100368 0.189732 0.00548935
23 0.529441 0.170759 0.291067 0.142299 0.00510025
23 0.944547 0.873326 0.110907 0.251116 0.00432968
23 0.661216 0.75 0.677568 0.484375 0.00429916
0 0.700903 0.624442 0.0568753 0.0591518 0.0042305
23 0.69923 0.626116 0.0602208 0.0647322 0.00356483
23 0.394363 0.503069 0.444965 0.500558 0.00333786
23 0.483439 0.300153 0.182335 0.115095 0.00322342
23 0.467548 0.256557 0.426564 0.311663 0.00255013
40 0.644864 0.633371 0.707595 0.726563 0.00236893
23 0.844597 0.878348 0.310806 0.235491 0.00214005
17 0.508531 0.602958 0.921713 0.794085 0.00209045
23 0.488458 0.319754 0.205754 0.15904 0.00182438
23 0.621863 0.637277 0.223319 0.129464 0.00168705
23 0.31825 0.648438 0.410672 0.689732 0.00160408
17 0.623787 0.62779 0.752425 0.742188 0.00150108
23 0.668911 0.910714 0.656156 0.171875 0.00141048
23 0.894781 0.869978 0.210438 0.260045 0.00117874
0 0 0.99442 0 0.0111607 0.00117397
23 0.516059 0.342913 0.264302 0.21596 0.00113392
23 0.500167 0.313058 0.441619 0.425223 0.00108624
23 0.672926 0.859933 0.654148 0.271205 0.00102425
60 0 0.901228 0 0.197545 0.00102043
23 0.446533 0.597098 0.71784 0.805804 0.613281
23 0.546002 0.517299 0.907996 0.795759 0.509766
23 0.652434 0.646763 0.695132 0.706473 0.428223
23 0.352543 0.635045 0.569588 0.714286 0.32251
23 0.624791 0.424665 0.734359 0.652902 0.295898
23 0.46922 0.400391 0.416527 0.599888 0.0136337
23 0.314486 0.904576 0.100368 0.189732 0.00519943
0 0.70174 0.624442 0.0568753 0.0580357 0.00503922
23 0.944547 0.873884 0.110907 0.252232 0.00494385
23 0.529441 0.171038 0.291067 0.142857 0.00432968
23 0.69923 0.626116 0.0602208 0.0647322 0.0037365
40 0.639846 0.632952 0.717631 0.7274 0.00327301
23 0.482603 0.300223 0.182335 0.114955 0.00322342
23 0.466711 0.256417 0.424891 0.311942 0.00307465
23 0.661843 0.750977 0.676313 0.48019 0.00260162
23 0.438692 0.467634 0.398963 0.5 0.00227928
0 0 0.994978 0 0.0100446 0.0020504
23 0.488458 0.319754 0.206591 0.15904 0.0018034
23 0.844597 0.876674 0.310806 0.237723 0.00177479
23 0.621445 0.638393 0.222482 0.125 0.00155449
17 0.620442 0.628209 0.759117 0.74135 0.00141048
23 0.668911 0.908482 0.656156 0.176339 0.00141048
17 0.474657 0.601423 0.864001 0.759208 0.00124454
23 0.896454 0.870257 0.207093 0.259487 0.00121593
23 0.514386 0.345982 0.26263 0.22154 0.00112915
23 0.303195 0.713728 0.387253 0.547991 0.00109005
60 0 0.900949 0 0.198103 0.00100422
23 0.405236 0.601981 0.633155 0.796038 0.604004
23 0.546002 0.520647 0.907996 0.782366 0.494141
23 0.65097 0.647182 0.698059 0.705636 0.422607
23 0.633155 0.42048 0.715958 0.644531 0.291016
23 0.334456 0.612165 0.602417 0.688616 0.291016
23 0.485948 0.622349 0.916695 0.741908 0.201782
23 0.521495 0.415737 0.519405 0.635045 0.111267
23 0.459184 0.346819 0.439946 0.496094 0.0086441
0 0.70174 0.624442 0.0568753 0.0580357 0.00619125
23 0.314486 0.904576 0.100368 0.189732 0.00559998
23 0.944129 0.872768 0.111743 0.252232 0.00542831
23 0.465038 0.262835 0.424891 0.325893 0.00530243
23 0.529441 0.171003 0.291067 0.142927 0.00466537
23 0.481766 0.300223 0.182335 0.113839 0.00392914
40 0.636501 0.634068 0.724323 0.7274 0.00365067
23 0.69923 0.626116 0.0602208 0.0636161 0.00351143
23 0.457615 0.498326 0.655529 0.610491 0.0029583
23 0.445801 0.462542 0.389762 0.478934 0.0024929
23 0.488039 0.320034 0.204918 0.15904 0.00226021
23 0.660798 0.746791 0.678404 0.490792 0.00195694
23 0.845433 0.873326 0.309133 0.246652 0.00188255
23 0.670584 0.907924 0.656156 0.177455 0.00140476
23 0.51355 0.349888 0.260957 0.229353 0.00133038
23 0.621863 0.639509 0.221646 0.120536 0.00130463
23 0.896872 0.868862 0.206256 0.262277 0.00128937
17 0.621696 0.628906 0.756607 0.739955 0.00126934
17 0.470789 0.600446 0.853337 0.758929 0.00123501
23 0.32996 0.897321 0.135497 0.203125 0.0011425
0 0 0.994978 0 0.0100446 0.00112438
23 0.301522 0.711496 0.383071 0.552455 0.00110722
60 1 0.905134 0 0.189732 0.00109863
23 0.382653 0.606027 0.569588 0.787946 0.602051
23 0.546838 0.521205 0.906323 0.779018 0.464844
23 0.663516 0.647042 0.672967 0.705915 0.434082
23 0.637337 0.418527 0.705922 0.640625 0.273682
23 0.483544 0.613421 0.856265 0.773158 0.204346
23 0.502676 0.413504 0.476748 0.63058 0.115967
23 0.458347 0.354074 0.439946 0.510603 0.0123367
23 0.465038 0.265904 0.424891 0.332031 0.00754929
0 0.70174 0.624442 0.0568753 0.0580357 0.00703812
23 0.944129 0.873884 0.111743 0.252232 0.00664139
23 0.314486 0.905134 0.100368 0.189732 0.00598145
23 0.529441 0.170898 0.291067 0.142857 0.00527954
23 0.477585 0.300153 0.185681 0.110631 0.00446701
23 0.69923 0.626116 0.0602208 0.0625 0.00399017
40 0.639219 0.632813 0.718886 0.727679 0.00362206
23 0.44831 0.458984 0.38809 0.479353 0.00319672
23 0.354634 0.54548 0.535296 0.546317 0.00286674
23 0.66268 0.745675 0.67464 0.493025 0.00251198
23 0.487621 0.320312 0.204082 0.15904 0.00247192
23 0.423218 0.500837 0.567079 0.587612 0.00246239
23 0.845851 0.872768 0.308297 0.247768 0.00209999
23 0.612245 0.792411 0.665774 0.404018 0.0018177
60 1 0.90346 0 0.19308 0.00168705
23 0.896872 0.86942 0.206256 0.261161 0.00147247
23 0.51355 0.351004 0.260957 0.230469 0.00146675
23 0.670793 0.901786 0.657411 0.189732 0.00146675
23 0.621445 0.639509 0.22081 0.118304 0.00139904
23 0.32996 0.896763 0.135497 0.205357 0.00118351
23 0.300686 0.711077 0.379726 0.555525 0.00116062
23 0.502258 0.837054 0.551188 0.314732 0.0011425
17 0.627133 0.63058 0.745734 0.736607 0.00111198
17 0.462111 0.601423 0.825527 0.754743 0.00110722
0 0 0.994978 0 0.0100446 0.00109005
23 0.695885 0.636161 0.0736032 0.0825893 0.00104809
60 0 0.994978 0 0.0100446 0.00101662
23 0.365507 0.611607 0.531114 0.776786 0.637207
23 0.673135 0.647321 0.65373 0.705357 0.451416
23 0.549766 0.521763 0.900468 0.773438 0.407227
23 0.638801 0.415737 0.696303 0.635045 0.262939
23 0.491803 0.410156 0.446638 0.623884 0.0974121
23 0.413286 0.628906 0.750878 0.722098 0.0570679
23 0.458347 0.349609 0.438274 0.501674 0.013588
0 0.70174 0.624442 0.0568753 0.0569196 0.0088501
23 0.465038 0.263951 0.424891 0.328125 0.0088501
23 0.944129 0.874442 0.111743 0.251116 0.00874329
23 0.314486 0.905134 0.100368 0.189732 0.00631332
23 0.69923 0.626116 0.0602208 0.0625 0.0053215
23 0.529441 0.170898 0.291067 0.143136 0.00527954
23 0.477585 0.300153 0.185681 0.110631 0.00450516
40 0.64821 0.632813 0.700903 0.727679 0.00340271
23 0.44831 0.453962 0.386417 0.467076 0.00329781
23 0.665189 0.743304 0.669622 0.497768 0.00312424
23 0.845851 0.872768 0.308297 0.247768 0.0028553
23 0.356725 0.5399 0.528605 0.538505 0.00279999
23 0.487621 0.320382 0.204082 0.159459 0.00256157
23 0.605135 0.794085 0.628137 0.402902 0.0020504
23 0.896454 0.870536 0.207093 0.258929 0.00179577
60 1 0.90346 0 0.19308 0.00177479
23 0.621445 0.640625 0.22081 0.116071 0.00157356
23 0.670793 0.891741 0.657411 0.209821 0.00147247
23 0.511877 0.350516 0.257611 0.229771 0.00145531
23 0.696721 0.633929 0.0719304 0.078125 0.00145531
23 0.301104 0.709961 0.378053 0.559989 0.00130463
23 0.32996 0.896763 0.13466 0.205357 0.00126934
23 0.502258 0.837612 0.546169 0.314732 0.0011425
0 0 0.994978 0 0.0100446 0.0011425
23 0.364775 0.618862 0.528396 0.762277 0.679199
23 0.67878 0.647321 0.642439 0.705357 0.492188
23 0.618769 0.522321 0.762462 0.78125 0.286133
23 0.642355 0.41183 0.685848 0.627232 0.253906
23 0.486367 0.408203 0.430746 0.618862 0.0943604
23 0.498076 0.61663 0.867347 0.74442 0.012825
23 0.465038 0.260603 0.423218 0.321987 0.0109024
23 0.944129 0.874442 0.111743 0.251116 0.0108185
0 0.70174 0.624442 0.0568753 0.0569196 0.0100098
23 0.69923 0.625558 0.0602208 0.0613839 0.0064621
23 0.314486 0.904576 0.101204 0.190848 0.00629044
23 0.529441 0.170759 0.289394 0.143136 0.00536346
23 0.477166 0.300502 0.184844 0.110491 0.00466537
23 0.665189 0.742746 0.669622 0.498884 0.00438309
40 0.652392 0.632813 0.692539 0.727679 0.00369263
23 0.84627 0.872768 0.307461 0.247768 0.00367928
23 0.448729 0.449498 0.385581 0.460379 0.00346947
23 0.403981 0.496582 0.500167 0.56822 0.00300407
23 0.487621 0.320592 0.204082 0.159598 0.0026722
23 0.592171 0.795759 0.592171 0.399554 0.00251198
23 0.960856 0.873326 0.078287 0.246652 0.00228691
23 0.89729 0.870536 0.20542 0.258929 0.00194168
60 1 0.90346 0 0.19308 0.00190449
23 0.697558 0.632812 0.0702576 0.0758929 0.00175476
23 0.621445 0.640625 0.22081 0.113839 0.00157356
23 0.670793 0.884487 0.657411 0.22433 0.00153065
23 0.512713 0.348493 0.257611 0.226563 0.00152493
23 0.301209 0.712054 0.377844 0.555804 0.00140476
23 0.330378 0.896205 0.135497 0.207589 0.00130939
23 0.503513 0.837054 0.540314 0.314732 0.00123024
0 0 0.994978 0 0.0100446 0.00104046
23 0.702576 0.614955 0.0736032 0.0803572 0.00103664
23 0.411927 0.228795 0.173135 0.0998884 0.00102806
23 0.363416 0.623884 0.527768 0.752232 0.715332
23 0.680662 0.647461 0.638675 0.705078 0.529297
23 0.620442 0.523438 0.759117 0.774554 0.299072
23 0.642564 0.408482 0.682084 0.620536 0.235107
23 0.485112 0.405134 0.421546 0.613839 0.085083
23 0.465875 0.258371 0.421546 0.316964 0.0131226
23 0.48919 0.617188 0.851664 0.741071 0.0124817
23 0.944129 0.874721 0.111743 0.250558 0.0116425
0 0.70174 0.624442 0.0568753 0.0569196 0.0104065
23 0.69923 0.626116 0.0602208 0.0602678 0.0068779
23 0.314486 0.904576 0.101204 0.190848 0.00674438
23 0.66498 0.743862 0.67004 0.496652 0.00591278
23 0.529441 0.170759 0.289394 0.143136 0.00538635
23 0.84627 0.872768 0.307461 0.247768 0.00484848
23 0.477585 0.300223 0.185681 0.110491 0.00457382
40 0.654065 0.632952 0.687521 0.7274 0.00429916
23 0.402727 0.495257 0.489294 0.560826 0.00363541
23 0.449983 0.447545 0.384744 0.453125 0.00337601
23 0.582134 0.796875 0.577116 0.397321 0.0028553
23 0.488039 0.320871 0.204918 0.160156 0.00275803
23 0.960856 0.873326 0.078287 0.246652 0.00243378
23 0.906658 0.871094 0.184008 0.25 0.00220871
60 1 0.903181 0 0.193638 0.00187492
23 0.511877 0.346819 0.255938 0.223214 0.00155449
23 0.670584 0.88058 0.656156 0.232143 0.00143242
23 0.621445 0.641741 0.22081 0.111607 0.00137806
23 0.412345 0.228516 0.172298 0.0998884 0.00136662
23 0.302777 0.712612 0.378889 0.554688 0.00134087
23 0.330378 0.896205 0.135497 0.207589 0.00129986
23 0.513131 0.834822 0.457511 0.321429 0.00123501
23 0.702576 0.614955 0.0736032 0.078125 0.00113392
23 0.690866 0.629464 0.0602208 0.0513393 0.00102806
23 0.362998 0.63058 0.526932 0.738839 0.737305
23 0.681081 0.648298 0.637839 0.703404 0.569824
23 0.629224 0.526228 0.741552 0.761161 0.312256
23 0.647583 0.404018 0.672047 0.611607 0.225464
23 0.483439 0.402065 0.414854 0.606585 0.0797729
23 0.460438 0.331403 0.432419 0.465541 0.0163422
23 0.465457 0.257812 0.422382 0.315848 0.016098
23 0.943292 0.874442 0.113416 0.251116 0.0130692
23 0.480826 0.618862 0.826572 0.736607 0.0115509
0 0.702576 0.625 0.0568752 0.0558036 0.0114212
23 0.698394 0.625 0.0652391 0.0580357 0.0086441
23 0.663516 0.741071 0.672967 0.502232 0.00760651
23 0.314486 0.904576 0.101204 0.190848 0.00746155
23 0.84627 0.872768 0.307461 0.247768 0.00595856
23 0.529441 0.170619 0.289394 0.142857 0.00572968
23 0.477585 0.301967 0.185681 0.114816 0.00481033
40 0.654901 0.632673 0.685848 0.725725 0.00453949
23 0.40304 0.494141 0.475284 0.544085 0.00370789
23 0.572098 0.797991 0.575443 0.395089 0.00345612
23 0.451656 0.442243 0.383071 0.43471 0.00324821
23 0.488458 0.320801 0.204918 0.159738 0.00287819
23 0.910003 0.871094 0.177317 0.25 0.00261116
23 0.960856 0.873326 0.078287 0.246652 0.00251198
60 1 0.902902 0 0.194196 0.00178242
23 0.411927 0.228516 0.171462 0.0998884 0.0017271
23 0.511041 0.346052 0.254266 0.221959 0.00161076
23 0.671462 0.876674 0.657076 0.239955 0.00143814
23 0.511877 0.834822 0.461693 0.321429 0.00141621
23 0.32996 0.896205 0.135497 0.207589 0.00138283
23 0.621445 0.642299 0.219137 0.110491 0.00133514
23 0.70174 0.616071 0.0719304 0.078125 0.00127888
23 0.690866 0.629464 0.0602208 0.0491072 0.00117397
23 0.303195 0.714286 0.379726 0.551339 0.00112438
17 0.656198 0.607701 0.687605 0.777902 0.00100803
23 0.362893 0.63058 0.527141 0.738839 0.737305
23 0.681081 0.648298 0.637839 0.703404 0.565918
23 0.629224 0.526228 0.741552 0.761161 0.312256
23 0.646537 0.404018 0.672466 0.611607 0.228149
23 0.483439 0.402065 0.414854 0.606585 0.0789185
23 0.465457 0.257254 0.422382 0.31529 0.0160217
23 0.460438 0.329311 0.432419 0.461914 0.0159607
23 0.944129 0.874442 0.111743 0.251116 0.0131683
23 0.480826 0.618862 0.8249 0.736607 0.0115967
0 0.702576 0.624442 0.0568752 0.0558035 0.011467
23 0.698394 0.625 0.0652391 0.0580357 0.00871277
23 0.663516 0.74163 0.672967 0.501116 0.00754929
23 0.314486 0.904576 0.101204 0.190848 0.00748825
23 0.84627 0.872768 0.307461 0.247768 0.00588989
23 0.529441 0.170724 0.289394 0.142927 0.00557709
23 0.477585 0.300293 0.184008 0.110352 0.00481033
40 0.654901 0.632812 0.685848 0.725446 0.00450516
23 0.40304 0.493862 0.473612 0.543527 0.00362206
23 0.570425 0.797991 0.570425 0.395089 0.00345612
23 0.451656 0.441895 0.383071 0.430943 0.00319672
23 0.488458 0.320801 0.204082 0.159738 0.00284576
23 0.910003 0.871094 0.177317 0.25 0.00261116
23 0.960856 0.873884 0.078287 0.245536 0.0024929
60 1 0.902902 0 0.194196 0.00179577
23 0.411509 0.228516 0.172298 0.0998884 0.00174141
23 0.511041 0.34647 0.254266 0.222238 0.0015974
23 0.511877 0.834822 0.461693 0.321429 0.00143242
23 0.670584 0.876116 0.656156 0.241071 0.00142097
23 0.329542 0.896205 0.135497 0.207589 0.00138855
23 0.621445 0.642299 0.219137 0.110491 0.00131989
23 0.70174 0.616071 0.0719304 0.0758929 0.00129414
23 0.690866 0.629464 0.0602208 0.0491072 0.00118828
23 0.302881 0.713728 0.379517 0.552455 0.00116062
17 0.65557 0.607701 0.688859 0.777902 0.00101662
