0 0.628906 0.52567 0.579241 0.934772 0.894531
55 0.767299 0.821925 0.277902 0.340278 0.856934
40 0.200893 0.494048 0.372768 0.988095 0.651367
61 0.199498 0.49752 0.365513 0.993056 0.156616
55 0.751116 0.761409 0.196429 0.218254 0.138428
41 0.201311 0.499008 0.367467 0.994048 0.135742
0 0.279646 0.498016 0.531111 0.996032 0.0968628
27 0.659598 0.633929 0.15067 0.160714 0.0758667
60 0.705357 0.918651 0.585938 0.144841 0.045105
27 0.651786 0.764385 0.138393 0.451389 0.036499
61 0.282436 0.49504 0.533343 0.986111 0.0362244
27 0.659598 0.714286 0.154018 0.325397 0.0348816
41 0.200614 0.305308 0.365513 0.609623 0.0342407
47 0.395647 0.77877 0.078125 0.202381 0.0339661
67 0.828683 0.31994 0.0290179 0.0694444 0.0216217
60 0.765067 0.938492 0.469866 0.111111 0.0146179
44 0.395926 0.780754 0.0797991 0.206349 0.0132217
41 0.396205 0.780754 0.0792411 0.204365 0.0129242
37 0.319685 0.497148 0.451032 0.975942 0.0115509
60 0.245117 0.511905 0.48577 0.962302 0.0110321
39 0.396205 0.780754 0.0792411 0.204365 0.0104065
41 0.779018 0.625 0.0580358 0.0892857 0.00881195
54 0.395647 0.77877 0.078125 0.202381 0.00881195
60 0.706473 0.81746 0.582589 0.343254 0.00844574
75 0.201311 0.499008 0.367467 0.994048 0.00803375
49 0.395647 0.77877 0.078125 0.202381 0.00800323
45 0.199219 0.304315 0.368304 0.603671 0.00743103
56 0.200056 0.498016 0.37221 0.992064 0.00643921
55 0.765625 0.910714 0.276786 0.170635 0.00619125
40 0.396205 0.780754 0.0792411 0.204365 0.00570679
44 0.392299 0.601687 0.0719866 0.552579 0.00561905
37 0.570312 0.505084 0.622768 0.96999 0.00559998
65 0.396205 0.780754 0.0792411 0.204365 0.00557709
61 0.199219 0.304315 0.368304 0.603671 0.0049057
42 0.828683 0.320437 0.0267858 0.0684524 0.00460815
27 0.66183 0.665675 0.15625 0.214286 0.00450516
45 0.201311 0.499008 0.367467 0.994048 0.00416565
44 0.2899 0.805556 0.0574777 0.376984 0.00411606
56 0.286342 0.497024 0.524414 0.994048 0.00408554
0 0.199498 0.49752 0.365513 0.993056 0.00403976
12 0.199498 0.49752 0.365513 0.993056 0.00395966
46 0.395647 0.77877 0.078125 0.202381 0.00385475
52 0.395647 0.77877 0.078125 0.202381 0.00344276
25 0.479632 0.49504 0.925781 0.984127 0.00332451
51 0.394252 0.772817 0.0770089 0.190476 0.00329781
39 0.201311 0.499008 0.367467 0.994048 0.00327301
40 0.397321 0.83631 0.0814732 0.31746 0.00323486
40 0.200614 0.305308 0.365513 0.609623 0.00313568
41 0.397321 0.83631 0.0814732 0.31746 0.0029583
60 0.362723 0.799107 0.700893 0.383929 0.00291252
44 0.752232 0.573909 0.0178572 0.239087 0.00287819
0 0.758371 0.481275 0.297991 0.755704 0.0027256
42 0.752232 0.522817 0.0558036 0.308532 0.0026722
56 0.777902 0.626984 0.0602679 0.0912699 0.00265312
42 0.2899 0.805556 0.0574777 0.376984 0.00264168
39 0.397321 0.83631 0.0814732 0.31746 0.00263214
37 0.434152 0.492188 0.21875 0.977927 0.00259018
44 0.742188 0.510045 0.0446429 0.297371 0.00258064
79 0.828683 0.31994 0.0290179 0.0694444 0.00257111
25 0.286342 0.497024 0.524414 0.994048 0.00253105
75 0.200335 0.311508 0.364397 0.618056 0.00252151
41 0.447545 0.0612599 0.197545 0.117063 0.00235939
42 0.742188 0.510045 0.0446429 0.297371 0.00234222
45 0.448103 0.0612599 0.195313 0.116567 0.00225258
42 0.765625 0.524306 0.0535715 0.311508 0.00223351
42 0.738839 0.52381 0.0669643 0.311508 0.00219917
0 0.84375 0.586434 0.120536 0.53745 0.00219917
42 0.392299 0.601687 0.0719866 0.552579 0.00219154
79 0.396205 0.780258 0.0792411 0.205357 0.00218201
60 0.126256 0.499876 0.249442 0.978423 0.00212479
45 0.395926 0.780754 0.0797991 0.206349 0.00209999
60 0.25293 0.800595 0.478516 0.380952 0.0020752
48 0.395647 0.77877 0.0792411 0.203373 0.00198746
71 0.199219 0.304315 0.368304 0.603671 0.00195694
76 0.829241 0.319444 0.0267857 0.0664683 0.00188923
27 0.708705 0.758929 0.261161 0.456349 0.00185299
42 0.730469 0.506076 0.0546875 0.271577 0.00182438
60 0.949777 0.940476 0.100446 0.107143 0.00177479
27 0.648438 0.768353 0.0870536 0.431548 0.00175476
45 0.765625 0.910714 0.276786 0.170635 0.0017271
40 0.783482 0.484251 0.180804 0.380704 0.00170708
71 0.201311 0.499008 0.367467 0.994048 0.0016613
0 0.479632 0.49504 0.925781 0.984127 0.00162315
79 0.2899 0.805556 0.0574777 0.376984 0.00159168
44 0.828683 0.320437 0.0267858 0.0684524 0.00157928
44 0.201311 0.499008 0.367467 0.994048 0.00153637
60 0.236328 0.734623 0.441964 0.510913 0.00153637
27 0.648438 0.830357 0.0658482 0.303571 0.00150681
57 0.497768 0.497892 0.901786 0.978423 0.00142097
27 0.685268 0.755456 0.205357 0.393849 0.00139904
42 0.829241 0.329613 0.03125 0.0887897 0.00138283
55 0.395647 0.77877 0.0792411 0.203373 0.00136662
42 0.72433 0.44246 0.0446428 0.132937 0.00130463
42 0.752232 0.573909 0.0178572 0.239087 0.00129414
44 0.200614 0.305308 0.365513 0.609623 0.00127411
45 0.777902 0.626984 0.0602679 0.0912699 0.0012064
27 0.660714 0.65625 0.15625 0.105159 0.00118828
42 0.829799 0.361111 0.0345983 0.15873 0.00118351
44 0.749442 0.565972 0.0189732 0.272817 0.00117874
79 0.742188 0.510045 0.0446429 0.297371 0.00116539
43 0.752232 0.573909 0.0178572 0.239087 0.00112438
64 0.200335 0.311508 0.364397 0.618056 0.0011034
43 0.392299 0.601687 0.0719866 0.552579 0.00109863
43 0.2899 0.805556 0.0574777 0.376984 0.00102425
0 0.628348 0.523934 0.580357 0.940228 0.86377
55 0.766183 0.821429 0.280134 0.34127 0.854004
40 0.201172 0.496528 0.375 0.993056 0.445557
61 0.199498 0.498512 0.366629 0.99504 0.275146
55 0.751674 0.760913 0.195312 0.220238 0.0977173
41 0.202567 0.500124 0.36942 0.997768 0.093689
0 0.278948 0.498512 0.532506 0.997024 0.0913696
27 0.659598 0.635417 0.15067 0.161706 0.0863037
27 0.65904 0.735119 0.152902 0.367064 0.0483093
60 0.707589 0.918403 0.581473 0.143353 0.0479431
47 0.395647 0.77877 0.078125 0.202381 0.029541
67 0.828683 0.31994 0.0279017 0.0699405 0.0231476
41 0.201172 0.303571 0.370536 0.604167 0.0206451
61 0.281529 0.496032 0.534598 0.988095 0.0204926
44 0.395647 0.780258 0.0792411 0.205357 0.0128708
60 0.768415 0.938492 0.46317 0.111111 0.012146
41 0.396205 0.780754 0.0792411 0.206349 0.0119171
60 0.707589 0.818452 0.580357 0.34127 0.0106964
41 0.779018 0.625496 0.0580358 0.0892857 0.00985718
27 0.647321 0.77877 0.136161 0.428571 0.00854492
39 0.396205 0.780754 0.0792411 0.206349 0.00847626
54 0.395647 0.77877 0.078125 0.202381 0.00763702
49 0.395647 0.77877 0.078125 0.202381 0.00757599
60 0.271275 0.586186 0.537807 0.811756 0.00651169
27 0.66183 0.685516 0.15625 0.248016 0.00619125
55 0.765625 0.909722 0.276786 0.172619 0.00612259
75 0.202567 0.500124 0.36942 0.997768 0.00566483
37 0.285714 0.498512 0.521205 0.987103 0.0055542
44 0.392299 0.606151 0.0725446 0.551587 0.00551224
65 0.395647 0.780258 0.0792411 0.205357 0.00547028
0 0.199498 0.498512 0.366629 0.99504 0.00510025
40 0.396205 0.780754 0.0792411 0.206349 0.00503922
61 0.201172 0.303571 0.370536 0.604167 0.00503922
56 0.202009 0.500992 0.375 0.994048 0.00492477
12 0.199498 0.498512 0.366629 0.99504 0.00407028
67 0.824777 0.31746 0.0245536 0.0649802 0.00399017
42 0.828683 0.320189 0.0267858 0.0684524 0.00391388
56 0.77846 0.626984 0.0591518 0.0912699 0.00388527
44 0.2899 0.805556 0.0574777 0.376984 0.00388527
45 0.201172 0.303571 0.370536 0.604167 0.00351143
27 0.703683 0.762401 0.248884 0.453373 0.00321007
51 0.394531 0.771825 0.0770089 0.190476 0.00309944
46 0.395647 0.77877 0.078125 0.202381 0.00300407
52 0.395647 0.77877 0.078125 0.202381 0.00292397
60 0.836496 0.940476 0.327009 0.111111 0.00281143
37 0.583147 0.506944 0.601562 0.970238 0.00271416
0 0.759487 0.487599 0.295759 0.741072 0.00270462
79 0.828683 0.31994 0.0279017 0.0699405 0.00259018
44 0.742188 0.509797 0.0424107 0.295883 0.00258064
40 0.397321 0.83631 0.0814732 0.319444 0.00254059
42 0.2899 0.805556 0.0574777 0.376984 0.00253105
44 0.751674 0.574405 0.0167411 0.238095 0.0024929
42 0.751674 0.522321 0.0558036 0.308532 0.00239754
60 0.248047 0.793651 0.387835 0.392857 0.00226021
41 0.397321 0.83631 0.0814732 0.319444 0.00220871
45 0.202567 0.500124 0.36942 0.997768 0.00210762
42 0.742188 0.509797 0.0424107 0.295883 0.00208282
0 0.844308 0.588418 0.120536 0.535466 0.00208282
42 0.738839 0.52381 0.0669643 0.3125 0.00201988
79 0.395926 0.779762 0.0792411 0.204365 0.00201035
25 0.486607 0.495164 0.90625 0.983879 0.00200272
76 0.829241 0.319196 0.0267857 0.0664682 0.00197983
45 0.395647 0.780258 0.0792411 0.205357 0.00197983
39 0.202567 0.500124 0.36942 0.997768 0.0019722
27 0.649554 0.768849 0.0959822 0.43254 0.00195694
42 0.392299 0.606151 0.0725446 0.551587 0.00194168
39 0.397321 0.83631 0.0814732 0.319444 0.00192642
71 0.202567 0.500124 0.36942 0.997768 0.00192642
42 0.764509 0.523934 0.0491071 0.31126 0.00191879
60 0.301339 0.804067 0.570312 0.372024 0.00185299
60 0.236607 0.734127 0.446987 0.511905 0.00177479
45 0.765625 0.909722 0.276786 0.172619 0.00176811
42 0.729911 0.5031 0.0535715 0.265625 0.00170708
41 0.448103 0.0615079 0.196429 0.11756 0.0016613
45 0.448382 0.0613839 0.194754 0.116815 0.0016489
60 0.949777 0.940476 0.100446 0.107143 0.0016489
42 0.824777 0.31746 0.0245536 0.0649802 0.00157356
40 0.782366 0.482267 0.180804 0.37872 0.00154877
44 0.828683 0.320189 0.0267858 0.0684524 0.00147247
60 0.122977 0.499008 0.243722 0.950397 0.00146675
37 0.444196 0.49318 0.198661 0.975942 0.00146103
25 0.286342 0.498016 0.524414 0.996032 0.00144386
60 0.341518 0.869048 0.65625 0.25 0.00143242
56 0.286342 0.498016 0.524414 0.996032 0.00142097
71 0.201172 0.303571 0.370536 0.604167 0.00141048
48 0.395368 0.77877 0.0792411 0.202381 0.00139904
43 0.392299 0.606151 0.0725446 0.551587 0.00131512
79 0.2899 0.805556 0.0574777 0.376984 0.00131512
45 0.77846 0.626984 0.0591518 0.0912699 0.00126457
40 0.201451 0.30754 0.366629 0.615079 0.00126457
44 0.735491 0.505456 0.0580358 0.264881 0.00123501
79 0.742188 0.509797 0.0424107 0.295883 0.00117397
27 0.660714 0.656746 0.157366 0.103175 0.00117397
75 0.200893 0.312252 0.365513 0.619544 0.0011692
0 0.486607 0.495164 0.90625 0.983879 0.00116062
27 0.648438 0.828869 0.0669643 0.308532 0.00113392
60 0.765067 0.912946 0.27567 0.166171 0.0011158
42 0.723772 0.440476 0.0435268 0.128968 0.0011034
79 0.824777 0.31746 0.0245536 0.0649802 0.00108624
43 0.2899 0.805556 0.0574777 0.376984 0.00107765
42 0.751674 0.574405 0.0167411 0.238095 0.00104809
27 0.685268 0.750992 0.205357 0.375 0.00103188
60 0.285156 0.916419 0.524554 0.15129 0.00101185
0 0.645229 0.525298 0.584542 0.943452 0.845215
55 0.765625 0.821429 0.28125 0.343254 0.837402
61 0.199358 0.49814 0.368583 0.995784 0.37207
40 0.202148 0.49752 0.378069 0.99504 0.204346
27 0.65904 0.635913 0.15067 0.160714 0.112793
0 0.27846 0.498512 0.53404 0.997024 0.0892944
55 0.751674 0.760913 0.195312 0.220238 0.0739746
27 0.658482 0.774802 0.154018 0.450397 0.0653687
41 0.203962 0.500496 0.37221 0.999008 0.0562439
60 0.708705 0.918403 0.579241 0.147321 0.0473328
47 0.395647 0.778274 0.078125 0.201389 0.0318604
67 0.828683 0.31994 0.0279017 0.0694444 0.0240479
61 0.280622 0.496032 0.535854 0.988095 0.0163422
41 0.202288 0.303571 0.37221 0.603175 0.0141754
60 0.708147 0.818452 0.579241 0.34127 0.0127258
44 0.395647 0.780258 0.0792411 0.205357 0.0118256
60 0.770647 0.938492 0.458705 0.111111 0.0101318
41 0.395926 0.780754 0.0792411 0.206349 0.00981903
41 0.779018 0.625 0.0580358 0.0892857 0.00974274
27 0.66183 0.688988 0.15625 0.250992 0.00796509
39 0.395926 0.780754 0.0792411 0.206349 0.00731659
49 0.395647 0.778274 0.078125 0.201389 0.00714874
61 0.202288 0.303571 0.37221 0.603175 0.00661469
65 0.395647 0.780258 0.0792411 0.205357 0.00598145
54 0.395647 0.778274 0.078125 0.201389 0.00584412
55 0.765625 0.909722 0.276786 0.172619 0.00568771
0 0.199358 0.49814 0.368583 0.995784 0.00564194
60 0.237165 0.62996 0.46875 0.720238 0.00521851
44 0.392299 0.615575 0.0725446 0.52877 0.00498199
56 0.77846 0.626984 0.0591518 0.0912699 0.00473785
27 0.699777 0.764881 0.241071 0.450397 0.00466537
67 0.824777 0.31746 0.0245536 0.0644841 0.0042305
75 0.203962 0.500496 0.37221 0.999008 0.00362206
37 0.285784 0.499504 0.521066 0.985119 0.00353813
40 0.395926 0.780754 0.0792411 0.206349 0.00351143
56 0.203962 0.503472 0.378906 0.993056 0.00348282
12 0.199358 0.49814 0.368583 0.995784 0.00346947
51 0.394252 0.765873 0.0770089 0.178571 0.00335121
60 0.645089 0.860119 0.571429 0.265873 0.00332451
79 0.828683 0.31994 0.0279017 0.0694444 0.00271416
42 0.828125 0.31994 0.0267857 0.0684524 0.00266266
0 0.760045 0.488591 0.294643 0.733135 0.00263214
52 0.395647 0.778274 0.078125 0.201389 0.00257111
44 0.2899 0.805556 0.0563616 0.375 0.00257111
46 0.395647 0.778274 0.078125 0.201389 0.00254059
60 0.841518 0.940476 0.316964 0.111111 0.00242424
60 0.242467 0.797123 0.404576 0.385913 0.00237846
44 0.742188 0.509921 0.0424107 0.296627 0.00234222
44 0.751674 0.574405 0.0167411 0.238095 0.00222588
45 0.202288 0.303571 0.37221 0.603175 0.00219917
27 0.649554 0.769841 0.100446 0.43254 0.00219154
79 0.395926 0.779266 0.0792411 0.203373 0.00215721
71 0.203962 0.500496 0.37221 0.999008 0.0020504
45 0.765625 0.909722 0.276786 0.172619 0.00201988
42 0.752232 0.521825 0.0546875 0.309524 0.0019722
76 0.829241 0.319196 0.0267857 0.0664682 0.00191212
45 0.395647 0.780258 0.0792411 0.205357 0.00178242
42 0.742188 0.509921 0.0424107 0.296627 0.0017271
40 0.397321 0.83631 0.0825893 0.319444 0.00167465
41 0.397321 0.83631 0.0825893 0.319444 0.0016613
42 0.739955 0.52381 0.0669643 0.313492 0.0016489
42 0.764509 0.523934 0.0491071 0.31126 0.00164223
37 0.576451 0.507937 0.623884 0.972222 0.00157928
60 0.308036 0.806052 0.584821 0.368056 0.00157928
42 0.392299 0.615575 0.0725446 0.52877 0.00154305
42 0.2899 0.805556 0.0563616 0.375 0.00153637
39 0.397321 0.83631 0.0825893 0.319444 0.00150108
71 0.202288 0.303571 0.37221 0.603175 0.00150108
25 0.488839 0.49504 0.895089 0.982143 0.00146103
41 0.448382 0.061632 0.195871 0.117312 0.00136662
42 0.729911 0.502108 0.0546875 0.263641 0.00131512
60 0.765067 0.912946 0.27567 0.166171 0.00131512
45 0.448661 0.0612599 0.194196 0.116567 0.00130939
0 0.533203 0.499008 0.739397 0.990079 0.00130463
27 0.660714 0.656746 0.157366 0.103175 0.00129986
43 0.392299 0.615575 0.0725446 0.52877 0.00128937
40 0.78125 0.481151 0.180804 0.375 0.0012846
60 0.949219 0.940476 0.101562 0.109127 0.0012846
0 0.84375 0.590278 0.120536 0.532738 0.00127888
60 0.336496 0.896825 0.643973 0.194444 0.00125504
45 0.203962 0.500496 0.37221 0.999008 0.00124454
79 0.742188 0.509921 0.0424107 0.296627 0.00122547
45 0.77846 0.626984 0.0591518 0.0912699 0.00116062
44 0.828125 0.31994 0.0267857 0.0684524 0.00112915
79 0.824777 0.31746 0.0245536 0.0644841 0.00112438
27 0.685268 0.748016 0.205357 0.361111 0.00112438
44 0.736049 0.50496 0.0569197 0.261905 0.0011158
64 0.395647 0.780258 0.0792411 0.205357 0.0011158
48 0.395368 0.778274 0.0792411 0.202381 0.00106049
39 0.203962 0.500496 0.37221 0.999008 0.00106049
60 0.273438 0.930804 0.501116 0.126488 0.00101662
54 0.767299 0.822421 0.280134 0.343254 0.00100803
0 0.645229 0.525794 0.586775 0.944445 0.839355
55 0.765625 0.820437 0.282366 0.345238 0.820801
61 0.199219 0.498512 0.369978 0.997024 0.411133
27 0.658482 0.637897 0.149554 0.160714 0.190674
27 0.658482 0.773314 0.152902 0.445437 0.143188
0 0.27846 0.498016 0.534598 0.996032 0.107971
40 0.203404 0.498512 0.381138 0.99504 0.0897827
55 0.751674 0.760417 0.195312 0.22123 0.0579224
60 0.709821 0.915675 0.575893 0.152778 0.0453491
47 0.395647 0.777778 0.078683 0.200397 0.0339661
41 0.20452 0.5 0.373326 1 0.0314941
27 0.658482 0.706845 0.151786 0.3125 0.0252686
67 0.829241 0.318204 0.0245535 0.0649801 0.0229797
41 0.203125 0.304067 0.36942 0.608135 0.0171814
60 0.708705 0.818452 0.578125 0.34127 0.0153656
61 0.27846 0.498016 0.534598 0.996032 0.014389
44 0.395647 0.779762 0.0792411 0.204365 0.0121002
61 0.202846 0.303819 0.372768 0.603671 0.00937653
41 0.779018 0.625 0.0580358 0.0892857 0.00854492
60 0.773577 0.938492 0.452846 0.113095 0.00818634
41 0.395926 0.780258 0.0792411 0.205357 0.00743103
65 0.395647 0.779762 0.0792411 0.204365 0.00728989
67 0.824777 0.319444 0.0223214 0.0674603 0.00701141
49 0.395647 0.777778 0.078683 0.200397 0.0064621
39 0.395647 0.779762 0.0792411 0.204365 0.00614548
60 0.238979 0.640005 0.472935 0.700149 0.00572968
56 0.777902 0.626984 0.0602679 0.0912699 0.0055542
55 0.765625 0.90873 0.27567 0.174603 0.00536346
0 0.199219 0.498512 0.369978 0.997024 0.00534439
44 0.392299 0.624008 0.0725446 0.50496 0.00511932
54 0.395647 0.777778 0.078683 0.200397 0.00484848
67 0.829241 0.326141 0.0290178 0.0818452 0.00390053
51 0.394531 0.765873 0.0770089 0.178571 0.00346947
27 0.648996 0.769841 0.106027 0.43254 0.00338936
79 0.828683 0.319692 0.0279017 0.0694444 0.00302696
56 0.205636 0.498016 0.375558 0.992064 0.00282288
60 0.645089 0.885913 0.571429 0.214286 0.00281143
0 0.48856 0.498016 0.837612 0.992064 0.00275803
40 0.395926 0.780258 0.0792411 0.205357 0.00274658
79 0.395926 0.77877 0.0792411 0.202381 0.0027256
45 0.765625 0.90873 0.27567 0.174603 0.00265312
0 0.760045 0.489955 0.294643 0.71255 0.0024929
60 0.238421 0.798611 0.42606 0.382937 0.0024147
46 0.395647 0.777778 0.078683 0.200397 0.00234222
52 0.395647 0.777778 0.078683 0.200397 0.00214005
44 0.289621 0.805556 0.0552455 0.373016 0.00213242
75 0.201172 0.499008 0.368862 0.998016 0.00212479
44 0.74163 0.509921 0.0412946 0.295635 0.00208282
60 0.84375 0.940476 0.3125 0.111111 0.00208282
12 0.199219 0.498512 0.369978 0.997024 0.00201988
45 0.202846 0.303819 0.372768 0.603671 0.00199509
44 0.751674 0.575397 0.0167411 0.238095 0.00191879
71 0.202846 0.303819 0.372768 0.603671 0.00188923
42 0.828125 0.31994 0.0267857 0.0684524 0.00186062
76 0.829241 0.318948 0.0267857 0.0664683 0.00186062
42 0.75279 0.521329 0.0535714 0.310516 0.00177479
40 0.785714 0.488095 0.1875 0.390873 0.00176144
27 0.666853 0.676091 0.165179 0.206349 0.00172043
27 0.655134 0.65377 0.158482 0.111111 0.00168705
27 0.684152 0.747024 0.203125 0.347222 0.00166798
71 0.20452 0.5 0.373326 1 0.00162315
60 0.765067 0.912946 0.274554 0.166171 0.00158501
42 0.763393 0.522817 0.046875 0.311508 0.00156689
41 0.448661 0.0615079 0.195312 0.117063 0.00155449
60 0.319196 0.808036 0.607143 0.366071 0.00151253
42 0.392299 0.624008 0.0725446 0.50496 0.00146675
42 0.74163 0.509921 0.0412946 0.295635 0.00145531
45 0.395647 0.779762 0.0792411 0.204365 0.00143814
37 0.285784 0.500496 0.51995 0.985119 0.00141621
42 0.739955 0.52381 0.0669643 0.313492 0.00140476
79 0.74163 0.509921 0.0412946 0.295635 0.00136662
45 0.44894 0.0611359 0.194196 0.116319 0.00135612
60 0.334263 0.922867 0.637277 0.142361 0.00130463
64 0.395647 0.779762 0.0792411 0.204365 0.00128937
79 0.739955 0.52381 0.0669643 0.313492 0.00126457
43 0.392299 0.624008 0.0725446 0.50496 0.00125504
79 0.824777 0.316964 0.0234375 0.0644841 0.00124454
42 0.289621 0.805556 0.0552455 0.373016 0.00121117
41 0.397321 0.835814 0.0825893 0.318452 0.00119686
39 0.397321 0.835814 0.0825893 0.318452 0.00118828
40 0.397321 0.835814 0.0825893 0.318452 0.00118828
79 0.830357 0.356895 0.0334822 0.150298 0.0011425
42 0.729911 0.497892 0.0558035 0.254216 0.00112915
54 0.767299 0.821925 0.280134 0.344246 0.00112915
25 0.489955 0.494544 0.883929 0.979167 0.00110722
60 0.260603 0.938492 0.478237 0.107143 0.00106049
44 0.735491 0.501984 0.0558036 0.255952 0.00102806
0 0.645647 0.526662 0.58817 0.944692 0.86084
55 0.767299 0.821925 0.280134 0.344246 0.806641
61 0.199219 0.498512 0.370536 0.997024 0.399902
27 0.658482 0.774306 0.151786 0.445437 0.246582
27 0.658482 0.640873 0.149554 0.160714 0.206909
0 0.279088 0.498016 0.534459 0.996032 0.118774
40 0.203125 0.499876 0.382812 0.994296 0.0750122
60 0.708147 0.912698 0.579241 0.15873 0.0463867
27 0.657924 0.700397 0.15067 0.299603 0.0453491
55 0.752232 0.759921 0.196429 0.22123 0.0401001
47 0.395647 0.777778 0.078683 0.200397 0.0302124
41 0.200893 0.499008 0.369978 0.998016 0.0229797
67 0.829241 0.317956 0.0245535 0.0644841 0.0185394
60 0.70745 0.81746 0.580636 0.343254 0.0182343
41 0.203404 0.304564 0.369978 0.609127 0.0163422
44 0.395089 0.765873 0.0770089 0.176587 0.0135345
61 0.279088 0.498016 0.534459 0.996032 0.0112
61 0.202846 0.304067 0.37221 0.602183 0.0104523
65 0.395368 0.77877 0.0797991 0.204365 0.00717545
41 0.779018 0.625 0.0580358 0.0892857 0.00701141
49 0.395647 0.777778 0.078683 0.200397 0.00664139
60 0.236747 0.652282 0.468471 0.675595 0.00661469
56 0.777902 0.626984 0.0602679 0.0912699 0.00658798
0 0.199219 0.498512 0.370536 0.997024 0.00653839
60 0.773577 0.938492 0.452846 0.111111 0.0064621
44 0.392299 0.627976 0.0725446 0.494048 0.00600433
67 0.824777 0.319444 0.0223214 0.0669643 0.00534439
41 0.395647 0.780258 0.0792411 0.205357 0.0050621
39 0.395368 0.77877 0.0797991 0.204365 0.00492477
51 0.394531 0.765377 0.0770089 0.177579 0.00403976
55 0.765625 0.90873 0.27567 0.172619 0.00382423
0 0.495536 0.498016 0.823661 0.994048 0.00356483
54 0.395647 0.777778 0.078683 0.200397 0.00346947
79 0.395647 0.778274 0.0792411 0.201389 0.00317192
60 0.246931 0.800595 0.449219 0.378968 0.00304031
56 0.205357 0.499876 0.375 0.992312 0.00301552
67 0.829241 0.326389 0.0290178 0.0823413 0.00290108
79 0.828683 0.319444 0.0279017 0.0694444 0.00288963
45 0.765625 0.90873 0.27567 0.172619 0.00275803
27 0.703125 0.753968 0.25 0.418651 0.00252151
60 0.646066 0.898809 0.57394 0.188492 0.00247192
0 0.759487 0.489211 0.296875 0.694196 0.00226021
40 0.395647 0.780258 0.0792411 0.205357 0.00213242
27 0.655134 0.65377 0.160714 0.111111 0.00205803
44 0.2899 0.806052 0.0552455 0.372024 0.00202751
46 0.395647 0.777778 0.078683 0.200397 0.00200272
75 0.200893 0.499008 0.369978 0.998016 0.00199509
71 0.202846 0.304067 0.37221 0.602183 0.00183105
44 0.742188 0.509797 0.0401785 0.295883 0.0018034
44 0.752232 0.576885 0.0178572 0.237103 0.00174809
40 0.785714 0.488219 0.186384 0.390625 0.00174141
60 0.764509 0.912698 0.274554 0.164683 0.00172043
60 0.84933 0.940476 0.301339 0.111111 0.00170708
41 0.448661 0.0612599 0.195312 0.116567 0.00168705
60 0.329241 0.809028 0.631696 0.364087 0.00168133
42 0.753906 0.520833 0.0524554 0.311508 0.00165462
27 0.68192 0.74504 0.200893 0.339286 0.00163555
42 0.392299 0.627976 0.0725446 0.494048 0.00161648
45 0.202846 0.304067 0.37221 0.602183 0.00154877
42 0.762835 0.522817 0.0446428 0.311508 0.00153065
52 0.395647 0.777778 0.078683 0.200397 0.0015192
60 0.332031 0.930556 0.635045 0.126984 0.00150681
76 0.829241 0.318948 0.0267857 0.0659722 0.00141621
79 0.742188 0.509797 0.0401785 0.295883 0.00139904
12 0.199219 0.498512 0.370536 0.997024 0.00136662
42 0.828125 0.31994 0.0267857 0.0679564 0.00130463
79 0.739955 0.523934 0.0669643 0.315228 0.00130463
43 0.392299 0.627976 0.0725446 0.494048 0.00129414
71 0.199219 0.498512 0.370536 0.997024 0.00129414
45 0.448661 0.0608879 0.194196 0.115823 0.00128937
54 0.659598 0.746032 0.154018 0.396825 0.0012846
79 0.824777 0.316964 0.0234375 0.0639881 0.0012064
60 0.251674 0.944444 0.460379 0.0992064 0.00118828
64 0.395368 0.77877 0.0797991 0.204365 0.00118351
42 0.742188 0.509797 0.0401785 0.295883 0.00116539
42 0.2899 0.806052 0.0552455 0.372024 0.00113773
42 0.739955 0.523934 0.0669643 0.315228 0.00112915
54 0.657924 0.638393 0.149554 0.165675 0.00112057
45 0.395368 0.77877 0.0797991 0.204365 0.00109863
54 0.767299 0.821925 0.280134 0.344246 0.00107288
79 0.753906 0.520833 0.0524554 0.311508 0.00105667
55 0.703125 0.753968 0.25 0.418651 0.00103188
27 0.654018 0.779266 0.09375 0.425595 0.00103188
60 0.210379 0.836806 0.408482 0.308532 0.00101662
79 0.830357 0.356399 0.0334822 0.149306 0.00101185
27 0.649554 0.821925 0.0725447 0.328373 0.00100422
0 0.648438 0.526786 0.59375 0.944444 0.891602
55 0.768415 0.821429 0.277902 0.343254 0.796875
27 0.657924 0.772817 0.151786 0.438492 0.392334
61 0.206334 0.505828 0.38644 0.988343 0.300781
27 0.658482 0.646825 0.149554 0.174603 0.2323
0 0.279088 0.498016 0.535575 0.996032 0.157959
27 0.657366 0.713294 0.15067 0.306548 0.144165
40 0.203125 0.5 0.385045 0.992064 0.0720825
41 0.200893 0.5 0.369978 1 0.055603
60 0.707031 0.90873 0.580357 0.166667 0.0455322
41 0.203404 0.303323 0.370536 0.602679 0.0393372
55 0.752232 0.760913 0.195312 0.214286 0.0348816
47 0.395647 0.776786 0.078125 0.198413 0.0292053
61 0.202567 0.305556 0.370536 0.603175 0.0184021
44 0.39481 0.764881 0.0770089 0.174603 0.0177155
60 0.705218 0.815476 0.582868 0.347222 0.0174408
67 0.829241 0.317708 0.0245535 0.0639881 0.0107346
60 0.23577 0.659226 0.467076 0.661706 0.01017
49 0.395647 0.776786 0.078125 0.198413 0.0088501
56 0.777902 0.626984 0.0602679 0.0912699 0.00831604
44 0.392299 0.635417 0.0719866 0.468254 0.00631332
41 0.777902 0.625992 0.0602679 0.0912699 0.00616837
65 0.395368 0.77877 0.0797991 0.203373 0.00614548
51 0.394252 0.764881 0.0770089 0.176587 0.00602722
60 0.776228 0.938492 0.447545 0.115079 0.00498199
0 0.483817 0.49752 0.851562 0.993056 0.00460815
39 0.395368 0.77877 0.0797991 0.203373 0.0045929
79 0.395647 0.777778 0.0792411 0.200397 0.00426483
41 0.395368 0.77877 0.0797991 0.203373 0.00416565
0 0.200335 0.50496 0.371652 0.990079 0.00385475
67 0.824777 0.319444 0.0223214 0.0664683 0.00337601
56 0.205078 0.499132 0.375558 0.989831 0.00335121
71 0.202567 0.305556 0.370536 0.603175 0.00323486
45 0.202567 0.305556 0.370536 0.603175 0.00317192
45 0.765625 0.90873 0.27567 0.172619 0.0030632
54 0.395647 0.776786 0.078125 0.198413 0.00296974
27 0.678571 0.744544 0.194196 0.33631 0.0028553
55 0.765625 0.90873 0.27567 0.172619 0.00268364
0 0.726563 0.498512 0.370536 0.842262 0.00253105
60 0.249442 0.800595 0.469866 0.376984 0.00247192
79 0.828125 0.31994 0.0267857 0.0674603 0.00236893
71 0.200893 0.5 0.369978 1 0.00226974
0 0.758371 0.484251 0.300223 0.672371 0.00216484
44 0.288225 0.793651 0.0535714 0.345238 0.00215721
41 0.448661 0.0610119 0.195871 0.116071 0.00209999
75 0.200893 0.5 0.369978 1 0.00206757
46 0.395647 0.776786 0.078125 0.198413 0.00201988
27 0.655134 0.652778 0.160714 0.109127 0.00195694
40 0.395647 0.780754 0.0792411 0.204365 0.00192642
60 0.765625 0.912698 0.274554 0.162698 0.00192642
67 0.829241 0.326885 0.0290178 0.0833333 0.00183105
60 0.335938 0.808532 0.651786 0.365079 0.00181007
60 0.334263 0.93254 0.643973 0.125 0.0017271
27 0.655134 0.77877 0.0959821 0.426587 0.0016489
75 0.202009 0.314732 0.367188 0.624504 0.0016489
54 0.657924 0.745536 0.149554 0.393849 0.00161076
42 0.392299 0.635417 0.0719866 0.468254 0.00150681
45 0.44894 0.0607639 0.193638 0.115575 0.00149536
40 0.786272 0.488591 0.183036 0.387897 0.00146103
54 0.657366 0.641865 0.149554 0.170635 0.00144386
52 0.395647 0.776786 0.078125 0.198413 0.00143242
44 0.751674 0.578373 0.0178572 0.234127 0.00142097
72 0.206334 0.505828 0.38644 0.988343 0.00138855
39 0.767857 0.823909 0.279018 0.342262 0.00137806
27 0.644531 0.690476 0.219866 0.271825 0.00136662
44 0.741071 0.508929 0.0424107 0.295635 0.00134087
27 0.649554 0.819941 0.0736608 0.33631 0.00129986
55 0.746652 0.77877 0.332589 0.424603 0.00129414
79 0.741071 0.508929 0.0424107 0.295635 0.00124931
45 0.200893 0.5 0.369978 1 0.00123501
60 0.653041 0.882689 0.58231 0.226687 0.00121117
54 0.768415 0.821429 0.277902 0.343254 0.00115585
43 0.392299 0.635417 0.0719866 0.468254 0.0011425
42 0.39481 0.764881 0.0770089 0.174603 0.00112915
60 0.84654 0.94246 0.30692 0.115079 0.00110722
60 0.234515 0.948413 0.429409 0.0912699 0.00109482
60 0.280622 0.49814 0.538086 0.995784 0.00102806
42 0.75558 0.519717 0.0535714 0.31374 0.00102425
76 0.829241 0.318948 0.0267857 0.0654762 0.00102043
64 0.200335 0.313492 0.365513 0.622024 0.00101662
25 0.493862 0.493056 0.876116 0.976191 0.00101662
42 0.288225 0.793651 0.0535714 0.345238 0.00101185
0 0.651925 0.52691 0.6024 0.944196 0.903809
55 0.768973 0.821925 0.276786 0.342262 0.799316
27 0.654018 0.775794 0.147321 0.430556 0.484375
61 0.199777 0.506448 0.376674 0.987103 0.319092
27 0.657924 0.650794 0.148438 0.18254 0.256836
0 0.278181 0.498016 0.535156 0.996032 0.177002
27 0.657366 0.695933 0.149554 0.269841 0.144165
41 0.20173 0.312996 0.365513 0.62004 0.0614319
60 0.706334 0.906994 0.582868 0.170139 0.0490417
41 0.200195 0.5 0.369699 1 0.0453491
40 0.20173 0.499504 0.384487 0.989087 0.044342
61 0.201032 0.308532 0.366909 0.607143 0.0337219
55 0.752232 0.760913 0.195312 0.214286 0.0334778
47 0.395647 0.775794 0.078125 0.196429 0.0283356
44 0.394531 0.763889 0.0770089 0.174603 0.0200958
60 0.705218 0.815476 0.585101 0.349206 0.0171051
61 0.278181 0.498016 0.535156 0.996032 0.0145035
60 0.233398 0.662202 0.462333 0.65377 0.0120544
49 0.395647 0.775794 0.078125 0.196429 0.0108566
56 0.777902 0.626984 0.0602679 0.0912699 0.00978088
27 0.649554 0.643849 0.131696 0.136905 0.00769424
55 0.748884 0.780258 0.323661 0.419643 0.00754929
51 0.394252 0.764385 0.0770089 0.175595 0.0068779
44 0.392299 0.635913 0.0714286 0.460318 0.00677109
67 0.829241 0.317708 0.0245535 0.0639881 0.00634003
41 0.777902 0.625992 0.0602679 0.0912699 0.00534439
45 0.201032 0.308532 0.366909 0.607143 0.00527954
71 0.201032 0.308532 0.366909 0.607143 0.00524139
65 0.395089 0.77877 0.0792411 0.202381 0.0049057
0 0.199358 0.505456 0.371373 0.989087 0.00475693
0 0.727121 0.497148 0.36942 0.837054 0.00462723
0 0.483259 0.498016 0.850446 0.992064 0.00460815
79 0.394531 0.763889 0.0770089 0.174603 0.00457382
60 0.779018 0.938244 0.441964 0.115575 0.00450516
39 0.395089 0.77877 0.0792411 0.202381 0.00445175
27 0.676897 0.74504 0.189732 0.337302 0.00372124
45 0.766183 0.90873 0.27567 0.172619 0.00365067
41 0.395089 0.77877 0.0792411 0.202381 0.00348282
56 0.199358 0.505456 0.371373 0.989087 0.00312424
44 0.287877 0.792659 0.0525949 0.34127 0.00298119
54 0.395647 0.775794 0.078125 0.196429 0.00290108
75 0.20173 0.312996 0.365513 0.62004 0.00284576
41 0.448661 0.0607639 0.195871 0.115575 0.00255013
55 0.766183 0.90873 0.27567 0.172619 0.00239754
60 0.251674 0.799603 0.481027 0.378968 0.00230598
71 0.200195 0.5 0.369699 1 0.00211525
0 0.757812 0.479167 0.301339 0.652778 0.00209999
67 0.824777 0.319444 0.0223214 0.0664683 0.00208282
79 0.828125 0.31994 0.0267857 0.0674603 0.00203514
60 0.765067 0.912698 0.273438 0.162698 0.00201035
46 0.395647 0.775794 0.078125 0.196429 0.00200272
60 0.333147 0.935516 0.646205 0.119048 0.00197983
60 0.353516 0.80754 0.681362 0.369048 0.00194168
64 0.199777 0.313988 0.365513 0.621032 0.00191212
45 0.449219 0.0607639 0.19308 0.115575 0.00189686
72 0.203962 0.506448 0.382812 0.987103 0.00189686
40 0.395647 0.779762 0.0792411 0.204365 0.00188255
27 0.655134 0.77877 0.0970982 0.426587 0.00184631
27 0.74442 0.772321 0.325893 0.427579 0.00183868
40 0.787388 0.487971 0.179688 0.385169 0.00165462
27 0.655134 0.653274 0.160714 0.110119 0.00164223
39 0.767857 0.824901 0.277902 0.340278 0.00144386
42 0.392299 0.635913 0.0714286 0.460318 0.00136662
54 0.657366 0.644841 0.148438 0.176587 0.00136662
52 0.395647 0.775794 0.078125 0.196429 0.00135136
54 0.657924 0.74504 0.148438 0.390873 0.00133514
25 0.491629 0.49256 0.88058 0.975198 0.00129414
44 0.751674 0.577877 0.0178572 0.232143 0.00128937
42 0.287877 0.792659 0.0525949 0.34127 0.00124454
60 0.640067 0.521329 0.592634 0.953373 0.00123978
41 0.765067 0.912698 0.273438 0.162698 0.00123501
0 0.74442 0.772321 0.325893 0.427579 0.00123501
67 0.829241 0.327629 0.0290178 0.0848214 0.00122547
27 0.65067 0.815476 0.0758929 0.347222 0.00119686
44 0.741071 0.509053 0.0424107 0.295387 0.00117397
45 0.200195 0.5 0.369699 1 0.0011692
37 0.285784 0.501984 0.514369 0.984127 0.00112915
42 0.394531 0.763889 0.0770089 0.174603 0.0011158
37 0.553571 0.506448 0.683036 0.979167 0.0011158
54 0.768973 0.821925 0.276786 0.342262 0.00110722
79 0.741071 0.509053 0.0424107 0.295387 0.00108147
75 0.200195 0.5 0.369699 1 0.00106049
60 0.221261 0.952381 0.404018 0.0833333 0.00102043
13 0.948103 0.922619 0.103795 0.0674604 0.00100422
0 0.651646 0.527282 0.600725 0.941468 0.910156
55 0.768973 0.822421 0.27567 0.34127 0.801758
27 0.654576 0.776786 0.147321 0.428571 0.57373
61 0.199637 0.506944 0.377511 0.986111 0.225464
27 0.657924 0.652778 0.148438 0.188492 0.206909
0 0.277414 0.498016 0.535575 0.996032 0.176147
27 0.65625 0.710317 0.151786 0.315476 0.108215
41 0.201869 0.3125 0.365234 0.617064 0.0705566
61 0.278948 0.499008 0.543666 0.998016 0.0531921
60 0.705357 0.907738 0.585938 0.168651 0.0492249
55 0.752232 0.760913 0.195312 0.214286 0.0332031
47 0.395089 0.775794 0.078125 0.196429 0.0328369
61 0.200614 0.311012 0.365513 0.610119 0.0284424
40 0.201172 0.498884 0.384487 0.986359 0.0269623
41 0.203404 0.456845 0.371094 0.913691 0.0243378
44 0.394531 0.764881 0.0770089 0.174603 0.0188293
60 0.704241 0.815476 0.58817 0.349206 0.0155411
27 0.735491 0.769345 0.305804 0.433532 0.0141754
49 0.395089 0.775794 0.078125 0.196429 0.0133743
56 0.777902 0.626984 0.0602679 0.0912699 0.0109863
60 0.231027 0.667163 0.457589 0.643849 0.0103683
45 0.200614 0.311012 0.365513 0.610119 0.00769424
55 0.74721 0.77381 0.324777 0.43254 0.00674438
41 0.77846 0.625992 0.0591518 0.0912699 0.00605011
51 0.393973 0.764881 0.077009 0.176587 0.00595856
0 0.198382 0.505952 0.37221 0.988095 0.00593567
44 0.392299 0.636409 0.0714286 0.453373 0.00557709
71 0.200614 0.311012 0.365513 0.610119 0.00524139
0 0.728237 0.497024 0.366071 0.833333 0.00508118
27 0.647321 0.643849 0.127232 0.136905 0.00502014
67 0.829241 0.31746 0.0245535 0.0634921 0.00471878
39 0.395368 0.77877 0.0797991 0.202381 0.00457382
60 0.764509 0.920635 0.469866 0.140873 0.00441742
60 0.780134 0.939484 0.439732 0.115079 0.00416565
0 0.467355 0.498016 0.880022 0.990079 0.00415039
65 0.395368 0.77877 0.0797991 0.202381 0.00407028
79 0.395368 0.777282 0.0792411 0.199405 0.00400543
56 0.198382 0.505952 0.37221 0.988095 0.00359344
45 0.765625 0.907738 0.274554 0.172619 0.00356483
25 0.480469 0.49256 0.902902 0.975198 0.00338936
75 0.201869 0.3125 0.365234 0.617064 0.00335121
54 0.395089 0.775794 0.078125 0.196429 0.00322342
27 0.675223 0.748512 0.186384 0.34623 0.00309944
41 0.395368 0.77877 0.0797991 0.202381 0.00298119
44 0.287946 0.792163 0.0530134 0.340278 0.00284576
37 0.286272 0.50248 0.513393 0.983135 0.00271416
41 0.448661 0.0608879 0.195871 0.115327 0.00251198
0 0.735491 0.769345 0.305804 0.433532 0.00223351
55 0.765625 0.907738 0.274554 0.172619 0.00219154
46 0.395089 0.775794 0.078125 0.196429 0.00218201
60 0.765625 0.912698 0.272321 0.162698 0.00218201
60 0.249442 0.800595 0.477679 0.376984 0.0020752
64 0.199777 0.313492 0.365513 0.618056 0.00205803
45 0.449219 0.0607639 0.19308 0.115079 0.00203514
60 0.350725 0.80506 0.676897 0.375992 0.00191212
0 0.757812 0.475198 0.301339 0.640873 0.00186729
26 0.735491 0.769345 0.305804 0.433532 0.00186729
72 0.203265 0.506448 0.381417 0.985119 0.00181007
79 0.828125 0.31994 0.0267857 0.0679564 0.0018034
25 0.2869 0.49752 0.518834 0.99504 0.00179577
40 0.395647 0.779266 0.0792411 0.203373 0.00174809
73 0.729353 0.772817 0.293527 0.43254 0.0017271
37 0.542411 0.506944 0.698661 0.978175 0.00171375
60 0.33231 0.938492 0.645647 0.115079 0.00158501
67 0.824777 0.319444 0.0223214 0.0669643 0.00154877
27 0.655692 0.77877 0.0993304 0.426587 0.00153065
52 0.395089 0.775794 0.078125 0.196429 0.00144958
39 0.765625 0.819444 0.283482 0.345238 0.00143242
71 0.203265 0.506448 0.381417 0.985119 0.00141048
40 0.787946 0.488591 0.178571 0.383929 0.00139904
0 0.841518 0.559028 0.116071 0.566468 0.00139904
44 0.751674 0.577381 0.0178572 0.230159 0.00138855
13 0.948103 0.922619 0.103795 0.0674604 0.0012064
27 0.654576 0.652778 0.160714 0.109127 0.00119686
0 0.80692 0.55568 0.113839 0.56126 0.00117397
56 0.28411 0.50496 0.550084 0.990079 0.00115585
41 0.765625 0.912698 0.272321 0.162698 0.00115108
42 0.287946 0.792163 0.0530134 0.340278 0.00114727
75 0.203265 0.506448 0.381417 0.985119 0.00113392
44 0.741071 0.508929 0.0446429 0.295635 0.0011034
42 0.391183 0.610615 0.0669643 0.400794 0.0011034
26 0.662946 0.772321 0.170759 0.433532 0.00101185
73 0.662946 0.772321 0.170759 0.433532 0.00100803
54 0.768973 0.822421 0.27567 0.34127 0.00100803
0 0.649693 0.527778 0.597935 0.940476 0.910645
55 0.768973 0.822421 0.274554 0.34127 0.803223
27 0.655134 0.776786 0.147321 0.426587 0.624512
61 0.199498 0.506076 0.376674 0.985863 0.196167
27 0.657924 0.655258 0.148438 0.194444 0.180054
0 0.277344 0.498016 0.535714 0.996032 0.161621
27 0.657366 0.697421 0.149554 0.291667 0.076416
61 0.280762 0.499008 0.546735 0.998016 0.0736694
41 0.202009 0.312996 0.364955 0.616071 0.058136
60 0.705357 0.90873 0.585938 0.168651 0.0482178
27 0.695312 0.768849 0.225446 0.434524 0.0438538
55 0.752232 0.760913 0.195312 0.212302 0.032959
47 0.395089 0.775794 0.0786831 0.196429 0.0310211
41 0.200056 0.499008 0.369978 0.996032 0.0288696
61 0.200753 0.311508 0.365792 0.611111 0.0224609
44 0.394531 0.764881 0.0770089 0.176587 0.0182648
40 0.200056 0.497892 0.382812 0.984375 0.0150146
60 0.704241 0.81498 0.58817 0.350198 0.014389
55 0.746652 0.782738 0.321429 0.418651 0.0127258
49 0.395089 0.775794 0.0786831 0.196429 0.0123367
56 0.777902 0.62748 0.0602679 0.0922619 0.0116882
60 0.228516 0.669767 0.452009 0.638641 0.0085144
45 0.202009 0.312996 0.364955 0.616071 0.00812531
41 0.77846 0.625992 0.0591518 0.0912699 0.00748825
0 0.198382 0.505456 0.37221 0.989087 0.00544739
0 0.727679 0.499008 0.366071 0.835317 0.00526047
44 0.392299 0.635913 0.0714286 0.450397 0.00511932
51 0.393973 0.765377 0.077009 0.177579 0.00510025
25 0.477679 0.49256 0.90625 0.975198 0.0046463
39 0.395368 0.77877 0.0797991 0.202381 0.00445175
71 0.200753 0.311508 0.365792 0.611111 0.00443268
37 0.286203 0.50248 0.512416 0.983135 0.00418091
60 0.765067 0.921627 0.46875 0.138889 0.00418091
65 0.395368 0.77877 0.0797991 0.202381 0.00403976
79 0.395647 0.777282 0.0792411 0.199405 0.0039444
0 0.461496 0.497892 0.889509 0.988343 0.00382423
67 0.829241 0.31746 0.0245535 0.0634921 0.00379562
45 0.766183 0.90873 0.274554 0.172619 0.00340271
56 0.198382 0.505456 0.37221 0.989087 0.00324821
44 0.287946 0.791667 0.0530134 0.339286 0.00318527
27 0.646205 0.643849 0.125 0.138889 0.00312424
54 0.395089 0.775794 0.0786831 0.196429 0.0030632
75 0.202009 0.312996 0.364955 0.616071 0.00296974
25 0.2869 0.49752 0.518834 0.99504 0.00283432
41 0.395368 0.77877 0.0797991 0.202381 0.00261116
27 0.639509 0.768849 0.251116 0.434524 0.00259018
26 0.695312 0.768849 0.225446 0.434524 0.00239754
60 0.311384 0.802579 0.598214 0.375 0.002388
73 0.672433 0.771825 0.179688 0.43254 0.00235939
60 0.765625 0.91245 0.272321 0.163194 0.00231361
55 0.766183 0.90873 0.274554 0.172619 0.00221634
37 0.53404 0.507068 0.710938 0.977927 0.00212479
27 0.674107 0.75 0.185268 0.35119 0.00209999
41 0.449219 0.0607639 0.195312 0.115079 0.00208282
46 0.395089 0.775794 0.0786831 0.196429 0.00192642
0 0.756696 0.475198 0.303571 0.649802 0.00191212
0 0.695312 0.768849 0.225446 0.434524 0.00186729
79 0.828125 0.31994 0.0267857 0.0679564 0.00185299
0 0.841518 0.559028 0.116071 0.564484 0.00174141
40 0.395647 0.779266 0.0797991 0.203373 0.00173378
64 0.200056 0.313492 0.365513 0.617064 0.00172043
44 0.752232 0.575893 0.0178572 0.232143 0.00165462
45 0.449219 0.0606399 0.19308 0.114831 0.00163555
60 0.332868 0.94246 0.646763 0.107143 0.00161076
72 0.202009 0.505952 0.379464 0.984127 0.00156116
26 0.655692 0.771825 0.155134 0.43254 0.00153637
71 0.202009 0.505952 0.379464 0.984127 0.00146103
27 0.746094 0.771329 0.324777 0.435516 0.00143242
39 0.764509 0.819444 0.283482 0.345238 0.00139427
13 0.948103 0.922619 0.103795 0.0674604 0.00138283
42 0.287946 0.791667 0.0530134 0.339286 0.00137234
45 0.200056 0.499008 0.369978 0.996032 0.00134563
0 0.808036 0.55568 0.113839 0.56126 0.00131989
52 0.395089 0.775794 0.0786831 0.196429 0.00129986
67 0.824777 0.319444 0.0223214 0.0674603 0.0012598
60 0.226144 0.784722 0.44894 0.406746 0.00124454
40 0.782366 0.477679 0.171875 0.364087 0.00122547
56 0.287319 0.504588 0.554827 0.990823 0.00121593
79 0.287946 0.791667 0.0530134 0.339286 0.0011692
44 0.741071 0.508061 0.0446429 0.297371 0.00113392
27 0.65625 0.77877 0.101562 0.426587 0.00109482
41 0.765625 0.91245 0.272321 0.163194 0.00109005
42 0.391462 0.607639 0.0664062 0.401786 0.00107288
65 0.672433 0.771825 0.179688 0.43254 0.00107288
79 0.741071 0.508061 0.0446429 0.297371 0.00104046
79 0.74442 0.522321 0.0625 0.308532 0.00103188
26 0.746094 0.771329 0.324777 0.435516 0.00101662
0 0.645089 0.52691 0.589286 0.938244 0.907227
55 0.768973 0.822421 0.274554 0.34127 0.820801
27 0.655134 0.77629 0.147321 0.427579 0.624512
27 0.657366 0.650298 0.148438 0.189484 0.162354
0 0.277065 0.498016 0.536272 0.996032 0.141968
61 0.199219 0.505456 0.376116 0.987103 0.137939
61 0.282436 0.499504 0.5512 0.997024 0.0789185
27 0.657366 0.71379 0.149554 0.325397 0.0646362
60 0.704241 0.909722 0.58817 0.168651 0.0473328
41 0.203125 0.305556 0.36942 0.605159 0.0390625
55 0.752232 0.761409 0.196429 0.213294 0.0273743
41 0.202567 0.446429 0.371094 0.888889 0.0248871
47 0.395089 0.774802 0.078125 0.194444 0.0240479
44 0.394531 0.764881 0.0770089 0.174603 0.0188293
40 0.19894 0.4969 0.38058 0.984375 0.016098
60 0.703683 0.815476 0.590402 0.351191 0.0140076
61 0.200893 0.310516 0.367188 0.609127 0.0123825
56 0.777902 0.62748 0.0602679 0.0922619 0.0107803
49 0.395089 0.774802 0.078125 0.194444 0.0107346
45 0.202009 0.313244 0.365513 0.615575 0.008255
41 0.77846 0.625992 0.0591518 0.0912699 0.00815582
25 0.475167 0.49256 0.913505 0.975198 0.00734711
37 0.286272 0.501984 0.513393 0.984127 0.00669098
55 0.746652 0.781746 0.321429 0.418651 0.00614548
60 0.228237 0.671627 0.450893 0.634921 0.00566483
0 0.727679 0.500496 0.366071 0.838294 0.00557709
25 0.277065 0.498016 0.536272 0.996032 0.00534439
0 0.197963 0.504836 0.371931 0.990327 0.00527954
51 0.393973 0.765377 0.077009 0.177579 0.00503922
44 0.392299 0.637401 0.0714286 0.440476 0.00466537
39 0.395368 0.777778 0.0797991 0.202381 0.00428009
65 0.395368 0.777778 0.0797991 0.202381 0.00416565
79 0.394531 0.764881 0.0770089 0.174603 0.00413513
60 0.765067 0.923611 0.46875 0.136905 0.00390053
71 0.201311 0.303571 0.36635 0.601191 0.00356483
56 0.197963 0.504836 0.371931 0.990327 0.00356483
67 0.828683 0.31746 0.0245536 0.0634921 0.00338936
27 0.683036 0.772321 0.209821 0.431548 0.00329781
0 0.455357 0.49752 0.901786 0.987103 0.00290108
45 0.766183 0.908978 0.274554 0.174107 0.00288963
26 0.665737 0.767857 0.166295 0.43254 0.00271416
44 0.287946 0.791667 0.0530134 0.34127 0.00266266
54 0.395089 0.774802 0.078125 0.194444 0.00264168
60 0.309431 0.801587 0.595424 0.376984 0.00260162
37 0.523438 0.505952 0.727679 0.976191 0.00245285
73 0.660714 0.770833 0.15625 0.43254 0.00245285
41 0.395368 0.777778 0.0797991 0.202381 0.00226021
60 0.765625 0.911706 0.272321 0.164683 0.00219154
55 0.766183 0.908978 0.274554 0.174107 0.00213242
27 0.646763 0.645833 0.126116 0.142857 0.00210762
75 0.202009 0.313244 0.365513 0.615575 0.00206757
0 0.755022 0.474206 0.30692 0.654762 0.00201988
0 0.842076 0.558532 0.116071 0.564484 0.00198746
40 0.395647 0.779266 0.0792411 0.203373 0.00192642
79 0.828125 0.31994 0.0245536 0.0684524 0.00191212
45 0.202567 0.446429 0.371094 0.888889 0.00191212
44 0.752232 0.575397 0.0178572 0.230159 0.00174809
46 0.395089 0.774802 0.078125 0.194444 0.00167465
41 0.449219 0.0607639 0.195312 0.115079 0.00163555
27 0.745536 0.769841 0.323661 0.436508 0.00160408
0 0.665737 0.767857 0.166295 0.43254 0.00154877
13 0.948103 0.922619 0.103795 0.0674604 0.00147247
56 0.288504 0.503968 0.558036 0.992064 0.00143814
0 0.80971 0.555556 0.113839 0.563492 0.00141621
60 0.333147 0.944444 0.647321 0.107143 0.00138283
39 0.765067 0.819941 0.284598 0.344246 0.00135612
45 0.449219 0.0605159 0.19308 0.114583 0.00131512
42 0.287946 0.791667 0.0530134 0.34127 0.00126457
65 0.660714 0.770833 0.15625 0.43254 0.00115585
71 0.20173 0.505084 0.379464 0.985863 0.00113392
67 0.824777 0.319692 0.0223214 0.0674603 0.00112915
79 0.287946 0.791667 0.0530134 0.34127 0.00112915
72 0.20173 0.505084 0.379464 0.985863 0.0011158
54 0.767857 0.825397 0.276786 0.339286 0.00110722
64 0.200195 0.313492 0.365234 0.617064 0.00109863
79 0.743304 0.521825 0.0647322 0.308532 0.00107288
44 0.740513 0.507937 0.0457589 0.297619 0.00106525
42 0.391462 0.608135 0.0664062 0.396825 0.00105286
26 0.745536 0.769841 0.323661 0.436508 0.00104427
0 0.641741 0.52567 0.582589 0.93874 0.900391
55 0.768973 0.821925 0.274554 0.342262 0.816406
27 0.65625 0.775298 0.149554 0.425595 0.611328
61 0.198103 0.503968 0.372768 0.986111 0.131592
27 0.657366 0.652778 0.148438 0.19246 0.12854
0 0.275181 0.499008 0.537807 0.996032 0.102661
61 0.280064 0.5 0.547015 0.996032 0.0564575
61 0.202427 0.325397 0.370815 0.643849 0.0437012
60 0.709682 0.90253 0.57394 0.179067 0.0322266
41 0.202427 0.31002 0.368025 0.612103 0.0265503
44 0.394252 0.763393 0.0770089 0.171627 0.0189056
41 0.200614 0.489955 0.368304 0.97247 0.0156021
47 0.394531 0.774802 0.078125 0.194444 0.012291
55 0.752232 0.762897 0.196429 0.21627 0.0109863
25 0.477679 0.491071 0.895089 0.968254 0.0107803
56 0.777344 0.62748 0.061384 0.0922619 0.00963593
25 0.275181 0.499008 0.537807 0.996032 0.00948334
41 0.777902 0.625992 0.0591517 0.0912699 0.00881195
60 0.705357 0.814484 0.581473 0.353175 0.00821686
55 0.746652 0.777778 0.321429 0.424603 0.00734711
49 0.393694 0.765873 0.0764509 0.177579 0.00725937
71 0.200335 0.312996 0.366071 0.614087 0.00551224
45 0.202427 0.31002 0.368025 0.612103 0.00542831
51 0.393973 0.770833 0.077009 0.1875 0.00503922
61 0.276716 0.338294 0.540318 0.672619 0.00473785
0 0.197266 0.502976 0.37221 0.990079 0.00445175
27 0.743304 0.769841 0.321429 0.434524 0.00445175
44 0.39202 0.657738 0.0719866 0.382937 0.00428009
37 0.2869 0.499504 0.514369 0.985119 0.00395966
65 0.395368 0.77877 0.0797991 0.202381 0.0037365
67 0.829241 0.319196 0.0256697 0.0659722 0.00372124
0 0.727121 0.5031 0.367188 0.843006 0.00370789
39 0.395368 0.77877 0.0797991 0.202381 0.00353813
60 0.790737 0.938492 0.418527 0.123016 0.00349617
54 0.394531 0.774802 0.078125 0.194444 0.00293541
79 0.394252 0.763393 0.0770089 0.171627 0.00270462
26 0.657366 0.767857 0.151786 0.428571 0.0026722
60 0.776786 0.918651 0.444196 0.146825 0.00264168
40 0.395647 0.77877 0.0803572 0.204365 0.00254059
0 0.276716 0.338294 0.540318 0.672619 0.0024929
0 0.452567 0.497148 0.889509 0.987847 0.00233269
56 0.197266 0.502976 0.37221 0.990079 0.00225258
73 0.658482 0.770833 0.151786 0.430556 0.00218201
41 0.395647 0.77877 0.0803572 0.204365 0.00211525
0 0.842634 0.559524 0.116071 0.560516 0.00191212
0 0.753906 0.470114 0.309152 0.656994 0.00191212
79 0.828125 0.320437 0.0245536 0.0684524 0.00188255
75 0.20173 0.312996 0.364397 0.614087 0.0018034
60 0.765625 0.910714 0.272321 0.166667 0.00176811
37 0.508371 0.504464 0.731027 0.979167 0.00176811
44 0.752232 0.574901 0.0178572 0.229167 0.00171375
45 0.765625 0.906498 0.274554 0.175099 0.00171375
13 0.948103 0.922619 0.103795 0.0694444 0.0017004
40 0.780134 0.474206 0.176339 0.358135 0.00153637
26 0.743304 0.769841 0.321429 0.434524 0.00151253
27 0.648438 0.644345 0.129464 0.141865 0.00148964
79 0.776786 0.403274 0.169643 0.178571 0.00138283
39 0.763393 0.817956 0.285714 0.350198 0.00137234
0 0.811384 0.556548 0.116071 0.563492 0.00131512
56 0.287388 0.5031 0.558036 0.9938 0.00130463
55 0.765625 0.906498 0.274554 0.175099 0.00129986
64 0.200335 0.312748 0.364397 0.613591 0.00123501
45 0.200614 0.489955 0.368304 0.97247 0.0012064
44 0.287946 0.786706 0.0524554 0.335317 0.00119686
79 0.829241 0.328373 0.0290178 0.0858135 0.00119209
71 0.200614 0.489955 0.368304 0.97247 0.00117874
56 0.20173 0.312996 0.364397 0.614087 0.00117397
65 0.658482 0.770833 0.151786 0.430556 0.00116539
54 0.766741 0.825397 0.279018 0.339286 0.00112057
25 0.5 0.380952 0.808036 0.750992 0.00109005
44 0.739955 0.507812 0.0491072 0.295883 0.00106525
46 0.394252 0.763393 0.0770089 0.171627 0.00106525
67 0.824777 0.320189 0.0223214 0.0684524 0.00105667
43 0.657366 0.767857 0.151786 0.428571 0.00105667
15 0.657366 0.767857 0.151786 0.428571 0.00104046
79 0.743304 0.521825 0.0658483 0.30754 0.00102043
0 0.641183 0.524802 0.581473 0.938492 0.887207
55 0.767857 0.820933 0.276786 0.34623 0.747559
27 0.659598 0.77877 0.151786 0.44246 0.609375
61 0.19601 0.495164 0.375837 0.977927 0.112793
0 0.274833 0.499008 0.537388 0.996032 0.0899048
27 0.657366 0.654762 0.149554 0.196429 0.0742188
61 0.200195 0.313492 0.365234 0.615079 0.044342
41 0.20173 0.311508 0.367746 0.615079 0.0394897
61 0.291783 0.502976 0.56822 0.994048 0.0293121
60 0.72154 0.897817 0.549107 0.190476 0.0255127
25 0.480469 0.490203 0.876116 0.964038 0.0130234
44 0.393973 0.762897 0.077009 0.170635 0.01297
27 0.738839 0.770833 0.3125 0.43254 0.0123825
60 0.76702 0.920883 0.46596 0.158234 0.0107346
25 0.274833 0.499008 0.537388 0.996032 0.00941467
71 0.200195 0.313492 0.365234 0.615079 0.0069313
51 0.393415 0.771825 0.0764509 0.188492 0.00651169
60 0.708705 0.813988 0.571429 0.354167 0.0064888
41 0.777902 0.625992 0.0591517 0.0912699 0.00595856
55 0.746094 0.775794 0.322545 0.428571 0.00547028
47 0.394531 0.770337 0.078125 0.186508 0.00534439
45 0.20173 0.311508 0.367746 0.615079 0.00521851
56 0.776786 0.627976 0.0625 0.093254 0.00471878
49 0.393694 0.765873 0.0764509 0.178571 0.00457382
55 0.752232 0.764881 0.198661 0.220238 0.00369263
44 0.391741 0.665675 0.0725447 0.365079 0.00366402
67 0.829241 0.319444 0.0245535 0.0664683 0.00300407
0 0.196429 0.501984 0.37221 0.988095 0.00284576
26 0.655692 0.770833 0.149554 0.428571 0.00279999
0 0.450614 0.498016 0.880022 0.988095 0.00263214
65 0.395368 0.77877 0.0797991 0.203373 0.00254059
39 0.395368 0.77877 0.0797991 0.203373 0.00251198
37 0.286342 0.499008 0.515486 0.986111 0.00247192
54 0.394531 0.774802 0.078125 0.194444 0.00234222
0 0.726005 0.507441 0.367188 0.850198 0.00229645
26 0.738839 0.770833 0.3125 0.43254 0.00206757
40 0.396205 0.779762 0.0803572 0.206349 0.00205803
79 0.393973 0.762897 0.077009 0.170635 0.00178242
61 0.277274 0.322669 0.541434 0.640377 0.00175476
79 0.776228 0.402778 0.169643 0.18254 0.00171375
40 0.779018 0.474206 0.178571 0.359127 0.00171375
44 0.752232 0.573413 0.0178572 0.235119 0.00168705
0 0.752232 0.466766 0.3125 0.647817 0.00167465
37 0.499442 0.503472 0.733259 0.981151 0.00166798
0 0.843192 0.560516 0.117188 0.559524 0.00165462
13 0.948382 0.922619 0.103237 0.0694444 0.00161076
75 0.201451 0.312996 0.363839 0.613095 0.00160408
25 0.506138 0.373016 0.777902 0.736111 0.00153637
73 0.655692 0.770833 0.149554 0.428571 0.00151253
41 0.395368 0.77877 0.0797991 0.203373 0.00150108
15 0.652902 0.769841 0.149554 0.426587 0.00144386
60 0.765625 0.910466 0.272321 0.167163 0.00143242
64 0.200335 0.312748 0.364397 0.612599 0.00132465
79 0.828125 0.320685 0.0245536 0.0689484 0.00131512
27 0.65067 0.644841 0.136161 0.142857 0.00124454
39 0.761161 0.812996 0.290179 0.360119 0.00122547
56 0.201451 0.312996 0.363839 0.613095 0.00121117
54 0.767857 0.820933 0.276786 0.34623 0.00119686
60 0.229074 0.4969 0.446987 0.986359 0.00106907
56 0.19601 0.495164 0.375837 0.977927 0.00105667
44 0.367188 0.825893 0.0212054 0.326389 0.00103188
0 0.811384 0.56002 0.116071 0.572421 0.00101185
44 0.738839 0.507441 0.0502232 0.295635 0.00100803
17 0.286342 0.499008 0.515486 0.986111 0.00100803
0 0.641741 0.524926 0.582589 0.940228 0.871094
55 0.766183 0.816964 0.280134 0.354167 0.620605
27 0.659598 0.779762 0.152902 0.440476 0.616699
61 0.195312 0.495908 0.375 0.976439 0.0894775
0 0.274275 0.500868 0.538504 0.990327 0.0819702
61 0.200614 0.314236 0.364955 0.615575 0.0488586
41 0.201451 0.312252 0.367188 0.615575 0.036499
27 0.657366 0.658234 0.149554 0.203373 0.0343628
27 0.728795 0.771825 0.290179 0.430556 0.0246124
60 0.732701 0.893105 0.526786 0.201885 0.0199127
61 0.295201 0.50248 0.575893 0.993056 0.0167236
25 0.478795 0.490575 0.878348 0.963294 0.014389
25 0.275112 0.498884 0.537388 0.99628 0.0103683
60 0.78125 0.918403 0.4375 0.159226 0.00919342
44 0.393973 0.762897 0.077009 0.170635 0.00818634
71 0.200614 0.314236 0.364955 0.615575 0.00706482
51 0.393415 0.772817 0.0764509 0.190476 0.00669098
60 0.711496 0.813492 0.564732 0.355159 0.00508118
41 0.777902 0.625992 0.0591517 0.0892857 0.00332451
44 0.391741 0.666667 0.0725447 0.365079 0.00327301
45 0.201451 0.312252 0.367188 0.615575 0.00305176
55 0.732701 0.779762 0.34933 0.418651 0.00279999
26 0.655692 0.771329 0.148438 0.427579 0.00274658
0 0.445033 0.499132 0.881138 0.991816 0.0027256
49 0.393415 0.772817 0.0764509 0.190476 0.00265312
47 0.394531 0.770337 0.078125 0.186508 0.00261116
37 0.290806 0.499008 0.506557 0.982143 0.00257111
26 0.728795 0.771825 0.290179 0.430556 0.00234222
51 0.393415 0.813492 0.0770089 0.273809 0.00217438
25 0.504464 0.373016 0.779018 0.738095 0.00209999
37 0.487165 0.50248 0.74442 0.983135 0.00192642
56 0.776786 0.627976 0.0625 0.0922619 0.00188255
79 0.77567 0.401786 0.171875 0.184524 0.00183868
40 0.776786 0.47371 0.185268 0.360119 0.00178242
67 0.829241 0.319444 0.0245535 0.0664683 0.00174141
65 0.395647 0.77877 0.0803572 0.204365 0.00162888
54 0.395089 0.776786 0.0792411 0.200397 0.00157356
39 0.395647 0.77877 0.0803572 0.204365 0.00157356
13 0.948382 0.922619 0.103237 0.0714285 0.00156689
15 0.654018 0.770833 0.149554 0.426587 0.00156116
44 0.752232 0.572917 0.0178572 0.241071 0.00150108
0 0.748884 0.779266 0.323661 0.423611 0.00145531
40 0.396484 0.782738 0.0814732 0.212302 0.00143242
55 0.743304 0.762897 0.207589 0.248016 0.00142097
0 0.843192 0.560392 0.117188 0.557788 0.00131512
0 0.751116 0.459821 0.314732 0.632937 0.00126934
54 0.766183 0.816964 0.280134 0.354167 0.00125504
60 0.226842 0.497148 0.441964 0.983879 0.00119686
73 0.655692 0.771329 0.148438 0.427579 0.00118828
79 0.393973 0.762897 0.077009 0.170635 0.00117397
75 0.201172 0.312996 0.363281 0.612103 0.00117397
56 0.200614 0.314236 0.364955 0.615575 0.00115585
60 0.765625 0.910466 0.272321 0.167163 0.0011158
17 0.285784 0.499504 0.516602 0.989087 0.00111198
0 0.196429 0.492932 0.370536 0.97247 0.00109863
0 0.726005 0.512897 0.367188 0.859127 0.00109005
44 0.77567 0.401786 0.171875 0.184524 0.00102806
39 0.757812 0.803075 0.299107 0.37996 0.00102806
27 0.652902 0.645833 0.140625 0.144841 0.00100422
0 0.642718 0.525918 0.582868 0.940228 0.850586
27 0.659598 0.780258 0.152902 0.439484 0.600098
55 0.764509 0.8125 0.283482 0.363095 0.552734
61 0.195592 0.497148 0.373326 0.977927 0.100525
0 0.275042 0.498884 0.53697 0.99628 0.0831299
61 0.200893 0.314236 0.364955 0.615575 0.0587769
27 0.714286 0.772321 0.263393 0.429563 0.0332031
41 0.200893 0.312996 0.362723 0.612103 0.0311432
27 0.657366 0.661706 0.149554 0.210317 0.0287628
60 0.744978 0.889881 0.502232 0.206349 0.0179138
25 0.478237 0.490575 0.876116 0.963294 0.0130692
25 0.275042 0.498884 0.53697 0.99628 0.00971222
61 0.294085 0.501984 0.574777 0.994048 0.00952148
60 0.7899 0.920387 0.420201 0.159226 0.00841522
71 0.200893 0.314236 0.364955 0.615575 0.00821686
51 0.393415 0.77381 0.0764509 0.19246 0.00723267
27 0.658482 0.642857 0.149554 0.14881 0.0069046
44 0.393973 0.763889 0.077009 0.170635 0.00544739
60 0.717076 0.814484 0.553571 0.355159 0.00466537
37 0.293597 0.498512 0.503209 0.983135 0.00348282
41 0.777902 0.625992 0.0591517 0.0882936 0.00341606
44 0.39202 0.663194 0.0725446 0.372024 0.00325966
55 0.733259 0.779762 0.348214 0.418651 0.00325966
51 0.393415 0.825397 0.0770089 0.297619 0.0029583
25 0.504464 0.378844 0.776786 0.752232 0.00269318
26 0.65625 0.771825 0.147321 0.426587 0.00255013
26 0.714286 0.772321 0.263393 0.429563 0.00230598
37 0.480469 0.501984 0.704241 0.984127 0.00215721
13 0.948661 0.922619 0.102679 0.0714285 0.00198746
45 0.200893 0.314236 0.364955 0.615575 0.00189686
49 0.393415 0.77381 0.0764509 0.19246 0.00183868
79 0.775112 0.40067 0.174107 0.184772 0.00178242
40 0.775112 0.473214 0.188616 0.361111 0.00174141
0 0.199777 0.499008 0.388393 0.96627 0.00171375
0 0.473214 0.500496 0.868304 0.987103 0.00156116
56 0.776786 0.627976 0.0625 0.0922619 0.00154877
47 0.394531 0.769841 0.078125 0.186508 0.00154305
15 0.654018 0.771329 0.149554 0.425595 0.00150681
44 0.752232 0.572421 0.0178572 0.242064 0.00148964
67 0.829241 0.317956 0.0245535 0.0644841 0.00138283
0 0.748884 0.777778 0.323661 0.426587 0.00138283
54 0.760045 0.801587 0.292411 0.382936 0.00134563
0 0.84375 0.561508 0.116071 0.555556 0.00127888
65 0.395647 0.779266 0.0803572 0.203373 0.00127888
0 0.749442 0.457837 0.31808 0.638889 0.00125504
17 0.285435 0.499008 0.516183 0.990079 0.00124454
39 0.395647 0.779266 0.0803572 0.203373 0.00119686
40 0.397042 0.788691 0.0825893 0.222222 0.00117397
27 0.678571 0.59127 0.270089 0.394841 0.0011425
56 0.537388 0.517361 0.717634 0.955357 0.0011158
56 0.201451 0.313988 0.365513 0.614087 0.0011034
73 0.65625 0.771825 0.147321 0.426587 0.00109863
54 0.395089 0.776786 0.0792411 0.200397 0.00109005
76 0.657366 0.770337 0.15067 0.423611 0.00105667
79 0.393973 0.763889 0.077009 0.170635 0.00104046
25 0.518415 0.208085 0.460938 0.416171 0.00102425
26 0.754464 0.798115 0.304688 0.391865 0.00101662
0 0.643415 0.525298 0.584821 0.941468 0.844727
27 0.659598 0.78125 0.152902 0.4375 0.638672
55 0.764509 0.80754 0.283482 0.373016 0.511719
61 0.195731 0.496156 0.371931 0.975942 0.0800781
0 0.275112 0.498016 0.535714 0.996032 0.0637207
61 0.200893 0.314484 0.364955 0.615079 0.0539856
27 0.69029 0.772817 0.21317 0.428571 0.0396423
41 0.200753 0.312748 0.36635 0.616567 0.0276947
27 0.657366 0.662698 0.149554 0.212302 0.0264587
60 0.74721 0.876984 0.498884 0.232143 0.016983
25 0.479353 0.490575 0.871652 0.963294 0.0109024
25 0.275112 0.498016 0.535714 0.996032 0.0101318
71 0.200893 0.314484 0.364955 0.615079 0.00818634
51 0.393415 0.775298 0.0764509 0.195437 0.0078125
60 0.794085 0.920635 0.41183 0.15873 0.00757599
27 0.65904 0.642857 0.15067 0.150794 0.00641251
37 0.297991 0.497148 0.495536 0.981895 0.00484848
44 0.395647 0.779266 0.0803572 0.203373 0.00453949
60 0.71596 0.813492 0.55692 0.357143 0.00431442
79 0.777344 0.400918 0.169643 0.192212 0.00383949
55 0.727818 0.779762 0.359096 0.418651 0.00344276
41 0.777902 0.625992 0.0602679 0.0892857 0.00342941
51 0.393415 0.829365 0.0770089 0.303571 0.00340271
25 0.507533 0.381448 0.771763 0.758929 0.00327301
61 0.275112 0.498016 0.535714 0.996032 0.00327301
44 0.392299 0.660714 0.0725446 0.371032 0.0030632
40 0.775112 0.470734 0.186384 0.358135 0.00286674
13 0.948661 0.922619 0.102679 0.0714285 0.00256157
37 0.421945 0.500992 0.528878 0.982143 0.00247192
26 0.65625 0.772321 0.147321 0.425595 0.00236893
44 0.777344 0.400918 0.169643 0.192212 0.00224304
67 0.829241 0.319692 0.0245535 0.0664683 0.00220871
26 0.69029 0.772817 0.21317 0.428571 0.00201988
40 0.760603 0.387401 0.198661 0.1875 0.00191212
27 0.680246 0.59375 0.266741 0.41369 0.00179577
56 0.776786 0.627976 0.0625 0.0922619 0.00175476
42 0.777344 0.400918 0.169643 0.192212 0.00174809
49 0.393415 0.775298 0.0764509 0.195437 0.00168705
15 0.655134 0.771825 0.147321 0.424603 0.00161076
45 0.202009 0.312004 0.369978 0.612103 0.00154877
25 0.514788 0.227679 0.457031 0.455357 0.00148392
0 0.84375 0.561508 0.116071 0.553572 0.00147247
17 0.285226 0.49814 0.515485 0.989831 0.00143242
67 0.777344 0.400918 0.169643 0.192212 0.0014267
44 0.752232 0.571429 0.0178572 0.242063 0.00141048
54 0.758929 0.791667 0.295759 0.402778 0.00141048
56 0.530413 0.514881 0.724888 0.962302 0.00127411
0 0.196987 0.49256 0.367746 0.97123 0.00125504
47 0.394531 0.770833 0.078125 0.188492 0.00124931
56 0.201311 0.313988 0.365234 0.614087 0.00123501
0 0.752232 0.457217 0.3125 0.643105 0.00123501
0 0.472098 0.500496 0.866071 0.987103 0.0012064
79 0.780692 0.485987 0.197545 0.383185 0.00120163
76 0.777344 0.400918 0.169643 0.192212 0.00115108
54 0.395089 0.776786 0.0792411 0.200397 0.0011425
39 0.395647 0.779266 0.0803572 0.203373 0.00112438
40 0.397321 0.788691 0.0831473 0.222222 0.00110722
76 0.657366 0.770833 0.149554 0.422619 0.00109005
64 0.200335 0.312252 0.363839 0.611607 0.00103188
73 0.65625 0.772321 0.147321 0.425595 0.00102806
26 0.753348 0.793651 0.305804 0.39881 0.00102425
0 0.643973 0.52629 0.584821 0.941468 0.838379
27 0.657366 0.770833 0.149554 0.420635 0.684082
55 0.764509 0.806052 0.283482 0.375992 0.53125
61 0.195871 0.496528 0.370536 0.975198 0.0794678
0 0.275181 0.49814 0.535575 0.995784 0.0661011
61 0.200893 0.314484 0.364955 0.616071 0.0509033
41 0.200753 0.3125 0.36635 0.617064 0.0317383
27 0.657366 0.663691 0.149554 0.214286 0.0288696
60 0.75279 0.875 0.487723 0.236111 0.0174408
25 0.275181 0.49814 0.535575 0.995784 0.0091629
25 0.482422 0.489087 0.849888 0.960317 0.00891876
51 0.393415 0.774802 0.0758929 0.194444 0.00874329
60 0.795759 0.921875 0.408482 0.15625 0.00793457
71 0.200893 0.314484 0.364955 0.616071 0.00751877
27 0.65904 0.643849 0.15067 0.150794 0.00651169
37 0.302455 0.497024 0.487165 0.982143 0.00488663
60 0.71861 0.813988 0.551618 0.356151 0.00441742
41 0.777344 0.625992 0.0602678 0.0892857 0.0041008
44 0.393973 0.762897 0.077009 0.170635 0.00397491
51 0.393415 0.830357 0.0770089 0.305556 0.00380898
55 0.727818 0.779762 0.359096 0.418651 0.00376511
25 0.513114 0.381944 0.746094 0.760913 0.00353813
79 0.777344 0.400298 0.169643 0.193452 0.00322342
44 0.392299 0.65873 0.0725446 0.369048 0.00322342
13 0.948661 0.922619 0.102679 0.0714285 0.00319672
40 0.77567 0.472346 0.186384 0.360863 0.00294685
61 0.275181 0.49814 0.535575 0.995784 0.0026722
67 0.829241 0.319692 0.0245535 0.0664683 0.00244331
44 0.777344 0.400298 0.169643 0.193452 0.00226021
26 0.65625 0.772817 0.147321 0.424603 0.00223351
37 0.378627 0.500992 0.371094 0.978175 0.00219154
56 0.776786 0.627976 0.0625 0.0912698 0.00210762
27 0.680804 0.593254 0.264509 0.413691 0.00198746
25 0.513393 0.243552 0.460938 0.487103 0.00192642
40 0.761161 0.387401 0.198661 0.189484 0.0018177
42 0.777344 0.400298 0.169643 0.193452 0.00178909
15 0.655134 0.772322 0.147321 0.423611 0.00174141
54 0.760045 0.789683 0.294643 0.406746 0.00162315
0 0.84375 0.561012 0.116071 0.550595 0.00161076
49 0.393415 0.774802 0.0758929 0.194444 0.00154877
17 0.285156 0.49752 0.515625 0.989087 0.00149536
45 0.202148 0.3125 0.370257 0.611111 0.00144958
44 0.752232 0.570933 0.0178572 0.243056 0.00141621
0 0.751674 0.454489 0.313616 0.648562 0.00138855
56 0.20159 0.313988 0.365792 0.614087 0.00133038
25 0.539621 0.318204 0.597098 0.636409 0.00131512
67 0.777344 0.400298 0.169643 0.193452 0.00130463
56 0.534598 0.514757 0.707589 0.960566 0.00126934
0 0.197824 0.49318 0.366071 0.971974 0.00123501
76 0.657366 0.770833 0.149554 0.420635 0.00123024
54 0.395089 0.776786 0.0792411 0.200397 0.00118828
64 0.200195 0.312004 0.36356 0.612103 0.00114727
76 0.777344 0.400298 0.169643 0.193452 0.00111198
39 0.395368 0.77877 0.0797991 0.204365 0.00111198
47 0.394531 0.770833 0.078125 0.186508 0.00106049
79 0.780134 0.485615 0.198661 0.383929 0.00105667
40 0.397321 0.790675 0.0837054 0.22619 0.00104427
26 0.754464 0.793651 0.305804 0.400794 0.00102425
75 0.199777 0.308532 0.364397 0.605159 0.00100803
73 0.65625 0.772817 0.147321 0.424603 0.00100803
0 0.626116 0.525794 0.581473 0.938492 0.851074
27 0.657366 0.771329 0.149554 0.419643 0.702637
55 0.762835 0.792659 0.287946 0.400794 0.609375
61 0.19615 0.4969 0.36942 0.974454 0.117188
0 0.275391 0.49814 0.534598 0.995784 0.0747681
61 0.200893 0.314732 0.364955 0.616567 0.0675659
27 0.657366 0.662698 0.149554 0.212302 0.0393372
41 0.200614 0.312748 0.366629 0.618552 0.036499
60 0.758371 0.878472 0.476563 0.229167 0.0191956
51 0.393415 0.774306 0.0758929 0.193452 0.0106125
60 0.795201 0.922619 0.409598 0.154762 0.00923157
71 0.200893 0.314732 0.364955 0.616567 0.0078125
27 0.65904 0.643849 0.15067 0.149802 0.00720596
25 0.275391 0.49814 0.534598 0.995784 0.00674438
25 0.487723 0.487227 0.814732 0.958085 0.00658798
41 0.777902 0.625992 0.0602679 0.0912699 0.00621796
60 0.724191 0.81498 0.540458 0.356151 0.00471878
51 0.393415 0.830357 0.0770089 0.30754 0.00460815
44 0.393973 0.762401 0.077009 0.169643 0.00403976
13 0.948661 0.922619 0.102679 0.0714285 0.00399017
37 0.310896 0.4969 0.470843 0.980407 0.00388527
44 0.39202 0.659226 0.0725446 0.361111 0.00366402
61 0.275391 0.49814 0.534598 0.995784 0.00363541
79 0.777902 0.400918 0.169643 0.192212 0.00345612
40 0.77567 0.472222 0.1875 0.361111 0.00302696
67 0.829241 0.319444 0.0245535 0.0664683 0.00288963
56 0.776228 0.627976 0.0625 0.0912698 0.00271416
25 0.524275 0.381448 0.694755 0.760913 0.0024929
26 0.65625 0.772817 0.147321 0.424603 0.00236893
44 0.777902 0.400918 0.169643 0.192212 0.00230598
15 0.655134 0.772817 0.147321 0.422619 0.00188255
42 0.777902 0.400918 0.169643 0.192212 0.00178242
27 0.680804 0.590774 0.264509 0.407738 0.00177479
49 0.393415 0.774306 0.0758929 0.193452 0.00177479
55 0.739955 0.80754 0.214286 0.357143 0.00176811
37 0.387207 0.500992 0.31822 0.974206 0.00176811
54 0.762835 0.792659 0.287946 0.400794 0.00174141
44 0.752232 0.571429 0.0178572 0.242063 0.00173378
0 0.84375 0.5625 0.116071 0.549603 0.0017271
0 0.200614 0.5 0.388951 0.962302 0.00169373
25 0.513951 0.252728 0.460938 0.505456 0.00168705
0 0.75 0.457837 0.315848 0.667659 0.0016489
40 0.762277 0.386905 0.198661 0.188492 0.00162888
45 0.202427 0.3125 0.370815 0.611111 0.00146675
54 0.395089 0.77629 0.0792411 0.199405 0.00145531
56 0.539063 0.515749 0.683036 0.956597 0.00138283
76 0.657366 0.771329 0.149554 0.419643 0.00136662
17 0.285226 0.497892 0.514369 0.988343 0.00135612
67 0.777902 0.400918 0.169643 0.192212 0.00132465
56 0.202009 0.313988 0.366071 0.615079 0.00130939
39 0.395368 0.77877 0.0797991 0.202381 0.00129414
65 0.395089 0.77629 0.0792411 0.199405 0.00124931
44 0.738839 0.507068 0.0546875 0.297371 0.00123501
47 0.394531 0.769841 0.078125 0.186508 0.00122547
75 0.199777 0.308532 0.364955 0.605159 0.0011692
64 0.200195 0.3125 0.36356 0.613095 0.0011692
73 0.65625 0.772817 0.147321 0.424603 0.00115108
79 0.779576 0.485615 0.199777 0.383929 0.00113773
40 0.397321 0.790675 0.0831473 0.22619 0.00113773
76 0.777902 0.400918 0.169643 0.192212 0.00112915
39 0.756696 0.796627 0.301339 0.394841 0.00103188
70 0.202427 0.3125 0.370815 0.611111 0.00102425
0 0.626674 0.52629 0.580357 0.939484 0.86084
27 0.657366 0.771329 0.149554 0.419643 0.72168
55 0.764509 0.795139 0.285714 0.397817 0.668945
61 0.196429 0.497148 0.368862 0.975942 0.139893
61 0.201032 0.314732 0.364676 0.616567 0.0750122
0 0.275391 0.49814 0.53404 0.995784 0.0680542
27 0.657366 0.660714 0.149554 0.208333 0.0503235
41 0.200614 0.3125 0.366629 0.618056 0.0370483
60 0.762277 0.880456 0.46875 0.225198 0.0195618
51 0.393136 0.774306 0.0764509 0.193452 0.0118256
60 0.795759 0.923611 0.408482 0.152778 0.00948334
41 0.777344 0.625992 0.0591518 0.0912699 0.00930023
71 0.201032 0.314732 0.364676 0.616567 0.00775528
25 0.284528 0.49752 0.519113 0.99504 0.00595856
51 0.393415 0.831349 0.077567 0.30754 0.00518036
25 0.494141 0.485615 0.786272 0.953373 0.00518036
60 0.728237 0.815476 0.533482 0.355159 0.00488663
13 0.948661 0.922619 0.102679 0.0714285 0.00471878
44 0.391741 0.65873 0.0725447 0.355159 0.00403976
44 0.393973 0.761905 0.077009 0.168651 0.00402451
79 0.777902 0.40129 0.169643 0.190476 0.00387001
61 0.275391 0.49814 0.53404 0.995784 0.00372124
56 0.776228 0.627976 0.0625 0.0912698 0.0036068
67 0.829799 0.319444 0.0256696 0.0664683 0.00333786
37 0.319754 0.496528 0.452009 0.979167 0.00321007
40 0.776228 0.47123 0.1875 0.359127 0.00300407
26 0.657366 0.771329 0.149554 0.419643 0.00256157
44 0.777902 0.40129 0.169643 0.190476 0.00235939
15 0.655134 0.772817 0.147321 0.422619 0.00208282
27 0.65625 0.644841 0.145089 0.142857 0.00203514
44 0.752232 0.570437 0.0178572 0.242063 0.00201035
25 0.532087 0.37748 0.662388 0.752976 0.00195694
0 0.84375 0.563368 0.116071 0.549851 0.00188255
0 0.748326 0.458829 0.319196 0.677579 0.00186729
49 0.393136 0.774306 0.0764509 0.193452 0.00184631
42 0.777902 0.40129 0.169643 0.190476 0.0018034
55 0.740513 0.806548 0.21317 0.35119 0.0018034
54 0.764509 0.795139 0.285714 0.397817 0.00171375
0 0.200056 0.500868 0.386719 0.960566 0.00165462
40 0.780134 0.39881 0.174107 0.194444 0.00163555
54 0.395089 0.775794 0.0792411 0.198413 0.00163555
76 0.657366 0.771329 0.149554 0.419643 0.00162888
27 0.680246 0.589286 0.264509 0.404762 0.00153637
37 0.398368 0.500992 0.291434 0.970238 0.00150681
44 0.738839 0.507068 0.0546875 0.297371 0.00149536
67 0.777902 0.40129 0.169643 0.190476 0.00143242
39 0.395368 0.77877 0.0797991 0.202381 0.00143242
65 0.395089 0.775794 0.0792411 0.198413 0.0014267
25 0.516741 0.249008 0.457589 0.498016 0.00141048
45 0.202288 0.3125 0.370536 0.611111 0.00139904
56 0.542411 0.516741 0.670759 0.954613 0.00136662
56 0.202009 0.314236 0.366071 0.615575 0.00133514
55 0.747768 0.760913 0.208705 0.244048 0.00127888
40 0.397321 0.788691 0.0831473 0.224206 0.00127411
79 0.779576 0.485119 0.199777 0.382937 0.00124931
17 0.285784 0.497148 0.513253 0.987847 0.00121593
73 0.65625 0.772817 0.147321 0.424603 0.00121593
47 0.394531 0.769841 0.078125 0.184524 0.00119686
76 0.777902 0.40129 0.169643 0.190476 0.00118351
65 0.392857 0.735615 0.0736607 0.119048 0.00116539
41 0.395368 0.77877 0.0797991 0.202381 0.00113392
64 0.200056 0.3125 0.363839 0.613095 0.00108147
79 0.393973 0.761905 0.077009 0.168651 0.00107765
65 0.657366 0.773314 0.15067 0.425595 0.00106525
39 0.757255 0.798611 0.299107 0.390873 0.00104046
42 0.368025 0.828373 0.0223214 0.321429 0.00101662
70 0.200614 0.3125 0.366629 0.618056 0.00101662
0 0.627093 0.52629 0.578404 0.939484 0.867188
27 0.656808 0.770833 0.148438 0.418651 0.741699
55 0.765625 0.801587 0.28125 0.384921 0.732422
61 0.196568 0.497024 0.368583 0.974206 0.144653
61 0.200893 0.31498 0.364955 0.616071 0.0786133
0 0.275391 0.497148 0.53404 0.9938 0.0638428
27 0.657366 0.659722 0.149554 0.206349 0.0600891
41 0.200474 0.312996 0.36635 0.618056 0.0389099
60 0.764369 0.883929 0.464565 0.218254 0.0212097
51 0.393415 0.77381 0.0770089 0.19246 0.0143356
41 0.777344 0.625992 0.0591518 0.0912699 0.0104523
60 0.796317 0.923611 0.407366 0.152778 0.0104523
71 0.200893 0.31498 0.364955 0.616071 0.00754929
51 0.393415 0.829365 0.077567 0.305556 0.00598145
25 0.275391 0.497148 0.53404 0.9938 0.00538635
60 0.729771 0.816468 0.529297 0.353175 0.0053215
13 0.948661 0.922619 0.102679 0.0714285 0.00510025
25 0.497768 0.486111 0.770089 0.952381 0.00460815
79 0.777902 0.40129 0.169643 0.191468 0.00432968
56 0.77567 0.62748 0.0625 0.0922619 0.00426483
44 0.391741 0.657738 0.0725447 0.357143 0.00402451
44 0.393973 0.761905 0.077009 0.168651 0.00392914
67 0.829799 0.319444 0.0256696 0.0664683 0.00365067
61 0.275391 0.497148 0.53404 0.9938 0.00351143
40 0.776786 0.469742 0.185268 0.356151 0.00307465
37 0.285714 0.497024 0.512835 0.986111 0.00304031
26 0.656808 0.770833 0.148438 0.418651 0.00276756
44 0.777902 0.40129 0.169643 0.191468 0.00252151
27 0.656808 0.644841 0.146205 0.142857 0.00219154
49 0.393415 0.77381 0.0770089 0.19246 0.00214958
15 0.655692 0.772817 0.147321 0.422619 0.00206757
54 0.395089 0.775794 0.0797991 0.198413 0.00205803
44 0.752232 0.570437 0.0178572 0.240079 0.00194931
0 0.844308 0.563492 0.116071 0.547619 0.00194168
0 0.748884 0.459325 0.319196 0.681548 0.00188923
25 0.531808 0.3781 0.65067 0.75372 0.00187492
55 0.741071 0.806548 0.212054 0.347222 0.00186729
42 0.777902 0.40129 0.169643 0.191468 0.00183105
54 0.765625 0.801587 0.28125 0.384921 0.0018177
40 0.78125 0.398934 0.171875 0.194196 0.00175476
44 0.738839 0.507068 0.0546875 0.297371 0.00172043
76 0.656808 0.770833 0.148438 0.418651 0.00168705
67 0.777902 0.40129 0.169643 0.191468 0.00161648
0 0.200614 0.500868 0.387835 0.960566 0.00157356
39 0.395368 0.77877 0.0797991 0.202381 0.00154877
55 0.748884 0.761905 0.205357 0.240079 0.00153637
45 0.202288 0.312748 0.371094 0.610615 0.00151253
25 0.515625 0.249256 0.454241 0.498512 0.00148392
27 0.680804 0.587798 0.263393 0.401786 0.00145531
65 0.395089 0.775794 0.0797991 0.198413 0.00141048
79 0.779576 0.485119 0.198661 0.382937 0.00138855
37 0.406808 0.500496 0.273996 0.967262 0.00136662
56 0.202009 0.314236 0.366071 0.615575 0.00134087
41 0.395368 0.77877 0.0797991 0.202381 0.00129414
40 0.397321 0.786706 0.0825893 0.218254 0.00129414
47 0.394531 0.769841 0.078125 0.185516 0.00127888
56 0.545759 0.517857 0.660714 0.952381 0.00127888
65 0.657366 0.772817 0.149554 0.424603 0.00127411
17 0.285714 0.497024 0.512835 0.986111 0.00124931
76 0.777902 0.40129 0.169643 0.191468 0.00124454
73 0.65625 0.772817 0.147321 0.424603 0.00122547
64 0.199777 0.3125 0.363839 0.613095 0.00113773
65 0.392857 0.735119 0.0736607 0.119048 0.00112915
77 0.656808 0.770833 0.148438 0.418651 0.00112438
42 0.368304 0.828373 0.0223214 0.321429 0.00112057
39 0.759487 0.803075 0.294643 0.381944 0.00109005
49 0.393415 0.829365 0.077567 0.305556 0.00108624
25 0.449219 0.0854415 0.200893 0.170883 0.00106907
79 0.393973 0.761905 0.077009 0.168651 0.00102425
67 0.777902 0.439484 0.155134 0.202381 0.00100803
0 0.627232 0.526662 0.578125 0.93874 0.868652
55 0.766741 0.806052 0.279018 0.375992 0.779785
27 0.656808 0.771329 0.148438 0.417659 0.767578
61 0.196429 0.496528 0.368304 0.973214 0.156616
61 0.200753 0.31498 0.364118 0.616071 0.0853882
27 0.657366 0.65873 0.149554 0.204365 0.0678101
0 0.2756 0.497148 0.533622 0.9938 0.0560303
41 0.200474 0.312996 0.36635 0.618056 0.0334778
60 0.763951 0.886905 0.465402 0.212302 0.0222473
51 0.393415 0.77381 0.0770089 0.19246 0.0148392
41 0.777344 0.625992 0.0591518 0.0912699 0.012825
60 0.796317 0.924355 0.407366 0.15129 0.0112
71 0.200753 0.31498 0.364118 0.616071 0.00775528
51 0.393415 0.829365 0.078125 0.305556 0.00624084
60 0.729771 0.816964 0.529297 0.352183 0.00564194
13 0.948661 0.922619 0.102679 0.0714285 0.00524139
67 0.829799 0.319444 0.0256696 0.0664683 0.00511932
56 0.77567 0.62748 0.0625 0.0922619 0.00510025
79 0.777902 0.400918 0.167411 0.192212 0.00450516
55 0.725446 0.78373 0.361607 0.410714 0.00416565
44 0.393973 0.761905 0.077009 0.168651 0.0039444
44 0.391741 0.65873 0.0725447 0.349206 0.00392914
25 0.2756 0.497148 0.533622 0.9938 0.00383949
25 0.50558 0.484127 0.742188 0.948413 0.00351143
40 0.776786 0.470362 0.184152 0.356895 0.00341606
61 0.2756 0.497148 0.533622 0.9938 0.00319672
37 0.286272 0.496528 0.511719 0.985119 0.00286674
26 0.656808 0.771329 0.148438 0.417659 0.0026722
44 0.777902 0.400918 0.167411 0.192212 0.00257111
27 0.656808 0.644345 0.146205 0.141865 0.00243378
54 0.395089 0.775298 0.0792411 0.197421 0.002388
49 0.393415 0.77381 0.0770089 0.19246 0.00222588
15 0.655692 0.772322 0.147321 0.421627 0.00213242
0 0.747768 0.459201 0.319196 0.684772 0.00205803
44 0.752232 0.569444 0.0178572 0.240079 0.0020504
55 0.749442 0.762897 0.204241 0.236111 0.00200272
40 0.78125 0.39881 0.169643 0.194444 0.00198746
0 0.84375 0.563492 0.116071 0.545635 0.00193405
55 0.741071 0.803571 0.212054 0.335317 0.00192642
42 0.777902 0.400918 0.167411 0.192212 0.00191212
67 0.777902 0.400918 0.167411 0.192212 0.00191212
44 0.738839 0.507068 0.0558036 0.297371 0.00185299
39 0.395089 0.77877 0.0792411 0.202381 0.0017271
54 0.766741 0.806052 0.279018 0.375992 0.0017271
25 0.535435 0.358631 0.664621 0.697421 0.00171375
76 0.656808 0.771329 0.148438 0.417659 0.00162315
65 0.395089 0.775298 0.0792411 0.197421 0.00159168
65 0.657366 0.772817 0.149554 0.422619 0.00159168
41 0.395089 0.77877 0.0792411 0.202381 0.00150108
0 0.199777 0.500868 0.386161 0.958581 0.0014782
40 0.396763 0.785218 0.0825893 0.215278 0.00146103
27 0.68178 0.585814 0.26144 0.397817 0.00143242
79 0.779576 0.484995 0.197545 0.383185 0.00137806
25 0.515904 0.243552 0.450335 0.487103 0.00136662
45 0.202009 0.312748 0.370536 0.610615 0.00132465
41 0.728237 0.680556 0.0133928 0.0218254 0.00131512
56 0.201869 0.314236 0.365792 0.615575 0.00130463
47 0.394531 0.769345 0.078125 0.184524 0.00126934
65 0.392857 0.735119 0.0736607 0.119048 0.00126457
76 0.777902 0.400918 0.167411 0.192212 0.00124454
37 0.416574 0.501488 0.254464 0.963294 0.00124454
73 0.656808 0.772322 0.146205 0.423611 0.00124454
67 0.777902 0.437004 0.154018 0.195437 0.0011692
77 0.656808 0.771329 0.148438 0.417659 0.00114727
49 0.393415 0.829365 0.078125 0.305556 0.0011425
42 0.368025 0.828869 0.0217634 0.320437 0.0011425
25 0.449219 0.0845734 0.200893 0.169147 0.0011425
56 0.551897 0.519841 0.641741 0.944444 0.00113392
64 0.199777 0.3125 0.363839 0.613095 0.0011158
17 0.286272 0.496528 0.511719 0.985119 0.00109005
39 0.761161 0.805556 0.292411 0.376984 0.00107288
79 0.393973 0.761905 0.077009 0.168651 0.00104809
43 0.656808 0.771329 0.148438 0.417659 0.00102425
0 0.62779 0.526662 0.578125 0.93874 0.868164
55 0.767299 0.806548 0.279018 0.375 0.785156
27 0.656808 0.771329 0.148438 0.417659 0.774414
61 0.196568 0.496528 0.368025 0.973214 0.150024
61 0.200753 0.31498 0.364118 0.616071 0.0806274
27 0.657366 0.65873 0.149554 0.204365 0.0685425
0 0.2756 0.497148 0.533622 0.9938 0.0538025
41 0.200335 0.312996 0.366071 0.618056 0.0317383
60 0.764509 0.884921 0.464286 0.21627 0.0216522
51 0.393415 0.77381 0.0770089 0.19246 0.0147324
41 0.777344 0.625992 0.0591518 0.0912699 0.0126724
60 0.796317 0.924603 0.407366 0.150794 0.0109024
71 0.200753 0.31498 0.364118 0.616071 0.00760651
51 0.393415 0.829365 0.078125 0.305556 0.00619125
60 0.730469 0.816964 0.527902 0.352183 0.00544739
13 0.948661 0.922619 0.102679 0.0714285 0.00524139
56 0.77567 0.62748 0.0625 0.0922619 0.00510025
67 0.829799 0.319444 0.0256696 0.0664683 0.00496292
79 0.77846 0.400918 0.168527 0.192212 0.00446701
25 0.2756 0.497148 0.533622 0.9938 0.0041008
44 0.391741 0.659226 0.0725447 0.348214 0.00392914
44 0.393973 0.761905 0.077009 0.167659 0.00391388
55 0.72433 0.78373 0.363839 0.410714 0.00391388
25 0.505022 0.484003 0.743304 0.946677 0.00342941
40 0.776786 0.469742 0.184152 0.356151 0.00340271
61 0.2756 0.497148 0.533622 0.9938 0.00302696
37 0.286551 0.496528 0.511719 0.985119 0.00291252
26 0.656808 0.771329 0.148438 0.417659 0.00261116
44 0.77846 0.400918 0.168527 0.192212 0.00252151
54 0.395089 0.775298 0.0792411 0.197421 0.00245285
27 0.656808 0.644345 0.146205 0.141865 0.00240517
49 0.393415 0.77381 0.0770089 0.19246 0.00231361
15 0.655692 0.772817 0.147321 0.422619 0.00215721
0 0.748326 0.458829 0.31808 0.685516 0.00209045
44 0.752232 0.569444 0.0178572 0.240079 0.00205803
55 0.749442 0.762897 0.204241 0.234127 0.0020504
40 0.78125 0.39881 0.170759 0.194444 0.00197983
0 0.84375 0.563492 0.116071 0.545635 0.00194931
67 0.77846 0.400918 0.168527 0.192212 0.00191212
55 0.74163 0.803075 0.210938 0.334325 0.00189686
42 0.77846 0.400918 0.168527 0.192212 0.00188923
44 0.738839 0.507441 0.0558036 0.296627 0.00182438
39 0.395368 0.77877 0.0797991 0.202381 0.00179577
54 0.767299 0.806548 0.279018 0.375 0.00169373
65 0.657366 0.772817 0.149554 0.422619 0.00164223
65 0.395089 0.775298 0.0792411 0.197421 0.00161648
25 0.535714 0.358135 0.664063 0.694444 0.00161648
76 0.656808 0.771329 0.148438 0.417659 0.00159168
41 0.395368 0.77877 0.0797991 0.202381 0.00156116
40 0.396763 0.784722 0.0825893 0.214286 0.00152493
0 0.199637 0.500868 0.385882 0.958581 0.00149536
27 0.68192 0.58631 0.261161 0.39881 0.00145531
79 0.779576 0.485119 0.197545 0.382937 0.00138283
47 0.394531 0.769841 0.078125 0.184524 0.00134087
25 0.516183 0.243304 0.449777 0.486607 0.00131989
41 0.728237 0.680556 0.0133928 0.0218254 0.00130463
56 0.20173 0.314484 0.365513 0.615079 0.00129414
65 0.392857 0.735119 0.0736607 0.118056 0.00126934
45 0.202009 0.312748 0.370536 0.610615 0.0012598
73 0.657366 0.772817 0.147321 0.422619 0.00124454
76 0.77846 0.400918 0.168527 0.192212 0.00122547
37 0.416295 0.501488 0.254464 0.963294 0.00119686
67 0.777902 0.437004 0.154018 0.193452 0.00117874
49 0.393415 0.829365 0.078125 0.305556 0.00117874
42 0.368025 0.828869 0.0217634 0.320437 0.00116062
56 0.55106 0.519841 0.643415 0.946429 0.00115585
77 0.656808 0.771329 0.148438 0.417659 0.00112915
17 0.286551 0.496528 0.511719 0.985119 0.00110722
64 0.199777 0.3125 0.363839 0.613095 0.00109863
39 0.761161 0.806052 0.291295 0.375992 0.00106525
79 0.393973 0.761905 0.077009 0.167659 0.00105667
25 0.449219 0.0849454 0.201451 0.169891 0.00103188
43 0.656808 0.771329 0.148438 0.417659 0.00100422
