4 0.680629 0.319401 0.133675 0.132492 0.880859
4 0.630501 0.322555 0.0323048 0.0394322 0.0026722
0 0.672831 0.370662 0.0100256 0.0378549 0.00248146
4 0.678958 0.345426 0.131447 0.0851735 0.00179577
4 0.666704 0.330442 0.108054 0.0646688 0.0012846
0 0.671717 0.362776 0.0222792 0.0504732 0.00101185
4 0.680629 0.318415 0.133675 0.132886 0.855957
4 0.630501 0.321767 0.0311909 0.0394322 0.00313568
0 0.672831 0.371451 0.0100256 0.0362776 0.00259018
4 0.675059 0.345426 0.122535 0.0851735 0.00201035
4 0.685085 0.33123 0.144815 0.066246 0.00155449
7 0.656679 0.358833 0.0568119 0.0567823 0.00146675
4 0.66392 0.32985 0.102484 0.0626972 0.00141621
14 0.440849 0.403785 0.00946865 0.0315457 0.00129414
0 0.671717 0.362776 0.0233931 0.0504732 0.00116539
4 0.656679 0.358833 0.0568119 0.0567823 0.0011034
7 0.675059 0.345426 0.122535 0.0851735 0.00104046
4 0.7302 0.291009 0.0300769 0.0741325 0.00101662
4 0.680629 0.318612 0.133675 0.134069 0.839844
4 0.630501 0.321767 0.0311909 0.0394322 0.00344276
0 0.672831 0.371451 0.0100256 0.0362776 0.00276756
4 0.673388 0.345426 0.119194 0.0851735 0.00222588
7 0.657236 0.359621 0.0556979 0.0536278 0.00197983
4 0.685085 0.329456 0.144815 0.0634858 0.00185299
4 0.662806 0.328076 0.100256 0.0615142 0.00158501
4 0.690655 0.341483 0.157068 0.0930599 0.00157356
14 0.440849 0.403785 0.00891166 0.0315457 0.00156116
7 0.673388 0.345426 0.119194 0.0851735 0.00143814
0 0.672274 0.362776 0.0222792 0.0504732 0.00134087
4 0.657236 0.359621 0.0556979 0.0536278 0.00124931
4 0.7302 0.290221 0.0300769 0.0741325 0.0011158
4 0.680629 0.318612 0.133675 0.134069 0.811523
4 0.630501 0.321767 0.0311909 0.0394322 0.00382423
0 0.672831 0.371451 0.0100256 0.0362776 0.00353813
7 0.657793 0.361199 0.0523561 0.0520505 0.0028553
4 0.672831 0.345426 0.11808 0.0851735 0.00252151
4 0.685085 0.32985 0.144815 0.0626972 0.00226021
7 0.672831 0.345426 0.11808 0.0851735 0.0020752
0 0.672831 0.363565 0.0200513 0.0488959 0.00193405
14 0.440849 0.403785 0.00891166 0.0315457 0.00188923
4 0.662806 0.328273 0.100256 0.0595426 0.00183868
4 0.691212 0.342074 0.158182 0.091877 0.0018034
4 0.657793 0.361199 0.0523561 0.0520505 0.00146675
7 0.672831 0.363565 0.0200513 0.0488959 0.00144958
4 0.730757 0.290221 0.0289629 0.0725552 0.00136662
7 0.630501 0.321767 0.0311909 0.0394322 0.00102806
4 0.680629 0.318415 0.133675 0.132886 0.785156
4 0.630501 0.321767 0.0311909 0.0394322 0.00418091
7 0.65835 0.361199 0.0501281 0.0504732 0.00331116
0 0.672831 0.37224 0.0100256 0.0347003 0.00307465
4 0.672831 0.345426 0.115852 0.0835962 0.00248146
4 0.685085 0.328076 0.144815 0.0599369 0.00245285
7 0.672831 0.345426 0.115852 0.0835962 0.00228691
4 0.691769 0.341483 0.158182 0.0914826 0.00214958
4 0.66392 0.326498 0.102484 0.0567823 0.00198746
14 0.440849 0.403785 0.00891166 0.0315457 0.00186062
7 0.673388 0.363565 0.0189373 0.0473186 0.00183868
4 0.7302 0.289826 0.0289629 0.0717666 0.0017004
0 0.673388 0.363565 0.0189373 0.0473186 0.00165462
4 0.65835 0.361199 0.0501281 0.0504732 0.00161076
7 0.630501 0.321767 0.0311909 0.0394322 0.00108147
0 0.676173 0.365142 0.0155954 0.044164 0.00100803
4 0.680072 0.317823 0.133675 0.132492 0.792969
4 0.630501 0.321767 0.0311909 0.0378549 0.00434875
0 0.672831 0.37224 0.0111396 0.0347003 0.00413513
7 0.659464 0.361987 0.0490142 0.0488959 0.00385475
7 0.670046 0.345426 0.111396 0.0820189 0.00246239
0 0.673945 0.364353 0.0178234 0.0457413 0.00245285
4 0.670046 0.345426 0.111396 0.0820189 0.00227928
4 0.7302 0.289432 0.0289629 0.0709779 0.00225258
4 0.685085 0.328273 0.144815 0.0595426 0.00218201
7 0.673945 0.364353 0.0178234 0.0457413 0.00217438
4 0.691769 0.341483 0.158182 0.0899054 0.00195694
14 0.440849 0.402997 0.00891166 0.0299684 0.00186729
4 0.663363 0.32571 0.10137 0.0552051 0.0018034
0 0.67673 0.365931 0.0144814 0.0410094 0.00167465
4 0.659464 0.361987 0.0490142 0.0488959 0.00154877
7 0.630501 0.321767 0.0311909 0.0378549 0.0012598
14 0.680629 0.315655 0.133675 0.132098 0.00105667
4 0.680629 0.317823 0.133675 0.130915 0.796875
0 0.672831 0.37224 0.0111396 0.0347003 0.00503922
4 0.630501 0.321767 0.0311909 0.0378549 0.00438309
7 0.659464 0.362776 0.0467863 0.0473186 0.00378036
0 0.674502 0.364353 0.0167094 0.044164 0.00313568
4 0.730757 0.289432 0.0289629 0.0709779 0.00246239
0 0.67673 0.366719 0.0144814 0.0394322 0.00237846
7 0.668375 0.345426 0.109168 0.0820189 0.00236893
7 0.674502 0.364353 0.0167094 0.044164 0.00226974
4 0.668375 0.345426 0.109168 0.0820189 0.00213242
4 0.684528 0.327287 0.143701 0.0567823 0.00197983
4 0.691769 0.340694 0.158182 0.0899054 0.00188923
4 0.663363 0.324921 0.100256 0.0536278 0.00168133
14 0.440849 0.402997 0.00891166 0.0299684 0.0016489
4 0.659464 0.362776 0.0467863 0.0473186 0.00146675
7 0.630501 0.321767 0.0311909 0.0378549 0.00129986
14 0.680629 0.315457 0.133675 0.130915 0.00123501
0 0.120447 0 0.126156 0 0.0012064
2 0.67673 0.366719 0.0144814 0.0394322 0.00119686
2 0.674502 0.364353 0.0167094 0.044164 0.00112438
0 0.730757 0.289432 0.0289629 0.0709779 0.00104046
2 0.659464 0.362776 0.0467863 0.0473186 0.00104046
2 0.631058 0.321767 0.0323048 0.0410095 0.00100422
4 0.680629 0.317823 0.133675 0.130915 0.810547
4 0.630501 0.321767 0.0311909 0.0394322 0.00519943
0 0.672831 0.37224 0.0100256 0.0347003 0.00508118
7 0.659464 0.362776 0.0467863 0.0473186 0.00419998
0 0.673945 0.364353 0.0178234 0.044164 0.00344276
4 0.7302 0.289432 0.0289629 0.0709779 0.00279999
0 0.67673 0.367508 0.0144814 0.0378549 0.00273705
7 0.673945 0.364353 0.0178234 0.044164 0.00252151
7 0.665034 0.347003 0.100256 0.0788643 0.00219154
4 0.665034 0.347003 0.100256 0.0788643 0.00214005
4 0.683971 0.326696 0.142587 0.056388 0.00205803
4 0.691769 0.340497 0.155954 0.0887224 0.00205803
4 0.662249 0.324132 0.0980284 0.0520505 0.00179577
4 0.659464 0.362776 0.0467863 0.0473186 0.0016489
14 0.440849 0.402997 0.00891166 0.0299684 0.00150108
2 0.67673 0.367508 0.0144814 0.0378549 0.00146103
7 0.630501 0.321767 0.0311909 0.0394322 0.00139904
14 0.680629 0.315457 0.133675 0.129338 0.0012846
7 0.65835 0.361987 0.0378746 0.0394322 0.0012207
2 0.673945 0.364353 0.0178234 0.044164 0.0012064
2 0.659464 0.362776 0.0467863 0.0473186 0.0011158
7 0.67673 0.367508 0.0144814 0.0378549 0.00109863
2 0.631058 0.321767 0.0323048 0.0410095 0.00109482
2 0.672831 0.37224 0.0100256 0.0347003 0.00104427
4 0.680072 0.318612 0.132561 0.129338 0.825684
4 0.630501 0.321767 0.0311909 0.0410095 0.00542831
0 0.672831 0.371451 0.0100256 0.0362776 0.00441742
7 0.659464 0.362776 0.0445583 0.0473186 0.0037365
0 0.673945 0.364353 0.0178234 0.044164 0.00319672
4 0.7302 0.289432 0.0289629 0.0709779 0.00268364
0 0.67673 0.367508 0.0144814 0.0378549 0.00263214
7 0.673945 0.364353 0.0178234 0.044164 0.0024929
4 0.691769 0.340694 0.155954 0.0883281 0.00198746
7 0.663363 0.347003 0.0958005 0.0788643 0.00188923
4 0.663363 0.347003 0.0958005 0.0788643 0.00183105
4 0.683971 0.326696 0.141473 0.056388 0.00182438
4 0.661135 0.324132 0.0958005 0.0520505 0.00158501
4 0.659464 0.362776 0.0445583 0.0473186 0.00150681
2 0.67673 0.367508 0.0144814 0.0378549 0.00150108
7 0.630501 0.321767 0.0311909 0.0410095 0.00137234
14 0.440849 0.402997 0.00891166 0.0299684 0.00134563
14 0.681186 0.315457 0.133675 0.129338 0.0012207
2 0.673945 0.364353 0.0178234 0.044164 0.00118828
7 0.657236 0.361987 0.0356467 0.0394322 0.00113773
7 0.67673 0.367508 0.0144814 0.0378549 0.00109482
2 0.631058 0.321767 0.0323048 0.0410095 0.00105667
2 0.659464 0.362776 0.0445583 0.0473186 0.00104046
2 0.672831 0.371451 0.0100256 0.0362776 0.00103664
4 0.680072 0.318612 0.132561 0.130915 0.84375
4 0.630501 0.321767 0.0311909 0.0410095 0.00503922
0 0.672831 0.371451 0.0111396 0.0362776 0.00376511
7 0.659464 0.362776 0.0445583 0.0473186 0.00335121
0 0.673945 0.364353 0.0178234 0.044164 0.00276756
4 0.7302 0.289826 0.0289629 0.0717666 0.00261116
0 0.67673 0.367508 0.0144814 0.0378549 0.0024147
7 0.673945 0.364353 0.0178234 0.044164 0.00237846
4 0.692326 0.340497 0.155954 0.0887224 0.00185299
4 0.683414 0.327287 0.140359 0.0567823 0.00165462
4 0.661692 0.347003 0.0935726 0.0788643 0.00164223
7 0.661692 0.347003 0.0935726 0.0788643 0.00163555
2 0.67673 0.367508 0.0144814 0.0378549 0.00144386
4 0.659464 0.324132 0.0935725 0.0520505 0.0014267
4 0.659464 0.362776 0.0445583 0.0473186 0.00141621
7 0.630501 0.321767 0.0311909 0.0410095 0.00123501
14 0.440849 0.402997 0.00891166 0.0299684 0.00121593
2 0.673945 0.364353 0.0178234 0.044164 0.0011425
14 0.681186 0.315457 0.133675 0.130915 0.0011425
7 0.657793 0.361987 0.0367606 0.0394322 0.00104046
7 0.67673 0.367508 0.0144814 0.0378549 0.00103188
2 0.672831 0.371451 0.0111396 0.0362776 0.00103188
4 0.680072 0.318415 0.132561 0.129732 0.870605
0 0.672831 0.371451 0.0100256 0.0362776 0.00519943
0 0.673945 0.365931 0.0167094 0.044164 0.00385475
0 0.677287 0.368297 0.0133675 0.0362776 0.00363541
4 0.630501 0.321767 0.0323048 0.0410095 0.00344276
7 0.660021 0.362776 0.0423305 0.0473186 0.00284576
7 0.673945 0.365931 0.0167094 0.044164 0.00235939
4 0.730757 0.289432 0.0289629 0.0694006 0.00222588
2 0.677287 0.368297 0.0133675 0.0362776 0.00156116
2 0.859976 0.220032 0.00891171 0.0299685 0.00152493
0 0.119472 0 0.129219 0 0.00150108
7 0.660021 0.347003 0.0902307 0.0820189 0.00142097
2 0.673945 0.365931 0.0167094 0.044164 0.00137806
4 0.660021 0.347003 0.0902307 0.0820189 0.00137234
2 0.672831 0.371451 0.0100256 0.0362776 0.00132465
4 0.6823 0.327287 0.139245 0.0567823 0.00113392
0 0.730757 0.289432 0.0289629 0.0694006 0.00109482
2 0.660021 0.362776 0.0423305 0.0473186 0.00106907
7 0.630501 0.321767 0.0323048 0.0410095 0.00103188
60 0.186031 1 0.372062 0 0.00102425
7 0.672831 0.371451 0.0100256 0.0362776 0.00102043
4 0.680072 0.318612 0.132561 0.130915 0.882324
0 0.672831 0.370662 0.0100256 0.0378549 0.00559998
0 0.673945 0.366719 0.0155954 0.0425867 0.00453949
0 0.677287 0.369085 0.0133675 0.0347003 0.00450516
60 0.192715 1 0.38543 0 0.00349617
7 0.660021 0.362776 0.0412165 0.0473186 0.00250244
4 0.630501 0.321767 0.0323048 0.0410095 0.00246239
0 0.119681 0 0.130194 0 0.00242424
7 0.673945 0.366719 0.0155954 0.0425867 0.00231361
56 0.382366 0 0.265122 0 0.00182438
4 0.730757 0.289432 0.026735 0.0694006 0.00176144
2 0.677287 0.369085 0.0133675 0.0347003 0.00153637
2 0.673945 0.366719 0.0155954 0.0425867 0.00151253
56 0.241416 0 0.260179 0 0.00143814
2 0.672831 0.370662 0.0100256 0.0378549 0.00142097
2 0.859976 0.220032 0.00891171 0.0291798 0.00138283
56 0.453938 0 0.274034 0 0.00137806
60 0.81163 1 0.37674 0 0.00137234
56 0.85385 0 0.258438 0 0.00135612
56 0.315738 0 0.273059 0 0.00131512
7 0.65835 0.347003 0.0868888 0.0820189 0.00129414
56 0.785341 0 0.280718 0 0.00123501
56 0.56422 0 0.275148 0 0.00122547
0 0.730757 0.289432 0.026735 0.0694006 0.0012207
56 0.710149 0 0.274034 0 0.0012064
4 0.65835 0.347003 0.0868888 0.0820189 0.00116539
0 0.208867 0 0.132561 0 0.00114727
2 0.660021 0.362776 0.0412165 0.0473186 0.00112438
56 0.637742 0 0.275148 0 0.00109482
7 0.672831 0.370662 0.0100256 0.0378549 0.00108624
0 0.154005 0 0.133397 0 0.00108147
4 0.680072 0.319401 0.132561 0.130915 0.88623
0 0.672831 0.370662 0.0100256 0.0378549 0.00540543
60 0.197171 1 0.394341 0 0.00536346
0 0.677287 0.369085 0.0144815 0.0347003 0.00473785
0 0.673945 0.367508 0.0155954 0.044164 0.00445175
56 0.382018 0 0.26192 0 0.00342941
60 0.807174 1 0.385652 0 0.00314713
56 0.85552 0 0.256211 0 0.00307465
56 0.242286 0 0.255654 0 0.00275803
60 0.264287 1 0.481787 0 0.00271416
56 0.709035 0 0.26735 0 0.00243378
56 0.315738 0 0.269717 0 0.0024147
56 0.784227 0 0.271806 0 0.0024147
56 0.452824 0 0.270692 0 0.00240517
0 0.119681 0 0.132143 0 0.00235939
56 0.56422 0 0.268464 0 0.00228691
7 0.673945 0.367508 0.0155954 0.044164 0.00222588
7 0.660578 0.363565 0.0401025 0.0488959 0.00212479
56 0.637185 0 0.268464 0 0.00201988
56 0.173812 0 0.246115 0 0.00191879
60 0.110212 1 0.220425 0 0.00179577
4 0.630501 0.321767 0.0323048 0.0410095 0.00176144
2 0.673945 0.367508 0.0155954 0.044164 0.00158501
56 0.898797 0 0.202405 0 0.00156116
56 0.112301 0 0.220425 0 0.00153637
2 0.677287 0.369085 0.0144815 0.0347003 0.00145531
4 0.730757 0.289038 0.026735 0.068612 0.00144386
2 0.672831 0.370662 0.0100256 0.0378549 0.0014267
0 0.208867 0 0.134232 0 0.00138855
2 0.859976 0.220032 0.00891171 0.0291798 0.00124454
0 0.916621 0 0.166759 0 0.0012064
7 0.65835 0.347003 0.0868888 0.0820189 0.00118351
0 0.730757 0.289038 0.026735 0.068612 0.00116539
0 0.807174 1 0.385652 0 0.00113773
2 0.660578 0.363565 0.0401025 0.0488959 0.00112438
7 0.672831 0.370662 0.0100256 0.0378549 0.00108147
2 0.441128 0.399054 0.00946865 0.0315458 0.00106525
0 0.15404 0 0.135833 0 0.00106525
0 0.244514 0 0.133675 0 0.00104427
4 0.65835 0.347003 0.0868888 0.0820189 0.00102806
0 0.197171 1 0.394341 0 0.00102425
59 0.216944 1 0.433887 0 0.00101185
7 0.680072 0.318809 0.133675 0.128943 0.00100803
4 0.680072 0.319401 0.132561 0.130915 0.895508
60 0.234767 1 0.46842 0 0.00651169
0 0.672831 0.370662 0.0100256 0.0378549 0.00477219
0 0.677287 0.369085 0.0144815 0.0362776 0.0046463
60 0.1586 1 0.3172 0 0.00443268
0 0.673945 0.367508 0.0155954 0.0425867 0.00413513
60 0.806339 1 0.387323 0 0.00382423
56 0.382575 0 0.259692 0 0.00356483
56 0.242982 0 0.25259 0 0.00291252
56 0.856634 0 0.253983 0 0.00291252
56 0.709035 0 0.26178 0 0.00269318
56 0.453938 0 0.26735 0 0.00257111
7 0.673945 0.367508 0.0155954 0.0425867 0.00250244
56 0.565334 0 0.265122 0 0.00250244
56 0.316991 0 0.267211 0 0.0024929
56 0.783113 0 0.264008 0 0.0024929
60 0.107845 1 0.21569 0 0.00246239
7 0.660578 0.363565 0.0401025 0.0488959 0.00227928
56 0.637185 0 0.264008 0 0.00222588
56 0.174369 0 0.24333 0 0.00198746
2 0.673945 0.367508 0.0155954 0.0425867 0.00178242
56 0.112649 0 0.217779 0 0.00174809
4 0.630501 0.321767 0.0323048 0.0410095 0.0016489
0 0.78924 1 0.415507 0 0.00161076
2 0.677287 0.369085 0.0144815 0.0362776 0.00156116
56 0.899633 0 0.200734 0 0.00154305
2 0.672831 0.370662 0.0100256 0.0378549 0.00151253
4 0.730757 0.289038 0.026735 0.068612 0.00147247
59 0.216387 1 0.432773 0 0.0012846
7 0.65835 0.347003 0.0868888 0.0820189 0.00127888
2 0.660578 0.363565 0.0401025 0.0488959 0.00127411
0 0.196892 1 0.393784 0 0.00126934
2 0.859976 0.220032 0.00891171 0.0283912 0.00119686
0 0.730757 0.289038 0.026735 0.068612 0.00119686
7 0.672831 0.370662 0.0100256 0.0378549 0.00118828
0 0.119959 0 0.1327 0 0.00116539
4 0.65835 0.347003 0.0868888 0.0820189 0.00110722
2 0.196892 1 0.393784 0 0.0011034
56 0.528574 0 0.276262 0 0.00106525
7 0.680072 0.318612 0.133675 0.12776 0.00106049
0 0.845327 1 0.309345 0 0.00106049
2 0.441128 0.399054 0.00946865 0.0315458 0.00100803
4 0.680072 0.318415 0.132561 0.129732 0.903809
0 0.672831 0.370662 0.0111396 0.0378549 0.00548935
0 0.677287 0.369085 0.0144815 0.0347003 0.00519943
60 0.245349 1 0.490699 0 0.0049057
0 0.673388 0.367508 0.0155954 0.0410095 0.00484848
56 0.857748 0 0.258438 0 0.00415039
56 0.899076 0 0.201848 0 0.00397491
56 0.381531 0 0.26178 0 0.00351143
60 0.16598 1 0.33196 0 0.00293541
56 0.241729 0 0.25454 0 0.00282288
56 0.785341 0 0.274034 0 0.00277901
56 0.707921 0 0.265122 0 0.00273705
56 0.450875 0 0.272363 0 0.00261116
60 0.783503 1 0.432995 0 0.00261116
56 0.563663 0 0.26735 0 0.00259018
56 0.111466 0 0.220982 0 0.00239754
60 0.14384 1 0.28768 0 0.00236893
56 0.316364 0 0.269578 0 0.00234222
0 0.916064 0 0.167873 0 0.00231361
56 0.635514 0 0.266236 0 0.00226021
7 0.673388 0.367508 0.0155954 0.0410095 0.00217438
56 0.172664 0 0.246185 0 0.00206757
7 0.661135 0.363565 0.0389886 0.0488959 0.00191212
59 0.245349 1 0.490699 0 0.00181007
2 0.673388 0.367508 0.0155954 0.0410095 0.00178242
60 0.871505 0.999211 0.256989 0.00157733 0.00172043
0 0.783503 1 0.432995 0 0.00167465
0 0.730757 0.289432 0.0256211 0.0678233 0.00143814
2 0.672831 0.370662 0.0111396 0.0378549 0.00142097
2 0.677287 0.369085 0.0144815 0.0347003 0.00135612
2 0.661135 0.363565 0.0389886 0.0488959 0.00127411
7 0.680072 0.318809 0.133675 0.128943 0.0012598
4 0.630501 0.321767 0.0334188 0.0410095 0.00123024
4 0.730757 0.289432 0.0256211 0.0678233 0.00121593
7 0.658907 0.347003 0.0902307 0.0851735 0.0012064
2 0.441128 0.399054 0.00946865 0.0315458 0.0011692
0 0.119333 0 0.135625 0 0.00115108
60 0.851454 1 0.297092 0 0.00113392
7 0.672831 0.370662 0.0111396 0.0378549 0.00107288
59 0.783503 1 0.432995 0 0.00104809
2 0.859976 0.220032 0.00891171 0.0283912 0.00102806
4 0.680629 0.318415 0.133675 0.129732 0.914062
0 0.672831 0.370662 0.0111396 0.0378549 0.00570679
0 0.677287 0.369085 0.0144815 0.0347003 0.00540543
0 0.673388 0.367508 0.0155954 0.0410095 0.0049057
60 0.244236 1 0.488471 0 0.00380898
56 0.899354 0 0.201291 0 0.00316048
56 0.858862 0 0.260666 0 0.00284576
60 0.165144 1 0.330289 0 0.00255013
56 0.381531 0 0.262894 0 0.00247192
7 0.673388 0.367508 0.0155954 0.0410095 0.00235939
56 0.241694 0 0.254052 0 0.00211525
7 0.661135 0.363565 0.0389886 0.0488959 0.00209045
56 0.707921 0 0.266236 0 0.00205803
60 0.145372 1 0.290743 0 0.00205803
56 0.786455 0 0.276262 0 0.0020504
2 0.673388 0.367508 0.0155954 0.0410095 0.00201988
60 0.870948 0.999211 0.258103 0.00157733 0.00192642
56 0.56422 0 0.268464 0 0.00188923
60 0.78406 1 0.431881 0 0.00188923
56 0.451153 0 0.274034 0 0.00187492
59 0.244236 1 0.488471 0 0.00185299
0 0.730757 0.289432 0.0256211 0.0678233 0.00170708
0 0.78406 1 0.431881 0 0.00168133
56 0.635514 0 0.26735 0 0.00166798
56 0.317548 0 0.271667 0 0.0016613
0 0.915507 0 0.168987 0 0.00162888
56 0.111326 0 0.220703 0 0.00156689
2 0.672831 0.370662 0.0111396 0.0378549 0.00156116
56 0.172524 0 0.246463 0 0.00151253
7 0.680072 0.317823 0.133675 0.12776 0.0014782
2 0.661135 0.363565 0.0389886 0.0488959 0.00146675
2 0.677287 0.369085 0.0144815 0.0347003 0.00145531
2 0.441128 0.399054 0.00946865 0.0299684 0.00131512
7 0.65835 0.347003 0.0913446 0.0851735 0.0012598
4 0.630501 0.321767 0.0334188 0.0410095 0.00125504
4 0.730757 0.289432 0.0256211 0.0678233 0.00118828
7 0.672831 0.370662 0.0111396 0.0378549 0.00118351
2 0.859976 0.220032 0.00891171 0.0291798 0.00109863
33 0.679515 0.317035 0.133675 0.130915 0.00105667
4 0.680629 0.318415 0.133675 0.129732 0.923828
0 0.672831 0.370662 0.0111396 0.0378549 0.00579834
0 0.677287 0.369085 0.0144815 0.0362776 0.00559998
0 0.673388 0.367508 0.0155954 0.0425867 0.00502014
7 0.673388 0.367508 0.0155954 0.0425867 0.00296974
60 0.240058 1 0.480116 0 0.00279045
7 0.661692 0.364353 0.0378746 0.0473186 0.00270462
2 0.673388 0.367508 0.0155954 0.0425867 0.0024929
0 0.730757 0.289432 0.0256211 0.0678233 0.00199509
60 0.163056 1 0.326111 0 0.0019722
56 0.898797 0 0.202405 0 0.00193405
2 0.672831 0.370662 0.0111396 0.0378549 0.00191212
2 0.661692 0.364353 0.0378746 0.0473186 0.00189686
2 0.677287 0.369085 0.0144815 0.0362776 0.00178909
7 0.680072 0.317823 0.133675 0.12776 0.00176144
60 0.87067 1 0.25866 6.75168e-08 0.0017004
56 0.381531 0 0.263451 0 0.00167465
56 0.858305 0 0.26178 0 0.00161648
60 0.144536 1 0.289072 0 0.00154877
7 0.657236 0.347003 0.0891167 0.0851735 0.0014782
56 0.707364 0 0.265122 0 0.0014782
56 0.241172 0 0.255097 0 0.00147247
7 0.672831 0.370662 0.0111396 0.0378549 0.00146675
59 0.240058 1 0.480116 0 0.00146675
4 0.630501 0.321767 0.0334188 0.0410095 0.00146103
2 0.441128 0.399054 0.00946865 0.0299684 0.00139904
56 0.563663 0 0.268464 0 0.00137806
0 0.786844 1 0.426311 0 0.00135136
56 0.786455 0 0.27849 0 0.00133514
56 0.451153 0 0.274034 0 0.00133038
2 0.655565 0.361987 0.0311909 0.0410095 0.00127411
2 0.859976 0.220032 0.00891171 0.0291798 0.00126934
4 0.730757 0.289432 0.0256211 0.0678233 0.00126457
60 0.786844 1 0.426311 0 0.0012598
56 0.634817 0 0.267629 0 0.00123501
33 0.679515 0.316246 0.133675 0.130915 0.00115108
56 0.316991 0 0.271667 0 0.00115108
4 0.657236 0.347003 0.0891167 0.0851735 0.00113392
56 0.17235 0 0.246812 0 0.00100422
4 0.680629 0.318612 0.133675 0.129338 0.928711
0 0.672831 0.370662 0.0111396 0.0378549 0.00588989
0 0.677287 0.369085 0.0144815 0.0347003 0.00564194
0 0.673388 0.367508 0.0155954 0.0425867 0.00502014
7 0.673388 0.367508 0.0155954 0.0425867 0.00327301
7 0.661692 0.364353 0.0378746 0.0473186 0.00296974
2 0.673388 0.367508 0.0155954 0.0425867 0.00282288
0 0.730757 0.289038 0.0256211 0.0670347 0.00219917
2 0.661692 0.364353 0.0378746 0.0473186 0.00216484
2 0.672831 0.370662 0.0111396 0.0378549 0.00210762
7 0.680629 0.317035 0.133675 0.12776 0.0020504
2 0.677287 0.369085 0.0144815 0.0347003 0.00197983
60 0.200791 1 0.401582 0 0.00186062
60 0.87067 1 0.25866 6.75168e-08 0.00168705
2 0.655008 0.361987 0.0311908 0.0394322 0.0016613
4 0.630501 0.321767 0.0334188 0.0410095 0.00161648
7 0.672831 0.370662 0.0111396 0.0378549 0.00157928
7 0.657236 0.347003 0.0868888 0.0851735 0.00156116
2 0.441128 0.399054 0.00946865 0.0299684 0.00153637
56 0.89824 0 0.203519 0 0.00144386
2 0.859976 0.220032 0.00891171 0.0291798 0.00135612
4 0.730757 0.289038 0.0256211 0.0670347 0.00125504
33 0.679515 0.316246 0.133675 0.130915 0.00123978
59 0.238944 1 0.477888 0 0.00121593
2 0.631615 0.321767 0.0334188 0.0410095 0.00117397
4 0.657236 0.347003 0.0868888 0.0851735 0.00116539
60 0.148992 1 0.297984 0 0.00116539
7 0.655008 0.361987 0.0311908 0.0394322 0.00114727
56 0.381252 0 0.264008 0 0.0011158
0 0.787958 1 0.424083 0 0.00105667
56 0.706807 0 0.266236 0 0.00102043
4 0.680629 0.318415 0.133675 0.129732 0.933594
0 0.672831 0.370662 0.0111396 0.0378549 0.00636292
0 0.677287 0.369085 0.0144815 0.0347003 0.00609589
0 0.672831 0.367508 0.0155954 0.0425867 0.00534439
7 0.672831 0.367508 0.0155954 0.0425867 0.00321007
7 0.662249 0.364353 0.0367607 0.0473186 0.00288963
2 0.672831 0.367508 0.0155954 0.0425867 0.00284576
0 0.730757 0.289038 0.0256211 0.0670347 0.00236893
7 0.680629 0.317035 0.133675 0.12776 0.00232315
2 0.672831 0.370662 0.0111396 0.0378549 0.00218201
2 0.662249 0.364353 0.0367607 0.0473186 0.00216484
2 0.677287 0.369085 0.0144815 0.0347003 0.00195694
2 0.655008 0.361199 0.0311908 0.0410094 0.00186729
60 0.870391 1 0.259217 6.75168e-08 0.00182438
7 0.672831 0.370662 0.0111396 0.0378549 0.00163555
4 0.630501 0.321767 0.0334188 0.0410095 0.00156116
7 0.657236 0.347003 0.0868888 0.0851735 0.00154305
56 0.897405 0 0.20519 0 0.00153637
33 0.679515 0.316246 0.133675 0.130915 0.0014267
2 0.441128 0.399054 0.00946865 0.0299684 0.00138855
2 0.859976 0.220032 0.00891171 0.0291798 0.00135612
2 0.631615 0.321767 0.0334188 0.0410095 0.00124454
7 0.655008 0.361199 0.0311908 0.0410094 0.0012207
60 0.200791 1 0.401582 0 0.00113392
4 0.730757 0.289038 0.0256211 0.0670347 0.00107765
4 0.657236 0.347003 0.0868888 0.0851735 0.00104427
0 0.489585 0.449527 0.00891166 0.0694006 0.00102425
7 0.630501 0.321767 0.0334188 0.0410095 0.00101662
4 0.680629 0.318415 0.133675 0.129732 0.9375
0 0.672831 0.370662 0.0111396 0.0378549 0.00661469
0 0.677287 0.369085 0.0144815 0.0347003 0.0064621
0 0.672831 0.367508 0.0155954 0.0425867 0.00559998
7 0.672831 0.367508 0.0155954 0.0425867 0.00342941
7 0.662249 0.364353 0.0367607 0.0473186 0.003088
2 0.672831 0.367508 0.0155954 0.0425867 0.00300407
7 0.680629 0.317035 0.133675 0.12776 0.00274658
0 0.730757 0.289038 0.0256211 0.0670347 0.00268364
2 0.662249 0.364353 0.0367607 0.0473186 0.00227928
2 0.672831 0.370662 0.0111396 0.0378549 0.00227928
2 0.677287 0.369085 0.0144815 0.0347003 0.00208282
2 0.655565 0.361199 0.0311909 0.0410094 0.00194168
60 0.870948 1 0.258103 6.75168e-08 0.00186729
7 0.672831 0.370662 0.0111396 0.0378549 0.0017004
4 0.630501 0.321767 0.0334188 0.0410095 0.00164223
7 0.656679 0.347003 0.0857749 0.0851735 0.00161076
56 0.897126 0 0.205747 0 0.00148392
33 0.679515 0.316246 0.133675 0.130915 0.00146675
2 0.859976 0.220032 0.00891171 0.0291798 0.00142097
2 0.441128 0.399054 0.00946865 0.0299684 0.00142097
2 0.631615 0.321767 0.0334188 0.0410095 0.00134563
7 0.655565 0.361199 0.0311909 0.0410094 0.00127888
4 0.730757 0.289038 0.0256211 0.0670347 0.00111198
7 0.630501 0.321767 0.0334188 0.0410095 0.00108624
4 0.656679 0.347003 0.0857749 0.0851735 0.00106049
5 0.680072 0.315457 0.134789 0.137224 0.00106049
0 0.489585 0.449527 0.00891166 0.0694006 0.00104046
4 0.680629 0.318415 0.133675 0.129732 0.937988
0 0.672831 0.370662 0.0111396 0.0378549 0.00656509
0 0.677287 0.369085 0.0144815 0.0347003 0.00643921
0 0.672831 0.367508 0.0155954 0.0425867 0.0055542
7 0.672831 0.367508 0.0155954 0.0425867 0.00342941
7 0.662249 0.364353 0.0367607 0.0473186 0.00307465
2 0.672831 0.367508 0.0155954 0.0425867 0.00301552
7 0.680629 0.317035 0.133675 0.12776 0.00273705
0 0.730757 0.289038 0.0256211 0.0670347 0.00269318
2 0.662249 0.364353 0.0367607 0.0473186 0.00228691
2 0.672831 0.370662 0.0111396 0.0378549 0.00226974
2 0.677287 0.369085 0.0144815 0.0347003 0.00206757
2 0.655565 0.361199 0.0311909 0.0410094 0.00192642
60 0.870948 1 0.258103 6.75168e-08 0.00183868
7 0.672831 0.370662 0.0111396 0.0378549 0.00168705
4 0.630501 0.321767 0.0334188 0.0410095 0.00164223
7 0.656679 0.347003 0.0857749 0.0851735 0.0015974
56 0.897126 0 0.205747 0 0.0014782
33 0.679515 0.316246 0.133675 0.130915 0.00146103
2 0.859976 0.220032 0.00891171 0.0291798 0.00142097
2 0.441128 0.399054 0.00946865 0.0299684 0.00142097
2 0.631615 0.321767 0.0334188 0.0410095 0.00132465
7 0.655565 0.361199 0.0311909 0.0410094 0.00125504
4 0.730757 0.289038 0.0256211 0.0670347 0.0011034
7 0.630501 0.321767 0.0334188 0.0410095 0.00107765
5 0.680072 0.315457 0.134789 0.137224 0.00106525
4 0.656679 0.347003 0.0857749 0.0851735 0.00106049
0 0.489585 0.449527 0.00891166 0.0694006 0.00104809
