0 0.174219 0.635184 0.343961 0.4774 0.883301
38 0.235774 0.659598 0.0935137 0.0714285 0.629883
38 0.208789 0.657366 0.147483 0.0758928 0.204346
74 0.607342 0.15625 0.124353 0.109375 0.12085
0 0.0696379 0.0065046 0.1154 0.012207 0.0333252
0 0.0855551 0.00634766 0.0885396 0.0115095 0.0231934
0 0.0940111 0.0062779 0.160167 0.0118234 0.0189056
0 0.0994827 0.00599888 0.0606844 0.0108119 0.0171814
0 0.115151 0.00599888 0.0920215 0.0108817 0.0124283
73 0.607839 0.156948 0.125348 0.108538 0.0107346
33 0.607839 0.156529 0.125348 0.109654 0.0100098
0 0.0407879 0.0065918 0.0785913 0.012486 0.0086441
0 0.611818 0.183036 0.0616793 0.0449219 0.00717545
0 0.0681456 0.00792585 0.132312 0.0158517 0.00553513
0 0.639176 0.129046 0.0308396 0.0239955 0.00544739
38 0.607342 0.15625 0.124353 0.109375 0.0046463
74 0.612813 0.181222 0.0586948 0.0426897 0.00457382
67 0.607839 0.156948 0.125348 0.108538 0.00436401
0 0.174965 0.513114 0.34048 0.234933 0.00387001
5 0.607342 0.15625 0.124353 0.109375 0.00331116
11 0.607342 0.15625 0.124353 0.109375 0.00327301
32 0.170115 0.628348 0.045762 0.0178571 0.00274658
56 0.0328293 0.00641741 0.0636689 0.0124163 0.00263214
62 0.607839 0.156808 0.125348 0.108259 0.00257111
0 0.631218 0.131138 0.0527258 0.0276228 0.00233269
63 0.607839 0.156948 0.125348 0.108538 0.00198746
0 0.120125 0.00969587 0.113908 0.0185547 0.0019722
56 0.0532232 0.00652204 0.0825706 0.0121722 0.00172043
0 0.620275 0.128488 0.0537207 0.0220424 0.00169373
32 0.131566 0.237444 0.0641663 0.046317 0.00167465
74 0.234779 0.65904 0.0935137 0.0703125 0.00167465
32 0.142758 0.236886 0.0407879 0.0457589 0.00165462
0 0.606844 0.129708 0.0258655 0.0179269 0.00157356
0 0.235277 0.00641741 0.187027 0.0120675 0.00150681
0 0.151214 0.00530134 0.0417827 0.00976562 0.00140476
32 0.17024 0.625 0.0494926 0.0245536 0.00138283
72 0.607839 0.156948 0.125348 0.108538 0.00131512
0 0.097493 0.00959124 0.119379 0.0183454 0.00130939
0 0.624751 0.133789 0.0696379 0.0323661 0.0012846
0 0.20481 0.00631278 0.264873 0.012486 0.00119686
9 0.607839 0.156808 0.125348 0.108259 0.00113392
0 0.174095 0.636021 0.343215 0.48019 0.852051
38 0.235774 0.659598 0.0935137 0.0714285 0.575684
38 0.209411 0.658482 0.147234 0.0758929 0.183594
74 0.607342 0.156215 0.124353 0.109445 0.105957
0 0.0716275 0.00646973 0.111918 0.0121722 0.0342407
0 0.0910267 0.00634766 0.0775965 0.01137 0.0245667
0 0.103462 0.00620815 0.141265 0.0115095 0.0189819
0 0.1154 0.00599888 0.0915241 0.0108119 0.0138474
0 0.0519797 0.00648717 0.0761043 0.0121373 0.0114212
73 0.607839 0.156843 0.125348 0.108747 0.00878143
0 0.611321 0.183036 0.0606845 0.0446429 0.00740433
33 0.607839 0.156564 0.125348 0.109863 0.00717545
0 0.0686431 0.00777762 0.131317 0.0155552 0.00570679
0 0.638679 0.128906 0.0298448 0.0237165 0.00494385
0 0.0310883 0.00634766 0.060187 0.0124163 0.00482941
74 0.612813 0.180664 0.0567051 0.0410156 0.00466537
0 0.174592 0.513114 0.341226 0.236049 0.00391388
38 0.607342 0.156215 0.124353 0.109445 0.00370789
56 0.0310883 0.00634766 0.060187 0.0124163 0.00324821
11 0.607342 0.156215 0.124353 0.109445 0.00307465
32 0.169991 0.628348 0.0460107 0.0178571 0.00265312
67 0.607839 0.156843 0.125348 0.108747 0.002388
0 0.121369 0.00948661 0.110426 0.0181362 0.00224304
0 0.0420314 0.0083531 0.0815758 0.0162877 0.00213242
62 0.607839 0.156808 0.125348 0.10798 0.00213242
5 0.607342 0.156215 0.124353 0.109445 0.00210762
56 0.0519797 0.00648717 0.0761043 0.0121373 0.00201988
0 0.629725 0.131278 0.0557103 0.0276228 0.00196457
0 0.234779 0.00638253 0.185038 0.0119978 0.00194168
74 0.235277 0.65904 0.0925189 0.0703125 0.00178909
0 0.151711 0.00533622 0.0427776 0.00976562 0.00162888
0 0.606844 0.129499 0.0278552 0.0183454 0.00162315
0 0.620275 0.128313 0.0537207 0.0218331 0.00159168
0 0.64415 0.128906 0.0318345 0.0231585 0.00158501
32 0.131815 0.237305 0.0626741 0.046038 0.00156116
32 0.143752 0.236747 0.0387983 0.0452009 0.00134087
63 0.607839 0.156843 0.125348 0.108747 0.00130463
72 0.607839 0.156843 0.125348 0.108747 0.00120163
32 0.17024 0.625 0.0494926 0.0245536 0.00118828
56 0.0716275 0.00646973 0.111918 0.0121722 0.00104046
0 0.174219 0.636021 0.343961 0.482422 0.833496
38 0.235774 0.659598 0.0935137 0.0714285 0.539062
38 0.210406 0.658482 0.14624 0.0736607 0.169922
74 0.607342 0.156111 0.124353 0.109375 0.105957
0 0.0716275 0.00645229 0.111421 0.0121373 0.0346069
0 0.0910267 0.00631278 0.0775965 0.01137 0.0254669
0 0.109431 0.00615583 0.129328 0.0113002 0.0197906
0 0.115649 0.00596401 0.0920215 0.0108119 0.0154877
0 0.0512336 0.00645229 0.074612 0.0121373 0.0115509
73 0.607342 0.156808 0.124353 0.108817 0.00743103
0 0.611818 0.182896 0.0596896 0.0440848 0.00661469
0 0.0686431 0.00769915 0.131317 0.0153983 0.00557709
74 0.612813 0.180385 0.0557103 0.0401786 0.00511932
0 0.0303422 0.00634766 0.0586948 0.0124163 0.00498199
0 0.638679 0.128767 0.0308397 0.0237165 0.00429916
33 0.607839 0.156529 0.123359 0.109654 0.00419998
0 0.174592 0.512835 0.341226 0.236607 0.00411606
56 0.0303422 0.00634766 0.0586948 0.0124163 0.00359344
38 0.607342 0.156111 0.124353 0.109375 0.00331116
11 0.607342 0.156111 0.124353 0.109375 0.00298119
0 0.121369 0.00929478 0.110426 0.0177525 0.00245285
32 0.169991 0.628348 0.0460107 0.0178571 0.00235939
0 0.233287 0.00639997 0.182053 0.0118583 0.00233269
0 0.0412853 0.0082659 0.0800836 0.0161133 0.00215721
56 0.0512336 0.00645229 0.074612 0.0121373 0.00209999
67 0.607342 0.156808 0.124353 0.108817 0.0018034
74 0.235774 0.65904 0.0935137 0.0703125 0.00173378
0 0.151711 0.00530134 0.0437724 0.00983538 0.00169373
32 0.131815 0.237165 0.0626741 0.046317 0.00169373
62 0.607839 0.156669 0.125348 0.10798 0.00167465
0 0.627238 0.131278 0.0606845 0.0276228 0.00154305
0 0.606844 0.129499 0.0278552 0.0183454 0.00139427
0 0.620275 0.128348 0.0537207 0.0217634 0.00135136
5 0.607342 0.156111 0.124353 0.109375 0.00133038
32 0.143752 0.236607 0.0387983 0.0452009 0.00131989
56 0.0716275 0.00645229 0.111421 0.0121373 0.00105667
32 0.170613 0.625 0.0487465 0.0245536 0.00105286
72 0.607342 0.156808 0.124353 0.108817 0.00105286
0 0.160665 0.00498744 0.0368086 0.0090332 0.00104427
56 0.233287 0.00639997 0.182053 0.0118583 0.00102425
0 0.174219 0.636719 0.343961 0.483259 0.824219
38 0.235774 0.659598 0.0935137 0.0714285 0.529297
38 0.211028 0.658482 0.144996 0.0736607 0.153076
74 0.607839 0.156006 0.123359 0.109305 0.10968
0 0.0716275 0.00641741 0.111421 0.0120675 0.0350037
0 0.089037 0.00631278 0.0815758 0.0113002 0.0255585
0 0.110923 0.00615583 0.125348 0.0111258 0.0202484
0 0.0994827 0.00596401 0.0606844 0.0107422 0.0188293
0 0.0512336 0.00645229 0.0741146 0.0120675 0.0114212
73 0.607342 0.156669 0.124353 0.108538 0.00679779
0 0.611818 0.182896 0.0596896 0.0440848 0.00602722
74 0.612813 0.180664 0.0557103 0.0404576 0.00561905
0 0.0686431 0.00762068 0.130322 0.0152414 0.0053215
38 0.20394 0.647321 0.153203 0.09375 0.00500107
0 0.0300935 0.00629534 0.0581974 0.0123814 0.00498199
0 0.17397 0.513393 0.34048 0.236607 0.0041008
11 0.607839 0.156006 0.123359 0.109305 0.00359344
56 0.0300935 0.00629534 0.0581974 0.0123814 0.00348282
0 0.638679 0.128627 0.0308397 0.0234375 0.00346947
38 0.607839 0.156006 0.123359 0.109305 0.00264168
33 0.607839 0.156529 0.123359 0.109375 0.0026207
0 0.231297 0.00613839 0.188022 0.0117188 0.00248146
0 0.121618 0.00913784 0.109928 0.0174386 0.00242424
32 0.169991 0.628348 0.0460107 0.0178571 0.00226974
0 0.0412853 0.00814383 0.0795861 0.0159389 0.00219917
32 0.132063 0.237165 0.0621767 0.0457589 0.00191212
74 0.235774 0.658482 0.0915241 0.0691964 0.00187492
56 0.0512336 0.00645229 0.0741146 0.0120675 0.00181007
0 0.151711 0.00530134 0.0437724 0.00976562 0.00157928
67 0.607342 0.156669 0.124353 0.108538 0.00144958
32 0.143753 0.236607 0.0378034 0.0449219 0.00133514
74 0.6153 0.181083 0.0656586 0.0518973 0.0012207
62 0.607839 0.156529 0.125348 0.107701 0.0012207
0 0.64415 0.128627 0.0318345 0.0228795 0.00115585
0 0.606844 0.129325 0.0268603 0.0181362 0.00112057
41 0.0994827 0.00596401 0.0606844 0.0107422 0.00111198
0 0.623757 0.131383 0.0676482 0.0274135 0.00107288
0 0.619777 0.128383 0.0537207 0.0216936 0.00105286
32 0.170613 0.625 0.0487465 0.0245536 0.00104046
0 0.174219 0.637277 0.343961 0.485491 0.845703
38 0.236271 0.65904 0.0925189 0.0714285 0.53125
38 0.211898 0.658482 0.14226 0.0736607 0.142212
74 0.607839 0.155971 0.123359 0.108817 0.0974121
0 0.0706327 0.00641741 0.112415 0.0120675 0.0350037
0 0.106944 0.00615583 0.133307 0.0110561 0.0183411
0 0.0994827 0.00596401 0.060187 0.0106376 0.0157776
0 0.1154 0.00594657 0.0915241 0.0106376 0.0127258
0 0.0397931 0.00653948 0.0766017 0.0123117 0.008255
0 0.611321 0.183036 0.0596896 0.0440848 0.00548935
73 0.607342 0.156494 0.124353 0.108329 0.00544739
0 0.0683944 0.0075858 0.13082 0.0151716 0.00536346
74 0.612813 0.180804 0.0557103 0.0407366 0.00482941
11 0.607839 0.155971 0.123359 0.108817 0.00387001
0 0.17397 0.513393 0.34048 0.236607 0.00385475
56 0.0315858 0.00631278 0.0611819 0.0123465 0.00300407
0 0.638679 0.128627 0.0298448 0.0231585 0.00255013
74 0.235774 0.658482 0.0915241 0.0691964 0.00244331
0 0.230924 0.00615583 0.186779 0.011649 0.00216484
0 0.121369 0.0090332 0.109431 0.0172294 0.0020504
38 0.607839 0.155971 0.123359 0.108817 0.00201988
32 0.169991 0.628348 0.0460107 0.0178571 0.00185299
32 0.132063 0.237165 0.0611819 0.0457589 0.00167465
33 0.607839 0.156529 0.123359 0.108817 0.00167465
56 0.0547155 0.00645229 0.0845603 0.0120675 0.00154877
41 0.0994827 0.00596401 0.060187 0.0106376 0.00130463
0 0.151711 0.00530134 0.0427776 0.00966099 0.00123024
74 0.6153 0.181362 0.0646637 0.0507812 0.00119209
32 0.144001 0.236607 0.037306 0.0449219 0.00115108
0 0.173597 0.637835 0.343215 0.485491 0.878418
38 0.235774 0.65904 0.0915241 0.0714285 0.660156
38 0.214385 0.65904 0.137286 0.0714285 0.140381
74 0.606844 0.156006 0.123359 0.108189 0.085083
0 0.0696379 0.00645229 0.11341 0.0120675 0.0352783
0 0.100478 0.00620815 0.145245 0.011091 0.0184784
0 0.0997314 0.00596401 0.060187 0.0106027 0.014389
0 0.1154 0.00599888 0.0915241 0.0106724 0.0119629
0 0.0410366 0.0065918 0.0790887 0.0123465 0.00754929
0 0.611321 0.183036 0.0586948 0.0438058 0.00602722
0 0.0678969 0.00756836 0.13082 0.0151367 0.00530243
0 0.174095 0.513393 0.340231 0.236607 0.00510025
11 0.606844 0.156006 0.123359 0.108189 0.00488663
73 0.606844 0.156285 0.123359 0.108189 0.00452042
74 0.609829 0.182338 0.0577 0.0449219 0.00443268
74 0.236271 0.658482 0.0905293 0.0691964 0.00276756
0 0.639176 0.128488 0.0308396 0.0231585 0.00245285
56 0.0335754 0.0063651 0.0651612 0.0123814 0.0024147
0 0.120374 0.00896345 0.110426 0.0170898 0.00193405
0 0.229681 0.00619071 0.187276 0.011649 0.00185299
32 0.170613 0.628348 0.045762 0.0178571 0.00154877
38 0.203442 0.648438 0.150219 0.0926339 0.0015192
32 0.132312 0.236886 0.0606844 0.0457589 0.00144386
41 0.0997314 0.00596401 0.060187 0.0106027 0.00138283
56 0.0581974 0.00648717 0.0964982 0.0121373 0.00121593
38 0.606844 0.156006 0.123359 0.108189 0.00112915
0 0.151214 0.00535366 0.0427776 0.00966099 0.00104809
32 0.14425 0.236607 0.0368086 0.0446429 0.00104809
32 0.558098 0.773438 0.051731 0.0178571 0.00103188
0 0.097493 0.00882394 0.123359 0.0168108 0.00100803
0 0.1731 0.637835 0.34222 0.483259 0.898926
38 0.235774 0.658482 0.0915241 0.0714286 0.704102
38 0.217867 0.65904 0.131317 0.0714285 0.139404
74 0.607342 0.155657 0.122364 0.107771 0.0888062
0 0.0676482 0.00652204 0.131317 0.0122768 0.0321045
0 0.0999801 0.00624302 0.14624 0.0111607 0.0166626
0 0.0994827 0.00599888 0.0596896 0.0106724 0.0131226
0 0.115151 0.00603376 0.0910267 0.0107422 0.01017
0 0.0572025 0.00648717 0.0905293 0.0121373 0.00923157
0 0.174219 0.513951 0.339982 0.235491 0.00658798
0 0.0405392 0.0065918 0.0780939 0.0124163 0.00653839
0 0.611321 0.183036 0.0586948 0.0440848 0.00542831
11 0.607342 0.155657 0.122364 0.107771 0.00469971
73 0.606844 0.156215 0.123359 0.107771 0.00379562
74 0.612813 0.181362 0.0537207 0.0407366 0.00378036
0 0.0775965 0.00875419 0.145245 0.0172991 0.0027256
74 0.236271 0.658482 0.0905293 0.0691964 0.0026722
56 0.033078 0.00634766 0.0641663 0.0124163 0.00208282
0 0.637684 0.12779 0.0238758 0.0217634 0.00195694
0 0.119877 0.00887626 0.110426 0.0169852 0.00168133
41 0.0994827 0.00599888 0.0596896 0.0106724 0.00162315
0 0.229805 0.00620815 0.186033 0.0116839 0.00161648
32 0.170613 0.628348 0.0467569 0.0178571 0.00144386
32 0.558098 0.773438 0.051731 0.0178571 0.00116062
32 0.132312 0.237026 0.0606844 0.0454799 0.00109863
38 0.607342 0.155657 0.122364 0.107771 0.00108147
56 0.0572025 0.00648717 0.0905293 0.0121373 0.00106907
38 0.202447 0.648438 0.148229 0.0915179 0.00100422
0 0.172602 0.637277 0.341226 0.482143 0.911621
38 0.235774 0.658482 0.0915241 0.0714286 0.723145
74 0.606844 0.155657 0.121369 0.107771 0.0900879
0 0.0671508 0.00652204 0.131317 0.0122768 0.02948
0 0.0979905 0.00624302 0.149224 0.0111607 0.0142822
38 0.210406 0.657366 0.143255 0.0736608 0.0138474
0 0.0994827 0.00601632 0.0596896 0.0106724 0.0115051
0 0.0577 0.00652204 0.0925189 0.0121373 0.00854492
0 0.115151 0.00603376 0.0910267 0.0107771 0.00818634
0 0.17397 0.513951 0.33849 0.235491 0.00796509
0 0.0405392 0.00662667 0.0780939 0.012486 0.00600433
0 0.610824 0.183036 0.0577 0.0435268 0.00548935
11 0.606844 0.155657 0.121369 0.107771 0.00421524
74 0.609829 0.182478 0.0567051 0.0446429 0.00348282
73 0.606844 0.156006 0.123359 0.107631 0.00340271
74 0.236769 0.658482 0.0895344 0.0691964 0.00269318
0 0.0775965 0.00861468 0.14425 0.0170898 0.00251198
56 0.0333267 0.00638253 0.0646637 0.012486 0.00182438
0 0.637684 0.12779 0.0238758 0.0214844 0.00177479
41 0.0994827 0.00601632 0.0596896 0.0106724 0.0017271
32 0.170986 0.628348 0.0460108 0.0178571 0.00153065
0 0.119877 0.00878906 0.110426 0.0168806 0.00135612
0 0.229805 0.00617327 0.187027 0.0115792 0.00130939
32 0.558098 0.773438 0.051731 0.0178571 0.00121117
38 0.606844 0.155657 0.121369 0.107771 0.00103664
0 0.172602 0.637277 0.341226 0.482143 0.91748
38 0.235774 0.658482 0.0915241 0.0714286 0.715332
74 0.606844 0.155552 0.121369 0.10798 0.106689
0 0.0671508 0.00652204 0.131317 0.0123814 0.0271759
0 0.0982392 0.00622559 0.148727 0.0112653 0.0132217
38 0.209784 0.657366 0.143504 0.0736608 0.01297
0 0.17397 0.513672 0.33849 0.234933 0.00912476
0 0.099234 0.0060512 0.0591922 0.0107073 0.00857544
0 0.0562077 0.00653948 0.0865499 0.012207 0.0068512
0 0.114903 0.00606864 0.0905292 0.0108817 0.00582123
0 0.610824 0.183036 0.0577 0.0435268 0.00551224
0 0.0402905 0.00664411 0.0775965 0.0125209 0.00500107
11 0.606844 0.155552 0.121369 0.10798 0.00419998
74 0.609829 0.182478 0.0557103 0.0446429 0.00362206
73 0.606844 0.156006 0.123359 0.107631 0.00313568
41 0.099234 0.0060512 0.0591922 0.0107073 0.00277901
74 0.236769 0.658482 0.0895344 0.0691964 0.00254059
0 0.0773478 0.00849261 0.142758 0.0169852 0.00226021
56 0.0328293 0.00639997 0.0636689 0.0125558 0.00194168
0 0.637187 0.12779 0.022881 0.0217634 0.00156689
32 0.170986 0.628348 0.0460108 0.0178571 0.00130463
32 0.558098 0.773438 0.051731 0.0178571 0.00127888
0 0.229929 0.00617327 0.184789 0.0117188 0.00127411
0 0.119877 0.00871931 0.110426 0.0168457 0.00103188
56 0.0562077 0.00653948 0.0865499 0.012207 0.00100803
0 0.172602 0.6363 0.341226 0.481864 0.922363
38 0.235774 0.658482 0.0915241 0.0714286 0.71875
74 0.606844 0.155727 0.121369 0.108189 0.112793
0 0.0666534 0.00652204 0.131317 0.0124861 0.0253754
0 0.0972443 0.00622559 0.149721 0.0113351 0.0133743
38 0.210406 0.657924 0.143255 0.0725447 0.012825
0 0.173597 0.513672 0.338241 0.234933 0.00985718
0 0.099234 0.00606864 0.0591922 0.0107771 0.00751877
0 0.0562077 0.00655692 0.0895344 0.0122768 0.00600433
0 0.610824 0.183036 0.0577 0.0435268 0.00542831
0 0.115151 0.00608608 0.0910267 0.0109166 0.00519943
0 0.0402905 0.00664411 0.0775965 0.0125907 0.00457382
11 0.606844 0.155727 0.121369 0.108189 0.00421524
74 0.609331 0.182478 0.0567051 0.0446429 0.00348282
73 0.606844 0.156111 0.123359 0.107422 0.00329781
41 0.099234 0.00606864 0.0591922 0.0107771 0.0029583
74 0.236769 0.658482 0.0895344 0.0691964 0.00283432
0 0.0778452 0.00845773 0.144747 0.0169155 0.00216484
56 0.0333267 0.00643485 0.0646637 0.0125907 0.00185299
0 0.637187 0.127825 0.022881 0.0216936 0.00176144
32 0.558098 0.773438 0.051731 0.0178571 0.00145531
32 0.170986 0.628348 0.0460108 0.0178571 0.00133514
0 0.229805 0.00615583 0.185038 0.0117536 0.00128937
41 0.0562077 0.00655692 0.0895344 0.0122768 0.0011034
38 0.606844 0.155727 0.121369 0.108189 0.00104427
56 0.0562077 0.00655692 0.0895344 0.0122768 0.00100422
0 0.1731 0.635045 0.34222 0.479911 0.928711
38 0.235277 0.658482 0.0915241 0.0714286 0.733887
74 0.60585 0.155727 0.121369 0.108747 0.0731812
0 0.0666534 0.00648717 0.13082 0.0125558 0.0205231
0 0.0969956 0.00613839 0.150219 0.01137 0.0158997
38 0.209411 0.657366 0.14425 0.0736608 0.00930023
0 0.173224 0.513393 0.339982 0.233259 0.00787354
0 0.0989853 0.00620815 0.0616793 0.0110212 0.00591278
0 0.610824 0.183175 0.0577 0.0438058 0.00466537
41 0.0994827 0.00603376 0.0596896 0.0108119 0.0046463
11 0.60585 0.155727 0.121369 0.108747 0.00450516
0 0.1154 0.00603376 0.0935137 0.0109863 0.00426483
0 0.0557103 0.00652204 0.0860525 0.0122768 0.00403976
74 0.236769 0.658482 0.0895344 0.0691964 0.00391388
74 0.608834 0.182478 0.0557103 0.0446429 0.00307465
0 0.0397931 0.00662667 0.0766017 0.0126604 0.00304031
73 0.606844 0.15625 0.123359 0.107701 0.00294685
32 0.558098 0.773438 0.051731 0.0178571 0.00227928
0 0.637187 0.12793 0.022881 0.0217634 0.00219154
32 0.170613 0.628348 0.045762 0.0200893 0.00213242
41 0.0557103 0.00652204 0.0860525 0.0122768 0.00178242
0 0.0785913 0.00844029 0.14624 0.0168806 0.00168705
56 0.0335754 0.00641741 0.0651612 0.0126953 0.00135612
0 0.226945 0.00606864 0.17683 0.0117188 0.00127888
0 0.455631 0.215681 0.855551 0.416853 0.00121117
32 0.131815 0.236886 0.0606844 0.0452009 0.00101662
41 0.1154 0.00603376 0.0935137 0.0109863 0.00100422
0 0.172976 0.635045 0.342469 0.478795 0.922363
38 0.235774 0.658482 0.0915241 0.0714286 0.720215
74 0.606347 0.155692 0.120374 0.109096 0.0470886
0 0.0666534 0.0062779 0.123359 0.0122768 0.0149002
0 0.0935137 0.00617327 0.157183 0.0115792 0.0138474
38 0.209038 0.656808 0.144996 0.0747768 0.00748825
0 0.1731 0.513393 0.339236 0.233259 0.00731659
41 0.099234 0.00599888 0.060187 0.0108817 0.00588989
11 0.606347 0.155692 0.120374 0.109096 0.00475693
74 0.236769 0.658482 0.0895344 0.0691964 0.00395966
0 0.0989853 0.00620815 0.0616793 0.0110561 0.00391388
0 0.610824 0.183315 0.0577 0.0440848 0.00340271
32 0.170613 0.628348 0.045762 0.0200893 0.00264168
0 0.115649 0.00603376 0.0940111 0.011091 0.0024929
74 0.608834 0.182617 0.0557103 0.0449219 0.0024147
32 0.558098 0.773996 0.051731 0.0189732 0.00209999
73 0.607839 0.15639 0.123359 0.10798 0.0020752
0 0.637187 0.127755 0.022881 0.0218331 0.00201988
0 0.0397931 0.00662667 0.0770991 0.0126953 0.00195694
41 0.0572025 0.00652204 0.0920215 0.0123465 0.00185299
62 0.480004 0.240792 0.916236 0.473214 0.00163555
0 0.459113 0.217634 0.864505 0.421875 0.00149536
41 0.115649 0.00603376 0.0940111 0.011091 0.00126457
0 0.225826 0.00631278 0.172105 0.0116141 0.00118351
0 0.0783426 0.00846645 0.147732 0.0169329 0.00114727
41 0.0761043 0.00633022 0.107441 0.0117536 0.0011158
0 0.1731 0.635045 0.34222 0.478795 0.914062
38 0.235277 0.658482 0.0925189 0.0714286 0.690918
74 0.606347 0.155831 0.120374 0.109375 0.0318604
0 0.0910267 0.00622559 0.162157 0.0116839 0.0113297
0 0.0688918 0.00671387 0.137784 0.0134277 0.0105667
41 0.0989853 0.00599888 0.0596896 0.0109515 0.00821686
38 0.208914 0.65625 0.145245 0.0758929 0.00751877
0 0.0761043 0.00633022 0.107441 0.0117536 0.00740433
0 0.1731 0.513114 0.340231 0.232701 0.00609589
11 0.606347 0.155831 0.120374 0.109375 0.00553513
74 0.236769 0.658482 0.0895344 0.0691964 0.00374985
32 0.170613 0.62779 0.045762 0.0200893 0.00340271
62 0.492937 0.253488 0.944091 0.499163 0.00327301
0 0.0989853 0.00617327 0.0621767 0.011091 0.00251198
0 0.611321 0.183594 0.0586948 0.0446429 0.00247192
41 0.0572025 0.00652204 0.0955034 0.0124163 0.00208282
74 0.613808 0.182059 0.0537206 0.0421317 0.00202751
41 0.1154 0.00603376 0.0945086 0.0111607 0.00183105
41 0.0761043 0.00633022 0.107441 0.0117536 0.00176144
0 0.0572025 0.00652204 0.0955034 0.0124163 0.00168133
0 0.637684 0.12793 0.0238758 0.0220424 0.00165462
73 0.607839 0.156529 0.123359 0.108259 0.00148964
32 0.558098 0.774554 0.051731 0.0200893 0.00146675
0 0.1154 0.00603376 0.0945086 0.0111607 0.00145531
2 0.518802 0.238002 0.94608 0.444754 0.00133038
0 0.472045 0.225167 0.894349 0.438058 0.00131989
0 0.0397931 0.00662667 0.0770991 0.0126953 0.0012846
5 0.472045 0.225167 0.894349 0.438058 0.0011158
0 0.224707 0.00633022 0.169369 0.0116141 0.00108147
73 0.0572025 0.00652204 0.0955034 0.0124163 0.00103664
39 0.0989853 0.00617327 0.0621767 0.011091 0.00102425
0 0.1731 0.635045 0.34222 0.478795 0.90918
38 0.235277 0.658482 0.0925189 0.0714286 0.668945
74 0.606347 0.155831 0.120374 0.109654 0.0266571
41 0.0989853 0.00598145 0.0596896 0.0109166 0.0106125
38 0.208914 0.65625 0.145245 0.0758929 0.00901794
0 0.089037 0.00626046 0.165141 0.0117536 0.00871277
0 0.0691405 0.00672259 0.138281 0.0134452 0.00787354
11 0.606347 0.155831 0.120374 0.109654 0.00614548
62 0.50189 0.262835 0.961998 0.518415 0.00564194
0 0.0758556 0.00634766 0.107939 0.0117188 0.00521851
0 0.1731 0.513114 0.340231 0.232701 0.0049057
32 0.170613 0.62779 0.045762 0.0200893 0.00388527
74 0.236769 0.658482 0.0895344 0.0691964 0.00356483
41 0.1154 0.00603376 0.0945086 0.0111607 0.00257111
41 0.0758556 0.00634766 0.107939 0.0117188 0.00253105
41 0.0572025 0.00652204 0.0969956 0.0124512 0.00237846
2 0.517186 0.239816 0.951303 0.455078 0.00192642
74 0.613808 0.182478 0.0557103 0.0432478 0.00190449
0 0.611818 0.183594 0.0596896 0.0452009 0.00186729
0 0.0989853 0.00617327 0.0621767 0.011091 0.00168705
5 0.480377 0.230469 0.91151 0.449777 0.00157356
0 0.637684 0.12793 0.0238758 0.0220424 0.00135136
32 0.558098 0.774554 0.051731 0.0200893 0.00131989
39 0.0989853 0.00617327 0.0621767 0.011091 0.00124454
73 0.607839 0.156669 0.123359 0.108538 0.00123501
0 0.480377 0.230469 0.91151 0.449777 0.00121117
0 0.0572025 0.00652204 0.0969956 0.0124512 0.00117874
0 1 0.0977958 0 0.195592 0.00115585
6 0.509849 0.234794 0.958018 0.447824 0.00112057
40 0.0989853 0.00598145 0.0596896 0.0109166 0.00106907
73 0.0572025 0.00652204 0.0969956 0.0124512 0.00104046
0 0.174095 0.635603 0.3462 0.477679 0.908691
38 0.235277 0.658482 0.0925189 0.0714286 0.673828
74 0.606844 0.155692 0.119379 0.109933 0.0205688
41 0.0987366 0.00596401 0.060187 0.0109515 0.0125732
11 0.606844 0.155692 0.119379 0.109933 0.00834656
38 0.207919 0.656808 0.14624 0.0758928 0.00803375
0 0.0875448 0.00631278 0.167131 0.0118583 0.00737381
62 0.502487 0.253906 0.995026 0.498326 0.00728989
0 0.0692648 0.00674874 0.13853 0.0134975 0.00575256
32 0.170613 0.627232 0.045762 0.0200893 0.00540543
74 0.236769 0.658482 0.0895344 0.0691964 0.00399017
0 0.0766017 0.00631278 0.107441 0.011649 0.00391388
0 0.173224 0.512835 0.339982 0.232143 0.00367928
41 0.0766017 0.00631278 0.107441 0.011649 0.00329781
41 0.114903 0.00603376 0.0945086 0.0111607 0.00329781
41 0.0569538 0.00652204 0.0969956 0.0124163 0.00273705
0 0.611818 0.183873 0.0596896 0.0452009 0.00226021
74 0.613311 0.182617 0.0567051 0.0435268 0.00191879
5 0.510346 0.23577 0.964982 0.460379 0.00181007
2 0.514325 0.24135 0.962992 0.469308 0.00178242
39 0.0987366 0.00617327 0.0626741 0.011091 0.00159168
6 0.510346 0.23577 0.964982 0.460379 0.00150108
0 0.637684 0.12793 0.0238758 0.0220424 0.00144958
0 0.0987366 0.00617327 0.0626741 0.011091 0.00136185
60 1 0.915737 0 0.168527 0.00127411
73 0.0569538 0.00652204 0.0969956 0.0124163 0.00126457
0 0.610824 0.153704 0.125348 0.113351 0.00125504
73 0.607839 0.156669 0.123359 0.108538 0.00122547
39 0.0766017 0.00631278 0.107441 0.011649 0.00121117
60 1 0.880022 0 0.239955 0.00120163
0 1 0.0466657 0 0.0933315 0.00116062
38 0.18852 0.649554 0.118384 0.0892858 0.00113773
40 0.0987366 0.00596401 0.060187 0.0109515 0.00112438
12 0.610824 0.153704 0.125348 0.113351 0.00107288
67 0.610824 0.153704 0.125348 0.113351 0.00105667
60 0 0.991629 0 0.0167411 0.00105667
0 0.174095 0.635603 0.3462 0.477679 0.910645
38 0.235277 0.658482 0.0925189 0.0714286 0.694336
74 0.606844 0.155692 0.121369 0.109933 0.0189056
41 0.0987366 0.00596401 0.060187 0.0108817 0.0130234
11 0.606844 0.155692 0.121369 0.109933 0.00971222
62 0.502487 0.257812 0.995026 0.506696 0.00948334
38 0.209038 0.65625 0.144996 0.0758929 0.00809479
32 0.170613 0.62779 0.045762 0.0200893 0.00600433
0 0.0870474 0.00631278 0.168126 0.011928 0.00598145
74 0.236769 0.658482 0.0895344 0.0691964 0.00400543
41 0.114903 0.00606864 0.0945086 0.0111607 0.00362206
41 0.0766017 0.00629534 0.106944 0.0116141 0.00346947
0 0.0766017 0.00629534 0.106944 0.0116141 0.00344276
0 0.173224 0.512835 0.339982 0.231027 0.003088
41 0.0579487 0.00652204 0.10197 0.0124163 0.00261116
5 0.510844 0.237723 0.967967 0.469308 0.00251198
60 1 0.917969 0 0.164062 0.00220871
0 0.611818 0.183873 0.0606845 0.0454799 0.00219917
0 0.812027 0.655134 0.353661 0.234375 0.00216484
2 0.512833 0.243722 0.967967 0.48019 0.00201988
6 0.510844 0.237723 0.967967 0.469308 0.00198746
74 0.613808 0.182757 0.0577 0.0440848 0.00196457
60 1 0.878627 0 0.242746 0.00189686
39 0.0987366 0.00615583 0.0626741 0.011091 0.0015974
0 0.637684 0.12793 0.0238758 0.0223214 0.00151253
73 0.607839 0.156669 0.123359 0.108538 0.0012598
60 0.594906 0.885045 0.80382 0.216518 0.00125504
0 0.0987366 0.00615583 0.0626741 0.011091 0.00124931
39 0.0766017 0.00629534 0.106944 0.0116141 0.00123501
63 0.502487 0.257812 0.995026 0.506696 0.0012064
73 0.0579487 0.00652204 0.10197 0.0124163 0.00119686
38 0.189515 0.650112 0.119379 0.0881697 0.00116062
60 0 0.898996 0 0.202009 0.00115108
0 0.611818 0.153599 0.123359 0.114118 0.0011425
40 0.0987366 0.00596401 0.060187 0.0108817 0.00112915
32 0.159297 0.616071 0.0733685 0.0424107 0.0011034
60 0 0.988839 0 0.0223214 0.00105286
40 0.114903 0.00606864 0.0945086 0.0111607 0.00101185
4 0.510844 0.237723 0.967967 0.469308 0.00100803
0 0.174095 0.635184 0.3462 0.4774 0.916504
38 0.235774 0.658482 0.0935137 0.0714286 0.712402
74 0.606844 0.155657 0.121369 0.110003 0.0216217
41 0.0987366 0.00598145 0.060187 0.0109166 0.0120544
62 0.502487 0.257534 0.995026 0.507812 0.0112915
11 0.606844 0.155657 0.121369 0.110003 0.0109863
38 0.209908 0.657366 0.143255 0.0736608 0.00959778
32 0.170613 0.62779 0.045762 0.0200893 0.00619125
0 0.0773478 0.00624302 0.150716 0.0122768 0.00519943
74 0.237266 0.658482 0.0895344 0.0691964 0.00405502
41 0.114903 0.00610352 0.0945086 0.0111607 0.00367928
41 0.0753581 0.00631278 0.109928 0.011649 0.00324821
5 0.511341 0.239397 0.970951 0.47433 0.00319672
0 0.0753581 0.00631278 0.109928 0.011649 0.00311089
0 0.812774 0.655692 0.352169 0.236607 0.00259018
0 0.611818 0.183873 0.0616793 0.0457589 0.00246239
6 0.511341 0.239397 0.970951 0.47433 0.00243378
2 0.512212 0.245815 0.9712 0.487165 0.00231361
41 0.0591922 0.00653948 0.107441 0.0124512 0.00230598
0 0.173224 0.512556 0.339982 0.231585 0.00230598
60 1 0.919643 0 0.160714 0.00213242
74 0.613808 0.182757 0.0596896 0.0440848 0.00197983
60 1 0.879185 0 0.241629 0.0018177
0 0.637684 0.128104 0.0238758 0.0222517 0.0017004
60 0.594409 0.885045 0.804815 0.216518 0.00148392
63 0.502487 0.257534 0.995026 0.507812 0.0014782
39 0.0987366 0.00615583 0.0631715 0.0111258 0.00146675
73 0.607839 0.156843 0.125348 0.108747 0.0014267
0 0.638679 0.128767 0.0318345 0.0239955 0.0012598
39 0.0753581 0.00631278 0.109928 0.011649 0.0011692
32 0.159172 0.61663 0.0726224 0.0412946 0.00116539
60 0 0.898996 0 0.202009 0.00116062
38 0.191504 0.65067 0.121369 0.0870536 0.00115108
0 0.0987366 0.00615583 0.0631715 0.0111258 0.00114727
4 0.511341 0.239397 0.970951 0.47433 0.0011425
13 0.86152 0.728795 0.220852 0.109375 0.00106525
40 0.0987366 0.00598145 0.060187 0.0109166 0.00104427
73 0.0591922 0.00653948 0.107441 0.0124512 0.00103664
0 0.174095 0.635045 0.3462 0.477679 0.920898
38 0.235774 0.658482 0.0935137 0.0714286 0.720215
74 0.607839 0.156669 0.123359 0.109096 0.0243378
38 0.210903 0.657366 0.141265 0.0736608 0.0120544
11 0.606844 0.155552 0.121369 0.109933 0.0115051
41 0.0984879 0.00599888 0.0606844 0.0108817 0.011467
62 0.50199 0.25558 0.996021 0.504464 0.0108185
32 0.170613 0.628348 0.045762 0.0200893 0.00703812
0 0.0775965 0.00624302 0.151214 0.0122768 0.00492477
74 0.237266 0.658482 0.0895344 0.0703125 0.00403976
41 0.114903 0.00610352 0.0955034 0.0111607 0.00367928
5 0.510844 0.240234 0.971946 0.477121 0.00358009
41 0.074612 0.00631278 0.111421 0.011649 0.00322342
0 0.074612 0.00631278 0.111421 0.011649 0.00282288
0 0.611818 0.183873 0.0616793 0.0457589 0.00279999
60 1 0.920201 0 0.159598 0.00256157
2 0.511465 0.246373 0.974682 0.489397 0.0024929
6 0.510844 0.240234 0.971946 0.477121 0.00239754
74 0.613808 0.182757 0.0596896 0.0440848 0.00216484
0 0.812774 0.654018 0.354158 0.235491 0.00204277
0 0.1731 0.512556 0.340231 0.231585 0.00195694
0 0.637684 0.12793 0.0238758 0.0223214 0.00194168
60 1 0.879743 0 0.240513 0.00188923
60 0.594906 0.885045 0.80382 0.216518 0.0017271
73 0.608337 0.156843 0.124353 0.108747 0.0015974
0 0.638679 0.128662 0.0318345 0.0239258 0.00144386
39 0.0987366 0.00617327 0.0631715 0.011091 0.00141048
63 0.50199 0.25558 0.996021 0.504464 0.00141048
32 0.159048 0.617188 0.0718762 0.0401786 0.00131989
60 0 0.891183 0 0.217634 0.00126457
13 0.86152 0.727679 0.218862 0.107143 0.00120163
4 0.510844 0.240234 0.971946 0.477121 0.00117397
39 0.074612 0.00631278 0.111421 0.011649 0.00115108
38 0.192499 0.65067 0.122364 0.0870536 0.00114727
0 0.0987366 0.00617327 0.0631715 0.011091 0.00106049
2 0.589932 0.389509 0.0895344 0.0267857 0.00105286
32 0.559093 0.774554 0.051731 0.0200893 0.00103664
32 0.131566 0.237165 0.0621767 0.0452009 0.00101662
0 0.174095 0.635184 0.3462 0.4774 0.924805
38 0.235774 0.658482 0.0935137 0.0714286 0.741699
74 0.607839 0.156669 0.123359 0.109096 0.0232391
11 0.607342 0.155552 0.122364 0.109933 0.0127716
38 0.211401 0.657366 0.141265 0.0736608 0.0112
62 0.502114 0.25279 0.995772 0.498884 0.0110321
41 0.0984879 0.00598145 0.0606844 0.0108468 0.0107803
32 0.170613 0.62779 0.045762 0.0200893 0.00812531
74 0.237266 0.658482 0.0895344 0.0703125 0.00431442
0 0.0676482 0.00638253 0.130322 0.0124163 0.0041008
41 0.114654 0.00613839 0.095006 0.0112305 0.00380898
5 0.510844 0.239537 0.973935 0.476284 0.00340271
60 1 0.919085 0 0.16183 0.00337601
0 0.612316 0.183873 0.0616793 0.0457589 0.00335121
41 0.0736172 0.00634766 0.113908 0.011649 0.00322342
60 0.592917 0.885045 0.807799 0.216518 0.00245285
2 0.510346 0.245815 0.97692 0.488839 0.00237846
0 0.637684 0.12793 0.0238758 0.0223214 0.00236893
6 0.510844 0.239537 0.973935 0.476284 0.00234222
74 0.613808 0.182617 0.0596896 0.0440848 0.00211525
60 1 0.880022 0 0.239955 0.00208282
73 0.608337 0.156669 0.124353 0.108538 0.00192642
0 0.638679 0.128662 0.0318345 0.0239258 0.00173378
0 0.1731 0.512556 0.340231 0.231585 0.00166798
32 0.160167 0.618304 0.0706327 0.0379464 0.00156116
63 0.502114 0.25279 0.995772 0.498884 0.00148964
0 0.813768 0.652902 0.354158 0.237723 0.00146103
39 0.0987366 0.00617327 0.0631715 0.0111607 0.00137806
60 0 0.892299 0 0.215402 0.00135612
5 0.607342 0.155552 0.122364 0.109933 0.00130463
13 0.867489 0.732143 0.206924 0.11942 0.00129986
2 0.589932 0.389509 0.0895344 0.0267857 0.00123501
4 0.510844 0.239537 0.973935 0.476284 0.00118351
39 0.0736172 0.00634766 0.113908 0.011649 0.00117874
32 0.559093 0.774554 0.051731 0.0200893 0.00106525
0 0.174095 0.635045 0.3462 0.476562 0.927734
38 0.235774 0.658482 0.0935137 0.0714286 0.744629
74 0.607839 0.156669 0.123359 0.109096 0.0249939
11 0.607342 0.155727 0.122364 0.109863 0.0130692
38 0.211401 0.657366 0.141265 0.0736608 0.0121002
62 0.502114 0.24721 0.995772 0.487165 0.0118256
41 0.0987366 0.00596401 0.0606844 0.0108817 0.0100937
32 0.170613 0.628348 0.045762 0.0200893 0.00809479
74 0.237764 0.658482 0.0895344 0.0703125 0.00438309
0 0.0686431 0.00641741 0.132312 0.012486 0.00385475
0 0.611818 0.183733 0.0616793 0.0454799 0.00383949
60 1 0.916853 0 0.166295 0.00379562
41 0.114654 0.00613839 0.095006 0.0112305 0.00376511
60 0.590927 0.885045 0.811779 0.216518 0.00324821
5 0.511341 0.239537 0.972941 0.475725 0.00307465
41 0.0731198 0.00634766 0.1154 0.011649 0.00305176
0 0.637684 0.12793 0.0238758 0.0220424 0.00269318
2 0.510222 0.245257 0.977169 0.487165 0.00247192
74 0.613808 0.182617 0.0596896 0.0438058 0.00219154
6 0.511341 0.239537 0.972941 0.475725 0.00216484
73 0.607839 0.156669 0.125348 0.108538 0.00212479
0 0.638679 0.128627 0.0318345 0.0237165 0.00195694
60 1 0.854632 0 0.290737 0.00165462
63 0.502114 0.24721 0.995772 0.487165 0.0015974
13 0.868484 0.732143 0.210903 0.120536 0.00157928
32 0.160291 0.618304 0.0713788 0.0379464 0.00153065
5 0.607342 0.155727 0.122364 0.109863 0.00150681
0 0.173224 0.512277 0.339982 0.231027 0.0014782
2 0.589932 0.389509 0.0895344 0.0267857 0.00145531
60 0 0.899554 0 0.200893 0.00143814
39 0.0984879 0.00615583 0.0636689 0.0111607 0.00132465
39 0.0731198 0.00634766 0.1154 0.011649 0.00116062
2 0.543673 0.391183 0.0656586 0.030692 0.00113392
0 0.814763 0.652344 0.354158 0.239955 0.00112438
4 0.511341 0.239537 0.972941 0.475725 0.00109863
60 1 0.986049 0 0.0279017 0.00105667
9 0.608337 0.156564 0.124353 0.108747 0.00104809
0 0.174095 0.635045 0.3462 0.476562 0.927734
38 0.235774 0.658482 0.0935137 0.0714286 0.746094
74 0.607839 0.156669 0.123359 0.109096 0.0238647
11 0.607342 0.155552 0.122364 0.109654 0.0131683
62 0.502487 0.246512 0.995026 0.48577 0.0120544
38 0.211401 0.657366 0.141265 0.0736608 0.0120087
41 0.0984879 0.00598145 0.0606844 0.0109166 0.0104523
32 0.170613 0.628348 0.045762 0.0200893 0.00806427
74 0.237764 0.658482 0.0895344 0.0703125 0.00438309
0 0.0681456 0.00641741 0.131317 0.012486 0.00392914
0 0.611818 0.183733 0.0616793 0.0454799 0.00383949
60 1 0.917969 0 0.164062 0.00382423
41 0.114654 0.00613839 0.095006 0.0112305 0.00379562
60 0.590927 0.885045 0.811779 0.216518 0.00321007
41 0.0731198 0.00631278 0.114903 0.0117188 0.00317192
5 0.511217 0.239397 0.9712 0.47433 0.00291252
0 0.637684 0.12793 0.0238758 0.0220424 0.00260162
2 0.510844 0.244978 0.975925 0.486607 0.00235939
74 0.613808 0.182617 0.0596896 0.0438058 0.00219917
6 0.511217 0.239397 0.9712 0.47433 0.00214958
73 0.607839 0.156669 0.125348 0.108538 0.0020752
0 0.638679 0.128627 0.0318345 0.0237165 0.00186729
63 0.502487 0.246512 0.995026 0.48577 0.00164223
13 0.867489 0.732143 0.210903 0.120536 0.00159168
32 0.160291 0.618304 0.0713788 0.0379464 0.00154305
60 1 0.854353 0 0.291295 0.00152493
2 0.589932 0.389509 0.0895344 0.0267857 0.0014782
0 0.173224 0.512277 0.339982 0.231027 0.00146103
5 0.607342 0.155552 0.122364 0.109654 0.00143814
60 0 0.899554 0 0.200893 0.00143242
39 0.0987366 0.00617327 0.0631715 0.0111607 0.00136662
39 0.0731198 0.00631278 0.114903 0.0117188 0.00118828
0 0.814763 0.652344 0.354158 0.239955 0.00118828
2 0.543673 0.391183 0.0656586 0.030692 0.00113773
4 0.511217 0.239397 0.9712 0.47433 0.00108147
60 1 0.985491 0 0.0290178 0.00102425
9 0.608337 0.156564 0.124353 0.108747 0.00101662
32 0.131566 0.237165 0.0621767 0.0452009 0.00101185
