4 0.506417 0.455462 0.987165 0.786555 0.705566
4 0.625 0.52563 0.717634 0.663025 0.0700684
4 0.488839 0.271008 0.621652 0.40084 0.0687866
0 0.260324 0.431933 0.0122768 0.0235294 0.00658798
0 0.246373 0.431933 0.0094866 0.0235294 0.0053215
0 0.257812 0.433613 0.0133929 0.0218487 0.00455475
0 0.226562 0.431513 0.00892856 0.0201681 0.00279045
0 0.209821 0.430672 0.0172991 0.0226891 0.00243378
0 0.215681 0.430672 0.0145089 0.0226891 0.00220871
0 0.279576 0.432773 0.0178571 0.0218487 0.00217438
0 0.192383 0.429412 0.0103237 0.0201681 0.00199509
4 0.56808 0.236765 0.46875 0.334874 0.00181007
0 0.203962 0.430252 0.0128348 0.0218487 0.00151253
4 0.651228 0.372689 0.664062 0.608403 0.00136662
0 0.344866 0.438235 0.0111607 0.0193277 0.00130939
4 0.506417 0.459769 0.987165 0.798109 0.708984
4 0.487165 0.268067 0.626116 0.396639 0.0772095
0 0.260324 0.431933 0.0122768 0.0235294 0.00881195
0 0.246373 0.431933 0.0094866 0.0235294 0.00734711
4 0.625558 0.523529 0.719866 0.677311 0.00638962
0 0.257394 0.431933 0.0145089 0.0235294 0.00577545
0 0.226423 0.431933 0.00920758 0.0201681 0.00402451
0 0.21024 0.430672 0.0172991 0.0226891 0.00324821
0 0.215681 0.430252 0.0145089 0.0235294 0.00300407
0 0.279576 0.432773 0.0178571 0.0218487 0.00290108
0 0.192383 0.429412 0.0103237 0.0201681 0.00259018
0 0.203823 0.430252 0.0125558 0.0218487 0.00192642
4 0.573103 0.231145 0.458705 0.325105 0.00168133
0 0.344866 0.438235 0.0111607 0.0193277 0.00162315
0 0.237723 0.431933 0.0217634 0.0243697 0.00109863
0 0.18178 0.430672 0.0142299 0.0218487 0.00105667
4 0.506417 0.461765 0.987165 0.802521 0.679199
4 0.484933 0.267174 0.63058 0.395903 0.0775146
0 0.260324 0.431933 0.0122768 0.0235294 0.00985718
0 0.246373 0.431933 0.0094866 0.0235294 0.00828552
0 0.257254 0.431513 0.0145089 0.0235294 0.00656509
4 0.625977 0.52395 0.721261 0.681513 0.00626373
0 0.226423 0.431933 0.00920758 0.0201681 0.00439835
4 0.52002 0.236134 0.552595 0.311345 0.00439835
0 0.210379 0.430672 0.0172991 0.0226891 0.00356483
0 0.215681 0.430252 0.0145089 0.0235294 0.00335121
0 0.279576 0.432773 0.0178571 0.0218487 0.00332451
0 0.192522 0.429412 0.0106027 0.0201681 0.00275803
0 0.203823 0.430252 0.0125558 0.0218487 0.00209999
0 0.344587 0.437815 0.0111607 0.0184874 0.00176811
4 0.574777 0.207616 0.447545 0.267962 0.00167465
0 0.237723 0.431933 0.0217634 0.0243697 0.00120163
0 0.181641 0.430672 0.0142299 0.0218487 0.00112915
4 0.506138 0.462605 0.987723 0.805882 0.644043
4 0.483538 0.268487 0.635603 0.39916 0.0651245
0 0.260184 0.431933 0.0122768 0.0235294 0.00905609
0 0.246373 0.431933 0.00976562 0.0235294 0.00751877
4 0.626116 0.517227 0.723214 0.7 0.0069046
0 0.257254 0.431933 0.0145089 0.0235294 0.00631332
0 0.226423 0.431933 0.00920758 0.0201681 0.00395966
4 0.529018 0.234664 0.53125 0.310504 0.00376511
0 0.210379 0.430252 0.0172991 0.0235294 0.00329781
0 0.215681 0.430252 0.0145089 0.0235294 0.00311089
0 0.279576 0.432773 0.0178571 0.0218487 0.00301552
0 0.192522 0.429412 0.0106027 0.0201681 0.00252151
0 0.203823 0.430252 0.0128348 0.0218487 0.00197983
0 0.344587 0.437815 0.0111607 0.0184874 0.00170708
4 0.579102 0.203151 0.437779 0.262605 0.00153637
0 0.237444 0.431933 0.0223214 0.0243697 0.00114727
0 0.181501 0.430672 0.0145089 0.0218487 0.00104427
4 0.506138 0.460084 0.987723 0.810924 0.656738
4 0.477679 0.271008 0.65067 0.404202 0.0455322
0 0.260324 0.431513 0.0122768 0.0226891 0.0068512
0 0.246373 0.431933 0.00976562 0.0235294 0.00518036
0 0.257254 0.431933 0.0147879 0.0235294 0.00479126
4 0.532366 0.232773 0.524554 0.310084 0.00329781
0 0.226562 0.431513 0.0094866 0.0201681 0.00296974
0 0.210519 0.430672 0.0175781 0.0226891 0.0027256
0 0.215681 0.430252 0.0145089 0.0235294 0.00250244
0 0.279576 0.432773 0.0178571 0.0218487 0.00218201
0 0.192383 0.429412 0.0106027 0.0201681 0.00209999
0 0.203962 0.430252 0.0131138 0.0218487 0.00161648
0 0.344866 0.437815 0.0111607 0.0184874 0.00135612
4 0.577985 0.198739 0.437779 0.256303 0.00129414
4 0.626116 0.5 0.726562 0.739496 0.0012846
4 0.505859 0.457143 0.988281 0.811765 0.668945
4 0.465681 0.272059 0.675781 0.402941 0.037323
4 0.487165 0.297899 0.860491 0.442857 0.0219421
0 0.260324 0.431513 0.0125558 0.0226891 0.00575256
0 0.246373 0.431933 0.0100446 0.0235294 0.00418091
0 0.257254 0.431933 0.015067 0.0235294 0.00416565
4 0.531529 0.232983 0.526228 0.312605 0.00314713
0 0.226562 0.431933 0.0094866 0.0201681 0.00239754
0 0.210658 0.430672 0.0175781 0.0226891 0.00229645
0 0.215681 0.430252 0.015067 0.0235294 0.00214958
0 0.192522 0.429412 0.0106027 0.0201681 0.0017271
0 0.279576 0.433193 0.0178571 0.0210084 0.00162888
0 0.203962 0.430252 0.0133929 0.0218487 0.00134563
4 0.576451 0.197689 0.440848 0.254622 0.00118828
0 0.344866 0.437815 0.0111607 0.0184874 0.00114727
4 0.50558 0.451996 0.988839 0.811975 0.668945
4 0.463449 0.271849 0.681362 0.402521 0.0335999
4 0.489397 0.30126 0.871652 0.44958 0.0151291
0 0.260324 0.431933 0.0125558 0.0226891 0.00391388
4 0.529576 0.233141 0.527902 0.315231 0.00319672
0 0.257673 0.433193 0.0139509 0.0226891 0.00309944
0 0.246373 0.431933 0.0100446 0.0235294 0.00287819
0 0.226562 0.431513 0.0094866 0.0201681 0.00174141
0 0.210659 0.430672 0.0172991 0.0226891 0.00167465
0 0.215681 0.431092 0.014788 0.0235294 0.0015974
0 0.192522 0.429412 0.0106027 0.0201681 0.0012846
4 0.575335 0.198319 0.441964 0.256303 0.00123501
0 0.279576 0.433193 0.0178571 0.0210084 0.00111198
0 0.203962 0.430252 0.0133929 0.0218487 0.00101185
4 0.50558 0.446954 0.988839 0.815336 0.651367
4 0.462054 0.27395 0.684152 0.406723 0.0313721
4 0.489397 0.308403 0.876116 0.463025 0.00460815
0 0.260324 0.431933 0.0125558 0.0226891 0.00385475
4 0.521275 0.233613 0.544503 0.316807 0.00349617
0 0.257812 0.433193 0.0139509 0.0226891 0.00324821
0 0.246373 0.431933 0.0100446 0.0235294 0.00283432
0 0.226562 0.431933 0.0094866 0.0201681 0.00169373
0 0.210798 0.430672 0.0170201 0.0226891 0.00158501
0 0.215681 0.431092 0.0145089 0.0235294 0.00150108
4 0.56808 0.200053 0.457589 0.258718 0.00147247
4 0.467913 0.744538 0.176897 0.189916 0.00123978
0 0.192522 0.429412 0.0106027 0.0201681 0.00118828
0 0.279576 0.433193 0.0178571 0.0210084 0.00117397
4 0.50558 0.444433 0.988839 0.815336 0.644043
4 0.462891 0.27479 0.681362 0.408403 0.0332031
4 0.517787 0.235294 0.549247 0.320168 0.00391388
0 0.260324 0.431933 0.0125558 0.0226891 0.0037365
0 0.257673 0.433193 0.0139509 0.0226891 0.00325966
4 0.486607 0.310924 0.866072 0.467227 0.0026722
0 0.246373 0.431933 0.0100446 0.0235294 0.00264168
4 0.467634 0.747899 0.176339 0.183193 0.00203514
4 0.563616 0.202941 0.467634 0.264706 0.00173378
4 0.441685 0.765966 0.230469 0.15042 0.00161076
0 0.226562 0.431933 0.0094866 0.0201681 0.00157928
0 0.210798 0.430672 0.0170201 0.0226891 0.00150108
0 0.215681 0.431092 0.0145089 0.0235294 0.0014267
0 0.279576 0.433193 0.0178571 0.0210084 0.00116062
0 0.192522 0.429412 0.0106027 0.0201681 0.00108624
4 0.507254 0.462185 0.985491 0.796639 0.656738
4 0.463728 0.276471 0.680804 0.412605 0.0319824
0 0.260324 0.431933 0.0128348 0.0226891 0.00400543
4 0.514439 0.235504 0.553711 0.322269 0.00385475
0 0.257812 0.433193 0.0139509 0.0226891 0.00355148
0 0.246373 0.432353 0.0100446 0.0235294 0.00279999
4 0.469587 0.75042 0.172433 0.176471 0.00253105
4 0.44308 0.766807 0.226563 0.147059 0.00219154
4 0.559291 0.204202 0.4774 0.268908 0.00181007
0 0.226562 0.431933 0.0094866 0.0201681 0.00168133
0 0.210938 0.430672 0.0172991 0.0226891 0.00161076
0 0.215681 0.431092 0.0145089 0.0235294 0.00153637
4 0.484933 0.313655 0.860491 0.473529 0.00150108
0 0.279576 0.433193 0.0178571 0.0210084 0.00117874
0 0.192522 0.429412 0.0106027 0.0201681 0.00109005
4 0.507812 0.462185 0.984375 0.793277 0.633301
4 0.470424 0.27395 0.664062 0.408403 0.0339661
0 0.260324 0.431933 0.0128348 0.0226891 0.00445175
4 0.534598 0.235294 0.504464 0.321008 0.00411606
0 0.257812 0.433193 0.0139509 0.0226891 0.00403976
0 0.246373 0.432353 0.0100446 0.0235294 0.00328636
4 0.472377 0.747899 0.165737 0.181513 0.00226974
4 0.576032 0.205462 0.443917 0.27563 0.00222588
0 0.226562 0.431933 0.0094866 0.0201681 0.00194931
0 0.210938 0.430672 0.0172991 0.0226891 0.00166798
0 0.215681 0.431092 0.0145089 0.0235294 0.00166798
4 0.444196 0.763866 0.22433 0.152941 0.00157928
4 0.479632 0.770588 0.152344 0.136134 0.00152493
4 0.476562 0.309874 0.816964 0.464286 0.00130463
0 0.279576 0.433613 0.0178571 0.0201681 0.0011425
0 0.192522 0.429412 0.0106027 0.0201681 0.00107765
4 0.507533 0.46313 0.982701 0.798109 0.594727
4 0.477679 0.271061 0.65067 0.404097 0.0299835
4 0.547991 0.233613 0.46875 0.316387 0.00400543
0 0.260184 0.431933 0.0125558 0.0226891 0.00337601
0 0.257812 0.433193 0.0139509 0.0226891 0.00325966
0 0.246373 0.431933 0.0100446 0.0235294 0.00269318
4 0.588728 0.204202 0.417411 0.27479 0.00254059
4 0.474888 0.745378 0.160714 0.186555 0.00192642
0 0.226562 0.431933 0.0094866 0.0201681 0.00179577
0 0.215681 0.431092 0.0145089 0.0235294 0.00138283
0 0.211077 0.430672 0.0172991 0.0226891 0.00135136
4 0.476562 0.305462 0.799107 0.453782 0.00126457
4 0.483817 0.770588 0.143973 0.136134 0.00118828
4 0.680804 0.328571 0.566964 0.522689 0.0011692
4 0.445312 0.762605 0.220982 0.155462 0.00113773
4 0.506417 0.442752 0.987165 0.82542 0.565918
4 0.486607 0.26854 0.632812 0.399895 0.0233307
4 0.55692 0.23146 0.441964 0.310189 0.0037365
4 0.597656 0.202101 0.398438 0.270588 0.0026722
0 0.257812 0.433193 0.0139509 0.0226891 0.00214005
0 0.260184 0.431933 0.0125558 0.0218488 0.00191212
0 0.246373 0.432353 0.0103237 0.0235294 0.00171375
4 0.684012 0.327101 0.55385 0.519748 0.00137806
0 0.226562 0.431933 0.0094866 0.0201681 0.00135612
4 0.478795 0.740756 0.152902 0.197479 0.00112438
4 0.544085 0.47605 0.882812 0.812605 0.556641
4 0.492746 0.267647 0.620536 0.396639 0.0194244
4 0.55971 0.231092 0.433036 0.305042 0.00359344
4 0.600307 0.201838 0.390904 0.265231 0.00281143
0 0.257812 0.433613 0.0139509 0.0218487 0.00176811
4 0.683594 0.32395 0.550223 0.513445 0.00174141
0 0.260184 0.431933 0.0125558 0.0218488 0.00137806
0 0.246373 0.432353 0.0100446 0.0235294 0.00130939
0 0.226562 0.431933 0.0094866 0.0193277 0.00111198
4 0.544085 0.478992 0.882812 0.820168 0.558105
4 0.500558 0.267017 0.603795 0.393698 0.0177765
4 0.558594 0.243487 0.479911 0.343277 0.0068512
4 0.765625 0.435714 0.421875 0.389916 0.00363541
4 0.602818 0.204254 0.385882 0.265441 0.00286674
4 0.684152 0.320168 0.540179 0.505882 0.00186729
0 0.257812 0.433613 0.0139509 0.0218487 0.00150108
0 0.420759 0.711345 0.239397 0.237815 0.00131989
0 0.246373 0.432353 0.0100446 0.0235294 0.00109482
0 0.260184 0.431933 0.0125558 0.0218488 0.00107288
4 0.510324 0.226261 0.369978 0.280252 0.00104046
0 0.226562 0.431933 0.0094866 0.0193277 0.00103664
4 0.475725 0.308403 0.714844 0.468908 0.00101662
4 0.543806 0.479832 0.881138 0.823529 0.542969
4 0.505022 0.267174 0.594866 0.391702 0.0165253
4 0.56236 0.243697 0.471261 0.341176 0.00651169
4 0.767857 0.435714 0.417411 0.389076 0.00434875
4 0.602818 0.20625 0.38365 0.263971 0.00300407
4 0.68471 0.316807 0.535714 0.49916 0.00214958
0 0.257812 0.433613 0.0139509 0.0218487 0.00149536
0 0.419085 0.711345 0.243862 0.236134 0.00148392
4 0.849888 0.440336 0.252232 0.394958 0.00134563
4 0.511998 0.227363 0.371094 0.280567 0.00119686
4 0.477121 0.306723 0.708705 0.464706 0.00116062
4 0.868862 0.491492 0.214286 0.290966 0.00109863
0 0.246373 0.432353 0.0100446 0.0235294 0.00104809
0 0.226562 0.431933 0.0094866 0.0193277 0.00104046
4 0.72154 0.557248 0.511161 0.625 0.00103188
4 0.542969 0.478992 0.878348 0.823529 0.533203
4 0.508371 0.267437 0.58817 0.391176 0.0157776
4 0.565709 0.243908 0.464565 0.339916 0.00629044
4 0.768973 0.435714 0.415179 0.389076 0.00388527
4 0.603795 0.207563 0.381696 0.264706 0.00305176
4 0.683594 0.316387 0.539062 0.498319 0.00256157
0 0.257812 0.433613 0.0139509 0.0218487 0.00183105
4 0.849888 0.440336 0.252232 0.394958 0.0015974
0 0.419085 0.710504 0.24442 0.234454 0.00132465
0 0.246373 0.432353 0.0100446 0.0235294 0.0012598
4 0.511719 0.227731 0.370536 0.279412 0.00123501
4 0.726702 0.56208 0.501953 0.632143 0.00121593
0 0.226562 0.431933 0.0094866 0.0193277 0.00119209
4 0.868862 0.491597 0.214286 0.290756 0.00115108
0 0.260184 0.431933 0.0125558 0.0218488 0.00113773
4 0.751116 0.277784 0.409598 0.420903 0.00106525
4 0.3381 0.346639 0.38072 0.210924 0.00102425
4 0.54269 0.479097 0.874442 0.825 0.523438
4 0.512277 0.265914 0.580357 0.38666 0.0193481
4 0.567522 0.244118 0.46317 0.338655 0.00769424
4 0.768973 0.436029 0.415179 0.388445 0.00388527
4 0.604911 0.208824 0.38058 0.264706 0.00340271
4 0.68471 0.310084 0.534598 0.485714 0.00271416
0 0.257812 0.433613 0.0139509 0.0218487 0.00211525
4 0.849888 0.439391 0.252232 0.393487 0.0017271
0 0.246373 0.432353 0.0100446 0.0235294 0.00150681
4 0.514509 0.228361 0.372768 0.278992 0.00137806
0 0.226562 0.431933 0.0094866 0.0193277 0.00136185
4 0.728655 0.564706 0.495815 0.635294 0.00133514
0 0.260184 0.431933 0.0125558 0.0218488 0.00130463
0 0.421875 0.712605 0.246652 0.233613 0.00125504
4 0.75 0.277731 0.410714 0.420168 0.00122547
4 0.491071 0.739496 0.127232 0.2 0.00112057
4 0.868862 0.491597 0.214286 0.289916 0.00110722
4 0.336426 0.347479 0.379604 0.210084 0.00109863
4 0.542411 0.479937 0.872768 0.828361 0.525391
4 0.512835 0.265546 0.579241 0.384874 0.021286
4 0.56822 0.235924 0.421596 0.302101 0.00436401
4 0.766741 0.436134 0.419643 0.389076 0.00413513
4 0.605469 0.209611 0.38058 0.263971 0.0036068
4 0.685268 0.305252 0.53125 0.47605 0.00277901
0 0.257812 0.433613 0.0139509 0.0218487 0.00246239
0 0.246373 0.432353 0.0100446 0.0235294 0.00178909
4 0.850446 0.439496 0.252232 0.393277 0.00176811
0 0.226562 0.431933 0.0094866 0.0193277 0.00159168
0 0.260184 0.431933 0.0125558 0.0218488 0.00152493
4 0.727679 0.569748 0.498884 0.64874 0.00146675
4 0.491629 0.740336 0.126116 0.196639 0.00135136
4 0.748326 0.277521 0.41183 0.419748 0.00133038
0 0.422154 0.712605 0.246094 0.233613 0.00126934
4 0.335659 0.348319 0.375 0.210924 0.00109863
4 0.868862 0.492017 0.214286 0.289076 0.00107288
4 0.541853 0.479832 0.86942 0.828571 0.523438
4 0.515625 0.264496 0.573661 0.381933 0.0241394
4 0.569057 0.236082 0.422154 0.301786 0.00475693
4 0.765625 0.436134 0.421875 0.389076 0.00400543
4 0.605887 0.209874 0.379743 0.263866 0.00392914
4 0.712054 0.305042 0.43192 0.477311 0.00291252
0 0.257812 0.433613 0.0139509 0.0218487 0.00287819
0 0.246373 0.432353 0.0100446 0.0235294 0.00212479
0 0.226423 0.431933 0.0094866 0.0201681 0.00185299
0 0.260184 0.431933 0.0125558 0.0218488 0.00181007
4 0.492188 0.743277 0.125 0.190756 0.00177479
4 0.850447 0.439496 0.251116 0.392437 0.00163555
4 0.729353 0.570588 0.495536 0.65042 0.00154877
0 0.422433 0.713445 0.245536 0.233613 0.0012064
4 0.493304 0.771429 0.123884 0.134454 0.0011692
4 0.335659 0.348319 0.375 0.210924 0.0011425
0 0.215402 0.431092 0.015067 0.0218488 0.0011158
4 0.598772 0.297899 0.223214 0.105882 0.00104046
4 0.868862 0.492437 0.214286 0.289076 0.00104046
4 0.541853 0.479832 0.86942 0.828571 0.523438
4 0.515904 0.264286 0.573103 0.381513 0.0253754
4 0.569057 0.236187 0.422154 0.302416 0.0049057
4 0.764509 0.436555 0.424107 0.389076 0.0041008
4 0.605887 0.210137 0.379743 0.263761 0.00402451
4 0.712193 0.304622 0.432757 0.47563 0.00298119
0 0.257812 0.433613 0.0139509 0.0218487 0.00286674
0 0.246373 0.432353 0.0100446 0.0235294 0.00209999
4 0.491908 0.742857 0.125558 0.191597 0.00185299
0 0.226562 0.431933 0.0094866 0.0201681 0.0018177
0 0.260184 0.431933 0.0125558 0.0218488 0.00179577
4 0.850446 0.439496 0.25 0.393277 0.0016489
4 0.728934 0.572269 0.497489 0.653781 0.00161648
4 0.493304 0.771429 0.123884 0.134454 0.00121593
0 0.421875 0.713025 0.245536 0.234454 0.0012064
4 0.335938 0.348319 0.373884 0.210924 0.00113773
0 0.215402 0.431092 0.015067 0.0218488 0.00109482
4 0.598214 0.297899 0.223214 0.105882 0.00108147
4 0.868862 0.492437 0.214286 0.289076 0.00104046
