11 0.480655 0.541016 0.0758929 0.0563616 0.918945
6 0.923363 0.392857 0.150298 0.683036 0.187134
9 0.921131 0.123396 0.107143 0.124861 0.0927124
0 0.921131 0.123465 0.105655 0.125 0.0923462
0 0.955357 0.921317 0.0892857 0.149554 0.0301056
37 0.676339 0.791295 0.471726 0.404018 0.0220337
0 0.9375 0.941964 0.0446428 0.09375 0.0174408
6 0.925595 0.289342 0.142857 0.576451 0.01297
7 0.925595 0.289342 0.142857 0.576451 0.0115967
5 0.924107 0.293527 0.145833 0.573661 0.0107803
0 0.927083 0.265346 0.0223214 0.0301339 0.00837708
0 0.936012 0.127651 0.0654762 0.101283 0.008255
6 0.887649 0.355469 0.0788691 0.157366 0.00818634
7 0.923363 0.392857 0.150298 0.683036 0.00619125
72 0.925595 0.40067 0.14881 0.712054 0.00605011
20 0.889881 0.350446 0.0744047 0.146763 0.00591278
37 0.71503 0.657506 0.502976 0.671596 0.00542831
0 0.888393 0.352121 0.0773809 0.15067 0.00453949
0 0.912947 0.248465 0.0967262 0.313337 0.00450516
0 0.920387 0.209542 0.108631 0.298549 0.00362206
6 0.749256 0.633371 0.489583 0.71875 0.00359344
21 0.889881 0.350446 0.0744047 0.146763 0.00314713
12 0.921875 0.123605 0.105655 0.124442 0.00301552
0 0.921131 0.268973 0.0327381 0.0390625 0.00296974
6 0.920387 0.297991 0.159226 0.595982 0.00286674
2 0.925595 0.289342 0.142857 0.576451 0.00279999
31 0.686198 0.795759 0.484747 0.401786 0.00273705
31 0.924107 0.399833 0.14881 0.711496 0.00269318
25 0.480655 0.541016 0.0758929 0.0563616 0.00213242
0 0.9375 0.924107 0.0431548 0.0580357 0.00192642
12 0.888393 0.352121 0.0773809 0.15067 0.00189686
8 0.726935 0.640765 0.519345 0.70731 0.00183868
0 0.971726 0.935268 0.0565476 0.111607 0.0018034
13 0.674293 0.791853 0.481771 0.407366 0.00176811
12 0.925595 0.40067 0.14881 0.712054 0.0015974
11 0.891369 0.34933 0.0714286 0.147321 0.00151253
7 0.617188 0.661272 0.688244 0.667411 0.00150681
9 0.440848 0.0600063 0.0238095 0.0384696 0.00131989
9 0.443452 0.063773 0.0401786 0.044329 0.00127888
9 0.863839 0.142857 0.0342262 0.0351562 0.00123501
2 0.887649 0.355469 0.0788691 0.157366 0.00121593
6 0.617188 0.661272 0.688244 0.667411 0.00119686
11 0.925595 0.40067 0.14881 0.712054 0.00118828
0 0.922619 0.0955636 0.132441 0.183873 0.00117874
10 0.887649 0.355469 0.0788691 0.157366 0.00117397
2 0.923363 0.392857 0.150298 0.683036 0.0011425
7 0.726935 0.640765 0.519345 0.70731 0.00113392
0 0.96875 0.920201 0.0625 0.145089 0.00112915
30 0.925595 0.40067 0.14881 0.712054 0.00109863
5 0.920387 0.297991 0.159226 0.595982 0.00107765
4 0.749256 0.633371 0.489583 0.71875 0.00107288
14 0.681548 0.629464 0.0476191 0.0736607 0.00106525
2 0.675409 0.793527 0.482515 0.402902 0.00102043
9 0.920387 0.209542 0.108631 0.298549 0.00101662
11 0.480655 0.541016 0.0758929 0.0563616 0.896484
6 0.922619 0.393136 0.151786 0.682478 0.175537
9 0.921131 0.123326 0.107143 0.125 0.104492
0 0.921131 0.123465 0.105655 0.125279 0.0740967
0 0.953869 0.921875 0.0922619 0.149554 0.0247955
0 0.9375 0.941406 0.0446428 0.0926339 0.0181885
5 0.922619 0.292969 0.147321 0.578125 0.0161591
7 0.922619 0.292969 0.147321 0.578125 0.0126266
6 0.924107 0.289621 0.145833 0.577009 0.012146
0 0.936012 0.129325 0.0639881 0.0970982 0.0116882
37 0.677827 0.791853 0.474702 0.402902 0.0113754
0 0.927083 0.265206 0.0223214 0.0298549 0.00844574
6 0.886905 0.357701 0.0803571 0.16183 0.0069313
72 0.925595 0.399275 0.14881 0.710379 0.00609589
5 0.925595 0.399275 0.14881 0.710379 0.00466537
20 0.889881 0.350446 0.0744047 0.147321 0.0036068
6 0.733631 0.641741 0.508929 0.705357 0.00359344
2 0.922619 0.292969 0.147321 0.578125 0.00351143
7 0.924107 0.398717 0.151786 0.711496 0.00348282
0 0.912202 0.245815 0.0982143 0.306362 0.00344276
0 0.921875 0.268694 0.03125 0.0385045 0.00342941
0 0.919643 0.207031 0.107143 0.294643 0.00333786
12 0.921875 0.123465 0.105655 0.124442 0.00292397
0 0.888393 0.352679 0.0773809 0.152902 0.00277901
0 0.970238 0.919643 0.0595238 0.145089 0.00268364
6 0.918899 0.291016 0.162202 0.576451 0.00243378
37 0.720238 0.657924 0.498512 0.670759 0.00224304
0 0.919643 0.133405 0.0892857 0.100935 0.00209045
0 0.9375 0.921875 0.0416667 0.0535714 0.00209045
9 0.442336 0.0637556 0.0372024 0.0438058 0.0020752
31 0.924107 0.398717 0.151786 0.711496 0.00202751
25 0.480655 0.541016 0.0758929 0.0563616 0.00188923
9 0.863095 0.142857 0.0357143 0.0351562 0.00178909
9 0.440848 0.0601109 0.0230655 0.0385393 0.00176144
0 0.921131 0.0956334 0.133929 0.184291 0.00164223
12 0.888393 0.352679 0.0773809 0.152902 0.00160408
0 0.973214 0.930804 0.0505953 0.118304 0.0014782
2 0.316964 0.323661 0.0401786 0.0189732 0.0014267
21 0.889881 0.350446 0.0744047 0.147321 0.00141048
6 0.642671 0.662946 0.631324 0.664062 0.00138855
9 0.196057 0.116769 0.0238095 0.0683594 0.00131989
12 0.925595 0.399275 0.14881 0.710379 0.00126457
2 0.886905 0.357701 0.0803571 0.16183 0.00123978
13 0.675595 0.791295 0.483631 0.408482 0.0012064
31 0.687314 0.795759 0.482515 0.401786 0.0011034
2 0.921131 0.123465 0.105655 0.125279 0.00109863
8 0.733631 0.641741 0.508929 0.705357 0.00109863
9 0.919643 0.207031 0.107143 0.294643 0.00105667
11 0.479911 0.511719 0.03125 0.0100446 0.00105286
0 0.922619 0.292969 0.147321 0.578125 0.00102425
30 0.925595 0.399275 0.14881 0.710379 0.00101662
2 0.949405 0.920759 0.10119 0.148438 0.00101662
11 0.480655 0.541295 0.0758929 0.0558036 0.883301
6 0.921131 0.352679 0.151786 0.659598 0.156616
9 0.920387 0.123186 0.107143 0.125279 0.117554
0 0.921131 0.123396 0.105655 0.12514 0.0604248
5 0.921131 0.288225 0.151786 0.570871 0.0212097
0 0.953869 0.921875 0.0922619 0.149554 0.0208893
7 0.921131 0.352679 0.151786 0.659598 0.0189819
0 0.9375 0.940848 0.0446428 0.0915178 0.0184326
0 0.936012 0.130266 0.0639881 0.0943778 0.0133743
0 0.927083 0.265346 0.0223214 0.0295759 0.00857544
37 0.678571 0.792411 0.477679 0.401786 0.00636292
72 0.924851 0.395089 0.150298 0.703125 0.00624084
6 0.886905 0.358259 0.0803571 0.162946 0.00598145
5 0.924851 0.395089 0.150298 0.703125 0.00503922
2 0.921131 0.288225 0.151786 0.570871 0.00426483
0 0.921875 0.268345 0.03125 0.0380859 0.00362206
9 0.447173 0.0635986 0.0401786 0.0457938 0.00317192
9 0.44122 0.0637556 0.0349702 0.0436663 0.00316048
6 0.736607 0.645089 0.505952 0.698661 0.00316048
12 0.921875 0.123326 0.105655 0.124442 0.00283432
0 0.919643 0.204799 0.107143 0.290179 0.00268364
2 0.317336 0.324219 0.0409226 0.0184152 0.00257111
9 0.440848 0.0603899 0.0230655 0.0388184 0.00250244
20 0.889881 0.350725 0.0758928 0.147321 0.00245285
0 0.919643 0.134347 0.0877976 0.0984933 0.00244331
0 0.970238 0.919643 0.0595238 0.145089 0.00236893
0 0.912202 0.243304 0.0982143 0.299107 0.00235939
9 0.863095 0.142857 0.0357143 0.0351562 0.00226974
9 0.195871 0.116908 0.0238095 0.0678013 0.00225258
0 0.921131 0.0955636 0.133929 0.184431 0.00222588
0 0.9375 0.920759 0.0416667 0.0513392 0.00221634
6 0.917039 0.280413 0.165923 0.55413 0.00205803
0 0.887649 0.352679 0.0788691 0.154018 0.00183868
25 0.480655 0.541295 0.0758929 0.0558036 0.0018177
9 0.292783 0.118443 0.0238095 0.0407366 0.00175476
0 0.97247 0.93471 0.0550595 0.109375 0.00167465
31 0.922619 0.393136 0.154762 0.702567 0.00146103
2 0.949033 0.920759 0.101935 0.148438 0.00142097
9 0.445685 0.0599888 0.0297619 0.038365 0.00136662
12 0.887649 0.352679 0.0788691 0.154018 0.00136662
11 0.479911 0.511719 0.03125 0.0100446 0.00123501
12 0.922619 0.393136 0.154762 0.702567 0.00110722
9 0.919643 0.204799 0.107143 0.290179 0.0011034
2 0.859375 0.604911 0.0431548 0.0401785 0.00109863
2 0.921131 0.123396 0.105655 0.12514 0.00105667
14 0.338542 0.38644 0.0119047 0.0133929 0.00101185
11 0.480655 0.540458 0.0773809 0.0563616 0.891602
6 0.919643 0.348772 0.157738 0.659598 0.155029
9 0.919643 0.123047 0.110119 0.125558 0.108215
0 0.921131 0.123256 0.107143 0.12514 0.0528259
5 0.919643 0.285993 0.154762 0.568638 0.0271759
7 0.919643 0.348772 0.157738 0.659598 0.0258636
0 0.956101 0.920759 0.0877976 0.149554 0.0196381
0 0.936012 0.131278 0.0639881 0.0909598 0.0179138
0 0.9375 0.940848 0.0446428 0.0915178 0.0146179
0 0.927083 0.265206 0.0208333 0.0292969 0.00941467
2 0.919643 0.285993 0.154762 0.568638 0.00600433
5 0.924107 0.389509 0.151786 0.696429 0.00588989
72 0.924107 0.389509 0.151786 0.696429 0.00536346
6 0.886905 0.35798 0.0818452 0.163504 0.00526047
2 0.317708 0.324498 0.0401786 0.0172991 0.00521851
9 0.440476 0.0636858 0.0327381 0.0433873 0.00494385
9 0.447173 0.0637381 0.0386905 0.0455148 0.00484848
9 0.292411 0.118443 0.0238095 0.0404576 0.00428009
6 0.739583 0.646205 0.504464 0.696429 0.00413513
9 0.195685 0.117048 0.0234375 0.0672433 0.0041008
9 0.440476 0.0603899 0.0223214 0.0385393 0.00369263
0 0.921875 0.268415 0.0297619 0.0373884 0.00363541
0 0.920387 0.135568 0.0863095 0.0954939 0.00348282
9 0.863095 0.142857 0.0357143 0.0351562 0.00312424
12 0.921131 0.123186 0.107143 0.124442 0.00271416
0 0.913691 0.109515 0.127976 0.153739 0.00269318
37 0.677269 0.791295 0.490699 0.408482 0.00261116
0 0.918155 0.202567 0.107143 0.286272 0.00251198
2 0.948289 0.920759 0.103423 0.149554 0.00221634
9 0.444941 0.0589948 0.0282738 0.0360282 0.00210762
0 0.9375 0.920759 0.0416667 0.0491071 0.00204277
25 0.480655 0.541295 0.0758929 0.0558036 0.00171375
11 0.479911 0.511719 0.03125 0.0100446 0.00166798
20 0.886905 0.352958 0.0803571 0.154576 0.00162888
6 0.915179 0.271833 0.169643 0.537807 0.00147247
14 0.196057 0.118443 0.0264137 0.0666853 0.00146675
6 0.918899 0.240513 0.162202 0.473214 0.00146103
0 0.973214 0.915737 0.0535714 0.132813 0.00141048
2 0.859375 0.604911 0.0431548 0.0412946 0.00137806
0 0.912202 0.239118 0.0967262 0.286272 0.00130463
12 0.886905 0.352958 0.0803571 0.154576 0.00122547
14 0.338542 0.38644 0.0119047 0.0133929 0.0012064
9 0.858631 0.147042 0.0401786 0.0284598 0.00118828
0 0.973958 0.919643 0.0520833 0.0915179 0.00118828
2 0.924107 0.389509 0.151786 0.696429 0.00116062
0 0.886905 0.352958 0.0803571 0.154576 0.00115108
0 0.970238 0.938616 0.0595238 0.104911 0.00114727
7 0.918899 0.240513 0.162202 0.473214 0.00113392
2 0.921131 0.123256 0.107143 0.12514 0.00109863
2 0.316592 0.237444 0.0424107 0.0237165 0.00107288
0 0.863095 0.142857 0.0357143 0.0351562 0.00105667
0 0.688988 0.357143 0.016369 0.0167411 0.00104427
11 0.481027 0.540179 0.0766369 0.0558036 0.906738
6 0.918155 0.345703 0.160714 0.663505 0.162354
9 0.918155 0.122907 0.110119 0.125279 0.078064
0 0.920387 0.123047 0.107143 0.125 0.0410767
5 0.918155 0.284598 0.160714 0.566964 0.0347595
7 0.918155 0.284598 0.160714 0.566964 0.0332031
0 0.936012 0.132499 0.0625 0.0876814 0.0297089
0 0.955357 0.920759 0.0892857 0.149554 0.0158386
0 0.9375 0.94029 0.0446428 0.0904017 0.0111618
2 0.317708 0.324498 0.0401786 0.0172991 0.0103302
0 0.927083 0.265067 0.0208333 0.0290179 0.0101318
9 0.292411 0.118373 0.0238095 0.0405971 0.00908661
6 0.741071 0.646205 0.502976 0.696429 0.00841522
9 0.438988 0.0638951 0.0297619 0.0432478 0.00831604
9 0.447173 0.0638951 0.0379464 0.0452009 0.00831604
2 0.918155 0.284598 0.160714 0.566964 0.00793457
0 0.922619 0.1363 0.0833333 0.093471 0.0069046
5 0.924107 0.387277 0.151786 0.69308 0.00669098
9 0.195685 0.117048 0.0230655 0.0669643 0.00624084
9 0.440476 0.0608956 0.0215774 0.039202 0.00544739
7 0.924107 0.387277 0.151786 0.69308 0.00540543
6 0.886905 0.357701 0.0833333 0.164063 0.00455475
9 0.296131 0.118373 0.0297619 0.0439453 0.00439835
72 0.924107 0.387277 0.151786 0.69308 0.00439835
9 0.863095 0.142578 0.0357143 0.0351562 0.0039444
0 0.921875 0.268415 0.0297619 0.0373884 0.00383949
9 0.444196 0.0593611 0.0267857 0.0364118 0.00329781
0 0.918155 0.204102 0.107143 0.290458 0.00253105
6 0.915923 0.242467 0.168155 0.478795 0.00252151
11 0.479911 0.511719 0.03125 0.0100446 0.00228691
9 0.43378 0.0642439 0.0669643 0.046875 0.00228691
12 0.921131 0.123117 0.105655 0.124302 0.00215721
9 0.389137 0.113002 0.0163691 0.0343192 0.00214958
2 0.947545 0.920759 0.104911 0.149554 0.00214958
0 0.918155 0.0954939 0.136905 0.184849 0.00205803
14 0.196057 0.118373 0.0260417 0.0665458 0.00173378
2 0.316964 0.237444 0.0416667 0.0237165 0.00171375
25 0.480655 0.541295 0.0758929 0.0558036 0.00171375
0 0.936012 0.927455 0.0446428 0.0647321 0.00168705
0 0.9375 0.918527 0.0446428 0.0491072 0.00165462
7 0.31622 0.32394 0.0386905 0.0184152 0.00158501
0 0.863095 0.142578 0.0357143 0.0351562 0.00155449
2 0.859375 0.604911 0.0431548 0.0424107 0.00153637
2 0.924107 0.387277 0.151786 0.69308 0.00153637
9 0.858631 0.146763 0.0401786 0.0284598 0.00152493
0 0.9375 0.116908 0.0654762 0.111049 0.00150681
2 0.276786 0.341518 0.0178571 0.0100446 0.00135136
14 0.338914 0.38644 0.0119048 0.0133929 0.00134563
37 0.678571 0.790179 0.494048 0.410714 0.00132465
0 0.973214 0.916295 0.0535714 0.135045 0.00129986
2 0.920387 0.123047 0.107143 0.125 0.0012598
9 0.203125 0.136998 0.014881 0.0256696 0.0012207
6 0.894345 0.219308 0.184524 0.359375 0.00118351
2 0.927083 0.26423 0.0208333 0.0279018 0.00113392
2 0.334821 0.236049 0.0714286 0.0267857 0.0011158
0 0.688988 0.357143 0.016369 0.0167411 0.0011034
12 0.886905 0.352679 0.0803571 0.15625 0.00109482
9 0.425223 0.235491 0.0238095 0.0223214 0.00107288
20 0.886905 0.352679 0.0803571 0.15625 0.00106049
11 0.481399 0.540458 0.0758929 0.0552455 0.926758
6 0.913691 0.381696 0.169643 0.657366 0.212769
6 0.915179 0.273717 0.166667 0.542969 0.0894775
9 0.921131 0.122977 0.104167 0.124023 0.0675659
0 0.936012 0.133336 0.0625 0.0854492 0.0499573
5 0.915179 0.273717 0.166667 0.542969 0.0481262
7 0.915179 0.273717 0.166667 0.542969 0.0467224
0 0.920387 0.122977 0.105655 0.124581 0.041687
6 0.74256 0.643973 0.502976 0.700893 0.0292053
0 0.925595 0.136754 0.0744048 0.0920061 0.0159607
0 0.927083 0.265206 0.0208333 0.0292969 0.0157776
7 0.913691 0.381696 0.169643 0.657366 0.0154266
0 0.953125 0.921317 0.09375 0.15067 0.014061
2 0.317336 0.324498 0.0394345 0.0167411 0.0132751
9 0.292411 0.118304 0.0238095 0.0404576 0.0125275
5 0.913691 0.381696 0.169643 0.657366 0.0112457
9 0.447173 0.0640172 0.0372024 0.0449568 0.00933838
9 0.43936 0.0639648 0.030506 0.0432478 0.00923157
0 0.9375 0.939732 0.0446428 0.0892857 0.0086441
2 0.915179 0.273717 0.166667 0.542969 0.00831604
9 0.195685 0.117118 0.0230655 0.0668248 0.00809479
0 0.922619 0.268345 0.0297619 0.0369699 0.00600433
9 0.296131 0.118304 0.0297619 0.0438058 0.00591278
9 0.440476 0.0608433 0.0208333 0.0390276 0.00519943
9 0.864583 0.142578 0.0327381 0.0348772 0.00450516
6 0.886161 0.357701 0.0833333 0.165179 0.00415039
9 0.436384 0.0641567 0.0617559 0.0463518 0.0037365
11 0.479911 0.511719 0.03125 0.0100446 0.0036068
72 0.923735 0.38365 0.15253 0.683594 0.00348282
9 0.444196 0.058245 0.0267857 0.0339007 0.00345612
6 0.720424 0.737863 0.493676 0.504185 0.00329781
9 0.389137 0.113002 0.015625 0.0345982 0.00246239
9 0.203125 0.137033 0.014881 0.0261579 0.00232315
0 0.918155 0.206892 0.107143 0.297154 0.00228691
0 0.864583 0.142578 0.0327381 0.0348772 0.00225258
25 0.480655 0.541295 0.0758929 0.0558036 0.00218201
6 0.801339 0.595006 0.395833 0.700614 0.00218201
2 0.919643 0.383371 0.160714 0.665179 0.00214958
2 0.316964 0.237444 0.0416667 0.0237165 0.00212479
7 0.31622 0.324219 0.0386905 0.0178571 0.00200272
9 0.859375 0.145647 0.0386905 0.0301339 0.00191879
0 0.9375 0.117746 0.0654762 0.106864 0.00185299
12 0.921131 0.122977 0.104167 0.124023 0.0018034
6 0.894345 0.223772 0.184524 0.374442 0.0017271
14 0.196057 0.118373 0.0260417 0.0662667 0.0016489
2 0.947173 0.920759 0.105655 0.149554 0.0016489
2 0.860119 0.604911 0.0416667 0.0412946 0.00156116
9 0.425223 0.235491 0.0238095 0.0223214 0.00152493
2 0.276786 0.342076 0.0178571 0.0100446 0.00152493
0 0.936012 0.928572 0.0446428 0.0658483 0.0014782
2 0.927083 0.26423 0.0208333 0.0279018 0.00146675
0 0.9375 0.919085 0.0446428 0.0491072 0.00145531
2 0.920387 0.122977 0.105655 0.124581 0.00145531
14 0.338914 0.38644 0.0119048 0.0133929 0.00144386
0 0.918155 0.0952846 0.139881 0.184431 0.00144386
0 0.688988 0.357143 0.016369 0.0167411 0.00139427
9 0.198661 0.136405 0.0223214 0.0296456 0.00133514
0 0.973214 0.917411 0.0535714 0.138393 0.00128937
2 0.579985 0.343471 0.0282738 0.0117188 0.00124454
2 0.889881 0.350167 0.0758928 0.148996 0.00117874
2 0.326265 0.309152 0.015625 0.0100446 0.0011425
7 0.894345 0.223772 0.184524 0.374442 0.00112057
0 0.927083 0.248047 0.0208333 0.0658482 0.0011158
2 0.317708 0.329799 0.0364583 0.0234375 0.00110722
2 0.334821 0.23591 0.0699405 0.0262277 0.00107288
2 0.308036 0.342076 0.0171131 0.0100446 0.00104809
2 0.78125 0.603795 0.0267857 0.00892858 0.00104427
8 0.74256 0.643973 0.502976 0.700893 0.00102806
11 0.481399 0.540737 0.0758929 0.0546875 0.932617
6 0.912202 0.384487 0.172619 0.662946 0.255371
6 0.743304 0.637835 0.502976 0.715402 0.152588
6 0.915923 0.27567 0.168155 0.546875 0.110474
9 0.921131 0.122977 0.104167 0.124023 0.0661011
0 0.936012 0.133929 0.0625 0.0839844 0.0650024
5 0.915923 0.27567 0.168155 0.546875 0.0628052
7 0.915923 0.27567 0.168155 0.546875 0.0497742
0 0.919643 0.12207 0.104167 0.125 0.0439453
0 0.927083 0.265067 0.0208333 0.0295759 0.0180969
7 0.912202 0.384487 0.172619 0.662946 0.0180511
5 0.912202 0.384487 0.172619 0.662946 0.0161591
2 0.317336 0.324498 0.0394345 0.0167411 0.0146179
9 0.292411 0.118234 0.0230655 0.0403181 0.0130692
0 0.918155 0.138428 0.0922619 0.0936803 0.0119171
0 0.952381 0.920759 0.0952381 0.149554 0.0116882
2 0.915923 0.27567 0.168155 0.546875 0.00908661
9 0.447545 0.0641915 0.0372024 0.044887 0.00894928
9 0.438988 0.0640172 0.0290179 0.0430036 0.00888062
6 0.708519 0.765625 0.532366 0.459821 0.0088501
9 0.195685 0.117118 0.0230655 0.0665458 0.00766754
6 0.815104 0.572545 0.369792 0.716518 0.00706482
0 0.922619 0.268345 0.0297619 0.0369699 0.00666809
9 0.296131 0.118234 0.0297619 0.0436663 0.00664139
9 0.439732 0.0642439 0.0543155 0.0458984 0.00494385
9 0.440476 0.0608433 0.0208333 0.0390276 0.00455475
11 0.479911 0.511719 0.03125 0.0100446 0.00452042
0 0.938988 0.939732 0.0476191 0.0892857 0.00434875
9 0.864583 0.142578 0.0327381 0.0345982 0.00411606
72 0.924107 0.383929 0.151786 0.683036 0.00337601
9 0.444196 0.0574079 0.0267857 0.0322266 0.00332451
6 0.886161 0.357143 0.0833333 0.165179 0.00323486
9 0.203125 0.136754 0.015253 0.0261579 0.00277901
0 0.864583 0.142578 0.0327381 0.0345982 0.00277901
25 0.480655 0.541574 0.0751488 0.0552455 0.00269318
2 0.316964 0.237444 0.0401786 0.0234375 0.00261116
8 0.732887 0.650112 0.511905 0.686384 0.00259018
6 0.665179 0.653878 0.571429 0.625279 0.00243378
0 0.918155 0.207589 0.104167 0.299107 0.00229645
9 0.389137 0.113072 0.0148809 0.0344587 0.00223351
7 0.31622 0.324219 0.0386905 0.0178571 0.00215721
0 0.9375 0.119001 0.0654762 0.1024 0.00209045
2 0.919643 0.384487 0.160714 0.668527 0.00209045
6 0.894345 0.227958 0.1875 0.390067 0.00201988
9 0.425595 0.235352 0.0238095 0.0223214 0.00184631
9 0.859375 0.145647 0.0386905 0.0295759 0.00176811
5 0.760231 0.631696 0.473586 0.725446 0.00168705
12 0.921131 0.122977 0.104167 0.124023 0.00165462
9 0.198661 0.136405 0.0223214 0.0296456 0.00162315
14 0.196057 0.118304 0.0252976 0.0658482 0.00152493
7 0.760231 0.631696 0.473586 0.725446 0.00151253
2 0.927083 0.26423 0.0208333 0.0279018 0.00148964
2 0.946057 0.920759 0.107887 0.147321 0.00148964
2 0.579985 0.343471 0.0282738 0.0117188 0.0014782
2 0.889881 0.349888 0.0758928 0.149554 0.00144386
2 0.277158 0.341797 0.0178571 0.0100446 0.00143242
0 0.688988 0.357143 0.016369 0.0167411 0.00143242
2 0.920387 0.122907 0.105655 0.124442 0.00143242
14 0.338914 0.38644 0.0119048 0.0133929 0.00137806
7 0.894345 0.227958 0.1875 0.390067 0.00127888
2 0.326265 0.309152 0.015625 0.0100446 0.00126934
0 0.927083 0.25 0.0208333 0.0613839 0.00124454
56 0.953869 0.920759 0.0922619 0.149554 0.00123024
2 0.334449 0.23577 0.0699405 0.0262277 0.00122547
2 0.317708 0.329241 0.0364583 0.0234375 0.00120163
2 0.860119 0.604911 0.0416667 0.0412946 0.00118828
9 0.448661 0.0657785 0.0275298 0.0424107 0.00115108
0 0.859375 0.145647 0.0386905 0.0295759 0.0011425
0 0.870536 0.141044 0.0238096 0.0351562 0.00109863
5 0.894345 0.227958 0.1875 0.390067 0.00107765
0 0.973214 0.917411 0.0535714 0.138393 0.00106907
2 0.308036 0.342076 0.0171131 0.0100446 0.00104046
4 0.915923 0.27567 0.168155 0.546875 0.00104046
0 0.918155 0.0953544 0.142857 0.18457 0.00100803
11 0.480655 0.541295 0.0758929 0.0546875 0.935059
6 0.90997 0.385324 0.177083 0.666853 0.317383
6 0.741257 0.634487 0.508557 0.723214 0.275879
6 0.915923 0.275949 0.168155 0.547433 0.14563
0 0.936012 0.134208 0.0625 0.0831473 0.0907593
9 0.921131 0.122907 0.104167 0.123884 0.0675659
5 0.915923 0.275949 0.168155 0.547433 0.062561
7 0.915923 0.275949 0.168155 0.547433 0.0470886
0 0.919643 0.121931 0.104167 0.125 0.0421753
0 0.927083 0.265206 0.0208333 0.0292969 0.0199432
2 0.316964 0.324498 0.0386905 0.0167411 0.0178528
0 0.919643 0.13923 0.0892857 0.0909598 0.0177155
6 0.810268 0.571429 0.379464 0.743304 0.0160217
9 0.292411 0.118234 0.0230655 0.0403181 0.0145035
6 0.706845 0.750558 0.535714 0.489955 0.0138474
7 0.90997 0.385324 0.177083 0.666853 0.0126266
5 0.916667 0.383371 0.166667 0.690848 0.0125275
0 0.950893 0.920759 0.0967262 0.149554 0.0123367
2 0.915923 0.275949 0.168155 0.547433 0.00857544
9 0.438988 0.0641567 0.0282738 0.0430036 0.00815582
9 0.447173 0.0641567 0.0372024 0.0446777 0.00793457
9 0.296131 0.118164 0.0297619 0.0438058 0.00769424
0 0.921875 0.268415 0.0282738 0.0368304 0.00669098
9 0.195685 0.117188 0.0230655 0.0664062 0.00605011
11 0.479911 0.511719 0.03125 0.0100446 0.0055542
6 0.666667 0.647879 0.574405 0.639509 0.00450516
0 0.938988 0.939732 0.0476191 0.0892857 0.00432968
9 0.440476 0.0609654 0.0208333 0.0393415 0.00407028
2 0.316964 0.237584 0.0401786 0.0234375 0.00379562
9 0.865327 0.142439 0.03125 0.0345982 0.00370789
25 0.480655 0.541853 0.0751488 0.0546875 0.0036068
8 0.741257 0.634487 0.508557 0.723214 0.00348282
0 0.865327 0.142439 0.03125 0.0345982 0.00335121
72 0.924107 0.383929 0.151786 0.683036 0.00335121
6 0.892857 0.233259 0.190476 0.40067 0.00329781
6 0.886161 0.357143 0.0833333 0.165179 0.00325966
9 0.443824 0.0574777 0.0252976 0.0325056 0.00312424
9 0.203125 0.136719 0.015253 0.0262277 0.00283432
0 0.9375 0.11921 0.0654762 0.101423 0.00276756
7 0.31622 0.324219 0.0386905 0.0178571 0.00263214
5 0.758743 0.629464 0.476563 0.732143 0.00234985
9 0.425223 0.235352 0.0230655 0.0223214 0.00227928
0 0.918155 0.205636 0.104167 0.296317 0.00227928
9 0.389137 0.113072 0.0148809 0.0344587 0.00191879
2 0.927083 0.26423 0.0208333 0.0279018 0.00188255
12 0.921131 0.122907 0.104167 0.123884 0.00186062
0 0.860119 0.144531 0.0416667 0.0340402 0.00185299
9 0.198661 0.1363 0.0226935 0.0298549 0.00174141
2 0.579985 0.343471 0.0282738 0.0117188 0.00165462
8 0.822917 0.55413 0.354167 0.635045 0.0016489
2 0.326265 0.309152 0.015625 0.0100446 0.00162888
2 0.277158 0.342076 0.0178571 0.0100446 0.00161076
2 0.920387 0.122768 0.104167 0.124163 0.0015974
2 0.317708 0.329241 0.0364583 0.0234375 0.00154877
14 0.196057 0.118164 0.0252976 0.0655692 0.00154877
9 0.859375 0.145926 0.0386905 0.0292969 0.00154305
2 0.860119 0.604911 0.0416667 0.0412946 0.00150108
7 0.758743 0.629464 0.476563 0.732143 0.0014782
0 0.688988 0.357143 0.016369 0.0172991 0.00147247
2 0.945313 0.920759 0.109375 0.147321 0.00144958
7 0.892857 0.233259 0.190476 0.40067 0.00143242
2 0.781994 0.603795 0.0267857 0.00892858 0.00141048
4 0.915923 0.275949 0.168155 0.547433 0.00133514
2 0.334077 0.23577 0.0699405 0.0256696 0.00132465
0 0.870536 0.140904 0.0238096 0.0348772 0.00127888
0 0.926339 0.252093 0.0208333 0.0566406 0.00127411
5 0.892857 0.233259 0.190476 0.40067 0.00119686
4 0.733817 0.645647 0.517485 0.695312 0.00116062
2 0.308036 0.342076 0.0163691 0.0100446 0.00115108
2 0.861607 0.143415 0.0386904 0.0340402 0.00113773
14 0.338914 0.38644 0.0119048 0.0133929 0.00113773
2 0.31622 0.30971 0.0357143 0.0133929 0.00113392
9 0.289063 0.116908 0.0230655 0.0435268 0.0011034
13 0.875744 0.426339 0.0610119 0.0301339 0.0011034
9 0.449033 0.065918 0.0267857 0.0422712 0.00108624
2 0.311012 0.341239 0.0133929 0.0111607 0.00108624
2 0.916667 0.383371 0.166667 0.690848 0.00107765
2 0.277902 0.217913 0.0193453 0.00837054 0.00107288
8 0.915923 0.275949 0.168155 0.547433 0.00106525
56 0.953869 0.920201 0.0922619 0.149554 0.00104809
2 0.889881 0.349609 0.0758928 0.150112 0.00101185
0 0.973214 0.917411 0.0535714 0.138393 0.00100422
6 0.866071 0.262277 0.220238 0.414062 0.00100422
11 0.480655 0.541295 0.0758929 0.0546875 0.943848
6 0.737351 0.632952 0.516369 0.7274 0.44165
6 0.913691 0.382812 0.169643 0.689732 0.359375
6 0.915551 0.274833 0.168899 0.545759 0.178345
0 0.936012 0.134487 0.0625 0.0823103 0.106689
9 0.921131 0.122768 0.104167 0.123884 0.0680542
5 0.915551 0.274833 0.168899 0.545759 0.0658569
7 0.915551 0.274833 0.168899 0.545759 0.0512695
0 0.919643 0.121861 0.104167 0.124861 0.0404663
6 0.807478 0.569755 0.385045 0.760045 0.033844
9 0.292411 0.118304 0.0230655 0.0404576 0.0259552
2 0.316964 0.324777 0.0386905 0.0167411 0.0241394
0 0.919643 0.139788 0.0892857 0.0895647 0.0223236
6 0.705357 0.735352 0.541667 0.518136 0.0219421
0 0.927083 0.265346 0.0208333 0.0290179 0.0214539
9 0.296131 0.118164 0.0297619 0.0440848 0.0147858
5 0.913691 0.382812 0.169643 0.689732 0.0119629
0 0.949405 0.920759 0.0997024 0.149554 0.0113754
9 0.447173 0.0643311 0.0372024 0.044608 0.0106964
9 0.438616 0.0642439 0.0282738 0.0429688 0.0106125
7 0.908482 0.384487 0.18006 0.668527 0.0104523
2 0.915551 0.274833 0.168899 0.545759 0.008255
9 0.195685 0.117327 0.0230655 0.0661272 0.00720596
0 0.922619 0.268415 0.0267857 0.0362723 0.0069046
11 0.479911 0.511719 0.03125 0.0100446 0.00621796
2 0.316964 0.237723 0.0401786 0.0234375 0.00544739
9 0.440104 0.0612444 0.0208333 0.0396205 0.00500107
6 0.892857 0.238839 0.19494 0.418527 0.00481033
9 0.444196 0.057966 0.0252976 0.0333426 0.00416565
8 0.737351 0.632952 0.516369 0.7274 0.0041008
0 0.865327 0.142439 0.03125 0.0345982 0.00392914
9 0.203125 0.136719 0.015625 0.0265067 0.00385475
25 0.480655 0.541853 0.0751488 0.0546875 0.00382423
0 0.938988 0.939732 0.0476191 0.0892857 0.00365067
9 0.865327 0.142439 0.03125 0.0345982 0.00358009
7 0.31622 0.324219 0.0379464 0.0178571 0.00345612
9 0.425223 0.235212 0.0230655 0.0223214 0.00325966
72 0.924107 0.382254 0.151786 0.679688 0.00317192
0 0.9375 0.120257 0.0654762 0.0990513 0.00314713
9 0.389137 0.114049 0.0163691 0.0350167 0.00312424
6 0.885417 0.356864 0.0833333 0.165737 0.00304031
8 0.821429 0.553013 0.357143 0.659598 0.00277901
5 0.756696 0.628209 0.482143 0.734654 0.00276756
9 0.198475 0.136196 0.0226934 0.0300642 0.00234222
2 0.927083 0.26409 0.0208333 0.0276228 0.00216484
2 0.317708 0.329241 0.0357143 0.0234375 0.00215721
2 0.326265 0.309152 0.015625 0.0100446 0.00210762
0 0.918155 0.20466 0.104167 0.29548 0.00206757
0 0.860119 0.144671 0.0416667 0.0334821 0.0020504
2 0.277158 0.342076 0.0178571 0.0100446 0.0020504
2 0.579985 0.343192 0.0282738 0.0122768 0.00198746
7 0.892857 0.238839 0.19494 0.418527 0.00179577
12 0.921131 0.122768 0.104167 0.123884 0.00177479
0 0.688988 0.357143 0.016369 0.0172991 0.0017271
2 0.781994 0.603795 0.0267857 0.00892858 0.00168705
4 0.915551 0.274833 0.168899 0.545759 0.00166798
2 0.920387 0.122628 0.104167 0.124163 0.0016489
9 0.858631 0.146205 0.0386905 0.0290179 0.00163555
2 0.308036 0.342076 0.0171131 0.0100446 0.00162315
9 0.448661 0.0659877 0.0267857 0.0421317 0.00153637
2 0.334077 0.23577 0.0684524 0.0256696 0.00153065
2 0.27753 0.217913 0.0193453 0.00837054 0.00152493
14 0.196243 0.118164 0.0252976 0.0655692 0.00152493
2 0.311012 0.341239 0.0141369 0.0111607 0.00148964
2 0.31622 0.309431 0.0349702 0.0133929 0.00148392
2 0.860119 0.604911 0.0416667 0.0401785 0.0014782
0 0.870536 0.140904 0.0238096 0.0348772 0.00145531
5 0.892857 0.238839 0.19494 0.418527 0.00145531
2 0.944569 0.920759 0.110863 0.147321 0.0014267
0 0.926339 0.252511 0.0208333 0.0552455 0.00139427
2 0.861607 0.143694 0.0386904 0.0340402 0.00137806
9 0.442708 0.0587333 0.0491071 0.0541295 0.00134563
7 0.700149 0.65625 0.535714 0.676339 0.00133514
6 0.865327 0.264509 0.226191 0.421875 0.00131989
9 0.723958 0.0818917 0.0297619 0.0371094 0.00129986
7 0.766183 0.602539 0.464658 0.743583 0.00127411
4 0.732143 0.643834 0.520833 0.69894 0.00125504
2 0.186756 0.327567 0.0133929 0.0106027 0.00124931
13 0.875 0.426618 0.0595238 0.0295759 0.00124931
6 0.607887 0.690848 0.671131 0.575893 0.00123501
8 0.915551 0.274833 0.168899 0.545759 0.00121593
2 0.13058 0.239118 0.0758929 0.0217634 0.00119686
2 0.435268 0.273996 0.0699405 0.0200893 0.00119686
2 0.415551 0.272879 0.0364583 0.0217634 0.00118828
2 0.30878 0.30971 0.0238095 0.0122768 0.00117874
14 0.338914 0.38644 0.0119048 0.0133929 0.00112915
0 0.593006 0.479911 0.0163691 0.0189732 0.0011158
9 0.316964 0.237723 0.0401786 0.0234375 0.0011034
9 0.216146 0.260742 0.0133929 0.0122768 0.00109863
6 0.764137 0.621094 0.383929 0.66183 0.00109005
2 0.274182 0.342913 0.0200893 0.0117188 0.00105667
0 0.933036 0.109305 0.0773809 0.0955636 0.00104809
56 0.952381 0.920201 0.0952381 0.149554 0.00104427
13 0.875 0.431362 0.0565476 0.0189732 0.00102806
6 0.813244 0.530692 0.372024 0.539062 0.00101662
2 0.446801 0.273996 0.0446429 0.015067 0.00100803
11 0.480283 0.541295 0.0751488 0.0558036 0.95166
6 0.731399 0.631696 0.528274 0.729911 0.592773
6 0.912202 0.381696 0.175595 0.688616 0.434082
6 0.915923 0.273717 0.168155 0.543527 0.204346
0 0.935268 0.134766 0.0625 0.0817522 0.117981
5 0.915923 0.273717 0.168155 0.543527 0.0687866
9 0.921131 0.122768 0.104167 0.123884 0.0628052
6 0.802641 0.566406 0.394717 0.774554 0.0603027
7 0.915923 0.273717 0.168155 0.543527 0.0579224
0 0.919643 0.121861 0.104167 0.124861 0.0383911
9 0.292411 0.118443 0.0223214 0.0401786 0.0298767
0 0.919643 0.140206 0.0892857 0.0884487 0.0271759
2 0.316964 0.324777 0.0386905 0.0167411 0.026062
0 0.927083 0.265346 0.0208333 0.0290179 0.023468
9 0.296131 0.118304 0.0297619 0.0438058 0.0175781
9 0.447173 0.0644531 0.0372024 0.0446429 0.0110321
6 0.686756 0.764509 0.5 0.458705 0.0109024
5 0.912202 0.381696 0.175595 0.688616 0.0108185
9 0.438616 0.0642962 0.0282738 0.0430036 0.0106125
0 0.947917 0.920759 0.101191 0.149554 0.0103302
2 0.915923 0.273717 0.168155 0.543527 0.00959778
7 0.907738 0.382813 0.181548 0.669643 0.00796509
0 0.922619 0.268415 0.0267857 0.0362723 0.00728989
9 0.195685 0.117257 0.0230655 0.0662667 0.00712204
11 0.479911 0.511719 0.03125 0.0100446 0.00698471
6 0.892857 0.242885 0.199405 0.433873 0.0068512
2 0.316964 0.237723 0.0401786 0.0234375 0.0064888
8 0.731399 0.631696 0.528274 0.729911 0.00534439
9 0.440104 0.061227 0.0208333 0.0396554 0.0049057
8 0.819941 0.548549 0.360119 0.688616 0.00479126
9 0.443824 0.0578265 0.0252976 0.0330636 0.00441742
0 0.866071 0.142578 0.0297619 0.0345982 0.00441742
9 0.202939 0.136719 0.015625 0.0265067 0.00416565
25 0.480655 0.541853 0.0751488 0.0558035 0.00391388
6 0.866071 0.278739 0.25 0.457031 0.00383949
7 0.31622 0.324219 0.0386905 0.0184152 0.00367928
5 0.75372 0.627093 0.489583 0.736886 0.00317192
9 0.425223 0.235352 0.0230655 0.0226004 0.00307465
9 0.866071 0.142578 0.0297619 0.0345982 0.00300407
9 0.389137 0.114118 0.0163691 0.0351562 0.00298119
0 0.938988 0.939732 0.0476191 0.0892857 0.0029583
6 0.598958 0.680804 0.694941 0.604911 0.00286674
72 0.924107 0.380022 0.151786 0.672991 0.00253105
6 0.886161 0.356585 0.0848214 0.166295 0.00251198
2 0.927083 0.26423 0.0208333 0.0279018 0.00247192
9 0.198475 0.1363 0.0226934 0.0298549 0.0024147
2 0.317708 0.329241 0.0357143 0.0234375 0.00234985
9 0.289063 0.116978 0.0230655 0.0433873 0.00227928
0 0.860119 0.14481 0.0401786 0.0334821 0.00226021
7 0.892857 0.242885 0.199405 0.433873 0.00223351
2 0.325893 0.309152 0.0148809 0.0100446 0.00216484
6 0.820685 0.462333 0.358631 0.633371 0.00209045
2 0.919643 0.122489 0.104167 0.124163 0.00208282
4 0.915923 0.273717 0.168155 0.543527 0.0020504
2 0.277158 0.342076 0.0178571 0.0100446 0.00195694
2 0.781994 0.603795 0.0267857 0.00892858 0.00189686
2 0.579985 0.343471 0.0282738 0.0122768 0.00188923
0 0.918155 0.202846 0.104167 0.292969 0.00187492
0 0.936012 0.120257 0.0654762 0.0797991 0.0018034
12 0.921131 0.122768 0.104167 0.123884 0.00179577
5 0.892857 0.242885 0.199405 0.433873 0.00174141
2 0.308036 0.342076 0.0171131 0.0100446 0.00171375
2 0.27753 0.217773 0.0193453 0.00864956 0.00170708
2 0.861607 0.143834 0.0357143 0.0337612 0.00168705
0 0.688988 0.357143 0.016369 0.0172991 0.00168705
9 0.449033 0.0661447 0.0267857 0.0420968 0.00167465
4 0.729911 0.642299 0.525298 0.702009 0.0016489
2 0.311012 0.341518 0.0141369 0.0111607 0.00162315
0 0.870536 0.141044 0.0238096 0.0348772 0.00161076
2 0.334077 0.23577 0.0684524 0.0256696 0.00157356
0 0.926339 0.253488 0.0208333 0.0527344 0.00153637
2 0.943824 0.920759 0.112351 0.147321 0.00151253
2 0.31622 0.30971 0.0349702 0.0133929 0.00148392
9 0.723958 0.0818917 0.0297619 0.0371094 0.00142097
9 0.44122 0.0581055 0.0520833 0.0559431 0.00138855
8 0.915923 0.273717 0.168155 0.543527 0.00138855
9 0.858631 0.146205 0.0386905 0.0290179 0.00137234
2 0.186384 0.327567 0.0133929 0.0111607 0.00133514
6 0.78125 0.502232 0.349702 0.414062 0.00132465
0 0.936012 0.144496 0.0505953 0.0770787 0.00129986
14 0.196057 0.118304 0.0252976 0.0655692 0.00127411
2 0.860119 0.604911 0.0416667 0.0401785 0.00123978
7 0.694196 0.65053 0.552083 0.687779 0.00123978
13 0.875 0.426618 0.0595238 0.0295759 0.00121117
2 0.30878 0.30971 0.0238095 0.0122768 0.00119686
0 0.593006 0.479911 0.0163691 0.0189732 0.00119686
2 0.13058 0.239118 0.0751488 0.0217634 0.00118828
9 0.216146 0.260603 0.0133929 0.0122768 0.00116539
2 0.435268 0.273996 0.0699405 0.0200893 0.00110722
0 0.933036 0.109375 0.0773809 0.0954241 0.00109482
2 0.415551 0.272879 0.0364583 0.0217634 0.00109005
9 0.315476 0.237723 0.0416667 0.0239955 0.00108624
14 0.338914 0.38644 0.0119048 0.0133929 0.00106525
7 0.819941 0.548549 0.360119 0.688616 0.00104046
13 0.874256 0.431362 0.0580357 0.0195312 0.00103664
7 0.764137 0.602679 0.471726 0.746652 0.00102425
11 0.479911 0.541295 0.0758929 0.0558036 0.950684
6 0.724702 0.632952 0.543155 0.729632 0.754883
6 0.916667 0.383929 0.166667 0.690848 0.539062
6 0.915179 0.273438 0.169643 0.542969 0.203735
6 0.796131 0.561384 0.407738 0.792411 0.117188
0 0.935268 0.134905 0.0625 0.0809152 0.11438
5 0.915179 0.273438 0.169643 0.542969 0.0844727
7 0.915179 0.273438 0.169643 0.542969 0.0618896
9 0.921131 0.122698 0.104167 0.124023 0.0503235
9 0.292411 0.118722 0.0223214 0.0396205 0.0399475
0 0.919643 0.121931 0.104167 0.125 0.0367126
6 0.684524 0.765625 0.510417 0.457589 0.0299835
0 0.925595 0.266183 0.0208333 0.03125 0.0288696
0 0.919643 0.14066 0.0863096 0.0869838 0.0265045
2 0.316964 0.324777 0.0386905 0.0167411 0.0191956
6 0.813988 0.442522 0.372024 0.72433 0.0131226
2 0.915179 0.273438 0.169643 0.542969 0.0120544
5 0.916667 0.383929 0.166667 0.690848 0.0120544
6 0.890625 0.260882 0.212798 0.483817 0.0109482
9 0.445685 0.0642439 0.0416667 0.0458984 0.0104523
8 0.817708 0.537388 0.364583 0.719866 0.00933838
8 0.724702 0.632952 0.543155 0.729632 0.00933838
11 0.479911 0.511719 0.03125 0.0100446 0.00867462
0 0.945685 0.920759 0.107143 0.149554 0.00818634
0 0.922619 0.268136 0.0267857 0.0362723 0.00812531
7 0.90997 0.384766 0.178571 0.676897 0.00787354
9 0.438616 0.0645229 0.0297619 0.0429688 0.00775528
9 0.195313 0.117257 0.0223214 0.0659877 0.00701141
6 0.819941 0.290737 0.354167 0.497768 0.00658798
2 0.316592 0.237723 0.0401786 0.0231585 0.00575256
6 0.606027 0.686384 0.682292 0.59375 0.00443268
0 0.866071 0.142857 0.0297619 0.0340402 0.00434875
9 0.425223 0.235352 0.0230655 0.0228795 0.00431442
7 0.31622 0.324219 0.0386905 0.0178571 0.00429916
0 0.860863 0.143973 0.0372023 0.0334821 0.00391388
5 0.747768 0.627093 0.501488 0.739118 0.00385475
9 0.295387 0.117536 0.0282738 0.0461775 0.00383949
9 0.444196 0.0559431 0.0260417 0.0292969 0.00376511
2 0.927083 0.26423 0.0208333 0.0279018 0.0037365
9 0.289063 0.117467 0.0230655 0.0426897 0.00367928
9 0.203125 0.13644 0.015253 0.0267857 0.00363541
9 0.440104 0.0606166 0.0200893 0.0382254 0.00358009
25 0.480655 0.541853 0.0751488 0.0558035 0.00332451
9 0.866071 0.142857 0.0297619 0.0340402 0.00304031
72 0.924107 0.380022 0.151786 0.670759 0.00287819
7 0.890625 0.260882 0.212798 0.483817 0.0028553
9 0.723958 0.0821708 0.0297619 0.0369699 0.00273705
5 0.890625 0.260882 0.212798 0.483817 0.00251198
2 0.781994 0.603795 0.0267857 0.0078125 0.00243378
9 0.388765 0.114118 0.0163691 0.0351562 0.00234222
2 0.919643 0.122419 0.104167 0.124302 0.00234222
4 0.915179 0.273438 0.169643 0.542969 0.00219917
2 0.276786 0.342076 0.0178571 0.0100446 0.00209999
2 0.860863 0.143973 0.0372023 0.0334821 0.00209045
0 0.926339 0.255022 0.0208333 0.0485491 0.0020752
11 0.563616 0.261579 0.0163691 0.0270647 0.00194931
9 0.198475 0.136161 0.0223214 0.0301339 0.00186729
9 0.860863 0.143973 0.0372023 0.0334821 0.00185299
0 0.918155 0.19894 0.102679 0.286272 0.00179577
9 0.451637 0.0653076 0.0319941 0.044887 0.00177479
4 0.726935 0.641741 0.535714 0.704241 0.00170708
2 0.326265 0.309152 0.0148809 0.0100446 0.0017004
6 0.775112 0.496094 0.339658 0.40067 0.00168705
0 0.936012 0.143834 0.0505953 0.078683 0.00161076
2 0.27753 0.217913 0.0193453 0.00837054 0.00150108
0 0.592634 0.479911 0.0171131 0.0189732 0.0014782
2 0.308036 0.342355 0.0163691 0.0100446 0.00146675
0 0.870536 0.141044 0.0223214 0.0345982 0.00146103
0 0.938988 0.939732 0.0476191 0.0892857 0.00141621
9 0.857887 0.147321 0.0386905 0.0273438 0.00141048
2 0.311012 0.341518 0.0133929 0.0111607 0.00137806
6 0.886161 0.355469 0.0848214 0.167411 0.00137806
7 0.817708 0.537388 0.364583 0.719866 0.00137806
2 0.186384 0.327567 0.0133929 0.0106027 0.00135136
9 0.314732 0.238002 0.0416667 0.0234375 0.00134087
12 0.921131 0.122698 0.104167 0.124023 0.00133038
2 0.316592 0.331473 0.0334821 0.0200893 0.00132465
11 0.724702 0.0821708 0.0282738 0.0365513 0.00131989
56 0.945685 0.920759 0.107143 0.149554 0.00130939
0 0.933036 0.109515 0.0773809 0.0959821 0.00130463
9 0.216146 0.260603 0.0133929 0.0122768 0.00124454
56 0.680804 0.628906 0.0476191 0.0725446 0.00122547
8 0.915179 0.273438 0.169643 0.542969 0.00121593
0 0.688988 0.357143 0.016369 0.0167411 0.00117397
2 0.579985 0.343192 0.0282738 0.0122768 0.00116062
13 0.875 0.427455 0.0595238 0.0279018 0.00115108
7 0.689732 0.65346 0.5625 0.684152 0.00115108
8 0.684524 0.765625 0.510417 0.457589 0.00111198
14 0.196429 0.118304 0.0245536 0.0655692 0.00108624
2 0.942708 0.920201 0.114583 0.147322 0.00108147
7 0.316592 0.237723 0.0401786 0.0231585 0.00107288
11 0.482143 0.512277 0.0372024 0.0122768 0.00106907
13 0.874256 0.431362 0.0580357 0.0189732 0.00105286
2 0.274554 0.343192 0.0208333 0.0122768 0.00104046
14 0.338914 0.38644 0.0126488 0.0139509 0.00103664
2 0.334077 0.235631 0.0684524 0.0256696 0.00100803
11 0.479911 0.541853 0.0758929 0.0558035 0.942383
6 0.719494 0.631696 0.55506 0.732143 0.789062
6 0.918899 0.386998 0.162202 0.693638 0.525391
6 0.788691 0.561384 0.422619 0.803571 0.12854
6 0.915923 0.270578 0.168155 0.53697 0.126343
0 0.936012 0.13508 0.0625 0.0808454 0.102661
5 0.915923 0.270578 0.168155 0.53697 0.0648804
9 0.920387 0.122698 0.105655 0.124302 0.041626
7 0.915923 0.270578 0.168155 0.53697 0.0413208
9 0.291667 0.118025 0.0230655 0.0429687 0.0340881
6 0.68006 0.761161 0.519345 0.46875 0.0301056
0 0.925595 0.266044 0.0208333 0.031529 0.0296478
0 0.919643 0.121931 0.104167 0.125 0.0292053
0 0.920387 0.141044 0.0863095 0.0862165 0.0226288
8 0.719494 0.631696 0.55506 0.732143 0.0131226
5 0.918899 0.386998 0.162202 0.693638 0.012146
8 0.814732 0.535714 0.370536 0.737723 0.0112915
6 0.811384 0.450893 0.377232 0.667411 0.0110321
2 0.316964 0.324498 0.0386905 0.0172991 0.0109863
6 0.889137 0.262556 0.217262 0.484375 0.01017
9 0.295759 0.119768 0.0290179 0.0408761 0.00919342
0 0.922619 0.268136 0.0267857 0.0362723 0.00874329
11 0.479911 0.511719 0.0305059 0.0100446 0.00844574
7 0.912947 0.385882 0.174107 0.67913 0.00828552
2 0.915923 0.270578 0.168155 0.53697 0.00769424
9 0.445685 0.0643136 0.0416667 0.0457589 0.00734711
6 0.811012 0.291574 0.375 0.498326 0.00679779
0 0.944941 0.920759 0.108631 0.149554 0.00677109
6 0.605655 0.689732 0.684524 0.589286 0.00669098
9 0.19401 0.117397 0.0238095 0.0654297 0.00557709
9 0.438616 0.0646624 0.0305059 0.0428292 0.00453949
9 0.425223 0.235352 0.0230655 0.0228795 0.00431442
2 0.316592 0.237723 0.0401786 0.0234375 0.00415039
0 0.864583 0.142857 0.0297619 0.0340402 0.00369263
5 0.74256 0.62514 0.513393 0.743025 0.00359344
2 0.927083 0.26409 0.0208333 0.0281808 0.00351143
7 0.315848 0.324219 0.0379464 0.0178571 0.00341606
72 0.924107 0.381975 0.151786 0.671317 0.00332451
9 0.864583 0.142857 0.0297619 0.0340402 0.00300407
7 0.889137 0.262556 0.217262 0.484375 0.00284576
11 0.563616 0.261719 0.0163691 0.0267857 0.00282288
5 0.889137 0.262556 0.217262 0.484375 0.00282288
9 0.723958 0.0823103 0.0297619 0.0368304 0.00276756
25 0.480655 0.541853 0.0758929 0.0558035 0.00246239
9 0.444196 0.055385 0.0267857 0.0280413 0.00244331
9 0.439732 0.0601283 0.0193453 0.0371094 0.00227928
0 0.926339 0.255301 0.0208333 0.047433 0.00216484
9 0.203125 0.13644 0.015253 0.0270647 0.0020504
2 0.781994 0.603795 0.0267857 0.00892858 0.00201988
9 0.857887 0.147321 0.0372024 0.03125 0.0019722
2 0.860119 0.144252 0.0386904 0.0334821 0.00190449
0 0.918155 0.197684 0.102679 0.284319 0.00189686
2 0.276786 0.342076 0.0178571 0.0106027 0.00183868
6 0.769531 0.496094 0.327009 0.389509 0.00182438
11 0.724702 0.0822405 0.0282738 0.0364118 0.00178909
4 0.72247 0.640067 0.546131 0.707589 0.00168705
2 0.919643 0.122419 0.104167 0.124581 0.00162888
7 0.814732 0.535714 0.370536 0.737723 0.00162315
56 0.944941 0.920759 0.108631 0.149554 0.00157356
0 0.936012 0.14345 0.0505953 0.0797294 0.00150108
0 0.860119 0.145368 0.0401786 0.0323661 0.0014782
9 0.314732 0.238142 0.0416667 0.0237165 0.00145531
4 0.915923 0.270578 0.168155 0.53697 0.00141048
7 0.681548 0.654157 0.577381 0.684989 0.00141048
21 0.31622 0.237165 0.0386905 0.0245536 0.00131989
11 0.563616 0.279855 0.0193453 0.063058 0.00129414
2 0.186384 0.327567 0.0133929 0.0106027 0.00128937
0 0.933036 0.109654 0.0773809 0.0962612 0.00125504
9 0.198289 0.135847 0.0230655 0.0307617 0.00121593
0 0.870536 0.141044 0.0238096 0.0345982 0.0012064
6 0.31622 0.237165 0.0386905 0.0245536 0.0012064
56 0.68006 0.629464 0.0476191 0.0736607 0.00120163
9 0.388765 0.113979 0.0163691 0.0354353 0.00118828
8 0.68006 0.761161 0.519345 0.46875 0.0011692
7 0.811012 0.291574 0.375 0.498326 0.00115108
9 0.216146 0.260742 0.0133929 0.0122768 0.00111198
2 0.308408 0.342634 0.0163691 0.0100446 0.00111198
2 0.326637 0.309152 0.0148809 0.0100446 0.00109005
2 0.277902 0.217913 0.0193453 0.00837054 0.00107765
9 0.101376 0.56808 0.0193452 0.0223214 0.00106525
11 0.635417 0.296875 0.0208333 0.0200893 0.00106049
11 0.31808 0.236328 0.0364583 0.0234375 0.00105286
4 0.918899 0.386998 0.162202 0.693638 0.00103188
2 0.311012 0.341797 0.0133929 0.0111607 0.00102425
11 0.479911 0.541853 0.0758929 0.0558035 0.93457
6 0.712054 0.628906 0.569941 0.736607 0.819824
6 0.918899 0.39202 0.162202 0.704799 0.501953
6 0.801339 0.517299 0.397321 0.793527 0.1427
0 0.936012 0.135324 0.0625 0.0806362 0.0859985
6 0.910714 0.27839 0.178571 0.545898 0.0745239
5 0.918899 0.284598 0.162202 0.566964 0.0455322
9 0.921131 0.122768 0.107143 0.124442 0.035675
9 0.291667 0.118164 0.0223214 0.0426897 0.0299835
0 0.926339 0.266183 0.0223214 0.031808 0.0282135
6 0.677083 0.74428 0.528274 0.502511 0.0244293
0 0.919643 0.122001 0.104167 0.12514 0.0218658
0 0.919643 0.141218 0.0877976 0.0858678 0.0184021
7 0.918899 0.284598 0.162202 0.566964 0.0178528
8 0.712054 0.628906 0.569941 0.736607 0.0168457
8 0.80878 0.530413 0.38244 0.772879 0.0143356
5 0.913691 0.387835 0.172619 0.686384 0.0111618
6 0.601191 0.685268 0.696429 0.602679 0.0109024
0 0.923363 0.268136 0.0267857 0.0368304 0.00891876
7 0.913691 0.387835 0.172619 0.686384 0.00815582
11 0.479911 0.511719 0.0305059 0.0100446 0.00809479
9 0.295387 0.119838 0.0282738 0.0407366 0.00743103
6 0.806548 0.290737 0.383929 0.498326 0.00653839
2 0.316964 0.324498 0.0386905 0.0172991 0.00612259
9 0.194196 0.117327 0.0238095 0.0655692 0.00488663
0 0.944941 0.920759 0.110119 0.149554 0.00432968
9 0.444941 0.0642439 0.0431548 0.0456194 0.00419998
9 0.425223 0.235491 0.0230655 0.0228795 0.00379562
72 0.924107 0.385324 0.151786 0.67913 0.00344276
11 0.563616 0.261719 0.0163691 0.0267857 0.00331116
2 0.927083 0.26423 0.0223214 0.0284598 0.00328636
2 0.918899 0.284598 0.162202 0.566964 0.00325966
9 0.864583 0.143136 0.0327381 0.0340402 0.00311089
2 0.316592 0.237723 0.0401786 0.0234375 0.00302696
5 0.733445 0.623326 0.53311 0.746652 0.00291252
5 0.889137 0.26144 0.21875 0.479911 0.00279999
0 0.864583 0.143136 0.0327381 0.0340402 0.00277901
9 0.438244 0.0647147 0.03125 0.0427246 0.00270462
9 0.435268 0.0647321 0.0639881 0.0457589 0.00261116
9 0.857887 0.147461 0.0372024 0.030692 0.00258064
7 0.315848 0.324219 0.0379464 0.0178571 0.00255013
7 0.889137 0.26144 0.21875 0.479911 0.0024929
9 0.723958 0.0824498 0.0297619 0.0368304 0.00236893
6 0.775298 0.488281 0.33631 0.405134 0.00236893
11 0.724702 0.0823103 0.0282738 0.0365513 0.00213242
0 0.926339 0.255301 0.0208333 0.0479911 0.00209045
0 0.918155 0.197405 0.102679 0.283761 0.00201988
56 0.944941 0.920759 0.110119 0.149554 0.00201988
6 0.755952 0.609236 0.391369 0.712333 0.00194168
21 0.31622 0.237165 0.0386905 0.0245536 0.00183105
25 0.480655 0.541853 0.0758929 0.0558035 0.00179577
4 0.71596 0.637835 0.562128 0.712054 0.00174141
11 0.563616 0.280204 0.0193453 0.0634766 0.0016489
2 0.781994 0.603795 0.0267857 0.00892858 0.0016489
7 0.80878 0.530413 0.38244 0.772879 0.0015974
2 0.276786 0.342076 0.0178571 0.0106027 0.00158501
9 0.315104 0.238142 0.0409226 0.0237165 0.00157928
9 0.444568 0.0549665 0.0267857 0.0272042 0.00157356
2 0.860119 0.144392 0.0386904 0.0332031 0.00157356
9 0.440104 0.0593611 0.0193453 0.0354353 0.00149536
6 0.31622 0.237165 0.0386905 0.0245536 0.00141048
0 0.935268 0.143415 0.0520833 0.0800781 0.00130463
0 0.93378 0.109515 0.077381 0.0962612 0.00123501
11 0.635417 0.296875 0.0208333 0.0200893 0.00123024
9 0.203125 0.1363 0.015625 0.0273438 0.0012207
7 0.670387 0.650112 0.596726 0.691964 0.0012064
2 0.186384 0.327567 0.0133929 0.0106027 0.00119686
7 0.806548 0.290737 0.383929 0.498326 0.00116062
9 0.101563 0.56808 0.0193452 0.0223214 0.00113773
11 0.31808 0.236468 0.0364583 0.0234375 0.00110722
8 0.894345 0.37221 0.21131 0.654018 0.00110722
56 0.68006 0.629464 0.0476191 0.0736607 0.00105667
0 0.681548 0.629464 0.0476191 0.0770089 0.00105667
0 0.343378 0.385882 0.0126488 0.0128348 0.00105286
0 0.860119 0.145368 0.0401786 0.0323661 0.00103664
9 0.766369 0.0193917 0.0357143 0.0348772 0.00103664
9 0.442708 0.0584542 0.0491071 0.0498047 0.00103188
11 0.220982 0.329799 0.0200893 0.0111607 0.00100422
11 0.479911 0.541853 0.0758929 0.0558035 0.934082
6 0.709635 0.628348 0.574777 0.737723 0.811523
6 0.918899 0.392578 0.162202 0.703683 0.464844
6 0.799665 0.517299 0.40067 0.796875 0.147583
6 0.914435 0.294085 0.169643 0.544643 0.139893
0 0.936012 0.135463 0.0625 0.0803571 0.0859985
5 0.919643 0.282924 0.160714 0.563616 0.0445251
9 0.921131 0.122838 0.107143 0.124861 0.0417786
9 0.291667 0.118234 0.0223214 0.0425502 0.0278015
0 0.926339 0.266183 0.0223214 0.0323661 0.0262604
8 0.709635 0.628348 0.574777 0.737723 0.0197144
0 0.919643 0.141462 0.0877976 0.0853795 0.0180206
0 0.919643 0.12207 0.104167 0.125279 0.0177765
6 0.676339 0.7387 0.52381 0.515904 0.0172424
8 0.807292 0.529576 0.385417 0.780134 0.0165253
7 0.919643 0.282924 0.160714 0.563616 0.0153656
6 0.601191 0.68471 0.696429 0.603795 0.0127258
5 0.914435 0.385882 0.171131 0.68471 0.00997162
0 0.923363 0.268136 0.0267857 0.0368304 0.00891876
11 0.479911 0.511719 0.03125 0.0100446 0.00800323
7 0.914435 0.385882 0.171131 0.68471 0.00725937
6 0.813988 0.286551 0.369048 0.491071 0.00658798
9 0.295387 0.119768 0.0282738 0.0408761 0.00643921
9 0.194196 0.117397 0.0241816 0.0657087 0.00424957
0 0.944941 0.920759 0.110119 0.149554 0.00388527
9 0.424851 0.235491 0.0238095 0.0228795 0.00369263
2 0.316964 0.324219 0.0386905 0.0167411 0.00358009
72 0.924107 0.385045 0.151786 0.676339 0.00352478
5 0.892857 0.257254 0.21131 0.470982 0.00317192
9 0.857887 0.1476 0.0372024 0.0304129 0.00307465
11 0.563616 0.261719 0.0163691 0.0273438 0.0030632
2 0.927083 0.26423 0.0223214 0.0284598 0.0029583
9 0.864583 0.143136 0.0327381 0.0340402 0.00294685
5 0.714472 0.636719 0.565104 0.71317 0.00279999
2 0.316592 0.237723 0.0401786 0.0234375 0.00273705
9 0.444941 0.0641915 0.0431548 0.045445 0.00269318
6 0.780506 0.48577 0.340774 0.410156 0.00263214
7 0.892857 0.257254 0.21131 0.470982 0.00256157
2 0.919643 0.282924 0.160714 0.563616 0.00251198
0 0.864583 0.143136 0.0327381 0.0340402 0.00234985
0 0.918155 0.196987 0.10119 0.283482 0.00219154
11 0.724702 0.08238 0.0282738 0.0366908 0.00216484
56 0.944941 0.920759 0.110119 0.149554 0.00205803
9 0.724702 0.0825893 0.0297619 0.0368304 0.00186729
0 0.926339 0.255022 0.0208333 0.0485491 0.00186729
21 0.31622 0.237165 0.0386905 0.0245536 0.00183868
4 0.714472 0.636719 0.565104 0.71317 0.0018177
7 0.31622 0.32394 0.0386905 0.0178571 0.00178242
11 0.563244 0.280204 0.0193452 0.0634766 0.0016613
2 0.781994 0.603795 0.0267857 0.00892858 0.0016613
9 0.438988 0.0648019 0.0327381 0.0428292 0.0016489
9 0.314732 0.238142 0.0416667 0.0237165 0.00159168
6 0.755766 0.606027 0.393229 0.720982 0.00148964
25 0.480655 0.541853 0.0758929 0.0558035 0.0014782
0 0.93378 0.109724 0.077381 0.0964007 0.00146103
2 0.276786 0.342076 0.0178571 0.0106027 0.00143242
0 0.935268 0.143415 0.0520833 0.0800781 0.00142097
7 0.807292 0.529576 0.385417 0.780134 0.00138855
2 0.860119 0.144531 0.0386904 0.0334821 0.00136662
9 0.432292 0.0647321 0.0699405 0.0458984 0.00130939
6 0.31622 0.237165 0.0386905 0.0245536 0.00127411
8 0.601191 0.68471 0.696429 0.603795 0.00121593
0 0.681548 0.629464 0.0476191 0.0770089 0.00119686
7 0.813988 0.286551 0.369048 0.491071 0.00119686
2 0.186198 0.327567 0.0133929 0.0106027 0.0011692
8 0.893601 0.382254 0.212798 0.685268 0.00114727
9 0.101563 0.56808 0.0193452 0.0223214 0.00111198
11 0.31808 0.236607 0.0364583 0.0234375 0.00106907
9 0.444941 0.054827 0.0275298 0.0270647 0.00106525
9 0.440104 0.0587333 0.0193453 0.0343192 0.00105286
0 0.921131 0.094029 0.14881 0.183594 0.00100422
11 0.480655 0.541853 0.0758929 0.0558035 0.930664
6 0.708147 0.626674 0.577753 0.739955 0.817383
6 0.917411 0.399833 0.165179 0.724888 0.443604
6 0.803013 0.52288 0.393973 0.816964 0.156616
6 0.919271 0.28404 0.161458 0.565848 0.0820923
0 0.936012 0.135603 0.0625 0.0803571 0.0727539
9 0.921131 0.122838 0.107143 0.12514 0.0438538
9 0.291295 0.118373 0.0223214 0.0422712 0.0333252
0 0.925595 0.266323 0.0238095 0.0326451 0.0307922
5 0.919271 0.28404 0.161458 0.565848 0.0281067
8 0.803013 0.52288 0.393973 0.816964 0.0256653
8 0.708147 0.626674 0.577753 0.739955 0.0226288
6 0.675595 0.737584 0.517857 0.518136 0.0179901
0 0.919643 0.12221 0.104167 0.125279 0.0178528
0 0.919643 0.141706 0.0892857 0.0854492 0.0139542
7 0.919271 0.28404 0.161458 0.565848 0.00948334
6 0.597098 0.685268 0.700149 0.601563 0.00933838
5 0.913691 0.389509 0.172619 0.700893 0.0088501
11 0.479911 0.511719 0.03125 0.0100446 0.00766754
9 0.295387 0.119908 0.0282738 0.0408761 0.00712204
7 0.913691 0.389509 0.172619 0.700893 0.0069313
6 0.886905 0.260603 0.223214 0.482701 0.00643921
6 0.819941 0.354353 0.360119 0.629464 0.00547028
0 0.921131 0.269601 0.0342262 0.0400391 0.00516129
9 0.194196 0.117327 0.0241816 0.0655692 0.00438309
9 0.424851 0.235491 0.0238095 0.0228795 0.00429916
9 0.857887 0.147461 0.0372024 0.0298549 0.00363541
11 0.563244 0.261858 0.016369 0.0270647 0.0036068
72 0.923363 0.39202 0.153274 0.696987 0.00340271
2 0.927083 0.26409 0.0223214 0.0287389 0.00328636
9 0.864583 0.143276 0.0297619 0.0337612 0.00327301
11 0.563988 0.266183 0.0171131 0.0357143 0.00323486
5 0.712798 0.635603 0.568452 0.715402 0.00309944
11 0.724702 0.0824498 0.0297619 0.0368304 0.003088
2 0.316964 0.324219 0.0386905 0.0167411 0.00291252
0 0.944941 0.920759 0.110119 0.15067 0.0028553
2 0.316964 0.237723 0.0401786 0.0234375 0.00273705
56 0.944941 0.920759 0.110119 0.15067 0.00259018
5 0.886905 0.260603 0.223214 0.482701 0.00259018
6 0.784412 0.481306 0.347842 0.423549 0.0024929
0 0.918155 0.195592 0.10119 0.280692 0.0024147
21 0.31622 0.237165 0.0386905 0.0245536 0.00228691
0 0.925595 0.25558 0.0208333 0.047433 0.00223351
9 0.724702 0.0825893 0.0297619 0.0371094 0.00221634
0 0.864583 0.143276 0.0297619 0.0337612 0.00218201
11 0.563616 0.280204 0.0193453 0.0634766 0.00203514
9 0.315476 0.238002 0.0416667 0.0239955 0.00197983
2 0.782738 0.603795 0.0267857 0.00892858 0.00186729
0 0.681548 0.629464 0.0476191 0.0770089 0.00186729
2 0.919271 0.28404 0.161458 0.565848 0.00182438
7 0.886905 0.260603 0.223214 0.482701 0.00178909
4 0.712798 0.635603 0.568452 0.715402 0.0017271
2 0.276786 0.342076 0.0178571 0.0106027 0.0017004
7 0.315848 0.32394 0.0386905 0.0178571 0.00162888
9 0.444196 0.0638951 0.0446429 0.0453404 0.00161076
0 0.93378 0.109515 0.077381 0.0962612 0.00158501
6 0.313616 0.237723 0.0424107 0.0239955 0.00157356
9 0.101749 0.56808 0.0189732 0.0223214 0.00156116
8 0.890625 0.391183 0.21875 0.708705 0.00152493
2 0.186198 0.327567 0.0133929 0.0111607 0.00151253
25 0.480655 0.541853 0.0758929 0.0558035 0.00141048
7 0.800595 0.458705 0.39881 0.743304 0.00137234
14 0.343378 0.386161 0.0133929 0.0133929 0.00127411
11 0.101749 0.56808 0.0189732 0.0223214 0.00126457
56 0.680804 0.629464 0.0491072 0.0736607 0.00124454
11 0.635417 0.296875 0.0208333 0.0200893 0.0012207
9 0.203125 0.136161 0.015625 0.0273438 0.00120163
2 0.860119 0.144531 0.0386904 0.0332031 0.00119209
0 0.934524 0.144217 0.0535714 0.0787528 0.00113773
11 0.318452 0.236607 0.0372024 0.0234375 0.00112057
11 0.22061 0.32952 0.0200893 0.0106027 0.00112057
0 0.921131 0.0938895 0.150298 0.183873 0.0011158
0 0.343378 0.386161 0.0133929 0.0133929 0.0011034
72 0.890625 0.391183 0.21875 0.708705 0.00109005
8 0.597098 0.685268 0.700149 0.601563 0.00108147
9 0.0997024 0.570312 0.0230655 0.0267857 0.00105667
9 0.767113 0.019322 0.0342262 0.0350167 0.00105286
13 0.762649 0.583147 0.474702 0.833705 0.00104809
4 0.803013 0.52288 0.393973 0.816964 0.00101662
11 0.480655 0.542132 0.0758929 0.0563616 0.9375
6 0.707589 0.625558 0.578869 0.742188 0.806641
6 0.914435 0.390067 0.171131 0.699777 0.418701
6 0.80413 0.521763 0.391741 0.81808 0.153564
0 0.936012 0.135603 0.0625 0.0803571 0.0735474
6 0.920015 0.282087 0.15997 0.561942 0.0690308
9 0.921131 0.122907 0.107143 0.125279 0.0512695
9 0.291295 0.118304 0.0223214 0.0424107 0.0346069
0 0.925595 0.266462 0.0238095 0.0329241 0.0332642
5 0.920015 0.282087 0.15997 0.561942 0.0268555
8 0.80413 0.521763 0.391741 0.81808 0.0268555
8 0.707589 0.625558 0.578869 0.742188 0.0236053
0 0.919643 0.12228 0.104167 0.125419 0.0175781
6 0.676339 0.732701 0.513393 0.529018 0.0160217
0 0.919643 0.141741 0.0892857 0.0853795 0.0131226
5 0.914435 0.390067 0.171131 0.699777 0.0091629
6 0.597098 0.68471 0.697173 0.601562 0.00857544
7 0.920015 0.282087 0.15997 0.561942 0.00763702
11 0.479911 0.511719 0.03125 0.0100446 0.00734711
9 0.295387 0.119838 0.0282738 0.0410156 0.0069046
0 0.921131 0.269252 0.0342262 0.0401786 0.00643921
7 0.914435 0.390067 0.171131 0.699777 0.00643921
6 0.886161 0.259068 0.224702 0.476284 0.00526047
6 0.819196 0.355469 0.361607 0.626116 0.00521851
9 0.425223 0.235491 0.0230655 0.0228795 0.00453949
9 0.857887 0.1476 0.0372024 0.0295759 0.00429916
9 0.194196 0.117327 0.0245536 0.0655692 0.00413513
11 0.563244 0.261858 0.016369 0.0270647 0.00369263
72 0.923363 0.392857 0.153274 0.697545 0.00348282
11 0.724702 0.0824498 0.0297619 0.0371094 0.00336266
5 0.7141 0.634487 0.565848 0.717634 0.00336266
2 0.927083 0.26409 0.0223214 0.0287389 0.00335121
9 0.864583 0.143415 0.0297619 0.0337612 0.00329781
11 0.563988 0.266741 0.0171131 0.0362723 0.00323486
0 0.944941 0.920759 0.110119 0.15067 0.00294685
56 0.944941 0.920759 0.110119 0.15067 0.00282288
2 0.316964 0.324219 0.0394345 0.0167411 0.00279999
2 0.316964 0.237723 0.0401786 0.0234375 0.00255013
6 0.78497 0.480469 0.337798 0.422991 0.0024929
0 0.925595 0.256138 0.0208333 0.046875 0.00240517
5 0.886161 0.259068 0.224702 0.476284 0.00234985
0 0.918155 0.193952 0.10119 0.277274 0.00233269
9 0.724702 0.0827288 0.0297619 0.0371094 0.00225258
0 0.680804 0.629464 0.0491072 0.0736607 0.00219917
9 0.315476 0.238142 0.0416667 0.0239955 0.0020752
11 0.563616 0.280204 0.0193453 0.0634766 0.0020752
21 0.31622 0.237165 0.0386905 0.0245536 0.00206757
2 0.782738 0.603795 0.0267857 0.00892858 0.00198746
0 0.864583 0.143415 0.0297619 0.0337612 0.00197983
0 0.93378 0.109654 0.077381 0.0968192 0.00194168
2 0.276786 0.342076 0.0178571 0.0106027 0.00181007
4 0.7141 0.634487 0.565848 0.717634 0.00172043
2 0.186198 0.327567 0.0133929 0.0111607 0.00165462
7 0.886161 0.259068 0.224702 0.476284 0.0015974
7 0.31622 0.323661 0.0386905 0.0178571 0.00159168
2 0.920015 0.282087 0.15997 0.561942 0.00156116
8 0.891369 0.392299 0.217262 0.708705 0.00156116
25 0.480655 0.542132 0.0758929 0.0563616 0.0014782
6 0.313988 0.237723 0.0431548 0.0239955 0.00146675
9 0.101749 0.56808 0.0189732 0.0223214 0.00138283
9 0.443452 0.0638951 0.0461309 0.0453404 0.00136662
7 0.800595 0.458705 0.39881 0.742187 0.00135612
14 0.343378 0.386161 0.0133929 0.0133929 0.00133038
56 0.680804 0.629464 0.0491072 0.0736607 0.0012846
11 0.635417 0.296875 0.0208333 0.0200893 0.0012598
0 0.921131 0.0938198 0.14881 0.184012 0.00124454
11 0.101749 0.56808 0.0189732 0.0223214 0.0012064
23 0.819941 0.281529 0.0416667 0.078125 0.0012064
11 0.318452 0.236607 0.0364583 0.0234375 0.00117397
2 0.681548 0.629464 0.0476191 0.0758928 0.00116539
72 0.891369 0.392299 0.217262 0.708705 0.0011425
9 0.767113 0.0192871 0.0342262 0.034947 0.00113773
11 0.22061 0.329241 0.0200893 0.0100446 0.00112438
13 0.762463 0.582031 0.475074 0.835938 0.00112438
0 0.934524 0.14481 0.0535714 0.077846 0.00110722
2 0.860119 0.144531 0.0386904 0.0329241 0.00109005
4 0.80413 0.521763 0.391741 0.81808 0.00107288
8 0.597098 0.68471 0.697173 0.601562 0.00104809
7 0.698103 0.633371 0.594866 0.726563 0.00104809
9 0.203125 0.136126 0.015625 0.0274135 0.00102425
0 0.343378 0.386161 0.0133929 0.0133929 0.00102425
11 0.480655 0.542411 0.0758929 0.0558035 0.941895
6 0.709077 0.626116 0.575893 0.741072 0.806641
6 0.914435 0.387835 0.171131 0.694196 0.424316
6 0.796875 0.511719 0.40625 0.820312 0.140869
0 0.936012 0.135603 0.0625 0.0800781 0.0907593
6 0.919643 0.280413 0.160714 0.558594 0.0653687
9 0.921131 0.122907 0.107143 0.125279 0.0637207
9 0.290923 0.118304 0.0223214 0.0421317 0.037323
0 0.925595 0.266462 0.0238095 0.0329241 0.0337219
5 0.919643 0.280413 0.160714 0.558594 0.0288696
8 0.709077 0.626116 0.575893 0.741072 0.0288696
8 0.807292 0.518694 0.385417 0.806362 0.028656
0 0.919643 0.12221 0.104167 0.125279 0.0187683
0 0.919643 0.141881 0.0892857 0.0845424 0.0156708
6 0.677083 0.738979 0.507441 0.517578 0.0154877
5 0.914435 0.387835 0.171131 0.694196 0.0100937
7 0.919643 0.280413 0.160714 0.558594 0.0077858
9 0.295387 0.119768 0.0282738 0.0411551 0.00712204
6 0.603423 0.685407 0.683036 0.597935 0.00706482
11 0.479911 0.511719 0.03125 0.0100446 0.00695801
0 0.921131 0.269531 0.0342262 0.0401786 0.00679779
7 0.914435 0.387835 0.171131 0.694196 0.00643921
9 0.425223 0.235491 0.0230655 0.0228795 0.00582123
6 0.886905 0.257115 0.22619 0.475725 0.00508118
9 0.857887 0.1476 0.0372024 0.0290179 0.00494385
5 0.715774 0.635045 0.5625 0.716518 0.00479126
6 0.817708 0.351842 0.364583 0.616629 0.00477219
11 0.563616 0.261858 0.0163691 0.0270647 0.00439835
9 0.194568 0.117397 0.0245536 0.0654297 0.00399017
0 0.944941 0.920759 0.110119 0.15067 0.00372124
9 0.864583 0.143415 0.0297619 0.0337612 0.0036068
2 0.927083 0.26409 0.0223214 0.0287389 0.00351143
11 0.724702 0.0824498 0.0297619 0.0371094 0.00346947
72 0.923363 0.388951 0.153274 0.688616 0.00340271
2 0.316964 0.237723 0.0401786 0.0234375 0.00318527
2 0.316964 0.324219 0.0394345 0.0167411 0.00317192
56 0.944941 0.920759 0.110119 0.15067 0.00263214
0 0.925595 0.255859 0.0208333 0.046875 0.00261116
0 0.93378 0.109863 0.077381 0.0969587 0.00252151
5 0.886905 0.257115 0.22619 0.475725 0.00252151
9 0.724702 0.0827288 0.0297619 0.0371094 0.00250244
9 0.316964 0.237723 0.0401786 0.0234375 0.00250244
6 0.786458 0.480469 0.327381 0.416295 0.00250244
11 0.563244 0.280134 0.0193452 0.063058 0.00227928
2 0.782738 0.603795 0.0267857 0.00892858 0.00226021
0 0.918155 0.191685 0.10119 0.272879 0.00225258
0 0.680804 0.629464 0.0491072 0.0736607 0.00219917
2 0.276786 0.342076 0.0178571 0.0106027 0.00209999
0 0.864583 0.143415 0.0297619 0.0337612 0.0020504
4 0.715774 0.635045 0.5625 0.716518 0.00197983
2 0.186198 0.327567 0.0133929 0.0111607 0.0019722
7 0.886905 0.257115 0.22619 0.475725 0.00174141
2 0.919643 0.280413 0.160714 0.558594 0.0017271
8 0.889881 0.387835 0.220238 0.698661 0.0017004
7 0.315848 0.323661 0.0386905 0.0178571 0.0016613
25 0.480655 0.542411 0.0758929 0.0558035 0.00161076
23 0.819941 0.282436 0.0416667 0.0768694 0.00150108
7 0.700893 0.633929 0.589286 0.725447 0.00150108
21 0.31622 0.237165 0.0386905 0.0245536 0.00147247
0 0.934524 0.145124 0.0535714 0.0769392 0.00138283
9 0.101935 0.56808 0.0186012 0.0223214 0.00137234
7 0.802083 0.450893 0.395833 0.719866 0.00134087
56 0.680804 0.629464 0.0491072 0.0736607 0.00130939
2 0.860119 0.144531 0.0386904 0.0329241 0.00130463
2 0.681548 0.629464 0.0476191 0.0758928 0.00129986
0 0.921875 0.0938895 0.14881 0.184152 0.00124454
11 0.318452 0.236607 0.0364583 0.0234375 0.00123501
11 0.635417 0.296875 0.0208333 0.0200893 0.0012207
13 0.763021 0.582589 0.473958 0.834821 0.00119686
14 0.34375 0.386161 0.0133929 0.0133929 0.00119209
11 0.22061 0.329241 0.0200893 0.0100446 0.00118828
9 0.442708 0.0637556 0.0476191 0.0453404 0.00118828
9 0.767857 0.0191825 0.0357143 0.0350865 0.00117874
6 0.313988 0.237723 0.0431548 0.0239955 0.00117874
11 0.101935 0.56808 0.0186012 0.0223214 0.0011425
11 0.593006 0.479911 0.0171131 0.0189732 0.00113392
7 0.316964 0.237723 0.0401786 0.0234375 0.00110722
72 0.889881 0.387835 0.220238 0.698661 0.0011034
4 0.807292 0.518694 0.385417 0.806362 0.00108147
8 0.603423 0.685407 0.683036 0.597935 0.00104809
9 0.203125 0.136126 0.015625 0.0274135 0.00101662
8 0.677083 0.738979 0.507441 0.517578 0.00101662
11 0.480655 0.542411 0.0758929 0.0558035 0.944824
6 0.710007 0.627232 0.574033 0.738839 0.808105
6 0.913691 0.38644 0.172619 0.693638 0.424316
6 0.796875 0.510045 0.40625 0.819197 0.137939
0 0.936012 0.135638 0.0625 0.0797294 0.102295
9 0.921131 0.122907 0.107143 0.125279 0.0670776
6 0.919643 0.279646 0.160714 0.55678 0.0574951
9 0.290923 0.118304 0.0223214 0.0421317 0.0384521
0 0.925595 0.266462 0.0238095 0.0329241 0.0359497
8 0.808036 0.516183 0.383929 0.804688 0.0324707
8 0.710007 0.627232 0.574033 0.738839 0.0317383
5 0.919643 0.279646 0.160714 0.55678 0.0301056
0 0.919643 0.12221 0.104167 0.125279 0.0206451
0 0.919643 0.141881 0.0892857 0.0839844 0.0174408
6 0.676897 0.742048 0.503348 0.509208 0.0146179
5 0.913691 0.38644 0.172619 0.693638 0.0108566
0 0.921131 0.269461 0.0342262 0.0403181 0.00800323
7 0.919643 0.279646 0.160714 0.55678 0.00769424
9 0.295387 0.119768 0.0290179 0.0411551 0.00717545
7 0.913691 0.38644 0.172619 0.693638 0.00682449
11 0.479911 0.511719 0.03125 0.0100446 0.00674438
5 0.717448 0.635045 0.559152 0.716518 0.00564194
9 0.425223 0.235491 0.0230655 0.0228795 0.00548935
6 0.609375 0.686523 0.669643 0.593471 0.00538635
6 0.883929 0.256696 0.232143 0.478237 0.00453949
6 0.818452 0.350167 0.363095 0.613281 0.00446701
11 0.563616 0.261858 0.0163691 0.0270647 0.00443268
9 0.857887 0.1476 0.0372024 0.0290179 0.00441742
0 0.944941 0.920759 0.110119 0.15067 0.00390053
2 0.316964 0.324219 0.0394345 0.0167411 0.00388527
9 0.194568 0.117397 0.0245536 0.0654297 0.00383949
2 0.316964 0.237723 0.0401786 0.0234375 0.0037365
11 0.724702 0.08238 0.0297619 0.0371094 0.00372124
2 0.927083 0.263951 0.0223214 0.0290179 0.00367928
9 0.864583 0.143415 0.0297619 0.0337612 0.00351143
72 0.924107 0.387277 0.151786 0.686384 0.003088
0 0.925595 0.255999 0.0208333 0.046596 0.00294685
0 0.93378 0.109933 0.077381 0.0970982 0.00287819
9 0.316964 0.237723 0.0401786 0.0234375 0.00265312
56 0.944941 0.920759 0.110119 0.15067 0.00263214
9 0.724702 0.0825893 0.0297619 0.0371094 0.00252151
5 0.883929 0.256696 0.232143 0.478237 0.00250244
2 0.276786 0.342076 0.0178571 0.0106027 0.00247192
2 0.782738 0.603795 0.0267857 0.00892858 0.00245285
6 0.787946 0.48019 0.322917 0.413504 0.00244331
0 0.680804 0.629464 0.0491072 0.0736607 0.002388
2 0.186198 0.327567 0.0133929 0.0111607 0.00234985
11 0.563244 0.279855 0.0193452 0.063058 0.00214958
0 0.918155 0.190709 0.10119 0.270926 0.00214958
4 0.717448 0.635045 0.559152 0.716518 0.00210762
0 0.864583 0.143415 0.0297619 0.0337612 0.0020504
7 0.703125 0.634905 0.58631 0.723493 0.00201988
8 0.888393 0.386161 0.223214 0.696429 0.00198746
7 0.315848 0.323661 0.0386905 0.0178571 0.00186729
2 0.919643 0.279646 0.160714 0.55678 0.00179577
7 0.883929 0.256696 0.232143 0.478237 0.00174141
25 0.480655 0.542411 0.0758929 0.0558035 0.0017004
0 0.934524 0.145403 0.0535714 0.0763811 0.00162888
23 0.819941 0.282994 0.0416667 0.0757534 0.00156116
2 0.681548 0.629464 0.0476191 0.0770089 0.00144386
56 0.680804 0.629464 0.0491072 0.0736607 0.00137806
7 0.802455 0.44615 0.395089 0.714844 0.00137806
2 0.860119 0.144531 0.0386904 0.0329241 0.00136662
7 0.316964 0.237723 0.0401786 0.0234375 0.0012598
11 0.22061 0.329241 0.0200893 0.0100446 0.0012598
21 0.31622 0.237165 0.0386905 0.0242745 0.00123978
11 0.318452 0.236607 0.0364583 0.0234375 0.00123501
14 0.34375 0.386161 0.0133929 0.0133929 0.00123501
13 0.763393 0.582589 0.473214 0.834821 0.00121593
11 0.593006 0.479911 0.0171131 0.0184152 0.00121117
9 0.101935 0.56808 0.0189732 0.0223214 0.00121117
0 0.921875 0.0938895 0.14881 0.184431 0.00118351
6 0.313988 0.237723 0.0431548 0.0234375 0.0011425
11 0.635417 0.296875 0.0208333 0.0200893 0.00112915
9 0.767857 0.019104 0.0357143 0.0351737 0.0011158
8 0.676897 0.742048 0.503348 0.509208 0.0011034
9 0.203125 0.136126 0.015997 0.0274135 0.00109863
9 0.216146 0.260882 0.0133929 0.0122768 0.00109482
4 0.808036 0.516183 0.383929 0.804688 0.00108147
0 0.00483631 0.274623 0.00911458 0.0188337 0.00107288
11 0.101935 0.56808 0.0189732 0.0223214 0.00106049
13 0.775298 0.359375 0.122024 0.0245536 0.00103188
7 0.796131 0.285435 0.407738 0.498326 0.00101185
11 0.480655 0.542411 0.0758929 0.0558035 0.945801
6 0.710007 0.626674 0.574033 0.739955 0.806641
6 0.916667 0.397321 0.166667 0.723214 0.424316
6 0.796689 0.508371 0.406622 0.821429 0.143188
0 0.936012 0.135882 0.0625 0.0792411 0.10968
9 0.921131 0.122838 0.107143 0.125419 0.0758667
6 0.919271 0.279646 0.161458 0.55678 0.0488586
0 0.925595 0.266323 0.0238095 0.0332031 0.0393372
8 0.808594 0.512835 0.382813 0.80692 0.0393372
9 0.290923 0.118304 0.0215774 0.0418527 0.035675
8 0.710007 0.626674 0.574033 0.739955 0.0335999
5 0.919271 0.279646 0.161458 0.55678 0.0270691
0 0.919643 0.12221 0.102679 0.125279 0.0225067
0 0.919643 0.14202 0.0892857 0.0837054 0.0194244
6 0.677083 0.742188 0.501488 0.508929 0.0140076
5 0.913691 0.385603 0.172619 0.697545 0.0103302
0 0.921131 0.269461 0.0342262 0.0403181 0.00959778
7 0.919271 0.279646 0.161458 0.55678 0.00734711
7 0.913691 0.385603 0.172619 0.697545 0.00701141
11 0.479911 0.511719 0.03125 0.0100446 0.00677109
5 0.718006 0.635045 0.558036 0.716518 0.00626373
9 0.295387 0.119699 0.0282738 0.0410156 0.00591278
9 0.425223 0.235631 0.0230655 0.0226005 0.00536346
11 0.563244 0.261998 0.016369 0.0267857 0.00494385
2 0.316964 0.324219 0.0394345 0.0167411 0.00453949
6 0.818452 0.348772 0.363095 0.612723 0.00438309
6 0.614211 0.686942 0.658482 0.589286 0.00431442
6 0.877976 0.258371 0.244048 0.484933 0.0041008
11 0.724702 0.0823103 0.0297619 0.0371094 0.00402451
2 0.927083 0.263951 0.0238095 0.0290179 0.00400543
0 0.944941 0.920759 0.110119 0.151786 0.00397491
2 0.316964 0.237863 0.0401786 0.0231585 0.00391388
9 0.857143 0.147879 0.0357143 0.0287388 0.00391388
0 0.925595 0.256557 0.0208333 0.0449219 0.00348282
9 0.864583 0.143415 0.0297619 0.0334821 0.00345612
9 0.194568 0.117397 0.0252976 0.0654297 0.00329781
0 0.934524 0.109794 0.077381 0.0970982 0.00307465
2 0.276786 0.342076 0.0178571 0.0100446 0.00288963
9 0.724702 0.0825893 0.0297619 0.0371094 0.00281143
56 0.944941 0.920759 0.110119 0.151786 0.00277901
2 0.186198 0.327567 0.0133929 0.0111607 0.00276756
72 0.923363 0.387277 0.153274 0.690848 0.00275803
2 0.782738 0.603795 0.0267857 0.00892858 0.00269318
9 0.316964 0.237863 0.0401786 0.0231585 0.00263214
0 0.680804 0.629464 0.0491072 0.0736607 0.00255013
6 0.787946 0.477958 0.316964 0.415737 0.00243378
5 0.877976 0.258371 0.244048 0.484933 0.00234222
8 0.886905 0.386719 0.22619 0.700893 0.00234222
7 0.703683 0.635045 0.586682 0.723214 0.00230598
4 0.718006 0.635045 0.558036 0.716518 0.00228691
11 0.563244 0.279576 0.0193452 0.0625 0.00218201
7 0.315848 0.323661 0.0386905 0.0178571 0.00211525
0 0.918155 0.189593 0.10119 0.269252 0.00206757
0 0.864583 0.143415 0.0297619 0.0334821 0.00201988
23 0.819941 0.282994 0.0416667 0.0757534 0.00183868
25 0.480655 0.542411 0.0758929 0.0558035 0.00176811
2 0.919271 0.279646 0.161458 0.55678 0.00173378
0 0.934524 0.145787 0.0535714 0.0756138 0.0017271
7 0.877976 0.258371 0.244048 0.484933 0.00167465
7 0.801711 0.442522 0.396577 0.715402 0.00153637
2 0.681548 0.629464 0.0476191 0.0758928 0.0015192
2 0.860119 0.144531 0.0386904 0.0329241 0.00139904
11 0.22061 0.329241 0.0200893 0.0100446 0.00136185
14 0.34375 0.386161 0.0133929 0.0128348 0.00135612
11 0.318452 0.236607 0.0364583 0.0234375 0.00134563
7 0.316964 0.237863 0.0401786 0.0231585 0.00131512
56 0.680804 0.629464 0.0491072 0.0736607 0.00130939
11 0.635417 0.296875 0.0208333 0.0200893 0.00129414
2 0.275298 0.342634 0.0215774 0.0122768 0.00125504
0 0.922619 0.0938895 0.14881 0.184431 0.00121117
9 0.216332 0.260882 0.0133929 0.0122768 0.0012064
0 0.900298 0.264648 0.0744047 0.192801 0.00120163
9 0.366443 0.253627 0.0133929 0.0223214 0.00117874
11 0.593006 0.479911 0.0171131 0.0184152 0.00116539
6 0.313616 0.237723 0.0431548 0.0234375 0.00114727
0 0.912947 0.281878 0.0491071 0.0657087 0.0011425
9 0.203125 0.136161 0.015625 0.0273438 0.00112915
4 0.808594 0.512835 0.382813 0.80692 0.00112438
21 0.31622 0.237165 0.0386905 0.0239955 0.00112057
8 0.677083 0.742188 0.501488 0.508929 0.00112057
0 0.00483631 0.274623 0.00911458 0.0188337 0.00111198
13 0.763021 0.581473 0.473958 0.837054 0.00111198
9 0.767857 0.0190778 0.0357143 0.0352958 0.0011034
9 0.101935 0.56808 0.0189732 0.0212053 0.00109863
13 0.775298 0.359375 0.122024 0.0245536 0.00104046
30 0.796689 0.508371 0.406622 0.821429 0.00104046
0 0.34375 0.386161 0.0133929 0.0128348 0.00103664
13 0.875 0.429967 0.0595238 0.0239955 0.00103188
6 0.882441 0.505859 0.235119 0.634487 0.00102425
11 0.101935 0.56808 0.0189732 0.0212053 0.00102043
11 0.480655 0.542411 0.0758929 0.0558035 0.944824
6 0.710566 0.627232 0.572917 0.738839 0.810547
6 0.913691 0.385045 0.172619 0.696429 0.420654
6 0.796875 0.506696 0.40625 0.816964 0.138428
0 0.936012 0.135882 0.0625 0.0792411 0.112
9 0.921131 0.122838 0.107143 0.125419 0.0792236
6 0.919271 0.279576 0.161458 0.555804 0.0433655
8 0.809524 0.510603 0.380952 0.800223 0.0420837
0 0.925595 0.266462 0.0238095 0.0334821 0.0413208
8 0.710566 0.627232 0.572917 0.738839 0.036499
9 0.290923 0.118304 0.0223214 0.0418527 0.0359497
5 0.919271 0.279576 0.161458 0.555804 0.0256653
0 0.919643 0.12221 0.102679 0.125279 0.0231018
0 0.919643 0.142055 0.0892857 0.0836356 0.0192413
6 0.677083 0.74721 0.498512 0.498884 0.0157166
0 0.921131 0.269461 0.0342262 0.0403181 0.0106125
5 0.913691 0.385045 0.172619 0.696429 0.00978088
5 0.718564 0.635045 0.55692 0.716518 0.00671768
7 0.913691 0.385045 0.172619 0.696429 0.00643921
11 0.479911 0.511719 0.03125 0.0100446 0.00636292
7 0.919271 0.279576 0.161458 0.555804 0.00629044
9 0.295387 0.119699 0.0290179 0.0410156 0.00598145
9 0.424851 0.235491 0.0223214 0.0223214 0.00588989
11 0.563244 0.261998 0.016369 0.0267857 0.00503922
2 0.316964 0.324219 0.0394345 0.0167411 0.00494385
0 0.944941 0.920201 0.110119 0.15067 0.00486755
2 0.316964 0.237863 0.0401786 0.0231585 0.00469971
6 0.819196 0.347656 0.361607 0.608259 0.00416565
2 0.927083 0.263951 0.0238095 0.0290179 0.00397491
6 0.877232 0.25865 0.245536 0.486607 0.00391388
11 0.724702 0.08238 0.0297619 0.0371094 0.00378036
0 0.925595 0.256975 0.0208333 0.0440848 0.00372124
9 0.857143 0.148019 0.0357143 0.0292969 0.00356483
6 0.619234 0.689732 0.645461 0.580357 0.00349617
2 0.186198 0.327567 0.0133929 0.0111607 0.00331116
0 0.934524 0.109794 0.077381 0.0970982 0.00329781
2 0.276786 0.342076 0.0178571 0.0100446 0.00329781
9 0.864583 0.143415 0.0297619 0.0334821 0.00325966
9 0.194568 0.117327 0.0252976 0.0652902 0.00311089
6 0.798735 0.451172 0.40253 0.560826 0.0029583
9 0.724702 0.0825893 0.0297619 0.0371094 0.00290108
2 0.782738 0.603795 0.0267857 0.00892858 0.00269318
9 0.316964 0.237863 0.0401786 0.0231585 0.00263214
56 0.944941 0.920201 0.110119 0.15067 0.00257111
72 0.924107 0.38644 0.151786 0.689174 0.00253105
0 0.680804 0.629464 0.0491072 0.0736607 0.00252151
7 0.704055 0.636021 0.585938 0.721261 0.00251198
8 0.886905 0.385603 0.22619 0.698661 0.00245285
4 0.718564 0.635045 0.55692 0.716518 0.00237846
5 0.877232 0.25865 0.245536 0.486607 0.00231361
6 0.785714 0.479911 0.309524 0.410714 0.00225258
7 0.315848 0.323661 0.0386905 0.0178571 0.00224304
11 0.563244 0.279576 0.0193452 0.0625 0.00214005
0 0.918155 0.190534 0.10119 0.270717 0.00191212
0 0.864583 0.143415 0.0297619 0.0334821 0.00188923
23 0.819941 0.282645 0.0416667 0.0753348 0.00185299
25 0.480655 0.542411 0.0758929 0.0558035 0.0018034
0 0.934524 0.146066 0.0535714 0.0750558 0.00171375
7 0.877232 0.25865 0.245536 0.486607 0.00158501
2 0.919271 0.279576 0.161458 0.555804 0.00152493
7 0.801897 0.44029 0.396205 0.708705 0.00152493
7 0.316964 0.237863 0.0401786 0.0231585 0.00151253
2 0.275298 0.342634 0.0215774 0.0122768 0.00146675
11 0.220424 0.329241 0.0197173 0.0100446 0.0014267
0 0.900298 0.265067 0.0744047 0.186384 0.00141048
2 0.681548 0.629464 0.0476191 0.0770089 0.00138855
0 0.912202 0.281529 0.0505952 0.0647321 0.00135136
8 0.677083 0.74721 0.498512 0.498884 0.00130939
9 0.203125 0.136161 0.015625 0.0273438 0.00128937
14 0.34375 0.386161 0.0133929 0.0128348 0.00127888
9 0.216332 0.260882 0.0133929 0.0122768 0.0012598
0 0.921131 0.0938895 0.14881 0.184431 0.00125504
2 0.860119 0.144671 0.0386904 0.0329241 0.00124931
11 0.318452 0.236607 0.0364583 0.0234375 0.00123978
11 0.593006 0.479911 0.0171131 0.0184152 0.00123024
9 0.366443 0.253627 0.0133929 0.0223214 0.00120163
11 0.635417 0.296875 0.0208333 0.0200893 0.00120163
56 0.680804 0.629464 0.0491072 0.0736607 0.00115108
0 0.00483631 0.274623 0.00911458 0.0188337 0.00110722
6 0.313988 0.237723 0.0431548 0.0234375 0.0011034
9 0.767857 0.0190778 0.0357143 0.0353655 0.00109863
4 0.809524 0.510603 0.380952 0.800223 0.00109863
9 0.101935 0.56808 0.0189732 0.0212053 0.00109482
13 0.775298 0.359375 0.123512 0.0245536 0.00108147
13 0.875744 0.429688 0.0580357 0.0234375 0.00107288
47 0.129092 0.719866 0.0249256 0.0178572 0.00106525
6 0.884673 0.505301 0.230655 0.630022 0.00106525
0 0.34375 0.386161 0.0133929 0.0128348 0.00104809
30 0.796875 0.506696 0.40625 0.816964 0.00104809
9 0.312128 0.271833 0.016369 0.0132534 0.00103188
8 0.883185 0.365792 0.0773809 0.156808 0.00102043
33 0.197173 0.118443 0.0252976 0.0655692 0.00101662
11 0.480655 0.542411 0.0758929 0.0558035 0.944824
6 0.711124 0.627372 0.571801 0.73856 0.810547
6 0.913691 0.384766 0.172619 0.695871 0.418701
6 0.796875 0.506696 0.40625 0.815848 0.136108
0 0.936012 0.135882 0.0625 0.0792411 0.111633
9 0.921131 0.122838 0.107143 0.125419 0.0803833
6 0.919271 0.279088 0.161458 0.555664 0.0437012
8 0.809524 0.510603 0.380952 0.800223 0.0432129
0 0.925595 0.266462 0.0238095 0.0334821 0.0410767
8 0.711124 0.627372 0.571801 0.73856 0.0379028
9 0.290923 0.118304 0.0223214 0.0418527 0.0346069
5 0.919271 0.279088 0.161458 0.555664 0.0258636
0 0.919643 0.12221 0.102679 0.125279 0.0233307
0 0.919643 0.142055 0.0892857 0.0836356 0.0190887
6 0.677083 0.748326 0.498512 0.496652 0.0161591
0 0.921131 0.269461 0.0342262 0.0403181 0.0104523
5 0.913691 0.384766 0.172619 0.695871 0.00971222
5 0.71875 0.635045 0.556548 0.716518 0.0068779
7 0.913691 0.384766 0.172619 0.695871 0.00643921
11 0.479911 0.511719 0.03125 0.0100446 0.00641251
7 0.919271 0.279088 0.161458 0.555664 0.00634003
9 0.425223 0.235491 0.0230655 0.0223214 0.005867
9 0.295387 0.119699 0.0282738 0.0410156 0.00564194
11 0.563244 0.261998 0.016369 0.0267857 0.0051384
2 0.316964 0.324219 0.0394345 0.0167411 0.00498199
0 0.944941 0.920201 0.110119 0.15067 0.00477219
2 0.316964 0.237863 0.0401786 0.0231585 0.00475693
6 0.819196 0.347377 0.361607 0.607701 0.0041008
2 0.927083 0.263951 0.0238095 0.0290179 0.00400543
6 0.876488 0.258929 0.247024 0.487165 0.00391388
11 0.724702 0.0824498 0.0297619 0.0371094 0.00380898
0 0.925595 0.256975 0.0208333 0.0440848 0.00370789
9 0.857143 0.148019 0.0357143 0.0290179 0.00358009
2 0.186198 0.327567 0.0133929 0.0111607 0.00332451
6 0.621838 0.69029 0.640253 0.579241 0.00329781
0 0.934524 0.109794 0.077381 0.0970982 0.00328636
9 0.864583 0.143415 0.0297619 0.0334821 0.00322342
2 0.276786 0.342076 0.0178571 0.0100446 0.00322342
9 0.194568 0.117327 0.0252976 0.0652902 0.00300407
6 0.797991 0.452288 0.404018 0.561942 0.00300407
9 0.724702 0.0825893 0.0297619 0.0371094 0.00287819
9 0.316964 0.237863 0.0401786 0.0231585 0.0026722
2 0.782738 0.603795 0.0267857 0.00892858 0.00263214
56 0.944941 0.920201 0.110119 0.15067 0.00263214
7 0.704613 0.636161 0.584821 0.720982 0.00263214
72 0.924107 0.386161 0.151786 0.6875 0.00253105
0 0.680804 0.629464 0.0491072 0.0736607 0.00252151
8 0.886905 0.385603 0.22619 0.697545 0.00245285
4 0.71875 0.635045 0.556548 0.716518 0.00243378
5 0.876488 0.258929 0.247024 0.487165 0.00231361
7 0.315848 0.323661 0.0386905 0.0178571 0.00226021
6 0.785714 0.479911 0.309524 0.410714 0.00221634
11 0.563244 0.279576 0.0193452 0.0625 0.00216484
0 0.918155 0.190534 0.10119 0.270717 0.00193405
23 0.819941 0.282645 0.0416667 0.0753348 0.00186729
0 0.864583 0.143415 0.0297619 0.0334821 0.00183868
25 0.480655 0.542411 0.0758929 0.0558035 0.00181007
0 0.934524 0.145961 0.0535714 0.0752651 0.00169373
7 0.876488 0.258929 0.247024 0.487165 0.00158501
7 0.316964 0.237863 0.0401786 0.0231585 0.00153065
2 0.919271 0.279088 0.161458 0.555664 0.00153065
7 0.801897 0.44029 0.396205 0.708705 0.00151253
2 0.275298 0.342634 0.0215774 0.0122768 0.0014267
11 0.220424 0.329241 0.0197173 0.0100446 0.00141621
0 0.900298 0.264927 0.0744047 0.186105 0.00139904
2 0.681548 0.629464 0.0476191 0.0770089 0.00136662
8 0.677083 0.748326 0.498512 0.496652 0.00135612
0 0.912202 0.281529 0.0505952 0.0647321 0.00133514
9 0.216332 0.260882 0.0133929 0.0122768 0.00124454
14 0.34375 0.386161 0.0133929 0.0133929 0.00124454
0 0.921875 0.0938198 0.14881 0.184291 0.00124454
11 0.318452 0.236607 0.0364583 0.0234375 0.00123978
11 0.593006 0.479911 0.0171131 0.0184152 0.00123978
2 0.860119 0.144671 0.0386904 0.0329241 0.00123501
9 0.203125 0.136196 0.015625 0.027274 0.0012207
9 0.366443 0.253627 0.0133929 0.0223214 0.00121117
11 0.635417 0.296875 0.0208333 0.0200893 0.00120163
56 0.680804 0.629464 0.0491072 0.0736607 0.00117397
6 0.313988 0.237723 0.0431548 0.0234375 0.0011158
9 0.101935 0.56808 0.0186012 0.0212053 0.00111198
0 0.00483631 0.274623 0.00911458 0.0188337 0.0011034
9 0.767857 0.019043 0.0357143 0.0352958 0.0011034
47 0.129092 0.719866 0.0249256 0.0178572 0.00108147
4 0.809524 0.510603 0.380952 0.800223 0.00108147
13 0.875744 0.429688 0.0580357 0.0234375 0.00107765
13 0.775298 0.359375 0.123512 0.0245536 0.00106907
8 0.883185 0.366071 0.0773809 0.155692 0.00105667
6 0.885417 0.505859 0.229167 0.628906 0.00105667
9 0.312128 0.271833 0.016369 0.0132534 0.00103188
0 0.34375 0.386161 0.0133929 0.0133929 0.00102806
30 0.796875 0.506696 0.40625 0.815848 0.00102806
33 0.197173 0.118443 0.0252976 0.0655692 0.00102425
