71 0.298691 0.731086 0.251559 0.238487 0.82666
58 0.180477 0.509046 0.129335 0.192434 0.753418
61 0.499771 0.402549 0.0680492 0.151316 0.199341
61 0.513158 0.472759 0.123827 0.297903 0.078064
41 0.436184 0.78125 0.0624714 0.136513 0.049408
72 0.0482131 0.504523 0.0964263 0.967928 0.0474243
75 0.435905 0.779605 0.0619136 0.139803 0.0298767
39 0.41722 0.782072 0.0245423 0.116776 0.0262604
75 0.184625 0.58347 0.0674914 0.0452303 0.0123825
71 0.501444 0.499178 0.0992849 0.0296053 0.0118256
39 0.435626 0.772204 0.0624714 0.152961 0.01017
71 0.502002 0.496711 0.0825515 0.0246711 0.00985718
71 0.271918 0.587993 0.221997 0.0904606 0.00919342
58 0.604634 0.476562 0.0290046 0.0748356 0.00878143
73 0.330764 0.53454 0.0691648 0.0625 0.00834656
71 0.348613 0.79523 0.41722 0.383224 0.00806427
71 0.275055 0.61102 0.212933 0.0493421 0.00796509
61 0.274916 0.566612 0.227714 0.123355 0.00772476
71 0.30148 0.840461 0.514831 0.292763 0.00728989
71 0.321003 0.737665 0.186856 0.220395 0.0069313
45 0.184067 0.58347 0.0680492 0.0460526 0.00631332
59 0.703919 0.51727 0.091476 0.111842 0.00631332
75 0.605192 0.498355 0.0223112 0.0296053 0.00614548
71 0.275613 0.566612 0.226319 0.125 0.00612259
45 0.512879 0.551809 0.126616 0.137336 0.00502014
5 0.0512112 0.487664 0.102422 0.955592 0.00468063
41 0.605749 0.499178 0.0223112 0.0287829 0.00450516
61 0.271918 0.587993 0.221997 0.0904606 0.00438309
61 0.301132 0.728618 0.260065 0.245066 0.00436401
56 0.703919 0.514803 0.0903604 0.108553 0.00419998
71 0.31905 0.685855 0.29897 0.340461 0.00403976
69 0.0462958 0.513158 0.0925915 0.960526 0.00391388
72 0.0449013 0.672286 0.088966 0.635691 0.00362206
73 0.330764 0.518503 0.0624714 0.0271381 0.00356483
61 0.512879 0.551809 0.126616 0.137336 0.00336266
39 0.423913 0.778166 0.0379291 0.124589 0.00335121
71 0.279448 0.601151 0.226459 0.0690789 0.00321007
41 0.41722 0.782072 0.0245423 0.116776 0.00307465
75 0.605749 0.412829 0.0468535 0.20477 0.00296974
61 0.331322 0.534128 0.0691648 0.0616776 0.00296974
71 0.512879 0.551809 0.126616 0.137336 0.00292397
57 0.703919 0.517681 0.0892449 0.11102 0.00292397
58 0.186856 0.58347 0.0730692 0.0452303 0.00291252
71 0.333832 0.759457 0.160641 0.175164 0.00282288
70 0.435626 0.778783 0.0624714 0.141447 0.00270462
6 0.0478645 0.485197 0.095729 0.950658 0.0024929
65 0.331322 0.519326 0.063587 0.0296052 0.00240517
71 0.24375 0.732319 0.140003 0.217928 0.00228691
58 0.185044 0.564967 0.0755792 0.0805921 0.00219917
71 0.24626 0.61102 0.152274 0.0402961 0.00210762
61 0.306221 0.675987 0.293392 0.351974 0.00209999
71 0.499492 0.402858 0.0674914 0.151521 0.00209045
61 0.435626 0.778783 0.0624714 0.141447 0.00197983
69 0.0449013 0.672286 0.088966 0.635691 0.00195694
71 0.355794 0.746711 0.383892 0.297697 0.00194168
74 0.499213 0.402138 0.0669336 0.148849 0.00191879
75 0.611327 0.398849 0.0334668 0.180099 0.00189686
13 0.703919 0.514803 0.0903604 0.108553 0.0018034
73 0.0962171 0.800165 0.0649814 0.0838816 0.00176811
39 0.604076 0.476151 0.0234268 0.0723684 0.00174141
56 0.500329 0.409128 0.0691648 0.165296 0.0017271
65 0.330764 0.534539 0.0691648 0.0616776 0.00170708
74 0.50005 0.397204 0.0596825 0.108553 0.00154305
39 0.605749 0.499178 0.0223112 0.0287829 0.00148964
69 0.512321 0.551398 0.126616 0.138158 0.00148964
69 0.0385566 0.64227 0.0744637 0.472039 0.00146103
68 0.512321 0.550987 0.126616 0.138158 0.00144958
18 0.703919 0.51727 0.0925915 0.113487 0.00142097
59 0.807666 0.48016 0.350286 0.496916 0.00141048
71 0.278263 0.786184 0.456404 0.386513 0.00137806
61 0.703919 0.51727 0.0925915 0.113487 0.00136185
58 0.606865 0.417352 0.0490847 0.211349 0.00131512
7 0.0512112 0.487664 0.102422 0.955592 0.00130939
45 0.436184 0.780428 0.0624714 0.138158 0.00130463
75 0.500329 0.409128 0.0691648 0.165296 0.00129414
73 0.331879 0.546053 0.0725114 0.0394737 0.00123501
73 0.501445 0.496711 0.0842248 0.0246711 0.00122547
45 0.360884 0.611842 0.0251001 0.0197369 0.00119686
45 0.605749 0.497944 0.0211957 0.0287829 0.00117397
46 0.436184 0.779605 0.0613558 0.139803 0.00117397
71 0.273033 0.572368 0.111556 0.0444079 0.0011692
58 0.190482 0.514803 0.109325 0.149671 0.00115585
25 0.605749 0.412829 0.0468535 0.203947 0.00115108
2 0.703919 0.513158 0.0937071 0.10773 0.00113392
59 0.270802 0.574836 0.221439 0.111842 0.00112057
71 0.519851 0.493832 0.109325 0.0205592 0.00106525
71 0.294508 0.666118 0.243192 0.103618 0.00106525
71 0.267665 0.609375 0.196478 0.0337171 0.00104427
60 0.307964 0.86102 0.509672 0.25329 0.00102043
75 0.185044 0.564967 0.0755792 0.0805921 0.00100803
56 0.5126 0.472862 0.124943 0.300987 0.00100422
71 0.298343 0.731086 0.251141 0.240132 0.85498
58 0.180581 0.509868 0.128568 0.192434 0.777344
61 0.499771 0.403372 0.0680492 0.152961 0.187134
61 0.513158 0.473581 0.123827 0.299548 0.0726318
72 0.0468187 0.505757 0.0936374 0.963816 0.0510864
41 0.436184 0.78125 0.0624714 0.136513 0.0483093
75 0.435905 0.779811 0.0619136 0.141036 0.0270691
39 0.41722 0.782689 0.0245423 0.115543 0.018692
71 0.500887 0.498766 0.0976115 0.0287829 0.0174408
71 0.50256 0.496299 0.0814359 0.0238487 0.0149536
75 0.184765 0.58347 0.0669336 0.0452303 0.014061
71 0.27387 0.590872 0.216419 0.0863487 0.00878143
45 0.184067 0.58347 0.0674914 0.0460526 0.00871277
73 0.331043 0.53454 0.0691647 0.0625 0.0086441
39 0.435626 0.772821 0.0624714 0.151727 0.00837708
71 0.274149 0.610609 0.210283 0.0509869 0.00828552
61 0.277217 0.565378 0.224228 0.127467 0.00731659
71 0.305594 0.783717 0.516644 0.40625 0.00695801
41 0.605749 0.497944 0.0211957 0.0287829 0.00669098
59 0.703919 0.518092 0.091476 0.113487 0.00664139
71 0.27387 0.567434 0.22869 0.125 0.00651169
73 0.331322 0.543586 0.0713959 0.0427632 0.00638962
71 0.32156 0.736842 0.185741 0.222039 0.00634003
58 0.604076 0.476974 0.027889 0.0740132 0.00621796
75 0.605192 0.498355 0.0223112 0.0296053 0.00616837
73 0.331043 0.518092 0.0619136 0.0263158 0.0050621
45 0.512879 0.551809 0.126616 0.138158 0.00486755
72 0.0437858 0.679688 0.0867348 0.619244 0.00450516
61 0.271918 0.587993 0.220881 0.0904606 0.00405502
56 0.703919 0.515625 0.0903604 0.108553 0.00392914
69 0.0468187 0.505757 0.0936374 0.963816 0.00370789
58 0.187135 0.58347 0.0725114 0.0452303 0.00356483
71 0.319329 0.692023 0.301201 0.32648 0.00351143
71 0.512879 0.551809 0.126616 0.138158 0.00342941
61 0.331043 0.534128 0.0691647 0.0616776 0.00333786
61 0.512879 0.551809 0.126616 0.138158 0.00316048
5 0.0504094 0.485197 0.100819 0.947368 0.00312424
71 0.246539 0.61102 0.151716 0.0402961 0.00304031
57 0.703919 0.518503 0.091476 0.112664 0.00296974
71 0.246121 0.731086 0.144744 0.21875 0.00279999
6 0.0466444 0.477796 0.0932888 0.935855 0.00273705
73 0.0961474 0.800164 0.064842 0.0822368 0.00271416
65 0.331322 0.518915 0.063587 0.0279606 0.00263214
41 0.41722 0.782689 0.0245423 0.115543 0.00257111
58 0.185462 0.565378 0.0741848 0.0805921 0.00256157
61 0.299807 0.72903 0.257695 0.245888 0.00251198
39 0.422797 0.777961 0.0356979 0.123355 0.00239754
69 0.0437858 0.679688 0.0867348 0.619244 0.0020504
61 0.435626 0.779605 0.0624714 0.141447 0.00201035
56 0.500329 0.409437 0.0691648 0.166324 0.00198746
70 0.435626 0.779605 0.0624714 0.141447 0.00198746
71 0.331949 0.779811 0.157155 0.144326 0.00196457
71 0.499213 0.402549 0.0669336 0.150493 0.00191879
71 0.269478 0.572368 0.102492 0.0444079 0.00186729
71 0.350565 0.745888 0.384311 0.297697 0.00185299
39 0.604634 0.47574 0.0223112 0.071546 0.00172043
71 0.521246 0.493421 0.10542 0.0197369 0.00170708
71 0.307337 0.860403 0.510927 0.256168 0.00168705
69 0.0383125 0.641036 0.0739756 0.471217 0.00159168
73 0.502002 0.496711 0.0825515 0.0238487 0.00158501
71 0.268362 0.608964 0.196199 0.0328948 0.00156689
58 0.231618 0.54523 0.0306779 0.0493421 0.00153065
69 0.5126 0.551809 0.127174 0.138158 0.00153065
59 0.271081 0.578947 0.220881 0.105263 0.00152493
45 0.360884 0.611842 0.0251001 0.0197369 0.00150681
65 0.360884 0.611842 0.0256579 0.0205592 0.00149536
74 0.499213 0.402549 0.0669336 0.150493 0.00146103
45 0.605749 0.497944 0.0211957 0.0287829 0.00144386
13 0.703919 0.516447 0.0937071 0.110197 0.00143814
45 0.331322 0.534951 0.0691648 0.0575658 0.00141048
39 0.605749 0.499178 0.0223112 0.0287829 0.00138855
61 0.703919 0.518092 0.0925915 0.115132 0.00138855
67 0.360884 0.611842 0.0251001 0.0197369 0.00137806
68 0.512321 0.550987 0.126616 0.138158 0.00134087
75 0.500329 0.409437 0.0691648 0.166324 0.00133038
65 0.330764 0.534539 0.0691648 0.0616776 0.00132465
75 0.605749 0.412829 0.0468535 0.20477 0.00129414
71 0.296739 0.70477 0.243192 0.169408 0.00127411
75 0.611327 0.398026 0.0334668 0.179276 0.00126457
45 0.436184 0.780428 0.0624714 0.138158 0.00125504
58 0.190761 0.514803 0.108209 0.146382 0.00121117
71 0.247097 0.604441 0.151716 0.0353619 0.00120163
71 0.511485 0.496711 0.129405 0.03125 0.00118828
75 0.185462 0.565378 0.0741848 0.0805921 0.00118828
71 0.279448 0.619243 0.219208 0.0550987 0.00118828
71 0.2814 0.575658 0.174585 0.0476974 0.00117874
59 0.808224 0.48016 0.348055 0.498561 0.00116062
15 0.703919 0.518092 0.0925915 0.115132 0.00115108
74 0.502002 0.395559 0.0591247 0.118421 0.00113392
69 0.0139271 0.603207 0.0272267 0.250822 0.00112057
39 0.604634 0.467105 0.017849 0.0542763 0.00111198
61 0.304269 0.675576 0.29395 0.352796 0.00108624
18 0.703919 0.518092 0.0925915 0.115132 0.00108147
71 0.230224 0.712993 0.111835 0.182566 0.00104809
73 0.095241 0.787623 0.0666547 0.0629112 0.00104427
71 0.294787 0.665296 0.242634 0.105263 0.00103664
2 0.703919 0.513158 0.0937071 0.10773 0.00102425
45 0.502002 0.498355 0.083667 0.0263158 0.00101662
60 0.305594 0.783717 0.516644 0.40625 0.00101185
71 0.298412 0.731497 0.252117 0.240954 0.868164
58 0.180581 0.509868 0.128568 0.192434 0.812988
61 0.50005 0.403372 0.0680492 0.152961 0.177856
61 0.513716 0.473684 0.123827 0.300164 0.0646362
72 0.0461563 0.507812 0.0923126 0.95477 0.0495911
41 0.436184 0.78125 0.0624714 0.136513 0.0437012
75 0.435905 0.779811 0.0619136 0.141036 0.026062
71 0.500329 0.498355 0.096496 0.0279606 0.0214539
71 0.50256 0.495888 0.0803204 0.0230263 0.0196381
75 0.184765 0.58347 0.0669336 0.0452303 0.0162201
39 0.41722 0.782072 0.0239846 0.116776 0.0146179
45 0.184067 0.58347 0.0674914 0.0460526 0.0102081
41 0.605749 0.497944 0.0211957 0.0287829 0.00881195
71 0.273591 0.61102 0.209168 0.0509868 0.00806427
39 0.435905 0.773026 0.0619136 0.151316 0.00806427
73 0.331043 0.53454 0.0691647 0.0608553 0.00803375
71 0.304548 0.785362 0.518736 0.402961 0.00784302
71 0.271709 0.588816 0.220742 0.0904605 0.0077858
59 0.703919 0.518092 0.091476 0.113487 0.0064888
75 0.605192 0.498355 0.0223112 0.0296053 0.00643921
61 0.276938 0.564967 0.222554 0.128289 0.00634003
73 0.331322 0.543997 0.0713959 0.0419408 0.00605011
71 0.27136 0.568257 0.233152 0.123355 0.00593567
58 0.603518 0.476562 0.0267734 0.0740132 0.0053215
71 0.321839 0.736842 0.186299 0.222039 0.00521851
72 0.0430537 0.69079 0.0854101 0.595395 0.00516129
73 0.331043 0.518092 0.0619136 0.0263158 0.00494385
45 0.5126 0.551809 0.127174 0.138158 0.0049057
61 0.271081 0.582648 0.220881 0.0995066 0.00408554
71 0.246539 0.61102 0.151716 0.0394737 0.0039444
56 0.703919 0.515625 0.0903604 0.110197 0.00392914
58 0.187135 0.583059 0.0719537 0.0444079 0.00349617
61 0.5126 0.551809 0.127174 0.138158 0.00336266
71 0.5126 0.551809 0.127174 0.138158 0.00325966
73 0.0961474 0.799342 0.064842 0.0822369 0.00317192
61 0.331043 0.534128 0.0691647 0.0616776 0.003088
71 0.319887 0.701891 0.302317 0.306743 0.00305176
69 0.0461563 0.507812 0.0923126 0.95477 0.00304031
57 0.703919 0.518915 0.091476 0.113487 0.00291252
71 0.248631 0.730674 0.149764 0.217928 0.00286674
65 0.331322 0.518092 0.063587 0.0279605 0.0027256
58 0.181976 0.564145 0.0800415 0.0822368 0.00268364
71 0.267037 0.572368 0.0978904 0.0427631 0.00234985
71 0.52264 0.493421 0.102632 0.0205592 0.00209045
71 0.342477 0.749178 0.422797 0.296053 0.0020752
6 0.0456683 0.462171 0.0913365 0.90296 0.00206757
41 0.41722 0.782072 0.0239846 0.116776 0.0020504
69 0.0430537 0.69079 0.0854101 0.595395 0.0020504
65 0.360884 0.611842 0.0256579 0.0205592 0.00203514
71 0.268013 0.608553 0.196339 0.0328947 0.0019722
56 0.500608 0.409437 0.0697225 0.166324 0.00194931
71 0.331949 0.776521 0.157155 0.150905 0.00194168
39 0.42224 0.777755 0.0345824 0.122122 0.00189686
5 0.0499213 0.481908 0.0998427 0.934211 0.00188255
67 0.360884 0.611842 0.0245423 0.0197369 0.0018177
45 0.331322 0.534539 0.0691648 0.0559211 0.00178909
71 0.499213 0.402549 0.0669336 0.150493 0.00178242
61 0.703919 0.518092 0.0937071 0.115132 0.00178242
39 0.604634 0.475329 0.0200801 0.0707237 0.00175476
73 0.50256 0.495888 0.0803204 0.0230263 0.0017271
58 0.231758 0.54523 0.0301201 0.0493421 0.00172043
45 0.360884 0.611842 0.0245423 0.0197369 0.00171375
61 0.299249 0.729852 0.257137 0.244243 0.00169373
45 0.605749 0.497944 0.0211957 0.0287829 0.0016613
69 0.0381731 0.641859 0.0738362 0.467928 0.00160408
61 0.435626 0.779605 0.0624714 0.141447 0.00157928
71 0.306779 0.858553 0.512042 0.259868 0.00157356
59 0.271081 0.582648 0.220881 0.0995066 0.00153637
69 0.5126 0.551809 0.127174 0.138158 0.00153065
70 0.435626 0.779605 0.0624714 0.141447 0.00150681
71 0.246957 0.60403 0.15088 0.0345395 0.00145531
71 0.297297 0.703125 0.243192 0.166118 0.00145531
71 0.281679 0.575658 0.172912 0.046875 0.00144958
71 0.511763 0.496711 0.128847 0.03125 0.00143242
39 0.605749 0.499178 0.0223112 0.0279606 0.00137806
75 0.185462 0.56579 0.0747426 0.0805921 0.00137806
58 0.19104 0.514803 0.107652 0.144737 0.00136185
45 0.501723 0.499178 0.0825515 0.0263158 0.00132465
74 0.499213 0.402549 0.0669336 0.150493 0.00131512
15 0.703919 0.518092 0.0937071 0.115132 0.00131512
68 0.512042 0.550987 0.127174 0.13898 0.00130939
69 0.0138922 0.604441 0.0272964 0.25 0.00130939
75 0.500608 0.409437 0.0697225 0.166324 0.00123024
39 0.604634 0.460115 0.017849 0.0394737 0.0012207
13 0.703919 0.516447 0.0937071 0.110197 0.00121117
73 0.095241 0.787007 0.0663759 0.0608552 0.0012064
65 0.330764 0.53454 0.0691648 0.0625 0.00119686
71 0.279378 0.621299 0.217674 0.0592106 0.00117874
73 0.500329 0.498355 0.096496 0.0279606 0.00115108
71 0.230084 0.712171 0.110998 0.182566 0.00106907
58 0.174341 0.532895 0.114275 0.155428 0.00105667
45 0.436184 0.780428 0.0624714 0.138158 0.00105667
71 0.279448 0.661184 0.215303 0.108553 0.00104046
71 0.548298 0.493832 0.0535469 0.0222039 0.00103188
60 0.304548 0.785362 0.518736 0.402961 0.00102425
39 0.604634 0.476562 0.0290046 0.0764803 0.00101662
58 0.233292 0.519737 0.0290046 0.0995066 0.00100422
71 0.298134 0.732319 0.251559 0.239309 0.880859
58 0.180442 0.509868 0.128568 0.192434 0.85498
61 0.50005 0.403783 0.0680492 0.153783 0.165649
61 0.513716 0.473787 0.123827 0.300781 0.0476074
41 0.436184 0.78125 0.0624714 0.136513 0.0403748
72 0.045494 0.511513 0.0909879 0.942434 0.0370483
75 0.436184 0.779605 0.0624714 0.141447 0.0263519
71 0.499771 0.498355 0.0959382 0.0279606 0.0245209
71 0.502839 0.495888 0.0797626 0.0230263 0.0239563
75 0.184904 0.58347 0.0669336 0.0452303 0.0174408
39 0.41722 0.781044 0.0239846 0.115543 0.0118256
45 0.184067 0.58347 0.0669336 0.0460526 0.0105667
41 0.605749 0.497944 0.0223112 0.0287829 0.00971222
73 0.330764 0.533717 0.0691648 0.0608553 0.00803375
39 0.435905 0.773026 0.0619136 0.151316 0.00766754
71 0.304548 0.787829 0.518736 0.399671 0.00748825
59 0.703919 0.518092 0.091476 0.113487 0.00616837
71 0.273033 0.610609 0.20861 0.0518092 0.006073
73 0.331322 0.544408 0.0713959 0.0411184 0.00605011
75 0.605192 0.498355 0.0223112 0.0296053 0.00598145
45 0.5126 0.551809 0.127174 0.138158 0.00536346
72 0.0420427 0.696546 0.0838065 0.580592 0.0051384
73 0.331322 0.518092 0.0613559 0.0263158 0.00503922
58 0.603518 0.476562 0.0267734 0.0740132 0.00502014
71 0.271569 0.588405 0.219905 0.0912829 0.00492477
71 0.246539 0.61102 0.151716 0.0394737 0.00438309
71 0.268013 0.569079 0.239846 0.121711 0.00431442
61 0.276729 0.564967 0.221857 0.128289 0.0042305
56 0.703919 0.515625 0.091476 0.110197 0.0041008
73 0.0960777 0.799342 0.0649814 0.0822369 0.0037365
58 0.187275 0.583059 0.0713959 0.0444079 0.00333786
65 0.360884 0.611842 0.0256579 0.0205592 0.00327301
71 0.322676 0.736431 0.185183 0.222862 0.00313568
61 0.5126 0.551809 0.127174 0.138158 0.00296974
61 0.330764 0.534128 0.0691648 0.0616776 0.00286674
61 0.270523 0.584704 0.221997 0.0953948 0.0028553
58 0.182115 0.564556 0.0792048 0.0814144 0.00276756
71 0.247097 0.730263 0.147254 0.217105 0.00276756
67 0.360884 0.611842 0.0245423 0.0197369 0.00275803
57 0.703919 0.518914 0.0903604 0.114309 0.00274658
65 0.331322 0.518092 0.0630291 0.0271381 0.00268364
71 0.321003 0.706826 0.305664 0.296875 0.0024929
56 0.500608 0.408614 0.0697225 0.166324 0.002388
71 0.5126 0.551809 0.127174 0.138158 0.00234222
61 0.703919 0.518092 0.0937071 0.115132 0.00229645
71 0.268013 0.608553 0.196339 0.0320724 0.00226021
45 0.331322 0.533717 0.0691648 0.0542763 0.00218201
71 0.522919 0.493421 0.0998427 0.0197369 0.00217438
71 0.266898 0.571546 0.0970538 0.0427631 0.00215721
69 0.045494 0.511513 0.0909879 0.942434 0.00214958
58 0.232037 0.54523 0.0295624 0.0493421 0.00197983
45 0.360884 0.611842 0.0245423 0.0197369 0.00194931
6 0.0445527 0.433388 0.0891054 0.850329 0.00192642
71 0.34687 0.746711 0.38947 0.297697 0.00192642
73 0.502839 0.495888 0.0797626 0.0230263 0.00188255
39 0.604634 0.474095 0.0200801 0.0682566 0.00175476
41 0.41722 0.781044 0.0239846 0.115543 0.00174141
71 0.331949 0.773026 0.157155 0.157895 0.00174141
45 0.50256 0.499178 0.0803204 0.0263158 0.0017004
58 0.199267 0.515625 0.086177 0.148026 0.0016613
39 0.421403 0.777138 0.032909 0.121711 0.0016613
69 0.0420427 0.696546 0.0838065 0.580592 0.0016613
45 0.605749 0.497944 0.0223112 0.0287829 0.00162315
71 0.499213 0.402549 0.0674914 0.150493 0.00159168
75 0.182115 0.564556 0.0792048 0.0814144 0.00156689
71 0.511763 0.496299 0.128847 0.0304276 0.00149536
69 0.0379988 0.642681 0.0734876 0.461349 0.00147247
59 0.270523 0.584704 0.221997 0.0953948 0.00146103
71 0.297924 0.702714 0.243053 0.165296 0.00143242
75 0.500608 0.408614 0.0697225 0.166324 0.00137806
69 0.0146417 0.60403 0.0284468 0.254112 0.00137806
71 0.247097 0.603618 0.150601 0.0337171 0.00135612
71 0.282237 0.575658 0.171796 0.046875 0.00134087
61 0.298691 0.731086 0.256021 0.241776 0.00131512
73 0.095241 0.78639 0.0663759 0.0587994 0.00130463
39 0.605749 0.499178 0.0223112 0.0279606 0.00129414
39 0.604634 0.459704 0.017849 0.0394737 0.0012846
15 0.703919 0.518092 0.0937071 0.115132 0.00127411
69 0.5126 0.550987 0.127174 0.138158 0.00125504
74 0.499213 0.402549 0.0674914 0.150493 0.0012207
45 0.331322 0.518092 0.0613559 0.0263158 0.00121593
58 0.604634 0.474095 0.0200801 0.0682566 0.00120163
71 0.307058 0.856908 0.511485 0.264803 0.00119686
58 0.233152 0.519737 0.0290046 0.0986842 0.00119209
73 0.499771 0.498355 0.0959382 0.0279606 0.00116539
58 0.151158 0.521793 0.0644236 0.140625 0.00116062
75 0.190761 0.576891 0.063587 0.0633224 0.00113773
39 0.604634 0.476562 0.0290046 0.0764803 0.00113392
61 0.435905 0.779605 0.0619136 0.141447 0.00113392
71 0.549135 0.493421 0.0518736 0.0213816 0.00112438
58 0.173783 0.534128 0.112044 0.152138 0.00112438
5 0.0490498 0.474507 0.0980996 0.914474 0.00112057
64 0.360884 0.611842 0.0245423 0.0197369 0.00109863
70 0.436184 0.778166 0.0613558 0.144326 0.00108147
45 0.297367 0.731086 0.251977 0.240132 0.00107288
58 0.190761 0.576891 0.063587 0.0633224 0.00106525
68 0.512042 0.550987 0.127174 0.138158 0.00103664
71 0.503676 0.502467 0.0937071 0.0263158 0.00102425
65 0.330764 0.534539 0.0697225 0.0616776 0.00102425
71 0.280006 0.624178 0.216977 0.0641447 0.00102425
68 0.0138922 0.603618 0.0274358 0.25 0.00102043
60 0.304548 0.787829 0.518736 0.399671 0.00101185
71 0.226877 0.724507 0.105699 0.197368 0.00100803
58 0.180198 0.509868 0.128778 0.192434 0.902832
71 0.297855 0.733553 0.251001 0.236842 0.888672
61 0.50005 0.404194 0.0680492 0.155428 0.151001
61 0.513716 0.474095 0.123827 0.300987 0.0450134
41 0.436184 0.78125 0.0624714 0.136513 0.0362244
71 0.50256 0.495888 0.0797626 0.0230263 0.0293121
71 0.499213 0.498355 0.0948227 0.0271381 0.0290833
75 0.436184 0.779811 0.0613558 0.141036 0.0265503
72 0.044971 0.51727 0.0899421 0.925987 0.0219421
75 0.184904 0.583882 0.066097 0.0444079 0.0177155
41 0.605749 0.497944 0.0211957 0.0287829 0.0106506
39 0.41722 0.781044 0.0239846 0.115543 0.0105667
45 0.184067 0.583059 0.0666547 0.0460526 0.00844574
73 0.330764 0.532072 0.0691648 0.0575658 0.00809479
39 0.435905 0.773026 0.0619136 0.151316 0.00723267
59 0.703919 0.518092 0.091476 0.115132 0.00717545
71 0.303921 0.789268 0.521106 0.395148 0.00695801
73 0.331322 0.544819 0.0713959 0.0402961 0.00591278
75 0.605192 0.498355 0.0223112 0.0296053 0.00547028
45 0.5126 0.551809 0.127174 0.138158 0.00547028
73 0.331322 0.518092 0.0613559 0.0263158 0.00503922
73 0.0960079 0.799342 0.064842 0.0805921 0.00446701
58 0.603518 0.476151 0.0267734 0.0740132 0.00436401
65 0.360884 0.611842 0.0245423 0.0197369 0.00421524
72 0.0413803 0.698191 0.0827606 0.574013 0.00415039
71 0.247097 0.610609 0.152274 0.0386513 0.00405502
56 0.703919 0.518915 0.0903604 0.115132 0.00400543
71 0.272476 0.610197 0.207494 0.0526316 0.00355148
67 0.360884 0.611842 0.0245423 0.0197369 0.00336266
71 0.265225 0.569901 0.244866 0.118421 0.00319672
58 0.187414 0.58347 0.0708381 0.0444079 0.00314713
61 0.276101 0.564967 0.219208 0.126645 0.00281143
56 0.500608 0.40882 0.0697225 0.165913 0.00276756
61 0.5126 0.551809 0.127174 0.138158 0.0027256
61 0.330764 0.53454 0.0691648 0.0608553 0.00266266
71 0.271639 0.587993 0.218092 0.0912829 0.00266266
65 0.331322 0.518092 0.0630291 0.0271381 0.00261116
71 0.332158 0.748355 0.160641 0.203947 0.00260162
58 0.182394 0.564967 0.078647 0.0805921 0.00252151
58 0.200661 0.515625 0.0828304 0.147204 0.00244331
71 0.267735 0.608141 0.196896 0.03125 0.00235939
61 0.702803 0.518092 0.0937071 0.116776 0.00234985
71 0.25128 0.729441 0.155621 0.217105 0.00227928
57 0.703919 0.518915 0.0903604 0.115132 0.00225258
45 0.331322 0.532072 0.0691648 0.0509869 0.00223351
61 0.269478 0.585526 0.222973 0.09375 0.00209999
45 0.503118 0.499178 0.078647 0.024671 0.00205803
58 0.232037 0.54523 0.0295624 0.0493421 0.00198746
71 0.523756 0.49301 0.0948227 0.0189145 0.0019722
71 0.266201 0.571135 0.0956593 0.0411184 0.00195694
45 0.360884 0.611842 0.0245423 0.0197369 0.00191879
39 0.604634 0.472862 0.0200801 0.0657894 0.00184631
75 0.182394 0.564967 0.078647 0.0805921 0.00173378
41 0.41722 0.781044 0.0239846 0.115543 0.00167465
71 0.32156 0.708882 0.307337 0.291118 0.00167465
71 0.5126 0.551809 0.127174 0.138158 0.0016613
73 0.50256 0.495888 0.0797626 0.0230263 0.00161076
71 0.343035 0.750822 0.398255 0.302632 0.00157356
75 0.500608 0.40882 0.0697225 0.165913 0.00151253
45 0.605749 0.497944 0.0211957 0.0287829 0.00150108
71 0.499213 0.402961 0.0680492 0.152138 0.0014782
69 0.0147115 0.603618 0.028656 0.254934 0.00147247
6 0.0411014 0.36472 0.0822029 0.709704 0.00145531
71 0.511763 0.496711 0.128847 0.0296052 0.00142097
58 0.151124 0.522204 0.0642145 0.140625 0.00139904
71 0.503676 0.502467 0.0937071 0.0263158 0.00137806
58 0.233152 0.519737 0.0290046 0.0986842 0.00135136
39 0.604634 0.459704 0.017849 0.0394737 0.00133514
39 0.604634 0.476151 0.027889 0.0756579 0.00133514
73 0.095241 0.784334 0.066097 0.0563322 0.00133514
45 0.331322 0.518092 0.0613559 0.0263158 0.00132465
71 0.282307 0.575658 0.170541 0.0460526 0.00126934
64 0.360884 0.611842 0.0245423 0.0197369 0.00126457
69 0.0377896 0.643092 0.0730692 0.457237 0.0012598
69 0.044971 0.51727 0.0899421 0.925987 0.00124454
75 0.190621 0.575658 0.0633081 0.0657895 0.00122547
58 0.212375 0.505345 0.0605192 0.145559 0.00121593
71 0.247794 0.603207 0.150322 0.0320724 0.00119686
45 0.297855 0.733141 0.251559 0.237664 0.00119686
74 0.499771 0.40625 0.0680492 0.160362 0.00117874
59 0.803204 0.481497 0.343593 0.495888 0.0011692
71 0.549971 0.493832 0.0502002 0.0213816 0.00116539
59 0.269478 0.585526 0.222973 0.09375 0.00116539
39 0.605749 0.499178 0.0223112 0.0279606 0.00109863
58 0.190621 0.575658 0.0633081 0.0657895 0.00109005
60 0.273382 0.768298 0.441623 0.42722 0.00108624
71 0.298412 0.70148 0.242634 0.162829 0.00107288
71 0.50256 0.506579 0.107094 0.0419408 0.00105667
72 0.0150252 0.610197 0.0289349 0.253289 0.00105667
58 0.183649 0.522204 0.0800415 0.143092 0.00104427
58 0.181035 0.509868 0.128778 0.192434 0.937012
71 0.297367 0.734786 0.249746 0.234375 0.900391
61 0.50005 0.404194 0.0680492 0.155428 0.158203
71 0.50256 0.495888 0.0792048 0.0230263 0.0456848
71 0.498656 0.498355 0.0937071 0.0263158 0.0399475
61 0.514273 0.474507 0.123827 0.300164 0.0296478
41 0.436184 0.78125 0.0624714 0.136513 0.0293121
75 0.435905 0.779605 0.0613559 0.139803 0.0289764
75 0.185044 0.58347 0.0655392 0.0444079 0.0192719
71 0.503676 0.502056 0.103747 0.0263158 0.0123367
59 0.703919 0.518092 0.091476 0.113487 0.0112915
72 0.0440646 0.505757 0.0881293 0.935855 0.0110321
41 0.605749 0.497944 0.0211957 0.0287829 0.0109024
71 0.303154 0.791941 0.52264 0.391447 0.00815582
45 0.184346 0.583059 0.0677703 0.0444079 0.00772476
73 0.330764 0.53125 0.0691648 0.0559211 0.00734711
39 0.41722 0.781044 0.0239846 0.115543 0.00731659
39 0.435905 0.773849 0.0613559 0.149671 0.00619125
73 0.0959382 0.79852 0.0649814 0.0789474 0.00561905
75 0.605192 0.498355 0.0223112 0.0287829 0.00553513
45 0.5126 0.551809 0.126058 0.137336 0.00530243
73 0.331322 0.544408 0.0713959 0.0411184 0.0051384
73 0.331322 0.518092 0.0613559 0.0263158 0.00481033
65 0.360884 0.611842 0.0245423 0.0197369 0.00473785
72 0.0431234 0.670641 0.0862468 0.635691 0.00473785
58 0.603518 0.476151 0.0267734 0.0740132 0.00469971
71 0.508138 0.497533 0.0713959 0.0180921 0.00443268
56 0.703919 0.515625 0.091476 0.110197 0.00439835
58 0.201916 0.515625 0.0803204 0.146382 0.00391388
67 0.360605 0.611842 0.0245423 0.0197369 0.00379562
58 0.187414 0.58347 0.0697225 0.0444079 0.00356483
71 0.247654 0.610609 0.152274 0.037829 0.00340271
61 0.702803 0.518092 0.0937071 0.115954 0.00324821
61 0.330764 0.53454 0.0691648 0.0608553 0.00298119
58 0.187135 0.564967 0.073627 0.0822369 0.00286674
71 0.263272 0.571957 0.247654 0.115132 0.00282288
45 0.504233 0.498355 0.0747426 0.0246711 0.00274658
56 0.500608 0.407484 0.0691647 0.163651 0.00273705
58 0.232037 0.54523 0.0295624 0.0493421 0.00259018
61 0.512879 0.55222 0.127732 0.135691 0.00259018
45 0.331322 0.53125 0.068607 0.0493421 0.00247192
59 0.803761 0.482011 0.344708 0.49486 0.0024147
71 0.331949 0.748355 0.160501 0.202303 0.00237846
71 0.525987 0.492599 0.0870137 0.0180921 0.00236893
57 0.703919 0.518915 0.0903604 0.113487 0.00226974
61 0.275265 0.564145 0.216977 0.124178 0.00226021
71 0.272127 0.609375 0.206518 0.0542763 0.00224304
71 0.267456 0.60773 0.196896 0.03125 0.00221634
45 0.360605 0.611842 0.0245423 0.0197369 0.00219917
58 0.209447 0.486842 0.0644236 0.154605 0.00208282
58 0.233152 0.519737 0.0287257 0.0978619 0.00200272
65 0.331322 0.518092 0.0624714 0.0263158 0.00195694
73 0.123688 0.870066 0.137772 0.231908 0.00191212
71 0.265364 0.570724 0.0928704 0.0394737 0.00184631
75 0.182534 0.564967 0.0775315 0.0805921 0.00183868
58 0.193829 0.503289 0.0987271 0.141447 0.0018177
71 0.5126 0.551809 0.126058 0.137336 0.00181007
58 0.151298 0.523026 0.0641447 0.139803 0.00176811
45 0.297576 0.734375 0.250443 0.235197 0.00168705
71 0.271918 0.587993 0.216977 0.0904606 0.00168133
61 0.271918 0.587993 0.216977 0.0904606 0.00166798
58 0.213072 0.509868 0.060798 0.133224 0.0016613
75 0.500608 0.407484 0.0691647 0.163651 0.0016489
39 0.604634 0.469572 0.0189646 0.0592105 0.00163555
45 0.605749 0.497944 0.0211957 0.0287829 0.00163555
73 0.095241 0.78454 0.0658181 0.0542763 0.00159168
71 0.551087 0.493421 0.0479691 0.0213816 0.00158501
71 0.511763 0.496711 0.128847 0.0296052 0.00157356
45 0.331322 0.518092 0.0613559 0.0263158 0.0015192
69 0.0146417 0.603207 0.0287257 0.258224 0.00145531
64 0.360605 0.611842 0.0245423 0.0197369 0.0014267
71 0.339758 0.757812 0.405925 0.314967 0.00142097
39 0.604634 0.459704 0.017849 0.0394737 0.00141048
71 0.254766 0.729852 0.162593 0.214638 0.00141048
58 0.436184 0.78125 0.0624714 0.136513 0.00136662
60 0.274428 0.766242 0.444551 0.431332 0.00136662
73 0.50256 0.495888 0.0792048 0.0230263 0.00136185
71 0.499213 0.403372 0.0669336 0.152138 0.00135612
58 0.182394 0.522615 0.0730692 0.14227 0.00133514
75 0.190621 0.574836 0.0630292 0.0674342 0.00128937
58 0.190621 0.574836 0.0630292 0.0674342 0.00123024
41 0.41722 0.781044 0.0239846 0.115543 0.00122547
71 0.283352 0.574836 0.167334 0.0460526 0.00119686
59 0.26878 0.587171 0.224367 0.0904606 0.00118828
71 0.321212 0.711349 0.306919 0.284539 0.00116539
71 0.502002 0.506579 0.105978 0.0411184 0.00112915
72 0.0148858 0.61102 0.0287257 0.253289 0.00112915
74 0.499771 0.40625 0.0680492 0.159539 0.00112438
71 0.513158 0.473787 0.124943 0.297492 0.0011158
39 0.604634 0.476151 0.0267735 0.0756579 0.00109005
6 0.0427399 0.411595 0.0854798 0.783717 0.00102806
69 0.037441 0.645559 0.0725114 0.452303 0.00101662
58 0.181035 0.51028 0.12822 0.191612 0.94043
71 0.297297 0.734786 0.24877 0.23273 0.915039
61 0.50005 0.404502 0.0674914 0.154811 0.151001
71 0.50256 0.495888 0.0792048 0.0230263 0.0437012
71 0.498656 0.498355 0.0931493 0.0263158 0.035675
75 0.435905 0.779605 0.060798 0.139803 0.025177
75 0.185183 0.58347 0.0658181 0.0444079 0.0206451
41 0.436184 0.78125 0.0619136 0.136513 0.0195007
61 0.514273 0.474507 0.123827 0.299342 0.0146713
59 0.703919 0.518092 0.091476 0.113487 0.0110703
41 0.605749 0.498355 0.0211957 0.0296053 0.0106506
71 0.301759 0.793586 0.524313 0.388158 0.01017
45 0.184207 0.583059 0.066097 0.0460526 0.00709534
72 0.0443435 0.504934 0.0886871 0.927632 0.00709534
73 0.331043 0.530428 0.068607 0.0542763 0.00703812
45 0.5126 0.551809 0.126058 0.136513 0.00643921
73 0.0960079 0.79852 0.064842 0.0789474 0.00619125
39 0.436184 0.78125 0.0619136 0.136513 0.00564194
39 0.41722 0.782072 0.0239846 0.115132 0.00540543
65 0.360884 0.611842 0.0245423 0.0197369 0.00494385
73 0.331322 0.544408 0.0713959 0.0411184 0.00486755
73 0.331322 0.518092 0.0613559 0.0263158 0.00457382
58 0.201638 0.515625 0.0803204 0.144737 0.00418091
75 0.605192 0.498355 0.0223112 0.0296053 0.00408554
59 0.80153 0.480674 0.342477 0.492599 0.00397491
56 0.703919 0.515625 0.091476 0.110197 0.00391388
73 0.123548 0.870271 0.136935 0.233141 0.00390053
67 0.360605 0.611842 0.0245423 0.0197369 0.00372124
71 0.509253 0.497533 0.0674914 0.0180921 0.00358009
58 0.603518 0.476151 0.0256579 0.0740132 0.00342941
58 0.187414 0.58347 0.0697225 0.0444079 0.00340271
72 0.0429491 0.682977 0.0858982 0.604441 0.00335121
61 0.702803 0.518092 0.0937071 0.115132 0.00322342
45 0.505628 0.498355 0.0713959 0.0230263 0.00292397
56 0.500329 0.407072 0.0691648 0.162007 0.00279999
58 0.186717 0.565378 0.0739059 0.0822369 0.00279045
71 0.261599 0.572368 0.249886 0.113487 0.00271416
71 0.247654 0.610197 0.152274 0.0378289 0.00263214
58 0.232176 0.54523 0.0290046 0.0493421 0.0026207
45 0.331322 0.530428 0.068607 0.0476974 0.00257111
61 0.330764 0.53454 0.0691648 0.0608553 0.00230598
58 0.209586 0.483964 0.0633081 0.148849 0.00221634
45 0.297297 0.735197 0.249886 0.233553 0.00206757
58 0.233152 0.519737 0.0284468 0.0970394 0.00204277
75 0.182673 0.564967 0.0775315 0.0805921 0.00202751
58 0.212375 0.505757 0.0602403 0.143092 0.00196457
45 0.360605 0.611842 0.0245423 0.0197369 0.00192642
57 0.703919 0.518914 0.0903604 0.114309 0.00189686
71 0.527102 0.492599 0.0847826 0.0180921 0.00188255
61 0.5126 0.55222 0.127174 0.134868 0.00186729
71 0.331879 0.748355 0.160083 0.202303 0.00185299
71 0.50256 0.502467 0.0898026 0.0263158 0.00182438
73 0.095241 0.783717 0.0658181 0.0526316 0.00182438
71 0.267037 0.60773 0.197175 0.0296053 0.00178909
58 0.151158 0.523026 0.0641447 0.139803 0.00174809
39 0.604634 0.466694 0.017849 0.0534539 0.0016489
65 0.331322 0.518092 0.0624714 0.0263158 0.00162315
71 0.27136 0.609375 0.205821 0.0559211 0.00160408
45 0.331322 0.518092 0.0613559 0.0263158 0.0015974
71 0.5126 0.551809 0.126058 0.136513 0.00151253
75 0.500329 0.407072 0.0691648 0.162007 0.00150108
61 0.276589 0.569079 0.208749 0.121711 0.00146675
71 0.33913 0.766242 0.412757 0.329359 0.00146103
71 0.265503 0.569901 0.0925915 0.0378289 0.00138283
71 0.551087 0.493421 0.0479691 0.0213816 0.00135612
45 0.605749 0.498355 0.0211957 0.0296053 0.00134563
58 0.436184 0.78125 0.0619136 0.136513 0.00134563
58 0.182952 0.523438 0.0780892 0.143914 0.00133514
64 0.360605 0.611842 0.0245423 0.0197369 0.00131989
61 0.27136 0.587171 0.216977 0.0904606 0.00131989
71 0.499213 0.402961 0.0669336 0.152138 0.00130463
69 0.0146069 0.603618 0.028656 0.258224 0.00130463
75 0.190482 0.574424 0.0630292 0.0682566 0.00128937
58 0.194526 0.483141 0.102353 0.130757 0.00126934
73 0.50256 0.495888 0.0792048 0.0230263 0.00125504
73 0.0980299 0.811678 0.0694437 0.0690789 0.00125504
58 0.190482 0.574424 0.0630292 0.0682566 0.00123978
71 0.27136 0.587171 0.216977 0.0904606 0.0012207
41 0.361442 0.612253 0.0234268 0.0205592 0.0012207
60 0.269129 0.76727 0.432837 0.429276 0.0012064
41 0.495309 0.481497 0.0156179 0.0205592 0.00118828
39 0.604634 0.476151 0.0267735 0.0756579 0.0011692
71 0.511763 0.496299 0.128847 0.0304276 0.00115585
74 0.499771 0.406353 0.0680492 0.159334 0.00109005
58 0.220044 0.499178 0.040718 0.113487 0.00108147
72 0.0147463 0.61102 0.028656 0.252467 0.00106907
58 0.173051 0.537418 0.10793 0.143914 0.00104046
59 0.267456 0.587171 0.226459 0.0921053 0.00103188
41 0.41722 0.782072 0.0239846 0.115132 0.00100803
71 0.297018 0.735197 0.247654 0.231908 0.938477
58 0.181139 0.510691 0.127174 0.190789 0.93457
61 0.499771 0.403783 0.0680492 0.153783 0.151001
71 0.50256 0.495888 0.0792048 0.0230263 0.0526123
75 0.436184 0.78125 0.0613558 0.134868 0.0259552
71 0.50005 0.500411 0.0987271 0.0263158 0.0237732
75 0.185183 0.58347 0.0652603 0.0444079 0.0184784
71 0.302038 0.79523 0.523756 0.386513 0.0158997
41 0.436184 0.78125 0.0613558 0.134868 0.0152512
41 0.605749 0.498355 0.0211957 0.0296053 0.013588
59 0.703361 0.51727 0.091476 0.111842 0.0127716
39 0.417499 0.779605 0.0251001 0.118421 0.0124817
59 0.802088 0.480674 0.342477 0.492599 0.00793457
45 0.5126 0.551809 0.126058 0.136513 0.00757599
45 0.184207 0.58347 0.0658181 0.0460526 0.00717545
61 0.514831 0.474507 0.123827 0.29852 0.00679779
73 0.331043 0.529605 0.068607 0.0526316 0.00671768
58 0.20359 0.515625 0.0758581 0.143092 0.00598145
73 0.0959382 0.797903 0.0647025 0.0785363 0.00559998
39 0.436184 0.78125 0.0613558 0.134868 0.00516129
65 0.360605 0.611842 0.0245423 0.0205592 0.00488663
73 0.331322 0.518092 0.0613559 0.0254934 0.00446701
56 0.703361 0.515214 0.0903604 0.108553 0.00439835
58 0.187275 0.58347 0.0691648 0.0444079 0.00434875
61 0.703361 0.51727 0.0925915 0.115132 0.00434875
67 0.360605 0.611842 0.0245423 0.0197369 0.00426483
73 0.3316 0.544408 0.0719536 0.0411184 0.00424957
58 0.232315 0.54523 0.0284468 0.0493421 0.00383949
75 0.605192 0.498355 0.0223112 0.0296053 0.0037365
72 0.0451802 0.503701 0.0903604 0.92023 0.00362206
71 0.260902 0.574424 0.25128 0.109375 0.00351143
58 0.187414 0.565378 0.0719537 0.0822369 0.00340271
58 0.215024 0.499178 0.0585669 0.175164 0.00340271
45 0.507022 0.498355 0.0680492 0.0230263 0.00332451
58 0.151158 0.523849 0.0630292 0.138158 0.00329781
71 0.509811 0.497533 0.063587 0.0164474 0.00325966
73 0.123409 0.869243 0.136935 0.233553 0.00319672
61 0.330764 0.53454 0.0691648 0.0592106 0.00299263
45 0.331322 0.530428 0.068607 0.0460526 0.00293541
56 0.500329 0.40625 0.068607 0.161184 0.00293541
58 0.603518 0.476151 0.0245423 0.0740132 0.00282288
58 0.233152 0.519737 0.0284468 0.0970394 0.00274658
45 0.297297 0.735197 0.24877 0.231908 0.00271416
71 0.247794 0.610609 0.152553 0.0370066 0.00255013
58 0.210144 0.479441 0.0616347 0.139803 0.0024929
58 0.194944 0.503701 0.096496 0.139803 0.00234222
45 0.360605 0.611842 0.0245423 0.0197369 0.00232315
57 0.703919 0.518503 0.091476 0.113487 0.00218201
71 0.33181 0.749178 0.159665 0.199013 0.00200272
39 0.604634 0.463816 0.017849 0.0476974 0.00198746
72 0.0432628 0.69079 0.0865257 0.583882 0.0019722
41 0.495309 0.481497 0.0145023 0.0205592 0.00191212
45 0.331322 0.518092 0.0613559 0.0254934 0.00191212
71 0.531565 0.492188 0.0680492 0.0172697 0.00183868
71 0.266758 0.60773 0.196618 0.0287829 0.0018177
71 0.27136 0.609786 0.205821 0.0542763 0.00170708
75 0.183231 0.564967 0.0755792 0.0805921 0.0017004
45 0.605749 0.498355 0.0211957 0.0296053 0.00165462
58 0.180442 0.522204 0.0652603 0.139803 0.00164223
71 0.5126 0.551809 0.126058 0.136513 0.00164223
58 0.220323 0.5 0.0401602 0.113487 0.00157928
41 0.360884 0.611842 0.0245423 0.0197369 0.00156116
41 0.489173 0.478618 0.0184067 0.0279606 0.00155449
61 0.5126 0.55222 0.127174 0.134868 0.00155449
71 0.264388 0.56949 0.0892449 0.0370066 0.00154877
71 0.551645 0.493421 0.0468535 0.0213816 0.00152493
73 0.095241 0.783717 0.0658181 0.0526316 0.00150108
58 0.436184 0.78125 0.0613558 0.134868 0.00150108
75 0.500329 0.40625 0.068607 0.161184 0.00143814
71 0.499213 0.402858 0.0669336 0.151521 0.00142097
64 0.360605 0.611842 0.0245423 0.0197369 0.00141048
58 0.218092 0.483553 0.0479691 0.100329 0.00137806
41 0.417499 0.779605 0.0251001 0.118421 0.00132465
60 0.265225 0.767887 0.423913 0.428043 0.00131512
39 0.604076 0.476151 0.0256579 0.0756579 0.00130463
71 0.271639 0.587582 0.216977 0.0896382 0.00128937
58 0.219487 0.51727 0.0376502 0.101974 0.00124931
58 0.212514 0.498355 0.0596825 0.123355 0.00118351
75 0.190761 0.573191 0.0624714 0.0690789 0.0011692
61 0.276589 0.569901 0.207634 0.118421 0.0011692
58 0.22618 0.512336 0.0323513 0.100329 0.00116062
61 0.331322 0.525493 0.0680492 0.0411184 0.00116062
58 0.173156 0.535362 0.107164 0.147204 0.00116062
58 0.22367 0.492599 0.0669336 0.158717 0.00115108
75 0.233013 0.543586 0.0276101 0.0476974 0.0011425
73 0.0978904 0.810855 0.0691648 0.0690789 0.00113392
74 0.499771 0.405325 0.0680492 0.1581 0.00112915
71 0.511485 0.495888 0.128289 0.0296052 0.0011158
65 0.331322 0.518092 0.0624714 0.0263158 0.00107765
72 0.0148683 0.610197 0.0289697 0.251645 0.00107288
73 0.50256 0.495888 0.0792048 0.0230263 0.00106525
39 0.360884 0.61102 0.0245423 0.0213816 0.00102806
71 0.283631 0.574836 0.16343 0.0452302 0.00100422
71 0.297018 0.734786 0.247097 0.231086 0.949707
58 0.181244 0.510691 0.126686 0.190789 0.935547
61 0.499771 0.403372 0.0680492 0.153783 0.151978
71 0.50256 0.495888 0.0792048 0.0230263 0.0675659
71 0.50758 0.498355 0.0658181 0.022204 0.037323
71 0.499771 0.500411 0.0981693 0.0263158 0.0269623
75 0.436184 0.78125 0.060798 0.134868 0.0264587
41 0.605749 0.498355 0.0211957 0.0287829 0.0204163
71 0.302317 0.796053 0.523198 0.384868 0.0195007
75 0.185323 0.58347 0.0649814 0.0444079 0.0186157
59 0.703919 0.51727 0.091476 0.111842 0.0178528
39 0.417499 0.779605 0.0251001 0.118421 0.0137405
41 0.436184 0.78125 0.0613558 0.136513 0.0134811
71 0.509532 0.494655 0.0624714 0.0197369 0.0124817
59 0.802646 0.480674 0.342477 0.492599 0.0112457
45 0.5126 0.551809 0.126058 0.136513 0.00809479
58 0.204705 0.515625 0.073627 0.143092 0.00763702
45 0.184346 0.58347 0.0658181 0.0460526 0.00746155
61 0.703919 0.515625 0.0903604 0.109375 0.0068512
56 0.703361 0.515214 0.0903604 0.108553 0.00664139
73 0.331043 0.529194 0.068607 0.0509869 0.00547028
65 0.360605 0.611842 0.0245423 0.0197369 0.00527954
73 0.0959382 0.79852 0.0647025 0.0789474 0.00508118
67 0.360605 0.611842 0.0245423 0.0197369 0.00503922
58 0.232315 0.54523 0.0284468 0.0493421 0.00494385
58 0.187135 0.58347 0.068607 0.0444079 0.00475693
39 0.436184 0.78125 0.0613558 0.136513 0.00471878
75 0.605192 0.498355 0.0223112 0.0296053 0.00455475
58 0.215164 0.498355 0.0585669 0.17352 0.00436401
61 0.514831 0.474609 0.123827 0.297492 0.00432968
71 0.260205 0.576891 0.252674 0.104441 0.00415039
58 0.151298 0.523849 0.0624714 0.138158 0.00407028
73 0.331322 0.518092 0.0613559 0.0263158 0.00402451
45 0.50758 0.498355 0.0658181 0.022204 0.00385475
61 0.330764 0.53454 0.0691648 0.0592106 0.00341606
45 0.297367 0.735609 0.248631 0.231086 0.00340271
58 0.188111 0.565378 0.0702803 0.0822369 0.00338936
58 0.233013 0.520559 0.0281679 0.0953947 0.00329781
73 0.3316 0.544819 0.0719536 0.0411184 0.00324821
41 0.495309 0.481086 0.0139445 0.0213816 0.00317192
45 0.331322 0.530016 0.068607 0.0460526 0.00313568
57 0.703919 0.518092 0.091476 0.112664 0.00302696
58 0.210283 0.477796 0.0607981 0.136513 0.00292397
73 0.123269 0.869243 0.136656 0.233553 0.00286674
56 0.500329 0.40625 0.068607 0.161184 0.00279999
45 0.360605 0.611842 0.0245423 0.0197369 0.00277901
58 0.603518 0.476974 0.0245423 0.0740132 0.00273705
39 0.604634 0.462993 0.017849 0.0444079 0.0027256
58 0.19606 0.504112 0.0937071 0.140625 0.00266266
41 0.489173 0.478618 0.017849 0.0279606 0.00261116
71 0.247933 0.610197 0.152274 0.0361842 0.00254059
71 0.3316 0.75 0.158967 0.197368 0.002388
45 0.605749 0.498355 0.0211957 0.0287829 0.00236893
71 0.5126 0.551809 0.126058 0.136513 0.00220871
71 0.534632 0.492188 0.0563358 0.0164474 0.00209999
58 0.220323 0.501645 0.0401602 0.117599 0.0020752
45 0.331322 0.518092 0.0613559 0.0263158 0.00205803
71 0.266619 0.60773 0.195781 0.0287829 0.00194168
72 0.0454591 0.50329 0.0909182 0.911184 0.00192642
71 0.27136 0.610609 0.205821 0.0526316 0.00191879
71 0.551645 0.493421 0.045738 0.0213816 0.00185299
58 0.178769 0.521382 0.055778 0.136513 0.00182438
41 0.360884 0.611842 0.0245423 0.0197369 0.00167465
58 0.218232 0.484375 0.0479691 0.100329 0.00166798
64 0.360605 0.611842 0.0245423 0.0197369 0.00166798
71 0.263551 0.569079 0.0864559 0.0361842 0.00163555
75 0.184067 0.564967 0.073627 0.0805921 0.00162315
39 0.604634 0.476562 0.0245423 0.0756579 0.0015974
75 0.233013 0.543586 0.0276101 0.0476974 0.00159168
58 0.436184 0.78125 0.0613558 0.136513 0.00159168
61 0.331322 0.525493 0.0680492 0.0411184 0.00157928
61 0.5126 0.551809 0.127174 0.134868 0.00157356
58 0.184067 0.515625 0.0819937 0.133224 0.00151253
58 0.226459 0.513158 0.0323513 0.101974 0.00151253
58 0.22367 0.491776 0.063587 0.15625 0.00150108
58 0.212514 0.499589 0.0596825 0.125822 0.00146103
72 0.0433326 0.696546 0.0866651 0.56579 0.00141621
71 0.499213 0.402858 0.0669336 0.151521 0.00139427
71 0.27136 0.587993 0.217534 0.0888158 0.00138855
41 0.417499 0.779605 0.0251001 0.118421 0.00137806
75 0.500329 0.40625 0.068607 0.161184 0.00137234
45 0.50256 0.495888 0.0792048 0.0230263 0.00134563
73 0.095241 0.784334 0.0658181 0.0530428 0.00130463
71 0.511485 0.495888 0.128289 0.0296052 0.00121593
58 0.265782 0.505757 0.073627 0.103618 0.00121593
60 0.263412 0.768298 0.41973 0.42722 0.0012064
58 0.173191 0.535773 0.106815 0.147204 0.00116539
59 0.741708 0.796875 0.491126 0.378289 0.00115108
75 0.190761 0.573602 0.0619136 0.0690789 0.00114727
72 0.0148509 0.608964 0.0288651 0.25 0.00114727
74 0.499771 0.405428 0.0680492 0.157895 0.00112438
45 0.509532 0.496711 0.0619136 0.0164474 0.00108624
73 0.0976813 0.810855 0.0687464 0.0690789 0.00104809
71 0.298412 0.876645 0.525429 0.230263 0.00103188
71 0.272685 0.689967 0.138469 0.0444079 0.00102425
61 0.276659 0.571546 0.207494 0.115132 0.00102043
61 0.605749 0.498355 0.0211957 0.0287829 0.00101185
71 0.28384 0.574836 0.159665 0.0452302 0.00100803
75 0.174027 0.57977 0.0502002 0.0394737 0.00100422
71 0.296669 0.735197 0.246678 0.230263 0.953125
58 0.18086 0.511513 0.125779 0.189967 0.94043
61 0.499771 0.403372 0.0680492 0.153783 0.158203
71 0.50256 0.495888 0.078647 0.0230263 0.083313
71 0.498098 0.498355 0.0925915 0.0263158 0.0484924
71 0.50758 0.498355 0.0658181 0.0213816 0.0411377
41 0.605749 0.498355 0.0211957 0.0287829 0.0271759
71 0.302247 0.796258 0.523337 0.384457 0.0227203
59 0.703919 0.51727 0.091476 0.111842 0.0222015
75 0.436184 0.78125 0.060798 0.134868 0.02211
75 0.185322 0.583882 0.0652603 0.0444079 0.0191193
59 0.803204 0.480366 0.343593 0.493216 0.016922
71 0.51009 0.494243 0.060798 0.0197369 0.0143356
39 0.41722 0.779605 0.0256579 0.118421 0.0131226
41 0.436184 0.781044 0.0602403 0.13528 0.0102921
61 0.703919 0.515625 0.0903604 0.109375 0.0100098
58 0.204984 0.514803 0.0722326 0.14227 0.00857544
45 0.5126 0.551809 0.126058 0.136513 0.00800323
56 0.703361 0.515214 0.0903604 0.108553 0.00793457
45 0.184346 0.58347 0.0658181 0.0460526 0.00784302
58 0.232315 0.54523 0.0284468 0.0493421 0.00547028
67 0.360326 0.611842 0.0245423 0.0197369 0.00527954
65 0.360605 0.611842 0.0245423 0.0197369 0.00516129
73 0.0958685 0.799137 0.064842 0.0793586 0.00511932
73 0.331322 0.533717 0.0702803 0.0608553 0.0050621
58 0.215164 0.497533 0.0580092 0.171053 0.00488663
58 0.151472 0.523849 0.0624017 0.138158 0.00477219
58 0.187135 0.583882 0.068607 0.0444079 0.00477219
41 0.495309 0.481086 0.0133867 0.0213816 0.00469971
75 0.605192 0.498766 0.0223112 0.0296052 0.00460815
45 0.50758 0.498355 0.0658181 0.0213816 0.00434875
71 0.259647 0.578125 0.255463 0.101974 0.00402451
41 0.489173 0.478618 0.017849 0.0279606 0.00400543
61 0.330764 0.534951 0.0691648 0.0600329 0.00400543
39 0.436184 0.78125 0.0613558 0.136513 0.00388527
57 0.703919 0.518092 0.0892449 0.112664 0.00374985
73 0.331322 0.518092 0.0613559 0.0263158 0.00370789
58 0.233013 0.520559 0.0281679 0.0953947 0.00359344
45 0.360326 0.611842 0.0245423 0.0197369 0.00351143
61 0.514831 0.474404 0.124943 0.296258 0.00348282
58 0.210423 0.476562 0.0605192 0.134046 0.00342941
45 0.297018 0.735197 0.248212 0.230263 0.00340271
58 0.188251 0.565378 0.0697225 0.0822369 0.00335121
45 0.331322 0.529605 0.068607 0.0444079 0.00322342
39 0.604634 0.462171 0.0167334 0.0435856 0.003088
45 0.605749 0.498355 0.0211957 0.0287829 0.00301552
58 0.197454 0.504112 0.0909182 0.141447 0.0029583
71 0.3316 0.750822 0.158967 0.195724 0.00279999
73 0.3316 0.544819 0.0719536 0.0411184 0.00263214
73 0.123409 0.868216 0.136377 0.233964 0.00263214
71 0.5126 0.551809 0.126058 0.136513 0.0026207
56 0.500329 0.406353 0.068607 0.160979 0.00257111
71 0.247794 0.610609 0.152553 0.0361842 0.00248146
58 0.220323 0.501645 0.0401602 0.120066 0.00243378
71 0.536585 0.491776 0.0468535 0.0164474 0.00237846
73 0.331043 0.524671 0.0674914 0.0411184 0.00237846
58 0.603518 0.476974 0.0245423 0.0740132 0.00230598
45 0.331322 0.518092 0.0613559 0.0263158 0.00222588
71 0.500329 0.502878 0.0825515 0.0254934 0.00220871
71 0.551645 0.493421 0.045738 0.0213816 0.00215721
71 0.26648 0.60773 0.195502 0.0287829 0.00205803
71 0.27136 0.61102 0.205821 0.0526316 0.00203514
58 0.178769 0.521382 0.0552202 0.136513 0.00202751
59 0.738641 0.796875 0.499492 0.379934 0.00200272
61 0.331043 0.524671 0.0674914 0.0411184 0.00199509
58 0.218232 0.484375 0.0476902 0.100329 0.00194168
64 0.360326 0.611842 0.0245423 0.0197369 0.00191879
75 0.232873 0.543586 0.0273312 0.0476974 0.00183105
61 0.5126 0.551809 0.126058 0.134868 0.0018177
41 0.360884 0.611842 0.0245423 0.0197369 0.00178909
39 0.603518 0.476974 0.0245423 0.0740132 0.00176811
71 0.262993 0.569079 0.0847826 0.0345395 0.00174809
58 0.219626 0.517681 0.0370924 0.102796 0.00173378
58 0.212514 0.5 0.0596825 0.127467 0.00170708
58 0.226738 0.513158 0.0315146 0.101974 0.00170708
58 0.18351 0.515625 0.0803204 0.133224 0.00168705
75 0.184346 0.564967 0.0725114 0.0805921 0.00161076
58 0.436184 0.78125 0.0613558 0.136513 0.00161076
45 0.50256 0.495888 0.078647 0.0230263 0.00157356
41 0.513716 0.481908 0.0167334 0.0131579 0.00152493
71 0.271639 0.589638 0.207494 0.0838816 0.00144958
58 0.266061 0.506579 0.0730692 0.102796 0.00144386
71 0.499213 0.402549 0.0669336 0.151316 0.00143814
72 0.0460866 0.502467 0.0921732 0.909539 0.00141048
61 0.605192 0.498766 0.0223112 0.0296052 0.00137806
41 0.41722 0.782072 0.0239846 0.113487 0.00135612
71 0.511485 0.495888 0.128289 0.0296052 0.00134087
60 0.263272 0.769531 0.419451 0.424753 0.00128937
58 0.172947 0.535362 0.106466 0.148026 0.0012846
75 0.500329 0.406353 0.068607 0.160979 0.00127411
58 0.212793 0.524671 0.0702803 0.112664 0.00124931
71 0.297367 0.878289 0.528636 0.226974 0.00122547
71 0.272755 0.689556 0.139445 0.0452303 0.00121593
73 0.095241 0.784334 0.0658181 0.0530428 0.00121593
45 0.509253 0.496711 0.0613558 0.0148026 0.00116062
41 0.475787 0.481086 0.01004 0.0263158 0.00110722
72 0.0149729 0.60773 0.0291789 0.25 0.00110722
75 0.190761 0.574013 0.0619136 0.0690789 0.0011034
74 0.499771 0.405016 0.0680492 0.157895 0.00109863
41 0.503118 0.483141 0.0145023 0.015625 0.00108624
44 0.360884 0.611842 0.0245423 0.0197369 0.00105286
75 0.168729 0.57977 0.0384868 0.0394737 0.00103188
72 0.0440298 0.696957 0.0880596 0.560033 0.00103188
71 0.28391 0.574836 0.15841 0.0452302 0.00102806
71 0.296739 0.735197 0.246539 0.230263 0.959961
58 0.18086 0.510691 0.125222 0.192434 0.931641
71 0.503397 0.495888 0.0775315 0.0213816 0.17334
61 0.499771 0.403886 0.0680492 0.1544 0.140381
71 0.507301 0.498355 0.0652603 0.0213816 0.0907593
71 0.498098 0.498355 0.0903604 0.0263158 0.0863037
61 0.703919 0.515214 0.0892449 0.10773 0.0360718
41 0.605749 0.498355 0.0200801 0.0296053 0.0271759
59 0.703919 0.516447 0.0892449 0.110197 0.0262604
71 0.512042 0.494243 0.055778 0.0189144 0.0243378
56 0.703919 0.514803 0.0892449 0.106908 0.0189056
71 0.303432 0.797697 0.519851 0.379934 0.0187683
59 0.804877 0.483655 0.345824 0.493215 0.0182953
75 0.185183 0.58347 0.0658181 0.0452303 0.0137405
75 0.436184 0.78125 0.0613558 0.136513 0.0126266
45 0.184346 0.583059 0.0658181 0.0460526 0.00919342
58 0.204705 0.513158 0.0716748 0.138158 0.00834656
57 0.703919 0.51727 0.0892449 0.110197 0.00766754
71 0.508975 0.496711 0.0596825 0.0148026 0.00751877
41 0.49503 0.481086 0.0133867 0.0213816 0.00734711
41 0.489173 0.478618 0.017849 0.0279606 0.0069313
58 0.232873 0.544408 0.0284468 0.0460526 0.00621796
58 0.215024 0.491776 0.0574514 0.161184 0.00602722
41 0.436184 0.78125 0.0602403 0.136513 0.00536346
67 0.360605 0.611842 0.0245423 0.0205592 0.00521851
45 0.360605 0.611842 0.0245423 0.0205592 0.00510025
58 0.187135 0.583882 0.068607 0.0444079 0.00503922
58 0.187693 0.565378 0.0702803 0.0830592 0.00475693
45 0.507301 0.498355 0.0652603 0.0213816 0.0046463
75 0.605192 0.498355 0.0223112 0.0296053 0.00462723
58 0.21098 0.466283 0.0580092 0.113487 0.00462723
58 0.150461 0.523026 0.0605192 0.136513 0.00453949
65 0.360326 0.611842 0.0245423 0.0213816 0.00446701
71 0.538816 0.491776 0.0345824 0.0164474 0.00445175
45 0.512321 0.551809 0.126616 0.134868 0.00431442
61 0.330206 0.534951 0.068607 0.0600329 0.00418091
71 0.551924 0.493421 0.0451802 0.0205592 0.00411606
39 0.417499 0.779605 0.0251001 0.118421 0.00388527
45 0.605749 0.498355 0.0200801 0.0296053 0.00383949
71 0.512321 0.551809 0.126616 0.134868 0.00376511
58 0.233013 0.520148 0.027889 0.0953948 0.00365067
73 0.330764 0.533717 0.0691648 0.0608553 0.00362206
58 0.197733 0.48273 0.0937071 0.131579 0.00351143
59 0.741708 0.796875 0.488894 0.379934 0.00340271
58 0.194665 0.521382 0.0842248 0.144737 0.00331116
73 0.331043 0.518092 0.0607981 0.0263158 0.00329781
45 0.296739 0.73602 0.247654 0.228618 0.00312424
61 0.682723 0.535362 0.0446224 0.0526316 0.00311089
73 0.0959382 0.799342 0.0647025 0.0805921 0.003088
45 0.331322 0.529194 0.0680492 0.0435855 0.00298119
71 0.260483 0.57648 0.257137 0.106908 0.00288963
39 0.604634 0.459704 0.0156178 0.0386513 0.00284576
71 0.498098 0.502467 0.0747426 0.0246711 0.00284576
39 0.435905 0.773849 0.060798 0.151316 0.00269318
41 0.360326 0.611842 0.0245423 0.0213816 0.00263214
58 0.218092 0.483553 0.0479691 0.101151 0.00256157
71 0.331949 0.750411 0.159386 0.196546 0.00253105
61 0.331043 0.524671 0.0674914 0.0394737 0.00248146
61 0.605192 0.498355 0.0223112 0.0296053 0.00239754
41 0.513158 0.481908 0.0167334 0.0131579 0.00235939
58 0.603518 0.476974 0.0245423 0.0740132 0.00220871
45 0.331043 0.518092 0.0607981 0.0263158 0.00220871
56 0.500329 0.40625 0.068607 0.161184 0.00219154
58 0.172215 0.533717 0.105699 0.152961 0.00218201
71 0.247654 0.611431 0.152274 0.0353619 0.00213242
58 0.220323 0.495066 0.0379291 0.100329 0.00210762
58 0.181139 0.51398 0.0753003 0.129934 0.00208282
71 0.512042 0.495888 0.127174 0.0304276 0.00206757
61 0.513158 0.474507 0.124943 0.291941 0.0020504
58 0.177374 0.520559 0.0535469 0.133224 0.00201035
58 0.223391 0.532072 0.0479691 0.0879934 0.00188923
64 0.360605 0.611842 0.0245423 0.0205592 0.00185299
45 0.502839 0.495477 0.0775315 0.0222039 0.00183105
71 0.348613 0.772821 0.404948 0.335937 0.00178242
71 0.265782 0.60773 0.194665 0.0279606 0.00174809
58 0.436184 0.78125 0.0613558 0.136513 0.0017004
73 0.12306 0.867599 0.134286 0.222039 0.00168705
73 0.3316 0.544819 0.0719536 0.0411184 0.00168133
73 0.331043 0.524671 0.0674914 0.0394737 0.00166798
61 0.5126 0.520559 0.127174 0.20148 0.0016489
41 0.475787 0.481086 0.00948228 0.0263158 0.0015974
61 0.512321 0.551809 0.126616 0.134868 0.0015974
13 0.703919 0.514803 0.0892449 0.106908 0.00157928
58 0.225762 0.498355 0.043228 0.131579 0.00157928
71 0.270245 0.613487 0.205821 0.0476974 0.00154877
41 0.502839 0.483141 0.0145023 0.015625 0.0015192
58 0.26648 0.506579 0.0716748 0.102796 0.00151253
58 0.157991 0.527138 0.0856193 0.143092 0.00151253
58 0.226598 0.510691 0.0309568 0.09375 0.00146675
45 0.513158 0.481908 0.0167334 0.0131579 0.00142097
75 0.184207 0.564556 0.0727903 0.0822369 0.00140476
75 0.232873 0.542763 0.0267735 0.0452302 0.00136662
45 0.508975 0.496711 0.0596825 0.0148026 0.00135612
58 0.220044 0.520559 0.0334668 0.0904606 0.00135136
71 0.331322 0.516447 0.0619136 0.0263158 0.00132465
75 0.500329 0.40625 0.068607 0.161184 0.00130463
45 0.500329 0.499178 0.0825515 0.03125 0.00127411
58 0.606865 0.481497 0.0379291 0.0657894 0.00122547
71 0.262436 0.567434 0.0814359 0.0328947 0.00120163
71 0.499213 0.402858 0.0669336 0.151521 0.00118828
61 0.721768 0.496711 0.0535469 0.0690789 0.00117397
71 0.273033 0.691612 0.133309 0.0386513 0.0011425
44 0.360884 0.611842 0.0256579 0.0213816 0.00112915
41 0.470488 0.48273 0.0122712 0.0246711 0.0011158
13 0.0960079 0.799342 0.0656786 0.0805921 0.0011034
60 0.262017 0.773232 0.416383 0.417352 0.0011034
71 0.539931 0.484375 0.0200801 0.0131579 0.00107288
13 0.0953804 0.808388 0.0649814 0.0444079 0.00106525
72 0.0468187 0.492188 0.0936374 0.890625 0.00106525
41 0.681608 0.570312 0.0200801 0.0189145 0.00105286
74 0.499771 0.405325 0.0680492 0.1581 0.00104046
45 0.512042 0.494243 0.055778 0.0189144 0.00103188
58 0.186856 0.540296 0.078647 0.131579 0.00103188
13 0.123688 0.868421 0.136935 0.235197 0.00102043
71 0.275822 0.589638 0.206937 0.0805921 0.00101185
25 0.605749 0.410773 0.0446224 0.199013 0.00100803
71 0.29646 0.735197 0.246539 0.230263 0.956543
58 0.180686 0.509868 0.125013 0.194079 0.917969
71 0.503118 0.495477 0.0769737 0.0222039 0.193115
61 0.499771 0.40368 0.0680492 0.154811 0.124207
71 0.506465 0.497944 0.0663759 0.0222039 0.107422
71 0.497819 0.498355 0.0909182 0.0263158 0.0894775
61 0.703919 0.515625 0.0892449 0.108553 0.0548096
71 0.513158 0.494243 0.0546625 0.0180921 0.025177
56 0.703919 0.515214 0.0892449 0.10773 0.021698
41 0.605192 0.498355 0.0211957 0.0296053 0.0207214
59 0.703919 0.51727 0.0892449 0.110197 0.016922
71 0.305385 0.797492 0.515947 0.378701 0.0149536
75 0.185044 0.58347 0.066097 0.0452303 0.0101318
59 0.805435 0.484375 0.343593 0.493421 0.00963593
71 0.508696 0.496711 0.0602403 0.0148026 0.00930023
75 0.436184 0.78125 0.0613558 0.136513 0.0091629
45 0.184625 0.583059 0.0663759 0.0460526 0.0085144
57 0.703919 0.51727 0.0892449 0.110197 0.00731659
41 0.489173 0.478618 0.0189645 0.0279606 0.00653839
41 0.494751 0.481086 0.0133867 0.0213816 0.00634003
58 0.202614 0.508224 0.0758581 0.141447 0.00572968
58 0.214885 0.48972 0.0571725 0.158717 0.00564194
71 0.539095 0.491365 0.0329091 0.015625 0.00492477
61 0.682723 0.535362 0.0446224 0.0526316 0.00486755
58 0.232873 0.544408 0.0284468 0.0460526 0.00460815
45 0.360605 0.611842 0.0245423 0.0205592 0.00457382
71 0.551924 0.493421 0.0451802 0.0213816 0.00446701
58 0.21112 0.465049 0.0574514 0.11102 0.00428009
67 0.360605 0.611842 0.0245423 0.0205592 0.00399017
59 0.742406 0.796875 0.481922 0.379934 0.00395966
58 0.187275 0.564967 0.0713959 0.0838816 0.00392914
58 0.187135 0.583882 0.0691648 0.0444079 0.00385475
45 0.506465 0.497944 0.0663759 0.0222039 0.00367928
71 0.512321 0.551809 0.126616 0.134868 0.00355148
61 0.513158 0.475226 0.124943 0.291324 0.00353813
58 0.197733 0.481908 0.0931493 0.133224 0.00349617
75 0.605192 0.498355 0.0223112 0.0296053 0.00327301
65 0.360326 0.611842 0.0245423 0.0213816 0.00323486
61 0.330764 0.533717 0.0680492 0.0608553 0.003088
45 0.512321 0.551809 0.126616 0.134868 0.00305176
41 0.360326 0.611842 0.0245423 0.0213816 0.00282288
45 0.605192 0.498355 0.0211957 0.0296053 0.00279999
58 0.150182 0.523026 0.0605192 0.136513 0.00275803
71 0.497261 0.502467 0.073627 0.0246711 0.00273705
58 0.19355 0.521382 0.0842248 0.146382 0.00273705
73 0.331043 0.518092 0.0607981 0.0263158 0.0026207
45 0.29646 0.73602 0.247654 0.228618 0.00257111
58 0.233013 0.520148 0.027889 0.0953948 0.00252151
73 0.330764 0.525905 0.0691648 0.0452303 0.00236893
61 0.331043 0.523849 0.0674914 0.0394737 0.00235939
45 0.331322 0.528783 0.0680492 0.0427631 0.00233269
58 0.217813 0.48273 0.0479691 0.101974 0.00232315
41 0.436184 0.781456 0.060798 0.137747 0.00232315
13 0.703919 0.515214 0.0892449 0.10773 0.00208282
61 0.605192 0.498355 0.0223112 0.0296053 0.00204277
71 0.512042 0.495888 0.127174 0.0304276 0.00201988
56 0.500329 0.407175 0.0691648 0.162623 0.00198746
58 0.171761 0.532895 0.104932 0.154605 0.00195694
39 0.604076 0.459704 0.0156178 0.0386513 0.00186729
39 0.436184 0.773232 0.0613558 0.154194 0.00183105
71 0.247097 0.611842 0.152832 0.0353619 0.0018177
58 0.181557 0.514803 0.0780892 0.131579 0.0018034
71 0.262715 0.574013 0.256579 0.113487 0.00177479
45 0.331043 0.518092 0.0607981 0.0263158 0.00175476
58 0.219765 0.537829 0.0552202 0.0855263 0.00174809
61 0.512321 0.551809 0.126616 0.134868 0.0017271
73 0.0942649 0.799548 0.0683281 0.0851151 0.00169373
41 0.513158 0.481908 0.017849 0.0131579 0.00166798
71 0.332158 0.749178 0.159525 0.199013 0.00161076
45 0.503118 0.495477 0.0769737 0.0222039 0.0015974
58 0.220044 0.491365 0.0368135 0.0921053 0.00156116
58 0.603518 0.476974 0.0245423 0.0731908 0.00149536
64 0.360605 0.611842 0.0245423 0.0205592 0.00141621
71 0.539931 0.484375 0.0200801 0.0131579 0.00138855
41 0.475787 0.481497 0.01004 0.0254934 0.00137806
73 0.123269 0.868421 0.134704 0.225329 0.00137806
45 0.513158 0.481908 0.017849 0.0131579 0.00136662
71 0.331322 0.516447 0.0619136 0.0263158 0.00131989
71 0.350216 0.76398 0.395048 0.317434 0.00131512
71 0.265085 0.60773 0.193271 0.0279606 0.00130939
61 0.688301 0.538651 0.055778 0.0608552 0.00130463
58 0.224228 0.495888 0.0462958 0.138158 0.00127888
58 0.436184 0.78125 0.0613558 0.136513 0.00126457
58 0.607981 0.483553 0.037929 0.0625 0.00121593
73 0.331322 0.544408 0.0725114 0.0411184 0.00119686
75 0.500329 0.407175 0.0691648 0.162623 0.00119686
41 0.681608 0.570724 0.0200801 0.0197369 0.00118828
13 0.0961474 0.799548 0.0656786 0.0818257 0.00117397
58 0.172633 0.514803 0.0485269 0.128289 0.0011692
71 0.269338 0.615132 0.203171 0.0460526 0.0011692
75 0.183928 0.564145 0.0730692 0.0822368 0.00116062
45 0.508696 0.496711 0.0602403 0.0148026 0.00108147
41 0.503118 0.483553 0.0156179 0.0148026 0.00107765
75 0.232873 0.542763 0.0273312 0.0460526 0.00106049
58 0.26634 0.505757 0.0719537 0.105263 0.00104046
44 0.360884 0.61102 0.0256579 0.0213816 0.00102043
13 0.0953804 0.808388 0.0649814 0.0444079 0.00101662
61 0.721768 0.496711 0.0535469 0.0690789 0.00101185
71 0.499213 0.402961 0.0669336 0.152138 0.00100803
71 0.296251 0.735197 0.246399 0.228618 0.950195
58 0.180477 0.509046 0.125431 0.195724 0.898438
71 0.503118 0.495888 0.0769737 0.0230263 0.195557
61 0.499771 0.404502 0.0680492 0.156456 0.108215
71 0.497819 0.498355 0.0909182 0.0263158 0.0881958
61 0.703919 0.515625 0.0892449 0.108553 0.0739746
71 0.513158 0.494243 0.0546625 0.0180921 0.0236969
56 0.703919 0.515625 0.0892449 0.108553 0.0204163
41 0.605192 0.498355 0.0211957 0.0296053 0.0147858
71 0.305594 0.79852 0.514413 0.37829 0.0123825
59 0.703919 0.518092 0.0892449 0.111842 0.0101318
71 0.508696 0.497122 0.0613558 0.015625 0.00985718
61 0.513158 0.475329 0.124943 0.291118 0.00757599
75 0.185044 0.583882 0.0663758 0.0460526 0.00751877
61 0.682723 0.535773 0.0446224 0.0534539 0.00734711
45 0.184625 0.583059 0.0663759 0.046875 0.00671768
59 0.804319 0.476562 0.341362 0.498355 0.00634003
75 0.436184 0.78125 0.0613558 0.138158 0.00616837
41 0.489173 0.478618 0.0189645 0.0279606 0.00557709
59 0.742406 0.797903 0.480807 0.381168 0.00510025
57 0.703919 0.518092 0.0892449 0.111842 0.00486755
41 0.494751 0.481086 0.0145023 0.0213816 0.00479126
71 0.539374 0.491365 0.0323513 0.015625 0.00466537
58 0.214745 0.490132 0.0574514 0.161184 0.00415039
71 0.551645 0.493421 0.045738 0.0213816 0.00405502
45 0.360605 0.611842 0.0251001 0.0213816 0.00403976
58 0.201916 0.508224 0.0764159 0.143092 0.0036068
58 0.210841 0.464638 0.0574514 0.110197 0.00340271
67 0.360884 0.611842 0.0245423 0.0205592 0.00316048
71 0.512321 0.551809 0.126616 0.134868 0.00313568
58 0.186578 0.564967 0.0730692 0.0838816 0.00305176
41 0.360605 0.611842 0.0251001 0.0213816 0.00293541
58 0.197175 0.481086 0.0937071 0.134868 0.00277901
58 0.232734 0.544408 0.0287257 0.046875 0.00274658
45 0.505907 0.498355 0.0680492 0.0230263 0.00265312
71 0.49754 0.502467 0.0747426 0.0246711 0.00250244
65 0.360605 0.611842 0.0251001 0.0213816 0.00246239
61 0.512321 0.551809 0.126616 0.134868 0.00242424
58 0.187135 0.583882 0.0694436 0.0444079 0.00232315
45 0.29646 0.734375 0.248212 0.228618 0.00230598
13 0.703919 0.515625 0.0892449 0.108553 0.00228691
61 0.331043 0.523849 0.0674914 0.0394737 0.00226021
61 0.330485 0.533717 0.0680492 0.0608553 0.00224304
45 0.512321 0.551809 0.126616 0.134868 0.00216484
58 0.192434 0.522615 0.0847826 0.150493 0.00198746
73 0.331322 0.518092 0.0613559 0.0263158 0.00195694
45 0.331322 0.528783 0.0680492 0.0427631 0.00188923
75 0.605192 0.498766 0.0223112 0.0304276 0.00185299
72 0.0484572 0.477385 0.0969143 0.86102 0.00178242
45 0.605192 0.498355 0.0211957 0.0296053 0.00175476
71 0.512042 0.495888 0.127174 0.03125 0.00174809
73 0.330764 0.533717 0.0691648 0.0608553 0.00166798
71 0.24626 0.612665 0.15339 0.0345394 0.00164223
58 0.217813 0.48273 0.0485269 0.103618 0.00162888
56 0.500608 0.407998 0.0691647 0.164268 0.0015974
61 0.605192 0.498766 0.0223112 0.0304276 0.00154877
73 0.0942649 0.799342 0.0680492 0.0838815 0.00146675
71 0.539931 0.484375 0.0200801 0.0131579 0.00146103
58 0.233152 0.520559 0.027889 0.0953947 0.00146103
58 0.179884 0.523026 0.0753003 0.143092 0.00137806
73 0.123618 0.869243 0.135401 0.225329 0.00137806
45 0.331322 0.518092 0.0613559 0.0263158 0.00137234
58 0.171657 0.533717 0.105142 0.152961 0.00136662
41 0.681608 0.570724 0.0200801 0.0197369 0.00129414
61 0.688301 0.540296 0.055778 0.0641447 0.00127411
71 0.33181 0.769942 0.157433 0.164062 0.00127411
64 0.361163 0.61102 0.0262157 0.0213816 0.00124931
18 0.703919 0.51727 0.0892449 0.113487 0.00124454
71 0.331322 0.516447 0.0619136 0.0246711 0.00123501
41 0.436184 0.78125 0.0613558 0.138158 0.00122547
6 0.0496424 0.436266 0.0992849 0.824836 0.00121117
58 0.150078 0.523026 0.0607283 0.136513 0.0012064
73 0.331322 0.528783 0.0680492 0.0427631 0.00119686
71 0.513158 0.473273 0.126058 0.296875 0.00117874
39 0.436184 0.771587 0.060798 0.157484 0.0011692
13 0.0962171 0.799342 0.0655392 0.0822369 0.00115585
71 0.264388 0.573191 0.256579 0.125 0.00113392
45 0.5126 0.482319 0.0200801 0.0123355 0.00111198
58 0.202753 0.541118 0.0909182 0.113487 0.00109863
41 0.476066 0.481497 0.00948224 0.0254934 0.00109005
39 0.604634 0.460526 0.0167334 0.0402961 0.00107288
41 0.5126 0.482319 0.0200801 0.0123355 0.00107288
71 0.227574 0.710526 0.10542 0.174342 0.00103188
71 0.34917 0.754934 0.389331 0.299342 0.00102425
71 0.264667 0.608553 0.19355 0.0263158 0.00100803
71 0.29646 0.735197 0.246539 0.228618 0.94873
58 0.180163 0.509046 0.126058 0.197368 0.888184
71 0.503118 0.495888 0.0769737 0.0230263 0.209473
61 0.499771 0.40553 0.0680492 0.157689 0.110474
61 0.703919 0.516036 0.0892449 0.109375 0.0974121
71 0.498934 0.5 0.096496 0.0263158 0.0474243
71 0.513158 0.494243 0.0535469 0.0189144 0.024231
56 0.703919 0.516036 0.0903604 0.108553 0.0197906
41 0.605192 0.498355 0.0211957 0.0296053 0.0133286
71 0.305176 0.79852 0.51525 0.37829 0.0127258
61 0.512879 0.475226 0.124385 0.291324 0.0121918
71 0.508696 0.497533 0.0619136 0.0164474 0.011116
61 0.683839 0.535773 0.0446224 0.0534539 0.0100555
75 0.184904 0.583882 0.0663759 0.0460526 0.00679779
45 0.184625 0.583059 0.0663759 0.046875 0.00664139
59 0.741848 0.796875 0.484153 0.381579 0.00658798
59 0.703919 0.518092 0.0892449 0.111842 0.00656509
59 0.804319 0.476974 0.341362 0.498355 0.00638962
41 0.489173 0.478207 0.0189645 0.0287829 0.00518036
75 0.436184 0.78125 0.0613558 0.138158 0.00496292
71 0.539374 0.491365 0.0323513 0.015625 0.00471878
41 0.494472 0.481086 0.0150601 0.0213816 0.00429916
71 0.551645 0.493421 0.045738 0.0213816 0.00402451
45 0.360605 0.611842 0.0251001 0.0213816 0.00391388
61 0.512321 0.551809 0.126616 0.134868 0.00348282
57 0.703919 0.518092 0.0892449 0.111842 0.00337601
71 0.5126 0.551809 0.127174 0.136513 0.00323486
41 0.360605 0.611842 0.0251001 0.0213816 0.00322342
58 0.214606 0.493421 0.0574514 0.167763 0.00319672
67 0.360605 0.611842 0.0251001 0.0205592 0.00290108
72 0.0490149 0.480263 0.0980299 0.868421 0.00286674
58 0.19104 0.514803 0.0959382 0.143092 0.00277901
58 0.212933 0.470806 0.0568936 0.122533 0.00269318
71 0.49754 0.502467 0.0747426 0.0246711 0.00252151
58 0.186159 0.564967 0.0739059 0.0838816 0.0024147
58 0.196757 0.481086 0.0942649 0.134868 0.00240517
45 0.505349 0.498355 0.0691647 0.0230263 0.00237846
13 0.703919 0.516036 0.0903604 0.108553 0.00228691
65 0.360605 0.611842 0.0251001 0.0213816 0.00219154
61 0.331043 0.523849 0.0674914 0.0394737 0.00215721
58 0.232873 0.544408 0.0290046 0.0476974 0.0020752
61 0.688301 0.539474 0.055778 0.0616776 0.00201035
71 0.245981 0.612665 0.15339 0.0345394 0.00194931
45 0.331322 0.528783 0.0680492 0.0427631 0.00190449
18 0.703919 0.51727 0.0892449 0.113487 0.00188255
45 0.5126 0.551809 0.127174 0.136513 0.00186729
45 0.29646 0.734375 0.248212 0.226974 0.00181007
73 0.331322 0.518092 0.0613559 0.0263158 0.00174809
71 0.512042 0.495888 0.127174 0.03125 0.00172043
61 0.330764 0.533717 0.0680492 0.0608553 0.00169373
58 0.184904 0.583882 0.0663759 0.0460526 0.00168705
6 0.0501654 0.439556 0.100331 0.837994 0.00164223
73 0.330764 0.525082 0.068607 0.0435855 0.00153065
73 0.123827 0.868627 0.13582 0.226562 0.0015192
71 0.539931 0.484375 0.0200801 0.0131579 0.00150681
15 0.703919 0.51727 0.0892449 0.113487 0.00145531
41 0.681608 0.570724 0.0200801 0.0197369 0.00143242
61 0.605192 0.498766 0.0223112 0.0304276 0.00141621
56 0.500608 0.408306 0.0691647 0.165296 0.00141048
75 0.605192 0.498766 0.0223112 0.0304276 0.00139904
45 0.605192 0.498355 0.0211957 0.0296053 0.00139904
73 0.0944043 0.799342 0.0677703 0.0838815 0.00136662
71 0.513158 0.473273 0.124943 0.296053 0.00134563
13 0.0962868 0.799342 0.0653997 0.0822369 0.00131989
45 0.331322 0.518092 0.0613559 0.0263158 0.00130463
58 0.217674 0.481908 0.0488058 0.105263 0.00129414
72 0.0484572 0.672697 0.0969143 0.601974 0.00129414
64 0.361163 0.61102 0.0262157 0.0213816 0.00128937
71 0.331322 0.516447 0.0624714 0.0246711 0.00125504
61 0.436184 0.779811 0.0624714 0.137747 0.00119686
71 0.227574 0.710115 0.10542 0.17352 0.0011692
71 0.264388 0.608553 0.192992 0.0263158 0.0011034
71 0.332158 0.769942 0.157852 0.164062 0.0011034
58 0.180163 0.523849 0.078647 0.146382 0.00109482
71 0.269129 0.617188 0.200243 0.0435855 0.00107765
58 0.233152 0.520559 0.027889 0.0970394 0.00103664
58 0.212375 0.494243 0.0588458 0.125 0.00103188
58 0.171657 0.535362 0.104863 0.151316 0.00103188
41 0.436184 0.78125 0.0613558 0.138158 0.00103188
13 0.0953804 0.809211 0.0649814 0.0427631 0.00101185
71 0.29646 0.734786 0.246539 0.229441 0.958984
58 0.180024 0.509046 0.125779 0.197368 0.879883
71 0.503397 0.495888 0.0764159 0.0230263 0.222656
61 0.703919 0.516447 0.0903604 0.110197 0.108215
71 0.49754 0.498355 0.0903604 0.0263158 0.0966797
61 0.499771 0.405325 0.0680492 0.1581 0.0863037
71 0.513158 0.494243 0.0535469 0.0189144 0.0237732
56 0.703919 0.516447 0.0903604 0.110197 0.0165253
61 0.683839 0.536184 0.045738 0.0542763 0.0149536
41 0.605192 0.498355 0.0211957 0.0296053 0.0142288
71 0.30406 0.79852 0.517481 0.37829 0.012825
71 0.508696 0.497533 0.0613558 0.0164474 0.0121918
61 0.512879 0.475329 0.124385 0.291118 0.0107346
59 0.740174 0.795847 0.494193 0.38199 0.0100937
45 0.184625 0.583059 0.0663759 0.046875 0.00720596
75 0.184904 0.583882 0.0663759 0.0452303 0.00621796
41 0.489173 0.478207 0.0195223 0.0287829 0.00561905
59 0.805435 0.477385 0.341362 0.497533 0.00551224
75 0.436463 0.78125 0.0613558 0.138158 0.00527954
71 0.539095 0.490954 0.0317935 0.0148026 0.00482941
59 0.703919 0.518915 0.0903604 0.113487 0.00482941
45 0.360605 0.611842 0.0251001 0.0213816 0.00471878
41 0.494193 0.481086 0.0167334 0.0213816 0.00439835
71 0.551924 0.493421 0.0451802 0.0213816 0.00426483
41 0.360605 0.611842 0.0251001 0.0213816 0.0039444
72 0.0491544 0.472039 0.0983088 0.860197 0.00352478
61 0.512042 0.551809 0.127174 0.135691 0.00349617
71 0.5126 0.551809 0.127174 0.136513 0.00324821
58 0.214467 0.490954 0.0574514 0.162829 0.00312424
67 0.360605 0.611842 0.0251001 0.0205592 0.00309944
15 0.704476 0.51727 0.0903604 0.113487 0.00293541
58 0.190482 0.514803 0.0959382 0.143092 0.00288963
58 0.18602 0.564967 0.0741848 0.0838816 0.00257111
58 0.196478 0.480263 0.0934282 0.134868 0.00256157
18 0.704476 0.51727 0.0903604 0.113487 0.00251198
65 0.360605 0.611842 0.0251001 0.0213816 0.00239754
71 0.496703 0.502467 0.0725115 0.0246711 0.00236893
45 0.505628 0.498355 0.0674914 0.0230263 0.00234222
58 0.210841 0.462582 0.0568936 0.106086 0.00232315
57 0.703919 0.518915 0.0903604 0.113487 0.00232315
45 0.296251 0.735609 0.247515 0.227796 0.00219154
6 0.0512809 0.391447 0.102562 0.759868 0.00209999
71 0.245563 0.612665 0.152553 0.0345394 0.00205803
13 0.703919 0.516447 0.0903604 0.110197 0.00203514
61 0.703919 0.535362 0.0870137 0.0674342 0.00197983
58 0.232873 0.544408 0.0290046 0.0476974 0.0019722
41 0.681608 0.570724 0.0200801 0.0197369 0.00195694
73 0.124176 0.868627 0.136517 0.226562 0.00188255
45 0.331322 0.528783 0.0680492 0.0427631 0.0018177
72 0.0487361 0.655016 0.0974721 0.637336 0.0018034
61 0.331043 0.523849 0.0674914 0.0394737 0.00179577
73 0.094474 0.799548 0.067352 0.0851151 0.00178242
71 0.512321 0.495888 0.126616 0.03125 0.00177479
71 0.54021 0.484375 0.0206379 0.0131579 0.00171375
13 0.0964263 0.799342 0.0653997 0.0822369 0.00170708
73 0.331322 0.518092 0.0613559 0.0263158 0.0017004
61 0.688859 0.541941 0.0568936 0.0674342 0.00169373
61 0.604634 0.498766 0.0223112 0.0304276 0.00164223
45 0.512042 0.551809 0.127174 0.135691 0.00162315
58 0.184904 0.583882 0.0663759 0.0452303 0.00157928
64 0.361163 0.61102 0.0267735 0.0213816 0.00150681
73 0.330764 0.525493 0.0691648 0.0444079 0.00146675
45 0.605192 0.498355 0.0211957 0.0296053 0.00145531
56 0.500887 0.40882 0.0691648 0.165913 0.00139904
75 0.604634 0.498766 0.0223112 0.0304276 0.00135612
71 0.513158 0.473787 0.124943 0.295847 0.00135136
56 0.805435 0.480674 0.350286 0.489309 0.00126457
61 0.436184 0.778783 0.0624714 0.138158 0.00123024
71 0.227853 0.709704 0.105421 0.174342 0.00122547
13 0.0954502 0.809211 0.0651208 0.0427631 0.0012207
61 0.330485 0.533717 0.0674914 0.0608553 0.00121593
45 0.331322 0.518092 0.0613559 0.0263158 0.0012064
58 0.217813 0.481086 0.0485269 0.106908 0.00118828
71 0.306152 0.643092 0.159665 0.0378289 0.00117874
2 0.274428 0.830592 0.0373713 0.0361843 0.00115585
71 0.331322 0.516447 0.0624714 0.0246711 0.00115108
41 0.436463 0.78125 0.0613558 0.138158 0.00109863
71 0.269129 0.618421 0.200243 0.0427631 0.00106907
13 0.124978 0.867599 0.139375 0.236842 0.00104427
41 0.475787 0.481908 0.01004 0.0246711 0.00102425
71 0.263551 0.608964 0.191319 0.0263158 0.00101662
39 0.436184 0.769942 0.0613558 0.160773 0.00101662
71 0.29646 0.734786 0.246539 0.229441 0.960449
58 0.179849 0.509046 0.12557 0.197368 0.887207
71 0.503676 0.495888 0.0758581 0.0230263 0.233765
61 0.703919 0.516447 0.0903604 0.110197 0.132935
71 0.49754 0.498355 0.0903604 0.0263158 0.100891
61 0.499771 0.405839 0.0680492 0.158717 0.0946655
71 0.513716 0.494243 0.0535469 0.0189144 0.0243378
61 0.683839 0.536184 0.0468535 0.0542763 0.0171814
56 0.703919 0.516447 0.0903604 0.110197 0.0147858
41 0.605192 0.498355 0.0211957 0.0296053 0.0138474
61 0.512879 0.475226 0.124385 0.291324 0.0137405
71 0.508417 0.497533 0.0619136 0.0164474 0.0133743
71 0.304618 0.79852 0.516365 0.37829 0.0132217
59 0.739059 0.796875 0.500887 0.383224 0.0126266
45 0.184625 0.583059 0.0663759 0.046875 0.0069313
75 0.185044 0.583882 0.066097 0.0452303 0.00612259
59 0.805435 0.477796 0.342477 0.496711 0.00588989
41 0.489173 0.478207 0.0200801 0.0287829 0.00544739
15 0.704476 0.51727 0.0903604 0.113487 0.00524139
75 0.436463 0.78125 0.0613558 0.138158 0.00521851
71 0.538816 0.491365 0.0334668 0.015625 0.00502014
45 0.360884 0.611842 0.0256579 0.0213816 0.00479126
61 0.512042 0.551809 0.127174 0.135691 0.00452042
71 0.552202 0.493421 0.045738 0.0213816 0.00432968
41 0.360884 0.611842 0.0256579 0.0213816 0.00432968
41 0.493636 0.481086 0.0167334 0.0213816 0.00416565
72 0.0493984 0.472039 0.0987968 0.860197 0.00385475
71 0.5126 0.551809 0.127174 0.136513 0.00358009
18 0.704476 0.51727 0.0903604 0.113487 0.00346947
59 0.703919 0.518915 0.0903604 0.113487 0.00346947
67 0.360605 0.611842 0.0251001 0.0205592 0.00293541
58 0.190203 0.514803 0.0953804 0.144737 0.00279045
58 0.214467 0.491776 0.0574514 0.164474 0.00269318
58 0.19606 0.480263 0.0937071 0.134868 0.00250244
71 0.49754 0.502467 0.073627 0.0246711 0.00246239
45 0.296181 0.734375 0.248212 0.226974 0.00245285
58 0.185741 0.564967 0.0747426 0.0838816 0.002388
6 0.0504791 0.398026 0.100958 0.773026 0.00230598
71 0.245563 0.612665 0.153111 0.0345394 0.00224304
58 0.212654 0.469984 0.0563358 0.120888 0.00223351
72 0.0491544 0.655839 0.0983088 0.63898 0.00214005
45 0.505349 0.498355 0.0680492 0.0230263 0.00212479
65 0.360884 0.611842 0.0256579 0.0213816 0.00212479
13 0.0964263 0.799342 0.0653997 0.0822369 0.00198746
73 0.0946832 0.799548 0.0672125 0.0851151 0.00198746
61 0.331043 0.523849 0.0674914 0.0394737 0.00194931
41 0.681608 0.570724 0.0200801 0.0197369 0.00192642
73 0.124315 0.868421 0.136796 0.225329 0.00192642
58 0.232873 0.544408 0.0290046 0.0476974 0.00191212
61 0.703919 0.536595 0.0870137 0.0649671 0.00189686
61 0.688301 0.541941 0.0580092 0.0674342 0.00187492
13 0.703919 0.516447 0.0903604 0.110197 0.00186729
71 0.54021 0.484375 0.0206379 0.0131579 0.00184631
71 0.512321 0.495477 0.126616 0.03125 0.00178242
45 0.331322 0.528783 0.0680492 0.0427631 0.00178242
57 0.703919 0.518915 0.0903604 0.113487 0.00177479
61 0.436184 0.778783 0.0624714 0.138158 0.00175476
73 0.331322 0.518092 0.0613559 0.0263158 0.00172043
61 0.604634 0.498355 0.0223112 0.03125 0.00169373
45 0.5126 0.551809 0.127174 0.136513 0.0016613
2 0.274428 0.830592 0.0373713 0.0361843 0.0014782
73 0.330764 0.525493 0.068607 0.0444079 0.00145531
64 0.361163 0.61102 0.0267735 0.0213816 0.00145531
71 0.306221 0.643092 0.159525 0.0378289 0.00143814
56 0.500887 0.409128 0.0691648 0.166118 0.00138855
13 0.0954502 0.810033 0.0651208 0.0427631 0.00138283
71 0.513158 0.473787 0.124943 0.295847 0.00135612
56 0.80655 0.480674 0.350286 0.489309 0.00135136
58 0.185044 0.583882 0.066097 0.0452303 0.00131512
71 0.227853 0.709704 0.105421 0.174342 0.00131512
71 0.331322 0.516447 0.0624714 0.0246711 0.00130939
45 0.605192 0.498355 0.0211957 0.0296053 0.00129986
61 0.330485 0.533306 0.0674914 0.0600329 0.00123501
45 0.331322 0.518092 0.0613559 0.0263158 0.00117874
71 0.269408 0.618421 0.199128 0.0411184 0.00116539
41 0.436463 0.78125 0.0613558 0.138158 0.00114727
13 0.125082 0.868627 0.139445 0.236431 0.00114727
58 0.217813 0.480674 0.0485269 0.106908 0.00112438
75 0.604634 0.498355 0.0223112 0.03125 0.00110722
71 0.263551 0.609375 0.191876 0.0263158 0.00106525
39 0.436184 0.769737 0.0613558 0.161184 0.00102425
71 0.703919 0.516859 0.0892449 0.11102 0.00100803
71 0.299528 0.89227 0.525429 0.199013 0.00100803
71 0.29646 0.734375 0.246539 0.228618 0.958984
58 0.180024 0.508635 0.126058 0.198191 0.903809
71 0.502002 0.496299 0.0803204 0.022204 0.245117
61 0.703919 0.516447 0.0903604 0.109375 0.161377
61 0.499771 0.405428 0.0680492 0.157895 0.108948
71 0.498656 0.5 0.0959382 0.0263158 0.0541992
71 0.514273 0.494243 0.0518736 0.0180921 0.0247955
61 0.683839 0.536184 0.0468535 0.0542763 0.0182648
61 0.513158 0.474507 0.123827 0.291941 0.0179901
71 0.508417 0.497533 0.0619136 0.0164474 0.0150146
41 0.605192 0.498355 0.0211957 0.0296053 0.0145569
59 0.738501 0.796258 0.504233 0.384457 0.0139542
71 0.305594 0.799342 0.514413 0.378289 0.0136337
56 0.703919 0.516447 0.0903604 0.109375 0.0123367
15 0.704476 0.51727 0.0903604 0.113487 0.00772476
59 0.805435 0.478618 0.343593 0.495066 0.00751877
45 0.184625 0.583059 0.0663759 0.046875 0.00740433
75 0.185183 0.583882 0.0658181 0.0452303 0.00682449
61 0.512042 0.551809 0.127174 0.135691 0.00636292
41 0.489173 0.478207 0.0200801 0.0287829 0.005867
75 0.436463 0.78125 0.0613558 0.138158 0.00524139
71 0.539931 0.490954 0.0312357 0.0148026 0.00516129
45 0.360884 0.611842 0.0256579 0.0213816 0.00503922
41 0.360884 0.611842 0.0256579 0.0213816 0.00498199
18 0.704476 0.51727 0.0903604 0.113487 0.00477219
71 0.552202 0.493421 0.045738 0.0213816 0.00473785
41 0.494193 0.481086 0.0167334 0.0213816 0.00450516
71 0.5126 0.551809 0.127174 0.136513 0.00403976
72 0.0494681 0.471628 0.0989363 0.856086 0.00387001
59 0.703919 0.518503 0.0903604 0.112664 0.00302696
67 0.360884 0.611842 0.0256579 0.0205592 0.00287819
73 0.0948924 0.79852 0.0670731 0.0838816 0.00283432
58 0.214467 0.493421 0.0574514 0.167763 0.00263214
58 0.190343 0.514391 0.0953804 0.143914 0.00261116
45 0.296181 0.733553 0.248212 0.226974 0.00261116
71 0.49754 0.502467 0.073627 0.0246711 0.00258064
73 0.124524 0.867599 0.136935 0.225329 0.00253105
58 0.19606 0.479852 0.0942649 0.134868 0.00251198
13 0.096496 0.799342 0.0652603 0.0822369 0.00247192
58 0.185741 0.564967 0.0747426 0.0838816 0.00237846
71 0.245842 0.612665 0.152553 0.0345394 0.00237846
58 0.212793 0.470395 0.0568936 0.121711 0.00228691
61 0.435905 0.778783 0.0624714 0.138158 0.00226021
61 0.331043 0.523849 0.0674914 0.0394737 0.00223351
61 0.688301 0.54153 0.0580092 0.0666119 0.00216484
58 0.232873 0.544408 0.0290046 0.0476974 0.00208282
45 0.505349 0.498355 0.0680492 0.0230263 0.0020752
72 0.0491195 0.664474 0.0982391 0.620066 0.00206757
6 0.0506883 0.395456 0.101377 0.765008 0.0020504
45 0.331043 0.528783 0.068607 0.0427631 0.00204277
61 0.703919 0.537007 0.0881293 0.0641447 0.00201035
45 0.5126 0.551809 0.127174 0.136513 0.00200272
71 0.54021 0.484375 0.0206379 0.0131579 0.0019722
65 0.360884 0.611842 0.0256579 0.0213816 0.0019722
41 0.681608 0.570724 0.0200801 0.0197369 0.00192642
73 0.331322 0.518092 0.0613559 0.0263158 0.00191212
71 0.512321 0.495477 0.126616 0.03125 0.00188923
2 0.274428 0.830592 0.0373713 0.0361843 0.00182438
61 0.604634 0.498766 0.0223112 0.03125 0.0018034
73 0.330764 0.525493 0.068607 0.0444079 0.00173378
13 0.0955199 0.809211 0.0649814 0.0427631 0.00168133
13 0.703919 0.516447 0.0903604 0.109375 0.00161648
61 0.498098 0.435958 0.0803204 0.218544 0.00158501
61 0.330206 0.533306 0.0680492 0.0600329 0.00152493
71 0.331322 0.516447 0.0624714 0.0246711 0.00150681
56 0.80655 0.481086 0.350286 0.490132 0.00150681
71 0.306221 0.643092 0.158967 0.0378289 0.00150108
57 0.703919 0.518503 0.0903604 0.112664 0.00150108
13 0.125222 0.868421 0.139445 0.235197 0.0014782
64 0.361442 0.61102 0.0267734 0.0213816 0.00142097
56 0.500887 0.409437 0.0691648 0.166324 0.00136662
71 0.227853 0.709704 0.105421 0.174342 0.00136185
71 0.513158 0.473273 0.124943 0.29523 0.00131512
71 0.703919 0.516447 0.0892449 0.110197 0.00129414
45 0.331322 0.518092 0.0613559 0.0263158 0.00127888
45 0.605192 0.498355 0.0211957 0.0296053 0.00124931
41 0.436463 0.78125 0.0613558 0.138158 0.00120163
71 0.269338 0.618421 0.198709 0.0411184 0.00115108
58 0.185183 0.583882 0.0658181 0.0452303 0.00113392
39 0.436184 0.769737 0.0613558 0.161184 0.00112057
75 0.604634 0.498766 0.0223112 0.03125 0.00109005
71 0.262854 0.609375 0.190482 0.0263158 0.00108624
73 0.331879 0.539885 0.0725114 0.0501645 0.00108147
77 0.705034 0.51727 0.0892448 0.111842 0.00103664
71 0.299528 0.89227 0.525429 0.199013 0.00102425
71 0.335784 0.785979 0.112672 0.0727796 0.00101662
71 0.29646 0.734375 0.247097 0.228618 0.962891
58 0.180024 0.508635 0.126058 0.198191 0.913574
71 0.502002 0.496299 0.0797626 0.022204 0.273682
61 0.703919 0.516447 0.0903604 0.108553 0.191895
61 0.499771 0.405428 0.0680492 0.157895 0.124207
71 0.498377 0.5 0.0953804 0.0263158 0.0605164
71 0.514831 0.494243 0.0513158 0.0180921 0.0267639
61 0.683839 0.535773 0.0468535 0.0534539 0.0216217
61 0.512879 0.474507 0.124385 0.291941 0.016922
71 0.508417 0.497533 0.0613558 0.0164474 0.0165253
41 0.605192 0.498355 0.0211957 0.0296053 0.0164642
59 0.738362 0.796053 0.506743 0.384868 0.0145035
71 0.306291 0.799548 0.514134 0.377878 0.0136871
56 0.703919 0.516447 0.0903604 0.108553 0.012825
15 0.704476 0.51727 0.0903604 0.113487 0.00923157
59 0.805435 0.47903 0.344708 0.494243 0.00898743
45 0.184625 0.583059 0.066097 0.046875 0.00787354
41 0.489173 0.478207 0.0200801 0.0287829 0.00703812
75 0.185183 0.583882 0.0658181 0.0452303 0.00698471
61 0.512042 0.551809 0.127174 0.135691 0.0069046
75 0.436184 0.78125 0.0613558 0.138158 0.00582123
18 0.704476 0.51727 0.0903604 0.113487 0.00579834
41 0.360884 0.611842 0.0256579 0.0213816 0.00572968
71 0.539931 0.490954 0.0312357 0.0148026 0.00568771
45 0.360884 0.611842 0.0256579 0.0213816 0.00561905
71 0.552202 0.493421 0.045738 0.0213816 0.00534439
41 0.493636 0.481086 0.0167334 0.0213816 0.00524139
71 0.5126 0.551809 0.127174 0.136513 0.00452042
72 0.0496424 0.476151 0.0992849 0.866776 0.00436401
73 0.0951015 0.79852 0.0669336 0.0838816 0.00369263
67 0.360605 0.611842 0.0251001 0.0205592 0.00311089
58 0.214327 0.492188 0.0577303 0.166118 0.00309944
73 0.125361 0.867599 0.139724 0.235197 0.00302696
59 0.703919 0.518092 0.0903604 0.111842 0.00301552
13 0.096496 0.799548 0.0652603 0.0818257 0.00290108
58 0.19606 0.479441 0.093986 0.134868 0.00277901
45 0.296181 0.733553 0.24877 0.226974 0.00273705
58 0.190621 0.51398 0.0945438 0.14227 0.0027256
71 0.496982 0.502467 0.073627 0.0246711 0.00271416
71 0.245981 0.612665 0.151716 0.0345394 0.00264168
61 0.688301 0.541118 0.0580092 0.0657894 0.00252151
58 0.185741 0.564967 0.0747426 0.0838816 0.00251198
72 0.0492241 0.664474 0.0984482 0.623355 0.00242424
58 0.233013 0.544408 0.0290046 0.0476974 0.00240517
61 0.331043 0.523849 0.0674914 0.0394737 0.00231361
45 0.331043 0.528783 0.068607 0.0427631 0.00225258
45 0.5126 0.551809 0.127174 0.136513 0.00221634
61 0.703919 0.537007 0.0881293 0.0633224 0.00219154
2 0.274428 0.830592 0.0373713 0.0361843 0.00218201
45 0.505349 0.498355 0.0674914 0.0230263 0.00217438
71 0.54021 0.484375 0.0206379 0.0131579 0.00215721
71 0.5126 0.495477 0.126058 0.03125 0.00215721
6 0.0510369 0.396793 0.102074 0.76727 0.00214958
61 0.604634 0.498355 0.0223112 0.03125 0.00214005
65 0.360884 0.611842 0.0256579 0.0213816 0.00213242
41 0.681608 0.570724 0.0200801 0.0197369 0.00208282
61 0.435905 0.778783 0.0624714 0.138158 0.0020752
73 0.331322 0.518092 0.0613559 0.0263158 0.00201988
13 0.0955199 0.809211 0.0649814 0.0427631 0.00191212
73 0.330764 0.525493 0.068607 0.0444079 0.00188923
58 0.210841 0.462582 0.0568936 0.106908 0.00178909
61 0.330206 0.533306 0.0680492 0.0600329 0.00174809
13 0.703919 0.516447 0.0903604 0.108553 0.00174141
71 0.331322 0.516447 0.0624714 0.0246711 0.00170708
13 0.125361 0.867599 0.139724 0.235197 0.00167465
71 0.306152 0.643092 0.158549 0.0378289 0.00162315
61 0.498098 0.435444 0.0803204 0.217928 0.00156116
64 0.361442 0.61102 0.0267734 0.0213816 0.00152493
56 0.80655 0.481086 0.350286 0.490132 0.00152493
57 0.703919 0.518092 0.0903604 0.111842 0.00150108
41 0.436463 0.78125 0.0619136 0.138158 0.0014782
71 0.227853 0.709293 0.105421 0.175164 0.00144386
45 0.331322 0.518092 0.0613559 0.0263158 0.00138283
39 0.436184 0.768914 0.0613558 0.161184 0.00137806
56 0.500887 0.409128 0.0691648 0.166118 0.00135612
45 0.605192 0.498355 0.0211957 0.0296053 0.00135136
71 0.513158 0.473273 0.124943 0.29523 0.00133514
71 0.269966 0.61801 0.200243 0.0419408 0.00128937
58 0.217534 0.480263 0.0490847 0.10773 0.0012846
77 0.705034 0.51727 0.0892448 0.111842 0.00127888
71 0.703919 0.516447 0.0892449 0.110197 0.00125504
71 0.262854 0.608964 0.190482 0.0263158 0.00119686
73 0.331879 0.540296 0.0725114 0.0493421 0.00118351
75 0.604634 0.498355 0.0223112 0.03125 0.00116539
71 0.336063 0.785979 0.113229 0.0727796 0.00116062
14 0.274498 0.830592 0.0377896 0.0361843 0.0011425
58 0.185183 0.583882 0.0658181 0.0452303 0.0011158
41 0.476344 0.481908 0.0100401 0.0254934 0.0011034
71 0.486942 0.503701 0.0691648 0.0246711 0.00107765
61 0.674914 0.542763 0.0345824 0.0657895 0.00107765
58 0.212654 0.490954 0.0577303 0.121711 0.00101662
58 0.233431 0.520559 0.0284468 0.0970394 0.00101662
61 0.720094 0.516859 0.0580091 0.110197 0.00101185
71 0.29646 0.735197 0.247097 0.228618 0.966309
58 0.179884 0.508635 0.126058 0.197368 0.918945
71 0.502002 0.496299 0.0792048 0.022204 0.300781
61 0.703919 0.516447 0.0903604 0.108553 0.199341
61 0.50005 0.40553 0.0680492 0.157689 0.113586
71 0.498098 0.5 0.0948227 0.0263158 0.0656128
71 0.515389 0.494243 0.0502002 0.0180921 0.028656
61 0.683839 0.535773 0.0468535 0.0534539 0.0246124
71 0.508138 0.497533 0.0613559 0.0164474 0.0195007
41 0.605192 0.498355 0.0211957 0.0296053 0.0173035
61 0.512879 0.474404 0.124385 0.291324 0.016098
59 0.738501 0.796875 0.508696 0.384868 0.0149536
71 0.305942 0.799342 0.514831 0.378289 0.0138474
56 0.703919 0.516447 0.0903604 0.108553 0.0125732
15 0.704476 0.51727 0.0903604 0.113487 0.0114212
59 0.805993 0.478618 0.344708 0.495066 0.00985718
45 0.184625 0.583059 0.0658181 0.046875 0.00806427
41 0.489173 0.478207 0.0200801 0.0287829 0.0077858
18 0.704476 0.51727 0.0903604 0.113487 0.00712204
61 0.512042 0.551809 0.127174 0.136513 0.00679779
75 0.436184 0.78125 0.0613558 0.138158 0.00653839
41 0.360884 0.611842 0.0256579 0.0213816 0.00651169
71 0.54021 0.490954 0.0306779 0.0148026 0.0064888
75 0.185323 0.583882 0.0655392 0.0452303 0.0064621
71 0.552202 0.493421 0.045738 0.0213816 0.00638962
45 0.360884 0.611842 0.0256579 0.0213816 0.00631332
41 0.493636 0.481086 0.0167334 0.0213816 0.00564194
71 0.5126 0.551809 0.127174 0.136513 0.00475693
72 0.0497819 0.476974 0.0995638 0.868421 0.00439835
73 0.0951713 0.79852 0.0667942 0.0838816 0.00402451
13 0.096496 0.799342 0.0655392 0.0822369 0.00341606
67 0.360884 0.611842 0.0256579 0.0205592 0.00337601
58 0.214327 0.487664 0.0577303 0.15625 0.00328636
59 0.703919 0.518503 0.0903604 0.112664 0.00322342
73 0.125501 0.867599 0.140003 0.235197 0.00317192
58 0.196339 0.478618 0.0931493 0.133224 0.00302696
45 0.296251 0.733553 0.248631 0.226974 0.00302696
2 0.274428 0.830592 0.0373713 0.0361843 0.00298119
58 0.233152 0.544408 0.0290046 0.0476974 0.00292397
71 0.496424 0.502878 0.0713959 0.0246711 0.00291252
58 0.185741 0.564967 0.0741848 0.0838816 0.00288963
58 0.190761 0.513158 0.0937071 0.139803 0.0028553
61 0.688301 0.541118 0.0580092 0.0657894 0.00279045
71 0.246121 0.613076 0.15088 0.0353618 0.00269318
61 0.604634 0.498355 0.0223112 0.03125 0.00265312
71 0.54021 0.484375 0.0206379 0.0131579 0.00253105
72 0.0494333 0.664885 0.0988666 0.624178 0.00251198
61 0.703919 0.537007 0.0870137 0.0625 0.00240517
71 0.5126 0.495477 0.126058 0.03125 0.00236893
61 0.331322 0.523849 0.0680492 0.0402961 0.00229645
41 0.681608 0.570724 0.0200801 0.0197369 0.00223351
65 0.360884 0.611842 0.0256579 0.0213816 0.00222588
6 0.0511763 0.397204 0.102353 0.768092 0.00221634
45 0.331043 0.528783 0.068607 0.0427631 0.00220871
13 0.0955199 0.809211 0.0649814 0.0427631 0.00215721
45 0.505349 0.498355 0.0674914 0.0230263 0.00213242
45 0.5126 0.551809 0.127174 0.136513 0.00209045
61 0.435905 0.778783 0.0624714 0.138158 0.0020752
73 0.331322 0.518092 0.0613559 0.0263158 0.0020504
61 0.330206 0.533306 0.0680492 0.0600329 0.00202751
13 0.125501 0.867599 0.140003 0.235197 0.00194168
13 0.703919 0.516447 0.0903604 0.108553 0.00192642
71 0.331322 0.516447 0.0624714 0.0246711 0.00187492
73 0.330764 0.525493 0.0691648 0.0444079 0.00185299
58 0.210841 0.460115 0.0563358 0.102796 0.00181007
71 0.305942 0.643092 0.157852 0.0378289 0.00174809
61 0.498098 0.43493 0.0814359 0.217311 0.00172043
64 0.360884 0.611842 0.0256579 0.0205592 0.00165462
56 0.807108 0.481188 0.34917 0.489926 0.00162888
41 0.436742 0.78125 0.0613559 0.138158 0.00158501
14 0.274498 0.830592 0.0377896 0.0361843 0.00151253
57 0.703919 0.518503 0.0903604 0.112664 0.00150108
71 0.227853 0.709293 0.105421 0.175164 0.00148964
39 0.436463 0.768914 0.060798 0.161184 0.00148964
45 0.605192 0.498355 0.0211957 0.0296053 0.00144386
77 0.705034 0.51727 0.0892448 0.111842 0.00142097
56 0.500887 0.409437 0.0691648 0.166324 0.00139904
71 0.269966 0.618421 0.199685 0.0411184 0.00134563
58 0.217534 0.480263 0.0488058 0.10773 0.00134087
45 0.331322 0.518092 0.0613559 0.0263158 0.00134087
71 0.704476 0.516447 0.0903604 0.110197 0.00129414
71 0.513158 0.472965 0.124943 0.295847 0.00129414
61 0.674914 0.542763 0.0345824 0.0657895 0.00121593
58 0.185323 0.583882 0.0655392 0.0452303 0.00121117
71 0.335784 0.786184 0.112672 0.0723684 0.0012064
71 0.262575 0.608964 0.189924 0.0263158 0.00116062
75 0.604634 0.498355 0.0223112 0.03125 0.00115585
41 0.476344 0.481908 0.0100401 0.0254934 0.00115108
58 0.233431 0.520559 0.0284468 0.0970394 0.00115108
73 0.331879 0.540296 0.0725114 0.0493421 0.00113392
16 0.704476 0.51727 0.0903604 0.113487 0.00112438
45 0.512042 0.482319 0.0217534 0.0123355 0.00108147
65 0.331322 0.517681 0.0624714 0.0263158 0.00106907
58 0.200104 0.53454 0.0973327 0.134868 0.00106525
74 0.499771 0.403783 0.0680492 0.153783 0.00104427
58 0.171657 0.535362 0.10542 0.149671 0.00100422
71 0.351402 0.765625 0.389331 0.320724 0.00100422
71 0.29646 0.734786 0.247097 0.227796 0.967285
58 0.179884 0.508635 0.125779 0.197368 0.924805
71 0.503118 0.497533 0.073627 0.0230263 0.32251
61 0.703919 0.516447 0.0903604 0.108553 0.201782
61 0.50005 0.405016 0.0680492 0.157072 0.113586
71 0.498098 0.5 0.0948227 0.0263158 0.0700684
71 0.515389 0.494243 0.0490847 0.0180921 0.0302124
61 0.684396 0.535773 0.0468536 0.0534539 0.0259552
71 0.508417 0.497533 0.060798 0.0164474 0.0216217
41 0.605192 0.498355 0.0211957 0.0296053 0.0193481
61 0.512879 0.474404 0.124385 0.291324 0.0145569
59 0.739617 0.795847 0.505349 0.38528 0.0141754
15 0.704476 0.51727 0.0903604 0.113487 0.0134277
71 0.307267 0.799548 0.512182 0.377878 0.0133743
56 0.703919 0.516447 0.0903604 0.108553 0.012146
59 0.80655 0.478207 0.342477 0.495888 0.00898743
41 0.489173 0.478207 0.0200801 0.0287829 0.00891876
45 0.184625 0.583059 0.0658181 0.046875 0.0088501
18 0.704476 0.51727 0.0903604 0.113487 0.00834656
71 0.552202 0.493421 0.045738 0.0213816 0.00701141
41 0.360884 0.611842 0.0256579 0.0213816 0.00698471
71 0.540489 0.490954 0.0301202 0.0148026 0.0069046
75 0.436463 0.78125 0.0619136 0.138158 0.0069046
45 0.360884 0.611842 0.0256579 0.0213816 0.00679779
61 0.512042 0.551809 0.127174 0.136513 0.00666809
75 0.185462 0.583882 0.0652603 0.0452303 0.00641251
41 0.493636 0.481086 0.0167334 0.0213816 0.00638962
71 0.5126 0.551809 0.127174 0.136513 0.00479126
73 0.0953107 0.79852 0.0667942 0.0838816 0.00473785
72 0.0496424 0.477796 0.0992849 0.868421 0.00426483
13 0.0965657 0.799342 0.0653997 0.0822369 0.00378036
2 0.274428 0.830592 0.0373713 0.0361843 0.00372124
67 0.360884 0.611842 0.0256579 0.0205592 0.00367928
58 0.214188 0.485197 0.0577303 0.152961 0.0036068
58 0.233152 0.544408 0.0290046 0.0476974 0.00358009
59 0.703919 0.518503 0.0903604 0.112664 0.00341606
58 0.196199 0.478618 0.0931493 0.133224 0.00322342
73 0.125501 0.867599 0.140003 0.235197 0.00322342
71 0.496146 0.502878 0.0708381 0.0246711 0.00311089
45 0.296251 0.733553 0.248631 0.226974 0.00309944
58 0.18602 0.564967 0.0739059 0.0838816 0.003088
58 0.19104 0.513158 0.0931493 0.13898 0.00304031
61 0.604634 0.498355 0.0223112 0.03125 0.00299263
61 0.688301 0.541118 0.0580092 0.0657894 0.00299263
71 0.24626 0.613076 0.150043 0.0353618 0.00286674
71 0.54021 0.484375 0.0206379 0.0131579 0.00268364
61 0.703361 0.537007 0.0870137 0.0608553 0.00264168
71 0.5126 0.495066 0.126058 0.03125 0.00254059
72 0.0492241 0.671053 0.0984482 0.611842 0.0024929
41 0.681608 0.570724 0.0200801 0.0197369 0.00239754
65 0.360884 0.611842 0.0256579 0.0213816 0.00236893
45 0.331043 0.528783 0.068607 0.0427631 0.00233269
13 0.0955199 0.809211 0.0649814 0.0427631 0.00233269
73 0.331322 0.518092 0.0613559 0.0263158 0.00232315
45 0.505349 0.498766 0.0669336 0.0230263 0.00222588
61 0.331322 0.523849 0.0680492 0.0402961 0.00218201
61 0.330485 0.533306 0.0680492 0.0600329 0.00216484
13 0.125501 0.867599 0.140003 0.235197 0.00214958
61 0.436184 0.778783 0.0624714 0.138158 0.00213242
73 0.330764 0.525493 0.0691648 0.0452303 0.0020752
6 0.050758 0.426809 0.101516 0.820724 0.00201035
71 0.331322 0.516447 0.0624714 0.0246711 0.00196457
45 0.5126 0.551809 0.127174 0.136513 0.00194931
13 0.703919 0.516447 0.0903604 0.108553 0.00192642
58 0.210841 0.459293 0.0563358 0.101151 0.00186729
71 0.305942 0.643092 0.157294 0.0378289 0.00183105
14 0.274498 0.830592 0.0377896 0.0361843 0.00181007
64 0.360884 0.611842 0.0256579 0.0205592 0.00177479
61 0.498098 0.435033 0.0814359 0.217105 0.00170708
41 0.436463 0.78125 0.0619136 0.138158 0.00163555
77 0.705034 0.51727 0.0892448 0.111842 0.00162315
39 0.436463 0.769942 0.060798 0.160773 0.00162315
45 0.605192 0.498355 0.0211957 0.0296053 0.00161076
56 0.807666 0.481086 0.348055 0.489309 0.00154305
71 0.227714 0.709293 0.105699 0.175164 0.00153637
57 0.703919 0.518503 0.0903604 0.112664 0.00150681
58 0.217674 0.480263 0.0488058 0.106908 0.00145531
71 0.269966 0.618421 0.199685 0.0411184 0.00145531
45 0.331322 0.518092 0.0613559 0.0263158 0.00142097
56 0.500887 0.409128 0.0691648 0.166118 0.00139427
58 0.233431 0.520559 0.0284468 0.0970394 0.00134563
16 0.704476 0.51727 0.0903604 0.113487 0.00132465
58 0.185462 0.583882 0.0652603 0.0452303 0.00131512
71 0.513158 0.473787 0.124943 0.295847 0.00131512
61 0.674914 0.541941 0.0345824 0.0657895 0.00129986
58 0.204426 0.53824 0.0881293 0.115132 0.00128937
65 0.331322 0.517681 0.0624714 0.0263158 0.0012846
71 0.336063 0.786184 0.112672 0.0707238 0.00127411
75 0.604634 0.498355 0.0223112 0.03125 0.00126457
71 0.703919 0.516447 0.0903604 0.108553 0.00126457
41 0.476344 0.481908 0.0100401 0.0254934 0.00122547
45 0.512042 0.482319 0.0217534 0.0123355 0.00122547
73 0.331879 0.540707 0.0725114 0.0485198 0.00121593
71 0.262296 0.609375 0.188809 0.0263158 0.00120163
71 0.352517 0.766242 0.388215 0.31949 0.00113392
74 0.499771 0.403783 0.0680492 0.153783 0.00111198
58 0.171761 0.534539 0.10549 0.149671 0.0011034
41 0.512042 0.482319 0.0217534 0.0123355 0.00107288
45 0.331879 0.547286 0.0725114 0.0386513 0.00106525
71 0.276729 0.69449 0.112532 0.0328947 0.00101185
71 0.29646 0.734786 0.247097 0.227796 0.967773
58 0.179884 0.509046 0.125779 0.197368 0.924805
71 0.503118 0.497533 0.073627 0.0230263 0.327637
61 0.703919 0.516447 0.0903604 0.108553 0.205566
61 0.50005 0.405016 0.0680492 0.157072 0.112
71 0.498098 0.5 0.0948227 0.0263158 0.0710449
71 0.515389 0.494243 0.0490847 0.0180921 0.0306702
61 0.684396 0.535773 0.0468536 0.0534539 0.0267639
71 0.508417 0.497533 0.060798 0.0164474 0.0217743
41 0.605192 0.498355 0.0211957 0.0296053 0.0193481
59 0.739756 0.795847 0.506186 0.38528 0.0145035
61 0.512879 0.474404 0.124385 0.291324 0.0139008
15 0.704476 0.51727 0.0903604 0.113487 0.0135345
71 0.307267 0.799548 0.512182 0.377878 0.0133286
56 0.703919 0.516447 0.0903604 0.108553 0.0125275
59 0.80655 0.478207 0.343593 0.495888 0.00930023
45 0.184625 0.583059 0.0658181 0.046875 0.00894928
41 0.489173 0.478207 0.0200801 0.0287829 0.00888062
18 0.704476 0.51727 0.0903604 0.113487 0.00857544
71 0.552202 0.493421 0.045738 0.0213816 0.00701141
75 0.436463 0.78125 0.0619136 0.138158 0.00701141
71 0.540489 0.490954 0.0301202 0.0148026 0.00695801
41 0.360884 0.611842 0.0256579 0.0213816 0.0069313
45 0.360884 0.611842 0.0256579 0.0213816 0.00671768
41 0.493636 0.481086 0.0167334 0.0213816 0.0064621
61 0.512042 0.551809 0.127174 0.136513 0.0064621
75 0.185462 0.583882 0.0652603 0.0452303 0.00634003
71 0.5126 0.551809 0.127174 0.136513 0.00488663
73 0.0953107 0.79852 0.0667942 0.0838816 0.0046463
72 0.0496773 0.477796 0.0993546 0.868421 0.00438309
13 0.0965657 0.799342 0.0653997 0.0822369 0.00380898
2 0.274428 0.830592 0.0373713 0.0361843 0.00369263
58 0.214188 0.485197 0.0577303 0.152961 0.00369263
67 0.360884 0.611842 0.0256579 0.0205592 0.00367928
58 0.233152 0.544408 0.0290046 0.0476974 0.00362206
59 0.703919 0.518503 0.0903604 0.112664 0.00341606
58 0.196199 0.478618 0.0931493 0.133224 0.00324821
71 0.495867 0.502878 0.0702803 0.0246711 0.00313568
45 0.296181 0.733553 0.24877 0.226974 0.00312424
73 0.125501 0.867599 0.140003 0.235197 0.00311089
61 0.688301 0.541118 0.0580092 0.0657894 0.003088
58 0.18602 0.564967 0.0739059 0.0838816 0.003088
58 0.19104 0.513158 0.0931493 0.13898 0.00307465
61 0.604634 0.498355 0.0223112 0.03125 0.00299263
71 0.24626 0.613076 0.150043 0.0353618 0.00287819
71 0.54021 0.484375 0.0206379 0.0131579 0.00270462
61 0.702803 0.537007 0.0870138 0.0608553 0.00266266
71 0.5126 0.495066 0.126058 0.03125 0.00258064
72 0.0492241 0.670641 0.0984482 0.612665 0.00252151
41 0.681608 0.570724 0.0200801 0.0197369 0.00240517
65 0.360884 0.611842 0.0256579 0.0213816 0.00234985
45 0.331043 0.528783 0.068607 0.0427631 0.00233269
13 0.0955199 0.809211 0.0649814 0.0427631 0.00233269
73 0.331322 0.518092 0.0613559 0.0263158 0.00228691
45 0.505349 0.498355 0.0669336 0.0230263 0.00224304
61 0.436184 0.778783 0.0624714 0.138158 0.00218201
61 0.330485 0.533306 0.0680492 0.0600329 0.00218201
13 0.125501 0.867599 0.140003 0.235197 0.00216484
61 0.331322 0.523849 0.0680492 0.0402961 0.00214005
73 0.330764 0.525493 0.0691648 0.0452303 0.0020504
6 0.050758 0.42722 0.101516 0.821546 0.00201988
13 0.703919 0.516447 0.0903604 0.108553 0.00198746
45 0.5126 0.551809 0.127174 0.136513 0.00197983
71 0.331322 0.516447 0.0624714 0.0246711 0.00194931
58 0.210841 0.458882 0.0563358 0.100329 0.00188255
71 0.305942 0.643092 0.157294 0.0378289 0.00184631
14 0.274498 0.830592 0.0377896 0.0361843 0.00179577
64 0.360884 0.611842 0.0256579 0.0205592 0.00175476
61 0.498098 0.43493 0.0814359 0.217311 0.00164223
77 0.705034 0.51727 0.0892448 0.111842 0.00164223
41 0.436463 0.78125 0.0619136 0.138158 0.00162315
45 0.605192 0.498355 0.0211957 0.0296053 0.0015974
56 0.807666 0.481086 0.348055 0.489309 0.00159168
39 0.436184 0.769942 0.0613558 0.160773 0.00158501
71 0.227714 0.709293 0.105699 0.175164 0.00152493
57 0.703919 0.518503 0.0903604 0.112664 0.00149536
58 0.217534 0.480263 0.0485269 0.106908 0.00146103
71 0.269966 0.618421 0.199685 0.0411184 0.0014267
45 0.331322 0.518092 0.0613559 0.0263158 0.00141621
56 0.500887 0.409128 0.0691648 0.166118 0.00139904
16 0.704476 0.51727 0.0903604 0.113487 0.00136662
58 0.233431 0.520559 0.0284468 0.0962171 0.00134563
61 0.674914 0.541941 0.0345824 0.0657895 0.00132465
58 0.185462 0.583882 0.0652603 0.0452303 0.00132465
71 0.513158 0.473273 0.124943 0.29523 0.00129986
58 0.204705 0.538651 0.0875715 0.113487 0.00129414
75 0.604634 0.498355 0.0223112 0.03125 0.00126934
65 0.331322 0.517681 0.0624714 0.0263158 0.00126457
71 0.335784 0.786184 0.112672 0.0707238 0.00126457
71 0.703919 0.516447 0.0903604 0.108553 0.00124454
41 0.476066 0.481908 0.00948224 0.0254934 0.00123978
45 0.512042 0.482319 0.0217534 0.0123355 0.00123501
73 0.331879 0.540707 0.0725114 0.0485198 0.0012064
71 0.262017 0.608553 0.188251 0.0263158 0.00119209
74 0.499771 0.403783 0.0680492 0.153783 0.0011425
71 0.352796 0.765625 0.3871 0.319079 0.00113773
58 0.171796 0.534539 0.10542 0.149671 0.0011158
41 0.512042 0.482319 0.0217534 0.0123355 0.00109863
45 0.331879 0.547286 0.0725114 0.0386513 0.00107288
40 0.500887 0.409128 0.0691648 0.166118 0.00101662
