35 0.165693 0.538783 0.271058 0.145647 0.824219
0 0.518655 0.508929 0.920005 0.850446 0.786133
35 0.366996 0.893973 0.227906 0.0636161 0.470703
35 0.161294 0.505022 0.263098 0.078125 0.258301
16 0.165902 0.5399 0.280694 0.146763 0.181885
0 0.461678 0.662388 0.859677 0.539062 0.0719604
35 0.209578 0.540179 0.22267 0.146205 0.0399475
0 0.408053 0.482143 0.655231 0.767857 0.0154266
46 0.168835 0.539342 0.285721 0.147879 0.00926971
35 0.250111 0.492187 0.0812755 0.0401786 0.00763702
38 0.367415 0.893973 0.228744 0.0625 0.005867
35 0.180566 0.49721 0.222879 0.0641741 0.00584412
35 0.222041 0.498326 0.134063 0.0558036 0.00511932
0 0.40135 0.416853 0.537926 0.645089 0.00498199
32 0.28991 0.552455 0.0636798 0.0267857 0.00468063
26 0.366996 0.893973 0.227906 0.0647322 0.00431442
34 0.160247 0.505022 0.269382 0.0792411 0.00411606
24 0.366996 0.893973 0.227906 0.0647322 0.00369263
52 0.167788 0.539062 0.283626 0.147321 0.00366402
26 0.677226 0.602121 0.431933 0.195313 0.00332451
32 0.365321 0.893973 0.224555 0.0625 0.00322342
0 0.165693 0.538783 0.271058 0.145647 0.00300407
15 0.166112 0.539621 0.281113 0.148437 0.00277901
27 0.171768 0.539621 0.290748 0.148437 0.00245285
24 0.682253 0.613281 0.475503 0.172991 0.00237846
32 0.33767 0.878348 0.0561387 0.0234375 0.00223351
29 0.169254 0.539621 0.285721 0.147321 0.00201988
24 0.168835 0.539342 0.285721 0.147879 0.00198746
35 0.323845 0.894531 0.163389 0.0569197 0.00177479
35 0.324264 0.901786 0.147469 0.0424108 0.00162888
54 0.171768 0.539621 0.290748 0.148437 0.00159168
32 0.249273 0.489676 0.0795997 0.0351562 0.00156689
65 0.167788 0.539062 0.283626 0.147321 0.00156116
24 0.683719 0.587612 0.434028 0.232143 0.00155449
32 0.132177 0.476842 0.0134063 0.0100446 0.0015192
35 0.196486 0.498047 0.129873 0.0602679 0.00151253
26 0.171768 0.539621 0.290748 0.148437 0.00149536
26 0.685605 0.621652 0.529128 0.162946 0.00148964
14 0.167159 0.539341 0.282369 0.146763 0.00143242
38 0.15878 0.50558 0.264774 0.0814732 0.00137234
26 0.697964 0.580915 0.501059 0.246652 0.00134563
32 0.229163 0.489397 0.0351914 0.0256696 0.00134087
35 0.387944 0.887277 0.174281 0.0535714 0.00133514
32 0.116467 0.595982 0.0259746 0.0200893 0.00117397
52 0.15878 0.50558 0.264774 0.0814732 0.00116062
47 0.288235 0.553013 0.0586524 0.0245536 0.00106907
36 0.372024 0.894531 0.241313 0.0658482 0.00102425
35 0.165902 0.538504 0.271477 0.146205 0.850098
0 0.517398 0.512277 0.922518 0.858259 0.73584
35 0.366996 0.893973 0.227906 0.0647322 0.507812
35 0.161294 0.505022 0.263936 0.0792411 0.262939
16 0.165484 0.5399 0.280694 0.147879 0.103394
0 0.457489 0.657924 0.854649 0.566964 0.0591125
35 0.209054 0.540179 0.222041 0.147321 0.0411377
0 0.420621 0.48577 0.690423 0.776228 0.0139542
46 0.167997 0.539621 0.284883 0.148437 0.0102081
35 0.25053 0.490792 0.0804376 0.0379464 0.00908661
26 0.366996 0.893415 0.227906 0.0647322 0.00731659
35 0.181822 0.49721 0.221203 0.0647321 0.00706482
35 0.222146 0.498326 0.133853 0.0558036 0.00602722
35 0.248435 0.498326 0.0863028 0.0524554 0.00524139
38 0.367415 0.893973 0.228744 0.0625 0.00488663
34 0.160037 0.505022 0.269801 0.0803571 0.00484848
24 0.366996 0.893415 0.227906 0.0647322 0.00484848
32 0.290329 0.552455 0.0636797 0.0267857 0.00434875
52 0.16695 0.539621 0.283626 0.148437 0.00400543
32 0.365321 0.893973 0.224555 0.0625 0.00391388
27 0.171349 0.539621 0.28991 0.149554 0.00382423
35 0.346468 0.896205 0.194391 0.0513393 0.00363541
0 0.165902 0.538504 0.271477 0.146205 0.00274658
32 0.33767 0.878348 0.0561387 0.0234375 0.00270462
24 0.167997 0.539621 0.284883 0.148437 0.00261116
26 0.675131 0.602121 0.419365 0.196429 0.00256157
35 0.324264 0.901786 0.147469 0.0424108 0.00247192
26 0.171349 0.539621 0.28991 0.149554 0.00219917
24 0.680158 0.612723 0.462935 0.174107 0.00214005
29 0.168626 0.539621 0.285302 0.148437 0.00209045
32 0.249692 0.489397 0.0795997 0.0345982 0.00206757
35 0.197323 0.498326 0.128197 0.0602679 0.00202751
32 0.132177 0.476842 0.0134063 0.0100446 0.0019722
35 0.388363 0.887277 0.172606 0.0535714 0.00192642
65 0.16695 0.539621 0.283626 0.148437 0.00183868
54 0.171349 0.539621 0.28991 0.149554 0.00161076
32 0.229582 0.489397 0.0351914 0.0262277 0.00155449
15 0.165484 0.539342 0.281532 0.148996 0.00148964
67 0.388363 0.887277 0.172606 0.0535714 0.00147247
32 0.333481 0.87779 0.0469219 0.0189732 0.0014267
26 0.683929 0.621094 0.515722 0.164063 0.00135612
24 0.683719 0.587054 0.423973 0.233259 0.00129986
38 0.15899 0.505301 0.265193 0.0797991 0.00124454
39 0.16695 0.539621 0.283626 0.148437 0.00121593
14 0.167997 0.539621 0.284883 0.148437 0.0012064
35 0.0871407 0.516183 0.103061 0.0580357 0.0011692
46 0.324264 0.901786 0.147469 0.0424108 0.00115108
52 0.15878 0.505859 0.264774 0.0820312 0.00113392
32 0.209054 0.497768 0.153334 0.0591518 0.0011158
32 0.116467 0.595982 0.0259746 0.0200893 0.00107765
77 0.165484 0.539342 0.281532 0.148996 0.00106907
32 0.167369 0.538504 0.268544 0.146205 0.00106525
47 0.287816 0.553292 0.0586524 0.0239955 0.00104427
35 0.165903 0.538504 0.272315 0.146205 0.862305
0 0.515722 0.51423 0.927546 0.862165 0.715332
35 0.367415 0.893973 0.228744 0.0647322 0.550781
35 0.161294 0.505022 0.263936 0.0792411 0.258301
16 0.165065 0.540179 0.281532 0.148438 0.0579224
0 0.461678 0.655134 0.86638 0.582589 0.0427246
35 0.209054 0.540458 0.222041 0.147879 0.0387573
35 0.25053 0.489955 0.0804376 0.0368304 0.00978088
46 0.167369 0.539342 0.285302 0.148996 0.0088501
26 0.366996 0.893415 0.227906 0.0647322 0.00844574
35 0.181822 0.49721 0.221203 0.0647321 0.00769424
35 0.222041 0.498326 0.134063 0.0558036 0.00626373
35 0.248121 0.498326 0.0869312 0.0524554 0.00561905
34 0.159828 0.505301 0.27022 0.0803571 0.00518036
24 0.371186 0.895089 0.236285 0.0658482 0.00518036
27 0.17093 0.539621 0.290748 0.15067 0.00441742
35 0.345211 0.897879 0.192715 0.0491072 0.00436401
32 0.290329 0.552455 0.0636797 0.0279018 0.00432968
32 0.365321 0.893973 0.224555 0.0625 0.00426483
38 0.367415 0.893973 0.228744 0.0625 0.00411606
52 0.166321 0.539621 0.284045 0.148437 0.00359344
35 0.324264 0.902344 0.147469 0.0412947 0.00307465
35 0.239742 0.500558 0.110392 0.0613839 0.00305176
32 0.33767 0.878348 0.0553008 0.0223214 0.00301552
0 0.409729 0.451172 0.630094 0.718192 0.00268364
0 0.165903 0.538504 0.272315 0.146205 0.00247192
32 0.249692 0.489397 0.0795997 0.0345982 0.00246239
24 0.167369 0.539342 0.285302 0.148996 0.00240517
35 0.388782 0.887277 0.172606 0.0535714 0.00235939
32 0.132387 0.476842 0.0134063 0.0100446 0.00230598
35 0.197323 0.498326 0.129035 0.0602679 0.00213242
26 0.678692 0.612723 0.464192 0.174107 0.00212479
26 0.17093 0.539621 0.290748 0.15067 0.00208282
65 0.166321 0.539621 0.284045 0.148437 0.00206757
67 0.388782 0.887277 0.172606 0.0535714 0.00195694
32 0.229163 0.489397 0.0351914 0.0262277 0.00176811
24 0.678692 0.612723 0.464192 0.174107 0.00176811
54 0.167369 0.539342 0.285302 0.148996 0.00161076
26 0.685395 0.58803 0.418946 0.232422 0.0015974
29 0.167997 0.540179 0.285721 0.149554 0.00154877
32 0.332643 0.87779 0.046084 0.0189732 0.00154305
39 0.166321 0.539621 0.284045 0.148437 0.00136662
32 0.285721 0.553432 0.0561387 0.0226005 0.00129414
32 0.209054 0.497768 0.154172 0.0591518 0.00125504
32 0.167578 0.538504 0.269801 0.146205 0.0012207
77 0.165065 0.540179 0.281532 0.148438 0.00121593
35 0.0875597 0.516183 0.104736 0.0580357 0.00119209
38 0.15878 0.50558 0.265612 0.0803571 0.00117874
46 0.324264 0.902344 0.147469 0.0412947 0.0011692
24 0.685395 0.58803 0.418946 0.232422 0.0011425
15 0.167369 0.539342 0.285302 0.148996 0.00106049
32 0.116467 0.595982 0.0259746 0.0200893 0.00105667
14 0.167369 0.539342 0.285302 0.148996 0.00105667
47 0.287816 0.553013 0.0586524 0.0245536 0.00103664
52 0.15878 0.50558 0.265612 0.0825893 0.00102043
35 0.165903 0.538504 0.273153 0.146205 0.859863
0 0.534575 0.515904 0.883138 0.867746 0.712402
35 0.366996 0.893973 0.229582 0.0647322 0.529297
35 0.161085 0.505022 0.264355 0.0792411 0.245117
35 0.209578 0.540179 0.22267 0.148438 0.0417786
0 0.461678 0.648996 0.869731 0.59933 0.0247498
16 0.164646 0.540179 0.281532 0.148438 0.0238647
26 0.371186 0.895089 0.236285 0.0669643 0.00974274
35 0.25053 0.489676 0.0804376 0.0357143 0.00941467
35 0.183079 0.49721 0.21869 0.0647321 0.00871277
46 0.167369 0.539621 0.28614 0.149554 0.00723267
27 0.168207 0.540179 0.286978 0.149554 0.00661469
35 0.220784 0.498326 0.136576 0.0558036 0.00598145
34 0.159618 0.505301 0.270639 0.0809152 0.00577545
24 0.371186 0.895089 0.236285 0.0669643 0.00564194
35 0.247597 0.498326 0.0879786 0.0524554 0.00538635
35 0.343535 0.900112 0.189363 0.0446429 0.00486755
32 0.290329 0.551897 0.0636797 0.0279017 0.00436401
32 0.365321 0.893973 0.224555 0.0625 0.0042305
38 0.367415 0.893415 0.228744 0.0636161 0.0036068
32 0.132387 0.476842 0.0134063 0.0100446 0.00340271
32 0.33767 0.87779 0.0553008 0.0223214 0.00336266
52 0.166112 0.539621 0.284464 0.149554 0.00312424
32 0.249273 0.489397 0.0795997 0.0345982 0.0028553
35 0.322588 0.904018 0.140766 0.0368304 0.00274658
67 0.387944 0.887277 0.172606 0.0535714 0.00248146
0 0.159618 0.538783 0.270639 0.145647 0.00234985
65 0.166112 0.539621 0.284464 0.149554 0.00232315
35 0.387944 0.887277 0.172606 0.0535714 0.00222588
26 0.167369 0.539621 0.28614 0.149554 0.00221634
35 0.197323 0.498326 0.129873 0.0602679 0.00219154
32 0.228325 0.489397 0.0335157 0.0256696 0.00209045
26 0.677854 0.613281 0.464192 0.174107 0.00196457
24 0.167369 0.539621 0.28614 0.149554 0.00192642
32 0.209054 0.497768 0.15501 0.0591518 0.00179577
32 0.331386 0.87779 0.0435704 0.0178572 0.00176144
39 0.166112 0.539621 0.284464 0.149554 0.00172043
26 0.686233 0.589146 0.412243 0.23019 0.00162315
24 0.677854 0.613281 0.464192 0.174107 0.0015974
77 0.164646 0.540179 0.281532 0.148438 0.00141048
54 0.167369 0.539621 0.28614 0.149554 0.00139904
38 0.158361 0.50558 0.266449 0.0809152 0.00138283
32 0.284883 0.553432 0.0553008 0.0226005 0.00133038
32 0.168207 0.538504 0.27022 0.146205 0.00122547
35 0.0883975 0.516183 0.10725 0.0580357 0.0012064
46 0.324264 0.902344 0.147469 0.0412947 0.00119686
29 0.168207 0.540179 0.286978 0.149554 0.00116062
24 0.686233 0.589146 0.412243 0.23019 0.0011425
0 0.15899 0.50558 0.265193 0.0803571 0.00107765
32 0.116048 0.595982 0.0259746 0.0200893 0.00104427
35 0.165484 0.538504 0.27399 0.146205 0.878906
0 0.534575 0.517578 0.884813 0.873326 0.759766
35 0.366996 0.893973 0.229582 0.0647322 0.539062
35 0.158571 0.506975 0.27022 0.0837053 0.248047
35 0.178471 0.499442 0.228744 0.0669643 0.0558167
35 0.209054 0.540179 0.222879 0.148438 0.0456848
16 0.163808 0.540458 0.281532 0.148996 0.0132751
26 0.371605 0.895089 0.237123 0.0647321 0.0108566
35 0.25053 0.489397 0.0804376 0.0345982 0.00905609
27 0.168416 0.540179 0.288235 0.149554 0.00815582
24 0.371605 0.895089 0.237123 0.0647321 0.00572968
35 0.219947 0.498326 0.13909 0.0558036 0.00568771
35 0.341441 0.901786 0.185174 0.0424108 0.0055542
46 0.167159 0.539621 0.286559 0.149554 0.00542831
34 0.159618 0.505301 0.272315 0.0809152 0.00516129
35 0.247178 0.498326 0.0879786 0.0524554 0.00511932
35 0.192296 0.495536 0.167578 0.0613839 0.00446701
32 0.290329 0.551897 0.0636797 0.0279017 0.00405502
32 0.132387 0.476842 0.0134063 0.0100446 0.0037365
32 0.365321 0.893415 0.224555 0.0625 0.00372124
32 0.249692 0.489118 0.0787618 0.0340402 0.00346947
35 0.322588 0.904018 0.141604 0.0368304 0.00328636
32 0.337251 0.87779 0.0553008 0.0223214 0.00316048
67 0.387944 0.887277 0.174281 0.0535714 0.00309944
38 0.367415 0.892857 0.229582 0.0625 0.00284576
32 0.228744 0.489397 0.0335157 0.0256696 0.00254059
52 0.165484 0.5399 0.284883 0.148996 0.00243378
65 0.165484 0.5399 0.284883 0.148996 0.00228691
35 0.387944 0.887277 0.174281 0.0535714 0.00227928
26 0.167159 0.539621 0.286559 0.149554 0.00224304
0 0.159199 0.538783 0.271477 0.145647 0.00220871
32 0.209054 0.497489 0.156686 0.0591518 0.00210762
0 0.46084 0.636161 0.871407 0.63058 0.00202751
39 0.165484 0.5399 0.284883 0.148996 0.00171375
32 0.330548 0.877232 0.0418946 0.0178571 0.00168133
77 0.163808 0.540458 0.281532 0.148996 0.0016613
26 0.677854 0.613839 0.467543 0.172991 0.00150681
24 0.167159 0.539621 0.286559 0.149554 0.00150108
38 0.157943 0.50558 0.268125 0.0803571 0.00146675
26 0.685395 0.591657 0.408891 0.2274 0.0012846
32 0.167997 0.538504 0.270639 0.145089 0.00123501
35 0.0888165 0.516183 0.109764 0.0580357 0.0012207
24 0.677854 0.613839 0.467543 0.172991 0.00117874
32 0.284883 0.554129 0.053625 0.0223215 0.00115585
0 0.159199 0.50558 0.267287 0.0803571 0.00112438
32 0.116048 0.595982 0.0259746 0.0200893 0.00111198
46 0.325102 0.902902 0.149145 0.0401786 0.00109005
35 0.200884 0.557478 0.159618 0.0881696 0.00106907
35 0.165902 0.538783 0.27399 0.145647 0.880859
0 0.535413 0.517299 0.883138 0.877232 0.794922
35 0.366996 0.893415 0.227906 0.0636161 0.494141
35 0.158361 0.507812 0.270639 0.0853795 0.305664
35 0.183917 0.498884 0.217014 0.0658482 0.0623169
35 0.209054 0.540179 0.222879 0.148438 0.0541992
35 0.176795 0.521205 0.237961 0.110491 0.0359497
26 0.363645 0.892857 0.232934 0.0647321 0.0112
35 0.25053 0.488839 0.0804376 0.0345982 0.01017
27 0.168207 0.540737 0.288654 0.149554 0.0086441
35 0.219423 0.498326 0.139299 0.0558036 0.00634003
16 0.165902 0.538783 0.27399 0.145647 0.00609589
35 0.341022 0.902902 0.184336 0.0401786 0.00598145
35 0.246759 0.498047 0.0888165 0.0524554 0.00588989
24 0.371186 0.895089 0.236285 0.0647321 0.00570679
34 0.159199 0.505301 0.272315 0.0809152 0.00494385
32 0.132387 0.476842 0.0134063 0.0100446 0.00439835
32 0.249692 0.488839 0.0787618 0.0340402 0.00400543
46 0.165274 0.540179 0.284464 0.148438 0.00399017
32 0.290329 0.551897 0.0628419 0.0279017 0.00369263
77 0.168207 0.540737 0.288654 0.149554 0.00348282
32 0.336832 0.877232 0.0553008 0.0223214 0.00345612
0 0.164436 0.540179 0.282788 0.148438 0.00335121
32 0.365321 0.892857 0.224555 0.0625 0.00317192
32 0.228744 0.489397 0.0335157 0.0256696 0.0029583
32 0.209473 0.497489 0.156686 0.0591518 0.00282288
67 0.387106 0.887277 0.175957 0.0535714 0.00271416
35 0.19858 0.498326 0.129873 0.0597098 0.00260162
38 0.366996 0.893415 0.229582 0.0625 0.00242424
26 0.16674 0.540179 0.286559 0.148438 0.00225258
35 0.387106 0.887277 0.175957 0.0535714 0.00222588
35 0.326778 0.904018 0.144117 0.0357143 0.00208282
32 0.32971 0.877232 0.0402188 0.0178571 0.00194931
65 0.165274 0.540179 0.284464 0.148438 0.00191212
35 0.201094 0.558036 0.160037 0.0870535 0.00187492
52 0.165274 0.540179 0.284464 0.148438 0.00186729
38 0.157524 0.50558 0.268125 0.0803571 0.00167465
39 0.165274 0.540179 0.284464 0.148438 0.00158501
26 0.678692 0.6137 0.469219 0.172154 0.00153637
35 0.152706 0.496094 0.197323 0.0602679 0.00147247
0 0.15899 0.50558 0.267706 0.0803571 0.00144386
26 0.685395 0.59096 0.405539 0.226563 0.00141621
35 0.0892354 0.516183 0.11144 0.0580357 0.00127411
32 0.167788 0.538504 0.271058 0.145089 0.0012598
0 0.432352 0.686942 0.799348 0.52567 0.00125504
51 0.165274 0.540179 0.284464 0.148438 0.00121117
32 0.116048 0.595982 0.0259746 0.0200893 0.00116539
24 0.16674 0.540179 0.286559 0.148438 0.00109863
32 0.283626 0.554129 0.0511114 0.0223215 0.00105667
0 0.410462 0.444196 0.747609 0.685268 0.00105667
24 0.678692 0.6137 0.469219 0.172154 0.00103188
35 0.318399 0.908482 0.132387 0.0290179 0.00101662
0 0.358199 0.396275 0.664448 0.458566 0.00101662
35 0.165693 0.538783 0.273572 0.145647 0.858887
0 0.537507 0.517299 0.878948 0.878348 0.817383
35 0.366577 0.893415 0.227906 0.0636161 0.42627
35 0.158152 0.508371 0.27022 0.0859375 0.279785
35 0.18685 0.498884 0.211149 0.0652902 0.0646362
35 0.209473 0.540458 0.222041 0.147879 0.0510864
26 0.363226 0.892857 0.232096 0.0647321 0.012291
35 0.25053 0.488839 0.0795997 0.0340402 0.00930023
27 0.168416 0.540737 0.289073 0.148438 0.00818634
24 0.370767 0.895089 0.235447 0.0647321 0.00636292
16 0.165693 0.538783 0.273572 0.145647 0.00602722
35 0.219109 0.498326 0.139928 0.0552455 0.00582123
35 0.246759 0.498047 0.0879786 0.0524554 0.00572968
35 0.34186 0.902902 0.186012 0.0379464 0.00572968
34 0.15899 0.50558 0.271896 0.0803571 0.00481033
32 0.132387 0.477121 0.0134063 0.0100446 0.00473785
32 0.249692 0.488839 0.0787618 0.0340402 0.00466537
77 0.166531 0.540179 0.286978 0.147321 0.00457382
0 0.164646 0.540179 0.282369 0.148438 0.00445175
32 0.290748 0.551897 0.0636797 0.0279017 0.0036068
0 0.411405 0.459821 0.722262 0.737723 0.00351143
32 0.209578 0.497768 0.157314 0.0591518 0.00346947
46 0.165484 0.5399 0.284045 0.147879 0.00340271
32 0.228325 0.489118 0.0326778 0.0262277 0.00336266
32 0.337251 0.877232 0.0544629 0.0223214 0.00333786
32 0.365321 0.892857 0.224555 0.0625 0.00307465
67 0.386687 0.887277 0.176795 0.0535714 0.00250244
38 0.366996 0.892857 0.228744 0.0625 0.00239754
26 0.16695 0.540179 0.28614 0.148438 0.00235939
32 0.329291 0.877232 0.038543 0.0178571 0.00198746
35 0.386687 0.887277 0.176795 0.0535714 0.00195694
0 0.15899 0.50558 0.267706 0.0803571 0.00183868
38 0.157524 0.50558 0.268125 0.0797991 0.00182438
35 0.201094 0.558036 0.160875 0.0870535 0.00174141
0 0.436541 0.631696 0.826161 0.632812 0.00162888
52 0.165484 0.5399 0.284045 0.147879 0.0015974
65 0.165484 0.5399 0.284045 0.147879 0.00159168
26 0.670313 0.602679 0.402188 0.195313 0.00148392
39 0.165484 0.5399 0.284045 0.147879 0.00141048
32 0.167159 0.538504 0.270639 0.145089 0.00139904
0 0.350239 0.394043 0.650204 0.465262 0.00130463
35 0.152077 0.496373 0.201094 0.0608259 0.00128937
51 0.165484 0.5399 0.284045 0.147879 0.00128937
35 0.0892354 0.516462 0.112277 0.0574777 0.0011425
24 0.16695 0.540179 0.28614 0.148438 0.00109863
32 0.116048 0.595982 0.0259746 0.0200893 0.00106525
24 0.677226 0.614397 0.4688 0.171875 0.00100803
35 0.165693 0.538783 0.273572 0.145647 0.844727
0 0.540021 0.517299 0.873921 0.88058 0.832031
35 0.366159 0.893973 0.227069 0.0625 0.366699
35 0.19481 0.5399 0.193553 0.144531 0.303955
35 0.158361 0.508371 0.269801 0.0859375 0.264404
35 0.187269 0.498884 0.209473 0.0647321 0.0618896
26 0.362807 0.892857 0.232934 0.0636161 0.0170441
35 0.25053 0.488839 0.0787618 0.0334821 0.0104904
24 0.370348 0.895089 0.23461 0.0647321 0.00901794
27 0.168416 0.540737 0.288235 0.148438 0.00784302
35 0.247178 0.498047 0.0863028 0.0524554 0.00674438
35 0.340184 0.90346 0.18266 0.0368304 0.00653839
0 0.416851 0.462054 0.733155 0.742188 0.0064621
16 0.165693 0.538783 0.273572 0.145647 0.00643921
35 0.219946 0.498326 0.138252 0.0552455 0.00638962
34 0.159199 0.50558 0.271477 0.0803571 0.00588989
77 0.16674 0.540179 0.286559 0.147321 0.00548935
35 0.225812 0.535993 0.186012 0.136719 0.00547028
32 0.132387 0.477121 0.0134063 0.0100446 0.00536346
0 0.164646 0.5399 0.282369 0.147879 0.00526047
32 0.249692 0.488839 0.0787618 0.0334821 0.00486755
0 0.430676 0.635603 0.81443 0.621652 0.00450516
46 0.165484 0.540179 0.284045 0.147321 0.00379562
32 0.336832 0.877232 0.053625 0.0212054 0.00365067
32 0.209892 0.497768 0.158361 0.0591518 0.00342941
32 0.228744 0.488839 0.0335157 0.0267857 0.00337601
32 0.290748 0.551897 0.0636797 0.0267858 0.00325966
32 0.365321 0.892857 0.224555 0.0602679 0.00294685
26 0.16695 0.540179 0.28614 0.147321 0.00291252
35 0.199837 0.498326 0.129035 0.0591518 0.0028553
67 0.386687 0.887277 0.176795 0.0535714 0.00282288
38 0.366996 0.892857 0.227906 0.0613839 0.00266266
0 0.159199 0.50558 0.267287 0.0797991 0.00235939
32 0.329291 0.877232 0.038543 0.0167411 0.00212479
38 0.157524 0.50558 0.267287 0.0792411 0.00194168
35 0.386687 0.887277 0.176795 0.0535714 0.00190449
35 0.201094 0.558036 0.161713 0.0870535 0.00183105
52 0.165484 0.540179 0.284045 0.147321 0.00174141
0 0.357046 0.390555 0.665076 0.478934 0.00165462
39 0.165484 0.540179 0.284045 0.147321 0.00151253
65 0.165484 0.540179 0.284045 0.147321 0.00151253
26 0.388782 0.887277 0.174281 0.0535714 0.00147247
51 0.165484 0.540179 0.284045 0.147321 0.00144386
24 0.16695 0.540179 0.28614 0.147321 0.00141048
26 0.682044 0.590402 0.398836 0.225446 0.00139904
35 0.153334 0.496094 0.200256 0.0602679 0.00136662
35 0.0896544 0.516183 0.113115 0.0580357 0.00134563
26 0.677016 0.614397 0.469219 0.171875 0.00134563
32 0.166321 0.538504 0.270639 0.145089 0.00132465
32 0.338508 0.881138 0.0586524 0.0290179 0.00109863
26 0.373281 0.913504 0.248854 0.03125 0.00109005
32 0.115838 0.595982 0.0255557 0.0200893 0.00108624
0 0.517398 0.741071 0.297451 0.243304 0.00105286
35 0.31798 0.908482 0.131549 0.0267857 0.00100803
35 0.165693 0.539062 0.273572 0.146205 0.847168
0 0.538764 0.517299 0.879786 0.88058 0.84375
35 0.366159 0.893973 0.227906 0.0625 0.357666
35 0.158361 0.508929 0.269801 0.0870536 0.258301
35 0.183917 0.498884 0.216176 0.0641741 0.0605164
35 0.209892 0.540737 0.222041 0.147321 0.0396423
26 0.362388 0.892857 0.232934 0.0647321 0.024231
24 0.370767 0.895089 0.23461 0.0658482 0.0119629
35 0.25053 0.488839 0.0787618 0.0334821 0.00978088
27 0.169045 0.540458 0.288654 0.147879 0.00748825
35 0.247178 0.498047 0.0863028 0.0524554 0.00638962
35 0.339346 0.90346 0.180985 0.0368304 0.00624084
34 0.159199 0.505301 0.271477 0.0803571 0.00612259
77 0.16674 0.540458 0.286559 0.146763 0.00609589
35 0.219632 0.498605 0.138881 0.0552455 0.00602722
16 0.165693 0.539062 0.273572 0.146205 0.00553513
0 0.431933 0.462054 0.770022 0.743304 0.0053215
32 0.132387 0.477121 0.0134063 0.0100446 0.00521851
32 0.249692 0.488839 0.0787618 0.0334821 0.0050621
0 0.165065 0.540179 0.282369 0.147321 0.0050621
67 0.387106 0.887277 0.176795 0.0535714 0.00419998
46 0.165693 0.539621 0.284464 0.147321 0.00397491
32 0.227906 0.488839 0.0318399 0.0267857 0.00352478
26 0.167159 0.540179 0.285721 0.147321 0.00348282
32 0.336832 0.877232 0.053625 0.0212054 0.00338936
32 0.290748 0.551897 0.0636797 0.0267858 0.00314713
32 0.209578 0.497768 0.15899 0.0591518 0.00311089
38 0.366996 0.892857 0.229582 0.0625 0.00305176
32 0.365321 0.892857 0.224555 0.0602679 0.00294685
0 0.435285 0.640486 0.825323 0.609654 0.00265312
0 0.159199 0.50558 0.268125 0.0792411 0.00234985
38 0.157524 0.505301 0.267287 0.078683 0.00212479
26 0.389201 0.887277 0.174281 0.0535714 0.0020504
32 0.329291 0.877232 0.038543 0.0167411 0.00196457
52 0.165693 0.539621 0.284464 0.147321 0.00186729
35 0.201094 0.558036 0.162551 0.0870535 0.00186062
35 0.387106 0.887277 0.176795 0.0535714 0.00185299
60 0.511952 0.553571 0.951845 0.879464 0.00172043
24 0.167159 0.540179 0.285721 0.147321 0.0017004
39 0.165693 0.539621 0.284464 0.147321 0.00165462
0 0.363226 0.390904 0.677854 0.479353 0.00164223
51 0.165693 0.539621 0.284464 0.147321 0.00162315
26 0.372862 0.911272 0.249692 0.0368304 0.0014782
35 0.0896544 0.516183 0.113534 0.0580357 0.00147247
65 0.165693 0.539621 0.284464 0.147321 0.00146675
26 0.680368 0.591518 0.395485 0.223214 0.00133514
32 0.166321 0.538504 0.270639 0.145089 0.00133038
35 0.153963 0.496094 0.201513 0.0602679 0.0012846
26 0.676178 0.614955 0.470895 0.170759 0.00127411
39 0.159199 0.50558 0.268125 0.0792411 0.00125504
0 0.517398 0.740513 0.297451 0.243304 0.00119686
32 0.115629 0.595982 0.0251367 0.0200893 0.00107288
32 0.33767 0.88058 0.0578145 0.0290179 0.00106049
67 0.159199 0.50558 0.268125 0.0792411 0.00105286
39 0.188735 0.804688 0.0192715 0.0189733 0.00103188
41 0.188735 0.804688 0.0188526 0.0178572 0.00100803
35 0.165903 0.539062 0.273153 0.146205 0.871582
0 0.537088 0.517857 0.886489 0.881696 0.859375
35 0.366159 0.893973 0.227906 0.0625 0.338135
35 0.158361 0.511161 0.269801 0.0904018 0.253906
35 0.180566 0.498884 0.222041 0.0647321 0.0574951
35 0.209368 0.540458 0.221413 0.147879 0.0343628
26 0.362388 0.892857 0.232934 0.0647321 0.0261536
24 0.370767 0.895089 0.23461 0.0658482 0.0119171
35 0.25053 0.488839 0.0787618 0.0340402 0.00933838
27 0.170511 0.540458 0.290748 0.147879 0.00766754
35 0.247178 0.498326 0.0863028 0.0524554 0.00658798
34 0.159409 0.50558 0.271896 0.0803571 0.00658798
35 0.220261 0.498605 0.137624 0.0552455 0.00626373
32 0.249692 0.488839 0.0787618 0.0334821 0.00564194
35 0.341441 0.904018 0.184336 0.0379465 0.00536346
32 0.132387 0.477121 0.0134063 0.0100446 0.00508118
77 0.167369 0.540458 0.287816 0.146763 0.0050621
0 0.165065 0.539621 0.282369 0.147321 0.00473785
16 0.165903 0.539062 0.273153 0.146205 0.00418091
67 0.387106 0.887277 0.176795 0.0535714 0.00416565
0 0.398836 0.441964 0.732317 0.685268 0.00413513
26 0.167578 0.540179 0.286559 0.147321 0.00407028
46 0.166112 0.5399 0.284464 0.146763 0.00388527
32 0.227488 0.489118 0.031002 0.0267857 0.0037365
38 0.367415 0.892857 0.229582 0.0625 0.00342941
32 0.290748 0.551897 0.0636797 0.0267858 0.00313568
32 0.336832 0.877232 0.053625 0.0212054 0.00311089
35 0.199209 0.498605 0.132806 0.0597098 0.00281143
0 0.428896 0.647321 0.812964 0.594866 0.00279999
32 0.209368 0.497768 0.159409 0.0591518 0.00251198
32 0.365321 0.893415 0.224555 0.0613839 0.00251198
38 0.157524 0.505022 0.267287 0.078125 0.00226021
0 0.160037 0.50558 0.268125 0.0792411 0.00221634
26 0.388782 0.887277 0.174281 0.0535714 0.00213242
52 0.166112 0.5399 0.284464 0.146763 0.00208282
51 0.166112 0.5399 0.284464 0.146763 0.00191879
32 0.328453 0.877232 0.0368672 0.0167411 0.00189686
35 0.201094 0.558036 0.162551 0.0870535 0.00188923
60 0.511114 0.554129 0.955196 0.879464 0.00185299
39 0.166112 0.5399 0.284464 0.146763 0.00183868
24 0.167578 0.540179 0.286559 0.147321 0.00179577
26 0.372862 0.910156 0.249692 0.0390625 0.00162888
35 0.387106 0.887277 0.176795 0.0535714 0.00160408
0 0.364064 0.387905 0.681206 0.482003 0.00160408
65 0.166112 0.5399 0.284464 0.146763 0.0015974
35 0.0896544 0.516183 0.113953 0.0580357 0.00150681
32 0.165902 0.539062 0.271477 0.145089 0.00127888
0 0.517817 0.739955 0.298289 0.24442 0.00126457
39 0.160037 0.50558 0.268125 0.0792411 0.0012598
26 0.680158 0.592634 0.389201 0.220982 0.0012598
26 0.677016 0.615513 0.469219 0.169643 0.00116062
41 0.188735 0.804688 0.0188526 0.0189733 0.00109863
67 0.160037 0.50558 0.268125 0.0792411 0.00106049
0 0.608309 0.689593 0.455813 0.38644 0.00103188
0 0.601606 0.460379 0.429 0.381696 0.00101662
32 0.336832 0.88058 0.0561387 0.0290179 0.00100803
35 0.166112 0.539341 0.273572 0.146763 0.879883
0 0.534575 0.518415 0.889841 0.882812 0.868164
35 0.366159 0.893973 0.227069 0.0636161 0.222656
35 0.159618 0.504464 0.263936 0.0770089 0.139404
26 0.361969 0.893415 0.232934 0.0647322 0.0265503
16 0.167578 0.540179 0.288235 0.146205 0.0230713
35 0.209892 0.540179 0.222879 0.148438 0.0207214
24 0.370767 0.895089 0.23461 0.0669643 0.00948334
0 0.42104 0.447545 0.748237 0.71317 0.00828552
27 0.169882 0.540179 0.288654 0.147321 0.00828552
0 0.415594 0.651786 0.780915 0.578125 0.00712204
35 0.25053 0.48856 0.0787618 0.0334821 0.00564194
32 0.249273 0.488839 0.0787618 0.0334821 0.00536346
34 0.160037 0.50558 0.273153 0.0803571 0.00484848
46 0.16695 0.539621 0.28614 0.146205 0.00469971
35 0.219632 0.498605 0.138881 0.0552455 0.00457382
35 0.247178 0.498326 0.0863028 0.0524554 0.00436401
32 0.132387 0.477121 0.0134063 0.0100446 0.00413513
26 0.168207 0.540179 0.287816 0.147321 0.00402451
32 0.226231 0.489397 0.0284883 0.0256696 0.00341606
38 0.367834 0.893415 0.23042 0.0625 0.00337601
35 0.348563 0.904018 0.201094 0.0368304 0.00333786
67 0.386268 0.887277 0.179309 0.0546875 0.00332451
77 0.169882 0.540179 0.288654 0.147321 0.00322342
24 0.168207 0.540179 0.287816 0.147321 0.00291252
35 0.192715 0.496094 0.17093 0.0613839 0.0028553
32 0.290748 0.551339 0.0636797 0.0279018 0.00274658
26 0.388782 0.887277 0.175957 0.0535714 0.0024147
32 0.336832 0.878348 0.053625 0.0223214 0.00235939
0 0.160037 0.539062 0.273153 0.146205 0.00232315
52 0.16695 0.539621 0.28614 0.146205 0.00227928
32 0.287397 0.554129 0.0553008 0.0223215 0.00209045
38 0.157524 0.505022 0.268125 0.078125 0.00200272
26 0.680577 0.593192 0.388363 0.21875 0.00198746
60 0.511952 0.554129 0.950169 0.88058 0.00192642
32 0.208635 0.497768 0.160875 0.0591518 0.00176811
35 0.322588 0.905134 0.140766 0.0334822 0.00165462
32 0.365321 0.893973 0.224555 0.0625 0.00165462
32 0.327616 0.877232 0.0368672 0.015625 0.00162888
0 0.518655 0.739955 0.299965 0.245536 0.0015974
26 0.677016 0.616211 0.472571 0.169364 0.00156116
65 0.16695 0.539621 0.28614 0.146205 0.00155449
0 0.160666 0.50558 0.27022 0.0792411 0.00151253
39 0.16695 0.539621 0.28614 0.146205 0.00150108
26 0.372024 0.914062 0.249692 0.03125 0.00144386
32 0.166112 0.539062 0.274409 0.146205 0.00142097
0 0.605796 0.686384 0.447434 0.381696 0.00131989
29 0.169882 0.540179 0.288654 0.147321 0.00130463
24 0.692098 0.58817 0.444082 0.234375 0.00126457
0 0.595741 0.459821 0.413918 0.379464 0.0012207
0 0.360189 0.38644 0.672198 0.482701 0.0011425
35 0.0894449 0.516183 0.113115 0.0580357 0.00112915
57 0.511952 0.554129 0.950169 0.88058 0.00112915
14 0.168207 0.540179 0.287816 0.147321 0.00110722
24 0.677016 0.616211 0.472571 0.169364 0.00107288
34 0.461678 0.158726 0.155848 0.140695 0.00104809
35 0.166112 0.539621 0.276923 0.146205 0.883301
0 0.532061 0.518973 0.899895 0.883929 0.86377
35 0.366159 0.893973 0.227906 0.0647322 0.12854
35 0.159618 0.504743 0.263936 0.077567 0.0974121
16 0.167578 0.540179 0.289073 0.146205 0.0265503
26 0.362388 0.893973 0.233772 0.0647322 0.018692
35 0.209578 0.538504 0.232724 0.147321 0.0111618
0 0.403445 0.436105 0.718073 0.688058 0.0077858
27 0.169673 0.540179 0.289073 0.147321 0.00757599
24 0.371186 0.895089 0.23461 0.0669643 0.00624084
32 0.249273 0.488839 0.0787618 0.0334821 0.00526047
46 0.167159 0.539621 0.287397 0.146205 0.00460815
26 0.168207 0.540179 0.288654 0.147321 0.00416565
34 0.160247 0.50558 0.274409 0.0803571 0.00403976
0 0.418527 0.653878 0.78678 0.582868 0.00344276
32 0.132387 0.477121 0.0134063 0.0100446 0.00337601
24 0.168207 0.540179 0.288654 0.147321 0.00317192
32 0.226231 0.489397 0.0276504 0.0256696 0.00313568
35 0.25053 0.48856 0.0787618 0.0334821 0.00313568
38 0.367834 0.893973 0.231258 0.0625 0.00298119
35 0.219423 0.498884 0.139299 0.0558035 0.00279999
35 0.247178 0.498326 0.0863028 0.0524554 0.00260162
67 0.385849 0.887277 0.180147 0.0546875 0.00257111
77 0.168207 0.540179 0.288654 0.147321 0.00245285
52 0.167159 0.539621 0.287397 0.146205 0.00227928
35 0.353171 0.904018 0.210311 0.0379465 0.00213242
26 0.388782 0.887277 0.177633 0.0535714 0.00195694
32 0.290748 0.55106 0.0636797 0.0284598 0.00186729
0 0.159828 0.539341 0.274409 0.146763 0.00186729
26 0.680158 0.59375 0.385849 0.21875 0.00183868
32 0.336832 0.878348 0.053625 0.0223214 0.0018034
35 0.192296 0.496094 0.171768 0.0608259 0.00174141
29 0.169673 0.540179 0.289073 0.147321 0.00166798
38 0.157733 0.505022 0.269382 0.078125 0.00164223
0 0.60412 0.685128 0.432352 0.377511 0.00148392
32 0.166112 0.539621 0.276923 0.146205 0.0014782
65 0.167159 0.539621 0.287397 0.146205 0.00144386
0 0.592389 0.460658 0.41727 0.380022 0.00143242
0 0.519074 0.739955 0.300803 0.243304 0.00143242
0 0.381241 0.37786 0.685395 0.471959 0.0014267
26 0.674503 0.616629 0.474247 0.168527 0.00138283
24 0.690423 0.589286 0.430676 0.232143 0.00136185
32 0.327616 0.877232 0.0351914 0.015625 0.00135136
32 0.216071 0.498326 0.15103 0.0580357 0.00133038
39 0.167159 0.539621 0.287397 0.146205 0.00127411
54 0.168207 0.540179 0.288654 0.147321 0.00126457
34 0.46084 0.158796 0.154172 0.141671 0.00121593
60 0.510695 0.520647 0.951007 0.88058 0.00113392
24 0.674503 0.616629 0.474247 0.168527 0.00109863
32 0.365321 0.893973 0.224555 0.0625 0.00107765
0 0.160875 0.50558 0.271477 0.0792411 0.00106907
26 0.372024 0.914062 0.249692 0.03125 0.00105667
35 0.32175 0.905134 0.140766 0.0334822 0.00102806
14 0.168207 0.540179 0.288654 0.147321 0.00102425
32 0.192296 0.496094 0.171768 0.0608259 0.00102043
35 0.166112 0.539621 0.279437 0.147321 0.885742
0 0.529966 0.51981 0.907436 0.884487 0.844238
35 0.159618 0.505022 0.264774 0.0770089 0.0656128
35 0.366159 0.894531 0.227906 0.0647322 0.0600891
16 0.167578 0.540179 0.28991 0.146205 0.0227203
27 0.170092 0.540179 0.28991 0.148438 0.00679779
26 0.363226 0.893973 0.236285 0.0669642 0.00626373
0 0.383335 0.427455 0.681206 0.668527 0.00614548
32 0.249273 0.488839 0.0787618 0.0334821 0.00496292
46 0.167159 0.539621 0.288235 0.146205 0.00426483
35 0.209054 0.541016 0.223717 0.148996 0.00400543
26 0.167997 0.540737 0.289073 0.147321 0.0039444
24 0.167997 0.540737 0.289073 0.147321 0.0029583
32 0.226231 0.489676 0.0268125 0.0251116 0.0027256
34 0.160875 0.50558 0.275666 0.0803571 0.0026722
32 0.132806 0.477121 0.0134063 0.0100446 0.00254059
24 0.371186 0.895647 0.23461 0.0680804 0.00251198
0 0.42303 0.680804 0.777773 0.542411 0.00246239
38 0.368253 0.894531 0.232096 0.0625 0.00226021
52 0.167159 0.539621 0.288235 0.146205 0.00211525
77 0.167997 0.540737 0.289073 0.147321 0.00198746
0 0.370767 0.376116 0.662772 0.455357 0.00190449
29 0.170092 0.540179 0.28991 0.148438 0.00181007
35 0.219109 0.498884 0.139928 0.0558035 0.00168133
35 0.25053 0.48856 0.0787618 0.0334821 0.00165462
32 0.166112 0.539621 0.279437 0.147321 0.00164223
0 0.605377 0.684012 0.414756 0.370815 0.00154305
0 0.5882 0.462054 0.447434 0.381696 0.0015192
67 0.385011 0.887277 0.181822 0.0546875 0.00151253
34 0.460002 0.159075 0.152496 0.142229 0.00148392
35 0.246759 0.498326 0.0863028 0.0524554 0.0014782
54 0.167997 0.540737 0.289073 0.147321 0.00144386
0 0.159828 0.539341 0.275247 0.146763 0.0014267
60 0.53248 0.553292 0.905761 0.885603 0.00135612
26 0.678692 0.59375 0.38543 0.219866 0.00134563
32 0.336832 0.878348 0.053625 0.0223214 0.00134087
38 0.157943 0.505022 0.270639 0.078125 0.00130939
24 0.689585 0.590262 0.420621 0.23019 0.00130939
65 0.167159 0.539621 0.288235 0.146205 0.00129986
32 0.290748 0.55106 0.0636797 0.0295759 0.00127888
35 0.358199 0.90346 0.221203 0.0379465 0.00125504
32 0.327616 0.877232 0.0351914 0.015625 0.00116539
34 0.459583 0.132254 0.149145 0.0887277 0.0011034
0 0.599511 0.451451 0.227069 0.367188 0.00109482
0 0.520331 0.739955 0.301641 0.238839 0.00106525
35 0.325521 0.902902 0.170092 0.0401786 0.00105667
34 0.365321 0.895089 0.226231 0.0625 0.00101662
32 0.215757 0.498326 0.151658 0.0580357 0.00101185
39 0.167159 0.539621 0.288235 0.146205 0.00101185
35 0.166112 0.540179 0.280275 0.147321 0.880859
0 0.530385 0.520647 0.908274 0.883929 0.82373
35 0.159618 0.505022 0.264774 0.0770089 0.0499573
35 0.366996 0.895089 0.229582 0.0647321 0.033844
16 0.167578 0.540458 0.28991 0.146763 0.0123367
0 0.360712 0.412388 0.63596 0.635045 0.0101318
27 0.169673 0.540458 0.28991 0.147879 0.00769424
32 0.249692 0.488839 0.0787618 0.0334821 0.00605011
46 0.16695 0.539621 0.288654 0.146205 0.00446701
26 0.167788 0.540737 0.289492 0.147321 0.00418091
26 0.371186 0.895647 0.236285 0.0680804 0.00385475
0 0.414337 0.683036 0.759968 0.542411 0.00342941
32 0.226231 0.489676 0.0276504 0.0251116 0.00302696
32 0.132806 0.477121 0.0134063 0.0100446 0.00257111
34 0.161085 0.50558 0.276085 0.0803571 0.00254059
24 0.167788 0.540737 0.289492 0.147321 0.00253105
77 0.167788 0.540737 0.289492 0.147321 0.00237846
0 0.356942 0.373884 0.633446 0.440848 0.00224304
52 0.16695 0.539621 0.288654 0.146205 0.00214005
34 0.460421 0.158622 0.151658 0.140346 0.00190449
38 0.368672 0.895089 0.232096 0.0625 0.00187492
29 0.169673 0.540458 0.28991 0.147879 0.00181007
0 0 0.994978 0 0.0100447 0.00168705
35 0.219423 0.498884 0.139299 0.0552455 0.00167465
0 0.599092 0.456752 0.226231 0.381138 0.00167465
35 0.25053 0.488839 0.0787618 0.0334821 0.00164223
24 0.371186 0.895647 0.236285 0.0680804 0.00163555
35 0.247073 0.498047 0.0856744 0.0518973 0.00161648
0 0.587781 0.46317 0.439893 0.383929 0.00159168
32 0.166112 0.540179 0.280275 0.147321 0.00151253
0 0.605377 0.683594 0.392971 0.366071 0.00150681
54 0.167788 0.540737 0.289492 0.147321 0.00149536
34 0.459164 0.132254 0.149145 0.0884487 0.00140476
67 0.384592 0.887277 0.18266 0.0546875 0.00136662
65 0.16695 0.539621 0.288654 0.146205 0.00135612
0 0.159618 0.539621 0.276504 0.147321 0.0012846
60 0.532899 0.553571 0.906599 0.886161 0.00127888
32 0.86638 0.181083 0.0201094 0.015067 0.00123978
35 0.358618 0.90346 0.221203 0.0379465 0.00123024
24 0.686233 0.59096 0.407215 0.228795 0.0012207
38 0.159618 0.505022 0.264774 0.0770089 0.00120163
32 0.290748 0.55106 0.0636797 0.0295759 0.00118828
32 0.336832 0.878348 0.053625 0.0223214 0.00117874
38 0.591551 0.438895 0.549657 0.339844 0.00114727
32 0.327616 0.87779 0.0351914 0.015625 0.0011034
34 0.365321 0.895089 0.226231 0.0625 0.00109005
39 0.16695 0.539621 0.288654 0.146205 0.00109005
32 0.215757 0.498326 0.151658 0.0580357 0.00106049
35 0.325521 0.902902 0.169254 0.0401786 0.00103664
35 0.166531 0.540179 0.280275 0.147321 0.879883
0 0.530804 0.521205 0.909112 0.883929 0.814453
35 0.157943 0.50558 0.270639 0.078125 0.0333252
35 0.371186 0.896205 0.236285 0.0691965 0.0252686
16 0.167788 0.540179 0.290329 0.146205 0.0145035
0 0.350239 0.385882 0.609985 0.580915 0.0133286
27 0.169673 0.540458 0.28991 0.147879 0.00658798
32 0.249692 0.488839 0.0787618 0.0334821 0.0064888
35 0.370348 0.904018 0.232934 0.0491071 0.0064888
46 0.167369 0.539621 0.289492 0.146205 0.00502014
26 0.167997 0.540737 0.28991 0.147321 0.00390053
32 0.226231 0.489955 0.0268125 0.0245536 0.00332451
26 0.371186 0.896205 0.236285 0.0691965 0.00321007
0 0.417165 0.684012 0.764366 0.544922 0.00314713
34 0.460002 0.15625 0.15082 0.136161 0.00277901
24 0.167997 0.540737 0.28991 0.147321 0.00263214
32 0.132806 0.477121 0.0134063 0.0106027 0.00231361
34 0.161294 0.50558 0.275666 0.0792411 0.00226974
52 0.167369 0.539621 0.289492 0.146205 0.00223351
34 0.459164 0.131941 0.149145 0.0882394 0.00214005
29 0.169673 0.540458 0.28991 0.147879 0.00212479
77 0.167997 0.540737 0.28991 0.147321 0.00208282
38 0.368672 0.895089 0.232934 0.0625 0.00194168
54 0.167997 0.540737 0.28991 0.147321 0.00189686
32 0.166531 0.540179 0.280275 0.147321 0.0018034
67 0.384592 0.887277 0.18266 0.0546875 0.00161076
0 0.598255 0.454729 0.227906 0.374023 0.00160408
35 0.219423 0.498884 0.139299 0.0546875 0.00158501
35 0.247178 0.498047 0.0863028 0.0518973 0.00152493
38 0.586524 0.438616 0.571442 0.332589 0.00144958
35 0.25053 0.488839 0.0787618 0.0334821 0.00143814
0 0.585686 0.464286 0.469219 0.379464 0.00137234
35 0.174072 0.496652 0.237542 0.0636161 0.00137234
24 0.688747 0.591518 0.403864 0.228795 0.00136662
0 0.609985 0.683175 0.388782 0.359096 0.00136662
35 0.357361 0.904018 0.217852 0.0379465 0.00129414
65 0.167369 0.539621 0.289492 0.146205 0.00124454
38 0.157943 0.50558 0.270639 0.078125 0.00123024
0 0.159618 0.539621 0.276504 0.146205 0.00122547
32 0.86638 0.181083 0.0201094 0.0145089 0.0012207
24 0.371186 0.896205 0.236285 0.0691965 0.00119686
32 0.336832 0.878348 0.0527872 0.0223214 0.00118351
60 0.532899 0.553571 0.908274 0.886161 0.00116539
24 0.670104 0.618862 0.47299 0.165179 0.00115108
34 0.365321 0.895089 0.226231 0.0636161 0.00115108
32 0.327616 0.87779 0.0351914 0.015625 0.00114727
32 0.291167 0.551339 0.0628419 0.0290178 0.00112438
35 0.324264 0.902902 0.165902 0.0401786 0.00106907
60 1 0.909598 0 0.180804 0.00105667
26 0.384592 0.887277 0.18266 0.0546875 0.00101662
34 0.490585 0.162354 0.211987 0.149623 0.00101662
32 0.216281 0.498326 0.150611 0.0574777 0.00100422
35 0.166531 0.540179 0.280275 0.147321 0.876465
0 0.532061 0.521484 0.906598 0.883371 0.806152
35 0.157943 0.50558 0.270639 0.078125 0.0311432
35 0.371605 0.895647 0.236285 0.0680804 0.0210419
16 0.165484 0.540737 0.285721 0.146205 0.0191193
0 0.34563 0.368583 0.595741 0.542969 0.0126266
32 0.249692 0.488839 0.0787618 0.0334821 0.00803375
27 0.169254 0.540179 0.28991 0.147321 0.00629044
35 0.370348 0.905134 0.232934 0.046875 0.00614548
46 0.167369 0.539621 0.289492 0.146205 0.00488663
32 0.226231 0.489955 0.0276504 0.0245536 0.00391388
26 0.167997 0.540737 0.28991 0.147321 0.00374985
34 0.460002 0.156285 0.15082 0.136091 0.00323486
0 0.418841 0.684012 0.767718 0.54269 0.00312424
32 0.132806 0.477121 0.0134063 0.0106027 0.00268364
24 0.167997 0.540737 0.28991 0.147321 0.00268364
34 0.459164 0.131836 0.149145 0.0881696 0.00248146
29 0.169254 0.540179 0.28991 0.147321 0.002388
34 0.161085 0.50558 0.275247 0.0792411 0.00237846
0 0.598255 0.456752 0.227906 0.380022 0.00233269
26 0.371605 0.895647 0.236285 0.0680804 0.00229645
32 0.166531 0.540179 0.280275 0.147321 0.00228691
0 0.376213 0.451451 0.668637 0.709821 0.00211525
52 0.167369 0.539621 0.289492 0.146205 0.0020752
54 0.167997 0.540737 0.28991 0.147321 0.0020752
77 0.167997 0.540737 0.28991 0.147321 0.00199509
38 0.580659 0.438616 0.583172 0.331473 0.0019722
38 0.36951 0.897879 0.232934 0.0647322 0.00194931
60 0.517817 0.519252 0.940114 0.883371 0.00188255
35 0.247073 0.497768 0.0856744 0.0513393 0.00179577
35 0.219528 0.498884 0.13909 0.0546875 0.00176144
67 0.384592 0.887277 0.18266 0.0546875 0.00173378
60 1 0.907366 0 0.185268 0.00166798
35 0.25053 0.488839 0.0787618 0.0334821 0.00161648
32 0.86638 0.181222 0.0201094 0.0147879 0.00141621
35 0.1747 0.496373 0.236285 0.063058 0.00139427
0 0.583172 0.464565 0.472571 0.380022 0.00138283
38 0.157943 0.50558 0.270639 0.078125 0.00135612
0 0.159618 0.539621 0.275666 0.146205 0.00135612
34 0.365321 0.895089 0.226231 0.0636161 0.00133514
24 0.689585 0.591518 0.397161 0.227679 0.00131512
35 0.323426 0.90346 0.164227 0.0390625 0.00128937
0 0.611661 0.683036 0.378727 0.354911 0.00124454
32 0.336832 0.878348 0.0527872 0.0223214 0.00123978
34 0.491842 0.162354 0.2145 0.149623 0.00123024
32 0.327616 0.87779 0.0351914 0.015625 0.0012207
26 0.384592 0.887277 0.18266 0.0546875 0.00119686
65 0.167369 0.539621 0.289492 0.146205 0.00119686
32 0.291167 0.551339 0.0628419 0.0290178 0.00118828
24 0.670313 0.61942 0.469219 0.162946 0.00114727
32 0.215757 0.498326 0.149983 0.0574777 0.0011425
38 0.537926 0.438058 0.333481 0.295759 0.0011425
35 0.16674 0.540179 0.279856 0.146205 0.875
0 0.533318 0.522321 0.904085 0.881696 0.806152
35 0.157943 0.50558 0.270639 0.078125 0.0309143
16 0.165484 0.540737 0.286559 0.146205 0.0191956
35 0.371605 0.895647 0.236285 0.0680804 0.0162201
0 0.34186 0.360421 0.586524 0.523577 0.0132751
32 0.249692 0.488839 0.0787618 0.0334821 0.00971222
27 0.169254 0.540737 0.28991 0.147321 0.00666809
35 0.369929 0.905692 0.232096 0.0457589 0.0050621
46 0.167578 0.539621 0.28991 0.146205 0.0046463
32 0.226231 0.489955 0.0284883 0.0251116 0.00443268
26 0.167997 0.540737 0.28991 0.147321 0.00379562
34 0.460421 0.156006 0.151658 0.135533 0.00340271
0 0.4113 0.684152 0.752636 0.535714 0.00331116
32 0.132806 0.477121 0.0134063 0.0106027 0.00322342
0 0.599092 0.458147 0.222879 0.382812 0.00288963
32 0.16674 0.540179 0.279856 0.146205 0.0026722
34 0.160875 0.50558 0.274828 0.0792411 0.00265312
34 0.459164 0.131836 0.149145 0.0878906 0.00261116
24 0.167997 0.540737 0.28991 0.147321 0.00255013
29 0.169254 0.540737 0.28991 0.147321 0.00234222
26 0.364483 0.893973 0.236285 0.0669642 0.00232315
35 0.247073 0.497768 0.0856744 0.0513393 0.00231361
77 0.167997 0.540737 0.28991 0.147321 0.00228691
35 0.219528 0.498884 0.13909 0.0546875 0.00211525
35 0.250948 0.48856 0.0787618 0.0334821 0.00206757
38 0.582335 0.439453 0.566415 0.333147 0.00203514
67 0.385011 0.887277 0.181822 0.0546875 0.00199509
0 0.164227 0.540737 0.28991 0.148438 0.00194168
38 0.368672 0.895647 0.232096 0.0602679 0.00191879
52 0.167578 0.539621 0.28991 0.146205 0.00189686
54 0.167997 0.540737 0.28991 0.147321 0.00187492
32 0.86638 0.181222 0.0201094 0.0147879 0.00185299
60 1 0.907366 0 0.185268 0.00176811
35 0.352752 0.904018 0.207797 0.0368304 0.0017004
35 0.175538 0.496373 0.23461 0.063058 0.00168133
26 0.385011 0.887277 0.181822 0.0546875 0.00162315
32 0.291586 0.551339 0.0636797 0.0290178 0.00144386
0 0.587362 0.464844 0.452461 0.379464 0.00143814
32 0.215757 0.498326 0.149983 0.0574777 0.00141621
60 0.518236 0.519531 0.9376 0.882812 0.00138855
38 0.157943 0.50558 0.270639 0.078125 0.00136662
34 0.365321 0.895089 0.226231 0.0625 0.00136662
34 0.49268 0.162423 0.216176 0.149484 0.00134563
38 0.369929 0.905692 0.232096 0.0457589 0.00133514
35 0.323007 0.90346 0.162551 0.0390625 0.00133038
24 0.688956 0.591378 0.391714 0.227958 0.00129414
65 0.167578 0.539621 0.28991 0.146205 0.00129414
32 0.336832 0.878348 0.053625 0.0223214 0.00127411
32 0.327616 0.87779 0.0351914 0.015625 0.00123978
38 0.547143 0.438616 0.308344 0.296875 0.00119686
24 0.670523 0.619559 0.465449 0.162667 0.00115108
0 0.61208 0.683036 0.371186 0.351562 0.00112915
0 0.271477 0.802455 0.509438 0.234375 0.00102806
35 0.16674 0.540179 0.279856 0.146205 0.873047
0 0.532899 0.524554 0.904923 0.877232 0.803223
35 0.160037 0.504743 0.263936 0.0764509 0.044342
16 0.165484 0.540737 0.286559 0.146205 0.0184784
0 0.339765 0.351493 0.580659 0.504604 0.0160217
35 0.366996 0.893973 0.229582 0.0647322 0.0145035
32 0.249692 0.488839 0.0787618 0.0334821 0.0115509
27 0.169254 0.540737 0.28991 0.147321 0.00714874
32 0.22665 0.489955 0.0284883 0.0256696 0.00524139
46 0.167578 0.539621 0.28991 0.146205 0.00471878
35 0.369929 0.905692 0.232096 0.0446428 0.00466537
34 0.460002 0.154611 0.15082 0.132743 0.0041008
26 0.167788 0.541016 0.290329 0.147879 0.00408554
32 0.132806 0.477121 0.0134063 0.0106027 0.00379562
0 0.412976 0.684152 0.755988 0.529018 0.00346947
34 0.459164 0.131696 0.149145 0.0878906 0.00314713
34 0.160875 0.50558 0.274828 0.0797991 0.00307465
32 0.16674 0.540179 0.279856 0.146205 0.00294685
0 0.164017 0.540737 0.289491 0.148438 0.00292397
35 0.247178 0.497768 0.0863028 0.0513393 0.00282288
0 0.597417 0.456543 0.219528 0.378209 0.00273705
77 0.167788 0.541016 0.290329 0.147879 0.00271416
35 0.251367 0.489397 0.077086 0.0334821 0.0026207
24 0.167788 0.541016 0.290329 0.147879 0.00247192
35 0.219528 0.498884 0.13909 0.0546875 0.00243378
29 0.169254 0.540737 0.28991 0.147321 0.0024147
26 0.364902 0.893973 0.235447 0.0669642 0.00232315
67 0.385011 0.887277 0.180985 0.0535714 0.00215721
32 0.86638 0.181083 0.0201094 0.0145089 0.00209999
60 1 0.907366 0 0.185268 0.00209999
35 0.176376 0.496373 0.232096 0.063058 0.00206757
26 0.385011 0.887277 0.180985 0.0535714 0.00198746
35 0.350239 0.904018 0.20277 0.0368304 0.00198746
38 0.58401 0.438058 0.546305 0.331473 0.00182438
38 0.368672 0.895089 0.231258 0.0602679 0.00181007
52 0.167578 0.539621 0.28991 0.146205 0.00174141
32 0.215757 0.498326 0.149983 0.0574777 0.00173378
34 0.49268 0.162144 0.216176 0.148926 0.00167465
54 0.167788 0.541016 0.290329 0.147879 0.00166798
32 0.291586 0.551339 0.0636797 0.0290178 0.00161648
34 0.36574 0.893973 0.225393 0.0625 0.00153637
38 0.160037 0.504743 0.263936 0.0764509 0.00148392
65 0.167578 0.539621 0.28991 0.146205 0.00143814
60 0.517817 0.551897 0.935087 0.881696 0.00143814
32 0.336832 0.878348 0.053625 0.0223214 0.00143242
0 0.587362 0.464286 0.434028 0.378348 0.00141621
24 0.687909 0.591657 0.392133 0.229632 0.00136662
32 0.327616 0.87779 0.0351914 0.015625 0.00134087
38 0.369929 0.905692 0.232096 0.0446428 0.00127888
24 0.670313 0.620536 0.46084 0.159598 0.00127411
35 0.0892354 0.516741 0.110602 0.0558036 0.00113773
36 0.374537 0.879464 0.241313 0.104911 0.00109005
39 0.167578 0.539621 0.28991 0.146205 0.00108624
32 0.191458 0.496373 0.171768 0.0602679 0.00108147
0 0.443664 0.503348 0.387944 0.169643 0.00106525
0 0.470895 0.160993 0.172606 0.148438 0.00104809
38 0.553846 0.4375 0.28991 0.294643 0.00103664
0 0.412662 0.699916 0.585686 0.468471 0.00103664
0 0.610404 0.683036 0.367834 0.34933 0.00102425
0 0.271896 0.802455 0.505249 0.235491 0.00100803
35 0.167159 0.540179 0.279856 0.146205 0.875977
0 0.53248 0.526228 0.905761 0.871652 0.795898
35 0.159828 0.504743 0.264355 0.0764509 0.0526123
16 0.165693 0.540737 0.286978 0.146205 0.0230713
0 0.338927 0.348145 0.578983 0.496791 0.0202179
35 0.366996 0.893973 0.229582 0.0647322 0.0139008
32 0.249692 0.488839 0.0787618 0.0334821 0.0122375
27 0.169254 0.540737 0.290748 0.147321 0.00653839
32 0.22665 0.489955 0.0284883 0.0256696 0.00566483
46 0.167788 0.539621 0.290329 0.146205 0.00496292
34 0.460002 0.152588 0.15082 0.128976 0.00482941
0 0.440731 0.660714 0.822809 0.573661 0.00432968
35 0.369929 0.90625 0.232096 0.0446428 0.0042305
26 0.167997 0.541016 0.290748 0.147879 0.00399017
32 0.132806 0.477121 0.0134063 0.0106027 0.00397491
34 0.459164 0.131662 0.149145 0.0876814 0.00369263
32 0.167159 0.540179 0.279856 0.146205 0.00331116
0 0.164227 0.540737 0.28991 0.148438 0.00321007
35 0.246759 0.497768 0.0871407 0.0513393 0.00319672
34 0.160875 0.50558 0.274828 0.0797991 0.00319672
35 0.251367 0.489397 0.077086 0.0329241 0.00290108
77 0.167997 0.541016 0.290748 0.147879 0.00288963
35 0.219528 0.498884 0.13909 0.0546875 0.00273705
0 0.594903 0.454241 0.221203 0.371652 0.00257111
24 0.167997 0.541016 0.290748 0.147879 0.00257111
60 1 0.90625 0 0.1875 0.00257111
29 0.169254 0.540737 0.290748 0.147321 0.00254059
35 0.176795 0.496652 0.231258 0.0636161 0.00239754
26 0.388782 0.887277 0.177633 0.0535714 0.00236893
26 0.364483 0.893973 0.23461 0.0669642 0.00226021
67 0.38543 0.887277 0.180985 0.0535714 0.00216484
35 0.348563 0.904018 0.19858 0.0357143 0.00214958
32 0.86638 0.181083 0.0201094 0.0145089 0.00214005
34 0.492261 0.162075 0.215338 0.148507 0.00201035
38 0.368672 0.895089 0.231258 0.0602679 0.00179577
52 0.167788 0.539621 0.290329 0.146205 0.00179577
38 0.579821 0.43471 0.55636 0.320312 0.00178909
32 0.216176 0.498326 0.149145 0.0574777 0.00177479
54 0.167997 0.541016 0.290748 0.147879 0.00172043
38 0.159828 0.504743 0.264355 0.0764509 0.00171375
34 0.36574 0.893973 0.225393 0.0625 0.0016613
32 0.291586 0.551339 0.0636797 0.0290178 0.00158501
32 0.336832 0.878348 0.053625 0.0223214 0.00146675
26 0.371186 0.904018 0.241313 0.0502232 0.00144386
65 0.167788 0.539621 0.290329 0.146205 0.00144386
24 0.688956 0.591518 0.391714 0.229911 0.00142097
24 0.671151 0.621791 0.457489 0.158203 0.00140476
36 0.374537 0.88058 0.241313 0.101562 0.00138855
32 0.327616 0.87779 0.0351914 0.015625 0.00137806
0 0.579821 0.463449 0.462516 0.373326 0.00131512
38 0.369929 0.90625 0.232096 0.0446428 0.00127888
0 0.470895 0.160854 0.17093 0.148437 0.00121593
35 0.0894449 0.516741 0.11144 0.0558036 0.00121117
0 0.443664 0.503069 0.387944 0.170201 0.00119209
0 0.412243 0.699219 0.581497 0.467634 0.00118351
32 0.191039 0.496373 0.172606 0.0602679 0.00112057
35 0.19858 0.498884 0.136576 0.0591518 0.00109005
38 0.573956 0.378348 0.402188 0.217634 0.00108147
39 0.167788 0.539621 0.290329 0.146205 0.00106525
60 0.517398 0.551897 0.934249 0.88058 0.00104809
35 0.167578 0.540179 0.279856 0.146205 0.878906
0 0.511952 0.554129 0.940114 0.88058 0.800293
35 0.159828 0.504743 0.264355 0.0764509 0.0566406
16 0.166321 0.540458 0.287397 0.146763 0.0249939
0 0.339346 0.347726 0.576469 0.49428 0.0194244
35 0.366996 0.893973 0.229582 0.0647322 0.014061
32 0.249692 0.488839 0.0787618 0.0334821 0.0116425
27 0.169882 0.540737 0.291167 0.147321 0.0064621
32 0.227069 0.489955 0.0284883 0.0256696 0.00547028
0 0.44115 0.66197 0.821971 0.566685 0.00534439
46 0.168207 0.539621 0.291167 0.146205 0.00519943
34 0.460421 0.151925 0.151658 0.127511 0.0049057
26 0.168416 0.541016 0.291586 0.147879 0.00421524
35 0.369929 0.90625 0.232096 0.0435268 0.00413513
32 0.132806 0.477121 0.0134063 0.0106027 0.00408554
34 0.459164 0.131662 0.149145 0.0876814 0.00380898
35 0.246235 0.497768 0.0873502 0.0513393 0.0037365
35 0.251367 0.489397 0.077086 0.0329241 0.00349617
34 0.160875 0.50558 0.27399 0.0797991 0.00345612
0 0.164646 0.540737 0.290748 0.148438 0.00341606
32 0.167578 0.540179 0.279856 0.146205 0.00316048
35 0.219528 0.498884 0.13909 0.0546875 0.00313568
26 0.388782 0.887277 0.177633 0.0535714 0.0030632
77 0.168416 0.541016 0.291586 0.147879 0.00283432
0 0.594484 0.453125 0.222041 0.36942 0.00279045
35 0.177214 0.496652 0.229582 0.0636161 0.00276756
35 0.206959 0.53683 0.237961 0.138393 0.00266266
26 0.364483 0.893973 0.23461 0.0669642 0.0026207
29 0.169882 0.540737 0.291167 0.147321 0.00259018
24 0.168416 0.541016 0.291586 0.147879 0.00259018
60 1 0.905692 0 0.188616 0.00258064
67 0.38543 0.887277 0.180147 0.0535714 0.00245285
35 0.345211 0.904018 0.191039 0.0357143 0.00236893
34 0.493099 0.16197 0.217014 0.148438 0.0020504
32 0.86638 0.181083 0.0201094 0.0145089 0.00197983
52 0.168207 0.539621 0.291167 0.146205 0.00182438
32 0.216176 0.498326 0.149145 0.0574777 0.00174809
38 0.368672 0.895089 0.231258 0.0591518 0.00172043
32 0.291586 0.550781 0.0636797 0.0290179 0.00168705
34 0.36574 0.893973 0.225393 0.0625 0.0016613
38 0.579402 0.433036 0.558874 0.316964 0.0016489
54 0.168416 0.541016 0.291586 0.147879 0.0016489
38 0.159828 0.504743 0.264355 0.0764509 0.00160408
65 0.168207 0.539621 0.291167 0.146205 0.00155449
36 0.374537 0.88058 0.241313 0.100446 0.00152493
24 0.671989 0.621652 0.455813 0.15625 0.00150681
26 0.371186 0.906808 0.241313 0.0457589 0.00148964
32 0.336832 0.878348 0.053625 0.0223214 0.00144958
24 0.688956 0.591518 0.391714 0.229911 0.00141048
0 0.409729 0.699219 0.586524 0.466518 0.00138283
35 0.0896544 0.516741 0.11144 0.0558036 0.00135612
32 0.327616 0.87779 0.0351914 0.015625 0.00135136
35 0.197742 0.498884 0.138252 0.0591518 0.00130939
0 0.470895 0.160749 0.172606 0.148368 0.00130463
0 0.578564 0.462612 0.46503 0.371652 0.00128937
38 0.369929 0.90625 0.232096 0.0435268 0.00121593
0 0.444082 0.502511 0.388782 0.171317 0.0011692
32 0.191249 0.496373 0.172187 0.0602679 0.0011425
38 0.573956 0.378348 0.400512 0.217634 0.00106049
39 0.168207 0.539621 0.291167 0.146205 0.00105667
35 0.167578 0.540179 0.279856 0.146205 0.879883
0 0.511952 0.554129 0.938438 0.88058 0.800781
35 0.159828 0.504743 0.264355 0.0764509 0.0570679
16 0.166321 0.540458 0.287397 0.146763 0.0258636
0 0.339451 0.347656 0.57626 0.49442 0.0195312
35 0.366996 0.893973 0.229582 0.0647322 0.0145035
32 0.249692 0.488839 0.0787618 0.0334821 0.0115509
27 0.169673 0.540737 0.291586 0.147321 0.00634003
32 0.227069 0.489955 0.0284883 0.0256696 0.00544739
46 0.168207 0.539621 0.291167 0.146205 0.00524139
0 0.440731 0.662388 0.821134 0.566964 0.00524139
34 0.460421 0.151786 0.151658 0.126953 0.00498199
26 0.168416 0.540737 0.291586 0.147321 0.00419998
35 0.369929 0.90625 0.232096 0.0435268 0.00411606
32 0.132806 0.477121 0.0134063 0.0106027 0.00407028
34 0.459164 0.131662 0.149145 0.0876814 0.00385475
35 0.246235 0.497768 0.0873502 0.0513393 0.00378036
35 0.251367 0.489397 0.077086 0.0329241 0.00356483
34 0.160666 0.50558 0.274409 0.0797991 0.00348282
0 0.164646 0.540737 0.290748 0.148438 0.00344276
35 0.219528 0.498884 0.13909 0.0546875 0.00318527
26 0.388782 0.886719 0.177633 0.0535714 0.00317192
32 0.167578 0.540179 0.279856 0.146205 0.00311089
35 0.177214 0.496652 0.229582 0.0636161 0.00281143
77 0.168416 0.540737 0.291586 0.147321 0.00279999
26 0.364483 0.893973 0.23461 0.0669642 0.00279045
0 0.594065 0.452846 0.222879 0.367745 0.0026722
35 0.207378 0.53683 0.237123 0.138393 0.0026722
29 0.169673 0.540737 0.291586 0.147321 0.0026207
24 0.168416 0.540737 0.291586 0.147321 0.00261116
60 1 0.905134 0 0.189732 0.00259018
67 0.38543 0.887277 0.180147 0.0535714 0.0024929
35 0.344792 0.904018 0.190201 0.0357143 0.00240517
34 0.493099 0.16197 0.217014 0.148438 0.0020504
32 0.86638 0.181083 0.0201094 0.0145089 0.00199509
52 0.168207 0.539621 0.291167 0.146205 0.00183868
32 0.216176 0.498326 0.149145 0.0574777 0.00173378
38 0.368672 0.895089 0.231258 0.0591518 0.00173378
38 0.578983 0.433036 0.559711 0.315848 0.00171375
32 0.291586 0.550781 0.0636797 0.0290179 0.00168133
34 0.36574 0.893973 0.225393 0.0625 0.00167465
54 0.168416 0.540737 0.291586 0.147321 0.0016613
38 0.159828 0.504743 0.264355 0.0764509 0.00159168
26 0.371186 0.90625 0.241313 0.0457589 0.00157356
65 0.168207 0.539621 0.291167 0.146205 0.00155449
36 0.374537 0.88058 0.241313 0.100446 0.00152493
24 0.671989 0.621652 0.455813 0.15625 0.00149536
32 0.336832 0.878348 0.053625 0.0223214 0.00146103
0 0.409729 0.699219 0.584848 0.466518 0.00141048
24 0.688956 0.591518 0.391714 0.229911 0.00139904
32 0.327616 0.87779 0.0351914 0.015625 0.00136662
35 0.0896544 0.516741 0.11144 0.0558036 0.00136185
35 0.197952 0.498884 0.137833 0.0591518 0.00131512
0 0.470895 0.160854 0.172606 0.148437 0.0012846
0 0.577726 0.462891 0.466706 0.371094 0.00126934
38 0.369929 0.90625 0.232096 0.0435268 0.0012207
0 0.444082 0.502511 0.388782 0.171317 0.00117397
32 0.191249 0.496373 0.172187 0.0602679 0.00115585
38 0.573956 0.378348 0.400512 0.217634 0.00109005
39 0.168207 0.539621 0.291167 0.146205 0.00105667
