20 0.368625 0.358259 0.733623 0.700893 0.577637
20 0.578922 0.605887 0.836355 0.723493 0.537109
20 0.413343 0.588728 0.77109 0.762277 0.197388
16 0.553843 0.597098 0.851462 0.745536 0.157715
20 0.0876239 0.837054 0.175248 0.276786 0.0903931
30 0.112702 0.958705 0.213923 0.0591517 0.0293121
20 0.915518 0.623884 0.163162 0.350446 0.0253754
2 0.862944 0.2387 0.247764 0.0594308 0.0247955
20 0.17555 0.635184 0.339618 0.689453 0.0241394
20 0.242476 0.780134 0.47045 0.40625 0.0227203
15 0.553843 0.597098 0.851462 0.745536 0.0208893
30 0.290367 0.959821 0.57167 0.0625 0.0204926
20 0.249728 0.839844 0.496435 0.294643 0.0158386
0 0.979816 0.619978 0.0403674 0.315848 0.0157166
30 0.151378 0.959821 0.296713 0.0625 0.0151901
20 0.172831 0.77567 0.317863 0.381696 0.014389
19 0.578922 0.605887 0.836355 0.723493 0.0128708
0 0.0301018 0.921875 0.0595994 0.0892858 0.012291
17 0.432379 0.56529 0.841794 0.802455 0.0110321
20 0.296788 0.653878 0.569102 0.652065 0.0104523
0 0.0388359 0.925781 0.0499872 0.0848214 0.0100555
0 0.582548 0.612165 0.826686 0.726562 0.00971222
20 0.830312 0.551618 0.331158 0.563058 0.00959778
0 0.0081392 0.819754 0.0162029 0.131696 0.00952148
20 0.346265 0.207031 0.649021 0.396205 0.00923157
20 0.371042 0.764648 0.66715 0.432757 0.00923157
20 0.347474 0.77567 0.427846 0.415179 0.00905609
20 0.170111 0.839844 0.340222 0.283482 0.00857544
20 0.80614 0.619559 0.377085 0.70731 0.0085144
20 0.979212 0.606585 0.041576 0.291295 0.00787354
16 0.377991 0.395368 0.747522 0.767299 0.00703812
21 0.578922 0.605887 0.836355 0.723493 0.00701141
17 0.553843 0.597098 0.851462 0.745536 0.00701141
31 0.112778 0.957589 0.217398 0.0535714 0.0064888
16 0.427544 0.515625 0.82729 0.794643 0.00551224
2 0.708243 0.269531 0.14745 0.0357143 0.00538635
0 0.0324057 0.933594 0.0602792 0.0714286 0.0049057
0 0.377991 0.395368 0.747522 0.767299 0.00471878
20 0.115724 0.63058 0.231448 0.69308 0.00426483
62 0.872613 0.446708 0.25139 0.474888 0.00419998
2 0.858714 0.268694 0.241721 0.117188 0.00411606
20 0.425429 0.182757 0.490694 0.342076 0.0039444
0 0.423012 0.588728 0.818226 0.762277 0.00369263
20 0.616238 0.168806 0.723048 0.30971 0.00366402
20 0.0929115 0.430804 0.185521 0.545759 0.00345612
5 0.856901 0.239955 0.239304 0.0597098 0.00337601
62 0.871404 0.336426 0.256224 0.25572 0.00335121
20 0.582548 0.349609 0.804931 0.674665 0.00329781
4 0.862944 0.2387 0.247764 0.0594308 0.00328636
59 0.553843 0.597098 0.851462 0.745536 0.00327301
30 0.110814 0.97433 0.220722 0.0379464 0.00312424
2 0.867174 0.337333 0.262267 0.258371 0.00312424
18 0.578922 0.605887 0.836355 0.723493 0.0030632
17 0.377991 0.395368 0.747522 0.767299 0.00305176
17 0.580131 0.358817 0.8146 0.704241 0.00293541
14 0.553843 0.597098 0.851462 0.745536 0.00279045
20 0.16709 0.477121 0.332366 0.49442 0.00266266
0 0.0426789 0.914621 0.0400351 0.0602678 0.00264168
57 0.377991 0.395368 0.747522 0.767299 0.00257111
0 0.488277 0.853795 0.149867 0.239955 0.00253105
20 0.0842247 0.66183 0.167543 0.633929 0.00252151
7 0.856901 0.239955 0.239304 0.0597098 0.00251198
25 0.856901 0.239955 0.239304 0.0597098 0.0024929
37 0.362582 0.960938 0.715494 0.0647322 0.00248146
59 0.377991 0.395368 0.747522 0.767299 0.00245285
19 0.580131 0.358817 0.8146 0.704241 0.00240517
20 0.491902 0.858259 0.141407 0.25 0.00235939
19 0.432379 0.56529 0.841794 0.802455 0.00234222
20 0.408206 0.762137 0.288252 0.442243 0.00230598
0 0.0299885 0.887277 0.059977 0.160714 0.00227928
13 0.867174 0.338449 0.25985 0.258371 0.00224304
0 0.0154853 0.845982 0.0309705 0.165179 0.00218201
20 0.456853 0.829241 0.704617 0.316964 0.00218201
16 0.580131 0.358817 0.8146 0.704241 0.00214958
20 0.876239 0.573661 0.239304 0.517857 0.00209999
0 0.582548 0.349609 0.804931 0.674665 0.00206757
0 0.0182046 0.853795 0.0364092 0.220982 0.00202751
20 0.650834 0.734933 0.671985 0.5 0.00192642
57 0.578922 0.605887 0.836355 0.723493 0.00191879
30 0.152889 0.945312 0.131436 0.0334822 0.00188255
20 0.399973 0.139788 0.505348 0.259487 0.00181007
0 0.101221 0.839286 0.201233 0.279018 0.00178242
2 0.713077 0.274554 0.118443 0.0267857 0.00175476
34 0.862944 0.230748 0.248973 0.047433 0.00168705
13 0.863549 0.234375 0.247764 0.0513393 0.00167465
57 0.979816 0.584263 0.0403674 0.245536 0.00163555
30 0.10681 0.969866 0.169205 0.0279018 0.00159168
23 0.582548 0.612165 0.826686 0.726562 0.00157356
30 0.283116 0.935826 0.562001 0.107143 0.00154305
20 0.491298 0.761021 0.67561 0.451172 0.00150681
20 0.465615 0.168841 0.412739 0.274484 0.00150108
13 0.784234 0.43478 0.425731 0.465262 0.00145531
20 0.259548 0.75558 0.149263 0.375 0.0014267
0 0.979816 0.55692 0.0403674 0.189732 0.00141621
20 0.892555 0.602121 0.209089 0.418527 0.00140476
0 0.0320941 0.852121 0.0631685 0.232143 0.00137806
30 0.162406 0.948661 0.213621 0.0401786 0.00137806
2 0.930022 0.22433 0.107566 0.0376674 0.00136185
20 0.975344 0.632952 0.0483442 0.347935 0.00135612
20 0.951172 0.632255 0.0942712 0.33817 0.00135612
20 0.0642072 0.837054 0.128414 0.261161 0.00135136
20 0.248671 0.479353 0.497341 0.813616 0.00133038
13 0.124033 0.824777 0.248066 0.261161 0.00132465
21 0.377689 0.386998 0.752961 0.750558 0.00129986
0 0.812183 0.262277 0.0338409 0.0239955 0.00129414
2 0.856901 0.226004 0.265893 0.0404576 0.00125504
31 0.151378 0.959821 0.296713 0.0625 0.00121593
30 0.11444 0.941406 0.227369 0.0803572 0.00118351
17 0.0893613 0.837054 0.178723 0.276786 0.00117397
13 0.621827 0.404297 0.71912 0.553013 0.00107288
30 0.121314 0.973214 0.186125 0.0245536 0.00106907
30 0.0325474 0.927455 0.0634707 0.0892858 0.00105667
19 0.377991 0.395368 0.747522 0.767299 0.00104046
20 0.131134 0.540458 0.261663 0.579799 0.00102043
0 0.0149565 0.813616 0.029913 0.162946 0.00101662
20 0.181895 0.404018 0.362582 0.649554 0.00100803
20 0.367416 0.359654 0.732415 0.704799 0.658203
20 0.569857 0.605887 0.854484 0.732422 0.486328
20 0.417875 0.58817 0.769277 0.765625 0.226807
16 0.549311 0.597098 0.861736 0.761161 0.11084
20 0.0868685 0.837054 0.173737 0.279018 0.0516663
30 0.111192 0.959821 0.217851 0.0625 0.033844
15 0.549311 0.597098 0.861736 0.761161 0.0248871
2 0.862944 0.2387 0.246556 0.0605469 0.0238647
20 0.181895 0.631696 0.349891 0.696429 0.0202484
20 0.915518 0.626116 0.163162 0.345982 0.0201721
30 0.27254 0.959821 0.536621 0.0625 0.0186157
20 0.317863 0.77846 0.568044 0.41183 0.0139008
0 0.979816 0.61942 0.0403674 0.314732 0.0115051
20 0.829103 0.554827 0.331158 0.575614 0.011116
0 0.0301774 0.921875 0.0597504 0.0904017 0.0108566
19 0.588591 0.576451 0.780759 0.725447 0.0104065
20 0.979212 0.603655 0.041576 0.283761 0.00959778
20 0.174341 0.776786 0.319072 0.383929 0.00919342
0 0.00808255 0.820312 0.016014 0.129464 0.00894928
17 0.433889 0.566964 0.846024 0.813616 0.0088501
20 0.235376 0.840402 0.46773 0.287946 0.00881195
20 0.288857 0.647321 0.55052 0.667411 0.00841522
20 0.370362 0.197824 0.602037 0.375558 0.00784302
0 0.0390153 0.925223 0.0494773 0.0848214 0.00760651
0 0.582548 0.611049 0.827895 0.731027 0.00748825
21 0.569857 0.605887 0.854484 0.732422 0.00679779
62 0.873822 0.344029 0.248973 0.270089 0.00616837
31 0.112702 0.957589 0.217549 0.0535714 0.00564194
2 0.708243 0.272321 0.125695 0.030692 0.00547028
2 0.867174 0.337612 0.262267 0.260045 0.00544739
2 0.708243 0.269043 0.149867 0.0366909 0.00538635
30 0.112325 0.950335 0.215585 0.0435268 0.00530243
62 0.867779 0.450963 0.261059 0.4887 0.00502014
16 0.366812 0.370536 0.728789 0.725446 0.00500107
0 0.426336 0.58817 0.828499 0.765625 0.00500107
17 0.572879 0.597098 0.8146 0.746652 0.00434875
2 0.857505 0.271763 0.240512 0.123884 0.0042305
30 0.110587 0.973772 0.219966 0.0379464 0.00367928
20 0.612763 0.163644 0.732415 0.299386 0.00359344
59 0.549311 0.597098 0.861736 0.761161 0.00359344
0 0.032368 0.934152 0.0605058 0.0714286 0.00358009
20 0.169507 0.515625 0.335992 0.61942 0.00284576
20 0.117235 0.633929 0.234469 0.685268 0.00271416
20 0.443256 0.152902 0.447788 0.274554 0.00269318
0 0.489183 0.858259 0.146846 0.25 0.00263214
4 0.862944 0.2387 0.246556 0.0605469 0.00260162
20 0.868383 0.567104 0.253807 0.515346 0.00253105
20 0.0941957 0.434152 0.188089 0.542411 0.00247192
30 0.152889 0.944755 0.131436 0.0334822 0.00246239
5 0.856901 0.239955 0.239304 0.0608259 0.00246239
25 0.856901 0.239955 0.239304 0.0608259 0.0024147
57 0.979816 0.582729 0.0403674 0.243025 0.00231361
18 0.568951 0.581473 0.856297 0.720982 0.00231361
20 0.381919 0.776786 0.347474 0.415179 0.00225258
20 0.583756 0.348772 0.803723 0.670759 0.00214958
7 0.856901 0.239955 0.239304 0.0608259 0.00211525
20 0.492204 0.858259 0.142011 0.25 0.00211525
14 0.549311 0.597098 0.861736 0.761161 0.00211525
30 0.106886 0.969866 0.168752 0.0267857 0.00210762
0 0.360769 0.411272 0.716703 0.777902 0.00208282
57 0.569857 0.605887 0.854484 0.732422 0.00199509
0 0.015032 0.84096 0.0300641 0.152902 0.00184631
0 0.0429055 0.914062 0.0392797 0.0591517 0.0018177
16 0.433889 0.532645 0.843606 0.84096 0.00178242
30 0.265138 0.941964 0.525441 0.0959822 0.00178242
20 0.971719 0.621512 0.0531786 0.321708 0.00176811
20 0.959633 0.631696 0.0773508 0.339286 0.00175476
13 0.867174 0.339286 0.25985 0.260603 0.00174141
13 0.862944 0.234654 0.246556 0.0524554 0.0017271
34 0.862944 0.231027 0.247764 0.0485491 0.00168133
20 0.234167 0.48856 0.468335 0.810826 0.00165462
20 0.0853577 0.671736 0.169809 0.61635 0.00164223
30 0.166939 0.948661 0.205765 0.0401786 0.00162315
37 0.357747 0.960938 0.705825 0.0647322 0.00162315
21 0.375876 0.388951 0.751752 0.75558 0.00159168
19 0.433889 0.566964 0.846024 0.813616 0.00157356
20 0.470752 0.764648 0.707034 0.44615 0.00156116
20 0.453227 0.828125 0.71066 0.319196 0.00153637
0 0.101447 0.839286 0.201988 0.28125 0.00153637
2 0.93123 0.224051 0.10394 0.0396205 0.00148964
0 0.812183 0.262137 0.0314238 0.0237165 0.0014782
13 0.123807 0.823661 0.247613 0.257813 0.00145531
30 0.121314 0.973214 0.18401 0.0223214 0.00141048
2 0.856901 0.225725 0.263476 0.0401786 0.00136662
20 0.891951 0.609236 0.210297 0.413225 0.00136662
20 0.473169 0.756836 0.416969 0.452846 0.00136662
30 0.148356 0.954241 0.296713 0.0513393 0.00136185
16 0.584361 0.360491 0.80614 0.705357 0.00135612
30 0.114364 0.94308 0.226916 0.078125 0.00133038
23 0.582548 0.611049 0.827895 0.731027 0.00132465
20 0.40307 0.707589 0.308799 0.546875 0.00131989
0 0.0296486 0.886161 0.0592972 0.165179 0.00130463
20 0.651589 0.733398 0.6741 0.506417 0.0012846
0 0.017487 0.853237 0.034974 0.219866 0.00127411
13 0.786651 0.429688 0.420897 0.454241 0.00115585
20 0.259699 0.756696 0.150169 0.377232 0.00108147
17 0.584361 0.360491 0.80614 0.705357 0.00108147
0 0.705826 0.232701 0.0290065 0.0530134 0.00106049
0 0.583756 0.348772 0.803723 0.670759 0.00104046
30 0.0932892 0.973214 0.186578 0.0267858 0.00102043
57 0.360769 0.411272 0.716703 0.777902 0.00102043
2 0.709451 0.244001 0.16437 0.0878906 0.00100803
20 0.371646 0.361886 0.743292 0.707031 0.642578
20 0.60249 0.613281 0.785593 0.722098 0.5
20 0.412739 0.588728 0.777133 0.767857 0.237183
16 0.564116 0.598075 0.832125 0.748047 0.119995
20 0.0861131 0.837054 0.172226 0.279018 0.0389099
30 0.111192 0.959821 0.217549 0.0625 0.0358276
15 0.540851 0.598354 0.878656 0.767578 0.03125
2 0.862944 0.238839 0.246556 0.0608259 0.0175781
30 0.261059 0.959821 0.513657 0.0625 0.0161591
20 0.914914 0.62779 0.16437 0.342634 0.0156708
0 0.0302057 0.921875 0.0598448 0.0892858 0.0114212
20 0.199873 0.636719 0.388264 0.686384 0.0106125
20 0.979212 0.59947 0.041576 0.276507 0.00937653
0 0.00812032 0.820312 0.0159385 0.129464 0.0086441
0 0.979816 0.617746 0.0403674 0.311384 0.00844574
20 0.317561 0.779018 0.591612 0.41183 0.00844574
20 0.37225 0.192522 0.600677 0.364955 0.00818634
62 0.87503 0.338449 0.248973 0.258929 0.00790405
20 0.830916 0.555246 0.328741 0.573661 0.00754929
17 0.429659 0.569755 0.854484 0.820312 0.00748825
21 0.567138 0.607282 0.859923 0.734096 0.00740433
0 0.038987 0.925223 0.0495339 0.0825893 0.00714874
20 0.249879 0.841518 0.497341 0.287946 0.0069313
2 0.867779 0.337681 0.263476 0.261021 0.0069046
19 0.566836 0.582729 0.860527 0.722935 0.00669098
62 0.867779 0.392229 0.261059 0.371791 0.00616837
16 0.368625 0.371094 0.733623 0.726562 0.00591278
0 0.577713 0.610491 0.838772 0.733259 0.00588989
30 0.1124 0.949777 0.215132 0.0424108 0.00568771
20 0.17978 0.777902 0.332366 0.385045 0.00568771
31 0.112854 0.957589 0.217247 0.0535714 0.00551224
2 0.708243 0.272321 0.125695 0.030692 0.00542831
2 0.708243 0.268973 0.149867 0.0368304 0.0050621
0 0.427242 0.588309 0.844815 0.767578 0.00432968
20 0.80191 0.61928 0.387962 0.705636 0.0042305
30 0.110738 0.973214 0.219966 0.0379464 0.00407028
17 0.564116 0.598075 0.832125 0.748047 0.00388527
20 0.609741 0.162667 0.738458 0.296317 0.00380898
59 0.564116 0.598075 0.832125 0.748047 0.00359344
0 0.0323302 0.934152 0.0607324 0.0714286 0.00356483
2 0.856901 0.273717 0.239304 0.12779 0.00348282
20 0.449299 0.149135 0.438119 0.265904 0.0028553
30 0.152889 0.944197 0.131436 0.0334821 0.00281143
20 0.300867 0.651228 0.583907 0.66183 0.0027256
20 0.4459 0.17606 0.552484 0.280692 0.00261116
57 0.979816 0.581334 0.0403674 0.239118 0.00253105
30 0.106659 0.969866 0.167996 0.0267857 0.00246239
20 0.1686 0.555804 0.333575 0.667411 0.00221634
14 0.540851 0.598354 0.878656 0.767578 0.00213242
0 0.364394 0.4149 0.726372 0.786272 0.0020504
0 0.489485 0.858259 0.148658 0.25 0.00202751
20 0.526348 0.338728 0.86657 0.640625 0.00202751
25 0.856901 0.239955 0.239304 0.0613839 0.00200272
16 0.429659 0.569755 0.854484 0.820312 0.00200272
18 0.566836 0.582729 0.860527 0.722935 0.00191212
57 0.567138 0.607282 0.859923 0.734096 0.00191212
20 0.972323 0.618443 0.0531787 0.316685 0.00189686
20 0.867779 0.572545 0.256224 0.506696 0.00188255
4 0.862944 0.234654 0.247764 0.0530134 0.00186729
21 0.377689 0.390625 0.755378 0.758929 0.00185299
30 0.254411 0.944755 0.504593 0.0904018 0.00179577
5 0.856901 0.239955 0.239304 0.0613839 0.00178242
20 0.958424 0.631696 0.0797679 0.341518 0.0017271
30 0.170678 0.948661 0.201308 0.0401786 0.00170708
0 0.0430188 0.914062 0.0390531 0.0580358 0.0017004
20 0.118519 0.640625 0.237038 0.668527 0.0017004
7 0.856901 0.239955 0.239304 0.0613839 0.00164223
30 0.114666 0.946429 0.22752 0.0736607 0.00164223
20 0.491902 0.858259 0.143824 0.25 0.00162315
30 0.121389 0.973214 0.182046 0.0223214 0.00161648
0 0.812183 0.261998 0.0314238 0.0234375 0.00161076
20 0.339089 0.782366 0.411983 0.398438 0.00159168
13 0.862944 0.234654 0.247764 0.0530134 0.00157356
0 0.0149943 0.83817 0.0299885 0.146205 0.00156116
20 0.466522 0.766602 0.72758 0.440011 0.00150108
13 0.123278 0.822545 0.246555 0.254464 0.00139904
19 0.429659 0.569755 0.854484 0.820312 0.00136662
30 0.149112 0.954241 0.298223 0.0513393 0.00135136
34 0.862944 0.231306 0.247764 0.0499442 0.00133514
23 0.577713 0.610491 0.838772 0.733259 0.00126457
20 0.890742 0.617048 0.212714 0.399833 0.00125504
30 0.103808 0.96875 0.144995 0.0212053 0.00124454
20 0.102505 0.422991 0.204103 0.582589 0.00124454
37 0.355028 0.960938 0.699178 0.0647322 0.00122547
13 0.867779 0.339565 0.261059 0.261719 0.0012064
57 0.364394 0.4149 0.726372 0.786272 0.0012064
0 0.0302529 0.886161 0.0605058 0.162946 0.00118351
2 0.93123 0.224051 0.10394 0.0396205 0.00117874
0 0.705826 0.232422 0.0290065 0.0524554 0.00117874
0 0.0179025 0.853795 0.0358049 0.21875 0.00112438
9 0.885303 0.00788226 0.0423012 0.0141602 0.00112057
30 0.093818 0.973214 0.187636 0.0267858 0.0011158
20 0.176154 0.446429 0.349891 0.680804 0.00109863
20 0.0867174 0.686384 0.172831 0.587054 0.00109863
31 0.164408 0.943638 0.110512 0.0267857 0.00107288
2 0.856901 0.225586 0.263476 0.0404576 0.00106907
62 0.856901 0.239955 0.239304 0.0613839 0.00105286
20 0.0934403 0.483189 0.186578 0.434291 0.00104046
20 0.452321 0.834822 0.707638 0.305804 0.00102425
0 0.102127 0.839844 0.20365 0.282366 0.00101185
56 0.856901 0.239955 0.239304 0.0613839 0.00100803
77 0.540851 0.598354 0.878656 0.767578 0.00100422
20 0.370438 0.367746 0.738458 0.710938 0.637207
20 0.603094 0.615513 0.785594 0.720982 0.550781
20 0.41153 0.588309 0.784385 0.76981 0.24939
16 0.563512 0.59947 0.836959 0.747489 0.14856
15 0.563512 0.59947 0.836959 0.747489 0.0486755
20 0.0856599 0.837054 0.17132 0.279018 0.0433655
30 0.1124 0.958705 0.213621 0.0602679 0.0317383
20 0.910684 0.63072 0.171622 0.330078 0.0139542
0 0.0302151 0.921875 0.059977 0.0892858 0.0124817
2 0.857505 0.239118 0.24293 0.0613839 0.0109024
62 0.87503 0.336775 0.248973 0.257254 0.0103302
30 0.246253 0.959821 0.484651 0.0625 0.00930023
0 0.00812032 0.820312 0.0160518 0.129464 0.00891876
20 0.377991 0.191127 0.591612 0.362165 0.00834656
0 0.0390908 0.924107 0.0493262 0.0825893 0.00763702
17 0.430566 0.573661 0.861131 0.829241 0.00760651
21 0.565627 0.608817 0.862944 0.733259 0.00731659
20 0.979212 0.595982 0.041576 0.270089 0.00714874
0 0.430566 0.573661 0.861131 0.829241 0.00706482
20 0.254411 0.841518 0.50701 0.287946 0.00698471
0 0.979816 0.617327 0.0403674 0.309989 0.00674438
20 0.186427 0.644113 0.352308 0.669364 0.00669098
20 0.313331 0.780134 0.585569 0.409598 0.0064888
0 0.573785 0.609235 0.846628 0.736886 0.00595856
2 0.867779 0.337612 0.262267 0.261161 0.00588989
20 0.83152 0.554688 0.326323 0.5625 0.00568771
30 0.112174 0.949777 0.215585 0.0424108 0.00540543
2 0.708243 0.272252 0.125695 0.0302734 0.00510025
16 0.368927 0.371652 0.734228 0.726562 0.00496292
20 0.225858 0.780134 0.423314 0.390625 0.0049057
59 0.563512 0.59947 0.836959 0.747489 0.00471878
2 0.708243 0.268973 0.149867 0.0368304 0.00441742
31 0.112778 0.956473 0.2177 0.0535714 0.00432968
30 0.110285 0.973214 0.218758 0.0390625 0.00432968
30 0.350193 0.960938 0.691927 0.0625 0.00418091
17 0.563512 0.59947 0.836959 0.747489 0.00397491
20 0.610346 0.162388 0.737249 0.295759 0.00388527
19 0.563512 0.59947 0.836959 0.747489 0.00362206
0 0.0322924 0.934152 0.0606569 0.0691964 0.00355148
30 0.153795 0.944197 0.129925 0.0323661 0.00294685
20 0.461007 0.148403 0.414703 0.262347 0.00292397
20 0.453227 0.175921 0.543872 0.280971 0.00288963
16 0.430566 0.573661 0.861131 0.829241 0.0026722
57 0.979816 0.580357 0.0403674 0.238839 0.00266266
14 0.563512 0.59947 0.836959 0.747489 0.0026207
2 0.856901 0.275042 0.239304 0.13072 0.00259018
20 0.797679 0.618304 0.396423 0.698661 0.00245285
30 0.105149 0.969308 0.163464 0.0256697 0.00239754
57 0.566534 0.609375 0.861131 0.756696 0.00223351
0 0.366812 0.414062 0.733623 0.78683 0.00221634
21 0.380106 0.387835 0.760213 0.753348 0.00209999
20 0.167392 0.447475 0.332971 0.560407 0.00200272
9 0.885908 0.00788226 0.0410926 0.0140904 0.00198746
20 0.526952 0.321987 0.843606 0.59933 0.00195694
20 0.294598 0.660156 0.57167 0.643973 0.00186729
0 0.0430566 0.913505 0.0388264 0.0569197 0.00183105
20 0.167392 0.551897 0.331762 0.614955 0.00181007
0 0.812183 0.261998 0.0314238 0.0234375 0.0017271
30 0.119954 0.973214 0.172528 0.0223214 0.00164223
0 0.490089 0.857701 0.149867 0.25 0.00162315
30 0.11444 0.945312 0.227369 0.0758928 0.00159168
20 0.464709 0.771205 0.740875 0.43192 0.00158501
30 0.174795 0.948661 0.180989 0.0401786 0.00156689
20 0.872613 0.606027 0.246556 0.467634 0.0015192
13 0.862944 0.234794 0.247764 0.0532924 0.00150108
20 0.119501 0.648438 0.239002 0.651786 0.00150108
0 0.0149187 0.834821 0.0298374 0.140625 0.00146103
20 0.358276 0.765485 0.357898 0.435547 0.00144386
18 0.563512 0.59947 0.836959 0.747489 0.00143242
19 0.430566 0.573661 0.861131 0.829241 0.00143242
57 0.366812 0.414062 0.733623 0.78683 0.00138283
20 0.97051 0.618862 0.058013 0.31808 0.00135612
20 0.940295 0.632673 0.116026 0.344029 0.00135612
5 0.856901 0.240095 0.240512 0.062221 0.00131512
0 0.0305551 0.886161 0.0611101 0.162946 0.00129414
20 0.166788 0.767299 0.327532 0.416295 0.00128937
13 0.123127 0.821429 0.246253 0.254464 0.00127888
25 0.856901 0.240095 0.240512 0.062221 0.00127411
15 0.430566 0.573661 0.861131 0.829241 0.00127411
77 0.539642 0.600446 0.883491 0.774554 0.00123978
23 0.573785 0.609235 0.846628 0.736886 0.00122547
30 0.137177 0.953683 0.274353 0.0502233 0.00121593
7 0.856901 0.240095 0.240512 0.062221 0.0012064
56 0.856901 0.240095 0.240512 0.062221 0.0012064
30 0.103921 0.96875 0.138121 0.0200892 0.00119209
15 0.380106 0.387835 0.760213 0.753348 0.0011692
0 0.0183557 0.853795 0.0367114 0.219866 0.00115585
20 0.0876994 0.698661 0.174795 0.5625 0.0011425
0 0.704617 0.232701 0.0290065 0.0524554 0.00112915
30 0.243383 0.94308 0.48314 0.09375 0.00112438
62 0.856901 0.240095 0.240512 0.062221 0.0011034
20 0.492205 0.858259 0.145637 0.25 0.00107288
63 0.87503 0.336775 0.248973 0.257254 0.00106049
4 0.862944 0.234794 0.247764 0.0532924 0.00105667
30 0.0940446 0.973214 0.188089 0.0267858 0.00101185
30 0.139443 0.948661 0.155306 0.0401786 0.00100803
20 0.373459 0.369141 0.744501 0.712612 0.673828
20 0.603094 0.61663 0.788011 0.720982 0.563965
20 0.412739 0.58817 0.790428 0.772322 0.297363
16 0.568649 0.597656 0.827895 0.746652 0.150024
15 0.568649 0.597656 0.827895 0.746652 0.0869141
20 0.0849801 0.837054 0.16996 0.279018 0.0266571
30 0.112174 0.958705 0.21347 0.0591517 0.0244293
20 0.91008 0.631138 0.174039 0.329241 0.0126724
0 0.0301018 0.921875 0.0599015 0.0892858 0.011734
0 0.432681 0.577567 0.865361 0.835938 0.0112
62 0.870196 0.336565 0.258642 0.259905 0.00963593
20 0.386149 0.186105 0.577713 0.351004 0.0091629
21 0.563814 0.609235 0.868987 0.732422 0.00867462
0 0.00812032 0.820312 0.0161651 0.129464 0.00818634
17 0.432681 0.577567 0.865361 0.835938 0.00800323
0 0.0390625 0.924107 0.0490807 0.0803572 0.00728989
0 0.573483 0.607143 0.849649 0.743304 0.00709534
20 0.191564 0.641741 0.362582 0.675223 0.00666809
20 0.832729 0.555246 0.326323 0.552455 0.00612259
2 0.85811 0.238839 0.244138 0.0613839 0.0055542
16 0.373459 0.372768 0.742084 0.729911 0.00547028
0 0.979816 0.617327 0.0403674 0.312221 0.00530243
20 0.313331 0.78125 0.583152 0.408482 0.00530243
30 0.236584 0.959821 0.465313 0.0625 0.00527954
59 0.568649 0.597656 0.827895 0.746652 0.0051384
20 0.979212 0.595982 0.041576 0.270089 0.00503922
30 0.112023 0.949777 0.215585 0.0424108 0.00473785
20 0.449677 0.172294 0.447033 0.311663 0.0045929
16 0.432681 0.577567 0.865361 0.835938 0.00453949
20 0.260303 0.841518 0.519398 0.287946 0.00448608
20 0.79632 0.618304 0.399142 0.691964 0.00443268
20 0.226916 0.78125 0.426033 0.390625 0.00432968
20 0.606871 0.160435 0.75145 0.292411 0.00419998
30 0.109077 0.973214 0.21634 0.0390625 0.00382423
15 0.432681 0.577567 0.865361 0.835938 0.00351143
21 0.38343 0.386161 0.76686 0.753348 0.00341606
2 0.707638 0.272391 0.126904 0.0299944 0.00336266
2 0.867779 0.337612 0.262267 0.260603 0.00335121
0 0.0322169 0.934152 0.0605058 0.0691964 0.00317192
0 0.369531 0.414063 0.739062 0.790179 0.00313568
31 0.112551 0.956473 0.217851 0.0535714 0.003088
14 0.568649 0.597656 0.827895 0.746652 0.00302696
30 0.154437 0.944196 0.128641 0.03125 0.00301552
20 0.527858 0.327009 0.85388 0.61942 0.0029583
17 0.568649 0.597656 0.827895 0.746652 0.00294685
2 0.707638 0.268973 0.151076 0.0368304 0.00288963
15 0.369531 0.414063 0.739062 0.790179 0.0027256
57 0.565023 0.611607 0.86657 0.765625 0.00269318
57 0.979816 0.581473 0.0403674 0.241071 0.00243378
19 0.568649 0.597656 0.827895 0.746652 0.00224304
20 0.172831 0.441406 0.344453 0.666295 0.00215721
30 0.097897 0.969866 0.181291 0.0267857 0.00214005
20 0.516981 0.776786 0.592821 0.417411 0.00202751
0 0.781968 0.144392 0.0652647 0.123605 0.00198746
9 0.885908 0.00788226 0.0410926 0.0139509 0.0019722
30 0.345359 0.960938 0.682258 0.0625 0.00186729
77 0.545685 0.601562 0.871404 0.783482 0.00178242
19 0.432681 0.577567 0.865361 0.835938 0.0017271
57 0.369531 0.414063 0.739062 0.790179 0.00171375
20 0.299432 0.655692 0.579526 0.652902 0.00166798
20 0.8708 0.613281 0.25139 0.452009 0.0016613
0 0.0431321 0.912947 0.0383732 0.0558036 0.00161076
0 0.490089 0.857143 0.150471 0.25 0.00154877
30 0.119048 0.973214 0.165881 0.0223214 0.00153065
20 0.119048 0.654157 0.238095 0.64481 0.00152493
2 0.856901 0.2756 0.240512 0.132952 0.00150108
30 0.17978 0.948103 0.173435 0.0390625 0.00144958
30 0.114213 0.945312 0.227218 0.0736608 0.00143814
20 0.166183 0.538783 0.329345 0.575335 0.00141048
0 0.812183 0.261858 0.0290065 0.0231585 0.00139904
20 0.351704 0.766602 0.345661 0.433315 0.00138855
20 0.473471 0.141741 0.376481 0.265625 0.00138283
30 0.0994078 0.96596 0.198513 0.0535714 0.00137806
56 0.857505 0.239676 0.241721 0.0625 0.00134087
0 0.0506859 0.837054 0.100465 0.261161 0.00132465
20 0.0873973 0.702986 0.174492 0.55385 0.00129414
13 0.122371 0.821429 0.244743 0.254464 0.00127888
13 0.862944 0.234933 0.247764 0.0535714 0.00126457
0 0.0148054 0.833705 0.0296108 0.140625 0.00123501
28 0.38343 0.386161 0.76686 0.753348 0.00118828
23 0.573483 0.607143 0.849649 0.743304 0.00118828
0 0.0318864 0.909598 0.0631307 0.122768 0.00115108
0 0.0378067 0.94029 0.0535563 0.0613839 0.00112915
21 0.432681 0.577567 0.865361 0.835938 0.00112915
63 0.867779 0.341797 0.263476 0.275112 0.00112438
0 0.780759 0.123605 0.0725163 0.165737 0.0011158
13 0.783176 0.410784 0.430263 0.415039 0.00109482
14 0.187032 0.944755 0.0616389 0.0267857 0.00109005
30 0.104714 0.968192 0.133211 0.0189732 0.00108624
20 0.165428 0.764648 0.326626 0.423828 0.00106907
30 0.135439 0.953125 0.270879 0.0491072 0.00104809
53 0.545685 0.601562 0.871404 0.783482 0.00104046
0 0.0300641 0.885045 0.0601281 0.167411 0.00100422
20 0.373157 0.370536 0.742688 0.712054 0.732422
20 0.604303 0.617746 0.785593 0.719866 0.511719
20 0.413947 0.587054 0.790428 0.776786 0.317383
15 0.599468 0.596122 0.766256 0.743025 0.165649
16 0.599468 0.596122 0.766256 0.743025 0.139893
30 0.111947 0.958705 0.213319 0.0580358 0.0193481
0 0.434191 0.579102 0.868383 0.841797 0.0193481
0 0.0300263 0.921875 0.0599015 0.0892858 0.0127258
20 0.907058 0.63058 0.180082 0.328125 0.0115509
21 0.573483 0.609933 0.849649 0.731027 0.0115051
20 0.79632 0.617327 0.399142 0.67606 0.011467
15 0.434191 0.579102 0.868383 0.841797 0.0112915
20 0.0835448 0.836496 0.16709 0.277902 0.0107803
62 0.867779 0.339007 0.263476 0.270647 0.00978088
20 0.833333 0.558036 0.322698 0.534598 0.00952148
16 0.434191 0.579102 0.868383 0.841797 0.00898743
20 0.376178 0.195312 0.589195 0.37221 0.0086441
0 0.0390153 0.924665 0.0490241 0.0814733 0.00751877
20 0.608533 0.162528 0.757796 0.297712 0.00751877
0 0.0081392 0.819755 0.0162784 0.129464 0.00731659
20 0.44658 0.16476 0.445975 0.309989 0.00712204
0 0.584059 0.603795 0.829708 0.751116 0.00709534
17 0.434191 0.579102 0.868383 0.841797 0.0068512
20 0.191564 0.634068 0.362582 0.691685 0.00621796
0 0.0331517 0.933036 0.0592405 0.0736607 0.00619125
16 0.381919 0.376674 0.763839 0.735491 0.00619125
21 0.381919 0.376674 0.763839 0.735491 0.00557709
15 0.36802 0.406529 0.736041 0.77846 0.00527954
59 0.574088 0.611607 0.848441 0.773438 0.00453949
0 0.979816 0.61942 0.0403674 0.316964 0.00450516
30 0.111796 0.949777 0.215434 0.0424108 0.00428009
20 0.586778 0.327846 0.809766 0.630022 0.0042305
20 0.245649 0.782366 0.458666 0.395089 0.0039444
0 0.0411681 0.917411 0.0423012 0.0658482 0.00385475
0 0.36802 0.406529 0.736041 0.77846 0.0037365
9 0.885908 0.00793457 0.0410926 0.0139509 0.00365067
2 0.85811 0.238281 0.244138 0.0613839 0.00363541
14 0.574088 0.600446 0.813391 0.790179 0.00348282
57 0.574088 0.611607 0.848441 0.773438 0.00331116
20 0.517585 0.776228 0.635122 0.418527 0.00328636
2 0.707034 0.272391 0.128112 0.0299944 0.00314713
20 0.979514 0.601005 0.0409717 0.280134 0.00302696
30 0.228275 0.959821 0.448695 0.0625 0.00292397
30 0.154853 0.944196 0.128112 0.03125 0.00291252
30 0.108246 0.972098 0.214376 0.0401786 0.00284576
0 0.781968 0.144566 0.0628475 0.123256 0.00265312
20 0.264685 0.84096 0.528161 0.289062 0.00253105
31 0.112249 0.955915 0.218153 0.0524554 0.00250244
57 0.979816 0.583845 0.0403674 0.245257 0.00247192
2 0.708243 0.268973 0.149867 0.0368304 0.00239754
28 0.381919 0.376674 0.763839 0.735491 0.00235939
20 0.868383 0.621652 0.256224 0.427455 0.00225258
0 0.0511013 0.837054 0.101447 0.261161 0.00221634
57 0.36802 0.406529 0.736041 0.77846 0.00219917
2 0.867779 0.337333 0.261059 0.260045 0.00218201
53 0.574088 0.600446 0.813391 0.790179 0.00213242
17 0.574088 0.600446 0.813391 0.790179 0.00211525
77 0.574088 0.600446 0.813391 0.790179 0.00209045
21 0.434191 0.579102 0.868383 0.841797 0.00203514
19 0.571972 0.583147 0.852671 0.72433 0.00201988
19 0.434191 0.579102 0.868383 0.841797 0.00183868
30 0.0986524 0.969866 0.180989 0.0267857 0.00176811
0 0.490089 0.857143 0.149867 0.248884 0.00174141
20 0.330251 0.779576 0.425429 0.409598 0.00168705
13 0.121918 0.822545 0.243836 0.254464 0.00167465
20 0.173586 0.425502 0.347172 0.636719 0.00167465
20 0.138121 0.701869 0.275486 0.558315 0.00154877
20 0.480118 0.141462 0.364395 0.265067 0.00145531
0 0.781363 0.126221 0.0700991 0.160505 0.00141048
0 0.811578 0.261998 0.0290065 0.0228795 0.00140476
77 0.434191 0.579102 0.868383 0.841797 0.00140476
20 0.332895 0.158482 0.60808 0.295759 0.00136662
30 0.118443 0.973214 0.156514 0.0200892 0.00135612
56 0.858714 0.239397 0.244138 0.0625 0.00135136
30 0.185068 0.947545 0.176154 0.0379465 0.00133038
14 0.187032 0.944197 0.0616389 0.0267858 0.00130463
20 0.0884548 0.703125 0.176607 0.55692 0.00130463
0 0.800097 0.148996 0.0846024 0.110491 0.00129414
59 0.36802 0.406529 0.736041 0.77846 0.0012846
13 0.776529 0.40911 0.443558 0.412807 0.00127411
63 0.867779 0.339007 0.263476 0.270647 0.00126934
0 0.0378539 0.940848 0.053613 0.0602678 0.00123978
0 0.871404 0.0777762 0.0483442 0.070452 0.00114727
16 0.632705 0.353516 0.709451 0.68471 0.00107288
30 0.11376 0.943638 0.226613 0.078125 0.00106525
56 0.707034 0.272391 0.128112 0.0299944 0.00105667
0 0.0806744 0.83538 0.161349 0.265625 0.00105286
0 0.0316504 0.904018 0.0633007 0.13058 0.00105286
20 0.304871 0.64495 0.590404 0.674386 0.00105286
2 0.85811 0.276507 0.241721 0.135045 0.00104046
13 0.862944 0.234654 0.248973 0.0535714 0.00102043
20 0.642978 0.72447 0.680445 0.526507 0.00101662
13 0.0901922 0.840402 0.180384 0.283482 0.00101662
62 0.860527 0.444266 0.277979 0.477539 0.00101185
20 0.369229 0.371094 0.733623 0.710938 0.771973
20 0.60672 0.618164 0.77955 0.719029 0.527344
20 0.413645 0.587054 0.777737 0.777902 0.299072
15 0.614576 0.594866 0.733623 0.741072 0.183594
16 0.621072 0.575893 0.723048 0.71875 0.166138
21 0.621072 0.575893 0.723048 0.71875 0.0199432
0 0.434494 0.578683 0.847232 0.842634 0.0190125
15 0.434494 0.578683 0.847232 0.842634 0.0149536
20 0.0826384 0.837054 0.165277 0.276786 0.0136871
20 0.795867 0.614955 0.400048 0.667411 0.0136337
20 0.835146 0.564732 0.32028 0.515625 0.0121918
20 0.904037 0.629464 0.186125 0.327009 0.011734
16 0.434494 0.578683 0.847232 0.842634 0.0114212
0 0.0300546 0.921875 0.0599959 0.0881697 0.0106964
30 0.111645 0.958147 0.213923 0.0580357 0.0106964
20 0.61518 0.166853 0.744501 0.305804 0.00941467
62 0.867779 0.337612 0.262267 0.268415 0.00901794
20 0.225405 0.661272 0.439932 0.641741 0.00784302
20 0.384941 0.200056 0.569253 0.381138 0.00751877
20 0.589195 0.339007 0.80614 0.651228 0.00709534
21 0.375876 0.367746 0.751752 0.71875 0.00695801
20 0.464784 0.169643 0.409566 0.319196 0.00653839
16 0.375876 0.367746 0.751752 0.71875 0.00634003
20 0.178874 0.614816 0.344453 0.714565 0.00621796
0 0.00817697 0.819196 0.0163539 0.129464 0.00591278
17 0.434494 0.578683 0.847232 0.842634 0.00582123
15 0.362582 0.3976 0.725163 0.765067 0.00564194
20 0.51547 0.776786 0.632101 0.417411 0.0055542
0 0.0386754 0.924665 0.0497039 0.0814733 0.00548935
20 0.237793 0.782924 0.442954 0.393973 0.00542831
0 0.597655 0.599888 0.803723 0.758929 0.0050621
0 0.979816 0.61942 0.0403674 0.316964 0.0046463
0 0.0329345 0.933036 0.0596749 0.0736607 0.00436401
59 0.587684 0.608259 0.821247 0.78125 0.00429916
14 0.614576 0.594866 0.733623 0.741072 0.00413513
9 0.885908 0.00798689 0.0410926 0.0139509 0.00400543
20 0.256224 0.841518 0.51124 0.287946 0.00362206
20 0.328816 0.77567 0.497794 0.417411 0.00353813
0 0.362582 0.3976 0.725163 0.765067 0.00324821
0 0.0518945 0.837612 0.103185 0.261161 0.0030632
28 0.375876 0.367746 0.751752 0.71875 0.00300407
2 0.859318 0.238002 0.246555 0.0613839 0.00293541
30 0.111494 0.949219 0.215736 0.0424108 0.00291252
20 0.137932 0.695312 0.27526 0.571429 0.00291252
53 0.594634 0.595424 0.768673 0.797991 0.00275803
57 0.587684 0.608259 0.821247 0.78125 0.0027256
77 0.587684 0.608259 0.821247 0.78125 0.00270462
20 0.867779 0.628209 0.258641 0.408761 0.00268364
0 0.0409037 0.917411 0.0426789 0.0658482 0.00256157
77 0.434494 0.578683 0.847232 0.842634 0.0024929
21 0.434494 0.578683 0.847232 0.842634 0.00246239
2 0.707638 0.2726 0.126904 0.0295759 0.002388
57 0.979816 0.583705 0.0403674 0.245536 0.00232315
30 0.155306 0.943638 0.127508 0.03125 0.00225258
57 0.362582 0.3976 0.725163 0.765067 0.00218201
0 0.489485 0.857143 0.148658 0.247768 0.00216484
20 0.979514 0.602121 0.0409717 0.283482 0.00214005
20 0.0889836 0.700335 0.177665 0.563616 0.00208282
17 0.594634 0.595424 0.768673 0.797991 0.00201035
13 0.122371 0.822545 0.244743 0.254464 0.00198746
0 0.781968 0.144392 0.0628475 0.122768 0.00194168
2 0.708243 0.268973 0.149867 0.0368304 0.00175476
2 0.867779 0.337333 0.261059 0.259487 0.0016613
19 0.621072 0.575893 0.723048 0.71875 0.0016613
19 0.434494 0.578683 0.847232 0.842634 0.0016613
31 0.112249 0.955357 0.217851 0.0513393 0.00162315
20 0.058504 0.839286 0.117008 0.263393 0.00157928
20 0.165126 0.752372 0.328438 0.455078 0.00157928
13 0.770486 0.409668 0.455644 0.416155 0.00156116
20 0.54357 0.859933 0.491298 0.253348 0.00156116
20 0.639956 0.721959 0.679236 0.529297 0.00151253
20 0.331687 0.164063 0.606871 0.30692 0.00146675
56 0.859318 0.239118 0.246555 0.063058 0.00144386
0 0.0803723 0.834821 0.160745 0.265625 0.00141048
20 0.0819585 0.782924 0.163615 0.393973 0.00135612
14 0.187183 0.944197 0.0613367 0.0267858 0.00134563
16 0.635575 0.354911 0.70371 0.686384 0.00133038
30 0.107188 0.970982 0.212261 0.0446428 0.00129986
56 0.707638 0.2726 0.126904 0.0295759 0.00126457
59 0.362582 0.3976 0.725163 0.765067 0.00125504
63 0.867779 0.337612 0.262267 0.268415 0.00124931
0 0.871404 0.0781076 0.0483442 0.0695103 0.00120163
20 0.431472 0.767299 0.375876 0.429688 0.00117874
0 0.800097 0.149554 0.0870196 0.108538 0.00116062
20 0.176305 0.416016 0.352611 0.626674 0.00113392
0 0.810974 0.261998 0.0290065 0.0234375 0.0011034
57 0.415156 0.577846 0.767464 0.844308 0.0011034
20 0.166788 0.489955 0.331762 0.460938 0.00106525
30 0.228426 0.959263 0.449601 0.063616 0.00106525
20 0.332971 0.28969 0.649021 0.559012 0.00106049
19 0.635575 0.354911 0.70371 0.686384 0.00103664
0 0.885303 0.0793108 0.0628474 0.070452 0.00102425
13 0.0947244 0.84096 0.189449 0.285714 0.00102425
20 0.441141 0.831473 0.726372 0.314732 0.00102425
62 0.86234 0.436105 0.273145 0.461496 0.00100803
20 0.351704 0.373326 0.703408 0.72433 0.796875
20 0.608533 0.618862 0.777133 0.720982 0.592773
20 0.413645 0.585798 0.772903 0.779297 0.30249
15 0.618806 0.594866 0.725163 0.747768 0.128052
16 0.62364 0.577567 0.717911 0.722098 0.11438
21 0.618806 0.594866 0.725163 0.747768 0.0333252
20 0.0821852 0.835938 0.16437 0.274554 0.0193481
20 0.618202 0.18457 0.738458 0.340681 0.0148392
20 0.795413 0.554548 0.400955 0.569475 0.0127716
20 0.904037 0.630022 0.186125 0.327009 0.012146
15 0.434796 0.577567 0.836959 0.844866 0.0113297
20 0.605662 0.337891 0.773205 0.644531 0.0112457
20 0.836355 0.568638 0.316655 0.498884 0.0112457
0 0.434796 0.577567 0.836959 0.844866 0.0105667
30 0.111343 0.957589 0.213923 0.0580358 0.00955963
16 0.434796 0.577567 0.836959 0.844866 0.00933838
20 0.208484 0.627372 0.403674 0.705078 0.00894928
0 0.0299885 0.921875 0.059977 0.0881697 0.00815582
20 0.428526 0.17899 0.467579 0.338449 0.00784302
20 0.29218 0.782366 0.540247 0.404018 0.00746155
20 0.462292 0.773438 0.748127 0.426339 0.00577545
21 0.368625 0.365234 0.737249 0.713728 0.00566483
20 0.251692 0.841518 0.502175 0.287946 0.00559998
0 0.00823362 0.81808 0.0164672 0.131696 0.00518036
14 0.618806 0.594866 0.725163 0.747768 0.00518036
17 0.434796 0.577567 0.836959 0.844866 0.00488663
20 0.350193 0.210798 0.637539 0.403181 0.0046463
20 0.50278 0.188058 0.461687 0.313616 0.00426483
62 0.867779 0.337054 0.262267 0.267857 0.00413513
20 0.138385 0.692941 0.275562 0.576172 0.00403976
20 0.209089 0.780134 0.398235 0.390625 0.00403976
0 0.0387509 0.925223 0.0497039 0.0825893 0.00367928
16 0.368625 0.365234 0.737249 0.713728 0.00351143
0 0.979816 0.618862 0.0403674 0.315848 0.00342941
9 0.885908 0.00800433 0.0410926 0.0139858 0.00340271
20 0.0867174 0.699219 0.172831 0.565848 0.00302696
77 0.600526 0.593192 0.756889 0.811384 0.0029583
20 0.979816 0.601005 0.0403674 0.280134 0.00290108
20 0.489485 0.154297 0.357747 0.270089 0.00273705
15 0.353517 0.393694 0.707034 0.761719 0.00271416
77 0.434796 0.577567 0.836959 0.844866 0.00270462
0 0.0329345 0.93471 0.059826 0.0703125 0.00266266
0 0.05197 0.837612 0.103336 0.261161 0.00266266
2 0.859318 0.237723 0.246555 0.0613839 0.00265312
20 0.0585418 0.839286 0.117084 0.263393 0.00263214
21 0.434796 0.577567 0.836959 0.844866 0.00259018
20 0.528161 0.28404 0.647812 0.510045 0.00246239
20 0.342942 0.774554 0.361373 0.417411 0.00242424
20 0.867779 0.628209 0.256224 0.395368 0.00239754
20 0.513053 0.795201 0.562001 0.381696 0.00236893
2 0.707638 0.272879 0.126904 0.0290179 0.00226021
0 0.489485 0.856585 0.14745 0.247768 0.00217438
53 0.600526 0.593192 0.756889 0.811384 0.00215721
59 0.591612 0.604353 0.815809 0.791295 0.00198746
20 0.166334 0.751116 0.330856 0.455357 0.00197983
20 0.544779 0.262835 0.27254 0.0898438 0.0019722
20 0.443558 0.831473 0.720329 0.314732 0.0019722
20 0.764443 0.62221 0.458061 0.707589 0.00193405
17 0.600526 0.593192 0.756889 0.811384 0.00192642
28 0.368625 0.365234 0.737249 0.713728 0.00191212
20 0.0815809 0.777344 0.162557 0.402902 0.00189686
13 0.122522 0.820871 0.245045 0.253348 0.00183868
57 0.979816 0.583147 0.0403674 0.245536 0.00183105
20 0.540247 0.859375 0.471356 0.254464 0.00183105
30 0.155306 0.94308 0.127508 0.03125 0.0018177
0 0.0409415 0.917411 0.0427544 0.0669643 0.0017004
0 0.60249 0.59933 0.794054 0.761161 0.00167465
13 0.77109 0.410435 0.454436 0.422433 0.00164223
2 0.707638 0.26981 0.148658 0.0357143 0.00156116
20 0.644187 0.725307 0.66715 0.5226 0.00151253
31 0.111947 0.955357 0.218153 0.0513393 0.00150681
56 0.860527 0.238979 0.247764 0.062779 0.00142097
19 0.62364 0.577567 0.717911 0.722098 0.00137806
20 0.170413 0.496024 0.339618 0.481166 0.00136662
30 0.10681 0.969866 0.211808 0.0446428 0.00136185
57 0.591612 0.604353 0.815809 0.791295 0.00135136
19 0.434796 0.577567 0.836959 0.844866 0.00134563
20 0.114213 0.40625 0.228426 0.601562 0.00133514
2 0.867779 0.337054 0.261059 0.258371 0.00127411
0 0.353517 0.393694 0.707034 0.761719 0.00127411
20 0.157874 0.613839 0.315748 0.638393 0.00126457
57 0.353517 0.393694 0.707034 0.761719 0.0012598
56 0.707638 0.272879 0.126904 0.0290179 0.00125504
20 0.0942712 0.499442 0.187938 0.398437 0.00117874
0 0.0802967 0.834263 0.160593 0.263393 0.0011692
13 0.669718 0.381069 0.628173 0.453265 0.00112438
13 0.739062 0.365234 0.499154 0.320871 0.00106525
20 0.604303 0.38644 0.577713 0.503906 0.00104809
20 0.256678 0.765067 0.159838 0.371652 0.00100422
20 0.34838 0.372768 0.696761 0.72433 0.820801
20 0.609137 0.619559 0.775925 0.720703 0.649414
20 0.427242 0.586496 0.837563 0.777902 0.300781
15 0.620015 0.597098 0.725163 0.742188 0.092041
16 0.620015 0.597098 0.725163 0.742188 0.0897827
21 0.620015 0.597098 0.725163 0.742188 0.0374756
20 0.0819585 0.835938 0.163917 0.274554 0.0253754
20 0.616993 0.200614 0.738458 0.373326 0.0196381
20 0.619863 0.326172 0.739969 0.617746 0.012825
20 0.904641 0.629604 0.184917 0.327846 0.0126266
20 0.289763 0.782366 0.533599 0.404018 0.0117798
20 0.795111 0.551339 0.401559 0.563616 0.0116425
30 0.111041 0.957589 0.214225 0.0580358 0.0109863
20 0.837563 0.567522 0.314237 0.498884 0.0102921
20 0.225707 0.695173 0.438724 0.57394 0.00952148
20 0.187636 0.612723 0.36802 0.720982 0.00809479
20 0.251088 0.841518 0.500967 0.287946 0.00772476
20 0.432001 0.181501 0.464255 0.343471 0.00769424
15 0.432076 0.577009 0.833938 0.84375 0.00757599
20 0.464709 0.77567 0.738458 0.421875 0.00740433
16 0.432076 0.577009 0.833938 0.84375 0.00695801
0 0.0300641 0.921875 0.0601281 0.0881697 0.00679779
0 0.432076 0.577009 0.833938 0.84375 0.0053215
20 0.208635 0.780134 0.39612 0.388393 0.00526047
0 0.00825251 0.81808 0.016505 0.131696 0.0049057
14 0.620015 0.597098 0.725163 0.742188 0.0046463
20 0.500287 0.195592 0.449752 0.330357 0.00436401
20 0.25985 0.598772 0.514262 0.752232 0.00436401
20 0.138121 0.699777 0.275486 0.5625 0.00436401
21 0.364697 0.359933 0.729393 0.703125 0.00399017
62 0.867779 0.336775 0.262267 0.267857 0.0037365
9 0.885908 0.00791713 0.0410926 0.0140904 0.00369263
20 0.979816 0.59933 0.0403674 0.277902 0.00358009
20 0.543872 0.262416 0.274353 0.0890067 0.00348282
20 0.0860376 0.707031 0.171471 0.549107 0.00340271
17 0.432076 0.577009 0.833938 0.84375 0.00337601
77 0.601734 0.59375 0.756889 0.808036 0.00304031
20 0.516981 0.796875 0.532391 0.379464 0.0027256
2 0.859318 0.237584 0.246555 0.0605469 0.00269318
0 0.0385621 0.925223 0.0500816 0.0825893 0.0026722
20 0.343848 0.777902 0.360769 0.410714 0.0026722
0 0.980118 0.618304 0.0397631 0.314732 0.00265312
20 0.0590706 0.839286 0.118141 0.263393 0.00252151
20 0.0813542 0.779018 0.162406 0.399554 0.00248146
20 0.3511 0.215681 0.636935 0.413504 0.00247192
20 0.487672 0.155273 0.36379 0.275391 0.00234222
77 0.432076 0.577009 0.833938 0.84375 0.00229645
16 0.364697 0.359933 0.729393 0.703125 0.00225258
20 0.867779 0.627232 0.256224 0.393973 0.00225258
20 0.540247 0.858259 0.456853 0.256696 0.00220871
2 0.708243 0.272879 0.128112 0.0290179 0.00214958
21 0.432076 0.577009 0.833938 0.84375 0.00206757
0 0.489485 0.856027 0.14745 0.247768 0.00196457
0 0.0520833 0.83817 0.103713 0.261161 0.00194931
0 0.0328684 0.935268 0.0602603 0.0691964 0.00191212
57 0.979816 0.582729 0.0403674 0.245257 0.00190449
13 0.122069 0.819196 0.244138 0.25 0.00184631
30 0.10681 0.969308 0.211808 0.0457589 0.00183868
15 0.364697 0.359933 0.729393 0.703125 0.00182438
30 0.155608 0.94308 0.126299 0.03125 0.00175476
13 0.774867 0.408761 0.446882 0.421317 0.00168705
20 0.0986524 0.418248 0.197305 0.586496 0.00161076
31 0.111796 0.955357 0.218153 0.0513393 0.00158501
20 0.171924 0.494141 0.34264 0.469308 0.00156116
17 0.601734 0.59375 0.756889 0.808036 0.00156116
53 0.601734 0.59375 0.756889 0.808036 0.00156116
20 0.649625 0.728795 0.655064 0.515625 0.00151253
56 0.860527 0.238979 0.248973 0.062221 0.00146103
20 0.246404 0.770089 0.160442 0.360491 0.00144958
20 0.0935158 0.502232 0.186427 0.390625 0.00143814
2 0.708847 0.268694 0.154702 0.0379464 0.00138855
28 0.364697 0.359933 0.729393 0.703125 0.00131512
20 0.763839 0.622628 0.45927 0.705636 0.00130939
56 0.708243 0.272879 0.128112 0.0290179 0.00127411
0 0.0407904 0.917969 0.0429055 0.0669642 0.00127411
2 0.867779 0.337054 0.261059 0.257812 0.00124454
13 0.672589 0.382743 0.620015 0.438756 0.00122547
20 0.560189 0.357422 0.373459 0.286272 0.00122547
13 0.742084 0.364467 0.493111 0.319057 0.00117874
20 0.636331 0.265485 0.296108 0.0499442 0.0011158
19 0.624849 0.582031 0.717911 0.715402 0.00109863
20 0.56321 0.255022 0.233261 0.0714286 0.00109005
20 0.830916 0.658482 0.329949 0.285714 0.00109005
59 0.620015 0.597098 0.725163 0.742188 0.00105286
20 0.492205 0.857143 0.14322 0.248884 0.00102425
30 0.185521 0.947545 0.171018 0.0379465 0.00102043
20 0.344453 0.372768 0.688905 0.723214 0.841797
20 0.609288 0.618862 0.77804 0.719866 0.686035
20 0.425127 0.585938 0.829708 0.777902 0.327637
15 0.618655 0.598354 0.727883 0.73856 0.0723877
16 0.618655 0.598354 0.727883 0.73856 0.0661011
21 0.618655 0.598354 0.727883 0.73856 0.0359497
20 0.081883 0.834821 0.163766 0.272321 0.0262604
20 0.615331 0.216239 0.741782 0.404576 0.0229797
20 0.636935 0.309152 0.703408 0.575893 0.0142822
20 0.286742 0.781808 0.534808 0.404018 0.0127716
30 0.111041 0.958147 0.214225 0.0569197 0.0114212
20 0.792996 0.548549 0.405789 0.559152 0.0104065
20 0.905245 0.629464 0.183708 0.328125 0.0102921
20 0.212412 0.628906 0.414552 0.704241 0.00945282
20 0.837563 0.566406 0.314237 0.497768 0.00878143
20 0.363186 0.177316 0.594634 0.333984 0.00818634
20 0.243081 0.71038 0.455946 0.542411 0.00790405
20 0.250786 0.841518 0.500363 0.287946 0.00772476
20 0.464104 0.777902 0.733623 0.418527 0.00674438
20 0.543872 0.25865 0.273145 0.0809152 0.00614548
20 0.67984 0.397879 0.617597 0.488839 0.00591278
0 0.0301018 0.921875 0.0602036 0.0881697 0.00572968
20 0.475284 0.172154 0.390984 0.324777 0.0050621
20 0.206067 0.779576 0.391588 0.387277 0.0050621
20 0.136119 0.707031 0.271332 0.547991 0.00460815
0 0.00825251 0.816964 0.016505 0.131696 0.00438309
15 0.433889 0.561523 0.813391 0.845703 0.00426483
14 0.618655 0.598354 0.727883 0.73856 0.00399017
16 0.429055 0.575893 0.829103 0.84375 0.00399017
20 0.0849045 0.714146 0.169205 0.533761 0.0037365
9 0.885908 0.00795201 0.0410926 0.0140904 0.00365067
20 0.979816 0.598075 0.0403674 0.274833 0.00319672
21 0.35956 0.358538 0.71912 0.698103 0.00316048
77 0.618655 0.598354 0.727883 0.73856 0.00290108
20 0.52038 0.796875 0.515923 0.377232 0.00277901
20 0.448997 0.834822 0.699782 0.308036 0.0026722
62 0.867779 0.336496 0.262267 0.266741 0.00266266
0 0.429055 0.575893 0.829103 0.84375 0.00255013
17 0.429055 0.575893 0.829103 0.84375 0.00253105
20 0.343848 0.777902 0.361373 0.409598 0.00253105
2 0.859318 0.237723 0.246555 0.0599889 0.00251198
20 0.541455 0.857701 0.447184 0.257812 0.00245285
20 0.468863 0.489955 0.553692 0.537946 0.00243378
2 0.708243 0.272949 0.128112 0.0288784 0.00208282
20 0.518794 0.232143 0.389775 0.201451 0.0020752
20 0.54357 0.314453 0.301547 0.191964 0.00202751
0 0.0383732 0.925781 0.0504593 0.0837053 0.00199509
30 0.107566 0.969866 0.213621 0.0446428 0.00197983
20 0.867779 0.625977 0.256224 0.388672 0.00193405
0 0.980118 0.617746 0.0397631 0.314732 0.00174141
20 0.173284 0.517787 0.345963 0.516881 0.00171375
20 0.0995589 0.418248 0.199118 0.586496 0.00167465
0 0.489787 0.856027 0.148054 0.247768 0.00161648
20 0.246555 0.769531 0.160745 0.358259 0.00160408
31 0.111947 0.955357 0.217851 0.0513393 0.00160408
13 0.121767 0.817522 0.243534 0.246652 0.00153637
20 0.0945734 0.503069 0.188542 0.391183 0.00152493
30 0.15557 0.943638 0.126375 0.03125 0.00149536
16 0.35956 0.358538 0.71912 0.698103 0.00148964
57 0.979816 0.582589 0.0403674 0.245536 0.00148392
21 0.429055 0.575893 0.829103 0.84375 0.00148392
13 0.775774 0.407087 0.442652 0.422433 0.0014782
0 0.0520456 0.837612 0.103789 0.262277 0.00147247
2 0.708847 0.268973 0.153493 0.0373884 0.00143242
77 0.429055 0.575893 0.829103 0.84375 0.00142097
0 0.0328212 0.935268 0.0605058 0.0691964 0.00137806
20 0.657632 0.732143 0.637841 0.506696 0.00137806
56 0.708243 0.272949 0.128112 0.0288784 0.00136662
13 0.672589 0.391671 0.620015 0.449916 0.00136185
15 0.35956 0.358538 0.71912 0.698103 0.00132465
20 0.250332 0.496931 0.500665 0.81529 0.00130463
56 0.861736 0.239118 0.248973 0.061942 0.00128937
20 0.481705 0.407924 0.39748 0.38058 0.0012598
2 0.867779 0.337054 0.261059 0.257255 0.00123501
17 0.600073 0.594866 0.76263 0.801339 0.00123024
20 0.0586174 0.829799 0.116328 0.248884 0.00117874
53 0.600073 0.594866 0.76263 0.801339 0.00115585
20 0.636935 0.266183 0.297317 0.0485491 0.00113773
30 0.233412 0.959821 0.458968 0.0625 0.00109863
20 0.762781 0.623884 0.461385 0.705357 0.00109005
20 0.395894 0.142334 0.472414 0.264439 0.00108147
20 0.506406 0.149972 0.323906 0.245257 0.00106049
20 0.493111 0.853795 0.140198 0.241071 0.00103188
0 0.0406016 0.918527 0.0432832 0.0669642 0.00102425
20 0.343244 0.373884 0.686488 0.725446 0.850098
20 0.609137 0.619559 0.777133 0.720703 0.746094
20 0.421199 0.585938 0.817017 0.779018 0.315674
20 0.0817319 0.83538 0.163464 0.273438 0.135742
15 0.60249 0.603237 0.76263 0.735491 0.0526123
21 0.60249 0.603237 0.76263 0.735491 0.0460205
16 0.60249 0.603237 0.76263 0.735491 0.0340881
20 0.283418 0.781808 0.516074 0.405134 0.0188293
20 0.622281 0.22154 0.70371 0.414062 0.0185394
20 0.245649 0.842076 0.490089 0.28683 0.0159607
20 0.650079 0.298549 0.660201 0.549107 0.0133286
20 0.542664 0.258789 0.274353 0.0806362 0.0112
30 0.113307 0.958705 0.211204 0.0602679 0.0104065
20 0.165277 0.642997 0.330554 0.673828 0.00908661
20 0.363261 0.173689 0.592065 0.327288 0.0086441
15 0.423616 0.55971 0.812183 0.84933 0.00844574
20 0.456551 0.485212 0.545685 0.53404 0.0077858
9 0.885908 0.0078125 0.0410926 0.0129046 0.00775528
20 0.790579 0.549665 0.410624 0.559152 0.00757599
20 0.474982 0.783482 0.687696 0.408482 0.00701141
20 0.190657 0.779018 0.358351 0.386161 0.0069313
20 0.685279 0.415667 0.589799 0.423131 0.00682449
0 0.0301774 0.921875 0.0603547 0.0870536 0.00643921
16 0.423616 0.55971 0.812183 0.84933 0.00643921
20 0.837564 0.565988 0.316655 0.497489 0.00631332
20 0.905245 0.628906 0.183708 0.327009 0.00598145
20 0.12358 0.722238 0.246858 0.51981 0.00547028
20 0.0829405 0.726563 0.165881 0.511161 0.00542831
0 0.00823362 0.815848 0.0163917 0.131696 0.00540543
20 0.481025 0.169922 0.380711 0.320871 0.00453949
20 0.470147 0.43743 0.429055 0.440988 0.00385475
14 0.60249 0.603237 0.76263 0.735491 0.00342941
17 0.423616 0.55971 0.812183 0.84933 0.00329781
20 0.639503 0.177734 0.601583 0.321987 0.00324821
20 0.488201 0.781808 0.466673 0.40625 0.00307465
77 0.575296 0.601004 0.817017 0.797991 0.0030632
20 0.359862 0.777902 0.37225 0.410714 0.00298119
20 0.542664 0.333775 0.291274 0.230887 0.0029583
20 0.465615 0.840402 0.643582 0.295759 0.00283432
21 0.357747 0.361607 0.715494 0.703125 0.00261116
20 0.530276 0.257533 0.319676 0.113839 0.00250244
0 0.424825 0.538225 0.832729 0.838728 0.00250244
2 0.709451 0.273368 0.126904 0.0280413 0.0024929
20 0.247311 0.601562 0.489787 0.75 0.00243378
21 0.423616 0.55971 0.812183 0.84933 0.0024147
20 0.532391 0.858259 0.416969 0.256696 0.00239754
20 0.980118 0.59654 0.0397631 0.273438 0.002388
20 0.578015 0.382254 0.429659 0.330357 0.00228691
2 0.859318 0.238002 0.247764 0.0597098 0.00208282
20 0.24716 0.767857 0.160744 0.354911 0.00186062
30 0.111192 0.949777 0.214527 0.0424108 0.00184631
9 0.885908 0.0102888 0.0423011 0.0196708 0.00179577
77 0.423616 0.55971 0.812183 0.84933 0.00174141
20 0.0940446 0.510882 0.187787 0.373326 0.0016489
20 0.0989546 0.417969 0.197909 0.580357 0.00162888
20 0.0603547 0.828683 0.119954 0.247768 0.00161648
56 0.709451 0.273368 0.126904 0.0280413 0.00148964
0 0.038156 0.926339 0.0511958 0.0848214 0.00148964
62 0.867779 0.335938 0.263476 0.266741 0.0014782
30 0.106962 0.967634 0.213017 0.0491071 0.00144386
2 0.710056 0.270089 0.151076 0.0357143 0.00142097
13 0.680294 0.392299 0.59977 0.481027 0.00135136
20 0.170715 0.503906 0.341431 0.4375 0.00135136
13 0.122825 0.81529 0.245649 0.241071 0.00134563
20 0.868987 0.622907 0.256224 0.379185 0.00134563
20 0.502175 0.381766 0.366207 0.331334 0.00131512
13 0.779701 0.402832 0.437213 0.423131 0.00129414
16 0.357747 0.361607 0.715494 0.703125 0.00123501
19 0.423616 0.55971 0.812183 0.84933 0.00123501
20 0.64192 0.267299 0.294598 0.046875 0.00123024
31 0.112098 0.955915 0.217549 0.0513392 0.00119209
20 0.691171 0.736468 0.561095 0.498047 0.00117874
13 0.705826 0.270368 0.142615 0.0323661 0.00117397
0 0.490996 0.854911 0.148658 0.245536 0.00117397
17 0.575296 0.601004 0.817017 0.797991 0.00111198
57 0.980421 0.581473 0.0391588 0.242188 0.00110722
20 0.395516 0.143276 0.465917 0.266462 0.00110722
9 0.885908 0.0158866 0.0435098 0.0305873 0.0011034
0 0.980421 0.616211 0.0391588 0.312221 0.00109863
56 0.86234 0.239397 0.252598 0.0613839 0.00108147
15 0.357747 0.361607 0.715494 0.703125 0.00105667
23 0.575296 0.601004 0.817017 0.797991 0.00104046
20 0.510938 0.147461 0.314842 0.245815 0.00102043
0 0.032859 0.936384 0.0610346 0.0669642 0.00101662
53 0.575296 0.601004 0.817017 0.797991 0.00100803
20 0.351704 0.376953 0.703408 0.732701 0.819824
20 0.574692 0.613839 0.849649 0.734375 0.762207
20 0.424825 0.585938 0.832729 0.78125 0.287842
20 0.0815809 0.835938 0.163162 0.274554 0.24939
15 0.572879 0.605469 0.824269 0.743304 0.044342
21 0.572879 0.605469 0.824269 0.743304 0.0432129
16 0.572879 0.605469 0.824269 0.743304 0.0236053
20 0.623036 0.22447 0.694948 0.42048 0.0182648
20 0.239606 0.842076 0.478003 0.28683 0.0158997
20 0.637992 0.338728 0.684373 0.643973 0.0153656
20 0.444087 0.488212 0.611705 0.550363 0.0140076
9 0.885908 0.00769043 0.0410926 0.0126604 0.0124283
30 0.11308 0.958705 0.211959 0.0602679 0.011116
20 0.272238 0.78125 0.503384 0.40625 0.0100098
15 0.421199 0.558594 0.835146 0.858259 0.00963593
20 0.682862 0.416016 0.594634 0.476005 0.00952148
20 0.542362 0.258929 0.274958 0.0809152 0.00891876
20 0.360467 0.169782 0.591612 0.319475 0.00714874
16 0.42422 0.535714 0.848441 0.847098 0.0069046
20 0.163917 0.65346 0.327834 0.655134 0.00636292
20 0.485935 0.451939 0.422861 0.457729 0.00582123
0 0.0301774 0.921317 0.0603547 0.0870536 0.00561905
0 0.00819585 0.815848 0.0162406 0.133929 0.00534439
0 0.42422 0.535714 0.848441 0.847098 0.00527954
20 0.179629 0.777902 0.335086 0.385045 0.00518036
20 0.503384 0.192104 0.371042 0.32115 0.00466537
20 0.0823362 0.736468 0.16437 0.491351 0.00453949
20 0.479816 0.790737 0.662316 0.391741 0.00446701
17 0.421199 0.558594 0.835146 0.858259 0.00429916
20 0.104393 0.675781 0.208787 0.608259 0.00399017
20 0.905245 0.628488 0.183708 0.327846 0.00341606
14 0.572879 0.605469 0.824269 0.743304 0.00337601
20 0.641165 0.176618 0.586174 0.321987 0.00312424
20 0.837564 0.570871 0.316655 0.489955 0.00286674
77 0.54357 0.600446 0.882886 0.799107 0.00282288
20 0.541455 0.384975 0.2949 0.332729 0.00273705
20 0.573181 0.416364 0.426033 0.399414 0.00265312
20 0.520909 0.225307 0.343244 0.20731 0.00260162
20 0.791032 0.55692 0.409717 0.5625 0.00253105
20 0.980421 0.595982 0.0391588 0.272321 0.00245285
20 0.481327 0.845982 0.597655 0.285714 0.00235939
21 0.421199 0.558594 0.835146 0.858259 0.00234222
20 0.361675 0.776786 0.375272 0.41183 0.00230598
21 0.365603 0.37779 0.731206 0.736607 0.00204277
9 0.885908 0.00976562 0.0423011 0.0186244 0.00192642
77 0.42422 0.535714 0.848441 0.847098 0.00185299
20 0.259095 0.75558 0.159838 0.352679 0.00183105
20 0.525139 0.858259 0.392797 0.254464 0.00178242
2 0.709451 0.273438 0.128112 0.0284598 0.00175476
20 0.492204 0.139509 0.345057 0.261161 0.00163555
20 0.444842 0.783482 0.36243 0.401786 0.00158501
30 0.111569 0.949777 0.213168 0.0435267 0.00157928
19 0.42422 0.535714 0.848441 0.847098 0.00154877
23 0.54357 0.600446 0.882886 0.799107 0.00150108
20 0.479514 0.819755 0.372855 0.330357 0.00145531
2 0.859318 0.238002 0.247764 0.0597098 0.00139427
0 0.542362 0.258929 0.274958 0.0809152 0.00136662
9 0.885908 0.0155204 0.0435098 0.0300642 0.00128937
13 0.681653 0.387835 0.594634 0.510045 0.00126457
56 0.709451 0.273438 0.128112 0.0284598 0.00125504
30 0.106508 0.967634 0.212412 0.0491071 0.00125504
17 0.54357 0.600446 0.882886 0.799107 0.00125504
56 0.542362 0.258929 0.274958 0.0809152 0.00118828
20 0.097746 0.515625 0.194888 0.367188 0.00117874
13 0.705826 0.270578 0.142615 0.0325056 0.00116062
20 0.061941 0.828683 0.123127 0.247768 0.0011425
2 0.71066 0.27002 0.152284 0.0358538 0.00113392
13 0.743897 0.401297 0.487068 0.402762 0.00113392
20 0.101296 0.426339 0.202592 0.565848 0.00112438
0 0.781968 0.144287 0.0592217 0.12214 0.00109005
0 0.259095 0.75558 0.159838 0.352679 0.00109005
0 0.491298 0.854911 0.149867 0.245536 0.00109005
17 0.647812 0.349051 0.642978 0.634487 0.00106907
20 0.644187 0.266602 0.291274 0.0488281 0.00106525
19 0.647812 0.349051 0.642978 0.634487 0.00106049
0 0.038005 0.927455 0.0519511 0.0859375 0.00105667
53 0.54357 0.600446 0.882886 0.799107 0.00102043
62 0.870196 0.337123 0.258642 0.258789 0.00101662
13 0.123278 0.813616 0.246555 0.238839 0.00100803
59 0.42422 0.535714 0.848441 0.847098 0.00100422
20 0.556804 0.612723 0.886391 0.741071 0.759277
20 0.373459 0.393415 0.746918 0.768973 0.740234
20 0.0815053 0.836496 0.163011 0.27567 0.375732
20 0.427242 0.585798 0.844815 0.783761 0.226807
21 0.533901 0.604911 0.904641 0.753348 0.0427246
15 0.533901 0.604911 0.904641 0.753348 0.0380249
20 0.664733 0.359933 0.641769 0.666295 0.0227203
16 0.520909 0.597098 0.930626 0.805804 0.0197144
20 0.414249 0.481585 0.737854 0.59933 0.0171814
20 0.62364 0.217215 0.692531 0.407087 0.0157776
20 0.234923 0.842076 0.468032 0.28683 0.0143356
9 0.885908 0.00770787 0.0410926 0.0126604 0.0134811
15 0.424523 0.55678 0.849045 0.868583 0.0108566
30 0.112778 0.958705 0.213168 0.0602679 0.00981903
20 0.466219 0.463728 0.465917 0.481027 0.008255
16 0.429055 0.530971 0.85811 0.857701 0.00701141
20 0.505197 0.189453 0.375876 0.311384 0.00616837
20 0.351402 0.197824 0.638748 0.379464 0.006073
20 0.162557 0.65904 0.325115 0.643973 0.00475693
0 0.00823362 0.814732 0.0161651 0.133929 0.00468063
0 0.429055 0.530971 0.85811 0.857701 0.00468063
20 0.541455 0.259068 0.275562 0.0811942 0.00439835
0 0.0301774 0.921875 0.0603547 0.0870536 0.00432968
17 0.429055 0.530971 0.85811 0.857701 0.00429916
20 0.44235 0.169782 0.429055 0.32115 0.00426483
20 0.202592 0.780134 0.374365 0.390625 0.0039444
20 0.529369 0.44315 0.34687 0.477539 0.00362206
20 0.482838 0.33231 0.474982 0.606585 0.00345612
20 0.0822607 0.740513 0.164219 0.484375 0.00340271
14 0.533901 0.604911 0.904641 0.753348 0.00338936
20 0.0997099 0.680246 0.19942 0.598214 0.00317192
17 0.636935 0.351004 0.679236 0.679688 0.00283432
20 0.646604 0.167132 0.582548 0.305246 0.0026722
77 0.520909 0.597098 0.930626 0.805804 0.00256157
19 0.636935 0.351004 0.679236 0.679688 0.00255013
20 0.482838 0.796875 0.641769 0.379464 0.0024929
20 0.980723 0.595982 0.0385545 0.271205 0.00235939
20 0.305777 0.776786 0.497341 0.412946 0.00235939
23 0.520909 0.597098 0.930626 0.805804 0.00221634
21 0.429055 0.530971 0.85811 0.857701 0.00214958
20 0.905245 0.62779 0.183708 0.327009 0.00189686
20 0.259397 0.75558 0.159234 0.352679 0.0018177
77 0.429055 0.530971 0.85811 0.857701 0.00178909
9 0.885908 0.00973075 0.0435098 0.0184152 0.00174809
19 0.429055 0.530971 0.85811 0.857701 0.0017271
16 0.646604 0.347935 0.659898 0.655692 0.0015974
21 0.373459 0.393415 0.746918 0.768973 0.0015192
0 0.541455 0.259068 0.275562 0.0811942 0.00151253
17 0.520909 0.597098 0.930626 0.805804 0.00151253
0 0.259397 0.75558 0.159234 0.352679 0.00141621
20 0.835751 0.574777 0.32028 0.491071 0.00141048
0 0.781968 0.144671 0.0604302 0.122489 0.00137806
9 0.885908 0.0154332 0.0435098 0.0298898 0.00135136
13 0.673344 0.368025 0.611252 0.583147 0.00132465
20 0.533901 0.465402 0.552937 0.549107 0.00131512
21 0.636935 0.351004 0.679236 0.679688 0.00130939
13 0.736645 0.409598 0.500363 0.444196 0.0012598
20 0.494924 0.848772 0.55475 0.279018 0.00125504
56 0.541455 0.259068 0.275562 0.0811942 0.0012207
20 0.0510636 0.83817 0.102127 0.263393 0.0011692
14 0.429055 0.530971 0.85811 0.857701 0.00116062
20 0.521513 0.858817 0.375876 0.25558 0.00115585
16 0.605451 0.603655 0.789098 0.701172 0.00113773
2 0.710056 0.273438 0.126904 0.0284598 0.00112438
13 0.705826 0.270578 0.142615 0.0325056 0.00106525
0 0.621223 0.347656 0.708243 0.679688 0.00106525
56 0.710056 0.273438 0.126904 0.0284598 0.00102425
53 0.520909 0.597098 0.930626 0.805804 0.00102425
0 0.798888 0.148751 0.0676819 0.112095 0.00102043
0 0.777133 0.114049 0.0821852 0.184849 0.00101662
23 0.429055 0.530971 0.85811 0.857701 0.00101662
20 0.600073 0.435268 0.728789 0.430804 0.00100803
20 0.598199 0.612165 0.803602 0.747768 0.777344
20 0.374668 0.397042 0.749335 0.775112 0.726562
20 0.0813542 0.837054 0.162708 0.276786 0.460938
20 0.425731 0.55692 0.851462 0.870536 0.188965
21 0.525139 0.605469 0.922166 0.754464 0.0367737
15 0.525139 0.605469 0.922166 0.754464 0.0279083
20 0.669567 0.363839 0.630892 0.666295 0.0224609
16 0.516679 0.597796 0.940295 0.804408 0.0157776
20 0.230844 0.841518 0.45927 0.285714 0.013588
20 0.623791 0.217494 0.688603 0.407645 0.0131683
20 0.460554 0.4631 0.466371 0.48005 0.0127258
9 0.885908 0.00770787 0.0410926 0.0126953 0.0120087
30 0.112854 0.958705 0.213621 0.0602679 0.00809479
15 0.430263 0.531529 0.860527 0.858817 0.00772476
20 0.505801 0.189453 0.373459 0.305246 0.00616837
16 0.430263 0.531529 0.860527 0.858817 0.00538635
20 0.350798 0.196987 0.639956 0.378348 0.00510025
20 0.161953 0.662946 0.323906 0.638393 0.0050621
20 0.541455 0.259347 0.275562 0.0817523 0.00466537
20 0.17419 0.777344 0.323604 0.383929 0.00416565
0 0.00804478 0.81529 0.0152586 0.131696 0.00392914
20 0.532391 0.448591 0.332366 0.482282 0.00392914
20 0.482158 0.344587 0.46909 0.634487 0.00372124
20 0.442878 0.169224 0.427997 0.320034 0.00345612
17 0.430263 0.531529 0.860527 0.858817 0.00335121
0 0.0301396 0.921875 0.0602792 0.0870536 0.00331116
0 0.430263 0.531529 0.860527 0.858817 0.00325966
17 0.635877 0.353237 0.683768 0.684152 0.00322342
20 0.0963107 0.68192 0.192319 0.59375 0.00319672
19 0.635877 0.353237 0.683768 0.684152 0.00276756
14 0.525139 0.605469 0.922166 0.754464 0.00263214
20 0.980723 0.595843 0.0385545 0.270368 0.00258064
20 0.0827895 0.763951 0.165579 0.426339 0.00256157
20 0.646755 0.166295 0.582246 0.303571 0.00251198
20 0.247462 0.782366 0.432076 0.397321 0.00225258
23 0.516679 0.597796 0.940295 0.804408 0.00214005
20 0.259246 0.75558 0.158932 0.352679 0.00208282
20 0.484046 0.799107 0.636935 0.375 0.00198746
77 0.516679 0.597796 0.940295 0.804408 0.00195694
0 0.541455 0.259347 0.275562 0.0817523 0.00188923
0 0.259246 0.75558 0.158932 0.352679 0.00176144
16 0.644791 0.350446 0.668359 0.665179 0.00175476
21 0.430263 0.531529 0.860527 0.858817 0.0017271
20 0.52393 0.461775 0.537829 0.545201 0.00168705
20 0.906454 0.627093 0.183708 0.326172 0.00157356
0 0.686488 0.0987723 0.0894367 0.188337 0.00151253
19 0.430263 0.531529 0.860527 0.858817 0.00148964
0 0.782572 0.145054 0.0604303 0.12228 0.00146103
77 0.430263 0.531529 0.860527 0.858817 0.00146103
56 0.541455 0.259347 0.275562 0.0817523 0.00143242
9 0.885908 0.00973075 0.0435098 0.0183454 0.00141048
13 0.734832 0.407924 0.503988 0.458705 0.00139904
21 0.635877 0.353237 0.683768 0.684152 0.00139904
21 0.3792 0.42913 0.7584 0.822545 0.00139427
13 0.670927 0.365513 0.616087 0.597098 0.00133514
17 0.516679 0.597796 0.940295 0.804408 0.00131512
20 0.050988 0.83817 0.101976 0.263393 0.00123501
0 0.775925 0.112235 0.0846024 0.189035 0.0012207
0 0.656424 0.0975167 0.147148 0.191127 0.00121593
9 0.885908 0.0153809 0.0435098 0.0297852 0.00120163
20 0.500363 0.850447 0.542664 0.276786 0.00118828
20 0.368625 0.773438 0.375272 0.419643 0.00116539
20 0.509729 0.404855 0.459874 0.361049 0.00116062
20 0.358956 0.717634 0.169205 0.261161 0.00113392
0 0.621374 0.348214 0.712775 0.683036 0.00107288
20 0.834542 0.576451 0.322698 0.496652 0.00107288
56 0.71066 0.273438 0.126904 0.0284598 0.00106525
13 0.70643 0.270578 0.141407 0.0325056 0.00104809
20 0.594029 0.435826 0.72758 0.43192 0.00104809
20 0.658539 0.795759 0.662618 0.385045 0.00104427
20 0.596688 0.612863 0.806623 0.747489 0.817383
20 0.377689 0.398717 0.755378 0.77846 0.729492
20 0.0815809 0.840402 0.163162 0.282366 0.546875
20 0.42422 0.557896 0.848441 0.870815 0.135254
21 0.52393 0.605887 0.925792 0.754743 0.0490417
20 0.656877 0.36356 0.657481 0.688058 0.0258636
15 0.52393 0.605887 0.925792 0.754743 0.0233307
20 0.230844 0.841518 0.45927 0.285714 0.0159607
9 0.885908 0.00767299 0.0410926 0.0127302 0.0145569
20 0.440839 0.470912 0.508219 0.50014 0.0136337
16 0.516074 0.597098 0.942712 0.805804 0.0124817
20 0.621374 0.223772 0.698272 0.420759 0.01017
15 0.429659 0.533203 0.859318 0.855469 0.01017
30 0.112854 0.958705 0.214225 0.0602679 0.00720596
20 0.511844 0.188756 0.37225 0.309989 0.0069313
17 0.626058 0.355748 0.705826 0.694754 0.00602722
16 0.429659 0.533203 0.859318 0.855469 0.00600433
20 0.161198 0.662807 0.322395 0.640904 0.00584412
19 0.626058 0.355748 0.705826 0.694754 0.00570679
20 0.519096 0.446498 0.356539 0.51995 0.00561905
20 0.181895 0.779018 0.310612 0.388393 0.00518036
20 0.228993 0.776786 0.20856 0.391741 0.0051384
0 0.00800701 0.81529 0.0151831 0.131696 0.00482941
0 0.0299507 0.921875 0.0599015 0.0870536 0.0046463
20 0.350496 0.196708 0.638144 0.378348 0.00452042
20 0.157874 0.841518 0.315748 0.285714 0.00429916
20 0.467655 0.353516 0.500514 0.663505 0.0039444
20 0.101447 0.683594 0.202592 0.590402 0.00359344
0 0.686488 0.0987026 0.0870196 0.191546 0.00351143
17 0.429659 0.533203 0.859318 0.855469 0.00345612
0 0.542059 0.259766 0.274353 0.0825893 0.00333786
0 0.429659 0.533203 0.859318 0.855469 0.00329781
20 0.542059 0.259766 0.274353 0.0825893 0.00311089
20 0.290896 0.78125 0.322244 0.40067 0.00294685
16 0.626058 0.355748 0.705826 0.694754 0.0026722
23 0.516074 0.597098 0.942712 0.805804 0.0026207
14 0.516074 0.597098 0.942712 0.805804 0.00259018
20 0.442652 0.169085 0.422408 0.320313 0.00253105
21 0.626058 0.355748 0.705826 0.694754 0.00251198
20 0.0826384 0.765625 0.165277 0.421875 0.00243378
20 0.980421 0.597098 0.0391588 0.273438 0.00236893
20 0.273447 0.784598 0.459874 0.401786 0.00233269
20 0.258642 0.756138 0.157723 0.360491 0.00232315
0 0.775925 0.109236 0.0846024 0.195313 0.00228691
20 0.650079 0.166155 0.597353 0.306083 0.00228691
56 0.542059 0.259766 0.274353 0.0825893 0.00211525
0 0.258642 0.756138 0.157723 0.360491 0.00206757
0 0.782572 0.145089 0.0616388 0.123047 0.00205803
20 0.581943 0.443708 0.736041 0.451869 0.00201035
21 0.429659 0.533203 0.859318 0.855469 0.00183868
0 0.660956 0.0977958 0.138083 0.193359 0.0018177
77 0.429659 0.533203 0.859318 0.855469 0.00175476
20 0.488579 0.799107 0.62787 0.376116 0.00168705
18 0.626058 0.355748 0.705826 0.694754 0.00161076
9 0.885908 0.00969587 0.0435098 0.0182757 0.00160408
19 0.429659 0.533203 0.859318 0.855469 0.00156116
20 0.907663 0.62779 0.181291 0.325893 0.00154877
0 0.616389 0.349609 0.72758 0.689174 0.00148392
9 0.885908 0.0152937 0.0435098 0.0296805 0.0014782
77 0.516074 0.597098 0.942712 0.805804 0.00146103
20 0.521513 0.446987 0.545081 0.559152 0.00145531
20 0.0511391 0.83817 0.102278 0.263393 0.00143242
13 0.727731 0.400112 0.519398 0.487723 0.00134087
21 0.381919 0.429688 0.763839 0.823661 0.00129414
20 0.503988 0.84933 0.545081 0.279018 0.00129414
0 0.86234 0.103446 0.0954798 0.127372 0.00127888
17 0.516074 0.597098 0.942712 0.805804 0.00125504
0 0.781968 0.0516183 0.0713077 0.0818917 0.00123024
0 0.781968 0.12207 0.0676819 0.17048 0.00121593
13 0.663524 0.357701 0.630892 0.626116 0.00119686
56 0.71066 0.273368 0.128112 0.0280413 0.00119209
20 0.832729 0.575753 0.326323 0.506975 0.00118828
20 0.358427 0.71875 0.170262 0.270089 0.00118351
0 0.869591 0.0887277 0.107566 0.108817 0.0011425
0 0.798888 0.148996 0.0725163 0.113839 0.00112438
20 0.372553 0.773996 0.375272 0.418527 0.0011034
14 0.429659 0.533203 0.859318 0.855469 0.00109005
13 0.707034 0.270647 0.140198 0.0323661 0.00108624
2 0.71066 0.273368 0.128112 0.0280413 0.00105667
0 0.859923 0.122349 0.113609 0.163783 0.00105667
0 0.849649 0.178013 0.0664733 0.0558036 0.00102806
25 0.52393 0.605887 0.925792 0.754743 0.00102425
1 0.626058 0.344866 0.713077 0.675223 0.00100803
20 0.594876 0.612584 0.810249 0.748047 0.836426
20 0.377387 0.398996 0.754774 0.777902 0.750488
20 0.0812787 0.840402 0.162557 0.28125 0.59082
20 0.428451 0.573661 0.856901 0.852679 0.117188
21 0.525139 0.606166 0.924583 0.754185 0.0524292
15 0.516074 0.597935 0.942712 0.804129 0.0222015
20 0.667301 0.374163 0.628173 0.664621 0.0177155
9 0.885908 0.00762068 0.0410926 0.0126953 0.0176392
20 0.44809 0.467564 0.488881 0.493443 0.0167847
20 0.228729 0.841518 0.45504 0.285714 0.0161591
16 0.516074 0.597935 0.942712 0.804129 0.0107346
15 0.428753 0.535156 0.857505 0.851562 0.00967407
20 0.617597 0.235491 0.707034 0.444755 0.00834656
20 0.241419 0.776786 0.179478 0.390625 0.00703812
30 0.112929 0.958705 0.214074 0.0602679 0.00682449
17 0.624698 0.356306 0.708545 0.693638 0.00661469
20 0.161349 0.665737 0.322698 0.636161 0.00661469
20 0.510031 0.189174 0.375876 0.314174 0.00651169
20 0.188505 0.779018 0.290745 0.388393 0.00629044
19 0.624698 0.356306 0.708545 0.693638 0.00584412
16 0.428753 0.535156 0.857505 0.851562 0.00518036
0 0.686488 0.0988421 0.0882282 0.193499 0.0051384
20 0.533901 0.458705 0.317259 0.491071 0.00498199
0 0.00796924 0.814732 0.0151076 0.131696 0.00494385
0 0.0298374 0.921875 0.0596749 0.0870536 0.00448608
0 0.542059 0.259766 0.274353 0.0825893 0.00432968
20 0.101221 0.685268 0.201837 0.584821 0.00429916
20 0.350496 0.197824 0.638144 0.38058 0.00415039
20 0.156968 0.841518 0.313935 0.285714 0.00397491
20 0.294975 0.78125 0.282663 0.399554 0.00355148
20 0.477399 0.351842 0.455644 0.657924 0.00329781
20 0.579526 0.439104 0.696157 0.442104 0.00327301
20 0.542059 0.259766 0.274353 0.0825893 0.00321007
23 0.516074 0.597935 0.942712 0.804129 0.00314713
17 0.428753 0.535156 0.857505 0.851562 0.00288963
20 0.980421 0.597238 0.0391588 0.274275 0.00287819
0 0.776529 0.108677 0.085811 0.196708 0.00283432
56 0.542059 0.259766 0.274353 0.0825893 0.00277901
0 0.428753 0.535156 0.857505 0.851562 0.00275803
21 0.624698 0.356306 0.708545 0.693638 0.00269318
16 0.636331 0.352679 0.688905 0.679688 0.00266266
20 0.242174 0.783482 0.468032 0.399554 0.00261116
14 0.516074 0.597935 0.942712 0.804129 0.00257111
20 0.442878 0.171317 0.424371 0.324777 0.00242424
0 0.782572 0.145089 0.0616388 0.123326 0.00236893
0 0.260757 0.741071 0.151076 0.328125 0.00227928
0 0.662316 0.0980748 0.135364 0.194475 0.00223351
20 0.647964 0.167829 0.606418 0.310547 0.00223351
20 0.260757 0.741071 0.151076 0.328125 0.00218201
20 0.0825628 0.766183 0.165126 0.420759 0.00208282
9 0.885908 0.00948661 0.0435098 0.0177874 0.00178909
18 0.624698 0.356306 0.708545 0.693638 0.00174809
9 0.885908 0.0151193 0.0435098 0.0293318 0.00166798
21 0.428753 0.535156 0.857505 0.851562 0.00165462
20 0.907663 0.62779 0.178874 0.325893 0.00161648
0 0.61518 0.349888 0.729998 0.690848 0.00157356
20 0.518492 0.44022 0.520909 0.544782 0.00156116
20 0.486464 0.800223 0.632101 0.373884 0.00154305
20 0.0512147 0.837054 0.102429 0.263393 0.00146103
77 0.428753 0.535156 0.857505 0.851562 0.00143814
0 0.781968 0.120257 0.0676819 0.174665 0.0014267
0 0.861736 0.105486 0.0966885 0.13222 0.00139427
13 0.722595 0.388323 0.527254 0.513532 0.00136662
19 0.428753 0.535156 0.857505 0.851562 0.00136662
56 0.71066 0.273368 0.128112 0.0280413 0.00133514
20 0.49855 0.84933 0.56321 0.279018 0.00133514
20 0.358427 0.71875 0.170262 0.274554 0.00132465
0 0.859318 0.122977 0.116026 0.165597 0.00130939
0 0.781968 0.0519322 0.0725163 0.0825195 0.0012846
21 0.380711 0.42885 0.761421 0.823103 0.0012846
20 0.83152 0.576032 0.328741 0.510882 0.0012598
0 0.849649 0.178013 0.0664733 0.0560826 0.00124931
0 0.869591 0.0886579 0.108774 0.109794 0.00121117
0 0.798888 0.148717 0.0725163 0.114955 0.00119209
0 0.827895 0.14903 0.079768 0.0975865 0.00119209
2 0.71066 0.273368 0.128112 0.0280413 0.0011692
17 0.516074 0.597935 0.942712 0.804129 0.00116062
11 0.885908 0.00762068 0.0410926 0.0126953 0.00114727
0 0.887116 0.180525 0.085811 0.0680804 0.00113392
20 0.664884 0.796875 0.654762 0.383929 0.00113392
13 0.660503 0.355469 0.636935 0.631696 0.00112915
77 0.516074 0.597935 0.942712 0.804129 0.00112057
1 0.625453 0.345424 0.714286 0.677455 0.00110722
0 0.868383 0.179967 0.10394 0.0686384 0.0011034
20 0.340147 0.776786 0.436458 0.415179 0.00109482
0 0.540851 0.307757 0.300943 0.182478 0.00107765
13 0.707034 0.270578 0.140198 0.0325056 0.00107288
20 0.503988 0.386719 0.44235 0.331473 0.00106049
20 0.0136157 0.796875 0.0268537 0.165179 0.00105667
25 0.525139 0.606166 0.924583 0.754185 0.00103188
1 0.625453 0.177455 0.71912 0.334263 0.00102425
20 0.594271 0.613281 0.811458 0.746652 0.848145
20 0.373157 0.396205 0.746314 0.771205 0.791992
20 0.0812032 0.840402 0.162406 0.28125 0.624512
20 0.424825 0.573661 0.847232 0.852679 0.135742
21 0.517887 0.601702 0.939086 0.796596 0.0632324
15 0.517887 0.601702 0.939086 0.796596 0.0249939
9 0.885908 0.00760324 0.0410926 0.0126256 0.0217743
20 0.22752 0.841518 0.452623 0.285714 0.0167847
20 0.466522 0.45731 0.445975 0.47154 0.0157776
20 0.675761 0.406808 0.596749 0.579241 0.0115051
16 0.517887 0.601702 0.939086 0.796596 0.0110703
20 0.604907 0.353237 0.760213 0.685268 0.0107346
15 0.423616 0.538783 0.847232 0.842076 0.00891876
20 0.245045 0.77567 0.171018 0.388393 0.00891876
20 0.613367 0.237863 0.714286 0.449498 0.00803375
30 0.111192 0.959263 0.220873 0.063616 0.00775528
20 0.200968 0.77846 0.262192 0.387277 0.00766754
20 0.161953 0.670759 0.323302 0.627232 0.00664139
20 0.50701 0.188895 0.380711 0.319196 0.0064621
17 0.625453 0.354632 0.704617 0.683594 0.00605011
0 0.685279 0.0989118 0.0894368 0.194475 0.00582123
0 0.00798813 0.814732 0.0151453 0.133929 0.00511932
0 0.541757 0.259905 0.274958 0.0828683 0.00510025
19 0.625453 0.354632 0.704617 0.683594 0.00498199
16 0.423616 0.538783 0.847232 0.842076 0.00486755
20 0.580735 0.430246 0.645395 0.422991 0.00477219
20 0.100163 0.6875 0.199722 0.578125 0.00475693
20 0.535412 0.451521 0.322698 0.469727 0.00450516
0 0.0298374 0.921875 0.0596749 0.0870536 0.00439835
20 0.157723 0.841518 0.315446 0.285714 0.0042305
20 0.287195 0.78125 0.254714 0.399554 0.00397491
20 0.541757 0.259905 0.274958 0.0828683 0.00379562
23 0.517887 0.601702 0.939086 0.796596 0.00353813
56 0.541757 0.259905 0.274958 0.0828683 0.00335121
20 0.980421 0.596959 0.0391588 0.2726 0.00332451
20 0.35465 0.169085 0.591159 0.31808 0.00324821
14 0.517887 0.601702 0.939086 0.796596 0.00288963
0 0.423616 0.538783 0.847232 0.842076 0.00286674
17 0.423616 0.538783 0.847232 0.842076 0.00286674
0 0.658841 0.098284 0.142313 0.195173 0.00277901
20 0.49855 0.330357 0.396423 0.602679 0.00269318
20 0.285231 0.784598 0.45081 0.401786 0.0026722
0 0.776529 0.109235 0.085811 0.195592 0.00261116
20 0.643582 0.173828 0.616389 0.323103 0.00256157
0 0.258642 0.753906 0.15591 0.356027 0.00251198
0 0.782572 0.145089 0.0616388 0.123326 0.00244331
20 0.441443 0.173968 0.430868 0.32952 0.0024147
16 0.636935 0.351004 0.686488 0.670759 0.002388
21 0.625453 0.354632 0.704617 0.683594 0.00234222
20 0.260757 0.741071 0.149867 0.328125 0.00225258
9 0.885908 0.00924247 0.0435098 0.0173689 0.00204277
20 0.328136 0.611049 0.613971 0.736607 0.00196457
20 0.907663 0.628348 0.178874 0.325893 0.00184631
20 0.0826384 0.766741 0.165277 0.417411 0.00183105
9 0.885908 0.0150146 0.0435098 0.0291225 0.00178909
21 0.423616 0.538783 0.847232 0.842076 0.00178242
0 0.849649 0.178292 0.0664733 0.0563616 0.00161648
2 0.71066 0.273438 0.128112 0.0284598 0.00156116
56 0.71066 0.273438 0.128112 0.0284598 0.00156116
0 0.616238 0.349051 0.727883 0.686942 0.00154877
20 0.663524 0.796875 0.65869 0.383929 0.00154877
18 0.625453 0.354632 0.704617 0.683594 0.00151253
20 0.0511391 0.837054 0.102278 0.262277 0.00150108
20 0.83152 0.575335 0.328741 0.508929 0.00146675
19 0.423616 0.538783 0.847232 0.842076 0.00143242
20 0.486464 0.801339 0.630892 0.370536 0.00142097
0 0.781968 0.120536 0.0676819 0.174107 0.00139904
20 0.358654 0.719866 0.169205 0.276786 0.00138855
0 0.826686 0.148856 0.0821852 0.0979353 0.00138283
0 0.798888 0.148682 0.0749336 0.115025 0.00136662
21 0.376481 0.426339 0.752961 0.816964 0.00135612
0 0.85811 0.123605 0.118443 0.166853 0.00135136
77 0.423616 0.538783 0.847232 0.842076 0.00133514
20 0.490392 0.849888 0.585569 0.277902 0.00129414
0 0.861736 0.10716 0.0966885 0.135289 0.00127411
0 0.862944 0.179269 0.0894368 0.0664062 0.00124931
0 0.85811 0.18764 0.0797679 0.0538504 0.00117397
20 0.0137101 0.796875 0.026967 0.166295 0.00117397
0 0.888325 0.180525 0.0846024 0.0680804 0.00116539
0 0.539944 0.304967 0.301547 0.176897 0.00116062
0 0.781968 0.0522461 0.0725163 0.0831473 0.00115585
20 0.371948 0.773438 0.380106 0.419643 0.00113773
11 0.885908 0.00760324 0.0410926 0.0126256 0.00113392
77 0.517887 0.601702 0.939086 0.796596 0.0011158
20 0.135666 0.81808 0.185219 0.241071 0.00110722
13 0.728185 0.388951 0.518492 0.482143 0.00110722
0 0.492507 0.852679 0.151076 0.236607 0.0011034
17 0.517887 0.601702 0.939086 0.796596 0.00107288
20 0.500967 0.381627 0.429055 0.313756 0.00104046
13 0.707034 0.270368 0.140198 0.0323661 0.00102425
0 0.698574 0.108538 0.0761421 0.193638 0.00102425
20 0.594271 0.613979 0.811458 0.745257 0.85498
20 0.371646 0.39481 0.743292 0.768415 0.809082
20 0.0812032 0.840402 0.162406 0.28125 0.625977
20 0.420897 0.574777 0.830916 0.850446 0.134277
21 0.522117 0.605887 0.930626 0.788225 0.0742188
15 0.522117 0.605887 0.930626 0.788225 0.0241394
9 0.885908 0.00753348 0.0410926 0.0125558 0.0239563
20 0.404278 0.465123 0.669567 0.571987 0.0171051
20 0.227822 0.841518 0.453227 0.285714 0.0160217
20 0.473471 0.452497 0.433285 0.462193 0.0128708
16 0.522117 0.605887 0.930626 0.788225 0.0108185
20 0.24716 0.775112 0.165579 0.385045 0.0105286
30 0.111116 0.958705 0.220722 0.0625 0.00997162
20 0.613972 0.351004 0.736041 0.678571 0.00828552
20 0.171471 0.648438 0.333273 0.671875 0.00828552
20 0.174643 0.780134 0.322698 0.399554 0.0078125
20 0.57439 0.424177 0.604907 0.410575 0.0077858
20 0.676819 0.439802 0.570462 0.495396 0.00720596
20 0.612612 0.23591 0.715797 0.445592 0.00677109
0 0.685883 0.0989118 0.0906454 0.194754 0.00674438
15 0.420595 0.544085 0.832729 0.829241 0.00669098
0 0.541455 0.259905 0.275562 0.0828683 0.00616837
20 0.506708 0.1875 0.376481 0.320312 0.00609589
0 0.00798813 0.814732 0.0151453 0.133929 0.00559998
20 0.10039 0.688616 0.199873 0.573661 0.00536346
0 0.0297619 0.921317 0.0595238 0.0859375 0.00510025
20 0.322622 0.611049 0.597202 0.735491 0.00494385
17 0.626662 0.353237 0.699782 0.670759 0.0049057
20 0.159838 0.841518 0.319676 0.285714 0.00460815
20 0.542059 0.442522 0.293691 0.447545 0.00408554
16 0.420595 0.544085 0.832729 0.829241 0.00397491
56 0.541455 0.259905 0.275562 0.0828683 0.0039444
20 0.541455 0.259905 0.275562 0.0828683 0.00390053
19 0.626662 0.353237 0.699782 0.670759 0.00388527
23 0.522117 0.605887 0.930626 0.788225 0.00380898
20 0.980421 0.59654 0.0391588 0.272321 0.00363541
20 0.356463 0.169922 0.58995 0.319754 0.00340271
0 0.65733 0.0983538 0.145335 0.195592 0.00319672
20 0.290367 0.784598 0.44658 0.401786 0.00302696
14 0.522117 0.605887 0.930626 0.788225 0.00300407
0 0.258642 0.754464 0.15591 0.357143 0.00279045
0 0.775925 0.109515 0.0870196 0.195033 0.00273705
0 0.782572 0.145089 0.0616388 0.123326 0.00270462
20 0.641769 0.180106 0.621223 0.336217 0.00230598
17 0.420595 0.544085 0.832729 0.829241 0.00226974
20 0.440839 0.175084 0.434494 0.331752 0.00225258
9 0.885908 0.00905064 0.0435098 0.0169852 0.00216484
20 0.519398 0.243862 0.345057 0.362723 0.00214958
0 0.420595 0.544085 0.832729 0.829241 0.00212479
20 0.0827895 0.763253 0.165579 0.424386 0.00212479
20 0.908871 0.628488 0.178874 0.325614 0.00201988
2 0.71066 0.273438 0.128112 0.0284598 0.00194168
16 0.638144 0.34933 0.684071 0.660714 0.00193405
21 0.626662 0.353237 0.699782 0.670759 0.00192642
9 0.885908 0.0147879 0.0435098 0.0287388 0.00189686
56 0.71066 0.273438 0.128112 0.0284598 0.00186729
20 0.832729 0.573521 0.328741 0.506975 0.00185299
0 0.849649 0.178292 0.0664733 0.0566406 0.00178909
20 0.66715 0.797433 0.652647 0.383929 0.0016489
21 0.420595 0.544085 0.832729 0.829241 0.00159168
0 0.798888 0.149135 0.0773507 0.114118 0.00147247
20 0.0511391 0.837054 0.102278 0.263393 0.00147247
0 0.781968 0.120257 0.0676819 0.174665 0.00146675
0 0.856901 0.123884 0.120861 0.16769 0.00144386
0 0.825477 0.148682 0.085811 0.097726 0.00142097
20 0.358049 0.719866 0.169809 0.277902 0.00141048
0 0.616389 0.348214 0.725163 0.683036 0.00141048
21 0.374668 0.425223 0.749335 0.814732 0.00137806
0 0.861736 0.179269 0.0870196 0.0661272 0.00136185
0 0.491902 0.852679 0.151076 0.236607 0.00135136
20 0.489183 0.803571 0.621827 0.366071 0.00131989
0 0.857505 0.18764 0.079768 0.0535714 0.00130463
0 0.539038 0.301897 0.302151 0.170201 0.00129414
0 0.861736 0.106567 0.0966885 0.133963 0.00128937
20 0.274807 0.737165 0.126601 0.316964 0.00127888
0 0.88772 0.180664 0.0833937 0.0678013 0.00127411
20 0.371948 0.773996 0.381315 0.418527 0.00126457
11 0.885908 0.00753348 0.0410926 0.0125558 0.00125504
20 0.127055 0.826451 0.247462 0.261161 0.00125504
0 0.698574 0.108119 0.0761421 0.192243 0.00123501
20 0.266951 0.515067 0.509125 0.853795 0.00123501
18 0.626662 0.353237 0.699782 0.670759 0.00121593
19 0.420595 0.544085 0.832729 0.829241 0.0012064
20 0.0136157 0.796875 0.0267026 0.166295 0.00119209
0 0.781968 0.0525251 0.0725163 0.0835659 0.00117874
2 0.716703 0.266462 0.174039 0.0401786 0.00113392
31 0.117084 0.957589 0.204556 0.0558036 0.00113392
77 0.420595 0.544085 0.832729 0.829241 0.00113392
20 0.129547 0.818638 0.163313 0.239955 0.00110722
0 0.0383071 0.929688 0.0518001 0.0870536 0.00109482
77 0.522117 0.605887 0.930626 0.788225 0.00108147
13 0.707034 0.270368 0.140198 0.0323661 0.00107765
56 0.7022 0.268415 0.140198 0.0301339 0.00105286
5 0.76127 0.138079 0.454738 0.267927 0.00104427
25 0.540549 0.259766 0.279792 0.0831473 0.00101662
20 0.593365 0.614816 0.81327 0.743583 0.864258
20 0.372855 0.395368 0.745709 0.769531 0.817383
20 0.0810521 0.840402 0.162104 0.28125 0.649414
20 0.41999 0.575195 0.825477 0.849609 0.139404
21 0.526348 0.607701 0.922166 0.784598 0.100525
9 0.885908 0.0074986 0.0410926 0.0125558 0.0273743
15 0.526348 0.607701 0.922166 0.784598 0.024231
20 0.227822 0.841518 0.453831 0.285714 0.0154266
20 0.402466 0.458984 0.676819 0.577567 0.0149536
20 0.247764 0.774554 0.163162 0.383929 0.0110703
20 0.472565 0.451521 0.436307 0.460798 0.0106964
30 0.111192 0.958705 0.220873 0.0636161 0.0105286
16 0.526348 0.607701 0.922166 0.784598 0.0104065
20 0.569253 0.423619 0.588591 0.409459 0.00874329
20 0.171622 0.651786 0.334179 0.664062 0.00871277
15 0.413947 0.561942 0.810974 0.858259 0.00812531
20 0.175248 0.780692 0.32028 0.398438 0.00775528
0 0.685883 0.0990513 0.0906454 0.195033 0.00763702
0 0.541455 0.259905 0.275562 0.0828683 0.00695801
20 0.612763 0.349888 0.732415 0.675223 0.00653839
0 0.0296864 0.921317 0.0593727 0.0859375 0.00631332
0 0.00798813 0.814732 0.0151453 0.133929 0.00624084
20 0.32096 0.611468 0.590857 0.734654 0.00624084
20 0.670927 0.442801 0.555656 0.478237 0.00584412
20 0.507614 0.186384 0.373459 0.320312 0.00559998
20 0.610346 0.232282 0.717912 0.438337 0.00547028
20 0.100616 0.689872 0.200628 0.568917 0.00479126
20 0.159687 0.841518 0.319374 0.285714 0.0046463
16 0.418782 0.545759 0.826686 0.823661 0.00460815
56 0.541455 0.259905 0.275562 0.0828683 0.00419998
17 0.624245 0.352958 0.699782 0.664621 0.00419998
23 0.526348 0.607701 0.922166 0.784598 0.00416565
19 0.624245 0.352958 0.699782 0.664621 0.00407028
20 0.980421 0.597098 0.0391588 0.272321 0.00382423
20 0.542059 0.438616 0.293691 0.439732 0.00370789
0 0.656877 0.0983538 0.14745 0.195592 0.00346947
14 0.526348 0.607701 0.922166 0.784598 0.00344276
20 0.541455 0.259905 0.275562 0.0828683 0.00333786
20 0.325115 0.78125 0.389775 0.40625 0.00314713
20 0.356841 0.17048 0.589195 0.320871 0.00309944
0 0.258642 0.754464 0.154701 0.357143 0.00294685
0 0.775925 0.109654 0.0870196 0.194754 0.00292397
0 0.781968 0.14481 0.0604302 0.123605 0.00284576
17 0.418782 0.545759 0.826686 0.823661 0.00246239
0 0.418782 0.545759 0.826686 0.823661 0.00239754
20 0.909475 0.628906 0.177665 0.325893 0.00232315
20 0.832729 0.572545 0.328741 0.507812 0.00221634
20 0.238397 0.782366 0.459874 0.399554 0.00220871
2 0.71066 0.273507 0.128112 0.0288784 0.00216484
9 0.885908 0.0144566 0.0435098 0.0280762 0.00203514
21 0.624245 0.352958 0.699782 0.664621 0.00200272
56 0.71066 0.273507 0.128112 0.0288784 0.0019722
20 0.639956 0.182199 0.624849 0.34096 0.00196457
20 0.524233 0.225133 0.332971 0.275739 0.00188255
21 0.418782 0.545759 0.826686 0.823661 0.00185299
16 0.636935 0.348772 0.684071 0.655134 0.00181007
0 0.849649 0.178013 0.0664733 0.0552455 0.00176144
20 0.0826384 0.763253 0.165277 0.422154 0.00175476
20 0.666546 0.797991 0.656273 0.383929 0.00164223
0 0.781968 0.119978 0.0676819 0.174665 0.00157928
0 0.856297 0.123814 0.122069 0.16755 0.00153065
0 0.698574 0.107561 0.0773508 0.191127 0.00152493
11 0.885908 0.0074986 0.0410926 0.0125558 0.0015192
21 0.375272 0.425502 0.750544 0.814174 0.0015192
20 0.358276 0.720424 0.169356 0.277902 0.00148964
0 0.798888 0.149275 0.0773507 0.11356 0.00148392
2 0.865966 0.344866 0.264685 0.274554 0.00141621
0 0.491902 0.852679 0.151076 0.236607 0.00140476
0 0.824873 0.148717 0.0870196 0.0976562 0.00139904
20 0.0510258 0.837054 0.102052 0.262277 0.00138855
0 0.861736 0.104632 0.0954798 0.129743 0.00137234
0 0.538131 0.301409 0.302756 0.169503 0.00136662
19 0.418782 0.545759 0.826686 0.823661 0.00135136
0 0.86234 0.17885 0.0882282 0.0652902 0.00133514
0 0.886512 0.180664 0.0870196 0.0675223 0.00133038
0 0.0382882 0.928572 0.0516868 0.0870536 0.00133038
20 0.275562 0.737723 0.124486 0.316964 0.00131512
0 0.615331 0.348214 0.724861 0.680804 0.00130463
0 0.856901 0.188058 0.0797679 0.0530134 0.00129414
62 0.867779 0.336426 0.263476 0.262416 0.00127411
20 0.0135779 0.796875 0.0266271 0.166295 0.00126457
2 0.71066 0.268694 0.158327 0.0373884 0.00124931
77 0.418782 0.545759 0.826686 0.823661 0.00124454
0 0.0333499 0.9375 0.0614123 0.0647322 0.00123978
20 0.484651 0.851005 0.60672 0.27567 0.0012064
0 0.781968 0.0529088 0.0725163 0.0841936 0.00119686
20 0.126904 0.826451 0.246858 0.260045 0.00117874
25 0.540247 0.259905 0.280396 0.0834263 0.0011692
18 0.624245 0.352958 0.699782 0.664621 0.0011692
20 0.258944 0.513672 0.493111 0.849888 0.00115108
9 0.896785 0.024135 0.0265893 0.0185547 0.00112438
13 0.707034 0.270368 0.140198 0.0323661 0.00112057
0 0.867779 0.0882394 0.106357 0.106445 0.00111198
31 0.117235 0.957589 0.204556 0.0558036 0.00110722
2 0.861131 0.238421 0.250181 0.0594308 0.00109863
18 0.526348 0.607701 0.922166 0.784598 0.00109005
56 0.7022 0.268694 0.140198 0.0301339 0.00107765
77 0.526348 0.607701 0.922166 0.784598 0.00105667
20 0.127357 0.81808 0.155608 0.238839 0.00105286
0 0.862944 0.0781948 0.0725163 0.0711496 0.00104046
20 0.865361 0.601562 0.263476 0.419643 0.00104046
5 0.76127 0.136998 0.454738 0.266183 0.00101662
20 0.594271 0.615513 0.811458 0.742188 0.875
20 0.371344 0.393973 0.741479 0.765625 0.835449
20 0.0810521 0.839844 0.162104 0.280134 0.65332
20 0.384336 0.586077 0.72758 0.783203 0.142212
21 0.531182 0.609933 0.911288 0.780134 0.126343
9 0.885908 0.00746373 0.0410926 0.0125558 0.0297546
15 0.531182 0.609933 0.911288 0.780134 0.0229797
20 0.226311 0.841518 0.450205 0.285714 0.0151901
20 0.248368 0.774554 0.161349 0.381696 0.0131683
20 0.410321 0.458984 0.651438 0.561942 0.0126266
20 0.171622 0.653041 0.334784 0.662667 0.0114212
20 0.561926 0.419922 0.553692 0.401228 0.0109482
16 0.531182 0.609933 0.911288 0.780134 0.00978088
30 0.111267 0.958705 0.220722 0.0636161 0.00952148
20 0.476266 0.44894 0.430112 0.454799 0.00898743
20 0.535412 0.441685 0.309403 0.449219 0.0085144
20 0.175248 0.780692 0.319072 0.398438 0.0085144
0 0.541757 0.259766 0.274958 0.0825893 0.00815582
0 0.0296108 0.921317 0.0592217 0.0859375 0.00763702
15 0.41576 0.550223 0.8146 0.8125 0.00746155
0 0.686488 0.0993304 0.0894367 0.194475 0.00731659
0 0.00823362 0.8125 0.0162406 0.138393 0.00698471
20 0.61941 0.348214 0.709451 0.667411 0.00534439
20 0.508219 0.185268 0.374668 0.322545 0.00526047
20 0.159536 0.841518 0.319072 0.284598 0.00518036
20 0.656122 0.44308 0.512751 0.455357 0.00500107
16 0.41576 0.550223 0.8146 0.8125 0.00468063
20 0.10039 0.691964 0.199873 0.564732 0.00468063
20 0.609137 0.23019 0.717912 0.433594 0.0046463
56 0.541757 0.259766 0.274958 0.0825893 0.00453949
23 0.531182 0.609933 0.911288 0.780134 0.00438309
20 0.980421 0.597098 0.0391588 0.272321 0.00424957
17 0.625906 0.352679 0.691624 0.649554 0.0041008
19 0.625906 0.352679 0.691624 0.649554 0.00395966
20 0.329949 0.78125 0.392797 0.40625 0.00359344
14 0.531182 0.609933 0.911288 0.780134 0.00356483
0 0.656424 0.0984933 0.149565 0.195592 0.00342941
20 0.541757 0.256138 0.277375 0.0758929 0.00341606
0 0.781968 0.14481 0.0604302 0.123605 0.00318527
0 0.775925 0.110631 0.0846024 0.192801 0.00305176
20 0.358276 0.171177 0.586325 0.322266 0.00305176
0 0.258642 0.754464 0.154701 0.357143 0.00299263
20 0.91008 0.629464 0.176456 0.325893 0.00266266
2 0.71066 0.273438 0.128112 0.0284598 0.00251198
20 0.832125 0.571987 0.328741 0.507812 0.00251198
17 0.41576 0.550223 0.8146 0.8125 0.0024929
0 0.41576 0.550223 0.8146 0.8125 0.00219917
9 0.885908 0.0143345 0.0435098 0.027832 0.00214005
20 0.238095 0.782366 0.458061 0.399554 0.00209999
21 0.41576 0.550223 0.8146 0.8125 0.00204277
56 0.71066 0.273438 0.128112 0.0284598 0.00198746
20 0.636935 0.185826 0.630892 0.348214 0.00198746
20 0.534204 0.248326 0.310612 0.160714 0.00191212
20 0.0827139 0.763532 0.165428 0.421596 0.00189686
21 0.625906 0.352679 0.691624 0.649554 0.00182438
0 0.849649 0.177874 0.0664733 0.0549665 0.00179577
2 0.865966 0.344308 0.264685 0.272879 0.00173378
20 0.250786 0.513951 0.476191 0.844866 0.00171375
0 0.698574 0.107701 0.0773508 0.190569 0.00170708
0 0.0333499 0.936942 0.0611101 0.0647322 0.00169373
21 0.373459 0.424107 0.746918 0.810268 0.0016613
0 0.491902 0.853237 0.151076 0.237723 0.00162315
11 0.885908 0.00746373 0.0410926 0.0125558 0.00161076
16 0.639352 0.347377 0.676819 0.643415 0.00160408
0 0.0383354 0.928571 0.0514413 0.0859375 0.0015974
20 0.669416 0.797991 0.650532 0.383929 0.00158501
0 0.798888 0.149275 0.0773507 0.11356 0.00154877
0 0.855693 0.123884 0.123278 0.167411 0.00152493
20 0.358049 0.720424 0.169809 0.277902 0.00150108
2 0.71066 0.268903 0.158327 0.0369699 0.00146675
20 0.0510258 0.837054 0.102052 0.262277 0.00145531
62 0.867779 0.336426 0.263476 0.262416 0.00145531
19 0.41576 0.550223 0.8146 0.8125 0.00141048
0 0.824269 0.148751 0.0882282 0.0975865 0.00139427
0 0.861736 0.102888 0.0954798 0.125698 0.00138855
25 0.540851 0.259766 0.279188 0.0831473 0.00136185
0 0.868987 0.179967 0.10394 0.0680804 0.00135136
0 0.885908 0.180804 0.0870196 0.0675223 0.00134087
0 0.856901 0.188058 0.0785594 0.0527344 0.00132465
20 0.0134457 0.796875 0.0264382 0.166295 0.00132465
20 0.275713 0.737723 0.12358 0.31808 0.0012846
9 0.896785 0.0241263 0.0265893 0.0185721 0.00127411
77 0.41576 0.550223 0.8146 0.8125 0.00125504
0 0.786802 0.127755 0.0713077 0.159668 0.00124454
0 0.615029 0.347377 0.718214 0.675781 0.00124454
5 0.762026 0.137242 0.454436 0.266253 0.00123501
18 0.531182 0.609933 0.911288 0.780134 0.00121593
2 0.861131 0.238421 0.250181 0.0594308 0.00120163
20 0.127055 0.826451 0.246253 0.260045 0.00120163
0 0.781968 0.0528041 0.0725163 0.0838449 0.00113392
20 0.485179 0.851562 0.608079 0.273438 0.00112915
16 0.535412 0.441685 0.309403 0.449219 0.00112438
20 0.864153 0.600586 0.265893 0.421596 0.00110722
0 0.538434 0.299177 0.300943 0.165039 0.00108624
56 0.7022 0.268415 0.140198 0.0295759 0.00107765
13 0.707034 0.270159 0.140198 0.0322266 0.00107765
20 0.12645 0.81808 0.151378 0.238839 0.00106525
31 0.117159 0.957589 0.204405 0.0558036 0.00105667
0 0.862944 0.0782645 0.0749336 0.0708705 0.00105286
19 0.535412 0.441685 0.309403 0.449219 0.00101662
0 0.275713 0.737723 0.12358 0.31808 0.00101185
18 0.625906 0.352679 0.691624 0.649554 0.00101185
20 0.594271 0.615513 0.811458 0.742188 0.875
20 0.370438 0.393973 0.740875 0.765625 0.836426
20 0.0810521 0.839844 0.162104 0.280134 0.656738
20 0.384336 0.585938 0.72758 0.783482 0.143677
21 0.531182 0.609933 0.911288 0.780134 0.126343
9 0.885908 0.00746373 0.0410926 0.0125558 0.0292053
15 0.531182 0.609933 0.911288 0.780134 0.0232391
20 0.225707 0.841518 0.449601 0.285714 0.0150757
20 0.248671 0.773996 0.160745 0.381696 0.014389
20 0.41153 0.459821 0.644187 0.555804 0.0123825
20 0.171622 0.652902 0.334784 0.66183 0.011734
20 0.559056 0.419085 0.54493 0.399554 0.0112915
16 0.531182 0.609933 0.911288 0.780134 0.00993347
30 0.111343 0.958705 0.220873 0.0636161 0.00937653
20 0.535714 0.44022 0.30759 0.445452 0.00926971
20 0.477097 0.448382 0.427242 0.453683 0.00894928
20 0.176456 0.78125 0.315446 0.397321 0.00888062
0 0.541757 0.259905 0.274958 0.0828683 0.00815582
0 0.0296108 0.921317 0.0592217 0.0859375 0.00793457
15 0.41576 0.550223 0.8146 0.8125 0.00740433
0 0.00823362 0.8125 0.0162406 0.138393 0.00717545
0 0.686488 0.0992606 0.0894367 0.194336 0.00712204
20 0.508521 0.184989 0.375272 0.322545 0.00519943
20 0.623791 0.347098 0.695854 0.662946 0.0051384
20 0.645999 0.441685 0.488276 0.446987 0.00500107
56 0.541757 0.259905 0.274958 0.0828683 0.00471878
16 0.41576 0.550223 0.8146 0.8125 0.00469971
20 0.100239 0.692104 0.199571 0.564453 0.0046463
20 0.608533 0.229911 0.716703 0.433594 0.00460815
23 0.531182 0.609933 0.911288 0.780134 0.00436401
20 0.980421 0.597098 0.0391588 0.272321 0.00429916
20 0.331687 0.78125 0.394156 0.40625 0.00418091
17 0.627115 0.353237 0.68679 0.641741 0.00370789
19 0.627115 0.353237 0.68679 0.641741 0.00366402
20 0.541455 0.256138 0.277979 0.0758929 0.00356483
14 0.531182 0.609933 0.911288 0.780134 0.00356483
0 0.654913 0.0984236 0.150169 0.195452 0.00340271
0 0.781968 0.144775 0.0604302 0.123396 0.003088
20 0.358276 0.171317 0.587533 0.322545 0.003088
0 0.775925 0.110631 0.0846024 0.192801 0.00298119
0 0.258642 0.754464 0.154701 0.357143 0.00293541
20 0.91008 0.629464 0.176456 0.325893 0.0027256
2 0.71066 0.273438 0.128112 0.0284598 0.00259018
20 0.832125 0.571987 0.328741 0.507812 0.00253105
17 0.41576 0.550223 0.8146 0.8125 0.00252151
0 0.41576 0.550223 0.8146 0.8125 0.00221634
20 0.238095 0.782366 0.458061 0.399554 0.00217438
9 0.885908 0.0143694 0.0435098 0.0279018 0.00210762
21 0.41576 0.550223 0.8146 0.8125 0.00208282
20 0.537527 0.25865 0.302756 0.128906 0.0020504
56 0.71066 0.273438 0.128112 0.0284598 0.00196457
20 0.0827139 0.763951 0.165428 0.420759 0.00186729
0 0.849649 0.178013 0.0664733 0.0552455 0.00178242
20 0.250635 0.513393 0.476493 0.84375 0.00174141
0 0.0333499 0.936942 0.0611101 0.0647322 0.00173378
0 0.698574 0.107701 0.0773508 0.19029 0.00169373
2 0.865966 0.344308 0.264685 0.272321 0.00168705
21 0.627115 0.353237 0.68679 0.641741 0.00168133
0 0.0383354 0.928572 0.0514413 0.0848214 0.0016613
21 0.372855 0.424107 0.745709 0.810268 0.00163555
0 0.491902 0.853237 0.151076 0.237723 0.0015974
11 0.885908 0.00746373 0.0410926 0.0125558 0.00159168
20 0.669567 0.797991 0.65023 0.383929 0.00156689
16 0.639956 0.347098 0.67561 0.639509 0.00154877
0 0.855693 0.123884 0.123278 0.167969 0.00151253
20 0.0510636 0.837054 0.102127 0.262277 0.00151253
0 0.798888 0.149414 0.0797679 0.11356 0.00150108
2 0.71066 0.268903 0.157119 0.0369699 0.00148964
20 0.358049 0.719866 0.169809 0.279018 0.00148964
19 0.41576 0.550223 0.8146 0.8125 0.00143242
62 0.867779 0.336775 0.263476 0.262277 0.00142097
25 0.540851 0.259766 0.279188 0.0831473 0.00138855
0 0.861736 0.102958 0.0966885 0.126116 0.00137234
20 0.0134268 0.796875 0.0264005 0.166295 0.00136185
0 0.86234 0.17885 0.0882282 0.0652902 0.00133038
0 0.824269 0.148751 0.0894367 0.0975865 0.00131512
0 0.856901 0.188058 0.0785594 0.0527344 0.00130939
0 0.885908 0.180664 0.0882282 0.0675223 0.00129414
20 0.275713 0.737723 0.12358 0.316964 0.00129414
77 0.41576 0.550223 0.8146 0.8125 0.00127888
9 0.896785 0.0241263 0.0265893 0.0185721 0.00126934
5 0.762026 0.137242 0.454436 0.266253 0.00122547
18 0.531182 0.609933 0.911288 0.780134 0.00121593
20 0.126979 0.826451 0.2458 0.260045 0.0012064
0 0.786802 0.12793 0.0713077 0.159319 0.00120163
2 0.861131 0.238421 0.250181 0.0594308 0.00120163
0 0.616238 0.347098 0.715796 0.674107 0.00117397
16 0.535714 0.44022 0.30759 0.445452 0.00115108
20 0.485255 0.851562 0.60672 0.273438 0.00112057
0 0.781968 0.0528739 0.0725163 0.0839844 0.0011158
20 0.864757 0.600446 0.264685 0.421875 0.0011158
0 0.867779 0.0880999 0.106357 0.105608 0.00109863
13 0.707034 0.270089 0.140198 0.031808 0.00108624
20 0.125695 0.81808 0.146543 0.238839 0.00106525
56 0.7022 0.268136 0.140198 0.0295759 0.00105667
31 0.117159 0.957589 0.204405 0.0558036 0.00105286
0 0.862944 0.078282 0.0749336 0.0708357 0.00104046
19 0.535714 0.44022 0.30759 0.445452 0.00104046
77 0.531182 0.609933 0.911288 0.780134 0.00101662
