15 0.356118 0.380737 0.462794 0.615438 0.501953
15 0.279822 0.444367 0.548496 0.735744 0.480469
35 0.61873 0.350487 0.212932 0.414465 0.0894775
75 0.61873 0.353616 0.211818 0.408206 0.0463867
16 0.288811 0.453408 0.519371 0.739917 0.0455322
14 0.244984 0.0671071 0.0261985 0.0319889 0.0420837
14 0.274318 0.448192 0.537208 0.725313 0.0303345
26 0.61873 0.350487 0.212932 0.414465 0.0227203
39 0.617755 0.350835 0.213769 0.412378 0.0207214
21 0.279822 0.444367 0.548496 0.735744 0.0207214
24 0.61873 0.350487 0.212932 0.414465 0.0184021
14 0.246099 0.070758 0.0306578 0.038943 0.01017
24 0.506969 0.333102 0.436456 0.446453 0.00959778
29 0.619845 0.356137 0.210703 0.400382 0.00945282
58 0.618173 0.350139 0.211818 0.41516 0.00891876
10 0.617755 0.350835 0.213769 0.412378 0.00867462
17 0.425586 0.392211 0.602565 0.61057 0.00828552
46 0.61873 0.350487 0.212932 0.414465 0.00725937
15 0.45067 0.436022 0.532331 0.717663 0.00634003
3 0.425586 0.392211 0.602565 0.61057 0.00584412
35 0.547939 0.34388 0.355631 0.430459 0.00577545
17 0.506969 0.333102 0.436456 0.446453 0.00551224
32 0.619845 0.356137 0.210703 0.400382 0.00508118
17 0.619288 0.349096 0.211818 0.418637 0.00503922
1 0.408585 0.382823 0.638797 0.579277 0.00496292
22 0.61873 0.350487 0.212932 0.414465 0.00429916
16 0.356118 0.380737 0.462794 0.615438 0.00403976
55 0.61873 0.350487 0.212932 0.414465 0.00397491
26 0.506969 0.333102 0.436456 0.446453 0.00390053
15 0.445444 0.331363 0.556161 0.505563 0.00379562
3 0.61873 0.346401 0.208473 0.424026 0.00378036
3 0.506969 0.333102 0.436456 0.446453 0.00307465
36 0.619845 0.356137 0.210703 0.400382 0.00301552
0 0.61873 0.350487 0.212932 0.414465 0.00300407
15 0.452621 0.295549 0.328875 0.435327 0.00290108
22 0.506969 0.333102 0.436456 0.446453 0.00286674
14 0.619845 0.356137 0.210703 0.400382 0.00279999
13 0.408585 0.382823 0.638797 0.579277 0.00275803
0 0.244984 0.0671071 0.0267559 0.0312935 0.00256157
23 0.356118 0.380737 0.462794 0.615438 0.00255013
22 0.425586 0.392211 0.602565 0.61057 0.00245285
21 0.356118 0.380737 0.462794 0.615438 0.00235939
16 0.459867 0.385866 0.52397 0.602399 0.00229645
0 0.425586 0.392211 0.602565 0.61057 0.00226021
14 0.356118 0.380737 0.462794 0.615438 0.00208282
18 0.281216 0.460362 0.555743 0.753825 0.0020504
27 0.617755 0.350835 0.213769 0.412378 0.00201035
16 0.497771 0.323279 0.452621 0.48557 0.00191879
16 0.245263 0.0678025 0.027592 0.0333797 0.00172043
15 0.394092 0.312935 0.341138 0.468011 0.00168705
54 0.61873 0.350487 0.212932 0.414465 0.00167465
77 0.619845 0.356137 0.210703 0.400382 0.00163555
0 0.497771 0.323279 0.452621 0.48557 0.00158501
14 0.243451 0.0761474 0.0320514 0.0500695 0.00156116
16 0.402453 0.424983 0.680046 0.692455 0.00155449
24 0.425586 0.392211 0.602565 0.61057 0.00150108
18 0.399109 0.418029 0.659979 0.635431 0.00134563
17 0.288114 0.441586 0.52188 0.727399 0.00129414
19 0.435898 0.377608 0.579711 0.59249 0.00125504
28 0.619288 0.349096 0.211818 0.418637 0.00124931
1 0.617755 0.350835 0.213769 0.412378 0.00123501
74 0.617755 0.350835 0.213769 0.412378 0.00117874
45 0.61873 0.350487 0.212932 0.414465 0.00113392
16 0.619845 0.356137 0.210703 0.400382 0.00113392
28 0.497771 0.323279 0.452621 0.48557 0.00105667
15 0.355143 0.380303 0.460285 0.619089 0.498047
15 0.279544 0.44993 0.547939 0.753825 0.486328
35 0.61873 0.349878 0.212932 0.417072 0.0656128
75 0.61873 0.353268 0.210703 0.410292 0.0492249
14 0.273969 0.451321 0.535676 0.744089 0.0474243
16 0.28038 0.44089 0.541807 0.738526 0.0469055
14 0.245123 0.0671071 0.0267559 0.0319889 0.0446777
26 0.61873 0.349878 0.212932 0.417072 0.0237732
21 0.279544 0.44993 0.547939 0.753825 0.0234222
39 0.617755 0.350139 0.213769 0.415855 0.0190582
24 0.61873 0.349878 0.212932 0.417072 0.0181885
58 0.61887 0.349878 0.211539 0.417072 0.0113297
10 0.617755 0.350139 0.213769 0.415855 0.0101318
46 0.61873 0.349878 0.212932 0.417072 0.00709534
24 0.510592 0.335535 0.430324 0.444367 0.00698471
29 0.619985 0.355355 0.211539 0.403338 0.0069313
17 0.418619 0.403686 0.61873 0.632128 0.00631332
22 0.61873 0.349878 0.212932 0.417072 0.00519943
0 0.244984 0.0669332 0.0261985 0.0319889 0.0050621
3 0.418619 0.403686 0.61873 0.632128 0.00502014
1 0.404126 0.379607 0.648831 0.575974 0.00481033
14 0.24582 0.0757997 0.0328875 0.0497218 0.00477219
15 0.449346 0.447149 0.538323 0.741307 0.00426483
17 0.510592 0.335535 0.430324 0.444367 0.00407028
17 0.619985 0.349444 0.211539 0.417942 0.00407028
16 0.355143 0.380303 0.460285 0.619089 0.00400543
35 0.55853 0.34388 0.334449 0.430459 0.00382423
55 0.61873 0.349878 0.212932 0.417072 0.00376511
16 0.245541 0.0676287 0.0278707 0.0337274 0.00374985
13 0.404126 0.379607 0.648831 0.575974 0.00370789
15 0.438964 0.338317 0.570235 0.519472 0.00348282
32 0.619985 0.355355 0.211539 0.403338 0.00346947
0 0.61873 0.349878 0.212932 0.417072 0.00341606
3 0.61873 0.346662 0.208473 0.423505 0.00335121
26 0.510592 0.335535 0.430324 0.444367 0.00329781
36 0.619985 0.355355 0.211539 0.403338 0.00317192
15 0.457916 0.289986 0.309365 0.425591 0.00288963
22 0.510592 0.335535 0.430324 0.444367 0.00287819
3 0.510592 0.335535 0.430324 0.444367 0.00273705
14 0.619985 0.355355 0.211539 0.403338 0.00270462
27 0.617755 0.350139 0.213769 0.415855 0.00266266
18 0.280101 0.471488 0.555743 0.788595 0.00228691
0 0.24582 0.0757997 0.0328875 0.0497218 0.00227928
21 0.355143 0.380303 0.460285 0.619089 0.00211525
77 0.619985 0.355355 0.211539 0.403338 0.00198746
22 0.418619 0.403686 0.61873 0.632128 0.00195694
23 0.355143 0.380303 0.460285 0.619089 0.00186729
14 0.355143 0.380303 0.460285 0.619089 0.00181007
0 0.418619 0.403686 0.61873 0.632128 0.00176144
16 0.418619 0.403686 0.61873 0.632128 0.0017271
0 0.494357 0.325104 0.460564 0.488873 0.00163555
16 0.494357 0.325104 0.460564 0.488873 0.00162315
74 0.617755 0.350139 0.213769 0.415855 0.00157356
15 0.396043 0.315021 0.336121 0.472879 0.00156116
1 0.617755 0.350139 0.213769 0.415855 0.00150681
54 0.61873 0.349878 0.212932 0.417072 0.00138855
15 0.384895 0.438804 0.366222 0.719054 0.00137806
15 0.483836 0.320932 0.412487 0.486787 0.00133514
17 0.287626 0.44993 0.541807 0.753825 0.0012846
28 0.61873 0.349878 0.212932 0.417072 0.0012064
14 0.248189 0.0688456 0.0351171 0.0368567 0.00119209
15 0.444817 0.214969 0.171126 0.273818 0.00117874
16 0.619985 0.355355 0.211539 0.403338 0.00117874
77 0.279544 0.44993 0.547939 0.753825 0.00117397
24 0.428652 0.402295 0.596434 0.640473 0.00108624
18 0.404126 0.379607 0.648831 0.575974 0.00108147
28 0.494357 0.325104 0.460564 0.488873 0.00103188
20 0.619985 0.355355 0.211539 0.403338 0.00101662
15 0.279544 0.454798 0.549054 0.766342 0.492188
15 0.352774 0.380998 0.466138 0.621871 0.490234
35 0.617476 0.349096 0.214326 0.418637 0.0430298
16 0.279822 0.459579 0.535676 0.692802 0.0430298
14 0.244984 0.0669332 0.0267559 0.0319889 0.0409851
75 0.618173 0.353268 0.211818 0.410987 0.0405273
14 0.274318 0.455494 0.536094 0.755216 0.0393372
21 0.279544 0.454798 0.549054 0.766342 0.0256653
26 0.617476 0.349096 0.214326 0.418637 0.0225372
39 0.617755 0.349444 0.215998 0.417942 0.0163422
24 0.617476 0.349096 0.214326 0.418637 0.0149536
10 0.617755 0.349444 0.215998 0.417942 0.00945282
58 0.617476 0.349444 0.212096 0.417942 0.00919342
15 0.447325 0.44854 0.545709 0.744089 0.00787354
0 0.245263 0.0667594 0.0273133 0.0316412 0.00743103
17 0.41611 0.405337 0.623747 0.641342 0.00626373
46 0.617476 0.349096 0.214326 0.418637 0.005867
24 0.506133 0.333015 0.439243 0.453581 0.00579834
22 0.617476 0.349096 0.214326 0.418637 0.00548935
1 0.402453 0.380042 0.65329 0.58484 0.00540543
13 0.402453 0.380042 0.65329 0.58484 0.00518036
3 0.402453 0.380042 0.65329 0.58484 0.00496292
14 0.246099 0.0756259 0.0328875 0.0497218 0.00486755
16 0.245541 0.0674548 0.0278707 0.0333797 0.00441742
29 0.619288 0.355007 0.212932 0.404033 0.00441742
15 0.437571 0.338056 0.574137 0.519993 0.00419998
17 0.506133 0.333015 0.439243 0.453581 0.00382423
22 0.506133 0.333015 0.439243 0.453581 0.00367928
17 0.619288 0.347705 0.212932 0.421419 0.00348282
16 0.352774 0.380998 0.466138 0.621871 0.00337601
0 0.246099 0.0756259 0.0328875 0.0497218 0.00335121
26 0.506133 0.333015 0.439243 0.453581 0.00333786
15 0.461261 0.285814 0.301561 0.417246 0.00332451
27 0.617755 0.349444 0.215998 0.417942 0.00302696
55 0.617476 0.349096 0.214326 0.418637 0.00293541
0 0.617476 0.349096 0.214326 0.418637 0.00279999
36 0.619288 0.355007 0.212932 0.404033 0.00268364
35 0.551841 0.340751 0.348942 0.439499 0.00255013
3 0.61873 0.345619 0.209588 0.425591 0.0024147
14 0.619288 0.355007 0.212932 0.404033 0.00239754
22 0.41611 0.405337 0.623747 0.641342 0.00232315
32 0.619288 0.355007 0.212932 0.404033 0.00229645
15 0.397367 0.305285 0.334588 0.453407 0.00213242
18 0.280101 0.477747 0.555743 0.805285 0.00205803
3 0.506133 0.333015 0.439243 0.453581 0.0020504
21 0.352774 0.380998 0.466138 0.621871 0.00189686
77 0.619288 0.355007 0.212932 0.404033 0.00189686
16 0.45485 0.384214 0.537348 0.602921 0.00165462
74 0.617755 0.349444 0.215998 0.417942 0.00156116
0 0.41611 0.405337 0.623747 0.641342 0.00151253
14 0.352774 0.380998 0.466138 0.621871 0.00151253
15 0.384059 0.437413 0.369009 0.716273 0.00145531
23 0.352774 0.380998 0.466138 0.621871 0.00143242
0 0.494915 0.325452 0.460564 0.49096 0.00139427
77 0.279544 0.454798 0.549054 0.766342 0.00138855
16 0.494915 0.325452 0.460564 0.49096 0.00138283
15 0.445096 0.215664 0.171126 0.273818 0.00137234
1 0.619288 0.355007 0.212932 0.404033 0.00133514
15 0.489132 0.315369 0.425307 0.476356 0.00133038
18 0.402453 0.380042 0.65329 0.58484 0.00123501
14 0.24805 0.0686718 0.0351171 0.036509 0.00121593
28 0.617476 0.349096 0.214326 0.418637 0.0011692
54 0.617476 0.349096 0.214326 0.418637 0.00115108
17 0.287138 0.453408 0.545012 0.764951 0.00104809
15 0.278638 0.456885 0.547521 0.774687 0.563965
15 0.352216 0.381172 0.465023 0.624305 0.476562
16 0.279753 0.46097 0.536372 0.694193 0.0474243
14 0.244984 0.0667594 0.0267559 0.0312935 0.0346069
75 0.616501 0.348748 0.217392 0.420723 0.0343628
35 0.616361 0.348487 0.216556 0.421245 0.025177
14 0.273969 0.457928 0.535676 0.764256 0.024704
26 0.616361 0.348487 0.216556 0.421245 0.0230713
21 0.278638 0.456885 0.547521 0.774687 0.0204926
39 0.616501 0.348748 0.217392 0.420723 0.0142822
15 0.447325 0.445063 0.546824 0.737135 0.0127716
24 0.616361 0.348487 0.216556 0.421245 0.0127716
0 0.245263 0.0665855 0.0270346 0.0312935 0.0102463
58 0.617058 0.349791 0.214047 0.417246 0.00806427
13 0.40106 0.378999 0.657192 0.589708 0.00720596
10 0.616501 0.348748 0.217392 0.420723 0.00714874
1 0.40106 0.378999 0.657192 0.589708 0.0064621
22 0.618173 0.345706 0.215162 0.426808 0.00605011
17 0.41388 0.399948 0.628206 0.636822 0.00559998
24 0.50028 0.331015 0.452063 0.461752 0.00524139
3 0.40106 0.378999 0.657192 0.589708 0.00519943
15 0.436456 0.335883 0.577482 0.515994 0.00508118
22 0.50028 0.331015 0.452063 0.461752 0.00486755
16 0.245402 0.0672809 0.027592 0.033032 0.00441742
0 0.246099 0.0756259 0.0323301 0.0497218 0.00408554
26 0.50028 0.331015 0.452063 0.461752 0.00405502
46 0.616361 0.348487 0.216556 0.421245 0.00400543
14 0.246099 0.0756259 0.0323301 0.0497218 0.00374985
17 0.50028 0.331015 0.452063 0.461752 0.00370789
27 0.616501 0.348748 0.217392 0.420723 0.00363541
15 0.462654 0.28338 0.296545 0.412378 0.00317192
17 0.618173 0.345706 0.215162 0.426808 0.00305176
29 0.618173 0.354572 0.215162 0.404903 0.00270462
15 0.398273 0.297636 0.332777 0.438804 0.0026722
22 0.41388 0.399948 0.628206 0.636822 0.00263214
0 0.618173 0.345706 0.215162 0.426808 0.00257111
55 0.616361 0.348487 0.216556 0.421245 0.00237846
16 0.352216 0.381172 0.465023 0.624305 0.00203514
14 0.618173 0.354572 0.215162 0.404903 0.00192642
36 0.618173 0.354572 0.215162 0.404903 0.00188923
35 0.535397 0.336579 0.381829 0.452017 0.0016613
3 0.617755 0.345271 0.211539 0.428373 0.00159168
15 0.445374 0.215577 0.171684 0.273296 0.00158501
16 0.452133 0.383866 0.542783 0.605007 0.00149536
32 0.618173 0.354572 0.215162 0.404903 0.00149536
77 0.618173 0.354572 0.215162 0.404903 0.00148964
18 0.278638 0.456885 0.547521 0.774687 0.0014782
3 0.50028 0.331015 0.452063 0.461752 0.00145531
74 0.616501 0.348748 0.217392 0.420723 0.00133038
0 0.41388 0.399948 0.628206 0.636822 0.00131989
28 0.616361 0.348487 0.216556 0.421245 0.00130463
33 0.245123 0.0690195 0.0298217 0.0358136 0.0012846
15 0.49387 0.308067 0.435898 0.461752 0.00124454
0 0.494915 0.325104 0.461679 0.491655 0.00124454
58 0.40106 0.378999 0.657192 0.589708 0.00124454
18 0.397437 0.408206 0.668898 0.635605 0.00123978
21 0.352216 0.381172 0.465023 0.624305 0.00117397
77 0.278638 0.456885 0.547521 0.774687 0.00116062
54 0.616361 0.348487 0.216556 0.421245 0.00113392
1 0.618173 0.354572 0.215162 0.404903 0.0011158
25 0.616501 0.348748 0.217392 0.420723 0.00109863
35 0.245402 0.0672809 0.0273133 0.033032 0.00108624
14 0.24805 0.0684979 0.0345597 0.0361613 0.00106049
28 0.494915 0.325104 0.461679 0.491655 0.00100803
15 0.278707 0.459318 0.547939 0.783727 0.689453
15 0.352007 0.382128 0.463212 0.626565 0.422607
16 0.279892 0.461057 0.538323 0.698192 0.0589905
14 0.244984 0.0665855 0.0264772 0.0312935 0.0346069
75 0.615386 0.348053 0.218507 0.422114 0.0339661
26 0.615943 0.347705 0.218507 0.422114 0.0274811
21 0.278707 0.459318 0.547939 0.783727 0.0246124
14 0.273133 0.444367 0.535118 0.735744 0.0226288
39 0.615386 0.348053 0.218507 0.422114 0.0173798
0 0.245263 0.0664117 0.0267559 0.0312935 0.0158997
15 0.445862 0.439847 0.548636 0.728095 0.0153046
35 0.615943 0.347705 0.218507 0.422114 0.0153046
24 0.615943 0.347705 0.218507 0.422114 0.0115051
13 0.397994 0.377955 0.663324 0.591794 0.0085144
58 0.617058 0.3504 0.215162 0.416029 0.00701141
1 0.397994 0.377955 0.663324 0.591794 0.00656509
22 0.61664 0.345271 0.218228 0.427677 0.006073
15 0.430882 0.335535 0.58863 0.515299 0.00575256
26 0.493033 0.331798 0.466556 0.46436 0.00557709
22 0.493033 0.331798 0.466556 0.46436 0.0051384
10 0.617476 0.353964 0.216556 0.40612 0.00500107
17 0.397994 0.377955 0.663324 0.591794 0.00496292
3 0.397994 0.377955 0.663324 0.591794 0.00479126
0 0.244008 0.0757997 0.0301004 0.0500695 0.00475693
16 0.245541 0.0671071 0.027592 0.0326843 0.00469971
24 0.493033 0.331798 0.466556 0.46436 0.00466537
27 0.615386 0.348053 0.218507 0.422114 0.0045929
15 0.399039 0.293376 0.332359 0.429937 0.00367928
15 0.463212 0.282945 0.290971 0.411857 0.00317192
17 0.493033 0.331798 0.466556 0.46436 0.00317192
14 0.246099 0.075452 0.0317727 0.0493741 0.00316048
33 0.245263 0.0684979 0.029543 0.0354659 0.00279999
46 0.615943 0.347705 0.218507 0.422114 0.00253105
17 0.61664 0.345271 0.218228 0.427677 0.00242424
0 0.61664 0.345271 0.218228 0.427677 0.00233269
22 0.408864 0.394993 0.639355 0.630042 0.00227928
55 0.615943 0.347705 0.218507 0.422114 0.00225258
29 0.617476 0.353964 0.216556 0.40612 0.00198746
58 0.397994 0.377955 0.663324 0.591794 0.00186062
14 0.617476 0.353964 0.216556 0.40612 0.00170708
25 0.615386 0.348053 0.218507 0.422114 0.00158501
28 0.615943 0.347705 0.218507 0.422114 0.00157928
36 0.617476 0.353964 0.216556 0.40612 0.00153065
15 0.445374 0.215925 0.171684 0.273296 0.00137806
77 0.278707 0.459318 0.547939 0.783727 0.00135612
77 0.617476 0.353964 0.216556 0.40612 0.00123501
15 0.489132 0.303199 0.450949 0.452712 0.00119686
35 0.245541 0.0671071 0.0273133 0.0326843 0.00119209
32 0.615386 0.348053 0.218507 0.422114 0.00117874
28 0.482721 0.325452 0.487181 0.49235 0.00115585
0 0.482721 0.325452 0.487181 0.49235 0.00113392
35 0.525363 0.334579 0.401896 0.458797 0.00113392
16 0.396322 0.406467 0.672242 0.637691 0.00112057
3 0.493033 0.331798 0.466556 0.46436 0.0011158
74 0.615386 0.348053 0.218507 0.422114 0.0011158
18 0.396322 0.406467 0.672242 0.637691 0.00110722
58 0.493033 0.331798 0.466556 0.46436 0.00109863
16 0.352007 0.382128 0.463212 0.626565 0.00109482
0 0.408864 0.394993 0.639355 0.630042 0.00109005
54 0.615943 0.347705 0.218507 0.422114 0.00108624
14 0.24805 0.0681502 0.0345597 0.0354659 0.00107288
3 0.617058 0.345706 0.212932 0.428199 0.00106907
18 0.278707 0.459318 0.547939 0.783727 0.00105286
1 0.617476 0.353964 0.216556 0.40612 0.00104809
56 0.397994 0.377955 0.663324 0.591794 0.00102425
15 0.277523 0.454798 0.545291 0.78025 0.778809
15 0.356258 0.380042 0.446907 0.622392 0.411133
16 0.279265 0.458971 0.535676 0.698192 0.0809326
75 0.615525 0.348487 0.218228 0.421245 0.0347595
14 0.244984 0.0664117 0.0264772 0.0312935 0.0332031
21 0.27174 0.454103 0.532331 0.777469 0.0302124
26 0.615943 0.348487 0.218507 0.419854 0.0298767
0 0.245402 0.0664117 0.0270346 0.0312935 0.0216522
14 0.271461 0.441586 0.532331 0.737135 0.0214539
39 0.615525 0.348487 0.218228 0.421245 0.0186157
15 0.449834 0.431241 0.538463 0.711926 0.0164032
13 0.395207 0.405511 0.674472 0.636822 0.0112457
35 0.615943 0.348487 0.218507 0.419854 0.0108566
24 0.615943 0.348487 0.218507 0.419854 0.00919342
58 0.617058 0.351182 0.214047 0.413769 0.00740433
15 0.428652 0.333102 0.593089 0.510431 0.00701141
1 0.395207 0.405511 0.674472 0.636822 0.00698471
26 0.496657 0.332058 0.458195 0.461057 0.00682449
22 0.616501 0.346314 0.218507 0.425591 0.0064888
22 0.496657 0.332058 0.458195 0.461057 0.00575256
15 0.399666 0.291377 0.328875 0.426287 0.00551224
27 0.615525 0.348487 0.218228 0.421245 0.00547028
0 0.244148 0.0757997 0.0301004 0.0500695 0.00516129
16 0.24582 0.0669332 0.0278707 0.0323366 0.00482941
17 0.397437 0.372827 0.665553 0.581189 0.00477219
3 0.397437 0.372827 0.665553 0.581189 0.00443268
33 0.245541 0.0681502 0.029543 0.0347705 0.00429916
10 0.616361 0.353964 0.216556 0.40612 0.00403976
15 0.46349 0.286509 0.279265 0.417246 0.00383949
24 0.496657 0.332058 0.458195 0.461057 0.00366402
17 0.496657 0.332058 0.458195 0.461057 0.00273705
14 0.246099 0.075452 0.0317727 0.0497218 0.00259018
55 0.615943 0.348487 0.218507 0.419854 0.00255013
58 0.397437 0.372827 0.665553 0.581189 0.00246239
26 0.58863 0.325104 0.276478 0.479138 0.00236893
24 0.58863 0.325104 0.276478 0.479138 0.00232315
0 0.616501 0.346314 0.218507 0.425591 0.00219917
22 0.408028 0.382128 0.641027 0.604312 0.00219917
25 0.615525 0.348487 0.218228 0.421245 0.00216484
46 0.615943 0.348487 0.218507 0.419854 0.00208282
17 0.616501 0.346314 0.218507 0.425591 0.00205803
77 0.278707 0.441586 0.540692 0.744089 0.00191212
28 0.615943 0.348487 0.218507 0.419854 0.00188255
29 0.616361 0.353964 0.216556 0.40612 0.00175476
14 0.616361 0.353964 0.216556 0.40612 0.00170708
15 0.445374 0.216186 0.171684 0.274165 0.00161076
15 0.496657 0.332058 0.458195 0.461057 0.0015974
56 0.397437 0.372827 0.665553 0.581189 0.00136662
58 0.496657 0.332058 0.458195 0.461057 0.00136185
28 0.480004 0.324844 0.492615 0.490786 0.00131512
26 0.408028 0.382128 0.641027 0.604312 0.00124454
54 0.615943 0.348487 0.218507 0.419854 0.0012064
35 0.245541 0.0671071 0.0273133 0.0326843 0.00117397
28 0.416946 0.378651 0.619845 0.597357 0.00115108
36 0.616361 0.353964 0.216556 0.40612 0.00113392
77 0.616361 0.353964 0.216556 0.40612 0.00112438
16 0.395207 0.405511 0.674472 0.636822 0.0011034
14 0.248189 0.0678025 0.034281 0.0347705 0.00109863
32 0.615525 0.348487 0.218228 0.421245 0.00109005
0 0.241918 0.069541 0.0331662 0.0375522 0.00102425
74 0.615525 0.348487 0.218228 0.421245 0.00100803
18 0.395207 0.405511 0.674472 0.636822 0.00100422
15 0.276408 0.44993 0.540832 0.777469 0.769043
15 0.36002 0.379346 0.430464 0.621001 0.373779
16 0.27808 0.456971 0.531913 0.696627 0.0913696
21 0.26951 0.44854 0.527314 0.774687 0.0453491
26 0.615386 0.349791 0.218507 0.415855 0.0362244
75 0.615525 0.349444 0.218228 0.417246 0.0279083
14 0.245541 0.0679764 0.0289856 0.0340751 0.0272675
0 0.245541 0.0664117 0.0267559 0.0312935 0.0257568
14 0.26951 0.439499 0.527872 0.738526 0.0207214
39 0.615525 0.349444 0.218228 0.417246 0.0170441
13 0.395765 0.402729 0.670013 0.627086 0.0156708
15 0.45485 0.42081 0.525085 0.689673 0.0137939
24 0.615386 0.349791 0.218507 0.415855 0.0102921
35 0.615386 0.349791 0.218507 0.415855 0.0100937
26 0.507805 0.33371 0.435898 0.453581 0.00837708
1 0.395765 0.402729 0.670013 0.627086 0.00787354
15 0.431996 0.331102 0.585286 0.506085 0.00734711
27 0.615525 0.349444 0.218228 0.417246 0.00614548
58 0.616501 0.352225 0.214047 0.410987 0.005867
22 0.615247 0.347618 0.218785 0.421593 0.00564194
22 0.507805 0.33371 0.435898 0.453581 0.00544739
0 0.244008 0.0756259 0.0298217 0.0497218 0.00530243
33 0.245541 0.0679764 0.0289856 0.0340751 0.00526047
15 0.399109 0.292681 0.328875 0.428547 0.00498199
17 0.399666 0.367872 0.658864 0.566064 0.00486755
3 0.395765 0.402729 0.670013 0.627086 0.00482941
16 0.24582 0.0667594 0.0278707 0.0319889 0.00450516
15 0.463769 0.2879 0.267559 0.420028 0.0039444
24 0.507805 0.33371 0.435898 0.453581 0.00388527
10 0.61664 0.354312 0.218228 0.404033 0.00307465
25 0.615525 0.349444 0.218228 0.417246 0.0029583
55 0.615386 0.349791 0.218507 0.415855 0.00279999
26 0.585425 0.325104 0.282888 0.476356 0.0026722
77 0.277314 0.439152 0.53679 0.742003 0.0026722
58 0.399666 0.367872 0.658864 0.566064 0.0026207
17 0.507805 0.33371 0.435898 0.453581 0.00234222
24 0.585425 0.325104 0.282888 0.476356 0.00233269
0 0.615247 0.347618 0.218785 0.421593 0.00215721
28 0.615386 0.349791 0.218507 0.415855 0.00214958
22 0.412487 0.368654 0.630994 0.574235 0.0020504
46 0.615525 0.349444 0.218228 0.417246 0.00198746
29 0.61664 0.354312 0.218228 0.404033 0.00192642
15 0.445374 0.216881 0.171684 0.274166 0.00191879
14 0.246099 0.075452 0.0317727 0.0497218 0.00186062
17 0.615247 0.347618 0.218785 0.421593 0.00174809
15 0.507805 0.33371 0.435898 0.453581 0.00171375
14 0.61664 0.354312 0.218228 0.404033 0.0017004
56 0.399666 0.367872 0.658864 0.566064 0.0016489
26 0.421406 0.366829 0.609812 0.570932 0.00163555
28 0.486693 0.324757 0.478123 0.488178 0.00148964
28 0.421406 0.366829 0.609812 0.570932 0.00143242
16 0.395765 0.402729 0.670013 0.627086 0.00136662
54 0.615386 0.349791 0.218507 0.415855 0.00130463
58 0.507805 0.33371 0.435898 0.453581 0.00122547
22 0.585425 0.325104 0.282888 0.476356 0.00121593
32 0.245541 0.0679764 0.0289856 0.0340751 0.00118828
77 0.61664 0.354312 0.218228 0.404033 0.00117874
0 0.241918 0.0693672 0.0331662 0.0372045 0.0011425
32 0.615525 0.349444 0.218228 0.417246 0.00113392
35 0.245681 0.0669332 0.0273133 0.0323366 0.00112915
18 0.395765 0.402729 0.670013 0.627086 0.0011158
15 0.27599 0.443672 0.539438 0.774687 0.699219
15 0.364828 0.378216 0.41193 0.617698 0.313232
16 0.277871 0.456798 0.531216 0.694193 0.0838623
21 0.27599 0.443672 0.539438 0.774687 0.0817871
14 0.245402 0.0678025 0.0287069 0.0333797 0.0285492
0 0.245402 0.0662378 0.0267559 0.0309458 0.0282745
26 0.615247 0.348314 0.218785 0.41742 0.0249939
13 0.395207 0.406467 0.673357 0.641864 0.0240479
75 0.615525 0.349444 0.218228 0.416551 0.02034
14 0.268395 0.437413 0.525085 0.738526 0.0200195
15 0.456035 0.420376 0.522716 0.687761 0.0134811
39 0.615525 0.349444 0.218228 0.416551 0.0131226
15 0.432554 0.329277 0.585286 0.501391 0.00981903
1 0.395207 0.406467 0.673357 0.641864 0.00919342
35 0.615247 0.348314 0.218785 0.41742 0.00743103
24 0.615247 0.348314 0.218785 0.41742 0.00728989
17 0.399109 0.371958 0.659979 0.574583 0.00682449
3 0.395207 0.406467 0.673357 0.641864 0.00669098
22 0.511149 0.330668 0.429209 0.456189 0.00661469
22 0.615525 0.346227 0.220458 0.424374 0.00621796
26 0.511149 0.330668 0.429209 0.456189 0.006073
15 0.399109 0.297027 0.326645 0.436544 0.00551224
33 0.245402 0.0678025 0.0287069 0.0333797 0.00536346
58 0.616501 0.351965 0.214047 0.410118 0.00526047
27 0.615525 0.349444 0.218228 0.416551 0.0050621
0 0.244008 0.0756259 0.029543 0.0497218 0.00471878
16 0.245681 0.0667594 0.027592 0.0319889 0.00434875
25 0.615525 0.349444 0.218228 0.416551 0.00356483
15 0.462933 0.288682 0.256968 0.421245 0.00342941
77 0.277035 0.438108 0.534561 0.741307 0.00325966
17 0.511149 0.330668 0.429209 0.456189 0.00314713
10 0.615525 0.349444 0.218228 0.416551 0.00299263
58 0.399109 0.371958 0.659979 0.574583 0.00276756
24 0.511149 0.330668 0.429209 0.456189 0.00264168
15 0.445374 0.217316 0.170569 0.274687 0.00261116
55 0.615247 0.348314 0.218785 0.41742 0.00245285
22 0.413602 0.360223 0.628764 0.557719 0.00232315
28 0.615247 0.348314 0.218785 0.41742 0.00223351
26 0.585146 0.324409 0.283445 0.474965 0.00219917
17 0.615525 0.346227 0.220458 0.424374 0.00218201
15 0.511149 0.330668 0.429209 0.456189 0.00195694
0 0.615247 0.348314 0.218785 0.41742 0.00191212
16 0.395207 0.406467 0.673357 0.641864 0.00188255
29 0.615943 0.354572 0.218507 0.402121 0.00185299
46 0.615525 0.349444 0.218228 0.416551 0.00178242
14 0.615943 0.354572 0.218507 0.402121 0.00176144
24 0.585146 0.324409 0.283445 0.474965 0.0017271
18 0.395207 0.406467 0.673357 0.641864 0.00158501
56 0.399109 0.371958 0.659979 0.574583 0.00156116
14 0.246099 0.075452 0.0312152 0.0497218 0.00154877
22 0.585146 0.324409 0.283445 0.474965 0.00153637
26 0.423635 0.35605 0.605353 0.549374 0.00152493
28 0.423635 0.35605 0.605353 0.549374 0.00136662
28 0.495542 0.324061 0.460425 0.486092 0.00127411
58 0.511149 0.330668 0.429209 0.456189 0.00124454
54 0.615247 0.348314 0.218785 0.41742 0.0011425
6 0.615525 0.346227 0.220458 0.424374 0.00111198
57 0.352286 0.450278 0.673357 0.82267 0.00110722
39 0.511149 0.330668 0.429209 0.456189 0.0011034
0 0.241779 0.0691933 0.0328875 0.0368568 0.00106907
77 0.615943 0.354572 0.218507 0.402121 0.00105667
35 0.245681 0.0667594 0.0273133 0.0319889 0.00104809
32 0.245402 0.0678025 0.0287069 0.0333797 0.00104427
32 0.615525 0.349444 0.218228 0.416551 0.00103188
15 0.276965 0.454798 0.546406 0.792768 0.692871
15 0.363992 0.378216 0.409142 0.616307 0.260498
16 0.27815 0.45758 0.531774 0.69541 0.0809326
21 0.276547 0.440195 0.540553 0.771905 0.0739746
14 0.245263 0.0678025 0.0289856 0.0333797 0.0302124
0 0.245263 0.0662378 0.0267559 0.0309458 0.028656
13 0.395207 0.411335 0.673357 0.651599 0.0270691
26 0.614271 0.347705 0.220736 0.417246 0.025177
75 0.614132 0.349444 0.218785 0.41516 0.0179138
14 0.268117 0.437413 0.52397 0.738526 0.016098
15 0.457638 0.419332 0.519511 0.685675 0.0150757
39 0.614132 0.349444 0.218785 0.41516 0.012146
15 0.434226 0.328581 0.580826 0.5 0.0112457
1 0.395207 0.411335 0.673357 0.651599 0.00930023
3 0.395207 0.411335 0.673357 0.651599 0.0077858
24 0.614271 0.347705 0.220736 0.417246 0.00737381
35 0.614271 0.347705 0.220736 0.417246 0.00725937
17 0.400224 0.375174 0.657749 0.580668 0.00725937
33 0.245263 0.0678025 0.0289856 0.0333797 0.00723267
22 0.512543 0.329538 0.425308 0.456363 0.00656509
26 0.512543 0.329538 0.425308 0.456363 0.00651169
15 0.39883 0.296332 0.324973 0.435153 0.00643921
22 0.614132 0.34501 0.221015 0.425417 0.00614548
27 0.614132 0.349444 0.218785 0.41516 0.00486755
0 0.243869 0.0756259 0.029543 0.0497218 0.00460815
58 0.616361 0.35153 0.214326 0.409597 0.00439835
16 0.245681 0.0667594 0.027592 0.0319889 0.00388527
25 0.614132 0.349444 0.218785 0.41516 0.00380898
15 0.462097 0.287118 0.254181 0.41742 0.00376511
17 0.512543 0.329538 0.425308 0.456363 0.00348282
15 0.444817 0.217576 0.170569 0.275556 0.00309944
10 0.614132 0.349444 0.218785 0.41516 0.00291252
77 0.281494 0.442281 0.529544 0.759388 0.00291252
57 0.353122 0.451669 0.678374 0.832406 0.00282288
24 0.512543 0.329538 0.425308 0.456363 0.00273705
55 0.614271 0.347705 0.220736 0.417246 0.00264168
16 0.395207 0.411335 0.673357 0.651599 0.00263214
58 0.400224 0.375174 0.657749 0.580668 0.0026207
15 0.512543 0.329538 0.425308 0.456363 0.00248146
17 0.614132 0.34501 0.221015 0.425417 0.002388
26 0.583056 0.324409 0.287626 0.47427 0.00232315
22 0.416389 0.356398 0.62319 0.55007 0.00229645
28 0.614271 0.347705 0.220736 0.417246 0.00228691
46 0.614132 0.349444 0.218785 0.41516 0.00193405
14 0.615525 0.355007 0.220458 0.400556 0.00188255
18 0.395207 0.411335 0.673357 0.651599 0.00182438
26 0.426422 0.352225 0.598664 0.541725 0.00179577
29 0.615525 0.355007 0.220458 0.400556 0.00178909
24 0.583056 0.324409 0.287626 0.47427 0.00178242
0 0.614132 0.34501 0.221015 0.425417 0.00168705
14 0.245959 0.075452 0.031494 0.0493741 0.00158501
22 0.583056 0.324409 0.287626 0.47427 0.00156116
56 0.400224 0.375174 0.657749 0.580668 0.00155449
28 0.426422 0.352225 0.598664 0.541725 0.00143242
77 0.615525 0.355007 0.220458 0.400556 0.00125504
28 0.512543 0.329538 0.425308 0.456363 0.00123501
14 0.395207 0.411335 0.673357 0.651599 0.00123501
54 0.614271 0.347705 0.220736 0.417246 0.00121593
0 0.241639 0.0691933 0.0328875 0.0368568 0.00109863
6 0.614132 0.34501 0.221015 0.425417 0.00109863
39 0.512543 0.329538 0.425308 0.456363 0.00109482
13 0.474987 0.382563 0.492615 0.624305 0.00103664
32 0.614132 0.349444 0.218785 0.41516 0.00102425
58 0.523134 0.332754 0.405241 0.454103 0.00101662
15 0.277593 0.44993 0.547381 0.788595 0.747559
15 0.36002 0.378216 0.419315 0.616307 0.237183
16 0.277314 0.437413 0.535118 0.741307 0.0651245
21 0.276478 0.437413 0.540692 0.767733 0.0379028
13 0.394928 0.412726 0.677259 0.662726 0.0317383
26 0.613714 0.34501 0.221851 0.422636 0.0264587
0 0.245263 0.0662378 0.0267559 0.0309458 0.0230255
14 0.245263 0.0678025 0.0289856 0.0333797 0.0225372
15 0.454293 0.42081 0.527314 0.688282 0.0212097
75 0.614411 0.349183 0.220458 0.415682 0.0161591
15 0.432554 0.328234 0.584171 0.500695 0.0149536
14 0.268186 0.436718 0.523831 0.738526 0.0108185
39 0.614411 0.349183 0.220458 0.415682 0.0102921
1 0.394928 0.412726 0.677259 0.662726 0.00974274
17 0.398552 0.381085 0.662209 0.596662 0.0091629
24 0.613714 0.34501 0.221851 0.422636 0.00748825
33 0.245263 0.0678025 0.0289856 0.0333797 0.00743103
35 0.613714 0.34501 0.221851 0.422636 0.00737381
3 0.394928 0.412726 0.677259 0.662726 0.00737381
26 0.503903 0.325452 0.442587 0.465925 0.00731659
22 0.503903 0.325452 0.442587 0.465925 0.00709534
22 0.614132 0.340751 0.223245 0.433936 0.00634003
15 0.397715 0.297288 0.328317 0.437413 0.00609589
17 0.503903 0.325452 0.442587 0.465925 0.00521851
27 0.614411 0.349183 0.220458 0.415682 0.0051384
25 0.614411 0.349183 0.220458 0.415682 0.00453949
57 0.353122 0.450626 0.679489 0.834492 0.00413513
58 0.615943 0.350835 0.215162 0.410987 0.00407028
15 0.460982 0.288248 0.270904 0.420028 0.00356483
16 0.394928 0.412726 0.677259 0.662726 0.00351143
17 0.614132 0.340751 0.223245 0.433936 0.00349617
0 0.24373 0.0757997 0.0298217 0.0500695 0.00342941
16 0.245541 0.0667594 0.0278707 0.0319889 0.00292397
24 0.503903 0.325452 0.442587 0.465925 0.00282288
26 0.576367 0.323018 0.301004 0.476356 0.00273705
10 0.614411 0.349183 0.220458 0.415682 0.00264168
58 0.398552 0.381085 0.662209 0.596662 0.00252151
22 0.412766 0.363091 0.630436 0.56589 0.0024929
55 0.613714 0.34501 0.221851 0.422636 0.0024929
15 0.444817 0.217663 0.170569 0.277469 0.00237846
28 0.613714 0.34501 0.221851 0.422636 0.00219917
46 0.614411 0.349183 0.220458 0.415682 0.00206757
26 0.423914 0.353616 0.60368 0.547288 0.00201988
77 0.277314 0.437413 0.535118 0.741307 0.0019722
18 0.394928 0.412726 0.677259 0.662726 0.00195694
29 0.614829 0.355007 0.220736 0.399861 0.00191212
22 0.576367 0.323018 0.301004 0.476356 0.00188255
24 0.576367 0.323018 0.301004 0.476356 0.00188255
14 0.614411 0.349183 0.220458 0.415682 0.00182438
0 0.61664 0.344228 0.213769 0.428373 0.00181007
56 0.398552 0.381085 0.662209 0.596662 0.00177479
14 0.394928 0.412726 0.677259 0.662726 0.00145531
28 0.423914 0.353616 0.60368 0.547288 0.0014267
14 0.24582 0.0756259 0.0317726 0.0497218 0.00136662
54 0.613714 0.34501 0.221851 0.422636 0.00133514
28 0.503903 0.325452 0.442587 0.465925 0.00127411
15 0.576367 0.323018 0.301004 0.476356 0.00121593
39 0.503903 0.325452 0.442587 0.465925 0.00115108
13 0.494427 0.329016 0.461539 0.469924 0.0011425
32 0.614411 0.349183 0.220458 0.415682 0.00110722
77 0.614829 0.355007 0.220736 0.399861 0.00106525
0 0.576367 0.323018 0.301004 0.476356 0.00104046
55 0.503903 0.325452 0.442587 0.465925 0.00102043
58 0.510592 0.327538 0.430324 0.464534 0.00101662
15 0.278429 0.447149 0.551283 0.771905 0.782715
15 0.348872 0.377955 0.451645 0.616829 0.246582
16 0.277593 0.439499 0.536233 0.741307 0.0381775
15 0.448789 0.422462 0.538323 0.690542 0.0350037
26 0.613156 0.344576 0.222966 0.424896 0.0287628
13 0.39465 0.412291 0.672242 0.666377 0.0236969
24 0.613156 0.344576 0.222966 0.424896 0.0123825
14 0.244705 0.0664117 0.0264772 0.0312935 0.0116425
75 0.613714 0.349791 0.220736 0.414465 0.0104523
17 0.399666 0.395688 0.65775 0.630042 0.0102081
0 0.244984 0.0665855 0.0267559 0.0309458 0.00978088
15 0.503346 0.323453 0.444817 0.488004 0.00941467
26 0.500001 0.325539 0.449276 0.471314 0.00828552
1 0.39465 0.412291 0.672242 0.666377 0.00828552
21 0.268047 0.437413 0.524109 0.757997 0.00821686
16 0.39465 0.412291 0.672242 0.666377 0.00723267
39 0.613714 0.349791 0.220736 0.414465 0.00656509
3 0.39465 0.412291 0.672242 0.666377 0.00626373
35 0.613156 0.344576 0.222966 0.424896 0.00616837
14 0.267559 0.438804 0.522855 0.735744 0.00572968
33 0.245263 0.0678025 0.029543 0.0333797 0.00527954
25 0.613714 0.349791 0.220736 0.414465 0.00526047
17 0.500001 0.325539 0.449276 0.471314 0.00488663
24 0.500001 0.325539 0.449276 0.471314 0.0042305
27 0.613714 0.349791 0.220736 0.414465 0.00411606
22 0.612599 0.340664 0.22631 0.435501 0.00403976
22 0.500001 0.325539 0.449276 0.471314 0.00391388
17 0.612599 0.340664 0.22631 0.435501 0.00385475
15 0.458195 0.285814 0.284282 0.415855 0.00353813
57 0.347827 0.442281 0.664438 0.823366 0.00327301
14 0.613714 0.349791 0.220736 0.414465 0.00305176
15 0.396043 0.291464 0.331662 0.425417 0.0028553
26 0.575809 0.323018 0.302119 0.477747 0.00283432
26 0.41388 0.390473 0.625977 0.621001 0.00269318
58 0.615525 0.351878 0.215998 0.410292 0.00268364
24 0.575809 0.323018 0.302119 0.477747 0.0026207
55 0.613156 0.344576 0.222966 0.424896 0.00234222
29 0.613714 0.355702 0.222966 0.399166 0.00224304
28 0.613156 0.344576 0.222966 0.424896 0.00213242
56 0.399666 0.395688 0.65775 0.630042 0.0020504
58 0.399666 0.395688 0.65775 0.630042 0.00203514
18 0.39465 0.412291 0.672242 0.666377 0.0019722
0 0.243451 0.0759736 0.0312152 0.0504172 0.00185299
14 0.39465 0.412291 0.672242 0.666377 0.00183868
46 0.613714 0.349791 0.220736 0.414465 0.00183105
22 0.41388 0.390473 0.625977 0.621001 0.00175476
15 0.575809 0.323018 0.302119 0.477747 0.00172043
28 0.42698 0.369958 0.596434 0.581363 0.0016613
16 0.613714 0.355702 0.222966 0.399166 0.00164223
54 0.613156 0.344576 0.222966 0.424896 0.00156116
28 0.503346 0.323453 0.444817 0.488004 0.00154305
15 0.612599 0.340664 0.22631 0.435501 0.00154305
0 0.615943 0.345706 0.214047 0.426808 0.0014782
24 0.41388 0.390473 0.625977 0.621001 0.00143242
16 0.245681 0.0667594 0.0281494 0.0319889 0.00132465
10 0.613714 0.349791 0.220736 0.414465 0.00131989
13 0.452063 0.497218 0.616501 0.812239 0.00126457
32 0.613714 0.349791 0.220736 0.414465 0.00117397
77 0.613714 0.355702 0.222966 0.399166 0.00107288
14 0.245681 0.0757997 0.0331662 0.0500695 0.00105286
22 0.575809 0.323018 0.302119 0.477747 0.00101662
15 0.283236 0.438804 0.546127 0.751043 0.759277
15 0.341695 0.377695 0.472688 0.617351 0.204346
15 0.44203 0.429677 0.551841 0.703929 0.0594177
16 0.27808 0.460275 0.534143 0.702538 0.0339661
26 0.612599 0.34388 0.224081 0.426287 0.0278015
24 0.612599 0.34388 0.224081 0.426287 0.0150757
16 0.393535 0.416203 0.676702 0.680807 0.0150146
13 0.393535 0.416203 0.676702 0.680807 0.012146
17 0.398552 0.404642 0.659979 0.651078 0.00905609
15 0.499722 0.325452 0.449834 0.47427 0.00898743
26 0.499722 0.325452 0.449834 0.47427 0.00891876
14 0.245123 0.0664117 0.0273133 0.0312935 0.00703812
1 0.393535 0.416203 0.676702 0.680807 0.00679779
75 0.613156 0.350139 0.221851 0.413769 0.00602722
24 0.499722 0.325452 0.449834 0.47427 0.00557709
35 0.612599 0.34388 0.224081 0.426287 0.00502014
3 0.393535 0.416203 0.676702 0.680807 0.00498199
33 0.245263 0.0678025 0.029543 0.0340751 0.00492477
0 0.244984 0.0665855 0.0267559 0.0309458 0.00468063
57 0.344204 0.439499 0.658307 0.820584 0.00428009
25 0.613156 0.350139 0.221851 0.413769 0.00426483
26 0.413044 0.404381 0.626534 0.648818 0.00383949
27 0.613156 0.350139 0.221851 0.413769 0.00383949
39 0.613156 0.350139 0.221851 0.413769 0.00370789
17 0.499722 0.325452 0.449834 0.47427 0.00352478
14 0.268395 0.440195 0.524527 0.734353 0.003088
24 0.575391 0.323366 0.302955 0.478442 0.00305176
21 0.278707 0.440195 0.538463 0.741307 0.00304031
14 0.613156 0.350139 0.221851 0.413769 0.00294685
17 0.612041 0.340056 0.227425 0.436718 0.00279999
26 0.575391 0.323366 0.302955 0.478442 0.00271416
14 0.393535 0.416203 0.676702 0.680807 0.00234222
22 0.499722 0.325452 0.449834 0.47427 0.00226974
22 0.612041 0.340056 0.227425 0.436718 0.00226021
24 0.413044 0.404381 0.626534 0.648818 0.00223351
15 0.45708 0.283119 0.29543 0.410118 0.00219917
16 0.612599 0.357441 0.225196 0.395688 0.00216484
0 0.246099 0.0698887 0.0309365 0.0382476 0.0020504
58 0.393535 0.416203 0.676702 0.680807 0.00203514
56 0.393535 0.416203 0.676702 0.680807 0.00201988
18 0.393535 0.416203 0.676702 0.680807 0.00194168
15 0.39465 0.287552 0.335564 0.417942 0.00191879
15 0.612041 0.340056 0.227425 0.436718 0.00179577
28 0.612599 0.34388 0.224081 0.426287 0.00179577
29 0.612599 0.357441 0.225196 0.395688 0.00178909
57 0.420012 0.509736 0.734115 0.844228 0.00178909
46 0.613156 0.350139 0.221851 0.413769 0.00162888
28 0.499722 0.325452 0.449834 0.47427 0.00156116
28 0.428095 0.377955 0.593089 0.597357 0.00154877
55 0.612599 0.34388 0.224081 0.426287 0.00153637
15 0.575391 0.323366 0.302955 0.478442 0.00151253
54 0.612599 0.34388 0.224081 0.426287 0.00146675
58 0.615386 0.353355 0.216277 0.408727 0.00137234
22 0.413044 0.404381 0.626534 0.648818 0.00134087
16 0.443702 0.509388 0.630994 0.842142 0.00123978
0 0.243312 0.0761474 0.0317726 0.050765 0.00117874
13 0.443702 0.509388 0.630994 0.842142 0.00109863
28 0.575391 0.323366 0.302955 0.478442 0.00103188
32 0.613156 0.350139 0.221851 0.413769 0.00102425
2 0.401896 0.439499 0.701228 0.767733 0.00102425
15 0.284282 0.443672 0.550726 0.755216 0.773438
15 0.338281 0.377608 0.492894 0.617524 0.125977
15 0.428095 0.428373 0.584171 0.698192 0.11438
16 0.278707 0.4621 0.535118 0.708623 0.0318604
16 0.391584 0.423418 0.685063 0.708102 0.028656
26 0.612599 0.340056 0.224081 0.435327 0.0228882
24 0.612599 0.340056 0.224081 0.435327 0.0142288
15 0.491919 0.325452 0.465441 0.481919 0.0123367
26 0.491919 0.325452 0.465441 0.481919 0.0078125
13 0.405241 0.453408 0.723524 0.798331 0.00757599
17 0.39465 0.420723 0.668898 0.688456 0.00701141
24 0.484951 0.320932 0.479377 0.479833 0.00544739
1 0.391584 0.423418 0.685063 0.708102 0.00511932
57 0.341974 0.436718 0.653848 0.820584 0.00488663
26 0.40747 0.423157 0.638797 0.68637 0.00452042
14 0.245263 0.0664117 0.027592 0.0312935 0.00346947
35 0.612599 0.340056 0.224081 0.435327 0.00307465
27 0.613156 0.349444 0.221851 0.416551 0.00307465
57 0.431439 0.517385 0.773692 0.870654 0.0030632
24 0.569678 0.323713 0.315497 0.480529 0.00304031
16 0.436456 0.517733 0.666668 0.87274 0.00298119
14 0.391584 0.423418 0.685063 0.708102 0.0029583
3 0.391584 0.423418 0.685063 0.708102 0.00291252
24 0.40747 0.423157 0.638797 0.68637 0.00269318
75 0.613156 0.349444 0.221851 0.416551 0.00269318
25 0.613156 0.349444 0.221851 0.416551 0.00263214
26 0.569678 0.323713 0.315497 0.480529 0.00255013
33 0.245263 0.0679764 0.0301004 0.0340751 0.0024929
56 0.405241 0.453408 0.723524 0.798331 0.00231361
15 0.608697 0.336579 0.234114 0.444367 0.00219917
17 0.491919 0.325452 0.465441 0.481919 0.00209999
18 0.391584 0.423418 0.685063 0.708102 0.00206757
14 0.613156 0.349444 0.221851 0.416551 0.00199509
16 0.612041 0.358832 0.225196 0.393602 0.00182438
58 0.391584 0.423418 0.685063 0.708102 0.0018177
16 0.450321 0.383171 0.541947 0.621697 0.0018177
0 0.245263 0.0664117 0.027592 0.0312935 0.00178242
17 0.608697 0.336579 0.234114 0.444367 0.00174141
63 0.278707 0.4621 0.535118 0.708623 0.0016489
15 0.569678 0.323713 0.315497 0.480529 0.00158501
14 0.278707 0.4621 0.535118 0.708623 0.00158501
16 0.484951 0.320932 0.479377 0.479833 0.0014782
39 0.613156 0.349444 0.221851 0.416551 0.0014782
28 0.40747 0.423157 0.638797 0.68637 0.00137806
28 0.608697 0.336579 0.234114 0.444367 0.00132465
25 0.423078 0.450626 0.643257 0.810848 0.00131512
28 0.491919 0.325452 0.465441 0.481919 0.00130939
0 0.639355 0.547288 0.464884 0.666203 0.0012846
15 0.342253 0.474965 0.402454 0.431154 0.00127411
15 0.393256 0.283032 0.34058 0.408901 0.00119686
0 0.693285 0.577017 0.510871 0.545549 0.00117874
46 0.612599 0.340056 0.224081 0.435327 0.0011692
54 0.612599 0.340056 0.224081 0.435327 0.00109863
21 0.280658 0.444367 0.54125 0.746871 0.00109863
22 0.491919 0.325452 0.465441 0.481919 0.00109482
29 0.612041 0.358832 0.225196 0.393602 0.00109005
22 0.608697 0.336579 0.234114 0.444367 0.00108147
16 0.520625 0.412031 0.421406 0.705841 0.00106049
2 0.431439 0.517385 0.773692 0.870654 0.00105286
28 0.569678 0.323713 0.315497 0.480529 0.00102425
15 0.28456 0.445758 0.552398 0.755216 0.751953
15 0.425029 0.433241 0.590302 0.709318 0.117554
15 0.335285 0.378303 0.497771 0.617524 0.0827026
16 0.391305 0.43637 0.69008 0.735049 0.0342407
16 0.278986 0.463752 0.534561 0.710883 0.0297546
26 0.612599 0.341446 0.224081 0.433936 0.0240479
24 0.612599 0.341446 0.224081 0.433936 0.0158386
15 0.492197 0.326234 0.464884 0.482441 0.0116882
57 0.335564 0.410987 0.644372 0.777469 0.008255
26 0.492197 0.326234 0.464884 0.482441 0.00821686
13 0.4097 0.465925 0.741362 0.817802 0.00669098
24 0.483836 0.321193 0.481606 0.478616 0.00612259
17 0.391305 0.43637 0.69008 0.735049 0.0055542
26 0.406913 0.426895 0.639912 0.692803 0.00450516
1 0.391305 0.43637 0.69008 0.735049 0.00441742
57 0.440358 0.521558 0.802677 0.880389 0.00400543
16 0.490804 0.514951 0.545709 0.861613 0.00345612
24 0.576228 0.324409 0.301283 0.480529 0.00314713
27 0.613714 0.349183 0.220736 0.417072 0.0030632
56 0.4097 0.465925 0.741362 0.817802 0.00298119
0 0.636568 0.558414 0.479377 0.705146 0.0029583
16 0.433111 0.371697 0.578597 0.597357 0.00294685
0 0.689104 0.588491 0.517002 0.583797 0.00291252
63 0.316333 0.570237 0.612599 0.802504 0.00287819
14 0.391305 0.43637 0.69008 0.735049 0.00277901
26 0.576228 0.324409 0.301283 0.480529 0.00265312
24 0.406913 0.426895 0.639912 0.692803 0.00264168
3 0.391305 0.43637 0.69008 0.735049 0.00259018
16 0.440358 0.521558 0.802677 0.880389 0.00254059
35 0.612599 0.341446 0.224081 0.433936 0.00244331
15 0.4097 0.465925 0.741362 0.817802 0.00243378
15 0.335564 0.468707 0.416946 0.442281 0.00214005
14 0.245263 0.0664117 0.0273133 0.0312935 0.00211525
25 0.613714 0.349183 0.220736 0.417072 0.00205803
15 0.612041 0.337622 0.227425 0.442281 0.00195694
18 0.391305 0.43637 0.69008 0.735049 0.00189686
16 0.505018 0.426287 0.453736 0.732962 0.00189686
63 0.278986 0.463752 0.534561 0.710883 0.00183105
75 0.613714 0.349183 0.220736 0.417072 0.00175476
77 0.420848 0.465229 0.65329 0.833102 0.0017004
58 0.391305 0.43637 0.69008 0.735049 0.0016489
16 0.612041 0.358484 0.225196 0.394298 0.00157928
14 0.613714 0.349183 0.220736 0.417072 0.0014267
33 0.245263 0.0679764 0.0301004 0.0340751 0.00139427
25 0.420848 0.465229 0.65329 0.833102 0.00137806
14 0.278986 0.463752 0.534561 0.710883 0.00132465
28 0.406913 0.426895 0.639912 0.692803 0.00127888
15 0.576228 0.324409 0.301283 0.480529 0.00127411
16 0.483836 0.321193 0.481606 0.478616 0.00126457
17 0.492197 0.326234 0.464884 0.482441 0.00123978
2 0.440358 0.521558 0.802677 0.880389 0.00117397
28 0.492197 0.326234 0.464884 0.482441 0.00115108
59 0.331941 0.414117 0.63601 0.776773 0.0011425
28 0.612041 0.337622 0.227425 0.442281 0.00112057
4 0.301283 1 0.574695 0 0.00109863
57 0.460425 0.519472 0.595319 0.819193 0.00104046
17 0.612041 0.337622 0.227425 0.442281 0.00103664
1 0.433111 0.371697 0.578597 0.597357 0.00102043
39 0.613714 0.349183 0.220736 0.417072 0.00101662
56 0.201784 0.542072 0.395765 0.537552 0.00101185
15 0.284282 0.447149 0.552956 0.752434 0.73877
15 0.426144 0.439847 0.586958 0.722531 0.101929
15 0.334519 0.379781 0.492615 0.620132 0.0477905
16 0.391305 0.454798 0.692309 0.773296 0.0458679
16 0.279195 0.468011 0.535258 0.716273 0.0243378
26 0.612599 0.343185 0.224081 0.43185 0.0173035
24 0.612599 0.343185 0.224081 0.43185 0.0142288
15 0.495472 0.326843 0.458334 0.481224 0.0101318
16 0.487181 0.520167 0.580826 0.878999 0.00695801
26 0.495472 0.326843 0.458334 0.481224 0.0068779
0 0.634199 0.564673 0.499722 0.746871 0.00666809
57 0.331941 0.404381 0.633781 0.768428 0.00664139
24 0.495472 0.326843 0.458334 0.481224 0.00595856
57 0.448719 0.523644 0.826089 0.885953 0.00527954
13 0.41388 0.479833 0.754182 0.838665 0.00521851
17 0.391305 0.454798 0.692309 0.773296 0.00482941
1 0.391305 0.454798 0.692309 0.773296 0.00397491
16 0.496169 0.444367 0.477008 0.767733 0.00385475
63 0.316054 0.571627 0.612041 0.809458 0.00379562
56 0.41388 0.479833 0.754182 0.838665 0.00370789
26 0.408585 0.431763 0.635453 0.702538 0.00329781
16 0.433111 0.374478 0.578597 0.602921 0.00307465
77 0.420012 0.480529 0.660537 0.855355 0.00298119
14 0.391305 0.454798 0.692309 0.773296 0.00292397
15 0.41388 0.479833 0.754182 0.838665 0.00286674
3 0.41388 0.479833 0.754182 0.838665 0.00264168
35 0.612599 0.343185 0.224081 0.43185 0.00263214
15 0.332777 0.466273 0.42252 0.44854 0.00245285
27 0.613017 0.349444 0.221015 0.417246 0.00239754
18 0.391305 0.454798 0.692309 0.773296 0.002388
63 0.279195 0.468011 0.535258 0.716273 0.00233269
14 0.613017 0.349444 0.221015 0.417246 0.00225258
24 0.408585 0.431763 0.635453 0.702538 0.00223351
16 0.610927 0.358832 0.227425 0.393602 0.00209999
15 0.613296 0.340056 0.224917 0.438108 0.00206757
25 0.613017 0.349444 0.221015 0.417246 0.00198746
75 0.613017 0.349444 0.221015 0.417246 0.0018034
77 0.496169 0.444367 0.477008 0.767733 0.00179577
16 0.485439 0.321975 0.478401 0.478442 0.00178242
25 0.420012 0.480529 0.660537 0.855355 0.00163555
14 0.24582 0.0667594 0.0289856 0.0326843 0.00137806
0 0.70067 0.618741 0.530659 0.598401 0.00134087
58 0.391305 0.454798 0.692309 0.773296 0.00132465
60 0.901339 0 0.197323 0 0.00131512
17 0.495472 0.326843 0.458334 0.481224 0.00118828
2 0.448719 0.523644 0.826089 0.885953 0.00116539
63 0.421127 0.515994 0.647159 0.848401 0.00116062
58 0.543479 0.105876 0.170569 0.211752 0.0011425
46 0.613017 0.349444 0.221015 0.417246 0.00113392
14 0.279195 0.468011 0.535258 0.716273 0.00112438
33 0.246099 0.0671071 0.0284282 0.0326843 0.0011158
28 0.512543 0.326843 0.426422 0.49235 0.00109005
28 0.613296 0.340056 0.224917 0.438108 0.00106525
25 0.715163 1 0.568563 0 0.00105286
59 0.329432 0.407858 0.629879 0.768428 0.00104046
17 0.613296 0.340056 0.224917 0.438108 0.00104046
59 0.448719 0.523644 0.826089 0.885953 0.00102425
15 0.28456 0.445063 0.552398 0.746871 0.725098
15 0.42698 0.434979 0.5864 0.712796 0.101562
15 0.335285 0.380737 0.494427 0.619611 0.0524292
16 0.391305 0.449235 0.692309 0.759388 0.0512695
16 0.279265 0.467663 0.534003 0.714186 0.0236969
26 0.612599 0.343446 0.224081 0.429937 0.0185394
24 0.612599 0.343446 0.224081 0.429937 0.016098
15 0.496935 0.326495 0.455408 0.480529 0.00978088
57 0.333334 0.401252 0.636568 0.769124 0.0091629
0 0.634477 0.565369 0.496935 0.744089 0.00800323
16 0.480492 0.519124 0.574137 0.875522 0.00740433
26 0.496935 0.326495 0.455408 0.480529 0.00664139
24 0.496935 0.326495 0.455408 0.480529 0.00602722
57 0.447883 0.523644 0.825531 0.884562 0.00551224
63 0.317169 0.573714 0.615386 0.810848 0.00486755
13 0.413044 0.479833 0.753625 0.835883 0.00471878
17 0.391305 0.449235 0.692309 0.759388 0.0041008
56 0.413044 0.479833 0.753625 0.835883 0.00391388
1 0.391305 0.449235 0.692309 0.759388 0.00372124
16 0.49582 0.446801 0.473245 0.761474 0.00340271
3 0.413044 0.479833 0.753625 0.835883 0.00322342
16 0.431996 0.372827 0.580826 0.597879 0.00307465
77 0.418619 0.480529 0.659979 0.849791 0.00299263
26 0.410815 0.426634 0.632108 0.691933 0.00294685
15 0.413044 0.479833 0.753625 0.835883 0.00275803
35 0.612599 0.343446 0.224081 0.429937 0.0026207
14 0.391305 0.449235 0.692309 0.759388 0.00261116
15 0.331592 0.470793 0.424889 0.439499 0.0024929
16 0.610787 0.358223 0.227704 0.39621 0.00230598
18 0.391305 0.449235 0.692309 0.759388 0.00225258
0 0.699556 0.621001 0.534003 0.606398 0.00225258
27 0.613156 0.349878 0.221851 0.417072 0.00221634
63 0.279265 0.467663 0.534003 0.714186 0.00219917
15 0.614271 0.340751 0.222966 0.436022 0.00214958
24 0.410815 0.426634 0.632108 0.691933 0.0020504
14 0.613156 0.349878 0.221851 0.417072 0.00179577
16 0.486553 0.321975 0.476172 0.477747 0.0017271
25 0.615943 0.356832 0.215162 0.401773 0.00162315
77 0.49582 0.446801 0.473245 0.761474 0.00157356
75 0.613156 0.349878 0.221851 0.417072 0.00150108
60 0.900781 0 0.198437 0 0.00138855
25 0.418619 0.480529 0.659979 0.849791 0.00134563
63 0.419176 0.517385 0.652175 0.849791 0.00128937
59 0.330547 0.405424 0.632108 0.769124 0.00124454
28 0.513379 0.326843 0.42475 0.49235 0.00124454
2 0.447883 0.523644 0.825531 0.884562 0.00122547
0 0.675587 0.523644 0.503903 0.529903 0.00120163
58 0.542643 0.105702 0.172241 0.211405 0.00117397
14 0.24582 0.0667594 0.0289856 0.0326843 0.00109863
63 0.290971 0.694019 0.55407 0.574409 0.00109005
46 0.613156 0.349878 0.221851 0.417072 0.00107765
28 0.614271 0.340751 0.222966 0.436022 0.00104046
58 0.391305 0.449235 0.692309 0.759388 0.00101662
56 0.199973 0.543115 0.393256 0.520167 0.00100422
15 0.284839 0.442281 0.550726 0.738526 0.72168
15 0.336679 0.381085 0.48941 0.618915 0.132935
15 0.431718 0.426373 0.576924 0.695236 0.0957031
16 0.391863 0.44089 0.68785 0.737135 0.0462036
16 0.278777 0.46662 0.532749 0.709318 0.0335999
26 0.612041 0.345619 0.225196 0.425591 0.0249939
24 0.612041 0.345619 0.225196 0.425591 0.0216217
57 0.333613 0.396384 0.637125 0.767733 0.0114212
15 0.500837 0.326061 0.447604 0.475834 0.00800323
26 0.500837 0.326061 0.447604 0.475834 0.00760651
0 0.683948 0.595445 0.525085 0.625522 0.00746155
24 0.500837 0.326061 0.447604 0.475834 0.0069313
57 0.436456 0.525382 0.799333 0.876912 0.00542831
63 0.316612 0.576495 0.613156 0.810848 0.00527954
16 0.483 0.518081 0.532331 0.858136 0.0049057
13 0.40747 0.476356 0.739132 0.821975 0.00475693
56 0.40747 0.476356 0.739132 0.821975 0.00397491
16 0.436456 0.525382 0.799333 0.876912 0.00383949
3 0.40747 0.476356 0.739132 0.821975 0.00382423
1 0.391863 0.44089 0.68785 0.737135 0.00379562
17 0.391863 0.44089 0.68785 0.737135 0.00356483
26 0.416946 0.415855 0.619845 0.668985 0.00332451
16 0.435341 0.374044 0.574137 0.595445 0.00302696
35 0.613296 0.351269 0.222687 0.414291 0.0029583
16 0.610927 0.357789 0.227425 0.397775 0.00254059
77 0.418061 0.47427 0.646601 0.827538 0.0024147
26 0.621518 0.396036 0.202899 0.32267 0.00230598
15 0.40747 0.476356 0.739132 0.821975 0.00228691
24 0.416946 0.415855 0.619845 0.668985 0.00226021
27 0.613296 0.351269 0.222687 0.414291 0.00222588
24 0.621518 0.396036 0.202899 0.32267 0.00219917
16 0.512543 0.44089 0.433111 0.727399 0.00209999
14 0.391863 0.44089 0.68785 0.737135 0.00206757
15 0.3364 0.484701 0.414159 0.411683 0.00198746
63 0.278777 0.46662 0.532749 0.709318 0.00183868
15 0.614411 0.342837 0.222687 0.43185 0.00178242
18 0.391863 0.44089 0.68785 0.737135 0.00167465
25 0.615943 0.356832 0.215162 0.401773 0.0016489
28 0.514773 0.326147 0.421963 0.49096 0.00150681
58 0.542365 0.105355 0.172799 0.210709 0.00148964
59 0.330268 0.400556 0.633781 0.767733 0.00137234
16 0.493382 0.323018 0.462515 0.473574 0.00128937
75 0.613296 0.351269 0.222687 0.414291 0.00128937
28 0.614411 0.342837 0.222687 0.43185 0.0012846
14 0.610927 0.357789 0.227425 0.397775 0.00124454
63 0.420848 0.51669 0.644372 0.837274 0.00123501
2 0.436456 0.525382 0.799333 0.876912 0.00123024
16 0.26728 0.694193 0.510035 0.578234 0.00123024
60 0.900503 0 0.198995 0 0.00115108
15 0.294872 0.576495 0.568563 0.810848 0.00115108
56 0.198718 0.542072 0.391863 0.520862 0.00113392
14 0.278777 0.46662 0.532749 0.709318 0.00111198
25 0.418061 0.47427 0.646601 0.827538 0.00110722
58 0.391863 0.44089 0.68785 0.737135 0.00105286
15 0.284769 0.439499 0.548636 0.731572 0.715332
15 0.336957 0.381693 0.479934 0.617698 0.181885
15 0.435898 0.41968 0.568563 0.680807 0.0772095
16 0.27822 0.464447 0.53052 0.698366 0.0411377
16 0.392141 0.43185 0.685063 0.7121 0.0399475
26 0.611484 0.346662 0.22631 0.422809 0.0302124
24 0.611484 0.346662 0.22631 0.422809 0.0266571
57 0.329432 0.394993 0.629879 0.756606 0.00941467
26 0.504182 0.326495 0.440915 0.472184 0.00847626
24 0.504182 0.326495 0.440915 0.472184 0.00806427
15 0.504182 0.326495 0.440915 0.472184 0.00605011
0 0.683391 0.591099 0.515051 0.596662 0.00595856
63 0.313267 0.580146 0.606467 0.800765 0.00538635
57 0.426422 0.52573 0.774807 0.866481 0.0051384
13 0.402454 0.470793 0.724639 0.802503 0.00498199
3 0.402454 0.470793 0.724639 0.802503 0.00439835
1 0.392141 0.43185 0.685063 0.7121 0.0042305
56 0.402454 0.470793 0.724639 0.802503 0.00382423
26 0.423635 0.407163 0.606467 0.651599 0.00366402
35 0.612041 0.351965 0.222966 0.4129 0.00352478
17 0.392141 0.43185 0.685063 0.7121 0.00335121
16 0.293479 0.579972 0.565776 0.801113 0.00319672
16 0.610927 0.357354 0.227425 0.397949 0.00314713
26 0.621936 0.400556 0.200948 0.314325 0.00302696
16 0.438964 0.374131 0.566891 0.59249 0.00291252
24 0.621936 0.400556 0.200948 0.314325 0.00279999
16 0.426422 0.52573 0.774807 0.866481 0.00277901
16 0.495054 0.51217 0.490386 0.828234 0.00263214
24 0.423635 0.407163 0.606467 0.651599 0.00257111
27 0.612041 0.351965 0.222966 0.4129 0.00223351
16 0.479655 0.324061 0.489968 0.48331 0.00194168
58 0.542365 0.105355 0.171684 0.210709 0.00176811
77 0.420291 0.465577 0.632108 0.801808 0.00172043
14 0.392141 0.43185 0.685063 0.7121 0.0016613
25 0.612041 0.351965 0.222966 0.4129 0.0016489
15 0.402454 0.470793 0.724639 0.802503 0.0016489
63 0.27822 0.464447 0.53052 0.698366 0.00161076
28 0.514494 0.326147 0.42252 0.49096 0.00157356
28 0.614411 0.344228 0.222687 0.428373 0.00146675
15 0.614411 0.344228 0.222687 0.428373 0.00143242
18 0.392141 0.43185 0.685063 0.7121 0.00137806
59 0.329432 0.394993 0.629879 0.756606 0.00133514
15 0.33842 0.497566 0.409003 0.387344 0.00129414
15 0.293479 0.579972 0.565776 0.801113 0.00129414
16 0.26728 0.696627 0.510035 0.570584 0.00123501
2 0.426422 0.52573 0.774807 0.866481 0.00122547
15 0.464605 0.27573 0.302676 0.392907 0.00118828
14 0.610927 0.357354 0.227425 0.397949 0.00118828
16 0.531774 0.431763 0.391305 0.687239 0.00118828
75 0.612041 0.351965 0.222966 0.4129 0.00117874
60 0.762404 0 0.461818 0 0.00115585
24 0.577482 0.311457 0.150502 0.329798 0.00112057
1 0.438964 0.374131 0.566891 0.59249 0.00109863
63 0.288253 0.703581 0.549472 0.559458 0.00105667
29 0.610927 0.357354 0.227425 0.397949 0.00105286
58 0.392141 0.43185 0.685063 0.7121 0.00104809
56 0.197743 0.541377 0.389912 0.513908 0.00104046
63 0.423914 0.509736 0.630436 0.810848 0.00103188
46 0.612041 0.351965 0.222966 0.4129 0.00100803
15 0.284839 0.437413 0.547381 0.726008 0.704102
15 0.337724 0.381867 0.472827 0.618741 0.23938
15 0.437849 0.416551 0.564661 0.673157 0.0668335
16 0.277593 0.463143 0.529544 0.689847 0.0467224
16 0.39242 0.429155 0.682276 0.704972 0.0393372
26 0.611484 0.347618 0.22631 0.420202 0.0287628
24 0.611484 0.347618 0.22631 0.420202 0.0255585
26 0.506411 0.327451 0.436456 0.46888 0.00844574
24 0.506411 0.327451 0.436456 0.46888 0.00815582
57 0.326366 0.385605 0.617058 0.735049 0.00624084
15 0.460425 0.33484 0.528429 0.511127 0.00602722
57 0.417504 0.52573 0.75251 0.853964 0.00498199
13 0.399666 0.465925 0.714606 0.788595 0.00482941
3 0.399666 0.465925 0.714606 0.788595 0.00468063
0 0.682276 0.585535 0.505018 0.566064 0.00434875
1 0.39242 0.429155 0.682276 0.704972 0.00428009
63 0.308808 0.579972 0.596434 0.783032 0.00424957
35 0.611902 0.352573 0.223245 0.410987 0.00390053
16 0.610927 0.357789 0.227425 0.397775 0.00376511
56 0.399666 0.465925 0.714606 0.788595 0.00362206
26 0.428095 0.406033 0.597549 0.648296 0.00346947
17 0.39242 0.429155 0.682276 0.704972 0.00312424
16 0.291458 0.581537 0.560899 0.789638 0.00307465
16 0.440358 0.375435 0.562989 0.592663 0.00294685
26 0.624305 0.404729 0.197325 0.305981 0.00282288
24 0.624305 0.404729 0.197325 0.305981 0.00259018
24 0.428095 0.406033 0.597549 0.648296 0.00251198
16 0.482443 0.325104 0.484394 0.481919 0.00248146
27 0.611902 0.352573 0.223245 0.410987 0.00214958
58 0.542922 0.105268 0.170569 0.210535 0.00183105
16 0.508362 0.504172 0.455965 0.79694 0.00178242
25 0.611902 0.352573 0.223245 0.410987 0.00167465
14 0.39242 0.429155 0.682276 0.704972 0.00162315
77 0.422799 0.458275 0.621518 0.781641 0.00161648
28 0.5131 0.326147 0.425307 0.49096 0.00154877
63 0.277593 0.463143 0.529544 0.689847 0.00154877
18 0.39242 0.429155 0.682276 0.704972 0.00151253
15 0.466835 0.275296 0.295987 0.392385 0.00147247
75 0.611902 0.352573 0.223245 0.410987 0.00144386
28 0.614411 0.345967 0.222687 0.424896 0.00143242
15 0.614411 0.345967 0.222687 0.424896 0.00139904
14 0.610927 0.357789 0.227425 0.397775 0.00138855
15 0.399666 0.465925 0.714606 0.788595 0.00126457
29 0.610927 0.357789 0.227425 0.397775 0.00121593
77 0.610927 0.357789 0.227425 0.397775 0.00121593
2 0.417504 0.52573 0.75251 0.853964 0.00116062
57 0.462167 0.520862 0.551701 0.802503 0.00115585
46 0.611902 0.352573 0.223245 0.410987 0.00114727
1 0.440358 0.375435 0.562989 0.592663 0.0011425
58 0.399666 0.465925 0.714606 0.788595 0.00112057
59 0.326366 0.385605 0.617058 0.735049 0.0011034
16 0.267002 0.698366 0.509477 0.567107 0.00108147
60 0.759756 0 0.468228 0 0.00105667
24 0.577482 0.310153 0.150502 0.327538 0.00101662
15 0.28456 0.43637 0.545709 0.721141 0.6875
15 0.337863 0.382476 0.465859 0.617524 0.283691
16 0.277662 0.464447 0.529405 0.684458 0.0589905
15 0.440288 0.413769 0.559784 0.666203 0.0538025
16 0.393256 0.42733 0.679489 0.696106 0.0394897
26 0.611066 0.348401 0.227147 0.420028 0.0272675
24 0.611066 0.348401 0.227147 0.420028 0.0246124
24 0.50892 0.328234 0.431439 0.465925 0.008255
26 0.50892 0.328234 0.431439 0.465925 0.00821686
3 0.397437 0.461405 0.704572 0.773992 0.00548935
13 0.397437 0.461405 0.704572 0.773992 0.0046463
1 0.393256 0.42733 0.679489 0.696106 0.00460815
15 0.50892 0.328234 0.431439 0.465925 0.00455475
57 0.409979 0.525382 0.729656 0.840751 0.00452042
35 0.612181 0.352921 0.224917 0.410987 0.00438309
16 0.609951 0.358484 0.229376 0.397079 0.00403976
0 0.682833 0.582754 0.498329 0.546592 0.00365067
26 0.432554 0.404729 0.58863 0.645341 0.00348282
57 0.323301 0.403338 0.603123 0.74548 0.00345612
56 0.397437 0.461405 0.704572 0.773992 0.00342941
16 0.289856 0.584318 0.55853 0.778512 0.00340271
63 0.289856 0.584318 0.55853 0.778512 0.00340271
17 0.393256 0.42733 0.679489 0.696106 0.00311089
26 0.625977 0.40751 0.19398 0.300417 0.00300407
16 0.485439 0.326234 0.478401 0.48105 0.00287819
24 0.625977 0.40751 0.19398 0.300417 0.00273705
24 0.432554 0.404729 0.58863 0.645341 0.00260162
16 0.45708 0.394385 0.52174 0.606224 0.00200272
27 0.612181 0.352921 0.224917 0.410987 0.00195694
58 0.543479 0.105355 0.169454 0.210709 0.00176811
15 0.469065 0.27573 0.287069 0.392907 0.00167465
25 0.612181 0.352921 0.224917 0.410987 0.00160408
28 0.5131 0.326495 0.425307 0.491655 0.00154877
28 0.613714 0.346314 0.222966 0.4242 0.00153637
18 0.393256 0.42733 0.679489 0.696106 0.0015192
14 0.393256 0.42733 0.679489 0.696106 0.00151253
75 0.612181 0.352921 0.224917 0.410987 0.00146675
63 0.277662 0.464447 0.529405 0.684458 0.00142097
77 0.42698 0.452712 0.609812 0.763561 0.00135612
14 0.609951 0.358484 0.229376 0.397079 0.00132465
29 0.609951 0.358484 0.229376 0.397079 0.00127411
77 0.609951 0.358484 0.229376 0.397079 0.00122547
16 0.521183 0.494784 0.423635 0.758693 0.0012064
2 0.409979 0.525382 0.729656 0.840751 0.00115585
46 0.612181 0.352921 0.224917 0.410987 0.00115108
15 0.613714 0.346314 0.222966 0.4242 0.0011158
16 0.266584 0.699583 0.508084 0.560501 0.00105667
58 0.397437 0.461405 0.704572 0.773992 0.00102425
39 0.612181 0.352921 0.224917 0.410987 0.00100803
15 0.28456 0.43637 0.545709 0.721141 0.686035
15 0.338072 0.382128 0.465441 0.616829 0.286865
16 0.277593 0.464447 0.528987 0.684458 0.0605164
15 0.440427 0.413421 0.559505 0.665508 0.0538025
16 0.393535 0.426982 0.678931 0.69541 0.0393372
26 0.611066 0.348401 0.227147 0.420028 0.0273743
24 0.611066 0.348401 0.227147 0.420028 0.0245209
26 0.50892 0.328581 0.431439 0.465925 0.008255
24 0.50892 0.328581 0.431439 0.465925 0.00821686
3 0.397437 0.460709 0.703458 0.772601 0.00538635
13 0.397437 0.460709 0.703458 0.772601 0.0046463
15 0.50892 0.328581 0.431439 0.465925 0.00462723
1 0.393535 0.426982 0.678931 0.69541 0.00462723
57 0.4097 0.525035 0.726869 0.838665 0.00443268
35 0.612181 0.352921 0.224917 0.410987 0.00439835
16 0.609951 0.358223 0.229376 0.397601 0.00400543
0 0.682833 0.581363 0.497214 0.54242 0.00355148
26 0.433111 0.404729 0.587515 0.645341 0.00346947
56 0.397437 0.460709 0.703458 0.772601 0.00336266
16 0.289856 0.58484 0.55853 0.777469 0.00335121
57 0.322743 0.402643 0.600893 0.744089 0.00329781
63 0.289856 0.58484 0.55853 0.777469 0.00325966
17 0.393535 0.426982 0.678931 0.69541 0.00307465
26 0.625977 0.40751 0.19398 0.300417 0.00298119
16 0.485439 0.326234 0.478401 0.48105 0.00288963
24 0.625977 0.40751 0.19398 0.300417 0.00271416
24 0.433111 0.404729 0.587515 0.645341 0.00258064
27 0.612181 0.352921 0.224917 0.410987 0.00199509
16 0.458265 0.394211 0.519371 0.605181 0.00195694
58 0.543479 0.105355 0.169454 0.210709 0.00178242
15 0.468786 0.27573 0.287626 0.392907 0.00165462
25 0.612181 0.352921 0.224917 0.410987 0.00162315
28 0.5131 0.326495 0.425307 0.491655 0.00156116
28 0.613714 0.346401 0.222966 0.424026 0.00156116
18 0.393535 0.426982 0.678931 0.69541 0.00153065
14 0.393535 0.426982 0.678931 0.69541 0.00150108
75 0.612181 0.352921 0.224917 0.410987 0.00148964
63 0.277593 0.464447 0.528987 0.684458 0.00143242
77 0.393535 0.426982 0.678931 0.69541 0.00134563
14 0.609951 0.358223 0.229376 0.397601 0.00130463
29 0.609951 0.358223 0.229376 0.397601 0.00127888
77 0.609951 0.358223 0.229376 0.397601 0.00122547
46 0.612181 0.352921 0.224917 0.410987 0.00116539
2 0.4097 0.525035 0.726869 0.838665 0.00115108
16 0.52174 0.493046 0.42252 0.755216 0.00114727
15 0.613714 0.346401 0.222966 0.424026 0.00113392
60 0.760174 0 0.468507 0 0.00102425
16 0.266584 0.699583 0.508084 0.55911 0.00102425
39 0.612181 0.352921 0.224917 0.410987 0.00101662
58 0.397437 0.460709 0.703458 0.772601 0.00101662
