20 0.185066 0.677676 0.348377 0.485786 0.955078
20 0.514337 0.66388 0.320205 0.426421 0.929199
20 0.56803 0.783863 0.131374 0.186455 0.839844
20 0.878054 0.637542 0.240991 0.44398 0.609375
20 0.785452 0.729515 0.254379 0.281773 0.420654
20 0.735245 0.726589 0.153966 0.280936 0.197388
20 0.878054 0.567726 0.242107 0.302676 0.106323
20 0.77541 0.58403 0.0557849 0.0652174 0.092041
20 0.0856298 0.605351 0.168192 0.343645 0.0881958
20 0.813902 0.694816 0.315743 0.346154 0.0381775
20 0.746402 0.729097 0.11157 0.247492 0.0309143
20 0.764253 0.729933 0.158429 0.255853 0.0161591
20 0.587973 0.76087 0.177396 0.22408 0.0147324
20 0.812786 0.583612 0.131652 0.0702341 0.0133743
20 0.890327 0.528428 0.218677 0.2199 0.01017
17 0.0856298 0.605351 0.168192 0.343645 0.00760651
20 0.588949 0.698997 0.176559 0.349498 0.00725937
20 0.797724 0.727425 0.107107 0.265886 0.00720596
20 0.785452 0.706522 0.151735 0.284281 0.00671768
20 0.836774 0.766722 0.177396 0.197324 0.00591278
20 0.825617 0.62291 0.158429 0.222408 0.00547028
20 0.80386 0.76087 0.110454 0.202341 0.00518036
20 0.910968 0.489967 0.177396 0.148829 0.0045929
20 0.756443 0.686037 0.09595 0.269231 0.00448608
20 0.792146 0.692726 0.0937186 0.283445 0.00446701
20 0.753096 0.701923 0.156198 0.336957 0.00413513
20 0.760906 0.609532 0.0881402 0.115385 0.00395966
20 0.581279 0.652174 0.145041 0.25 0.00387001
20 0.827848 0.58612 0.142809 0.334448 0.00378036
20 0.656031 0.720736 0.0401651 0.188963 0.00358009
19 0.0849325 0.603679 0.166518 0.337793 0.00324821
20 0.598014 0.781773 0.0658262 0.17893 0.00316048
20 0.834542 0.717809 0.17628 0.290134 0.00294685
0 0.567333 0.782609 0.130537 0.185619 0.00271416
20 0.559104 0.780936 0.0912084 0.187291 0.00256157
20 0.561196 0.829431 0.044628 0.0919733 0.0024929
19 0.0286944 0.613712 0.0550179 0.307692 0.00232315
20 0.0293655 0.625418 0.0549307 0.322742 0.00231361
20 0.644874 0.810201 0.0423965 0.110368 0.00225258
32 0.429544 0.625418 0.0133884 0.0334448 0.00221634
20 0.766485 0.793478 0.0490907 0.117057 0.00221634
20 0.603593 0.73495 0.145041 0.252508 0.00210762
20 0.786567 0.593646 0.0278924 0.0451505 0.00196457
0 0.0856298 0.605351 0.168192 0.343645 0.00196457
17 0.0293655 0.625418 0.0549307 0.322742 0.00191212
20 0.792146 0.592809 0.0178512 0.0451505 0.00179577
20 0.642642 0.682274 0.0647105 0.245819 0.00178909
20 0.0423268 0.617057 0.0799119 0.319398 0.00178909
17 0.127782 0.464465 0.0763556 0.0551839 0.00172043
20 0.573469 0.725753 0.145041 0.295987 0.00166798
17 0.185066 0.677676 0.348377 0.485786 0.00163555
20 0.0933003 0.515886 0.149782 0.158863 0.00156689
0 0.0293655 0.625418 0.0549307 0.322742 0.00153637
20 0.11401 0.76087 0.0673603 0.145485 0.00150108
20 0.104736 0.750418 0.0499275 0.116221 0.00147247
20 0.539998 0.780936 0.081446 0.188963 0.00143242
0 0.561196 0.829431 0.044628 0.0919733 0.00141621
0 0.555757 0.830268 0.0287292 0.0886288 0.00137806
20 0.714605 0.736622 0.116033 0.235786 0.00129414
20 0.862435 0.461957 0.0736361 0.0894649 0.00128937
20 0.533304 0.684783 0.044628 0.135452 0.00122547
20 0.946112 0.519231 0.105991 0.170569 0.00120163
20 0.668443 0.721572 0.251869 0.30602 0.00120163
20 0.760906 0.590719 0.0892559 0.0794314 0.00118828
0 0.53163 0.687709 0.0435123 0.129599 0.00116539
20 0.842352 0.524247 0.116033 0.212375 0.00116062
20 0.948343 0.494147 0.100413 0.11204 0.0011158
18 0.0856298 0.605351 0.168192 0.343645 0.0011158
20 0.878612 0.778846 0.0970657 0.184783 0.00109863
20 0.928261 0.533445 0.141694 0.204013 0.00109005
20 0.613634 0.785117 0.0423965 0.17893 0.00106525
20 0.571098 0.830268 0.062758 0.0886288 0.00106525
20 0.185206 0.678512 0.348656 0.48913 0.953125
20 0.514337 0.664298 0.320205 0.427258 0.92627
20 0.567333 0.783863 0.130537 0.186455 0.832031
20 0.878054 0.632943 0.240991 0.434783 0.656738
20 0.787683 0.729515 0.258842 0.283445 0.484375
20 0.733014 0.725334 0.149504 0.283445 0.183594
20 0.086118 0.605351 0.169168 0.344482 0.122498
20 0.774852 0.584448 0.0535535 0.0618729 0.100159
20 0.745286 0.728261 0.105991 0.245819 0.0294189
20 0.764253 0.729933 0.158429 0.255853 0.0157776
20 0.587973 0.744983 0.177396 0.257525 0.0156021
20 0.808881 0.582776 0.122727 0.0702341 0.0151901
20 0.891443 0.528428 0.216445 0.220736 0.0112
20 0.837331 0.766722 0.177396 0.198997 0.00763702
20 0.798282 0.727425 0.109338 0.265886 0.00682449
20 0.789356 0.705686 0.152851 0.284281 0.00612259
17 0.086118 0.605351 0.169168 0.344482 0.00521851
20 0.910968 0.489967 0.177396 0.147157 0.00492477
20 0.826732 0.62291 0.158429 0.215719 0.00492477
20 0.808881 0.752508 0.120495 0.219064 0.00484848
20 0.835658 0.719064 0.177396 0.289298 0.00441742
20 0.762022 0.600752 0.0870245 0.0986622 0.00439835
20 0.757559 0.683946 0.0937186 0.265886 0.00434875
20 0.828964 0.58612 0.140578 0.332776 0.00402451
20 0.787683 0.689799 0.0814459 0.277592 0.00395966
20 0.598014 0.781773 0.0647105 0.17893 0.00376511
20 0.656031 0.720736 0.0401651 0.188963 0.00356483
20 0.587415 0.679348 0.175165 0.390468 0.00353813
20 0.581418 0.650502 0.144762 0.247492 0.00349617
0 0.566775 0.783027 0.130537 0.186455 0.00283432
20 0.557849 0.781354 0.0914873 0.188127 0.00270462
20 0.766485 0.793478 0.0468593 0.115385 0.00269318
20 0.0938581 0.515468 0.149504 0.158027 0.0026722
20 0.786567 0.593646 0.0278924 0.0451505 0.00234222
19 0.085072 0.603679 0.166797 0.339465 0.00230598
20 0.561196 0.829431 0.044628 0.0919733 0.00228691
20 0.0294353 0.624582 0.0547912 0.322742 0.00214005
20 0.792146 0.592809 0.0178512 0.0451505 0.00211525
32 0.429544 0.625418 0.0133884 0.0334448 0.00206757
20 0.644874 0.810201 0.0423965 0.110368 0.0020504
20 0.862435 0.461538 0.0736361 0.0886288 0.00199509
20 0.642642 0.682274 0.0669419 0.249164 0.00183868
20 0.793819 0.763378 0.10376 0.198997 0.00182438
20 0.0401651 0.615385 0.0753096 0.323579 0.00175476
0 0.53163 0.687291 0.0435123 0.128763 0.00171375
19 0.0286246 0.613294 0.0547389 0.306856 0.0015974
0 0.086118 0.605351 0.169168 0.344482 0.0015974
0 0.561196 0.829431 0.044628 0.0919733 0.00155449
17 0.127782 0.464047 0.0763556 0.0551839 0.00150108
0 0.0294353 0.624582 0.0547912 0.322742 0.00146103
20 0.539719 0.781354 0.0820038 0.188127 0.0014267
20 0.946112 0.519649 0.107107 0.172241 0.00140476
20 0.928261 0.533445 0.141694 0.204013 0.00136662
0 0.556176 0.830895 0.0278924 0.0873746 0.00130463
20 0.877497 0.779264 0.0992971 0.187291 0.00130463
20 0.948343 0.494147 0.100413 0.11204 0.0012846
20 0.842352 0.523411 0.116033 0.20903 0.00124931
17 0.185206 0.678512 0.348656 0.48913 0.00121593
20 0.11415 0.76087 0.0673603 0.147157 0.00118828
20 0.716836 0.735368 0.120495 0.238294 0.00118351
20 0.613634 0.785117 0.0423965 0.17893 0.00117874
20 0.104806 0.75 0.050067 0.117057 0.00117397
20 0.533862 0.684783 0.044628 0.135452 0.00115108
20 0.672208 0.720736 0.244338 0.30602 0.0011158
17 0.0297752 0.615803 0.0559244 0.313545 0.00109482
20 0.571098 0.830268 0.062758 0.0886288 0.00104809
18 0.086118 0.605351 0.169168 0.344482 0.00104809
20 0.184927 0.67893 0.350329 0.489967 0.949219
20 0.514616 0.66388 0.320763 0.428094 0.923828
20 0.56803 0.783863 0.131374 0.186455 0.830078
20 0.878054 0.632107 0.240991 0.434783 0.600098
20 0.788241 0.729097 0.259958 0.285953 0.484375
20 0.880286 0.570234 0.237644 0.309365 0.180054
20 0.731898 0.722408 0.147272 0.289298 0.173828
20 0.0866061 0.604515 0.170144 0.344482 0.108948
20 0.832311 0.639632 0.332478 0.453177 0.108948
20 0.77541 0.583612 0.0557849 0.0652174 0.0953369
20 0.745286 0.728261 0.104876 0.245819 0.0249939
20 0.804418 0.582776 0.113801 0.0702341 0.0153656
20 0.587973 0.749582 0.177396 0.248328 0.0148392
20 0.765369 0.729097 0.158429 0.257525 0.0137939
20 0.892559 0.528428 0.214214 0.220736 0.0112915
20 0.837331 0.766722 0.178512 0.200669 0.00757599
20 0.586857 0.698161 0.179627 0.351171 0.00542831
20 0.79884 0.726589 0.113801 0.265886 0.00536346
20 0.789914 0.705268 0.158429 0.283445 0.00479126
20 0.762022 0.598662 0.084793 0.0936455 0.00462723
20 0.835658 0.719482 0.178512 0.288462 0.00439835
20 0.911525 0.48913 0.17628 0.147157 0.00438309
20 0.815575 0.749164 0.136115 0.225753 0.0041008
20 0.758675 0.682274 0.092603 0.262542 0.00399017
20 0.801629 0.765468 0.108223 0.19816 0.00399017
20 0.826732 0.623328 0.160661 0.203177 0.00397491
20 0.598014 0.781773 0.0647105 0.17893 0.00355148
20 0.0939976 0.51505 0.150061 0.158027 0.00344276
20 0.656031 0.720736 0.0401651 0.188963 0.00331116
20 0.828964 0.585284 0.140578 0.331104 0.00319672
20 0.784336 0.686455 0.0747518 0.272575 0.00318527
20 0.766485 0.793478 0.0468593 0.113712 0.00282288
0 0.566775 0.783027 0.130537 0.186455 0.00256157
17 0.0860482 0.603679 0.168749 0.341137 0.00232315
20 0.862435 0.460702 0.0736361 0.0869565 0.00228691
20 0.561754 0.829431 0.0457437 0.090301 0.00226021
20 0.581279 0.649666 0.145041 0.245819 0.00212479
20 0.786567 0.593227 0.0278924 0.0451505 0.00209999
20 0.792146 0.592809 0.0178512 0.0451505 0.00201988
20 0.0294963 0.624164 0.0549481 0.322742 0.00197983
20 0.644874 0.810201 0.0423965 0.108696 0.00194931
32 0.429544 0.625418 0.0133884 0.0334448 0.0018034
20 0.642642 0.682274 0.0658262 0.249164 0.00162888
0 0.53163 0.687291 0.0435123 0.128763 0.00161076
19 0.0852114 0.603679 0.167076 0.337793 0.00144386
0 0.561754 0.829431 0.0457437 0.090301 0.00133514
20 0.923798 0.532609 0.150619 0.204013 0.0012846
20 0.539719 0.780936 0.0831195 0.187291 0.00126934
20 0.0437912 0.615385 0.0825617 0.322742 0.00125504
20 0.944996 0.519649 0.108223 0.173077 0.0012064
20 0.842352 0.521739 0.117148 0.205686 0.00116062
20 0.571238 0.830268 0.0635948 0.0886288 0.0011158
20 0.875823 0.779264 0.102644 0.187291 0.00111198
20 0.572911 0.725753 0.143925 0.29097 0.00109863
0 0.17126 0.474916 0.0167355 0.0334448 0.00107288
0 0.0866061 0.604515 0.170144 0.344482 0.00107288
20 0.948343 0.493311 0.101529 0.11204 0.00106049
17 0.127887 0.464047 0.0767042 0.0551839 0.00105667
20 0.613634 0.785117 0.0423965 0.177258 0.00105286
0 0.555618 0.830895 0.0278924 0.0873746 0.00100422
20 0.184648 0.678512 0.351445 0.490803 0.945801
20 0.514895 0.664298 0.321321 0.42893 0.921875
20 0.567333 0.783863 0.131652 0.186455 0.830078
20 0.878054 0.632943 0.240991 0.436455 0.602051
20 0.788799 0.729933 0.263305 0.285953 0.539062
20 0.879728 0.567726 0.239875 0.304348 0.181274
20 0.734129 0.721572 0.151735 0.292642 0.149536
20 0.0873731 0.604515 0.171678 0.344482 0.135254
20 0.77541 0.583612 0.0557849 0.0652174 0.0974121
20 0.831195 0.64005 0.334709 0.454013 0.0875854
20 0.745286 0.727843 0.104876 0.246655 0.0230713
20 0.788799 0.582358 0.0825617 0.069398 0.0171814
20 0.588531 0.743729 0.177396 0.260033 0.0154877
20 0.764811 0.728261 0.157313 0.257525 0.0139008
20 0.891443 0.528846 0.216445 0.221572 0.0112457
20 0.836774 0.765886 0.178512 0.202341 0.00959778
20 0.835658 0.720318 0.178512 0.286789 0.00568771
20 0.799398 0.726589 0.117148 0.265886 0.0051384
20 0.094137 0.51505 0.150898 0.157191 0.00498199
20 0.763138 0.59699 0.084793 0.0919732 0.00494385
20 0.803303 0.765886 0.11157 0.197324 0.00439835
20 0.791588 0.705686 0.164008 0.279264 0.00428009
20 0.598014 0.781773 0.0647105 0.17893 0.00415039
20 0.75979 0.680602 0.0914872 0.26087 0.00387001
20 0.910968 0.48913 0.177396 0.147157 0.0036068
20 0.826732 0.623746 0.160661 0.195652 0.00337601
20 0.766485 0.793478 0.0468593 0.11204 0.00327301
20 0.656031 0.721572 0.0401651 0.188963 0.00319672
20 0.0295573 0.623746 0.0549656 0.321906 0.00291252
20 0.830079 0.584866 0.140578 0.330268 0.0028553
20 0.780989 0.684783 0.0691733 0.269231 0.00281143
20 0.585602 0.675167 0.181022 0.400502 0.0027256
20 0.862435 0.460702 0.0736361 0.0869565 0.00247192
0 0.566775 0.783027 0.131652 0.186455 0.00243378
20 0.809997 0.584866 0.124958 0.0735786 0.00235939
20 0.561754 0.829431 0.0468594 0.090301 0.00220871
20 0.792146 0.592809 0.0178512 0.0451505 0.00200272
20 0.786567 0.592809 0.0278924 0.0451505 0.00191879
32 0.429544 0.625418 0.0133884 0.0334448 0.0017271
20 0.644874 0.810201 0.0423965 0.108696 0.00170708
20 0.581139 0.649666 0.14532 0.245819 0.00161648
0 0.17126 0.474916 0.0167355 0.0334448 0.00157928
20 0.643758 0.683946 0.0647105 0.247492 0.00156689
20 0.0423617 0.617057 0.0799816 0.32107 0.00152493
0 0.53163 0.687709 0.044628 0.128763 0.00150108
20 0.539998 0.781773 0.0836774 0.185619 0.00133038
0 0.561754 0.829431 0.0468594 0.090301 0.00129986
20 0.873592 0.779264 0.107107 0.188963 0.00127888
20 0.920451 0.532609 0.156198 0.204013 0.00126934
17 0.0854904 0.603679 0.167634 0.339465 0.00124454
20 0.571377 0.830268 0.0644316 0.0886288 0.00117397
20 0.862435 0.755017 0.131652 0.23913 0.00116062
20 0.613634 0.785117 0.0423965 0.177258 0.00111198
20 0.943881 0.521739 0.109338 0.17893 0.00107288
20 0.146993 0.519231 0.261073 0.166388 0.00106525
0 0.774295 0.587375 0.0557849 0.0635452 0.00105286
20 0.842352 0.522993 0.117148 0.20903 0.00102425
20 0.141973 0.598662 0.268325 0.322742 0.00101662
20 0.184509 0.678094 0.35284 0.489967 0.944336
20 0.514895 0.664298 0.322437 0.42893 0.924316
20 0.566775 0.783863 0.131652 0.186455 0.856934
20 0.878612 0.633361 0.239875 0.437291 0.640625
20 0.789914 0.729933 0.265536 0.289298 0.594727
20 0.087931 0.604933 0.172794 0.344482 0.154541
20 0.738592 0.72199 0.162892 0.29515 0.123779
20 0.77541 0.583612 0.0557849 0.0652174 0.103027
20 0.830079 0.640468 0.334709 0.454849 0.0775146
20 0.744729 0.727843 0.10376 0.246655 0.0243378
20 0.587834 0.734532 0.176559 0.278428 0.0148392
20 0.765369 0.728261 0.158429 0.259197 0.0146179
20 0.836774 0.76505 0.179627 0.205686 0.0132751
20 0.890327 0.529264 0.218677 0.220736 0.00912476
20 0.835658 0.720318 0.178512 0.286789 0.0086441
20 0.799956 0.726589 0.116033 0.265886 0.00566483
20 0.0940673 0.51505 0.151595 0.157191 0.00561905
20 0.804418 0.76505 0.116033 0.198997 0.00561905
20 0.76258 0.596572 0.0836773 0.0911371 0.00542831
20 0.598572 0.781773 0.0647105 0.17893 0.0053215
20 0.796609 0.706522 0.156198 0.279264 0.00443268
20 0.769832 0.69398 0.138347 0.287625 0.00418091
20 0.75979 0.681438 0.0892559 0.262542 0.00411606
20 0.584068 0.675585 0.185206 0.399666 0.00391388
20 0.766485 0.793478 0.044628 0.110368 0.00383949
20 0.830079 0.584866 0.138347 0.33194 0.00365067
20 0.826732 0.625 0.158429 0.198997 0.00358009
20 0.656031 0.722408 0.0401651 0.188963 0.00345612
20 0.0294963 0.62291 0.0546692 0.322742 0.00340271
20 0.779873 0.684364 0.0647105 0.267559 0.00307465
20 0.910968 0.490385 0.177396 0.149666 0.0030632
0 0.566775 0.783027 0.131652 0.186455 0.00265312
20 0.861877 0.460702 0.0747518 0.0869565 0.00260162
20 0.86355 0.694816 0.269999 0.371237 0.00253105
20 0.809997 0.584866 0.124958 0.0744147 0.00239754
20 0.562312 0.829431 0.0468594 0.090301 0.00221634
0 0.17126 0.474916 0.0167355 0.0334448 0.00214005
20 0.79103 0.592809 0.0200825 0.0451505 0.00213242
20 0.786567 0.592809 0.0278924 0.0451505 0.00191212
20 0.873034 0.7801 0.108223 0.192308 0.00182438
20 0.580721 0.649666 0.146157 0.247492 0.00178242
20 0.861877 0.748746 0.131652 0.256689 0.0017004
0 0.531909 0.687709 0.0440701 0.127926 0.00154877
32 0.429544 0.625418 0.0133884 0.0334448 0.00153637
20 0.644874 0.810201 0.0423965 0.108696 0.00153637
20 0.643758 0.684783 0.0635948 0.252508 0.00153637
20 0.0406533 0.617475 0.0765648 0.321906 0.00146675
20 0.77039 0.585284 0.0435123 0.0585284 0.00143242
20 0.613634 0.785535 0.0412808 0.176421 0.00142097
0 0.562312 0.829431 0.0468594 0.090301 0.00141621
20 0.539998 0.781773 0.0836774 0.185619 0.00134087
20 0.920451 0.532609 0.157313 0.204013 0.00127888
0 0.774295 0.587375 0.0557849 0.0635452 0.00125504
20 0.13615 0.518813 0.23869 0.166388 0.00119686
20 0.738592 0.583612 0.0312395 0.0652174 0.00117397
21 0.87917 0.636288 0.238759 0.441472 0.00108147
5 0.513779 0.664298 0.323552 0.422241 0.00107288
20 0.127155 0.463629 0.0820736 0.0535117 0.00105667
20 0.943881 0.525084 0.11157 0.183946 0.00104427
20 0.141101 0.599916 0.269511 0.325251 0.00104046
20 0.183532 0.67893 0.35535 0.486622 0.944336
20 0.515174 0.664716 0.321879 0.428094 0.928223
20 0.566775 0.783863 0.130537 0.186455 0.899902
20 0.879728 0.631271 0.237644 0.43311 0.672363
20 0.789914 0.731605 0.265536 0.289298 0.62793
20 0.0880007 0.604933 0.172654 0.343645 0.172729
20 0.77541 0.583612 0.0557849 0.0652174 0.139404
20 0.749749 0.724498 0.18409 0.290134 0.105957
20 0.727435 0.733696 0.140578 0.258361 0.0875854
20 0.832311 0.639214 0.331362 0.454013 0.0535889
20 0.744171 0.728261 0.102644 0.245819 0.0305634
20 0.836774 0.764632 0.179627 0.204849 0.0168457
20 0.588531 0.719064 0.17628 0.309365 0.0146713
20 0.835658 0.720736 0.178512 0.285953 0.012291
20 0.881402 0.559365 0.235412 0.285953 0.0109024
20 0.842352 0.66388 0.249916 0.414716 0.00901794
20 0.802187 0.76505 0.110454 0.198997 0.00746155
20 0.821154 0.742057 0.147272 0.239967 0.00740433
20 0.79884 0.727007 0.11157 0.263378 0.00725937
20 0.59913 0.782609 0.0635948 0.17893 0.00714874
20 0.0944857 0.51505 0.151038 0.157191 0.0069313
20 0.579047 0.676003 0.196363 0.398829 0.00626373
20 0.763138 0.595736 0.0825616 0.0894649 0.00600433
20 0.905389 0.516722 0.187437 0.200669 0.00544739
20 0.831195 0.585284 0.136115 0.332776 0.00471878
20 0.766485 0.793478 0.044628 0.110368 0.00469971
20 0.0294265 0.622074 0.0541114 0.32107 0.0045929
20 0.760348 0.679766 0.0881402 0.259197 0.00448608
20 0.774295 0.693562 0.12719 0.288462 0.00441742
20 0.825617 0.62709 0.156198 0.200669 0.00411606
20 0.656031 0.723244 0.0401651 0.190636 0.00403976
20 0.779315 0.681438 0.0624791 0.262542 0.00376511
20 0.755328 0.709448 0.129421 0.326923 0.00366402
0 0.17126 0.474916 0.0170144 0.0334448 0.00336266
20 0.760906 0.733278 0.0736361 0.252508 0.00328636
20 0.808881 0.584448 0.122727 0.0727424 0.00314713
20 0.603732 0.733278 0.144762 0.259197 0.00313568
20 0.861877 0.460702 0.0747518 0.0869565 0.00269318
20 0.79103 0.592809 0.0200825 0.0451505 0.00251198
20 0.580721 0.649666 0.145041 0.247492 0.00246239
20 0.873592 0.7801 0.107107 0.192308 0.00245285
20 0.562172 0.829431 0.0471383 0.090301 0.0024147
20 0.861877 0.74791 0.131652 0.258361 0.002388
0 0.566914 0.782609 0.131373 0.185619 0.00232315
20 0.786567 0.592809 0.0278924 0.0451505 0.00215721
20 0.613634 0.785535 0.0412808 0.176421 0.00198746
20 0.644316 0.687291 0.0624791 0.252508 0.00196457
0 0.562172 0.829431 0.0471383 0.090301 0.00186729
20 0.133884 0.600334 0.255495 0.326087 0.0018177
20 0.769832 0.585284 0.0423965 0.0585284 0.00167465
20 0.644874 0.810201 0.0423965 0.108696 0.00166798
0 0.53163 0.687709 0.0435123 0.127926 0.00165462
0 0.774295 0.586957 0.0557849 0.0635451 0.00161076
20 0.739708 0.589047 0.0334709 0.076087 0.0015192
20 0.131652 0.518395 0.22816 0.165552 0.00150681
21 0.87917 0.635451 0.238759 0.439799 0.00148964
20 0.539998 0.781773 0.0836774 0.185619 0.00141621
0 0.766485 0.787625 0.0468593 0.125418 0.00137234
20 0.0442095 0.615385 0.083259 0.327759 0.00129986
32 0.429823 0.625418 0.0139462 0.034281 0.00124454
20 0.764253 0.781773 0.0524378 0.147157 0.00124454
5 0.513779 0.664716 0.323552 0.421405 0.00124454
20 0.126946 0.463211 0.0830498 0.0535117 0.00121117
20 0.113801 0.762542 0.0661051 0.147157 0.00119686
20 0.104945 0.752508 0.0503459 0.118729 0.00118351
20 0.943881 0.526756 0.11157 0.188963 0.00107288
20 0.649336 0.725753 0.0535535 0.235786 0.00107288
20 0.841794 0.540552 0.116033 0.243311 0.00103188
20 0.910968 0.486622 0.172933 0.14214 0.00102425
20 0.183532 0.67893 0.354792 0.48495 0.945801
20 0.514895 0.664716 0.321321 0.428094 0.927734
20 0.566635 0.783863 0.1297 0.186455 0.915039
20 0.880286 0.630435 0.236528 0.429766 0.689453
20 0.79103 0.727425 0.269999 0.292642 0.680664
20 0.0877218 0.604515 0.172096 0.342809 0.214722
20 0.77541 0.583194 0.0557849 0.0643813 0.151001
20 0.727435 0.734114 0.140578 0.257525 0.115967
20 0.8351 0.638796 0.324668 0.453177 0.0386047
20 0.744171 0.728261 0.102644 0.245819 0.0384521
20 0.836774 0.727843 0.178512 0.275084 0.0234222
20 0.764253 0.728261 0.156198 0.255853 0.021286
20 0.589228 0.715301 0.176001 0.31689 0.0155411
20 0.843468 0.770067 0.165123 0.205686 0.0114212
20 0.889211 0.531773 0.220908 0.22408 0.0109482
20 0.841237 0.67015 0.227602 0.400502 0.00997162
20 0.798282 0.727007 0.108223 0.263378 0.00952148
20 0.801071 0.76505 0.107107 0.197324 0.00937653
20 0.5757 0.678094 0.203057 0.394649 0.00908661
20 0.0945554 0.51505 0.150619 0.157191 0.00881195
20 0.59913 0.782609 0.0624791 0.17893 0.00878143
20 0.0292522 0.622074 0.0536232 0.320234 0.00664139
20 0.832311 0.585284 0.133884 0.332776 0.00643921
20 0.763138 0.595318 0.0825616 0.0886288 0.00619125
20 0.767043 0.793478 0.0435123 0.108696 0.00527954
20 0.778757 0.693562 0.117148 0.288462 0.00521851
20 0.658262 0.715719 0.0357023 0.217391 0.00508118
20 0.760906 0.680184 0.0870245 0.260033 0.00492477
20 0.825059 0.627926 0.153966 0.204013 0.0049057
20 0.778757 0.682692 0.0624791 0.263378 0.0045929
20 0.604151 0.734532 0.143925 0.256689 0.00426483
20 0.763695 0.732441 0.0602477 0.250836 0.00411606
20 0.128863 0.600334 0.246569 0.326087 0.00388527
20 0.580303 0.649666 0.144762 0.247492 0.00382423
20 0.852393 0.707358 0.290082 0.354515 0.00382423
20 0.808881 0.584448 0.121611 0.0735786 0.00349617
20 0.760906 0.709866 0.133884 0.326087 0.00346947
0 0.17126 0.474498 0.0172933 0.0342809 0.00338936
20 0.860203 0.741639 0.133884 0.272575 0.00332451
20 0.87136 0.780518 0.109338 0.193144 0.00304031
20 0.91041 0.491639 0.178512 0.152174 0.00279045
0 0.562451 0.829431 0.0465804 0.090301 0.00261116
20 0.861877 0.460702 0.0747518 0.0869565 0.00258064
20 0.613634 0.785535 0.0412808 0.176421 0.00253105
20 0.79103 0.592391 0.0200825 0.0459866 0.00250244
20 0.562451 0.829431 0.0465804 0.090301 0.00242424
20 0.644874 0.689799 0.0624791 0.252508 0.002388
20 0.0984604 0.543478 0.161776 0.214047 0.00215721
20 0.786567 0.592809 0.0278924 0.0451505 0.00201988
20 0.73915 0.588629 0.0334709 0.0752509 0.00199509
20 0.130397 0.518395 0.22565 0.165552 0.00194931
0 0.767043 0.787207 0.0457437 0.124582 0.00189686
0 0.774295 0.587375 0.0557849 0.062709 0.00186729
0 0.53163 0.687709 0.0435123 0.127926 0.00181007
20 0.764811 0.780936 0.0502064 0.145485 0.00181007
20 0.769832 0.585284 0.0423965 0.0585284 0.00177479
20 0.649894 0.729097 0.0524378 0.237458 0.00172043
21 0.880286 0.636288 0.236528 0.439799 0.00168705
20 0.91822 0.531773 0.162892 0.204013 0.00161076
20 0.644874 0.810201 0.0423965 0.108696 0.00157356
20 0.0462666 0.613712 0.0870942 0.331104 0.00157356
20 0.540277 0.782191 0.0831195 0.184783 0.00150681
5 0.514337 0.664716 0.323552 0.419732 0.00145531
20 0.105015 0.753344 0.0502064 0.119565 0.00143814
20 0.113383 0.762542 0.0649894 0.148829 0.00143242
0 0.56789 0.782609 0.131652 0.185619 0.00138283
5 0.184509 0.677257 0.352282 0.488294 0.00127411
20 0.541671 0.698997 0.220908 0.33612 0.0012598
20 0.842352 0.545569 0.116033 0.253344 0.00125504
20 0.130397 0.461538 0.0780989 0.0535117 0.00117874
20 0.758117 0.688963 0.0613634 0.158863 0.0011692
0 0.555478 0.831104 0.0270557 0.0869565 0.0011425
20 0.943323 0.527592 0.11157 0.189799 0.00109005
32 0.429823 0.625418 0.0139462 0.034281 0.00105286
20 0.624233 0.743311 0.10376 0.242475 0.00101185
20 0.183811 0.679348 0.354234 0.484114 0.941895
20 0.566635 0.783445 0.1297 0.185619 0.925781
20 0.514895 0.664298 0.320205 0.427258 0.922363
20 0.880286 0.631271 0.236528 0.431438 0.708984
20 0.791588 0.728261 0.268883 0.29097 0.697754
20 0.0877218 0.604933 0.171818 0.341973 0.240723
20 0.77541 0.583612 0.0557849 0.0635451 0.160278
20 0.727435 0.733696 0.139462 0.256689 0.144165
20 0.764253 0.727843 0.153966 0.256689 0.0254669
20 0.836774 0.727843 0.178512 0.273411 0.0244293
20 0.589089 0.714465 0.175165 0.318562 0.0173798
20 0.845699 0.769231 0.158429 0.205686 0.0146713
20 0.799956 0.764214 0.102644 0.197324 0.0137405
20 0.796608 0.726171 0.101529 0.263378 0.0128708
20 0.599688 0.782609 0.0613634 0.17893 0.0119629
20 0.890885 0.531773 0.217561 0.222408 0.0105667
20 0.838447 0.673077 0.20752 0.38796 0.0104904
20 0.09337 0.516304 0.152153 0.158863 0.00993347
20 0.0291128 0.621655 0.0533443 0.319398 0.00937653
20 0.881959 0.568562 0.234297 0.302676 0.00731659
20 0.658262 0.715301 0.0357023 0.218227 0.00712204
20 0.832311 0.585284 0.131652 0.33194 0.00674438
20 0.786567 0.694816 0.0981815 0.29097 0.00664139
20 0.12719 0.599916 0.242664 0.325251 0.00636292
20 0.605266 0.733696 0.141694 0.258361 0.00621796
20 0.763138 0.594482 0.081446 0.0852843 0.006073
20 0.7676 0.793896 0.0423965 0.10786 0.005867
20 0.744729 0.721572 0.101529 0.232441 0.00566483
20 0.580163 0.648829 0.143925 0.245819 0.00551224
20 0.777642 0.684783 0.0591321 0.267559 0.00548935
20 0.763138 0.682274 0.0825616 0.264214 0.00518036
20 0.764811 0.732441 0.0569006 0.249164 0.0049057
20 0.824501 0.628762 0.151735 0.204013 0.00486755
20 0.861319 0.741639 0.131652 0.272575 0.00466537
20 0.557849 0.782609 0.0903716 0.187291 0.0045929
20 0.873034 0.780936 0.107107 0.19398 0.00432968
0 0.17126 0.474498 0.0170144 0.0342809 0.00390053
20 0.613634 0.785535 0.0401651 0.176421 0.00387001
20 0.857972 0.713211 0.278925 0.342809 0.0037365
20 0.808323 0.58612 0.120495 0.0752508 0.00372124
20 0.91041 0.491221 0.178512 0.151338 0.00318527
0 0.562451 0.829431 0.0465804 0.090301 0.00300407
20 0.645989 0.692308 0.0602477 0.247492 0.00300407
20 0.861877 0.460702 0.0747518 0.0869565 0.00299263
20 0.650452 0.729097 0.0513221 0.240803 0.00275803
20 0.0983209 0.558946 0.160661 0.244147 0.00270462
20 0.765369 0.776756 0.0490907 0.150502 0.00248146
20 0.562451 0.829431 0.0465804 0.090301 0.00246239
20 0.792146 0.592391 0.0178512 0.0451505 0.00242424
0 0.53163 0.687291 0.0435123 0.128763 0.00234985
20 0.73915 0.588629 0.0334709 0.0752509 0.00230598
20 0.044872 0.612876 0.0841655 0.332776 0.00223351
0 0.7676 0.787625 0.044628 0.123746 0.00216484
20 0.125795 0.518395 0.216724 0.165552 0.00213242
20 0.91822 0.531773 0.161776 0.204013 0.00192642
0 0.774295 0.587793 0.0546692 0.0635451 0.00190449
20 0.837889 0.642559 0.316858 0.457358 0.00190449
20 0.786567 0.592809 0.0278924 0.0451505 0.00186729
20 0.769274 0.585284 0.0412808 0.0585284 0.00182438
20 0.113243 0.763378 0.0644316 0.148829 0.0018034
20 0.644874 0.810201 0.0423965 0.108696 0.0017271
20 0.540277 0.782191 0.0820038 0.184783 0.00171375
20 0.105015 0.753763 0.0499275 0.119565 0.0016613
5 0.514337 0.664716 0.323552 0.419732 0.00162315
5 0.184648 0.676839 0.351445 0.485786 0.00158501
21 0.879728 0.636706 0.236528 0.440635 0.00157356
20 0.130397 0.461538 0.0780989 0.0535117 0.00146103
20 0.505411 0.668478 0.141694 0.388796 0.00144386
20 0.842352 0.545987 0.113801 0.254181 0.00139904
20 0.758675 0.691054 0.0602477 0.163043 0.00139427
20 0.541671 0.697324 0.219793 0.332776 0.00137234
20 0.624791 0.743311 0.102644 0.244147 0.00127411
0 0.555478 0.831104 0.0270557 0.0869565 0.00126934
20 0.947228 0.537625 0.104876 0.200669 0.00123501
20 0.570122 0.698161 0.132768 0.289298 0.0012064
20 0.641526 0.737458 0.0691733 0.235786 0.00109863
20 0.46413 0.554348 0.219793 0.204013 0.00106907
20 0.805534 0.680184 0.114917 0.259197 0.00106049
20 0.533583 0.684364 0.0451858 0.134615 0.00105286
0 0.188832 0.477425 0.0178512 0.0234114 0.00104046
20 0.744171 0.679348 0.0914873 0.141304 0.00103664
20 0.183114 0.677257 0.35284 0.48495 0.944824
20 0.566217 0.783445 0.129421 0.185619 0.928711
20 0.514337 0.664298 0.31909 0.427258 0.920898
20 0.880286 0.632943 0.236528 0.434783 0.725098
20 0.79103 0.727425 0.267768 0.29097 0.725098
20 0.087652 0.604933 0.171678 0.341973 0.233765
20 0.77541 0.583612 0.0557849 0.0635451 0.15918
20 0.727435 0.734114 0.139462 0.257525 0.142212
20 0.764253 0.727425 0.153966 0.257525 0.0282135
20 0.834542 0.720736 0.174049 0.284281 0.0269623
20 0.836216 0.76296 0.177396 0.206522 0.0215302
20 0.588949 0.704849 0.174328 0.337793 0.0204163
20 0.79884 0.763796 0.102644 0.198161 0.0141144
20 0.796051 0.725334 0.100413 0.26505 0.0137405
20 0.599688 0.782609 0.0613634 0.17893 0.0130234
20 0.892559 0.530936 0.214214 0.222408 0.0112457
20 0.834542 0.679766 0.195247 0.37291 0.0106964
20 0.0289733 0.620819 0.0533443 0.320234 0.00985718
20 0.0935095 0.516304 0.152153 0.158863 0.00908661
20 0.787683 0.694816 0.0937187 0.292642 0.00787354
20 0.882517 0.567726 0.234297 0.302676 0.00740433
20 0.658262 0.714883 0.0357023 0.219064 0.00728989
20 0.860203 0.725753 0.133884 0.284281 0.00658798
20 0.580163 0.648829 0.142809 0.245819 0.00643921
20 0.763138 0.594482 0.0803302 0.0852843 0.00638962
20 0.776526 0.686455 0.0580163 0.270903 0.00636292
20 0.605824 0.731187 0.140578 0.263378 0.00634003
20 0.832311 0.585284 0.131652 0.331104 0.00609589
20 0.763138 0.683528 0.081446 0.265886 0.00575256
20 0.7676 0.793896 0.0423965 0.10786 0.00551224
20 0.744729 0.721154 0.102644 0.23495 0.00510025
20 0.12705 0.599498 0.242664 0.324415 0.00494385
20 0.558407 0.782609 0.0892559 0.187291 0.00479126
20 0.824501 0.629599 0.151735 0.202341 0.00473785
20 0.765369 0.731605 0.0569006 0.249164 0.00473785
0 0.17126 0.474498 0.0172933 0.0342809 0.00471878
20 0.613634 0.785535 0.0401651 0.176421 0.00438309
20 0.870245 0.780518 0.11157 0.194816 0.00438309
20 0.85853 0.713211 0.277809 0.344482 0.00391388
20 0.808323 0.587793 0.120495 0.0769231 0.00380898
20 0.763138 0.70903 0.128305 0.32107 0.00362206
20 0.645989 0.692726 0.0602477 0.247492 0.00314713
20 0.91041 0.491639 0.178512 0.152174 0.00309944
0 0.562312 0.829431 0.0468594 0.090301 0.003088
20 0.649336 0.727843 0.0535535 0.244983 0.00287819
0 0.531351 0.687291 0.0435122 0.128763 0.00281143
20 0.861319 0.460702 0.0736361 0.0869565 0.00279999
20 0.738592 0.588629 0.0334709 0.0752509 0.00268364
20 0.584068 0.779264 0.09595 0.177258 0.00260162
20 0.0983209 0.563963 0.159824 0.255017 0.00258064
20 0.765369 0.772993 0.0490907 0.158027 0.00247192
20 0.562312 0.829431 0.0468594 0.090301 0.00231361
0 0.7676 0.787625 0.044628 0.123746 0.00224304
20 0.0458482 0.612458 0.0859785 0.334448 0.00222588
20 0.792146 0.592391 0.0178512 0.0451505 0.00214005
5 0.184648 0.677257 0.350887 0.48495 0.00186729
0 0.774295 0.587793 0.0557849 0.0635451 0.00185299
5 0.514337 0.664716 0.324668 0.419732 0.00185299
20 0.113592 0.763378 0.06485 0.148829 0.00171375
20 0.50569 0.66806 0.141136 0.389632 0.00167465
20 0.540556 0.782609 0.081446 0.185619 0.0016613
20 0.786567 0.592809 0.0278924 0.0451505 0.00160408
20 0.105085 0.754181 0.050067 0.120401 0.00160408
20 0.644874 0.810201 0.0423965 0.108696 0.00157928
20 0.769274 0.585284 0.0412808 0.0585284 0.0015192
21 0.879728 0.638796 0.236528 0.444816 0.00148392
20 0.841794 0.545987 0.113801 0.254181 0.00146675
20 0.759233 0.692308 0.059132 0.165552 0.00146103
20 0.542229 0.727007 0.20752 0.291806 0.00137234
20 0.130258 0.461538 0.0783778 0.0535117 0.00136662
20 0.570122 0.694816 0.132768 0.279264 0.00133038
0 0.555618 0.831104 0.0278924 0.0869565 0.00126934
20 0.94667 0.537207 0.104876 0.200669 0.00126457
20 0.805534 0.681438 0.113801 0.262542 0.00124931
20 0.624791 0.742475 0.102644 0.245819 0.0011692
0 0.188832 0.477007 0.0178512 0.0242475 0.00115108
20 0.533862 0.683946 0.044628 0.135452 0.00113773
20 0.837889 0.642559 0.314627 0.457358 0.00113773
5 0.79103 0.727425 0.267768 0.29097 0.0011158
20 0.464409 0.555184 0.219235 0.204013 0.00111198
20 0.465525 0.661789 0.222582 0.422241 0.00107288
20 0.744171 0.680184 0.0914873 0.142977 0.00106049
20 0.183253 0.677257 0.353118 0.48495 0.946289
20 0.566217 0.783027 0.129421 0.186455 0.925293
20 0.514337 0.664298 0.31909 0.427258 0.924316
20 0.879728 0.636288 0.237644 0.441472 0.744629
20 0.79103 0.724498 0.267768 0.29515 0.690918
20 0.0875823 0.604933 0.17126 0.341973 0.196167
20 0.727435 0.733278 0.140578 0.259197 0.133911
20 0.77541 0.583612 0.0557849 0.0643813 0.131226
20 0.764253 0.726171 0.151735 0.260033 0.0254669
20 0.834542 0.7199 0.174049 0.284281 0.0236053
20 0.589089 0.704013 0.174049 0.337793 0.02034
20 0.836774 0.762124 0.17628 0.208194 0.0162201
20 0.836216 0.678094 0.206404 0.379599 0.014389
20 0.600246 0.782609 0.0602477 0.17893 0.0129242
20 0.795493 0.723662 0.100413 0.268395 0.012291
20 0.79884 0.763378 0.102644 0.198997 0.0111618
20 0.753096 0.719482 0.189669 0.298495 0.00985718
20 0.908178 0.525084 0.182974 0.217391 0.00967407
20 0.787125 0.695652 0.0903716 0.294314 0.00941467
20 0.0290779 0.60995 0.0543903 0.310201 0.00748825
20 0.657704 0.714047 0.036818 0.220736 0.00709534
20 0.0938581 0.516722 0.152014 0.158863 0.00634003
20 0.776526 0.689381 0.0569006 0.276756 0.00626373
20 0.580024 0.649666 0.143088 0.248328 0.00605011
20 0.860203 0.725753 0.134999 0.284281 0.00575256
20 0.763138 0.594482 0.0803302 0.0852843 0.00572968
20 0.762022 0.686455 0.0825616 0.270903 0.00559998
20 0.605964 0.729933 0.140299 0.265886 0.00557709
20 0.881959 0.563963 0.234297 0.294314 0.00526047
20 0.832311 0.58612 0.131652 0.332776 0.00519943
20 0.558965 0.782609 0.0881402 0.187291 0.00482941
20 0.744729 0.720736 0.10376 0.237458 0.00473785
0 0.17126 0.474498 0.0170144 0.0342809 0.00457382
20 0.613634 0.785535 0.0412808 0.176421 0.00448608
20 0.767043 0.794314 0.0435123 0.107023 0.00438309
20 0.824501 0.630017 0.151735 0.202341 0.00426483
20 0.765927 0.730769 0.0580163 0.249164 0.00424957
20 0.857414 0.701505 0.28004 0.367893 0.0037365
20 0.807765 0.588211 0.118264 0.0785953 0.00345612
20 0.645989 0.691472 0.0602477 0.250836 0.00302696
20 0.869129 0.7801 0.114917 0.195652 0.00299263
20 0.649336 0.726589 0.0535535 0.247492 0.00277901
0 0.562312 0.829431 0.0468594 0.090301 0.0026722
20 0.91041 0.493311 0.178512 0.155518 0.00265312
20 0.738592 0.588629 0.0334709 0.0752509 0.00261116
20 0.584626 0.7801 0.0948344 0.177258 0.00251198
0 0.531072 0.687291 0.0435123 0.128763 0.00250244
20 0.127713 0.616221 0.243292 0.361204 0.00220871
20 0.861319 0.461538 0.0736361 0.0886288 0.00212479
5 0.514337 0.66388 0.324668 0.419732 0.00206757
20 0.0983209 0.570234 0.159545 0.267558 0.00203514
20 0.0454996 0.61204 0.0850023 0.334448 0.00201035
20 0.562312 0.829431 0.0468594 0.090301 0.00199509
5 0.184648 0.676839 0.351445 0.485786 0.00198746
20 0.765369 0.766722 0.0490907 0.170569 0.00192642
0 0.7676 0.787625 0.044628 0.123746 0.00177479
20 0.792146 0.592809 0.0178512 0.0451505 0.00176144
20 0.504853 0.66806 0.141694 0.389632 0.00173378
0 0.774295 0.587793 0.0557849 0.0643813 0.00167465
20 0.540835 0.782609 0.0808881 0.185619 0.00155449
20 0.12454 0.518395 0.215051 0.167224 0.00154877
21 0.87917 0.641304 0.237644 0.449833 0.00143242
20 0.113941 0.763378 0.0658262 0.148829 0.00142097
20 0.57068 0.695652 0.132768 0.29097 0.00135612
20 0.75979 0.693144 0.0580163 0.167224 0.00134563
20 0.804976 0.683528 0.113801 0.266722 0.00134087
20 0.105085 0.754181 0.050067 0.120401 0.00133514
20 0.841236 0.544314 0.113801 0.252508 0.00132465
20 0.786567 0.592809 0.0267768 0.0451505 0.00131512
20 0.545855 0.726171 0.201384 0.293478 0.00128937
20 0.644874 0.810201 0.0423965 0.108696 0.00127888
5 0.79103 0.724498 0.267768 0.29515 0.00116062
20 0.130293 0.461538 0.0780291 0.0535117 0.00115108
20 0.768716 0.585702 0.0401651 0.0585284 0.00113773
0 0.555618 0.831104 0.0267767 0.0869565 0.00112438
20 0.94667 0.536789 0.104876 0.200669 0.00111198
20 0.649894 0.70903 0.296776 0.327759 0.00109863
0 0.188832 0.477425 0.0178512 0.0234114 0.00105667
20 0.745286 0.681438 0.0914873 0.145485 0.00103188
0 0.469709 0.477425 0.0351445 0.0284281 0.00100422
20 0.182417 0.676421 0.353676 0.48495 0.947754
20 0.513779 0.66388 0.320205 0.426421 0.936523
20 0.566217 0.783445 0.128305 0.187291 0.90918
20 0.87917 0.639214 0.238759 0.448997 0.786621
20 0.791588 0.715719 0.27223 0.309365 0.642578
20 0.0877218 0.604515 0.172096 0.342809 0.190063
20 0.77541 0.583612 0.0557849 0.0643813 0.0994873
20 0.727435 0.731605 0.142809 0.265886 0.0827026
20 0.830079 0.639214 0.336941 0.455686 0.0766602
20 0.766485 0.705686 0.145041 0.285953 0.0186157
20 0.589089 0.70694 0.174049 0.330268 0.0149002
20 0.833984 0.7199 0.175165 0.282609 0.0139008
20 0.797724 0.701505 0.102644 0.297659 0.0119171
20 0.744171 0.706522 0.11157 0.269231 0.0116882
20 0.600246 0.782191 0.0602477 0.178094 0.0113754
20 0.90762 0.525084 0.18409 0.217391 0.008255
20 0.658262 0.714047 0.0357023 0.215719 0.00763702
20 0.804418 0.736622 0.113801 0.249164 0.00643921
20 0.0286595 0.621237 0.0529957 0.319398 0.00566483
20 0.846815 0.765886 0.156198 0.20903 0.00534439
20 0.796051 0.76087 0.101529 0.200669 0.00526047
20 0.6068 0.73286 0.138625 0.260033 0.00482941
0 0.17126 0.47408 0.0170144 0.035117 0.00468063
20 0.580721 0.651338 0.142809 0.250836 0.00443268
20 0.777642 0.695652 0.0580163 0.292642 0.00438309
20 0.760348 0.690635 0.0870245 0.280936 0.00424957
20 0.613634 0.785535 0.0412808 0.176421 0.0042305
20 0.76258 0.5949 0.0814459 0.0861204 0.00416565
20 0.824501 0.631271 0.151735 0.195652 0.00411606
20 0.0948344 0.515468 0.152014 0.159699 0.00407028
20 0.559523 0.782609 0.0870245 0.185619 0.00403976
0 0.561057 0.82964 0.0449069 0.089883 0.00351143
20 0.830079 0.585284 0.131652 0.331104 0.00342941
20 0.769274 0.586957 0.0423965 0.0593646 0.00341606
20 0.647663 0.694816 0.0557849 0.240803 0.00329781
20 0.807765 0.589465 0.118264 0.0819398 0.00293541
20 0.584626 0.779264 0.0948344 0.177258 0.0026722
20 0.766485 0.727843 0.0580163 0.248328 0.00264168
20 0.766485 0.794314 0.044628 0.105351 0.00244331
5 0.183951 0.676003 0.351724 0.484114 0.00235939
20 0.126946 0.616221 0.244826 0.362876 0.00231361
5 0.514895 0.663462 0.324668 0.420569 0.00221634
20 0.861319 0.736204 0.131652 0.281773 0.00200272
20 0.881402 0.568562 0.234297 0.304348 0.00183105
21 0.878054 0.644231 0.238759 0.455686 0.00176811
20 0.561057 0.82964 0.0449069 0.089883 0.00160408
20 0.738592 0.584448 0.0312395 0.0668896 0.0015974
0 0.774295 0.588629 0.0557849 0.0668896 0.00155449
0 0.531072 0.687291 0.0435123 0.12709 0.00154877
0 0.7676 0.795151 0.044628 0.107023 0.0014267
20 0.541671 0.783445 0.081446 0.185619 0.00139427
0 0.555478 0.831104 0.0270557 0.0869565 0.00136185
20 0.873592 0.7801 0.105991 0.19398 0.00133038
20 0.504853 0.668478 0.140578 0.390468 0.00132465
0 0.57068 0.830895 0.0624791 0.0873746 0.00131512
20 0.651568 0.707358 0.296776 0.329431 0.00121593
20 0.0979025 0.569398 0.160661 0.267558 0.0012064
20 0.569982 0.702341 0.131931 0.297659 0.00119686
20 0.832311 0.734532 0.331362 0.311873 0.00117874
20 0.765369 0.760451 0.0502064 0.179766 0.00115108
20 0.818922 0.695652 0.142809 0.289298 0.00109863
20 0.841236 0.546823 0.11157 0.257525 0.00108147
0 0.188832 0.476589 0.0178512 0.0250836 0.00106907
20 0.792146 0.592391 0.0178512 0.0451505 0.00106907
20 0.562172 0.726171 0.169865 0.293478 0.00106907
20 0.57068 0.830895 0.0624791 0.0873746 0.00106049
20 0.119589 0.519231 0.208217 0.167224 0.00104809
20 0.105015 0.755017 0.0502064 0.119565 0.00102425
20 0.113731 0.764214 0.0659657 0.148829 0.00100422
20 0.182696 0.677676 0.354234 0.482441 0.940918
20 0.514058 0.66388 0.320763 0.426421 0.93457
20 0.566217 0.783445 0.128305 0.187291 0.890137
20 0.878612 0.641722 0.239875 0.454013 0.800781
20 0.791588 0.712375 0.273346 0.316054 0.663574
20 0.0875823 0.605351 0.171818 0.344482 0.16394
20 0.826732 0.64005 0.343635 0.45903 0.0933228
20 0.77541 0.583612 0.0557849 0.0643813 0.0663452
20 0.733014 0.71112 0.151735 0.31689 0.0554199
20 0.739708 0.714883 0.11938 0.280936 0.0272675
20 0.7676 0.701505 0.142809 0.297659 0.0196381
20 0.833984 0.7199 0.175165 0.282609 0.0145569
20 0.797724 0.700669 0.102644 0.301003 0.0138474
20 0.784336 0.72199 0.11157 0.271739 0.0130234
20 0.589228 0.709866 0.17377 0.324415 0.0112
20 0.600246 0.782191 0.0602477 0.178094 0.0102463
20 0.807208 0.581104 0.11938 0.0685618 0.00981903
20 0.907063 0.525502 0.185206 0.219063 0.00728989
20 0.658262 0.713629 0.0345866 0.214883 0.00703812
20 0.80665 0.731605 0.11938 0.259197 0.00538635
20 0.0285898 0.62291 0.0529957 0.317726 0.0051384
20 0.79884 0.761706 0.104876 0.204013 0.00424957
20 0.607498 0.733278 0.137231 0.259197 0.00403976
20 0.824501 0.631271 0.150619 0.190635 0.00402451
20 0.613634 0.785117 0.0423965 0.177258 0.00395966
0 0.17126 0.47408 0.0170144 0.035117 0.00392914
20 0.56022 0.782609 0.0867456 0.185619 0.00366402
20 0.8351 0.763378 0.177396 0.202341 0.00363541
20 0.758675 0.692726 0.0892558 0.283445 0.00348282
20 0.580721 0.65301 0.143925 0.255017 0.00342941
0 0.561196 0.82964 0.044628 0.089883 0.00338936
20 0.780989 0.698579 0.0669419 0.298495 0.00335121
20 0.762022 0.598244 0.0825616 0.0928093 0.00314713
20 0.649336 0.695652 0.0535535 0.235786 0.00314713
20 0.828964 0.58612 0.133884 0.331104 0.00284576
20 0.584626 0.779682 0.0948344 0.176421 0.00271416
20 0.0942765 0.515886 0.15313 0.160535 0.0024929
5 0.183532 0.676003 0.352561 0.484114 0.00243378
20 0.768716 0.586957 0.0423965 0.0593646 0.00220871
20 0.126074 0.615385 0.244338 0.361204 0.00219917
5 0.514895 0.663043 0.324668 0.419732 0.00218201
20 0.7676 0.726589 0.0580163 0.250836 0.00193405
20 0.830079 0.730769 0.336941 0.319398 0.00168705
20 0.765927 0.794314 0.0457436 0.105351 0.00168133
21 0.878054 0.646321 0.240991 0.461538 0.00164223
20 0.818365 0.696488 0.141694 0.29097 0.00146675
20 0.861877 0.73495 0.130537 0.285953 0.00146675
0 0.55506 0.831104 0.0278924 0.0869565 0.00139904
20 0.542508 0.783863 0.0808881 0.186455 0.00131512
20 0.561196 0.82964 0.044628 0.089883 0.00131512
20 0.653799 0.70694 0.293429 0.330268 0.00123501
0 0.774295 0.590719 0.0557849 0.0702341 0.00123024
20 0.881402 0.567308 0.235412 0.301839 0.00122547
0 0.531072 0.687291 0.0429544 0.12709 0.00113392
0 0.570261 0.831104 0.0599688 0.0869565 0.00112057
0 0.7676 0.795151 0.044628 0.107023 0.0011034
20 0.505411 0.668896 0.139462 0.391304 0.00102425
5 0.792146 0.715719 0.269999 0.324415 0.00100422
20 0.182696 0.677257 0.354234 0.481605 0.930176
20 0.513779 0.66388 0.321321 0.426421 0.924805
20 0.566217 0.783027 0.128305 0.188127 0.871582
20 0.878612 0.643813 0.240991 0.458194 0.79834
20 0.792146 0.711538 0.274462 0.319398 0.686035
20 0.086885 0.606187 0.16847 0.342809 0.137573
20 0.729667 0.710284 0.147272 0.320234 0.055603
20 0.825617 0.641304 0.343635 0.459866 0.0484924
20 0.77541 0.583194 0.0557849 0.0643813 0.0379028
20 0.7676 0.700669 0.143925 0.302676 0.0196381
20 0.799398 0.700669 0.105991 0.302676 0.0179138
20 0.834542 0.7199 0.17628 0.284281 0.0167847
20 0.588531 0.717391 0.17628 0.312709 0.00894928
20 0.600803 0.782191 0.059132 0.178094 0.0088501
20 0.748634 0.715719 0.107107 0.280936 0.00857544
20 0.815575 0.581522 0.136115 0.069398 0.00658798
20 0.658262 0.713211 0.0357023 0.215719 0.00656509
20 0.906505 0.526338 0.186322 0.220736 0.00619125
20 0.0271254 0.627926 0.051601 0.304348 0.00524139
20 0.824501 0.630853 0.149504 0.189799 0.00431442
20 0.613634 0.785117 0.0423965 0.177258 0.00353813
20 0.607916 0.733278 0.136394 0.259197 0.00349617
20 0.788799 0.723662 0.0937187 0.270067 0.00340271
20 0.827848 0.585702 0.133884 0.33194 0.00318527
20 0.650452 0.696488 0.0513221 0.235786 0.00311089
20 0.56008 0.782609 0.0859088 0.185619 0.00307465
20 0.580721 0.6551 0.143925 0.259197 0.0029583
0 0.561196 0.82964 0.044628 0.089883 0.00292397
0 0.17126 0.47408 0.0170144 0.035117 0.00286674
20 0.802187 0.760033 0.11157 0.20903 0.00276756
20 0.584068 0.779682 0.09595 0.176421 0.00264168
20 0.834542 0.762542 0.178512 0.207358 0.002388
5 0.183532 0.676003 0.353118 0.484114 0.00227928
20 0.12576 0.615385 0.244408 0.361204 0.00225258
20 0.762022 0.608278 0.084793 0.11204 0.00219154
5 0.514895 0.663462 0.324668 0.420569 0.00203514
20 0.865782 0.716973 0.124958 0.278428 0.00173378
20 0.813344 0.599498 0.12719 0.102007 0.00169373
21 0.876939 0.647575 0.240991 0.464047 0.00154877
20 0.7676 0.724916 0.0602477 0.255853 0.00149536
20 0.0935792 0.516304 0.154245 0.161371 0.00148392
20 0.768716 0.586957 0.0423965 0.0593646 0.00138283
20 0.881402 0.563545 0.236528 0.295987 0.00133514
0 0.55506 0.831104 0.0267767 0.0869565 0.00127888
20 0.543066 0.783445 0.0808881 0.187291 0.00118351
20 0.655473 0.706522 0.291197 0.332776 0.0011692
20 0.825617 0.734114 0.345866 0.351171 0.0011692
20 0.765369 0.794732 0.0468593 0.106187 0.00107288
20 0.561196 0.82964 0.044628 0.089883 0.00103664
20 0.182696 0.677257 0.354234 0.481605 0.91748
20 0.513779 0.663462 0.321321 0.425585 0.916504
20 0.566217 0.783445 0.128305 0.188963 0.864258
20 0.87917 0.644231 0.240991 0.460702 0.812988
20 0.792146 0.711538 0.274462 0.319398 0.699219
20 0.0867455 0.60786 0.167913 0.346154 0.139404
20 0.729109 0.710284 0.147272 0.315217 0.0524292
20 0.775968 0.583612 0.0557849 0.0635451 0.0317383
20 0.834542 0.720318 0.17628 0.283445 0.0213623
20 0.799956 0.701087 0.107107 0.303512 0.0210419
20 0.769832 0.701087 0.140578 0.303512 0.0190582
20 0.825617 0.642977 0.341404 0.458194 0.0146179
20 0.588531 0.717391 0.17628 0.314381 0.00888062
20 0.749749 0.715301 0.104876 0.285117 0.00834656
20 0.601361 0.782191 0.0580163 0.178094 0.00831604
20 0.0271603 0.628762 0.051601 0.304348 0.00698471
20 0.65882 0.714047 0.0345866 0.217391 0.00651169
20 0.817249 0.581522 0.138347 0.069398 0.00626373
20 0.906672 0.527174 0.186656 0.221572 0.005867
20 0.823943 0.631271 0.148388 0.190635 0.00471878
20 0.860203 0.724498 0.136115 0.283445 0.00446701
20 0.82729 0.58612 0.133884 0.33194 0.00352478
20 0.613634 0.785117 0.0423965 0.177258 0.00345612
20 0.788799 0.722826 0.0937187 0.273411 0.00328636
20 0.65101 0.698161 0.0490907 0.23495 0.00322342
20 0.608056 0.732441 0.136115 0.26087 0.00318527
20 0.580721 0.656355 0.143925 0.26087 0.00305176
20 0.560638 0.782609 0.0847931 0.185619 0.00283432
0 0.17126 0.47408 0.0172933 0.035117 0.00277901
0 0.561196 0.829431 0.044628 0.090301 0.00276756
20 0.126213 0.616221 0.245733 0.362876 0.00269318
20 0.804418 0.758361 0.116033 0.214047 0.0026207
20 0.584068 0.7801 0.0970657 0.175585 0.00253105
20 0.825059 0.733278 0.346982 0.349498 0.00223351
5 0.183532 0.676421 0.352561 0.483278 0.00213242
20 0.762022 0.607023 0.084793 0.108696 0.00209045
5 0.514895 0.663462 0.325784 0.420569 0.00200272
20 0.881402 0.561873 0.236528 0.291806 0.00189686
20 0.774295 0.595736 0.0557849 0.0811037 0.00184631
20 0.81446 0.60786 0.129421 0.118729 0.00159168
20 0.7676 0.725753 0.0602477 0.259197 0.0014267
21 0.877497 0.648411 0.240991 0.465719 0.00130463
20 0.0354583 0.641722 0.0646408 0.308528 0.0012846
20 0.768716 0.586957 0.0423965 0.0593646 0.00126457
20 0.659238 0.70694 0.283666 0.33194 0.00126457
0 0.554363 0.831104 0.0270556 0.0869565 0.0012064
20 0.543345 0.784281 0.0803303 0.187291 0.00119686
20 0.0942765 0.516722 0.152851 0.162207 0.0011158
20 0.881959 0.73913 0.233181 0.302676 0.00101662
20 0.5135 0.66388 0.320763 0.426421 0.915039
20 0.182975 0.677257 0.353676 0.479933 0.911133
20 0.566217 0.783445 0.128305 0.188963 0.872559
20 0.878054 0.645067 0.242107 0.462375 0.81543
20 0.795493 0.711538 0.281156 0.32107 0.689453
20 0.0868153 0.609114 0.168331 0.347826 0.177856
20 0.728551 0.709866 0.146157 0.316054 0.0698242
20 0.775968 0.583194 0.0557849 0.0635452 0.0263519
20 0.79884 0.701087 0.104876 0.303512 0.0206451
20 0.833984 0.7199 0.17628 0.284281 0.0173035
20 0.590762 0.696906 0.171817 0.353679 0.00905609
20 0.0269511 0.629599 0.0512524 0.302676 0.0088501
20 0.601361 0.781773 0.0580163 0.17893 0.0086441
20 0.656031 0.709448 0.0379337 0.241639 0.00751877
20 0.758675 0.711538 0.084793 0.29097 0.00701141
20 0.126632 0.614548 0.247127 0.361204 0.00682449
20 0.818922 0.581522 0.142809 0.069398 0.00643921
20 0.906672 0.52801 0.186656 0.222408 0.00619125
20 0.825617 0.645903 0.345866 0.460702 0.00609589
20 0.824501 0.631271 0.147272 0.198997 0.00582123
20 0.82729 0.58612 0.131652 0.332776 0.00477219
20 0.580024 0.656354 0.143088 0.261706 0.0042305
20 0.613076 0.785117 0.0423965 0.177258 0.00392914
20 0.860203 0.72408 0.138347 0.284281 0.00374985
20 0.608195 0.732023 0.135836 0.261706 0.00365067
20 0.651568 0.724498 0.0490907 0.260033 0.00358009
0 0.17126 0.47408 0.0172933 0.0359532 0.00344276
0 0.561336 0.829431 0.044349 0.090301 0.00313568
20 0.561057 0.782609 0.0828406 0.185619 0.00281143
20 0.584068 0.7801 0.0970657 0.177258 0.00263214
20 0.808323 0.756689 0.123843 0.219064 0.0020504
20 0.880286 0.563963 0.236528 0.296823 0.0019722
5 0.183811 0.675585 0.352003 0.483278 0.00194168
5 0.514616 0.663043 0.325226 0.421405 0.00191879
20 0.761464 0.614548 0.0859087 0.123746 0.00159168
20 0.659935 0.70694 0.283387 0.333612 0.00153637
20 0.787683 0.728261 0.0937187 0.265886 0.00152493
20 0.81446 0.61413 0.129421 0.132107 0.0014782
20 0.774295 0.598244 0.0557849 0.0861204 0.00138283
0 0.55506 0.831104 0.0278924 0.0869565 0.00138283
20 0.7676 0.724498 0.0602477 0.261706 0.00130463
20 0.543903 0.783863 0.0803303 0.188127 0.00128937
20 0.880286 0.738294 0.236528 0.30602 0.00127411
20 0.096996 0.501672 0.149085 0.133779 0.00123501
21 0.876939 0.648829 0.242107 0.466555 0.00115108
20 0.768716 0.586957 0.0423965 0.0593646 0.00109863
20 0.5135 0.66388 0.320763 0.426421 0.912598
20 0.183253 0.676839 0.352003 0.484114 0.90918
20 0.566217 0.783445 0.128305 0.188963 0.888184
20 0.878054 0.645067 0.243222 0.462375 0.822266
20 0.795493 0.711538 0.282272 0.32107 0.6875
20 0.0866061 0.609532 0.167913 0.349498 0.204346
20 0.728551 0.710284 0.146157 0.315217 0.069519
20 0.775968 0.583194 0.0557849 0.0635452 0.0292053
20 0.79884 0.701087 0.104876 0.303512 0.0233307
20 0.833426 0.7199 0.174049 0.282609 0.0204926
20 0.0269859 0.630435 0.0511827 0.302676 0.011734
20 0.588531 0.716137 0.17628 0.31689 0.00993347
20 0.127329 0.61413 0.248801 0.359532 0.00974274
20 0.656588 0.709866 0.0379337 0.242475 0.00945282
20 0.601361 0.781773 0.0580163 0.17893 0.00857544
20 0.818922 0.581522 0.140578 0.069398 0.00714874
20 0.75979 0.712793 0.0803303 0.288462 0.00714874
20 0.823943 0.631271 0.146156 0.200669 0.00671768
20 0.906951 0.528428 0.186098 0.222408 0.0064621
20 0.826175 0.645903 0.345866 0.460702 0.00621796
20 0.580024 0.656355 0.143088 0.262542 0.00579834
20 0.827848 0.58612 0.131652 0.332776 0.0055542
20 0.651568 0.72408 0.0490907 0.262542 0.00460815
20 0.860203 0.72408 0.138347 0.284281 0.00455475
20 0.608613 0.731187 0.134999 0.263378 0.00434875
20 0.613076 0.784699 0.0423965 0.178094 0.00408554
0 0.171399 0.47408 0.0172933 0.0359532 0.00327301
0 0.561196 0.829431 0.044628 0.090301 0.00324821
20 0.786567 0.719064 0.0914873 0.279264 0.00305176
20 0.561754 0.782609 0.081446 0.185619 0.0026722
20 0.584068 0.7801 0.0970657 0.177258 0.00256157
20 0.808881 0.753763 0.124958 0.224916 0.00224304
20 0.880286 0.564381 0.237644 0.299331 0.00203514
5 0.514616 0.663462 0.325226 0.422241 0.00192642
5 0.18409 0.675585 0.351445 0.483278 0.00188255
20 0.66384 0.707358 0.275577 0.332776 0.00181007
20 0.762022 0.610368 0.084793 0.117057 0.00175476
20 0.813344 0.617057 0.12719 0.13796 0.00163555
20 0.87917 0.736622 0.238759 0.309365 0.00161076
20 0.774295 0.597408 0.0557849 0.0844482 0.0015192
0 0.554363 0.831104 0.0270556 0.0869565 0.00141048
20 0.767043 0.724498 0.059132 0.261706 0.00138855
20 0.543345 0.783863 0.0803303 0.188127 0.00135612
20 0.0970657 0.5 0.148667 0.130435 0.00133514
20 0.104736 0.758779 0.0507643 0.126254 0.00121117
20 0.768716 0.586957 0.0423965 0.0593646 0.0012064
20 0.112476 0.767559 0.0656867 0.152174 0.00117874
20 0.747518 0.698161 0.11157 0.292642 0.00105667
21 0.876939 0.648829 0.243222 0.468227 0.00103188
0 0.774295 0.597408 0.0557849 0.0844482 0.00102806
20 0.183393 0.676839 0.351724 0.484114 0.912598
20 0.5135 0.66388 0.320763 0.426421 0.911621
20 0.566217 0.783445 0.128305 0.188963 0.903809
20 0.878054 0.645485 0.242107 0.463211 0.835449
20 0.794935 0.711957 0.28004 0.320234 0.695801
20 0.086885 0.606187 0.170423 0.347826 0.243652
20 0.728551 0.710284 0.146157 0.313545 0.0470886
20 0.775968 0.583194 0.0557849 0.0635452 0.0377502
20 0.833426 0.7199 0.174049 0.282609 0.0274811
20 0.79884 0.701087 0.104876 0.303512 0.0261536
20 0.0270905 0.630435 0.0513221 0.301003 0.0162811
20 0.589089 0.717391 0.17628 0.314381 0.0110321
20 0.127608 0.612876 0.24908 0.356187 0.0109024
20 0.656588 0.70903 0.0379337 0.242475 0.0108185
20 0.817807 0.581104 0.138347 0.0685618 0.00841522
20 0.601361 0.781773 0.0580163 0.17893 0.00831604
20 0.758675 0.715301 0.0825617 0.285117 0.00818634
20 0.824501 0.631271 0.145041 0.202341 0.00723267
20 0.860761 0.72408 0.138347 0.284281 0.00706482
20 0.907063 0.528428 0.185206 0.222408 0.00695801
20 0.580024 0.656355 0.143088 0.26087 0.0069313
20 0.828406 0.586538 0.130537 0.332776 0.00621796
20 0.651568 0.72408 0.0490907 0.262542 0.00534439
20 0.608613 0.732023 0.134999 0.261706 0.00482941
20 0.826732 0.646321 0.343635 0.461538 0.00439835
0 0.17126 0.47408 0.0172933 0.0367893 0.00411606
20 0.613076 0.784699 0.0412808 0.178094 0.00397491
20 0.787125 0.721154 0.0914872 0.275084 0.00387001
0 0.561196 0.829431 0.044628 0.090301 0.00367928
20 0.804418 0.755017 0.116033 0.222408 0.00325966
20 0.562312 0.782609 0.0803303 0.185619 0.00248146
20 0.583371 0.7801 0.0984604 0.177258 0.00222588
20 0.87917 0.735786 0.238759 0.311037 0.00214958
20 0.76258 0.602843 0.0836773 0.100334 0.00210762
20 0.813344 0.62291 0.12719 0.148829 0.00198746
20 0.880286 0.564381 0.237644 0.297659 0.00198746
5 0.514616 0.663462 0.325226 0.422241 0.0019722
5 0.184369 0.675585 0.350887 0.481605 0.00186729
20 0.668303 0.708194 0.265536 0.331104 0.00186729
20 0.774295 0.5949 0.0557849 0.0794314 0.00179577
20 0.7676 0.725753 0.0602477 0.26087 0.00164223
20 0.0972052 0.5 0.148667 0.130435 0.00153065
0 0.554502 0.831104 0.0278924 0.0869565 0.00150681
20 0.768716 0.586957 0.0412808 0.0593646 0.00143242
20 0.542787 0.783863 0.0792146 0.188127 0.00142097
20 0.112267 0.767559 0.0652683 0.152174 0.00134563
20 0.104736 0.759197 0.0510432 0.128763 0.00131512
0 0.774295 0.5949 0.0557849 0.0794314 0.00119209
20 0.0687549 0.62291 0.129979 0.317726 0.0011425
20 0.882517 0.719482 0.100413 0.290134 0.0011425
20 0.747518 0.698579 0.109338 0.291806 0.00113392
0 0.188971 0.475753 0.0181301 0.0267559 0.00107765
20 0.616981 0.676421 0.116033 0.297659 0.00104046
20 0.183532 0.677257 0.351445 0.483278 0.915527
20 0.566217 0.783445 0.128305 0.187291 0.915039
20 0.5135 0.66388 0.320763 0.426421 0.911621
20 0.878054 0.645485 0.242107 0.463211 0.84082
20 0.794935 0.711957 0.28004 0.318562 0.697754
20 0.0870245 0.606187 0.170702 0.347826 0.289307
20 0.727993 0.728261 0.145041 0.287625 0.0564575
20 0.775968 0.583612 0.0557849 0.0635451 0.0476074
20 0.832311 0.720736 0.171817 0.280936 0.0285492
20 0.798282 0.701087 0.10376 0.303512 0.0253754
20 0.0271603 0.630435 0.0514616 0.301003 0.021286
20 0.743055 0.698997 0.118264 0.294314 0.0174408
20 0.127469 0.603261 0.248243 0.335284 0.0157166
20 0.589089 0.718227 0.17628 0.312709 0.0123367
20 0.656588 0.708612 0.0379337 0.239967 0.0113754
20 0.816691 0.581104 0.136115 0.0685618 0.00955963
20 0.758675 0.718227 0.084793 0.277592 0.00891876
20 0.861319 0.724916 0.136115 0.282609 0.00854492
20 0.580721 0.655518 0.142809 0.259197 0.00803375
20 0.601361 0.781773 0.0580163 0.17893 0.00800323
20 0.907509 0.528428 0.184982 0.221572 0.00760651
20 0.824501 0.631271 0.145041 0.203177 0.00757599
20 0.828964 0.586538 0.129421 0.332776 0.0069046
20 0.651568 0.724498 0.0490907 0.261706 0.00575256
20 0.609171 0.732441 0.133884 0.26087 0.00547028
0 0.17126 0.47408 0.0172933 0.0367893 0.00496292
20 0.786567 0.722826 0.0892559 0.271739 0.00486755
20 0.801071 0.756689 0.109338 0.217391 0.00415039
0 0.561196 0.829431 0.044628 0.090301 0.00399017
20 0.613076 0.784699 0.0412808 0.178094 0.00370789
20 0.763138 0.597826 0.0825616 0.0911371 0.00240517
20 0.812228 0.623746 0.124958 0.150502 0.00236893
20 0.561754 0.782609 0.0803303 0.185619 0.00235939
20 0.87917 0.735368 0.238759 0.311873 0.00234222
20 0.880286 0.565217 0.237644 0.299331 0.00219154
5 0.514895 0.663462 0.324668 0.422241 0.00211525
20 0.7676 0.726171 0.0602477 0.258361 0.00191212
5 0.184369 0.675585 0.350329 0.481605 0.00189686
20 0.67179 0.70903 0.258563 0.329431 0.00185299
20 0.0974841 0.5 0.148109 0.130435 0.0018034
20 0.768716 0.586957 0.0412808 0.0593646 0.00168705
20 0.112128 0.76714 0.0649894 0.151338 0.00163555
0 0.55506 0.831104 0.0278924 0.0869565 0.0015974
20 0.104736 0.759197 0.0507643 0.12709 0.00154305
20 0.542787 0.783863 0.0792146 0.188127 0.00150681
20 0.883075 0.7199 0.0992971 0.289298 0.00144386
0 0.774295 0.591973 0.0557849 0.0735786 0.00143242
0 0.189111 0.475753 0.0178512 0.027592 0.0012846
20 0.068476 0.62291 0.129421 0.317726 0.00126457
0 0.531072 0.686873 0.0429544 0.12709 0.00120163
20 0.826732 0.582358 0.140578 0.244983 0.00117874
20 0.616981 0.676003 0.116033 0.296823 0.00110722
20 0.183811 0.677257 0.350887 0.483278 0.921387
20 0.566217 0.783445 0.128305 0.187291 0.920898
20 0.5135 0.66388 0.320763 0.426421 0.913574
20 0.878054 0.645067 0.243222 0.462375 0.84375
20 0.796609 0.711957 0.283387 0.318562 0.682617
20 0.0870245 0.606187 0.170702 0.347826 0.312256
20 0.727993 0.728261 0.145041 0.285953 0.0587769
20 0.775968 0.583612 0.0557849 0.0635451 0.0520325
20 0.832311 0.720736 0.171817 0.280936 0.026062
20 0.797724 0.701087 0.102644 0.303512 0.0233307
20 0.0270208 0.630853 0.0513221 0.300167 0.0229797
20 0.127887 0.603261 0.24908 0.335284 0.0194244
20 0.743055 0.698997 0.118264 0.294314 0.016983
20 0.589228 0.719482 0.176001 0.310201 0.0141144
20 0.657146 0.707776 0.0379337 0.238294 0.0125275
20 0.816133 0.581104 0.136115 0.0685618 0.00967407
20 0.580721 0.654682 0.142809 0.257525 0.00905609
20 0.907788 0.528428 0.184425 0.220736 0.00784302
20 0.861319 0.724498 0.136115 0.281773 0.00784302
20 0.759233 0.718227 0.0825617 0.27592 0.0077858
20 0.824501 0.630435 0.145041 0.205686 0.00772476
20 0.828964 0.586957 0.129421 0.332776 0.00754929
20 0.601361 0.781773 0.0580163 0.17893 0.00734711
20 0.651568 0.72408 0.0490907 0.26087 0.0064621
20 0.609171 0.733278 0.133884 0.259197 0.00624084
0 0.17126 0.473662 0.0170144 0.0367893 0.00561905
20 0.785452 0.723244 0.0892559 0.270903 0.00502014
20 0.799956 0.757525 0.108223 0.215719 0.00415039
0 0.561057 0.829431 0.0449069 0.090301 0.00413513
20 0.613076 0.784699 0.0412808 0.178094 0.00340271
20 0.812228 0.619983 0.124958 0.142977 0.00246239
20 0.763138 0.59699 0.0825616 0.0886288 0.00234985
20 0.880286 0.735786 0.236528 0.311037 0.00220871
5 0.514895 0.663462 0.324668 0.422241 0.00215721
20 0.67444 0.70903 0.253263 0.329431 0.00211525
20 0.561754 0.782609 0.0803303 0.185619 0.00209999
20 0.0975539 0.498746 0.147969 0.127926 0.00201035
20 0.768158 0.725753 0.0602477 0.257525 0.00190449
20 0.880286 0.56689 0.238759 0.302676 0.00188255
20 0.112128 0.767559 0.0649894 0.150502 0.00181007
5 0.184509 0.675585 0.35005 0.481605 0.00181007
20 0.768716 0.586957 0.0401651 0.0593646 0.00178909
20 0.104666 0.758779 0.0506248 0.126254 0.0016613
0 0.55506 0.831104 0.0278924 0.0869565 0.00161076
0 0.774295 0.591973 0.0557849 0.0727425 0.00150681
20 0.542787 0.783863 0.0792146 0.188127 0.00146675
20 0.883075 0.719064 0.0992971 0.289298 0.00138855
0 0.189111 0.475753 0.0178512 0.0284281 0.00137806
20 0.0687375 0.62291 0.129735 0.316054 0.00133514
20 0.616981 0.675585 0.116033 0.295987 0.00130463
0 0.531072 0.686873 0.0435123 0.12709 0.00124931
20 0.82729 0.582776 0.140578 0.242475 0.00117397
20 0.94667 0.536789 0.10376 0.202341 0.00104809
20 0.183811 0.677257 0.350329 0.483278 0.924805
20 0.566217 0.783445 0.128305 0.187291 0.924316
20 0.5135 0.66388 0.320763 0.426421 0.916016
20 0.878054 0.645067 0.243222 0.462375 0.850098
20 0.797166 0.712375 0.284503 0.317726 0.677246
20 0.0870245 0.606187 0.170702 0.347826 0.320801
20 0.727993 0.729097 0.145041 0.284281 0.0651245
20 0.775968 0.583612 0.0557849 0.0635451 0.0570679
20 0.0269511 0.631689 0.0510432 0.298495 0.0256653
20 0.128305 0.602843 0.249916 0.334448 0.0256653
20 0.831753 0.720736 0.170702 0.280936 0.0227966
20 0.797724 0.701087 0.102644 0.303512 0.0222015
20 0.743055 0.698997 0.118264 0.294314 0.0162201
20 0.589228 0.719482 0.176001 0.310201 0.0150146
20 0.657146 0.708194 0.036818 0.237458 0.0129242
20 0.580721 0.653846 0.142809 0.257525 0.0102081
20 0.815575 0.581104 0.133884 0.0685618 0.0100098
20 0.908067 0.528428 0.183867 0.220736 0.00834656
20 0.758675 0.719064 0.0836774 0.274247 0.00787354
20 0.824501 0.630435 0.145041 0.205686 0.0077858
20 0.828964 0.586538 0.129421 0.33194 0.00763702
20 0.861877 0.724916 0.136115 0.282609 0.00731659
20 0.601361 0.781773 0.0580163 0.17893 0.00701141
20 0.609171 0.733278 0.133884 0.259197 0.0068512
20 0.651568 0.72408 0.0490907 0.26087 0.00671768
0 0.17126 0.473662 0.0172933 0.0367893 0.00664139
20 0.784336 0.723244 0.0870245 0.270903 0.00566483
20 0.798282 0.758361 0.104876 0.212375 0.00477219
0 0.561196 0.829431 0.044628 0.090301 0.00457382
20 0.613076 0.784699 0.0412808 0.178094 0.00317192
20 0.811113 0.620401 0.122727 0.143813 0.0026207
20 0.763138 0.595318 0.0825616 0.0869565 0.00240517
5 0.514895 0.663462 0.324668 0.422241 0.00228691
20 0.0976236 0.497074 0.14783 0.124582 0.00220871
20 0.67444 0.70903 0.253263 0.329431 0.00213242
20 0.561196 0.782609 0.081446 0.185619 0.0020752
20 0.768158 0.726171 0.0602477 0.256689 0.00203514
20 0.880286 0.56689 0.237644 0.304348 0.00195694
20 0.111918 0.767559 0.064571 0.150502 0.00193405
20 0.880286 0.735368 0.236528 0.311873 0.00191879
5 0.184648 0.675585 0.349214 0.481605 0.00185299
20 0.87917 0.73495 0.100413 0.292642 0.0018177
20 0.768716 0.586957 0.0401651 0.0593646 0.0018034
0 0.554641 0.831104 0.0287292 0.0869565 0.00176811
20 0.104666 0.758361 0.0506248 0.125418 0.0017271
0 0.774295 0.591137 0.0557849 0.0719064 0.00161076
0 0.189111 0.474916 0.0181301 0.0284281 0.00157356
0 0.531072 0.686873 0.0435123 0.12709 0.00154877
20 0.542229 0.783863 0.0792146 0.188127 0.00146103
20 0.0686154 0.623328 0.129421 0.316054 0.00139904
20 0.615865 0.676003 0.118264 0.29515 0.00135612
20 0.777084 0.590301 0.047975 0.0518394 0.0012064
20 0.766485 0.708612 0.147272 0.31689 0.00119686
20 0.827848 0.583612 0.140578 0.237458 0.00117874
20 0.131339 0.461538 0.0753794 0.0535117 0.00113773
20 0.94667 0.536789 0.10376 0.202341 0.00113392
20 0.507922 0.669732 0.135557 0.394649 0.00100803
20 0.18409 0.677257 0.350329 0.483278 0.924805
20 0.566217 0.783445 0.128305 0.187291 0.924316
20 0.5135 0.66388 0.320763 0.426421 0.916016
20 0.878054 0.645067 0.243222 0.462375 0.852051
20 0.797166 0.712375 0.284503 0.317726 0.675781
20 0.0870942 0.606187 0.170841 0.347826 0.324219
20 0.727993 0.729097 0.145041 0.284281 0.0663452
20 0.775968 0.583612 0.0557849 0.0635451 0.0587769
20 0.128445 0.602843 0.250195 0.334448 0.0269623
20 0.0269162 0.631689 0.0511129 0.298495 0.0257568
20 0.832311 0.720736 0.171817 0.280936 0.0226288
20 0.797724 0.701087 0.102644 0.303512 0.0216217
20 0.743055 0.698997 0.118264 0.294314 0.0160217
20 0.589228 0.7199 0.176001 0.309365 0.0150757
20 0.657146 0.707358 0.036818 0.237458 0.0131683
20 0.815018 0.581104 0.133884 0.0685618 0.01017
20 0.580721 0.654682 0.142809 0.257525 0.0100937
20 0.908067 0.528428 0.183867 0.220736 0.00844574
20 0.824501 0.630435 0.145041 0.205686 0.0078125
20 0.828964 0.586538 0.129421 0.33194 0.00772476
20 0.758675 0.719482 0.084793 0.273411 0.00751877
20 0.861319 0.724498 0.136115 0.281773 0.00734711
20 0.601361 0.781773 0.0580163 0.17893 0.00706482
20 0.609171 0.733278 0.133884 0.259197 0.00698471
20 0.651568 0.72408 0.0490907 0.26087 0.0068512
0 0.17126 0.473662 0.0172933 0.0367893 0.00658798
20 0.784336 0.723244 0.0870245 0.270903 0.00570679
20 0.798282 0.758779 0.104876 0.211538 0.00481033
0 0.561196 0.829431 0.044628 0.090301 0.00453949
20 0.613076 0.784699 0.0412808 0.178094 0.00321007
20 0.811113 0.620401 0.122727 0.14214 0.00268364
20 0.763138 0.595318 0.081446 0.0861204 0.00242424
5 0.514895 0.663462 0.324668 0.422241 0.00227928
20 0.0977631 0.496655 0.14783 0.123746 0.00221634
20 0.674997 0.709448 0.252148 0.328595 0.00214958
20 0.768158 0.726171 0.0602477 0.256689 0.00204277
20 0.561057 0.782609 0.0806092 0.185619 0.00203514
20 0.111849 0.767559 0.0641527 0.150502 0.00194931
20 0.880286 0.73495 0.236528 0.312709 0.00187492
20 0.87917 0.735368 0.100413 0.291806 0.00184631
5 0.184648 0.675585 0.349214 0.481605 0.00184631
20 0.768716 0.586957 0.0401651 0.0593646 0.00183868
20 0.880286 0.567726 0.237644 0.304348 0.0018177
0 0.554641 0.831104 0.0287292 0.0869565 0.00176144
20 0.104666 0.758361 0.0506248 0.125418 0.00174141
0 0.774295 0.591137 0.0557849 0.0710702 0.00162888
0 0.189111 0.474916 0.0181301 0.0284281 0.00156689
0 0.531072 0.686873 0.0435123 0.12709 0.00154305
20 0.542229 0.783863 0.0792146 0.188127 0.00146675
20 0.571795 0.702341 0.134999 0.327759 0.00145531
20 0.0686154 0.62291 0.129421 0.316054 0.00139904
20 0.615865 0.676003 0.118264 0.29515 0.00139427
20 0.765369 0.708612 0.145041 0.31689 0.0012598
20 0.777642 0.590301 0.0468593 0.0518394 0.00121117
20 0.827848 0.583612 0.140578 0.237458 0.00117874
20 0.131339 0.461538 0.0753794 0.0535117 0.00116062
20 0.94667 0.536789 0.10376 0.202341 0.00116062
20 0.507922 0.669732 0.135557 0.394649 0.00102425
