0 0.363015 0.500459 0.249816 0.650459 0.903809
38 0.531418 0.495413 0.120447 0.148624 0.835449
32 0.571009 0.512844 0.0200746 0.0293578 0.30249
32 0.557069 0.510092 0.0591084 0.117431 0.00577545
32 0.531139 0.495413 0.12212 0.150459 0.00434875
32 0.403443 0.260092 0.017844 0.0440367 0.00240517
35 0.397587 0.244495 0.0301118 0.0743119 0.00188255
32 0.161154 0.422477 0.0256508 0.0137615 0.00173378
32 0.562645 0.525688 0.0591084 0.0844037 0.00162315
32 0.57547 0.525229 0.0312271 0.0798165 0.00156689
29 0.531139 0.495413 0.12212 0.150459 0.00137234
35 0.531139 0.495413 0.12212 0.150459 0.00135136
35 0.401491 0.250459 0.022305 0.0605505 0.00134087
40 0.531696 0.495413 0.11989 0.146789 0.00129414
38 0.530581 0.470642 0.112083 0.0972477 0.00104046
0 0.363293 0.500917 0.250374 0.650459 0.873047
38 0.531418 0.495413 0.120447 0.147706 0.805664
32 0.571009 0.512844 0.0200746 0.0293578 0.327637
32 0.557626 0.510092 0.0579931 0.117431 0.00598145
32 0.531418 0.495413 0.121562 0.150459 0.00399017
32 0.403721 0.259404 0.017844 0.0449541 0.002388
32 0.161154 0.422018 0.0256508 0.0128441 0.00205803
35 0.397587 0.244495 0.0301118 0.0743119 0.00195694
32 0.563202 0.526605 0.0579931 0.0825688 0.00162888
32 0.57547 0.525688 0.0312271 0.0788991 0.00161648
35 0.401491 0.250229 0.022305 0.0610092 0.00150681
29 0.531418 0.495413 0.121562 0.150459 0.00139904
35 0.531418 0.495413 0.121562 0.150459 0.00138283
40 0.531975 0.495413 0.119332 0.146789 0.00136662
38 0.531139 0.470642 0.113198 0.0972477 0.00104046
32 0.401491 0.250229 0.022305 0.0610092 0.00100803
0 0.363572 0.500917 0.250932 0.650459 0.854492
38 0.531975 0.495872 0.119332 0.146789 0.792969
32 0.571009 0.512844 0.0200746 0.0293578 0.352295
32 0.557626 0.510092 0.0579931 0.117431 0.005867
32 0.531418 0.495413 0.121562 0.150459 0.00429916
32 0.161154 0.422018 0.0256508 0.0128441 0.00240517
32 0.403721 0.259404 0.017844 0.0449541 0.00229645
32 0.563202 0.526605 0.0579931 0.0825688 0.00170708
35 0.398703 0.244495 0.0278813 0.0743119 0.00168705
32 0.57547 0.525688 0.0312271 0.0788991 0.00164223
35 0.531418 0.495413 0.121562 0.150459 0.00154877
40 0.531975 0.495872 0.119332 0.146789 0.00149536
29 0.531418 0.495413 0.121562 0.150459 0.00144386
35 0.401491 0.250459 0.022305 0.0605505 0.00131989
38 0.531418 0.469725 0.113756 0.0954129 0.00109482
0 0.363851 0.501032 0.252047 0.651147 0.836914
38 0.532254 0.49633 0.118774 0.146789 0.782715
32 0.571009 0.512844 0.0200746 0.0293578 0.416748
32 0.557766 0.509633 0.0577143 0.116514 0.006073
32 0.531418 0.495872 0.121562 0.149541 0.00408554
32 0.161154 0.422018 0.025372 0.0128441 0.00254059
32 0.403721 0.259174 0.017844 0.0449541 0.00213242
32 0.403164 0.261239 0.0178441 0.0330275 0.00203514
32 0.57547 0.525688 0.0312271 0.0770642 0.00183868
32 0.564178 0.527064 0.0560414 0.0807339 0.0018177
40 0.532254 0.49633 0.118774 0.146789 0.00169373
35 0.531418 0.495872 0.121562 0.149541 0.00161076
29 0.531418 0.495872 0.121562 0.149541 0.00144958
35 0.400097 0.244954 0.0250932 0.0729358 0.00138855
38 0.531975 0.469266 0.114871 0.093578 0.00121117
35 0.40177 0.250688 0.0211898 0.059633 0.0012064
47 0.571009 0.512844 0.0200746 0.0293578 0.00107288
0 0.36413 0.500917 0.253162 0.651376 0.836914
38 0.532533 0.49633 0.118217 0.144954 0.778809
32 0.571009 0.512844 0.0200746 0.0293578 0.449463
32 0.557626 0.509633 0.0568779 0.116514 0.00679779
32 0.531418 0.495413 0.121562 0.148624 0.00403976
32 0.161154 0.422018 0.0250932 0.0128441 0.00233269
32 0.564318 0.527523 0.0546474 0.0788991 0.00221634
32 0.403164 0.261468 0.0178441 0.0321101 0.00191212
40 0.532533 0.49633 0.118217 0.144954 0.00191212
32 0.403721 0.259174 0.017844 0.0449541 0.00190449
32 0.57547 0.525688 0.0312271 0.0770642 0.00181007
35 0.531418 0.495413 0.121562 0.148624 0.00166798
29 0.531418 0.495413 0.121562 0.148624 0.00150108
38 0.531975 0.468807 0.114871 0.0917431 0.00135612
35 0.400933 0.245642 0.0234203 0.0711009 0.00119686
47 0.571009 0.512844 0.0200746 0.0293578 0.00118828
0 0.36413 0.501376 0.252047 0.650459 0.857422
38 0.532533 0.49633 0.117102 0.144954 0.792969
32 0.571009 0.512844 0.0200746 0.0293578 0.505859
32 0.557626 0.509174 0.0568779 0.115596 0.0077858
32 0.531975 0.495413 0.120447 0.148624 0.00424957
32 0.565991 0.527523 0.0513016 0.0788991 0.00261116
40 0.532533 0.49633 0.119332 0.146789 0.00237846
32 0.161293 0.422018 0.0250932 0.0128441 0.00205803
35 0.531975 0.495413 0.120447 0.148624 0.00182438
32 0.403164 0.261468 0.0178441 0.0311927 0.0018177
32 0.57547 0.525688 0.0312271 0.0770642 0.00178909
32 0.403721 0.259174 0.017844 0.0449541 0.00167465
29 0.531975 0.495413 0.120447 0.148624 0.00164223
38 0.531975 0.468807 0.113756 0.0917431 0.00146103
47 0.571009 0.512844 0.0200746 0.0293578 0.00145531
35 0.402048 0.246789 0.0211898 0.0688073 0.00131512
0 0.36413 0.501835 0.250932 0.648624 0.870605
38 0.532533 0.49633 0.117102 0.144954 0.790527
32 0.571009 0.512844 0.0200746 0.0293578 0.501953
32 0.557626 0.509174 0.0568779 0.115596 0.00746155
32 0.531975 0.495413 0.120447 0.146789 0.00399017
40 0.532533 0.49633 0.119332 0.146789 0.00268364
32 0.567803 0.527523 0.0487923 0.0788991 0.00248146
32 0.161154 0.422018 0.0250932 0.0128441 0.00182438
35 0.531975 0.495413 0.120447 0.146789 0.00179577
32 0.403164 0.261239 0.0178441 0.0307339 0.00177479
29 0.531975 0.495413 0.120447 0.146789 0.00154305
38 0.531418 0.468807 0.113756 0.0917431 0.00151253
32 0.57547 0.525688 0.0312271 0.0770642 0.00150681
32 0.403721 0.259633 0.017844 0.0440367 0.00149536
47 0.571009 0.512844 0.0200746 0.0293578 0.00138855
35 0.402327 0.247477 0.0206322 0.0669725 0.00135612
35 0.403443 0.258028 0.017844 0.0463303 0.00113773
0 0.363851 0.501835 0.249817 0.647706 0.883301
38 0.532533 0.495872 0.117102 0.144037 0.789062
32 0.571009 0.512844 0.0189593 0.0293578 0.542969
32 0.557487 0.509174 0.0560414 0.115596 0.008255
32 0.531418 0.495413 0.120447 0.146789 0.00356483
40 0.532254 0.49633 0.118774 0.146789 0.00253105
32 0.568779 0.52844 0.0457253 0.0770642 0.002388
32 0.161433 0.422018 0.0245355 0.0128441 0.00194931
35 0.531418 0.495413 0.120447 0.146789 0.00176811
32 0.403164 0.261239 0.0178441 0.0307339 0.00175476
47 0.571009 0.512844 0.0189593 0.0293578 0.00169373
38 0.531418 0.469725 0.11264 0.0944954 0.00157356
35 0.402606 0.248394 0.0200745 0.0646789 0.00150108
35 0.403443 0.259174 0.017844 0.0440367 0.00146103
32 0.403721 0.260092 0.017844 0.0431193 0.00146103
29 0.531418 0.495413 0.120447 0.146789 0.00138855
32 0.57547 0.525688 0.0312271 0.0770642 0.00134563
0 0.36636 0.499885 0.257623 0.647936 0.890625
38 0.531975 0.495413 0.117101 0.144954 0.786621
32 0.571009 0.512844 0.0189593 0.0302752 0.556641
32 0.557487 0.509174 0.0560414 0.115596 0.00841522
32 0.531418 0.494954 0.120447 0.146789 0.00318527
32 0.569894 0.52844 0.0434948 0.0770642 0.00242424
40 0.531975 0.495872 0.119332 0.145872 0.00240517
32 0.161293 0.422018 0.0248144 0.0128441 0.00191879
47 0.571009 0.512844 0.0189593 0.0302752 0.00179577
32 0.403164 0.261468 0.0178441 0.0302752 0.00175476
35 0.531418 0.494954 0.120447 0.146789 0.00167465
32 0.403721 0.260321 0.017844 0.0431193 0.00146675
38 0.53086 0.469725 0.11264 0.0954129 0.00143814
32 0.57547 0.525688 0.0312271 0.0770642 0.00135612
35 0.403443 0.259633 0.017844 0.0431193 0.00123978
35 0.402606 0.249083 0.0200745 0.0642202 0.00121593
29 0.531418 0.494954 0.120447 0.146789 0.0011425
0 0.366639 0.499885 0.257066 0.647936 0.896973
38 0.531975 0.495413 0.118217 0.144954 0.786621
32 0.571009 0.512844 0.0189593 0.0302752 0.57959
32 0.557487 0.509633 0.0560414 0.116514 0.00871277
32 0.531139 0.494495 0.121005 0.146789 0.00283432
32 0.571149 0.52844 0.0421008 0.0770642 0.00255013
40 0.531696 0.495413 0.11989 0.146789 0.00222588
32 0.161154 0.422018 0.0250932 0.0128441 0.00209045
47 0.571009 0.512844 0.0189593 0.0302752 0.00198746
32 0.403164 0.261468 0.0178441 0.0307339 0.00176144
35 0.531139 0.494495 0.121005 0.146789 0.00166798
32 0.403721 0.260321 0.017844 0.0431193 0.00144958
32 0.57547 0.525688 0.0301118 0.0752294 0.00134087
38 0.53086 0.470183 0.11264 0.0963303 0.00129414
35 0.400097 0.24656 0.0245356 0.0688073 0.00109005
35 0.403443 0.260092 0.017844 0.0431193 0.00105667
29 0.531139 0.494495 0.121005 0.146789 0.00104427
32 0.569894 0.511927 0.0267661 0.0568807 0.00104046
35 0.403164 0.251147 0.0184017 0.0536697 0.00103188
0 0.366082 0.500459 0.25595 0.648624 0.90918
38 0.531696 0.495413 0.118774 0.144954 0.777344
32 0.571009 0.512844 0.0189593 0.0293578 0.635254
32 0.557069 0.509633 0.0557626 0.115596 0.00706482
32 0.53086 0.494495 0.121562 0.147706 0.00212479
47 0.571009 0.512844 0.0189593 0.0293578 0.00209999
32 0.161015 0.422018 0.025372 0.0128441 0.0020504
40 0.531418 0.495413 0.120447 0.146789 0.00188255
32 0.571985 0.52844 0.0381974 0.0770642 0.00186062
32 0.571009 0.511927 0.0234203 0.053211 0.00174809
32 0.403443 0.261468 0.0172864 0.0302752 0.00174141
35 0.53086 0.494495 0.121562 0.147706 0.00148392
32 0.403721 0.26055 0.0172864 0.0426606 0.00137234
35 0.400376 0.247248 0.0239779 0.0678899 0.00130463
35 0.402606 0.251376 0.0200745 0.0559633 0.00113773
35 0.403721 0.26055 0.017844 0.0422018 0.00103664
0 0.364966 0.500459 0.25372 0.647706 0.908691
38 0.531418 0.494954 0.119332 0.145872 0.764648
32 0.571009 0.512844 0.0189593 0.0293578 0.67041
32 0.557069 0.510092 0.0557626 0.115596 0.00570679
32 0.571009 0.511468 0.022305 0.0504587 0.00245285
47 0.571009 0.512844 0.0189593 0.0293578 0.00194168
32 0.160875 0.422018 0.0256508 0.0128441 0.00156116
32 0.53086 0.494495 0.121562 0.148624 0.00155449
32 0.403443 0.261009 0.0172864 0.0302752 0.00153065
40 0.53086 0.495413 0.120447 0.147706 0.00145531
32 0.57324 0.52844 0.0356881 0.0770642 0.00144958
35 0.400933 0.247706 0.0228627 0.0669725 0.00136662
32 0.403721 0.260092 0.017844 0.0431193 0.00119209
35 0.53086 0.494495 0.121562 0.148624 0.00118351
0 0.364409 0.500115 0.253162 0.647477 0.903809
38 0.531139 0.494495 0.11989 0.146789 0.750488
32 0.571009 0.512844 0.0189593 0.0293578 0.6875
32 0.557069 0.51055 0.0546474 0.112844 0.00443268
32 0.571009 0.511009 0.022305 0.0495413 0.00317192
47 0.571009 0.512844 0.0189593 0.0293578 0.00170708
32 0.403443 0.261009 0.0172864 0.0302752 0.00127411
35 0.401491 0.247706 0.022305 0.0669725 0.00126457
32 0.576028 0.525688 0.0289966 0.0770642 0.00116062
40 0.530302 0.495413 0.121563 0.148624 0.00107288
32 0.530302 0.494495 0.122678 0.148624 0.00101662
0 0.36406 0.500115 0.252186 0.647477 0.900879
38 0.53086 0.494495 0.120447 0.146789 0.747559
32 0.571009 0.512844 0.0189593 0.0293578 0.723145
32 0.557069 0.51055 0.0546474 0.112844 0.00438309
32 0.571009 0.511009 0.022305 0.0486238 0.00413513
47 0.571009 0.512844 0.0189593 0.0293578 0.00156689
35 0.401491 0.247706 0.022305 0.0669725 0.0012207
32 0.576028 0.525688 0.0289966 0.0770642 0.0011692
32 0.403443 0.261009 0.0172864 0.0302752 0.00109863
0 0.36413 0.500115 0.252605 0.647477 0.901367
32 0.571009 0.512385 0.0189593 0.0293578 0.773438
38 0.531418 0.494495 0.119332 0.146789 0.749023
32 0.571009 0.511009 0.022305 0.0477064 0.00717545
32 0.557069 0.511009 0.0546474 0.111927 0.0045929
47 0.571009 0.512385 0.0189593 0.0293578 0.00158501
35 0.40177 0.247706 0.0217474 0.0669725 0.00132465
32 0.576028 0.525688 0.0289966 0.0770642 0.00131989
60 0.182901 1 0.365803 0 0.00117874
0 0.36406 0.500115 0.252186 0.647477 0.90332
32 0.571009 0.512385 0.0189593 0.0293578 0.808105
38 0.531975 0.494954 0.119332 0.145872 0.770508
32 0.571009 0.511009 0.022305 0.0477064 0.00967407
32 0.557069 0.51055 0.0546474 0.111927 0.00511932
47 0.571009 0.512385 0.0189593 0.0293578 0.00148964
32 0.576028 0.525688 0.0289966 0.0770642 0.00146675
35 0.402048 0.247936 0.0217474 0.0665138 0.00137234
40 0.53086 0.495413 0.121562 0.147706 0.00118351
60 0.180671 1 0.361342 0 0.00117397
0 0.36406 0.500115 0.252186 0.647477 0.906738
32 0.571009 0.512844 0.0189593 0.0293578 0.831055
38 0.531975 0.494954 0.119332 0.145872 0.791992
32 0.571009 0.511009 0.022305 0.0477064 0.0108185
32 0.556372 0.510092 0.0538109 0.111927 0.00564194
47 0.571009 0.512844 0.0189593 0.0293578 0.00161076
32 0.576028 0.525688 0.0289966 0.0770642 0.00149536
35 0.402048 0.248165 0.0211898 0.066055 0.00138283
40 0.531139 0.495413 0.121005 0.147706 0.00136662
0 0.363851 0.500115 0.252047 0.647477 0.909668
32 0.571009 0.512844 0.0189593 0.0293578 0.842773
38 0.531975 0.494954 0.119332 0.145872 0.806641
32 0.571009 0.511009 0.022305 0.046789 0.0125275
32 0.556372 0.510092 0.0538109 0.111927 0.00614548
47 0.571009 0.512844 0.0189593 0.0293578 0.00171375
40 0.531418 0.495413 0.120447 0.147706 0.00154305
32 0.576028 0.525688 0.0289966 0.0770642 0.00152493
35 0.402048 0.248165 0.0211898 0.0651376 0.00136662
0 0.363851 0.500115 0.252047 0.647477 0.914062
32 0.571009 0.512844 0.0189593 0.0293578 0.850098
38 0.531975 0.494954 0.119332 0.145872 0.818848
32 0.571009 0.511009 0.022305 0.046789 0.0151901
32 0.556372 0.510092 0.0538109 0.111927 0.00641251
47 0.571009 0.512844 0.0189593 0.0293578 0.0017271
32 0.576028 0.525229 0.0289966 0.0761468 0.00156689
40 0.531418 0.495413 0.120447 0.146789 0.00154877
35 0.402327 0.248624 0.0211898 0.0651376 0.00144958
60 9.5842e-05 0.709633 0.000191684 0.580734 0.00104046
0 0.363851 0.500459 0.252047 0.646789 0.916016
32 0.571009 0.512844 0.0189593 0.0293578 0.852051
38 0.531975 0.494954 0.119332 0.145872 0.824219
32 0.571567 0.511009 0.0211898 0.046789 0.0158386
32 0.556372 0.510092 0.0538109 0.111927 0.00643921
47 0.571009 0.512844 0.0189593 0.0293578 0.00172043
40 0.531975 0.495413 0.120447 0.146789 0.00153065
32 0.576028 0.525229 0.0289966 0.0761468 0.0015192
35 0.402048 0.248624 0.0211898 0.0651376 0.00146675
60 7.84162e-05 0.710092 0.000156832 0.579817 0.00105667
0 0.363851 0.500115 0.252047 0.647477 0.916016
32 0.571009 0.512844 0.0189593 0.0293578 0.853027
38 0.531975 0.494954 0.119332 0.145872 0.824219
32 0.571567 0.511009 0.0211898 0.046789 0.0161591
32 0.556372 0.510092 0.0538109 0.111927 0.00651169
47 0.571009 0.512844 0.0189593 0.0293578 0.00174141
32 0.576028 0.525229 0.0289966 0.0761468 0.00153637
40 0.531696 0.495413 0.11989 0.146789 0.00153065
35 0.402048 0.248394 0.0211898 0.0651376 0.00146103
60 7.84162e-05 0.71055 0.000156832 0.578899 0.00104809
