22 0.441201 0.743862 0.793744 0.493304 0.923828
22 0.675811 0.196708 0.234192 0.0948661 0.921875
22 0.414018 0.411551 0.650719 0.219308 0.917969
0 0.238374 0.0124512 0.0284376 0.0208566 0.019165
22 0.0600117 0.717634 0.0359652 0.100446 0.0116882
22 0.0631482 0.734375 0.0422382 0.133929 0.0086441
14 0.664102 0.513114 0.04182 0.016741 0.00653839
22 0.0677484 0.754464 0.0531114 0.171875 0.00484848
22 0.0859401 0.742188 0.085731 0.158482 0.00365067
22 0.173971 0.695312 0.26263 0.137277 0.00292397
14 0.664938 0.516183 0.0451657 0.0223214 0.00291252
0 0.532787 0.00966099 0.0184008 0.0170201 0.0028553
22 0.168953 0.714844 0.251756 0.110491 0.00264168
22 0.18589 0.816406 0.285631 0.353795 0.00176811
22 0.058548 0.703125 0.0342924 0.0825893 0.00137806
22 0.644028 0.0180751 0.0217464 0.0161656 0.00136185
22 0.616845 0.201172 0.114587 0.0742188 0.00136185
14 0.644028 0.0174386 0.0217464 0.0170201 0.00134563
22 0.138424 0.783482 0.193208 0.234375 0.00118828
0 0.213178 0.0122768 0.0788307 0.0218331 0.00109005
14 0.237956 0.0123117 0.0301104 0.0209263 0.00105667
22 0.711149 0.181641 0.163516 0.0669643 0.00104427
22 0.414018 0.411272 0.650719 0.219866 0.911621
22 0.439946 0.74428 0.799599 0.495815 0.906738
22 0.675811 0.196708 0.234192 0.0954241 0.905273
0 0.238374 0.0123989 0.0284376 0.0208217 0.0167236
22 0.0589662 0.716518 0.033456 0.100446 0.0115051
22 0.0616845 0.729911 0.0393108 0.125 0.00844574
14 0.664102 0.512835 0.04182 0.0167411 0.0069046
22 0.0664938 0.753906 0.050184 0.172991 0.00488663
22 0.0876129 0.740513 0.0890766 0.15625 0.00353813
14 0.664938 0.516183 0.0451657 0.0223214 0.00314713
0 0.532787 0.00960868 0.0184008 0.017055 0.00286674
22 0.17648 0.695312 0.267648 0.138393 0.00276756
22 0.712613 0.180525 0.162262 0.0647321 0.00165462
22 0.185263 0.816406 0.28354 0.353795 0.00156116
22 0.0604299 0.703125 0.0372198 0.0892857 0.00149536
22 0.644028 0.0180577 0.0217464 0.016061 0.00148392
22 0.0802944 0.758929 0.075276 0.1875 0.00146675
22 0.616845 0.201032 0.114587 0.0744978 0.00135136
14 0.644028 0.0174909 0.0217464 0.017055 0.00119686
22 0.715958 0.167969 0.153898 0.0385045 0.00117874
22 0.132569 0.770089 0.180662 0.207589 0.00112057
22 0.588826 0.385603 0.294413 0.163504 0.00111198
22 0.541987 0.367188 0.386417 0.127232 0.00106049
0 0.0610572 0.685826 0.029274 0.046875 0.00103188
22 0.414018 0.411272 0.652392 0.219866 0.903809
22 0.439528 0.74442 0.80378 0.496652 0.897461
22 0.676648 0.196708 0.234192 0.0954241 0.892578
0 0.238374 0.0123465 0.0284376 0.0207868 0.0149536
22 0.058548 0.716518 0.0326196 0.100446 0.00963593
14 0.664102 0.512835 0.04182 0.0167411 0.00701141
22 0.0656574 0.753906 0.0485112 0.174107 0.00416565
14 0.664938 0.516183 0.0451657 0.0223214 0.00316048
0 0.532787 0.0095738 0.0184008 0.0169852 0.00302696
22 0.087822 0.738839 0.0894948 0.154018 0.00287819
22 0.178153 0.695312 0.270994 0.140625 0.00215721
22 0.712822 0.180664 0.163516 0.0655692 0.00177479
22 0.644028 0.0180577 0.0217464 0.016061 0.00159168
0 0.060639 0.686384 0.0284376 0.046875 0.00138283
22 0.715958 0.16769 0.153898 0.0379464 0.00127888
22 0.6181 0.196987 0.115423 0.0809152 0.00127411
22 0.184008 0.815848 0.282703 0.352679 0.00126934
22 0.546169 0.36635 0.378053 0.125 0.00119209
22 0.079458 0.757255 0.0736032 0.185268 0.00118828
22 0.605972 0.203125 0.096186 0.0703125 0.0011425
14 0.644028 0.0174561 0.0217464 0.0171247 0.0011158
2 0.058548 0.716518 0.0326196 0.100446 0.00109005
0 0.0577116 0.702009 0.0342924 0.0736607 0.00108147
22 0.587989 0.382254 0.296086 0.157366 0.00107288
22 0.0602208 0.702009 0.0368016 0.0892857 0.00103664
0 0.0652392 0.00929478 0.0259284 0.0143345 0.00102806
22 0.414018 0.411272 0.654065 0.219866 0.898926
22 0.438692 0.74428 0.807126 0.498047 0.89502
22 0.677484 0.196847 0.234192 0.0962612 0.882324
0 0.238374 0.0122593 0.0284376 0.020752 0.0129242
22 0.0583389 0.71596 0.0326196 0.100446 0.00878143
14 0.664102 0.512835 0.04182 0.016183 0.00754929
22 0.0652392 0.753348 0.0472566 0.174107 0.00379562
14 0.664102 0.515904 0.0434928 0.0217634 0.00328636
0 0.532787 0.00953892 0.0184008 0.0169155 0.0029583
22 0.0886584 0.736607 0.0911676 0.149554 0.00258064
22 0.178153 0.694196 0.270994 0.140625 0.00193405
22 0.644028 0.0180751 0.0217464 0.0160261 0.00191879
0 0.060639 0.686384 0.0284376 0.046875 0.00186729
22 0.712822 0.183315 0.163516 0.0708705 0.0016613
0 0.0577116 0.701451 0.0338742 0.0747768 0.00156116
0 0.0652392 0.00920759 0.0255102 0.0141602 0.00139904
22 0.0777852 0.749442 0.0694212 0.172991 0.00136662
2 0.0583389 0.71596 0.0326196 0.100446 0.00130939
22 0.715958 0.167411 0.153898 0.0379464 0.00130463
22 0.6181 0.196987 0.115423 0.0809152 0.00117874
22 0.302777 0.359096 0.424891 0.121094 0.00116062
22 0.184844 0.816964 0.284376 0.352679 0.00111198
14 0.644028 0.0174386 0.0217464 0.0170898 0.00106907
22 0.605554 0.203125 0.0953496 0.0703125 0.00106049
22 0.413182 0.411272 0.657411 0.219866 0.902832
22 0.437333 0.744978 0.811517 0.498884 0.89502
22 0.677275 0.196708 0.23461 0.0965402 0.881836
0 0.238374 0.012207 0.0284376 0.0206473 0.00861359
14 0.664102 0.512835 0.0401472 0.015625 0.00784302
22 0.0583389 0.715402 0.0326196 0.100446 0.0064621
14 0.664102 0.515904 0.0434928 0.0217634 0.00301552
22 0.0652392 0.75279 0.0476748 0.175223 0.00273705
0 0.532787 0.00955636 0.0184008 0.0168806 0.00261116
0 0.0577116 0.701451 0.0342924 0.0758929 0.0019722
22 0.092004 0.736607 0.0978588 0.151786 0.00194168
22 0.644028 0.0180664 0.0217464 0.0158343 0.00186062
0 0.060639 0.686384 0.0284376 0.046875 0.0018177
2 0.0583389 0.715402 0.0326196 0.100446 0.0016613
0 0.0652392 0.00922503 0.0255102 0.0141253 0.00144958
22 0.178153 0.695312 0.270994 0.140625 0.00134563
22 0.711777 0.187221 0.163934 0.078683 0.0011692
22 0.0769488 0.748884 0.0677484 0.174107 0.00104046
22 0.618936 0.196708 0.117096 0.0811942 0.00101662
22 0.413077 0.411272 0.659292 0.219308 0.913574
22 0.443292 0.742188 0.79458 0.506696 0.910645
22 0.677275 0.196708 0.23461 0.0959821 0.873047
14 0.664102 0.512835 0.0401472 0.015625 0.0086441
0 0.238374 0.0121373 0.0284376 0.0205776 0.00609589
22 0.058548 0.715402 0.0326196 0.101562 0.0046463
14 0.664102 0.515625 0.0434928 0.0212054 0.00311089
22 0.644028 0.0181013 0.0217464 0.0159738 0.0020504
0 0.532787 0.00955636 0.0184008 0.0168108 0.00203514
22 0.0656574 0.752232 0.0485112 0.174107 0.00201035
0 0.0577116 0.702009 0.0342924 0.0758929 0.00194168
2 0.058548 0.715402 0.0326196 0.101562 0.00174141
0 0.060639 0.685826 0.0284376 0.046875 0.00168133
22 0.103086 0.738839 0.120023 0.158482 0.00148392
22 0.711777 0.186384 0.162262 0.0770089 0.00118828
0 0.0652392 0.00927734 0.025092 0.0141602 0.00116062
0 0.0602208 0.704241 0.0368016 0.0959822 0.00112915
22 0.6181 0.196847 0.115423 0.0806362 0.00107288
22 0.185263 0.712054 0.285212 0.118304 0.00103188
22 0.605554 0.202985 0.0936768 0.0700335 0.00102043
22 0.442456 0.742746 0.792907 0.50558 0.922363
22 0.412241 0.411272 0.659292 0.21875 0.920898
22 0.677693 0.196708 0.233774 0.0954241 0.861328
14 0.664102 0.512835 0.0401472 0.015625 0.0077858
0 0.238374 0.0120326 0.0276012 0.0205776 0.00432968
22 0.058548 0.715402 0.0330378 0.102679 0.00329781
14 0.664102 0.515625 0.0434928 0.0212054 0.00276756
22 0.0610572 0.731027 0.0380562 0.133929 0.00232315
0 0.0577116 0.702009 0.0342924 0.077009 0.00214958
22 0.644028 0.0180315 0.0217464 0.0160435 0.0018034
0 0.060639 0.685826 0.0284376 0.046875 0.00176811
0 0.533205 0.00953892 0.0184008 0.0167759 0.00173378
2 0.058548 0.715402 0.0330378 0.102679 0.0016613
22 0.0656574 0.752232 0.0485112 0.175223 0.00156116
2 0.0610572 0.731027 0.0380562 0.133929 0.00136662
22 0.109987 0.74163 0.133824 0.166295 0.00125504
6 0.44486 0.742746 0.803153 0.498884 0.00125504
22 0.270262 0.744978 0.459811 0.329241 0.00123501
0 0.0602208 0.704799 0.0372198 0.0970983 0.00121593
22 0.711777 0.185686 0.162262 0.0750558 0.00117874
22 0.617681 0.196847 0.112914 0.0800781 0.00116062
22 0.189863 0.813616 0.291067 0.352679 0.00115108
22 0.311245 0.362165 0.443083 0.126674 0.00108147
22 0.605136 0.202986 0.0928404 0.0697545 0.00104046
22 0.411927 0.411272 0.65992 0.21875 0.920898
22 0.442037 0.743862 0.793744 0.504464 0.917969
22 0.676648 0.196429 0.232519 0.09375 0.856934
14 0.664102 0.512835 0.0401472 0.015625 0.0069313
0 0.238374 0.0120152 0.0276012 0.0205427 0.00457382
0 0.0577116 0.702009 0.0342924 0.077009 0.00271416
22 0.0589662 0.716518 0.033456 0.106027 0.00251198
14 0.664102 0.515625 0.0434928 0.0212054 0.00250244
0 0.060639 0.685826 0.0284376 0.046875 0.00217438
6 0.444547 0.742746 0.80378 0.497768 0.00197983
22 0.644028 0.0180577 0.0217464 0.016061 0.00189686
22 0.0616845 0.736607 0.0388926 0.145089 0.00176811
0 0.533205 0.00955636 0.0184008 0.0168108 0.0017004
2 0.0589662 0.716518 0.033456 0.106027 0.00167465
22 0.272562 0.751116 0.463575 0.345982 0.00161076
0 0.0602208 0.704241 0.0368016 0.0982143 0.0014782
22 0.605136 0.202986 0.0928404 0.0694755 0.00141048
2 0.0616845 0.736607 0.0388926 0.145089 0.00136662
22 0.191117 0.8125 0.293576 0.357143 0.00136662
22 0.617263 0.196987 0.112078 0.0792411 0.00135136
22 0.592171 0.201311 0.0635664 0.0711496 0.00129986
22 0.711777 0.185686 0.162262 0.0750558 0.0012846
22 0.0660756 0.752232 0.0493476 0.176339 0.00125504
0 0.677693 0.196708 0.233774 0.0948661 0.00121593
22 0.312709 0.363281 0.445174 0.128348 0.0011158
22 0.098277 0.743304 0.110405 0.171875 0.00105667
22 0.411927 0.411272 0.65992 0.21875 0.924805
22 0.442351 0.743862 0.794789 0.503348 0.91748
22 0.67602 0.196568 0.233774 0.094029 0.866211
14 0.664102 0.512835 0.0401472 0.015625 0.00619125
0 0.238374 0.0119978 0.0284376 0.0206473 0.00572968
0 0.0577116 0.702009 0.0342924 0.077009 0.00359344
0 0.0604299 0.685826 0.0280194 0.046875 0.00266266
6 0.444128 0.742746 0.804617 0.496652 0.00234222
14 0.664102 0.515625 0.0434928 0.0212054 0.00221634
22 0.273085 0.75558 0.465875 0.354911 0.00218201
22 0.644028 0.0179879 0.0217464 0.0162005 0.00213242
0 0.533205 0.00959124 0.0184008 0.0168108 0.00203514
2 0.0593844 0.717634 0.0342924 0.109375 0.00192642
22 0.0593844 0.717634 0.0342924 0.109375 0.00183868
0 0.0602208 0.704241 0.0368016 0.0982143 0.00182438
2 0.0623118 0.738839 0.0401472 0.151786 0.00167465
22 0.191536 0.8125 0.293576 0.357143 0.00150108
22 0.605554 0.202986 0.092004 0.0697545 0.00139904
0 0.677693 0.196708 0.233774 0.0948661 0.00138855
22 0.0623118 0.738839 0.0401472 0.151786 0.00135136
22 0.616427 0.196987 0.112078 0.0792411 0.00134563
22 0.592171 0.201311 0.0635664 0.0711496 0.00124454
22 0.310723 0.36356 0.440783 0.128906 0.00122547
22 0.711777 0.188477 0.162262 0.0806362 0.00111198
22 0.0664938 0.752232 0.0497658 0.176339 0.00102043
22 0.412345 0.411272 0.660756 0.21875 0.927246
22 0.442456 0.743862 0.796253 0.503348 0.911621
22 0.67602 0.196708 0.233774 0.094308 0.874023
0 0.237956 0.0119978 0.0276012 0.0207868 0.00800323
14 0.663265 0.512835 0.0401473 0.015625 0.00548935
0 0.0577116 0.701451 0.0347106 0.0770089 0.00345612
6 0.444128 0.742746 0.804617 0.495536 0.00312424
22 0.273921 0.756696 0.468384 0.359375 0.00265312
0 0.533205 0.00962612 0.0184008 0.0168806 0.00261116
0 0.0604299 0.685826 0.0280194 0.046875 0.0024929
22 0.644028 0.0179618 0.0217464 0.0163225 0.00236893
14 0.664102 0.515625 0.0434928 0.0212054 0.00186729
2 0.0598026 0.71875 0.0351288 0.111607 0.00179577
0 0.0602208 0.704241 0.037638 0.0982143 0.00174141
2 0.0631482 0.739397 0.04182 0.151786 0.0016489
22 0.192163 0.811384 0.295667 0.360491 0.00162315
22 0.0598026 0.71875 0.0351288 0.111607 0.00149536
0 0.677693 0.196708 0.233774 0.0948661 0.00143242
22 0.616427 0.196987 0.112078 0.0797991 0.00135612
22 0.604717 0.202985 0.092004 0.0700335 0.00134087
22 0.3102 0.364955 0.440156 0.131696 0.00124454
22 0.592171 0.201311 0.0635664 0.0711496 0.00116062
22 0.0631482 0.739397 0.04182 0.151786 0.0011158
22 0.412345 0.411272 0.659083 0.217634 0.937012
22 0.443292 0.74428 0.796253 0.500279 0.910645
22 0.67602 0.196708 0.233774 0.094308 0.890137
0 0.237538 0.0119455 0.0284376 0.0206124 0.00526047
22 0.272248 0.751116 0.465875 0.348214 0.00475693
14 0.663265 0.512556 0.0401473 0.016183 0.0039444
6 0.444233 0.742048 0.804408 0.493583 0.00299263
0 0.0602208 0.686384 0.0284376 0.046875 0.0024929
22 0.194881 0.811384 0.301104 0.361607 0.00237846
0 0.0577116 0.701451 0.0351288 0.0758929 0.00215721
2 0.0600117 0.719866 0.035547 0.113839 0.0017004
22 0.644237 0.017892 0.023001 0.0165318 0.00168133
2 0.0635664 0.739955 0.0426564 0.154018 0.0015974
0 0.532787 0.00955636 0.0184008 0.0168108 0.00157356
22 0.616427 0.196987 0.112078 0.0803571 0.00139427
14 0.664102 0.515625 0.0434928 0.0212054 0.00137806
22 0.0600117 0.719866 0.035547 0.113839 0.00121117
22 0.270994 0.683036 0.47173 0.203125 0.00120163
22 0.304031 0.367746 0.4274 0.138393 0.00112438
0 0.67602 0.196708 0.233774 0.094308 0.00100803
22 0.412345 0.411551 0.657411 0.218192 0.932129
22 0.44486 0.743862 0.799808 0.498884 0.900391
22 0.675811 0.196847 0.234192 0.0945871 0.890137
22 0.270889 0.75 0.463575 0.345982 0.00677109
0 0.237538 0.0118931 0.0284376 0.0205776 0.00305176
14 0.663265 0.512277 0.0401473 0.015625 0.00274658
22 0.194881 0.810826 0.301104 0.360491 0.00245285
0 0.0602208 0.686384 0.0284376 0.046875 0.00234222
6 0.44371 0.742188 0.805453 0.493304 0.00214958
22 0.270157 0.685826 0.46922 0.208705 0.00201988
0 0.0572934 0.702009 0.0351288 0.0758929 0.00160408
2 0.0602208 0.72433 0.0359652 0.122768 0.0015192
22 0.616009 0.196987 0.111241 0.0803571 0.00144386
2 0.0639846 0.742746 0.0434928 0.159598 0.00143814
22 0.30194 0.36942 0.423218 0.141741 0.00115108
0 0.675811 0.196847 0.234192 0.0945871 0.00107765
22 0.226769 0.739397 0.362789 0.277902 0.00104046
22 0.0602208 0.72433 0.0359652 0.122768 0.00103188
22 0.412345 0.411551 0.657411 0.218192 0.922363
22 0.675811 0.196987 0.234192 0.0948661 0.888184
22 0.445801 0.74428 0.802944 0.498047 0.887207
22 0.270889 0.75 0.461902 0.345982 0.00888062
22 0.270157 0.6875 0.468384 0.209821 0.00274658
22 0.195299 0.811384 0.30194 0.359375 0.00256157
0 0.0602208 0.686384 0.0284376 0.046875 0.00223351
0 0.237119 0.0118931 0.029274 0.0205776 0.00191212
14 0.663265 0.512277 0.0401473 0.015625 0.00183105
22 0.616009 0.196708 0.111241 0.0809152 0.00137234
22 0.224992 0.747768 0.358816 0.294643 0.00128937
6 0.442351 0.742188 0.806499 0.493304 0.0012064
2 0.060639 0.726562 0.0368016 0.129464 0.00116539
2 0.0644028 0.743304 0.0443292 0.16183 0.0011425
22 0.299013 0.370536 0.417364 0.143973 0.00109005
0 0.0572934 0.701451 0.0351288 0.0770089 0.00107765
0 0.675811 0.196987 0.234192 0.0948661 0.00107288
22 0.0675393 0.753348 0.052275 0.180804 0.00103188
22 0.417782 0.697405 0.695049 0.375279 0.00102425
22 0.060639 0.726562 0.0368016 0.129464 0.00101662
22 0.412763 0.411551 0.656574 0.218192 0.915039
22 0.675811 0.196987 0.234192 0.0948661 0.887207
22 0.43911 0.744559 0.819672 0.497489 0.878906
22 0.270994 0.754464 0.461693 0.351563 0.0136871
22 0.25552 0.674107 0.456674 0.180804 0.00527954
22 0.195927 0.8125 0.303195 0.359375 0.00261116
0 0.0602208 0.686384 0.0284376 0.046875 0.00242424
22 0.411091 0.705357 0.683339 0.388393 0.00152493
14 0.663265 0.512277 0.0401473 0.015625 0.00148964
0 0.236701 0.0119106 0.0301104 0.0205427 0.00147247
22 0.299013 0.373326 0.417364 0.150112 0.00138855
22 0.606808 0.200893 0.0928404 0.0742187 0.00132465
0 0 0.99442 0 0.0111607 0.00126457
22 0.0675393 0.753348 0.052275 0.180804 0.00113773
22 0.318564 0.756696 0.547215 0.450893 0.00109005
22 0.060639 0.728795 0.0368016 0.133929 0.00106049
22 0.413182 0.41183 0.655738 0.21875 0.919434
22 0.440365 0.744559 0.817163 0.497489 0.884766
22 0.675811 0.197126 0.234192 0.0951451 0.883301
22 0.269739 0.753348 0.459184 0.345982 0.0180511
22 0.257611 0.672991 0.453329 0.171875 0.0110703
22 0.197809 0.813616 0.306959 0.357143 0.00353813
0 0.0602208 0.686384 0.0284376 0.046875 0.00259018
60 1 0.910714 0 0.178571 0.00212479
22 0.138006 0.676339 0.19739 0.142857 0.00161076
22 0.404922 0.713309 0.670584 0.401507 0.00156116
22 0.314486 0.757255 0.540314 0.446429 0.00152493
22 0.0677484 0.753348 0.0526932 0.180804 0.00138855
22 0.295249 0.374163 0.409836 0.151786 0.00138283
14 0.664102 0.512277 0.0401472 0.015625 0.00137806
22 0.607645 0.200893 0.0945132 0.0742187 0.00136662
22 0.153061 0.697545 0.224155 0.185268 0.00136185
22 0.0610572 0.733259 0.037638 0.142857 0.00121117
60 1 0.989397 0 0.0212053 0.00118828
22 0.115005 0.75279 0.144697 0.197545 0.00117397
22 0.058548 0.714844 0.033456 0.106027 0.0011158
0 0.236701 0.0118931 0.0301104 0.0205078 0.00107765
0 0.675811 0.197126 0.234192 0.0951451 0.00104809
22 0.168116 0.677455 0.270157 0.149554 0.00102806
22 0.413182 0.41183 0.655738 0.21875 0.924805
22 0.675602 0.197126 0.23461 0.0951451 0.884277
22 0.44831 0.743862 0.80629 0.49442 0.883301
22 0.269425 0.754464 0.458138 0.347098 0.024231
22 0.25918 0.674107 0.451865 0.169643 0.0198669
22 0.244229 0.700893 0.403145 0.196429 0.00871277
22 0.199063 0.814732 0.309468 0.357143 0.00400543
0 0.0602208 0.686384 0.0288558 0.046875 0.00290108
60 1 0.907924 0 0.184152 0.00283432
22 0.138842 0.676339 0.199063 0.142857 0.00209045
22 0.153689 0.699219 0.22541 0.189732 0.00178242
22 0.295981 0.37779 0.411718 0.15904 0.00178242
22 0.402308 0.719727 0.66912 0.410993 0.00173378
22 0.311977 0.756836 0.535296 0.443917 0.00171375
22 0.607227 0.201172 0.0936769 0.0736607 0.00157928
22 0.0673302 0.753348 0.0526932 0.180804 0.00150681
14 0.664102 0.512277 0.0401472 0.015625 0.00135612
22 0.114587 0.753348 0.143861 0.200893 0.00130463
22 0.0610572 0.734375 0.037638 0.145089 0.0012846
60 1 0.981585 0 0.0368303 0.00124931
22 0.0587571 0.714844 0.033456 0.107143 0.0012064
22 0.330378 0.402344 0.480094 0.208705 0.00113773
20 0.131106 0.0118583 0.244647 0.0228795 0.00112438
22 0.111659 0.823661 0.147206 0.337054 0.00108147
22 0.202409 0.718192 0.324523 0.222098 0.00105286
0 0.675602 0.197126 0.23461 0.0951451 0.00104809
22 0.173971 0.732143 0.26263 0.184152 0.00101662
22 0.413182 0.41183 0.655738 0.21875 0.931152
22 0.450401 0.74428 0.802108 0.493583 0.892578
22 0.675811 0.196987 0.234192 0.0954241 0.885742
22 0.264721 0.740513 0.445801 0.297991 0.0302124
22 0.259389 0.672991 0.451447 0.167411 0.0268555
22 0.245902 0.698103 0.40649 0.190848 0.0118713
0 0.0602208 0.686384 0.029274 0.046875 0.00419998
22 0.230428 0.776228 0.368852 0.351562 0.00418091
22 0.1999 0.814174 0.310304 0.358259 0.00413513
22 0.305286 0.740932 0.518568 0.388672 0.0037365
60 1 0.907924 0 0.184152 0.00287819
22 0.145743 0.676339 0.208682 0.140625 0.0024147
22 0.161216 0.69308 0.242138 0.175223 0.00209999
22 0.299431 0.38058 0.419036 0.164621 0.0020504
22 0.607227 0.201451 0.092004 0.0731027 0.00184631
22 0.398231 0.720982 0.663893 0.412946 0.00183868
22 0.0671211 0.75279 0.052275 0.18192 0.00154877
14 0.664102 0.512277 0.0401472 0.015625 0.00145531
22 0.114587 0.753348 0.143861 0.200893 0.00141048
22 0.060639 0.728237 0.0368016 0.133929 0.00134563
22 0.058548 0.714286 0.033456 0.104911 0.00133514
22 0.332469 0.402902 0.484276 0.208705 0.00126457
22 0.1999 0.71875 0.319505 0.223214 0.00123978
0 0.0572934 0.700893 0.035547 0.078125 0.00123501
22 0.110614 0.823661 0.143861 0.337054 0.00121593
22 0.721813 0.195592 0.329542 0.0929129 0.00117874
22 0.173135 0.731027 0.261793 0.184152 0.00113392
60 1 0.979074 0 0.0418527 0.00112057
20 0.131315 0.0118583 0.243392 0.0228795 0.00106907
0 0.675811 0.196987 0.234192 0.0954241 0.00100803
22 0.413182 0.41183 0.655738 0.21875 0.9375
22 0.450401 0.74428 0.802108 0.493583 0.901855
22 0.675811 0.196708 0.234192 0.0948661 0.888672
22 0.265243 0.734375 0.446429 0.284598 0.0379028
22 0.260225 0.670759 0.451447 0.162946 0.0337219
22 0.279358 0.763393 0.473402 0.383929 0.0184021
22 0.247679 0.695312 0.409627 0.185268 0.0151901
0 0.0602208 0.686384 0.029274 0.046875 0.00572968
22 0.201363 0.814174 0.313232 0.358259 0.0042305
60 1 0.907645 0 0.18471 0.00298119
22 0.146579 0.675223 0.210355 0.138393 0.00291252
22 0.161216 0.691964 0.242138 0.174107 0.00256157
22 0.301522 0.380022 0.422382 0.162946 0.00255013
22 0.60639 0.201451 0.092004 0.0731027 0.00209045
22 0.396035 0.721959 0.663265 0.413225 0.00192642
0 0.0572934 0.700893 0.035547 0.078125 0.00186062
14 0.664102 0.512277 0.0401472 0.015625 0.00156116
22 0.333724 0.402344 0.486785 0.207589 0.00149536
22 0.066912 0.75279 0.0518568 0.18192 0.0014782
22 0.11145 0.753348 0.137588 0.203125 0.00142097
22 0.1976 0.719308 0.314905 0.22433 0.00141048
22 0.058548 0.71317 0.033456 0.104911 0.00136662
22 0.722441 0.195452 0.328287 0.0929129 0.00134563
22 0.112078 0.823661 0.14637 0.337054 0.0012207
22 0.17188 0.731027 0.259284 0.185268 0.00114727
22 0.28354 0.353795 0.381398 0.111607 0.00114727
22 0.451656 0.58245 0.665774 0.169922 0.00109005
20 0.131106 0.0117885 0.243811 0.0229492 0.00108624
60 1 0.974609 0 0.0507812 0.00108624
0 0.235865 0.0118931 0.0317832 0.0205776 0.00105667
2 0.11145 0.753348 0.137588 0.203125 0.00105286
22 0.744396 0.194754 0.103714 0.0920759 0.00104046
0 0.675811 0.196708 0.234192 0.0948661 0.00102425
22 0.413182 0.41183 0.655738 0.21875 0.941406
22 0.451552 0.74442 0.803153 0.493304 0.907227
22 0.675811 0.196708 0.234192 0.0948661 0.888184
22 0.265243 0.725446 0.446429 0.267857 0.0419312
22 0.260852 0.669643 0.450192 0.158482 0.0370483
22 0.278417 0.761161 0.471939 0.377232 0.0197144
0 0.0602208 0.686384 0.029274 0.046875 0.00609589
22 0.2022 0.814732 0.314905 0.357143 0.00432968
22 0.14637 0.674665 0.209936 0.137277 0.00332451
22 0.302045 0.377232 0.423009 0.158482 0.00318527
60 1 0.906808 0 0.186384 0.00291252
22 0.161007 0.691406 0.24172 0.171875 0.00286674
22 0.60639 0.201451 0.092004 0.0725447 0.00228691
0 0.0572934 0.700335 0.0359652 0.0792411 0.00205803
22 0.394049 0.722098 0.66222 0.412946 0.00192642
22 0.333305 0.401786 0.487621 0.206473 0.00176811
14 0.664102 0.512277 0.0401472 0.015625 0.00163555
22 0.195299 0.71875 0.310304 0.223214 0.00153065
22 0.721813 0.195313 0.327869 0.0926339 0.00148964
60 0.999749 0.862165 0.000501789 0.27567 0.00145531
22 0.0664938 0.75279 0.0514386 0.18192 0.00142097
22 0.112705 0.753348 0.140097 0.203125 0.00137806
22 0.058548 0.712054 0.033456 0.102679 0.00136185
22 0.28354 0.353237 0.381398 0.111607 0.00135612
22 0.44831 0.582031 0.665775 0.168527 0.00115108
22 0.114378 0.823661 0.15097 0.337054 0.00112438
20 0.130897 0.0117885 0.244229 0.0229492 0.0011158
22 0.171253 0.729353 0.258029 0.184152 0.0011158
22 0.745233 0.194754 0.100368 0.0920759 0.00109482
0 0.675811 0.196708 0.234192 0.0948661 0.00106525
60 1 0.966239 0 0.0675223 0.00106525
2 0.112705 0.753348 0.140097 0.203125 0.00105667
0 0.235865 0.0118931 0.0317832 0.0205776 0.00104046
22 0.413182 0.41183 0.655738 0.217634 0.943848
22 0.442456 0.744978 0.80629 0.495536 0.913086
22 0.67602 0.196708 0.233774 0.0948661 0.888672
22 0.265975 0.724888 0.446638 0.264509 0.0483093
22 0.261375 0.669643 0.449983 0.15625 0.0411377
22 0.278103 0.760603 0.470893 0.376116 0.0214539
0 0.0602208 0.686384 0.029274 0.046875 0.00666809
22 0.202618 0.814732 0.315741 0.357143 0.00445175
22 0.147206 0.674107 0.211609 0.136161 0.00370789
22 0.302881 0.378069 0.424682 0.159598 0.00345612
22 0.161425 0.691964 0.242556 0.171875 0.00322342
60 1 0.905692 0 0.188616 0.00288963
22 0.60639 0.20173 0.092004 0.0725446 0.00250244
0 0.0572934 0.700335 0.0359652 0.0792411 0.00216484
22 0.392272 0.723772 0.659083 0.415179 0.0019722
60 1 0.862444 0 0.275112 0.00194931
22 0.333619 0.401786 0.488667 0.206473 0.00189686
14 0.664102 0.512277 0.0401472 0.015625 0.00176811
22 0.194254 0.719866 0.308213 0.225446 0.00163555
22 0.721186 0.195173 0.327451 0.0926339 0.00148964
22 0.283435 0.353237 0.381608 0.111049 0.00142097
22 0.0664938 0.75279 0.0510204 0.18192 0.00141621
22 0.108732 0.753348 0.132151 0.203125 0.00137234
22 0.058548 0.712054 0.033456 0.102679 0.00136662
20 0.130269 0.0117536 0.245483 0.0229492 0.00124454
22 0.446638 0.581473 0.665774 0.166295 0.00119686
22 0.156616 0.657366 0.197809 0.102679 0.0011425
22 0.11375 0.823661 0.148879 0.337054 0.00113773
22 0.744396 0.194754 0.103714 0.0920759 0.00113392
22 0.170417 0.729911 0.256357 0.185268 0.0011158
2 0.108732 0.753348 0.132151 0.203125 0.00108147
0 0.67602 0.196708 0.233774 0.0948661 0.00106525
22 0.593008 0.201451 0.0652392 0.0708705 0.00106049
0 0.235865 0.0118931 0.0317832 0.0205078 0.00104427
60 1 0.955915 0 0.0881696 0.00101185
2 0.0598026 0.719866 0.035547 0.116071 0.00100803
22 0.413182 0.41183 0.655738 0.217634 0.943848
22 0.443188 0.744978 0.806499 0.495536 0.913086
22 0.67602 0.196708 0.233774 0.0948661 0.888672
22 0.265975 0.724888 0.446638 0.264509 0.0486755
22 0.261689 0.669643 0.450192 0.15625 0.0414734
22 0.278103 0.760603 0.470893 0.376116 0.0215302
0 0.0602208 0.686384 0.029274 0.046875 0.00671768
22 0.202618 0.814732 0.315741 0.357143 0.00443268
22 0.146997 0.674107 0.211191 0.136161 0.00374985
22 0.302881 0.37779 0.424682 0.158482 0.00353813
22 0.161425 0.691964 0.242556 0.172991 0.00324821
60 1 0.905692 0 0.188616 0.00287819
22 0.60639 0.20173 0.092004 0.0725446 0.00254059
0 0.0572934 0.700335 0.0359652 0.0792411 0.00218201
22 0.391853 0.724191 0.658247 0.415458 0.00195694
22 0.333724 0.401786 0.488458 0.206473 0.00192642
60 1 0.862165 0 0.27567 0.00183868
14 0.664102 0.512277 0.0401472 0.015625 0.00177479
22 0.194045 0.719866 0.307795 0.225446 0.00165462
22 0.721186 0.195313 0.327451 0.0926339 0.0014782
22 0.28354 0.353237 0.382235 0.110491 0.00146103
22 0.0664938 0.75279 0.0510204 0.18192 0.00143242
22 0.058548 0.712054 0.033456 0.102679 0.00138855
22 0.108523 0.753348 0.131733 0.203125 0.00138855
20 0.130478 0.0117536 0.245065 0.0229492 0.00124454
22 0.446533 0.581473 0.664311 0.166295 0.00117874
22 0.156825 0.657366 0.198227 0.102679 0.00115585
22 0.744396 0.194754 0.102041 0.0920759 0.0011425
22 0.170417 0.729911 0.256357 0.185268 0.00113773
22 0.113332 0.823661 0.148043 0.337054 0.00113773
22 0.593008 0.201451 0.0652392 0.0708705 0.00108624
2 0.108523 0.753348 0.131733 0.203125 0.00107288
0 0.67602 0.196708 0.233774 0.0948661 0.00106525
0 0.235865 0.0118757 0.0317832 0.0205427 0.00102806
22 0.71094 0.190569 0.163934 0.0853795 0.00101662
60 1 0.957589 0 0.0848214 0.00101185
2 0.0598026 0.719308 0.0351288 0.116071 0.00100422
