23 0.765971 0.49508 0.336715 0.691583 0.866211
23 0.185395 0.883585 0.212886 0.184255 0.689453
23 0.634406 0.781407 0.0512877 0.135678 0.0399475
23 0.250864 0.868509 0.0713568 0.0737018 0.0145035
23 0.394692 0.850084 0.0479429 0.0686767 0.0109024
23 0.617682 0.780151 0.0825063 0.138191 0.0102081
23 0.816701 0.36139 0.23191 0.123953 0.0100937
23 0.239993 0.872697 0.0942133 0.0887772 0.0091629
23 0.658935 0.46608 0.492808 0.910385 0.0091629
23 0.464655 0.868509 0.0412531 0.0368509 0.00901794
23 0.814471 0.341918 0.237484 0.0812396 0.0088501
23 0.234836 0.847571 0.109544 0.132328 0.00831604
23 0.587718 0.455611 0.358735 0.892797 0.00818634
23 0.603745 0.693049 0.10815 0.329146 0.00790405
23 0.537685 0.859087 0.0596498 0.0875209 0.00784302
23 0.580889 0.339196 0.323335 0.634841 0.00775528
23 0.391347 0.844221 0.0590923 0.080402 0.00677109
23 0.576986 0.329093 0.259783 0.361914 0.00588989
23 0.54744 0.270519 0.262013 0.522613 0.00518036
23 0.235951 0.886097 0.108986 0.110553 0.0050621
23 0.41504 0.777219 0.0440405 0.187605 0.00452042
23 0.25616 0.851759 0.139926 0.142379 0.00428009
23 0.802764 0.563233 0.269818 0.535176 0.0042305
23 0.193444 0.884422 0.099788 0.100503 0.00402451
23 0.54521 0.474037 0.247519 0.854271 0.00383949
23 0.405563 0.778894 0.0618797 0.190955 0.00369263
23 0.580889 0.78392 0.0367933 0.144054 0.00325966
23 0.603745 0.365578 0.279852 0.436348 0.00302696
23 0.575314 0.782663 0.0267588 0.141541 0.00300407
23 0.800534 0.329983 0.265358 0.110553 0.00281143
23 0.22522 0.88861 0.127104 0.150754 0.00279045
23 0.873006 0.71608 0.125989 0.194305 0.00255013
14 0.505351 0.907035 0.0156093 0.0184255 0.00252151
23 0.201109 0.875209 0.072193 0.0720268 0.00215721
23 0.626044 0.780151 0.0557475 0.143216 0.00211525
23 0.218112 0.876047 0.0850149 0.0904522 0.00209045
23 0.338666 0.846734 0.0512877 0.108878 0.00201988
23 0.761511 0.25246 0.150518 0.219535 0.00199509
23 0.122784 0.929648 0.0928196 0.0770519 0.00194168
23 0.537963 0.845059 0.0557475 0.0619765 0.00191879
14 0.526256 0.887772 0.0568625 0.0502512 0.00173378
23 0.598728 0.546064 0.12153 0.623116 0.0017271
23 0.514549 0.182213 0.205151 0.356679 0.00171375
23 0.808339 0.646985 0.254209 0.369347 0.00169373
14 0.518452 0.877722 0.022299 0.0284757 0.00161648
23 0.566255 0.78392 0.0314973 0.142379 0.00150108
22 0.634406 0.781407 0.0512877 0.135678 0.00149536
23 0.204872 0.867672 0.0596498 0.0569514 0.00148392
23 0.222711 0.808208 0.034006 0.157454 0.00137806
23 0.537685 0.322655 0.242502 0.291876 0.00134087
23 0.411416 0.856784 0.0758166 0.0753768 0.00133514
23 0.796074 0.449749 0.274278 0.298157 0.00126934
23 0.406399 0.849246 0.109265 0.0938023 0.00126457
23 0.572109 0.509213 0.182573 0.721943 0.00126457
23 0.460474 0.871022 0.0345634 0.0435511 0.00123978
23 0.46354 0.873534 0.0418106 0.0519263 0.00123501
23 0.542981 0.267379 0.259783 0.196399 0.0012064
23 0.25393 0.857412 0.0635521 0.0975712 0.00113773
23 0.419221 0.722781 0.0345634 0.082077 0.00112915
23 0.258808 0.845059 0.0905897 0.130653 0.00112438
17 0.186336 0.879397 0.213234 0.190955 0.0011158
23 0.263128 0.881072 0.133236 0.107203 0.00109863
23 0.503957 0.258375 0.180622 0.501675 0.00107288
14 0.17658 0.550251 0.0342847 0.0268007 0.00106525
23 0.622142 0.296482 0.330025 0.548576 0.00106049
23 0.660608 0.33705 0.115955 0.367776 0.00105286
23 0.500334 0.866834 0.115397 0.0753768 0.00104427
23 0.648901 0.776382 0.0312186 0.128978 0.00104046
23 0.629947 0.783082 0.0334485 0.127303 0.00102806
23 0.767085 0.495917 0.338945 0.696608 0.862305
23 0.185639 0.882538 0.21407 0.188023 0.644043
23 0.634406 0.78057 0.0512877 0.135678 0.036499
23 0.39525 0.850921 0.0468279 0.0670017 0.0142822
23 0.251003 0.868509 0.071078 0.0737018 0.0128708
23 0.816143 0.362228 0.23191 0.125628 0.00901794
23 0.464934 0.867672 0.0412531 0.0368509 0.00898743
23 0.239993 0.872697 0.0942133 0.0904522 0.00891876
23 0.814471 0.342337 0.237484 0.0816583 0.00874329
23 0.391347 0.844431 0.0579774 0.0799833 0.00871277
23 0.235254 0.847571 0.109823 0.132328 0.00844574
23 0.622699 0.78057 0.0724717 0.139028 0.00815582
23 0.537963 0.859087 0.0590923 0.0875209 0.00669098
23 0.236927 0.884422 0.107035 0.110553 0.00521851
23 0.576568 0.30067 0.311907 0.558626 0.00492477
23 0.194001 0.884422 0.0975581 0.100503 0.00453949
23 0.256717 0.851759 0.138811 0.142379 0.00419998
23 0.415876 0.777219 0.043483 0.18928 0.00391388
23 0.576986 0.327261 0.243059 0.360553 0.00385475
23 0.603188 0.693049 0.10815 0.329146 0.00374985
23 0.560959 0.280988 0.26062 0.459799 0.00367928
23 0.585906 0.440117 0.355669 0.860134 0.00359344
23 0.405284 0.778894 0.0624372 0.190955 0.00333786
23 0.805551 0.561872 0.264243 0.536223 0.00332451
23 0.6535 0.462312 0.47915 0.902848 0.00317192
14 0.505072 0.907035 0.0156093 0.0184255 0.0028553
23 0.228007 0.886097 0.122644 0.154104 0.0028553
23 0.200691 0.881072 0.0752591 0.0887772 0.00279045
23 0.122017 0.929648 0.0915652 0.0770519 0.00276756
23 0.525141 0.266122 0.22522 0.518007 0.00269318
23 0.607648 0.778894 0.102575 0.137353 0.00252151
23 0.217555 0.876047 0.0822276 0.0871022 0.00251198
23 0.804994 0.328727 0.256438 0.109296 0.00237846
23 0.761511 0.250419 0.149403 0.216918 0.00230598
23 0.338945 0.846734 0.0512877 0.108878 0.00218201
23 0.873006 0.716499 0.127104 0.19598 0.00214005
23 0.624929 0.353434 0.210726 0.41206 0.00208282
23 0.576429 0.782245 0.0289887 0.140704 0.00201988
14 0.526256 0.887772 0.0568625 0.0502512 0.0019722
14 0.518452 0.876885 0.022299 0.0284757 0.00195694
23 0.418385 0.753769 0.0384658 0.145729 0.00183868
23 0.204733 0.867672 0.0588136 0.0569514 0.0018034
23 0.548277 0.476131 0.255881 0.853434 0.00175476
23 0.406957 0.849246 0.10592 0.0921273 0.00174809
23 0.537963 0.844221 0.0557475 0.0586265 0.00171375
23 0.410302 0.856784 0.0735867 0.0737018 0.00168133
23 0.508975 0.184045 0.195116 0.360972 0.00161076
14 0.176301 0.549832 0.0348422 0.0284757 0.00156689
23 0.536291 0.320142 0.239714 0.285176 0.00150108
23 0.463819 0.872697 0.0412531 0.0502513 0.00149536
23 0.424517 0.857412 0.116512 0.090871 0.00145531
23 0.460196 0.871022 0.034006 0.0418761 0.00138283
23 0.808339 0.647822 0.254209 0.369347 0.00137806
23 0.4195 0.718174 0.0345634 0.0720269 0.00134563
23 0.540193 0.266332 0.254209 0.188861 0.00134563
22 0.634406 0.78057 0.0512877 0.135678 0.00122547
23 0.639981 0.778057 0.0379083 0.127303 0.0012064
23 0.263546 0.879397 0.131843 0.105528 0.00117874
47 0.262571 0.466499 0.011707 0.0184255 0.0011692
23 0.258947 0.845896 0.0903109 0.130653 0.00111198
23 0.223547 0.80737 0.0356784 0.157454 0.00105667
23 0.500055 0.867672 0.11484 0.0737018 0.00103188
17 0.186615 0.878559 0.214349 0.194305 0.00100803
23 0.764856 0.497069 0.347864 0.69263 0.855957
23 0.185326 0.882747 0.215812 0.19263 0.616699
23 0.634406 0.780988 0.0512877 0.134841 0.0346069
23 0.39525 0.851759 0.0468279 0.0653266 0.0151901
23 0.250864 0.869347 0.0719142 0.0737019 0.0113754
23 0.391905 0.845059 0.0579774 0.0770519 0.00888062
23 0.464934 0.867672 0.0406957 0.0351759 0.00861359
23 0.238739 0.873534 0.0972794 0.0904522 0.00828552
23 0.235673 0.847571 0.109544 0.132328 0.00818634
23 0.814471 0.342337 0.237484 0.0816583 0.00743103
23 0.816143 0.362228 0.23191 0.126466 0.00703812
23 0.537963 0.859087 0.0590923 0.0875209 0.00609589
23 0.194141 0.884422 0.0972794 0.0988275 0.00496292
23 0.575872 0.283082 0.308841 0.51675 0.00445175
23 0.610992 0.78057 0.0958857 0.140704 0.00413513
23 0.255881 0.851759 0.139926 0.142379 0.00402451
23 0.576568 0.324121 0.23832 0.353434 0.00351143
23 0.121739 0.929648 0.0915653 0.0770519 0.00333786
14 0.505072 0.907035 0.0156093 0.0167504 0.00319672
23 0.200691 0.879397 0.0738654 0.0837521 0.00309944
23 0.22076 0.889447 0.139926 0.147404 0.00301552
23 0.804994 0.560406 0.266473 0.537479 0.00288963
23 0.217694 0.876047 0.0819488 0.0871022 0.00279045
23 0.416434 0.777219 0.0423681 0.18928 0.00264168
23 0.224941 0.879397 0.11484 0.0988275 0.00236893
23 0.405284 0.778894 0.0613222 0.190955 0.00234222
23 0.528486 0.265075 0.233025 0.514238 0.00223351
14 0.518452 0.876047 0.0211841 0.0268007 0.00219154
23 0.762068 0.248377 0.148288 0.214301 0.00218201
23 0.582979 0.379816 0.350373 0.736181 0.00213242
23 0.339781 0.846734 0.0496153 0.108878 0.00211525
23 0.204593 0.867672 0.0585349 0.0569514 0.00203514
14 0.526256 0.887772 0.0568625 0.0502512 0.00200272
23 0.603188 0.693467 0.10815 0.326633 0.00199509
23 0.408072 0.849246 0.10369 0.0904522 0.00193405
23 0.634964 0.344169 0.176162 0.392902 0.00193405
14 0.176301 0.549414 0.0348422 0.0284757 0.00183868
23 0.410302 0.856156 0.0735867 0.0732831 0.0018177
23 0.626044 0.773869 0.0624372 0.140704 0.00177479
23 0.424517 0.857831 0.11484 0.0900335 0.00174809
23 0.534618 0.319305 0.237484 0.282663 0.00173378
23 0.537963 0.843384 0.0557475 0.0569515 0.00167465
23 0.647925 0.44933 0.46577 0.871859 0.00162315
23 0.463819 0.872697 0.0412531 0.0502513 0.00156689
23 0.536848 0.267222 0.248634 0.1875 0.00150681
23 0.873006 0.716918 0.125989 0.19598 0.00150108
47 0.26271 0.466499 0.0119857 0.0184255 0.00146675
23 0.576429 0.781407 0.0312186 0.140704 0.00144958
23 0.459917 0.871022 0.0334485 0.040201 0.00144386
23 0.418664 0.748744 0.0379083 0.134841 0.00141621
23 0.508696 0.182527 0.196789 0.357726 0.00123501
23 0.687924 0.316374 0.0289887 0.0737018 0.00122547
23 0.4195 0.716918 0.034006 0.0686767 0.00117397
23 0.392462 0.845896 0.0836213 0.0854272 0.0011158
22 0.634406 0.780988 0.0512877 0.134841 0.00109482
23 0.262849 0.877722 0.133794 0.107203 0.00108147
23 0.807224 0.64866 0.257553 0.367672 0.00102806
23 0.764856 0.49665 0.348979 0.695142 0.84375
23 0.185082 0.882538 0.215185 0.188023 0.584961
23 0.633291 0.78057 0.0512877 0.134003 0.0302124
23 0.395807 0.851759 0.0457129 0.0636516 0.0145035
23 0.251142 0.868509 0.0713568 0.0753769 0.0122375
23 0.239157 0.874372 0.0970006 0.0904522 0.00861359
23 0.392184 0.845687 0.0574199 0.0741206 0.00857544
23 0.464098 0.870184 0.0406957 0.0418761 0.00854492
23 0.235812 0.847362 0.108708 0.131072 0.00784302
23 0.464377 0.865159 0.0379083 0.0301508 0.00631332
23 0.194698 0.884422 0.0956069 0.0971524 0.00572968
23 0.813913 0.342127 0.236369 0.0812395 0.00492477
23 0.816143 0.362647 0.23191 0.127303 0.00466537
23 0.537685 0.859297 0.0596498 0.0871022 0.00462723
23 0.575314 0.278894 0.307726 0.494975 0.00438309
23 0.121111 0.929648 0.0908684 0.0770519 0.00432968
23 0.575314 0.320823 0.238599 0.346629 0.00390053
23 0.20097 0.87856 0.0724717 0.082077 0.00382423
23 0.223826 0.891122 0.131564 0.137353 0.00374985
23 0.255881 0.851759 0.138254 0.142379 0.00353813
23 0.217415 0.874372 0.0813913 0.0837521 0.00351143
14 0.505072 0.907035 0.0150518 0.0167504 0.00327301
23 0.612107 0.780151 0.0936558 0.139866 0.003088
23 0.204315 0.867672 0.0585349 0.0569514 0.00265312
23 0.803321 0.559359 0.269818 0.539573 0.00261116
14 0.518452 0.876047 0.0206265 0.0268007 0.00214005
14 0.176441 0.549414 0.0345634 0.0284757 0.00208282
23 0.232467 0.874162 0.118185 0.121022 0.00201988
23 0.339781 0.847362 0.0490578 0.107621 0.00199509
23 0.631062 0.339824 0.177277 0.384841 0.00198746
23 0.532946 0.31763 0.235254 0.275963 0.00197983
23 0.408629 0.849037 0.10146 0.0875209 0.00195694
23 0.532389 0.262772 0.243059 0.507956 0.00192642
23 0.423681 0.856784 0.111495 0.0871022 0.00187492
23 0.762626 0.244923 0.147173 0.20781 0.00183868
47 0.26271 0.466499 0.0119857 0.0201005 0.00178909
23 0.416155 0.777219 0.0434831 0.18928 0.00178242
23 0.409744 0.855946 0.0724718 0.0720268 0.00172043
23 0.534061 0.268007 0.240829 0.181323 0.00170708
23 0.405006 0.778894 0.0618797 0.190955 0.00170708
14 0.526256 0.887772 0.0568625 0.0502512 0.00168133
9 0.752591 0.0220373 0.0735867 0.0440745 0.00147247
23 0.537685 0.842337 0.05519 0.0540201 0.00146103
23 0.687924 0.309883 0.0301036 0.061139 0.00140476
23 0.603188 0.69263 0.10815 0.324958 0.0012598
23 0.392462 0.845687 0.0813913 0.0841708 0.00116539
23 0.418664 0.742881 0.0367933 0.123953 0.00114727
23 0.4195 0.715662 0.0334485 0.0670017 0.00113392
23 0.262153 0.879397 0.132958 0.100502 0.00113392
23 0.642769 0.423367 0.45267 0.811558 0.00113392
49 0.26271 0.466499 0.0119857 0.0201005 0.00107288
23 0.672315 0.329617 0.149403 0.359192 0.00105667
23 0.623814 0.781407 0.0524026 0.139028 0.00102806
23 0.576986 0.780988 0.0356784 0.139866 0.00102043
23 0.765413 0.49665 0.348979 0.698493 0.836426
23 0.184803 0.884422 0.217415 0.19263 0.558105
23 0.633849 0.78057 0.0501727 0.134003 0.0284424
23 0.395807 0.851131 0.0457129 0.0632329 0.014061
23 0.251421 0.868509 0.0707993 0.0753769 0.0111618
23 0.463819 0.869347 0.0401382 0.040201 0.00926971
23 0.239435 0.874372 0.0970006 0.0904522 0.00784302
23 0.23623 0.847362 0.108986 0.131072 0.00695801
23 0.463819 0.864322 0.0367934 0.0301507 0.00575256
23 0.194837 0.884422 0.0953282 0.0971524 0.00575256
23 0.120902 0.929648 0.0910078 0.0770519 0.00453949
23 0.200691 0.876047 0.0713568 0.0770519 0.00397491
23 0.537685 0.859297 0.0596498 0.0871022 0.00390053
23 0.563607 0.307161 0.259783 0.397404 0.00388527
23 0.816143 0.363065 0.23191 0.128141 0.00383949
23 0.813913 0.341709 0.237484 0.080402 0.00376511
23 0.216997 0.874372 0.0799976 0.0837521 0.00359344
14 0.504794 0.907035 0.0144943 0.0167504 0.00341606
23 0.22522 0.890285 0.129892 0.135678 0.00340271
23 0.558032 0.267588 0.295462 0.51005 0.0030632
23 0.204175 0.866834 0.0576987 0.0552764 0.00288963
23 0.255602 0.851759 0.137696 0.140704 0.00284576
23 0.803879 0.558208 0.267588 0.540201 0.00277901
9 0.752591 0.020781 0.0735867 0.041562 0.00242424
14 0.176441 0.549414 0.0345634 0.0276382 0.00221634
23 0.336157 0.847571 0.0468279 0.105528 0.00214005
14 0.517894 0.876047 0.0189542 0.0268007 0.00209045
23 0.614337 0.780151 0.089196 0.139866 0.0020752
23 0.531274 0.317002 0.233025 0.272194 0.00206757
23 0.423402 0.855946 0.110937 0.0871022 0.00204277
23 0.408072 0.848409 0.0992306 0.0871022 0.00201988
23 0.405284 0.778057 0.0613222 0.190955 0.0019722
23 0.415319 0.778476 0.043483 0.191792 0.00184631
47 0.262571 0.466499 0.0122644 0.0201005 0.00183105
23 0.687924 0.309883 0.0301036 0.061139 0.00178242
23 0.531552 0.268844 0.238042 0.175879 0.0017271
23 0.409744 0.855946 0.0724718 0.0703518 0.00169373
23 0.763741 0.240997 0.144943 0.198911 0.00166798
23 0.233164 0.872697 0.117906 0.117253 0.0016613
23 0.393577 0.842546 0.0613222 0.0753769 0.00163555
23 0.637194 0.339196 0.166128 0.383585 0.00156116
23 0.626044 0.773451 0.0624372 0.134841 0.00154877
14 0.525978 0.887772 0.056305 0.0502512 0.00144386
23 0.420057 0.713568 0.034006 0.0603015 0.00126457
23 0.537406 0.84108 0.0546325 0.0531825 0.00124931
9 0.757051 0.0282402 0.0958857 0.0564803 0.00122547
23 0.391905 0.845059 0.0791614 0.0837521 0.00117874
23 0.418664 0.740368 0.0356784 0.118928 0.0011158
49 0.262571 0.466499 0.0122644 0.0201005 0.00100803
23 0.765971 0.495708 0.347864 0.698702 0.837402
23 0.183827 0.887982 0.216022 0.187186 0.554688
23 0.633849 0.780151 0.0490578 0.133166 0.0247955
23 0.395807 0.851759 0.0451555 0.0619765 0.0131683
23 0.252118 0.867672 0.0688481 0.0753768 0.0122375
23 0.463819 0.869347 0.0395807 0.040201 0.0102921
23 0.392462 0.846734 0.0568624 0.0703518 0.00908661
23 0.241805 0.873534 0.0928196 0.0887772 0.00806427
23 0.194837 0.884422 0.0925408 0.0954774 0.00636292
23 0.235812 0.848409 0.107593 0.128978 0.00609589
23 0.463819 0.864322 0.0367934 0.0284757 0.00542831
23 0.120484 0.928811 0.0901716 0.0753768 0.00469971
23 0.20097 0.874372 0.0696844 0.0703518 0.00460815
23 0.214628 0.873534 0.0747016 0.080402 0.00399017
23 0.56737 0.316164 0.243338 0.350921 0.00388527
23 0.226892 0.879397 0.112052 0.0971524 0.00376511
14 0.504794 0.907035 0.0144943 0.0167504 0.00367928
23 0.815586 0.340034 0.238599 0.082077 0.00367928
23 0.204036 0.867672 0.0574199 0.0536013 0.00332451
23 0.537685 0.859297 0.0596498 0.0871022 0.00329781
23 0.207381 0.881072 0.0691269 0.0904522 0.00325966
23 0.803321 0.55737 0.269818 0.540201 0.00324821
23 0.226195 0.890285 0.125711 0.130653 0.00304031
23 0.574339 0.303968 0.296298 0.42724 0.00290108
9 0.751476 0.0197603 0.0713568 0.0395205 0.00283432
14 0.176441 0.549414 0.0345634 0.0276382 0.00246239
23 0.254069 0.854271 0.13017 0.134003 0.00242424
23 0.816143 0.363065 0.23191 0.127303 0.00229645
14 0.517894 0.876047 0.0189542 0.0251256 0.00228691
23 0.422287 0.855109 0.10815 0.0854272 0.00225258
23 0.687924 0.309464 0.0301036 0.0611391 0.00214958
23 0.40835 0.848409 0.0958857 0.0837521 0.00213242
23 0.336157 0.847571 0.0457129 0.103853 0.00200272
23 0.529601 0.317839 0.233025 0.264657 0.00184631
23 0.410023 0.855109 0.0730292 0.0703518 0.0017271
23 0.420336 0.713568 0.0334485 0.0603015 0.00161648
23 0.529601 0.272194 0.235254 0.169179 0.0015974
47 0.262849 0.466499 0.0122644 0.0201005 0.00148964
9 0.755936 0.0280308 0.0936558 0.0560616 0.00143814
14 0.526256 0.887772 0.0557475 0.0502512 0.00140476
23 0.642769 0.33883 0.148288 0.381805 0.00132465
23 0.391905 0.845059 0.0758166 0.082077 0.00130463
23 0.415319 0.778057 0.043483 0.190955 0.00126934
23 0.404727 0.778476 0.0618797 0.190117 0.0012598
23 0.541308 0.26361 0.260898 0.499581 0.00122547
23 0.537406 0.840662 0.0535176 0.05067 0.00114727
23 0.764856 0.236233 0.141599 0.185825 0.0011158
23 0.418942 0.737018 0.0351209 0.110553 0.0011034
23 0.634406 0.762982 0.044598 0.0988275 0.00109482
23 0.682349 0.333124 0.167242 0.36474 0.00104046
23 0.7682 0.491729 0.338945 0.691583 0.842773
23 0.183688 0.891122 0.2163 0.179229 0.548828
23 0.633291 0.779732 0.0490578 0.132328 0.0194244
23 0.252257 0.867672 0.0691269 0.0753768 0.0105286
23 0.395807 0.850712 0.0451555 0.0607203 0.00919342
23 0.463819 0.869347 0.0390233 0.038526 0.00784302
23 0.241665 0.873534 0.0936558 0.0887772 0.00698471
23 0.392741 0.847781 0.0568625 0.069933 0.00674438
23 0.569739 0.313861 0.243059 0.338777 0.00621796
23 0.194559 0.884422 0.0930983 0.0938023 0.00503922
23 0.235812 0.848409 0.107035 0.125628 0.0049057
23 0.463819 0.864322 0.0356784 0.0284757 0.00445175
23 0.565419 0.278057 0.300758 0.472362 0.00391388
23 0.816143 0.340034 0.238599 0.082077 0.00391388
23 0.120902 0.929648 0.0910078 0.0737018 0.00374985
23 0.20083 0.873534 0.0688482 0.0686767 0.00366402
23 0.801649 0.558522 0.272048 0.537898 0.00356483
23 0.226614 0.879397 0.114282 0.0971524 0.00328636
23 0.213792 0.872697 0.0724717 0.0770519 0.00325966
14 0.504515 0.907035 0.0144944 0.0167504 0.00324821
23 0.203896 0.867672 0.0568624 0.0536013 0.00274658
23 0.206544 0.88191 0.068012 0.0904522 0.0026722
9 0.751476 0.0193153 0.0691269 0.0386307 0.0026207
23 0.537685 0.859297 0.0596498 0.0871022 0.00252151
14 0.176441 0.548995 0.0342847 0.0276382 0.00230598
14 0.517615 0.876047 0.0183967 0.0251256 0.0020504
23 0.254069 0.857621 0.130728 0.125628 0.00201988
23 0.529601 0.318677 0.234139 0.260469 0.00200272
23 0.226056 0.891122 0.125432 0.128978 0.00184631
23 0.530159 0.273869 0.235254 0.165829 0.00182438
23 0.687924 0.309464 0.0301036 0.0611391 0.00176144
23 0.257135 0.882957 0.360965 0.193886 0.00168705
23 0.225777 0.870184 0.0825063 0.080402 0.00163555
23 0.816143 0.363065 0.23191 0.126466 0.00162888
23 0.420336 0.713568 0.0334485 0.0603015 0.00159168
23 0.422287 0.855737 0.108708 0.0841709 0.00153065
23 0.407793 0.847571 0.0958857 0.0837521 0.00149536
23 0.628692 0.342598 0.178671 0.388505 0.00143814
23 0.639981 0.778057 0.0379083 0.125628 0.00139427
23 0.3356 0.847571 0.0451555 0.103853 0.00138283
23 0.410859 0.855946 0.0747016 0.0703518 0.00137234
9 0.755936 0.0276382 0.0914259 0.0552764 0.00131512
14 0.526256 0.887772 0.0557475 0.0502512 0.00129414
23 0.685694 0.338306 0.176162 0.373639 0.00127888
23 0.791614 0.393007 0.283197 0.189698 0.0011692
47 0.262849 0.466499 0.0122644 0.0201005 0.0011425
23 0.629389 0.429648 0.411417 0.656616 0.00112438
9 0.764856 0.0327157 0.100345 0.0637563 0.00106049
23 0.66005 0.305905 0.11484 0.307789 0.00104046
23 0.768758 0.491206 0.338945 0.68928 0.842773
23 0.183549 0.89531 0.216579 0.170854 0.565918
23 0.633291 0.779732 0.0479428 0.132328 0.0197144
23 0.463819 0.869347 0.0390233 0.038526 0.0110703
23 0.252536 0.867672 0.0685694 0.0753768 0.0105286
23 0.395807 0.851759 0.0451555 0.0603015 0.00941467
23 0.574199 0.312866 0.23191 0.332391 0.00763702
23 0.39302 0.847571 0.0568624 0.0686767 0.00709534
23 0.243338 0.872697 0.0908684 0.0871022 0.00651169
23 0.229401 0.876885 0.115397 0.0954774 0.00582123
23 0.194559 0.88526 0.0914259 0.0938024 0.00484848
23 0.564304 0.29041 0.300758 0.451005 0.00468063
23 0.463819 0.864322 0.0356784 0.0268007 0.0045929
23 0.235812 0.848409 0.106478 0.123953 0.00452042
23 0.120554 0.929648 0.0905897 0.0737018 0.00405502
23 0.816143 0.340034 0.238599 0.082077 0.00380898
23 0.201248 0.874372 0.0680119 0.0670017 0.0036068
23 0.800534 0.558626 0.274278 0.536013 0.00352478
23 0.213513 0.873534 0.0719143 0.078727 0.0030632
14 0.504515 0.907035 0.0144944 0.0167504 0.00301552
23 0.203896 0.867672 0.0565837 0.0536013 0.00279045
23 0.537685 0.859297 0.0596498 0.0871022 0.00264168
23 0.206266 0.88191 0.0652246 0.0887772 0.00259018
14 0.176441 0.548576 0.0342847 0.0284757 0.00223351
23 0.528486 0.319095 0.235254 0.262982 0.00204277
23 0.261456 0.884213 0.372393 0.191374 0.0019722
23 0.420336 0.713987 0.0334485 0.061139 0.00196457
23 0.254627 0.866834 0.128498 0.107203 0.00190449
23 0.529044 0.275335 0.236369 0.169179 0.00183105
14 0.517337 0.876047 0.0178392 0.0251256 0.00179577
23 0.335321 0.847781 0.044598 0.103434 0.00168133
23 0.421451 0.855946 0.10592 0.082077 0.00164223
9 0.750361 0.0188704 0.0691269 0.0377408 0.00161648
23 0.406399 0.847571 0.0914259 0.0820771 0.00156689
23 0.628692 0.449749 0.40612 0.649079 0.00151253
23 0.640539 0.778057 0.0379083 0.125628 0.00143242
23 0.22522 0.870184 0.0811126 0.078727 0.00139427
23 0.410302 0.856156 0.0735867 0.069933 0.00139427
23 0.217973 0.903685 0.139369 0.149079 0.00138855
23 0.687367 0.340662 0.177277 0.378141 0.00136662
23 0.556917 0.297948 0.21853 0.197236 0.00136185
23 0.631619 0.345268 0.173932 0.393216 0.00135136
23 0.687924 0.309255 0.0301036 0.0603015 0.00134087
23 0.790499 0.397927 0.285427 0.200796 0.00126934
23 0.66005 0.320718 0.11484 0.337626 0.00120163
23 0.624372 0.821608 0.0167243 0.0485762 0.00118351
23 0.537406 0.840871 0.0546325 0.0519263 0.00117874
23 0.816143 0.362856 0.23191 0.125209 0.00117874
23 0.415598 0.777638 0.0440405 0.190117 0.00115585
47 0.262849 0.466499 0.0122644 0.0201005 0.0011425
23 0.404727 0.778057 0.0618797 0.18928 0.00113392
23 0.418942 0.735343 0.0351209 0.107203 0.00112057
23 0.149403 0.909548 0.285427 0.170854 0.00105667
23 0.630504 0.810302 0.0289887 0.0711893 0.00105286
14 0.526256 0.886935 0.0557475 0.0485762 0.00104809
23 0.458244 0.871022 0.0312186 0.040201 0.00104427
23 0.768758 0.490787 0.338945 0.686767 0.84375
23 0.183409 0.894472 0.217415 0.172529 0.604004
23 0.633291 0.779732 0.0490578 0.132328 0.0197144
23 0.463262 0.869347 0.0390233 0.038526 0.0115051
23 0.395807 0.850712 0.0451555 0.0607203 0.0111618
23 0.252536 0.867672 0.0685694 0.0753768 0.0104904
23 0.577405 0.30983 0.221039 0.323388 0.0102463
23 0.244174 0.872697 0.0897534 0.0871022 0.00602722
23 0.564025 0.301089 0.299085 0.433836 0.00568771
23 0.22968 0.876885 0.116512 0.0954774 0.00511932
23 0.815586 0.339615 0.237484 0.0829146 0.0049057
23 0.236091 0.849246 0.10592 0.123953 0.00457382
23 0.194698 0.88526 0.0914259 0.0938024 0.00450516
23 0.46354 0.864322 0.0351209 0.0268007 0.00445175
23 0.798862 0.558626 0.277622 0.536013 0.00415039
23 0.120484 0.929648 0.090729 0.0737018 0.00379562
14 0.504515 0.907035 0.0144944 0.0167504 0.00363541
23 0.201248 0.873534 0.0674545 0.0670017 0.00336266
23 0.537685 0.859297 0.0596498 0.0871022 0.00279999
23 0.213513 0.873534 0.0719143 0.078727 0.00271416
23 0.203896 0.867672 0.0565837 0.0536013 0.00270462
23 0.265637 0.883585 0.382985 0.19263 0.0026722
23 0.415319 0.850921 0.0970007 0.0854272 0.00240517
14 0.176301 0.548576 0.0342847 0.0284757 0.00239754
23 0.206266 0.88191 0.0652246 0.0887772 0.00235939
23 0.526814 0.319095 0.236369 0.262982 0.00218201
23 0.420057 0.713987 0.0334485 0.061139 0.00209999
14 0.517337 0.876047 0.0178392 0.0234505 0.00209045
23 0.335321 0.847781 0.0440405 0.103434 0.00205803
23 0.527093 0.277638 0.235812 0.170017 0.00201035
23 0.394135 0.844431 0.0607647 0.0732831 0.00189686
23 0.255184 0.867672 0.131843 0.103853 0.00186729
23 0.217973 0.902848 0.139369 0.149079 0.00178242
23 0.625487 0.451005 0.396922 0.632328 0.00176811
9 0.750361 0.0188966 0.0691269 0.0377931 0.00172043
23 0.148985 0.907035 0.285706 0.174204 0.00167465
23 0.789942 0.40201 0.286542 0.20938 0.0016489
23 0.409744 0.855109 0.0713568 0.0703518 0.00161648
23 0.624372 0.822027 0.0156093 0.0477387 0.00154305
23 0.554688 0.310092 0.212955 0.214824 0.00148964
23 0.629807 0.344169 0.169751 0.390389 0.00140476
23 0.684022 0.33794 0.171702 0.372697 0.00136662
23 0.537963 0.84108 0.0546325 0.0531825 0.00135612
23 0.641096 0.778057 0.0379083 0.125628 0.00130463
23 0.415319 0.777638 0.043483 0.190117 0.00130463
23 0.816143 0.362228 0.233025 0.123116 0.00126457
23 0.404448 0.778057 0.0624372 0.18928 0.00125504
23 0.626044 0.811558 0.021184 0.0703518 0.00123978
14 0.525699 0.886935 0.0557475 0.0485762 0.00121593
23 0.631062 0.81072 0.0267588 0.0703518 0.00121117
23 0.224941 0.870184 0.0802764 0.078727 0.00120163
23 0.380755 0.890285 0.105363 0.0385259 0.00113392
23 0.687924 0.315536 0.0289887 0.0711893 0.00112438
23 0.66005 0.324539 0.11484 0.345896 0.00109863
23 0.418942 0.734506 0.0345634 0.105528 0.00108147
23 0.400267 0.887772 0.1193 0.040201 0.00106907
23 0.457966 0.871022 0.0306611 0.040201 0.00106049
47 0.262849 0.466499 0.0122644 0.0201005 0.00105286
23 0.7682 0.489531 0.338945 0.68593 0.845703
23 0.183409 0.891332 0.21853 0.180486 0.633301
23 0.633291 0.779732 0.0490578 0.132328 0.0191193
23 0.463262 0.869347 0.0384657 0.040201 0.0113297
23 0.578101 0.308836 0.21853 0.322027 0.0111618
23 0.395807 0.850712 0.0451555 0.0607203 0.0106506
23 0.252536 0.867672 0.0685694 0.0770519 0.00901794
23 0.564025 0.301717 0.301315 0.44263 0.00769424
23 0.815586 0.339824 0.237484 0.0829146 0.0055542
23 0.244731 0.873534 0.0886385 0.0887772 0.00510025
23 0.798304 0.558626 0.280967 0.536013 0.00453949
23 0.463262 0.864322 0.0356784 0.0268007 0.00446701
23 0.268703 0.883585 0.391905 0.197655 0.00402451
23 0.236091 0.849246 0.10592 0.123953 0.00390053
23 0.229958 0.876885 0.118742 0.0971524 0.00388527
23 0.194419 0.88526 0.0930983 0.0938024 0.00380898
14 0.504515 0.907035 0.0144944 0.0167504 0.00324821
23 0.120972 0.928811 0.0919834 0.0753768 0.00324821
23 0.537685 0.859297 0.0596498 0.0871022 0.00294685
23 0.148288 0.902848 0.287657 0.18258 0.00284576
23 0.415319 0.850921 0.0970007 0.0854272 0.00275803
23 0.20083 0.874372 0.0677332 0.0670017 0.00273705
23 0.581446 0.379606 0.34006 0.56407 0.00250244
23 0.526535 0.319724 0.236927 0.26675 0.00239754
23 0.627717 0.469745 0.405842 0.670226 0.00229645
23 0.420336 0.714405 0.0334485 0.0619765 0.00226021
23 0.203757 0.867672 0.056305 0.0536013 0.00224304
23 0.527371 0.280988 0.238599 0.17923 0.00220871
23 0.3356 0.847571 0.043483 0.102178 0.00219917
23 0.214628 0.874372 0.0747016 0.0804021 0.00209045
23 0.394135 0.844431 0.0613222 0.0732831 0.00203514
14 0.176301 0.548576 0.0342847 0.0284757 0.0019722
23 0.206544 0.882747 0.0663395 0.0904522 0.00188923
14 0.517337 0.876047 0.0178392 0.0251256 0.00188923
23 0.788827 0.411642 0.288772 0.228643 0.00171375
23 0.2163 0.902848 0.143271 0.152429 0.0017004
9 0.750361 0.0190536 0.0691269 0.0381072 0.00166798
23 0.410023 0.855946 0.0724717 0.0703518 0.00164223
23 0.624372 0.822027 0.0156093 0.0477387 0.0015974
23 0.688482 0.341499 0.181737 0.380653 0.00156689
23 0.415319 0.777219 0.043483 0.190955 0.00155449
23 0.555802 0.314489 0.21407 0.228643 0.00153065
23 0.256717 0.865997 0.137139 0.108878 0.00150681
23 0.404727 0.777219 0.0624372 0.18928 0.00150108
23 0.537685 0.842337 0.05519 0.0540201 0.00141048
23 0.364867 0.890285 0.149961 0.0385259 0.00141048
23 0.816143 0.361809 0.234139 0.121441 0.00139904
23 0.627717 0.347205 0.187312 0.397718 0.00135612
23 0.320827 0.894472 0.22076 0.0452261 0.00126934
23 0.400546 0.88861 0.1193 0.040201 0.00126934
23 0.625487 0.811558 0.022299 0.0703518 0.00123978
23 0.5165 0.197655 0.213513 0.387353 0.00121593
23 0.641096 0.778057 0.0379083 0.125628 0.0012064
23 0.631062 0.81072 0.0267588 0.0703518 0.00118351
14 0.525699 0.886935 0.0557475 0.0485762 0.0011692
23 0.418664 0.734925 0.0345634 0.106365 0.00115108
23 0.625487 0.773869 0.0602073 0.134003 0.0011425
23 0.458244 0.871022 0.0312186 0.040201 0.00113392
23 0.424238 0.862437 0.10592 0.0808208 0.00108147
23 0.66005 0.333333 0.115955 0.365159 0.00107288
23 0.7682 0.488275 0.34006 0.685092 0.84082
23 0.182016 0.89531 0.2163 0.175879 0.686035
23 0.632734 0.779732 0.0490578 0.132328 0.01297
23 0.463262 0.869347 0.0379083 0.040201 0.0115051
23 0.252676 0.866834 0.0671757 0.0770519 0.0106125
23 0.579216 0.302973 0.21184 0.309464 0.0103302
23 0.395807 0.850921 0.0457129 0.0619765 0.00923157
23 0.56528 0.301089 0.303266 0.454774 0.00831604
23 0.815586 0.340452 0.237484 0.0845896 0.00728989
23 0.794959 0.558626 0.287657 0.537688 0.00516129
23 0.193862 0.884422 0.0928196 0.0954774 0.00382423
23 0.147173 0.903057 0.284312 0.183836 0.00370789
23 0.463262 0.865159 0.0356784 0.0284757 0.00365067
23 0.230237 0.876885 0.11707 0.0971524 0.00338936
23 0.415319 0.850084 0.0970007 0.0837521 0.00338936
23 0.235115 0.852806 0.103969 0.120184 0.003088
23 0.20306 0.873534 0.217694 0.211055 0.00300407
23 0.790499 0.39531 0.287657 0.19598 0.00273705
23 0.200412 0.875209 0.0696844 0.0720268 0.0027256
23 0.121251 0.929648 0.0928196 0.0770519 0.0026722
23 0.580749 0.365159 0.339223 0.554439 0.00253105
14 0.504515 0.907035 0.0144944 0.0167504 0.00226021
23 0.265776 0.886097 0.382706 0.19263 0.00223351
23 0.391347 0.844431 0.0674544 0.0799833 0.00213242
23 0.622699 0.443467 0.396922 0.622278 0.00213242
23 0.203618 0.866834 0.0568624 0.0552764 0.00209045
23 0.214628 0.875209 0.0758166 0.0837521 0.00197983
23 0.528207 0.288735 0.236927 0.185511 0.00192642
23 0.420336 0.713568 0.0323336 0.0603015 0.00181007
23 0.206126 0.882747 0.0652246 0.0904522 0.00181007
23 0.382428 0.889447 0.122644 0.040201 0.00179577
9 0.750919 0.0186872 0.0691269 0.0373744 0.00173378
23 0.527371 0.323702 0.234139 0.262982 0.00167465
23 0.409465 0.855109 0.0719142 0.0703518 0.00162315
23 0.537406 0.859297 0.0602073 0.0871022 0.00161648
23 0.400267 0.887772 0.1193 0.040201 0.00158501
23 0.335042 0.846734 0.0440405 0.103853 0.00155449
23 0.514271 0.196399 0.204593 0.383585 0.0015192
23 0.681234 0.34443 0.167242 0.388191 0.0015192
23 0.247937 0.872697 0.109544 0.0938024 0.00151253
23 0.323057 0.893635 0.222432 0.0452261 0.00143242
14 0.517337 0.876047 0.0178392 0.0251256 0.00136185
23 0.553015 0.318258 0.208496 0.217755 0.00133514
23 0.424796 0.862647 0.107035 0.080402 0.00122547
23 0.624372 0.822446 0.0167243 0.0469012 0.00120163
23 0.496989 0.236809 0.16334 0.451843 0.00118828
23 0.217555 0.902848 0.137975 0.157454 0.00116062
23 0.661165 0.348827 0.118185 0.39866 0.00106525
23 0.342011 0.849037 0.0473854 0.0975712 0.00101185
23 0.767643 0.487856 0.34006 0.68593 0.805664
23 0.182329 0.89196 0.214001 0.18258 0.665527
23 0.252676 0.865997 0.0666183 0.0770519 0.0112457
23 0.463262 0.869347 0.0379083 0.040201 0.0109024
23 0.632177 0.779732 0.0490578 0.132328 0.0091629
23 0.579634 0.300618 0.207659 0.304125 0.0085144
23 0.395807 0.851759 0.0457129 0.0619765 0.008255
23 0.815586 0.340871 0.237484 0.0854272 0.00787354
23 0.565837 0.302136 0.304381 0.456868 0.00656509
23 0.792172 0.559045 0.291002 0.538526 0.00492477
23 0.415319 0.850084 0.0964432 0.0820771 0.00363541
23 0.193723 0.884422 0.0919834 0.0938023 0.00342941
23 0.790499 0.37835 0.287657 0.16206 0.00319672
23 0.230237 0.877722 0.115397 0.0971524 0.00298119
23 0.146616 0.904523 0.284312 0.18258 0.00291252
23 0.234976 0.854271 0.103133 0.117253 0.00265312
23 0.391905 0.845059 0.0646671 0.080402 0.00260162
23 0.247519 0.874372 0.078604 0.0837521 0.00259018
23 0.200273 0.876047 0.0699631 0.0737018 0.00248146
23 0.130728 0.929648 0.10592 0.080402 0.00237846
23 0.203618 0.872697 0.216579 0.214405 0.00208282
23 0.203478 0.866834 0.0568625 0.0552764 0.00189686
23 0.52988 0.296482 0.235812 0.201005 0.00189686
23 0.389954 0.889447 0.104248 0.040201 0.00187492
23 0.213234 0.876047 0.0735867 0.0837521 0.00184631
23 0.624929 0.427031 0.398037 0.586474 0.00176811
14 0.504794 0.907873 0.0144943 0.0167504 0.00168133
23 0.261456 0.887982 0.370163 0.190536 0.0015974
23 0.408072 0.855109 0.0691269 0.0686767 0.00158501
23 0.420336 0.713149 0.032891 0.059464 0.00157928
23 0.513992 0.196608 0.201806 0.383166 0.00152493
9 0.751476 0.0187134 0.0713568 0.0374267 0.0014782
23 0.676775 0.34799 0.160553 0.396147 0.00135612
23 0.552179 0.321189 0.206823 0.21943 0.0012846
23 0.424517 0.861809 0.106478 0.080402 0.0012598
23 0.323057 0.893635 0.221318 0.0452261 0.00123501
23 0.207102 0.884422 0.0618797 0.0871022 0.0012064
23 0.335042 0.846734 0.043483 0.102178 0.0011425
23 0.496153 0.233459 0.160553 0.44598 0.00104046
14 0.517337 0.876047 0.0178392 0.0251256 0.00102425
23 0.537406 0.859297 0.0602073 0.0871022 0.00101185
23 0.767085 0.488379 0.341175 0.688233 0.773438
23 0.182155 0.890913 0.213234 0.184673 0.658203
23 0.252397 0.865997 0.0671757 0.0770519 0.0104523
23 0.815586 0.34108 0.237484 0.0854271 0.00751877
23 0.462983 0.869347 0.0373508 0.040201 0.00701141
23 0.578659 0.297529 0.21184 0.297739 0.00664139
23 0.567649 0.297739 0.307447 0.488275 0.00656509
23 0.395807 0.851759 0.0457129 0.0619765 0.00653839
23 0.632177 0.780151 0.0501728 0.133166 0.00600433
23 0.791057 0.560302 0.293232 0.541039 0.00479126
23 0.789384 0.371859 0.289887 0.149079 0.00342941
23 0.415876 0.850084 0.0970007 0.080402 0.00319672
23 0.587439 0.317054 0.270097 0.339091 0.00291252
23 0.392462 0.846106 0.0635521 0.0799832 0.00264168
23 0.193165 0.883585 0.0925408 0.0954773 0.00261116
23 0.233443 0.877722 0.112331 0.0971524 0.00245285
23 0.146058 0.904523 0.285427 0.184255 0.00234222
23 0.247519 0.874372 0.078604 0.0854272 0.00224304
23 0.131878 0.929648 0.10808 0.080402 0.00209045
23 0.234418 0.854271 0.103133 0.117253 0.00204277
23 0.532667 0.299414 0.236927 0.206868 0.00191879
23 0.631062 0.438023 0.414761 0.621441 0.00189686
23 0.200133 0.876047 0.0702418 0.0770519 0.00186062
23 0.391905 0.889447 0.107035 0.040201 0.00181007
23 0.203478 0.866834 0.0574199 0.0552764 0.00146103
23 0.212398 0.876047 0.0724717 0.0837521 0.00140476
23 0.517337 0.195928 0.206266 0.382014 0.00137806
9 0.753149 0.0188966 0.0747016 0.0377931 0.00137234
23 0.408072 0.855109 0.0691269 0.0686767 0.00136185
23 0.420336 0.71273 0.0323336 0.0586265 0.00130463
23 0.66897 0.357831 0.187312 0.416667 0.00129414
23 0.425353 0.861809 0.109265 0.082077 0.00127888
23 0.458244 0.872697 0.0468279 0.0502513 0.00123501
23 0.261316 0.887772 0.367097 0.190955 0.0011692
14 0.505072 0.907873 0.0144944 0.0167504 0.00116539
23 0.324381 0.892797 0.223129 0.0435511 0.0011158
0 0.224802 0.0619766 0.13686 0.113484 0.00108147
23 0.601515 0.687605 0.104805 0.314908 0.00104046
23 0.767085 0.489531 0.341175 0.690955 0.756348
23 0.182259 0.891122 0.213025 0.184255 0.665527
23 0.252118 0.865997 0.0671757 0.0770519 0.0126266
23 0.810568 0.340452 0.245289 0.100502 0.0077858
23 0.395528 0.851131 0.0457129 0.0632329 0.00731659
23 0.463262 0.870184 0.0379083 0.040201 0.00679779
23 0.568624 0.299414 0.308841 0.505025 0.00638962
23 0.579913 0.300199 0.209332 0.30245 0.00629044
23 0.791614 0.561244 0.292117 0.542504 0.00547028
23 0.632177 0.78057 0.0501728 0.134003 0.00471878
23 0.415319 0.849037 0.0970007 0.0808208 0.00390053
23 0.790499 0.370184 0.286542 0.144891 0.00356483
23 0.193165 0.883585 0.0925408 0.0954773 0.0029583
23 0.392462 0.846106 0.0635521 0.0799832 0.00292397
23 0.233582 0.877722 0.110937 0.0971524 0.00264168
23 0.586464 0.316374 0.268703 0.337102 0.0024929
23 0.147173 0.906198 0.281525 0.180905 0.00242424
23 0.131808 0.929648 0.10822 0.080402 0.00221634
23 0.200133 0.876885 0.0707993 0.0770519 0.0020504
23 0.391347 0.889447 0.105363 0.040201 0.00200272
23 0.234139 0.855109 0.10369 0.117253 0.00196457
23 0.53211 0.304858 0.233582 0.215243 0.00183868
23 0.623396 0.428811 0.403333 0.613065 0.00174141
23 0.202921 0.871859 0.213513 0.21608 0.00161648
23 0.203478 0.866834 0.0574199 0.0552764 0.00156116
23 0.424796 0.860134 0.109265 0.0837521 0.00148964
23 0.408072 0.854481 0.0691269 0.069933 0.0014782
23 0.211701 0.876047 0.0716355 0.0837521 0.00146675
23 0.515664 0.199382 0.202921 0.388505 0.00136662
9 0.753706 0.0191583 0.0758166 0.0383166 0.00134087
23 0.420615 0.71273 0.0323335 0.0586265 0.00126457
23 0.323893 0.892797 0.22076 0.0435511 0.00124454
23 0.66674 0.358878 0.182852 0.418761 0.00113392
23 0.602212 0.688023 0.104527 0.315745 0.00112057
14 0.505072 0.907873 0.0144944 0.0167504 0.00108624
23 0.76597 0.48995 0.341175 0.691792 0.753418
23 0.181981 0.892797 0.211353 0.180904 0.689453
23 0.251839 0.865159 0.0671757 0.078727 0.0161591
23 0.810569 0.340871 0.246404 0.10134 0.00844574
23 0.569182 0.298995 0.311071 0.532663 0.00751877
23 0.576986 0.29732 0.215185 0.296482 0.00605011
23 0.790499 0.561558 0.294347 0.543551 0.00588989
23 0.39525 0.850921 0.0462704 0.0636516 0.00566483
23 0.632177 0.78057 0.0512877 0.134003 0.00395966
23 0.788269 0.367253 0.289887 0.139866 0.00382423
23 0.462983 0.870184 0.0373508 0.040201 0.00380898
23 0.193165 0.882747 0.0908684 0.0954774 0.00379562
23 0.569739 0.316792 0.266473 0.356365 0.00378036
23 0.415319 0.849037 0.0992305 0.0808208 0.00342941
23 0.234418 0.877722 0.107593 0.0971524 0.00309944
23 0.39302 0.845059 0.0646671 0.080402 0.0026722
23 0.200412 0.877722 0.0713568 0.080402 0.00254059
23 0.1324 0.929648 0.109265 0.080402 0.00240517
23 0.39302 0.889447 0.109265 0.040201 0.00224304
23 0.148602 0.907873 0.276995 0.177554 0.00216484
23 0.621166 0.424623 0.405563 0.647404 0.00209999
23 0.531552 0.306114 0.231352 0.213568 0.00186729
23 0.234139 0.857621 0.102018 0.112228 0.00186729
23 0.203478 0.865997 0.0574199 0.0569514 0.00178242
0 0.224523 0.0623953 0.137975 0.113065 0.00170708
23 0.602073 0.687186 0.104805 0.31742 0.00154877
9 0.755378 0.019263 0.0791614 0.038526 0.00152493
23 0.424796 0.860134 0.111495 0.0837521 0.0014782
23 0.506745 0.224665 0.181737 0.440955 0.00137234
29 0.89865 0.320352 0.068012 0.0460636 0.00129414
23 0.204872 0.868509 0.207938 0.222781 0.00126934
23 0.408629 0.854481 0.0702418 0.069933 0.0012598
23 0.325496 0.892797 0.224244 0.0435511 0.00123501
23 0.209332 0.884422 0.0557475 0.0871022 0.00119686
23 0.219366 0.872697 0.0696843 0.0837521 0.0011034
23 0.661165 0.361809 0.185082 0.425461 0.00107765
0 0.245428 0.0625 0.0972794 0.113065 0.00104809
23 0.420615 0.712312 0.0317761 0.057789 0.00104046
9 0.758166 0.0233721 0.0958857 0.0467441 0.00100803
23 0.766528 0.491206 0.341175 0.694305 0.756348
23 0.181981 0.892797 0.210795 0.179229 0.70752
23 0.2517 0.864322 0.0674545 0.0770519 0.0201721
23 0.569879 0.30067 0.311907 0.529313 0.00945282
23 0.810569 0.341499 0.246404 0.100921 0.00945282
23 0.577683 0.30313 0.211562 0.307475 0.00888062
23 0.790499 0.562814 0.294347 0.544389 0.00737381
23 0.39525 0.850712 0.0462704 0.0640704 0.00717545
23 0.392462 0.846106 0.0579774 0.0732831 0.0049057
23 0.193304 0.882747 0.0905897 0.0954774 0.00475693
23 0.41504 0.848409 0.0986731 0.0820771 0.00462723
23 0.632177 0.78057 0.0512877 0.134003 0.00429916
23 0.789384 0.368928 0.289887 0.142379 0.0041008
23 0.463262 0.870184 0.0379083 0.040201 0.00385475
23 0.234418 0.877722 0.106478 0.0971524 0.00351143
23 0.200412 0.87856 0.0713568 0.080402 0.00314713
23 0.393299 0.889447 0.109265 0.040201 0.00281143
23 0.1324 0.929648 0.109265 0.080402 0.0026722
23 0.612107 0.422843 0.383543 0.630025 0.00245285
23 0.531831 0.312395 0.230795 0.227806 0.00232315
23 0.156128 0.90871 0.260271 0.174204 0.00222588
23 0.203478 0.865997 0.0579774 0.0569514 0.00216484
23 0.233861 0.857621 0.102018 0.112228 0.00201035
23 0.602073 0.687605 0.104805 0.318258 0.00191212
23 0.424517 0.859297 0.110937 0.0854272 0.00179577
23 0.505072 0.229062 0.178392 0.449749 0.00176811
9 0.755378 0.0194724 0.0791614 0.0389447 0.0016489
23 0.325565 0.892797 0.224105 0.0435511 0.00161076
23 0.408629 0.854481 0.0702418 0.069933 0.00154305
29 0.89865 0.320352 0.066897 0.0452261 0.00151253
23 0.212921 0.867672 0.193513 0.222781 0.00144386
23 0.209611 0.884422 0.0557475 0.0871022 0.00139427
0 0.224523 0.0624477 0.137975 0.112961 0.00137806
23 0.420894 0.71273 0.0323336 0.0586265 0.00133514
23 0.636636 0.472362 0.416991 0.80067 0.00133038
23 0.218809 0.872697 0.0682907 0.0837521 0.00123024
23 0.743672 0.664154 0.22745 0.353434 0.00116062
9 0.758166 0.0231889 0.0958857 0.0463777 0.00115108
23 0.652246 0.362856 0.183967 0.427554 0.00115108
23 0.250724 0.874372 0.105084 0.0988275 0.0011034
23 0.622142 0.78057 0.0691269 0.137353 0.00100803
23 0.766528 0.491625 0.34006 0.695142 0.764648
23 0.182016 0.892797 0.210168 0.177554 0.720215
23 0.251979 0.865159 0.0663395 0.0770519 0.0259552
23 0.577544 0.309045 0.209611 0.319933 0.0136871
23 0.569739 0.303601 0.311071 0.51005 0.0109863
23 0.810568 0.342127 0.245289 0.100503 0.0106964
23 0.39525 0.850712 0.0457129 0.0640704 0.0105667
23 0.790499 0.562814 0.294347 0.544389 0.00898743
23 0.414204 0.848409 0.0970006 0.0820771 0.00728989
23 0.194001 0.882747 0.0903109 0.0971524 0.00609589
23 0.463262 0.870184 0.0379083 0.040201 0.00588989
23 0.632177 0.78057 0.0501728 0.134003 0.00496292
23 0.392741 0.845059 0.0652246 0.080402 0.00436401
23 0.789384 0.372278 0.287657 0.149079 0.00424957
23 0.235115 0.876885 0.102854 0.0971524 0.00402451
23 0.200691 0.879397 0.0716355 0.0837521 0.00392914
23 0.389675 0.889447 0.10146 0.040201 0.00342941
23 0.120136 0.929648 0.0894747 0.0770519 0.00311089
23 0.530716 0.318677 0.22745 0.240369 0.00268364
23 0.601097 0.416248 0.354275 0.587102 0.00263214
23 0.203478 0.865997 0.0579774 0.0569514 0.00258064
23 0.51009 0.216499 0.190656 0.422111 0.00239754
23 0.424238 0.858459 0.109265 0.0854272 0.00226974
23 0.602073 0.686767 0.104805 0.318258 0.00224304
23 0.408072 0.854481 0.0691269 0.069933 0.00219154
23 0.233721 0.857621 0.102297 0.113903 0.00214958
9 0.754821 0.01942 0.0780465 0.03884 0.00191212
23 0.222154 0.867672 0.17449 0.221106 0.00186062
23 0.420615 0.71273 0.0323335 0.0586265 0.00176144
23 0.322708 0.892797 0.217555 0.0435511 0.00169373
23 0.210865 0.884422 0.0546325 0.0871022 0.00154305
23 0.221039 0.902848 0.128219 0.157454 0.0015192
23 0.251979 0.874372 0.10146 0.0971524 0.00142097
29 0.89865 0.320352 0.068012 0.0456449 0.00135612
9 0.758166 0.0229271 0.0958857 0.0458543 0.00134087
23 0.335042 0.845896 0.043483 0.102178 0.00133514
23 0.218251 0.872697 0.066897 0.0837521 0.00133038
23 0.630922 0.473095 0.399431 0.772404 0.00132465
23 0.488905 0.177554 0.150518 0.344221 0.00122547
23 0.617682 0.779732 0.0802764 0.140704 0.00121593
23 0.431207 0.872697 0.10369 0.0536013 0.00120163
23 0.743672 0.662898 0.22745 0.355946 0.00119686
0 0.224662 0.0624477 0.137696 0.112751 0.00119209
23 0.407514 0.874372 0.115955 0.0603015 0.00118351
9 0.758166 0.0275204 0.113725 0.0540463 0.0011425
23 0.652803 0.358668 0.166127 0.418342 0.00112438
14 0.505072 0.907873 0.0156093 0.0167504 0.00109005
23 0.377411 0.844221 0.0914259 0.0887773 0.00106525
23 0.791614 0.641541 0.287657 0.38861 0.00102425
23 0.76597 0.492358 0.338945 0.695352 0.78418
23 0.18205 0.894263 0.210098 0.174623 0.737305
23 0.2517 0.865997 0.066897 0.0770519 0.0304413
23 0.57629 0.31072 0.209889 0.323283 0.0171814
23 0.39525 0.850921 0.0457129 0.0636516 0.012291
23 0.569739 0.306114 0.309956 0.4933 0.012146
23 0.810569 0.342337 0.246404 0.100084 0.0118713
23 0.790499 0.562709 0.294347 0.542923 0.0100555
23 0.414204 0.848409 0.0970006 0.0820771 0.00945282
23 0.392462 0.846734 0.0579774 0.0720268 0.00821686
23 0.194419 0.882747 0.0894747 0.0971524 0.00731659
23 0.463262 0.869347 0.0379083 0.040201 0.00706482
23 0.632177 0.78057 0.0501728 0.134003 0.00557709
23 0.20097 0.879397 0.0713568 0.0837521 0.00468063
23 0.130484 0.930486 0.103621 0.0770519 0.00453949
23 0.235115 0.876885 0.101182 0.0971524 0.00448608
23 0.789942 0.371231 0.287657 0.146147 0.00438309
23 0.386888 0.889447 0.0953282 0.040201 0.00411606
23 0.50786 0.223827 0.185082 0.436767 0.00305176
23 0.203478 0.865997 0.0579774 0.0569514 0.00298119
23 0.530159 0.321608 0.226335 0.248744 0.0028553
23 0.592596 0.407035 0.33337 0.554439 0.00275803
23 0.42396 0.858459 0.108708 0.0854272 0.0026722
23 0.602073 0.68593 0.104805 0.318258 0.0026207
23 0.408072 0.854271 0.0691269 0.0686767 0.00261116
23 0.233582 0.857621 0.102018 0.113903 0.00231361
9 0.754821 0.0193153 0.0780465 0.0386307 0.00208282
23 0.420894 0.71273 0.0323336 0.0586265 0.00206757
23 0.228843 0.866834 0.16111 0.21943 0.00206757
23 0.536848 0.349665 0.176162 0.270519 0.00197983
23 0.321036 0.892797 0.213095 0.0435511 0.00188923
23 0.251003 0.874372 0.0956069 0.0971524 0.00183105
23 0.335042 0.845059 0.043483 0.102178 0.00176811
23 0.222711 0.90201 0.124874 0.155779 0.00172043
23 0.211283 0.884422 0.0546325 0.0871022 0.00168705
23 0.489184 0.17902 0.151076 0.347152 0.00152493
9 0.758166 0.0227701 0.0958857 0.0455402 0.00147247
23 0.617682 0.779732 0.0780465 0.140704 0.00143242
23 0.408629 0.871022 0.113725 0.0670016 0.00137806
23 0.217555 0.872697 0.0649458 0.0837521 0.00134087
23 0.43929 0.872697 0.0869661 0.0536013 0.00133514
29 0.89865 0.320561 0.0691269 0.0460637 0.00132465
23 0.743672 0.662898 0.22745 0.354271 0.00129414
0 0.224523 0.0623953 0.137975 0.112647 0.0012598
9 0.757051 0.0274288 0.115955 0.0538107 0.00122547
23 0.336994 0.848409 0.0602073 0.107203 0.0012207
14 0.505072 0.907873 0.0156093 0.0167504 0.0012064
23 0.624929 0.472362 0.384658 0.747069 0.00117874
23 0.326611 0.901173 0.224244 0.0619766 0.00116062
23 0.38187 0.842755 0.0791614 0.0833333 0.00115108
23 0.791614 0.644054 0.287657 0.383585 0.00115108
23 0.512041 0.319462 0.0930983 0.293237 0.00113392
23 0.630922 0.354324 0.160831 0.412793 0.00112057
23 0.511204 0.322027 0.0958857 0.19933 0.00110722
23 0.11491 0.931323 0.0765134 0.0770519 0.00107765
23 0.57406 0.260678 0.183131 0.475293 0.00107288
23 0.566255 0.78057 0.0359571 0.139028 0.00106907
23 0.235254 0.874372 0.0741442 0.0871022 0.00106049
23 0.510926 0.276382 0.0919834 0.11474 0.00101662
23 0.667855 0.536956 0.191771 0.641332 0.00100803
23 0.76597 0.492462 0.338945 0.696817 0.800781
23 0.18205 0.894472 0.209541 0.170854 0.757812
23 0.251421 0.865997 0.066897 0.0737018 0.0333252
23 0.574757 0.311558 0.21407 0.325796 0.0189056
23 0.810568 0.342127 0.245289 0.0988275 0.0139008
23 0.39525 0.850921 0.0457129 0.0636516 0.0133743
23 0.569879 0.307789 0.309677 0.478224 0.0121918
23 0.788827 0.562709 0.295462 0.542923 0.0115509
23 0.414204 0.849037 0.0964432 0.0808208 0.0108566
23 0.194837 0.881072 0.0886385 0.0971524 0.00888062
23 0.46354 0.869347 0.0384658 0.040201 0.00793457
23 0.130972 0.930486 0.104318 0.0770519 0.00766754
23 0.39302 0.845059 0.065782 0.080402 0.00595856
23 0.632177 0.78057 0.0501728 0.134003 0.00582123
23 0.201109 0.879397 0.071078 0.0837521 0.00561905
23 0.790499 0.370394 0.287657 0.144472 0.0049057
23 0.235673 0.876885 0.0989518 0.0971524 0.00481033
23 0.382428 0.889447 0.0858511 0.040201 0.00481033
23 0.526814 0.268425 0.22076 0.505863 0.00395966
23 0.50563 0.226759 0.180622 0.44263 0.00359344
23 0.203618 0.865997 0.0579774 0.0569514 0.00345612
23 0.423681 0.857621 0.10815 0.0854272 0.0029583
23 0.408072 0.854271 0.0691269 0.0686767 0.00293541
23 0.399152 0.887772 0.115955 0.040201 0.00279045
23 0.529601 0.323074 0.224105 0.252513 0.00274658
23 0.588693 0.395729 0.323335 0.525126 0.00269318
23 0.233582 0.858459 0.102018 0.112228 0.00246239
23 0.602073 0.683836 0.104805 0.31742 0.002388
9 0.753706 0.0191583 0.0758166 0.0383166 0.00225258
23 0.516222 0.351549 0.134909 0.269263 0.00214005
23 0.231631 0.865997 0.149403 0.217755 0.00213242
23 0.420894 0.71273 0.0323336 0.0586265 0.00204277
23 0.212119 0.883585 0.0535176 0.0871022 0.00191879
23 0.335042 0.845687 0.043483 0.100921 0.00183868
23 0.489463 0.179858 0.150518 0.349246 0.00179577
23 0.318039 0.892797 0.205151 0.0435511 0.00172043
23 0.223966 0.901173 0.121808 0.154104 0.0016489
9 0.758166 0.0224037 0.0958857 0.0448074 0.0015974
23 0.617682 0.779732 0.0802764 0.140704 0.00154305
29 0.89865 0.320352 0.0691269 0.0460636 0.0015192
23 0.410859 0.867672 0.109265 0.0703518 0.00145531
23 0.337272 0.848409 0.0590923 0.107203 0.00141048
23 0.217136 0.872697 0.0635521 0.082077 0.00139904
23 0.457687 0.871859 0.0512877 0.0519263 0.00137234
23 0.114979 0.931323 0.0766528 0.0770519 0.00131512
23 0.51009 0.326633 0.0981156 0.20938 0.00130463
23 0.572109 0.262144 0.191493 0.463987 0.00129986
23 0.240829 0.844431 0.0919833 0.143635 0.00129414
9 0.755936 0.0272718 0.118185 0.0534967 0.00128937
23 0.743672 0.661642 0.22745 0.356784 0.0012846
23 0.510647 0.318049 0.0958857 0.294389 0.00127888
14 0.505351 0.907873 0.0156093 0.0167504 0.00123024
0 0.224384 0.0623953 0.138254 0.112437 0.00122547
23 0.791614 0.644891 0.288772 0.38191 0.0012064
23 0.378525 0.844221 0.089196 0.0904523 0.0011692
23 0.566395 0.78057 0.0367933 0.139028 0.0011425
23 0.51009 0.275963 0.0936558 0.115578 0.00112915
23 0.634406 0.353224 0.151633 0.410804 0.00112915
23 0.538521 0.317787 0.129334 0.354376 0.00112438
23 0.235394 0.874372 0.0710781 0.0871022 0.00111198
23 0.370721 0.889447 0.0568624 0.0335009 0.00109863
23 0.325008 0.901173 0.22076 0.0619766 0.00108147
23 0.765971 0.487018 0.350094 0.704355 0.81543
23 0.182016 0.89531 0.209053 0.169179 0.766113
23 0.251421 0.865997 0.066897 0.0737018 0.0370483
23 0.574199 0.311767 0.21407 0.326214 0.0183411
23 0.810568 0.342127 0.245289 0.0979899 0.0150757
23 0.395528 0.850921 0.0457129 0.0636516 0.0142822
23 0.788269 0.562709 0.296577 0.542923 0.0124817
23 0.414204 0.849037 0.0958857 0.0808208 0.0120544
23 0.569182 0.308627 0.308841 0.476549 0.0118256
23 0.131251 0.927973 0.10599 0.0804021 0.0112
23 0.195395 0.881072 0.0875236 0.0971524 0.0102463
23 0.46354 0.869347 0.0384658 0.040201 0.0086441
23 0.39302 0.845059 0.065782 0.080402 0.0064888
23 0.632177 0.78057 0.0501728 0.134003 0.00616837
23 0.201527 0.872697 0.0691269 0.0653266 0.005867
23 0.380198 0.889447 0.0813913 0.040201 0.00540543
23 0.789942 0.370184 0.287657 0.144054 0.00519943
23 0.229401 0.877722 0.104248 0.0938024 0.00518036
23 0.203618 0.865997 0.0579774 0.0569514 0.00395966
23 0.520124 0.267169 0.207381 0.504188 0.00379562
23 0.499776 0.231156 0.16557 0.453936 0.00370789
23 0.210586 0.876884 0.0691269 0.0871022 0.00355148
23 0.246683 0.872697 0.0763741 0.0938024 0.00353813
23 0.408072 0.854271 0.0691269 0.0686767 0.00321007
23 0.423681 0.857621 0.107035 0.0854272 0.00318527
23 0.399152 0.887772 0.115955 0.038526 0.00288963
23 0.528486 0.323283 0.221875 0.252094 0.00268364
23 0.233443 0.859087 0.101739 0.110972 0.00268364
23 0.584791 0.389447 0.316646 0.512563 0.00242424
9 0.753706 0.0190798 0.0758166 0.0381595 0.00237846
23 0.602073 0.681742 0.104805 0.318258 0.00229645
23 0.509253 0.350921 0.119857 0.264657 0.00222588
23 0.334764 0.845687 0.0429255 0.100921 0.00220871
23 0.420615 0.71273 0.032891 0.0586265 0.00216484
23 0.212677 0.883585 0.0524026 0.0871022 0.00214958
23 0.234976 0.864112 0.141599 0.218174 0.00191879
29 0.89865 0.320352 0.0691269 0.0460636 0.00179577
23 0.489463 0.180329 0.149403 0.350398 0.00178909
23 0.336715 0.848409 0.0590924 0.107203 0.00176144
9 0.758166 0.022142 0.0958857 0.0442839 0.00173378
23 0.616567 0.779732 0.0813913 0.140704 0.00168705
23 0.224523 0.899497 0.120693 0.150754 0.00168133
23 0.119996 0.927973 0.0883598 0.0686767 0.00166798
23 0.317203 0.892797 0.203478 0.0435511 0.0016613
0 0.224384 0.0624477 0.138254 0.112332 0.00160408
23 0.411974 0.865997 0.106478 0.0737018 0.00156116
9 0.755936 0.0272194 0.118185 0.053392 0.00154305
23 0.237484 0.892797 0.0936558 0.134003 0.00151253
23 0.241247 0.842755 0.0905897 0.146985 0.00138855
23 0.509532 0.322236 0.0992305 0.200586 0.00134563
23 0.51009 0.313233 0.0981156 0.28727 0.00130463
23 0.743672 0.661642 0.22745 0.356784 0.0012846
23 0.791614 0.645729 0.289887 0.380235 0.00127411
14 0.505072 0.907873 0.0156093 0.0167504 0.00125504
23 0.566395 0.780151 0.0367933 0.138191 0.00124931
23 0.571412 0.263191 0.196231 0.458543 0.00124454
0 0.182016 0.0577889 0.0473854 0.105528 0.0012207
23 0.370721 0.889447 0.0568624 0.0335009 0.00121593
23 0.379083 0.844221 0.089196 0.0904523 0.0012064
0 0.245289 0.0629711 0.0970006 0.111495 0.00119686
23 0.235673 0.874372 0.0688482 0.0871022 0.00117874
23 0.529044 0.31742 0.10815 0.350084 0.00116062
23 0.509811 0.275126 0.0942133 0.115578 0.00115108
23 0.32445 0.90201 0.219645 0.0619765 0.00115108
23 0.641096 0.352806 0.136024 0.409966 0.0011425
23 0.201283 0.891332 0.1655 0.143635 0.00112915
23 0.27372 0.866834 0.11707 0.100503 0.00108147
23 0.765413 0.492567 0.33783 0.696608 0.81543
23 0.182016 0.89531 0.209053 0.169179 0.766113
23 0.251561 0.865997 0.0666183 0.0737018 0.037323
23 0.574757 0.311348 0.21407 0.325377 0.0175781
23 0.810568 0.342127 0.245289 0.0979899 0.0152512
23 0.39525 0.850921 0.0457129 0.0636516 0.014061
23 0.131251 0.927973 0.10599 0.0804021 0.0126724
23 0.788269 0.562709 0.296577 0.542923 0.0124283
23 0.414204 0.849037 0.0958857 0.0808208 0.0121918
23 0.569879 0.308208 0.309677 0.479062 0.0114212
23 0.195395 0.881072 0.0869661 0.0971524 0.0104065
23 0.463819 0.869347 0.0390233 0.040201 0.00874329
23 0.39302 0.845059 0.065782 0.080402 0.00651169
23 0.632177 0.78057 0.0501728 0.134003 0.00616837
23 0.201527 0.872697 0.0691269 0.0653266 0.00595856
23 0.379083 0.889447 0.0786039 0.0368509 0.00551224
23 0.229401 0.877722 0.104248 0.0938024 0.00526047
23 0.789942 0.369766 0.287657 0.143216 0.00519943
23 0.203757 0.865997 0.0579774 0.0569514 0.00400543
23 0.520682 0.267588 0.208496 0.504188 0.00366402
23 0.210447 0.876884 0.0691269 0.0871022 0.0036068
23 0.499776 0.230318 0.16557 0.452261 0.00359344
23 0.246822 0.872697 0.0760953 0.0938024 0.00358009
23 0.408072 0.854271 0.0691269 0.0686767 0.00318527
23 0.423681 0.857412 0.107035 0.0841708 0.00317192
23 0.398873 0.887772 0.115397 0.038526 0.00288963
23 0.233443 0.859297 0.101739 0.110553 0.00269318
23 0.528486 0.322864 0.221875 0.250419 0.0026207
9 0.753706 0.0190536 0.0758166 0.0381072 0.0024147
23 0.585209 0.389028 0.316924 0.512563 0.00234985
23 0.602073 0.681742 0.104805 0.318258 0.00227928
23 0.420615 0.71273 0.032891 0.0586265 0.00221634
23 0.334764 0.845687 0.0429255 0.100921 0.00219154
23 0.212677 0.883585 0.0518452 0.0871022 0.00217438
23 0.509532 0.350084 0.120415 0.262144 0.00215721
23 0.235115 0.864322 0.140762 0.217755 0.00192642
23 0.336715 0.848409 0.0602073 0.107203 0.00176811
9 0.758166 0.0220896 0.0958857 0.0441792 0.00174809
29 0.89865 0.320352 0.0691269 0.0460636 0.00174809
23 0.489463 0.179701 0.149403 0.349142 0.00171375
23 0.119857 0.927973 0.088081 0.0686767 0.0017004
23 0.616567 0.779732 0.0813913 0.140704 0.00168705
23 0.224662 0.899497 0.120415 0.150754 0.00168133
0 0.224384 0.0624477 0.138254 0.112332 0.00167465
23 0.316367 0.892797 0.201248 0.0435511 0.00167465
23 0.411974 0.865159 0.10592 0.0753768 0.00158501
9 0.755936 0.0271671 0.118185 0.053392 0.00156116
23 0.237763 0.892797 0.0930983 0.134003 0.00154305
23 0.241108 0.842546 0.0908684 0.145729 0.00138855
23 0.509532 0.318677 0.0992305 0.193467 0.00129986
0 0.182016 0.0577889 0.0473854 0.105528 0.0012846
23 0.510368 0.31093 0.0975581 0.280988 0.0012846
23 0.743672 0.661642 0.22745 0.356784 0.0012846
14 0.505072 0.907873 0.0156093 0.0167504 0.00127411
23 0.566395 0.78057 0.0367933 0.137353 0.00126934
23 0.791614 0.645729 0.289887 0.380235 0.00126457
23 0.370721 0.889447 0.0568624 0.0335009 0.00125504
0 0.245289 0.0629711 0.0970006 0.111495 0.00124454
23 0.379083 0.844221 0.089196 0.0904523 0.00121117
23 0.571969 0.262772 0.196231 0.458543 0.00121117
23 0.235673 0.874372 0.0682907 0.0871022 0.00118351
23 0.323963 0.90201 0.218391 0.0619765 0.00114727
23 0.529044 0.316112 0.10815 0.346838 0.0011425
23 0.51009 0.275335 0.0936558 0.11474 0.00113392
23 0.641096 0.352806 0.133794 0.409966 0.00113392
23 0.201562 0.891332 0.164943 0.143635 0.00112915
23 0.27372 0.867881 0.11707 0.100084 0.00111198
