75 0.506021 0.59 0.259698 0.461667 0.916504
58 0.517167 0.454062 0.397906 0.756875 0.181885
47 0.0335768 0.101562 0.0658997 0.144375 0.160278
60 0.649354 0.845833 0.701292 0.28 0.0941772
60 0.628177 0.61 0.743646 0.705 0.0195312
58 0.764465 0.534167 0.463945 0.463333 0.0176392
47 0.0364329 0.130833 0.0725872 0.21 0.0175171
60 0.335211 0.749167 0.664849 0.465 0.0134811
60 0.405708 0.860833 0.764604 0.236667 0.00905609
47 0.0351877 0.225781 0.0699227 0.393437 0.00714874
49 0.0346217 0.101771 0.0682682 0.144792 0.00679779
47 0.0232321 0.103437 0.0461855 0.132292 0.00666809
58 0.739526 0.410417 0.513823 0.739167 0.00551224
58 0.334932 0.429167 0.669865 0.793333 0.00482941
50 0.154927 0.342604 0.298708 0.549792 0.00344276
60 0.547927 0.712083 0.904146 0.4975 0.00344276
58 0.507693 0.594167 0.256354 0.466667 0.00318527
60 0.399578 0.628229 0.741198 0.660208 0.00316048
60 0.523685 0.8375 0.95263 0.243333 0.00288963
58 0.433016 0.4275 0.22626 0.663333 0.00284576
59 0.649354 0.845833 0.701292 0.28 0.00284576
50 0.51243 0.454167 0.385089 0.751667 0.00277901
56 0.649354 0.845833 0.701292 0.28 0.00250244
60 0.362518 0.435104 0.707203 0.821458 0.00239754
58 0.624724 0.427917 0.712219 0.770833 0.00225258
75 0.631521 0.845833 0.736958 0.278333 0.00219917
13 0.570776 0.844167 0.858448 0.26 0.00216484
49 0.0232321 0.103437 0.0461855 0.132292 0.0020504
47 0.0284567 0.0888542 0.0569134 0.121875 0.00204277
58 0.512708 0.2675 0.381187 0.3775 0.00181007
0 0.0401598 0.288333 0.0799017 0.515 0.00158501
32 0.0346566 0.105 0.067502 0.150417 0.00157928
58 0.727823 0.560833 0.357781 0.408333 0.00144386
32 0.0408913 0.505 0.0461159 0.0666667 0.00139904
0 0.0442437 0.505 0.0555724 0.0683333 0.00136185
58 0.428 0.30125 0.217344 0.37 0.00136185
60 0.649663 0.424583 0.686862 0.8075 0.00135612
60 0.305396 0.68875 0.594073 0.3525 0.0012846
75 0.506857 0.713333 0.186693 0.211667 0.00125504
60 0.443326 0.6675 0.886651 0.59 0.00123501
77 0.517724 0.465417 0.400135 0.775833 0.00119209
45 0.649215 0.845 0.70157 0.271667 0.00117874
0 0.121141 0.307708 0.237546 0.537083 0.00110722
58 0.871604 0.615833 0.144896 0.243333 0.00107765
49 0.0364329 0.130833 0.0725872 0.21 0.00103664
58 0.184464 0.346667 0.353323 0.548333 0.00102425
75 0.506299 0.590833 0.260255 0.461667 0.921387
58 0.517724 0.45625 0.400135 0.764167 0.228149
47 0.0326712 0.101354 0.0642279 0.143958 0.154053
60 0.649076 0.843542 0.701849 0.269583 0.0800781
60 0.628177 0.620833 0.743646 0.67 0.0161591
47 0.0363981 0.118125 0.0725176 0.189583 0.0147858
60 0.333539 0.75125 0.661505 0.460833 0.014389
58 0.76349 0.554167 0.458094 0.421667 0.0121918
60 0.399857 0.86 0.752901 0.236667 0.00803375
47 0.0231973 0.103333 0.0461159 0.131667 0.00677109
49 0.0344476 0.101562 0.0679199 0.144375 0.00634003
47 0.0350049 0.216042 0.0694525 0.37625 0.00624084
58 0.50825 0.595833 0.256354 0.468333 0.00428009
60 0.397349 0.64 0.73674 0.636667 0.00374985
60 0.549042 0.7925 0.901917 0.313333 0.00294685
58 0.872719 0.6125 0.144896 0.248333 0.00287819
49 0.0231973 0.103333 0.0461159 0.131667 0.00257111
58 0.437195 0.429167 0.235734 0.673333 0.00226974
60 0.365026 0.448437 0.701073 0.826458 0.00224304
60 0.507245 0.8325 0.98551 0.233333 0.00220871
58 0.513823 0.265833 0.381188 0.375 0.00209045
32 0.0345173 0.104167 0.0672233 0.14875 0.0020504
50 0.51243 0.461667 0.386203 0.768333 0.00200272
59 0.631799 0.845 0.736401 0.278333 0.00195694
32 0.0408216 0.505 0.0459766 0.0666667 0.00191212
0 0.0444527 0.505 0.0557118 0.0683333 0.00167465
58 0.333539 0.438229 0.663734 0.791875 0.00152493
13 0.570915 0.839792 0.858169 0.260417 0.00150108
58 0.736182 0.431667 0.516052 0.706667 0.0014782
60 0.649245 0.44 0.679896 0.81 0.0014267
0 0.0406475 0.28625 0.0805983 0.511667 0.00135612
75 0.507414 0.7125 0.187807 0.215 0.00131512
58 0.613996 0.436667 0.689091 0.773333 0.00130939
60 0.443604 0.6725 0.887208 0.576667 0.00129986
77 0.518281 0.472083 0.402365 0.790833 0.00129414
58 0.712776 0.562083 0.326573 0.405833 0.00126934
0 0.118146 0.308333 0.231555 0.528333 0.00125504
56 0.575234 0.845 0.849531 0.271667 0.00123024
50 0.144095 0.345833 0.26743 0.516667 0.00119686
60 0.298708 0.6875 0.579583 0.336667 0.00115585
0 0.0355622 0.103958 0.0697311 0.150417 0.00103664
75 0.631799 0.845 0.736401 0.278333 0.00103188
58 0.94851 0.524896 0.0980833 0.400208 0.00100803
60 0.659973 0.81 0.677388 0.193333 0.00100422
75 0.506299 0.59 0.260255 0.461667 0.914062
58 0.518281 0.456667 0.40125 0.766667 0.269775
47 0.0324274 0.101042 0.0636009 0.143333 0.132935
60 0.648518 0.840833 0.702964 0.268333 0.0769653
60 0.57412 0.815 0.85176 0.235 0.02948
60 0.332982 0.7525 0.660391 0.46 0.0157776
60 0.628177 0.631667 0.743646 0.635 0.0125732
47 0.0363981 0.114792 0.0725176 0.18625 0.0124817
58 0.760285 0.561667 0.454471 0.405 0.0103683
58 0.872719 0.610833 0.144896 0.251667 0.00629044
47 0.0232582 0.103229 0.0462726 0.131042 0.00621796
47 0.0349352 0.211615 0.0694525 0.368437 0.005867
58 0.50825 0.596667 0.257469 0.468333 0.00564194
60 0.389268 0.853125 0.757359 0.260417 0.0053215
49 0.0275163 0.10125 0.0550326 0.140417 0.00530243
60 0.395956 0.647083 0.735068 0.619167 0.00388527
58 0.51438 0.265 0.382302 0.374167 0.00232315
32 0.0344911 0.103542 0.0672755 0.147917 0.00219154
32 0.0408216 0.505 0.0459766 0.0666667 0.00212479
58 0.440539 0.43125 0.243536 0.680833 0.00209999
50 0.512151 0.463333 0.38676 0.773333 0.00200272
60 0.366141 0.455833 0.694385 0.818333 0.00189686
59 0.63166 0.844167 0.73668 0.278333 0.00181007
0 0.0445746 0.505 0.0560252 0.0683333 0.0017004
60 0.649245 0.444167 0.672094 0.795 0.00136662
60 0.444161 0.6775 0.888323 0.565 0.00136662
58 0.946838 0.524896 0.101427 0.401875 0.00135612
49 0.0217692 0.107708 0.0425632 0.12375 0.00133514
60 0.293414 0.680833 0.570109 0.318333 0.00116539
77 0.51856 0.474062 0.404036 0.795208 0.00113392
75 0.507693 0.712083 0.188365 0.215833 0.00112057
0 0.117101 0.309167 0.230022 0.523333 0.00109863
58 0.874391 0.595833 0.180562 0.293333 0.00106907
0 0.0417272 0.284583 0.0826185 0.5075 0.00106525
13 0.571333 0.8375 0.857333 0.26 0.00104427
0 0.035658 0.103437 0.0698182 0.149375 0.00104046
58 0.941823 0.5875 0.113688 0.28 0.00102425
60 0.660809 0.809792 0.675716 0.19375 0.00102043
60 0.383974 0.615833 0.696615 0.451667 0.00100803
58 0.604104 0.440417 0.670979 0.769167 0.00100422
75 0.506299 0.590833 0.260255 0.461667 0.925293
58 0.517724 0.456771 0.403479 0.769792 0.27832
47 0.0323229 0.100729 0.0635312 0.143125 0.11438
60 0.648379 0.840208 0.703242 0.269583 0.0783691
60 0.573871 0.814167 0.85182 0.23 0.0327759
60 0.334375 0.753333 0.663177 0.458333 0.0226746
58 0.872719 0.61 0.143781 0.253333 0.0175171
58 0.760146 0.564583 0.455865 0.400833 0.0123825
60 0.574538 0.6275 0.850924 0.646667 0.012291
47 0.0365026 0.113542 0.0727266 0.187083 0.00891876
58 0.507971 0.596667 0.256911 0.468333 0.00712204
47 0.0233018 0.103333 0.0464642 0.13 0.00595856
60 0.394563 0.652083 0.733396 0.615833 0.00542831
47 0.0350397 0.210833 0.0696615 0.369167 0.00526047
49 0.0275163 0.100833 0.0550326 0.13875 0.00477219
60 0.38899 0.851875 0.755687 0.262917 0.00443268
58 0.513823 0.263385 0.382302 0.371562 0.00293541
58 0.941823 0.5275 0.112573 0.4025 0.00243378
58 0.940708 0.585833 0.115917 0.283333 0.00242424
32 0.0345608 0.103333 0.0672756 0.147917 0.00234222
58 0.877177 0.578333 0.182792 0.328333 0.0019722
60 0.444997 0.687083 0.889995 0.559167 0.00194931
60 0.359453 0.45625 0.701073 0.804167 0.00191212
32 0.040752 0.505 0.0458372 0.0666667 0.00189686
58 0.446948 0.427396 0.257469 0.680208 0.00188255
59 0.630964 0.844167 0.738073 0.278333 0.00186729
58 0.89724 0.603333 0.193937 0.268333 0.00176811
60 0.650051 0.69 0.699898 0.501667 0.00168133
0 0.0444353 0.505 0.0563039 0.0683333 0.00155449
58 0.89501 0.537083 0.202854 0.4025 0.00142097
50 0.511594 0.465729 0.38676 0.778542 0.00133514
60 0.287562 0.674167 0.559521 0.3 0.00130939
0 0.0356667 0.103125 0.0699401 0.149167 0.00117874
49 0.0218737 0.108125 0.0427721 0.1225 0.00117397
60 0.369484 0.634167 0.70776 0.411667 0.00112915
50 0.0359801 0.297708 0.0704277 0.230417 0.0011158
60 0.651474 0.445833 0.659833 0.778333 0.0011158
75 0.628764 0.584583 0.521346 0.4675 0.00110722
75 0.869375 0.614167 0.132635 0.240833 0.00109863
58 0.954083 0.61875 0.0891667 0.214167 0.00109005
0 0.0421452 0.282083 0.0834544 0.500833 0.00108147
75 0.507693 0.710833 0.189479 0.218333 0.00106525
0 0.115917 0.308958 0.227932 0.520417 0.00106049
58 0.131521 0.329167 0.256354 0.51 0.00105667
58 0.0370599 0.253958 0.0732839 0.452083 0.00101662
75 0.506299 0.590833 0.260255 0.461667 0.931152
58 0.512987 0.460729 0.390661 0.776875 0.307373
47 0.0320443 0.100417 0.062974 0.1425 0.0933228
60 0.627759 0.845 0.744482 0.28 0.0923462
58 0.872719 0.609583 0.144896 0.2525 0.0332031
60 0.336325 0.753333 0.668193 0.46 0.0306702
60 0.572448 0.631771 0.855104 0.649792 0.0160217
58 0.760146 0.56625 0.459208 0.404167 0.0116882
58 0.507971 0.59625 0.256911 0.469167 0.0086441
60 0.395956 0.656667 0.739526 0.62 0.00844574
60 0.54949 0.813333 0.900583 0.275 0.00728989
58 0.939594 0.584583 0.118146 0.285833 0.00629044
47 0.0368161 0.114375 0.0734928 0.19125 0.00519943
47 0.0233714 0.103333 0.0466035 0.12875 0.00492477
49 0.0274466 0.100208 0.0548932 0.136667 0.00477219
58 0.939594 0.527083 0.115917 0.404167 0.0046463
58 0.89724 0.6025 0.192823 0.27 0.00416565
47 0.0352139 0.214167 0.0700098 0.376667 0.00413513
60 0.446391 0.690417 0.892781 0.5725 0.0039444
58 0.855443 0.61125 0.105885 0.240833 0.00367928
58 0.513266 0.262708 0.382302 0.370417 0.00344276
60 0.390661 0.850833 0.760146 0.266667 0.00340271
58 0.896682 0.536562 0.200625 0.403542 0.00287819
32 0.0320443 0.100417 0.062974 0.1425 0.00261116
60 0.356667 0.457083 0.699958 0.795833 0.00240517
58 0.762375 0.597083 0.403479 0.31 0.00225258
58 0.951297 0.615 0.0947396 0.221667 0.00217438
59 0.627759 0.845 0.744482 0.28 0.00202751
60 0.649354 0.69875 0.701292 0.4875 0.00201035
58 0.455307 0.427604 0.275302 0.691458 0.00194168
60 0.255658 0.656667 0.501841 0.306667 0.0018177
60 0.367812 0.629167 0.704417 0.4 0.00173378
50 0.0358147 0.299792 0.070062 0.227917 0.00170708
0 0.0441654 0.505 0.0567044 0.0683333 0.00166798
60 0.356667 0.67375 0.68101 0.264167 0.00164223
58 0.509643 0.335208 0.381745 0.52125 0.00163555
60 0.394841 0.69375 0.758474 0.420833 0.00162315
58 0.131382 0.335833 0.25719 0.498333 0.00157356
32 0.040752 0.505 0.0458372 0.0666667 0.00149536
58 0.591844 0.444167 0.646458 0.766667 0.00134563
0 0.0357015 0.102917 0.0700098 0.14875 0.00128937
75 0.868818 0.611667 0.131521 0.245 0.00124454
58 0.711104 0.565417 0.325458 0.415833 0.00124454
60 0.652589 0.449583 0.65426 0.774167 0.00116062
49 0.021865 0.108542 0.0427895 0.120833 0.00113392
58 0.0375824 0.248958 0.0744681 0.44125 0.00108624
0 0.0436081 0.279375 0.0863802 0.492083 0.00108147
75 0.624027 0.584583 0.510758 0.4675 0.00108147
75 0.506578 0.590833 0.259698 0.46 0.930176
58 0.512708 0.465937 0.390104 0.788125 0.336426
60 0.622604 0.845208 0.754792 0.282917 0.100891
47 0.0317656 0.100417 0.0624167 0.1425 0.0910645
58 0.872162 0.61 0.142667 0.251667 0.0518494
60 0.338833 0.75125 0.673208 0.464167 0.0476074
60 0.571333 0.637917 0.857333 0.6525 0.0174408
58 0.938479 0.58375 0.120375 0.2875 0.0129242
60 0.397628 0.654063 0.749557 0.640208 0.0126266
58 0.50825 0.595 0.256354 0.466667 0.0101318
58 0.761121 0.5625 0.463945 0.418333 0.0100555
60 0.447505 0.6875 0.89501 0.593333 0.00728989
58 0.89724 0.601667 0.191708 0.273333 0.00669098
58 0.853213 0.610833 0.100312 0.238333 0.0053215
49 0.0275859 0.100208 0.0551719 0.13625 0.00530243
47 0.0238242 0.103542 0.0476484 0.128333 0.0050621
47 0.0355622 0.216667 0.0708457 0.381667 0.00419998
58 0.13072 0.338333 0.257399 0.501667 0.00413513
58 0.89724 0.534167 0.198396 0.408333 0.00403976
60 0.392055 0.848333 0.765161 0.273333 0.00403976
58 0.940151 0.52625 0.115917 0.406667 0.00382423
60 0.354437 0.454896 0.703302 0.786875 0.00378036
47 0.0373037 0.120208 0.0744681 0.2025 0.00355148
58 0.94851 0.611667 0.100313 0.226667 0.00346947
60 0.256354 0.654167 0.504349 0.313333 0.00342941
58 0.51243 0.261875 0.38063 0.369583 0.00332451
50 0.035388 0.304583 0.0693828 0.2225 0.00317192
60 0.363354 0.625 0.702187 0.4 0.00292397
58 0.762375 0.599583 0.410167 0.305833 0.00245285
32 0.0317656 0.100417 0.0624167 0.1425 0.00240517
59 0.622604 0.845208 0.754792 0.282917 0.00224304
60 0.344406 0.672917 0.659833 0.265833 0.00214005
50 0.13072 0.338333 0.257399 0.501667 0.00192642
60 0.394005 0.690417 0.757917 0.394167 0.00179577
60 0.648936 0.694583 0.702128 0.5025 0.00175476
0 0.0440347 0.505 0.057105 0.0683333 0.00170708
58 0.465339 0.42625 0.293135 0.700833 0.00156116
60 0.24688 0.46 0.487073 0.696667 0.00154877
75 0.86826 0.610417 0.131521 0.246667 0.00145531
71 0.547539 0.85 0.884422 0.26 0.00142097
58 0.261509 0.460417 0.523018 0.710833 0.00137234
58 0.585296 0.44375 0.635034 0.765833 0.00134563
49 0.0221175 0.109062 0.0435384 0.119792 0.00124454
0 0.0356057 0.102917 0.070062 0.148333 0.00121117
75 0.507971 0.71 0.191151 0.22 0.0011692
45 0.338833 0.75125 0.673208 0.464167 0.00115108
60 0.585296 0.44375 0.635034 0.765833 0.00110722
60 0.449177 0.791875 0.898354 0.382917 0.00107765
58 0.703302 0.563333 0.310969 0.425 0.00102425
32 0.0409261 0.504583 0.0454889 0.0658333 0.00101185
75 0.506578 0.591667 0.258583 0.458333 0.922363
58 0.511594 0.466667 0.387875 0.786667 0.329346
47 0.03086 0.100208 0.0606055 0.142083 0.108215
60 0.620375 0.843333 0.75925 0.285 0.093689
58 0.871604 0.61 0.140438 0.25 0.0535889
60 0.338833 0.750833 0.673208 0.465 0.0518494
58 0.938479 0.583333 0.120375 0.288333 0.0177765
60 0.571224 0.642917 0.857115 0.6525 0.0165253
60 0.396234 0.653333 0.750115 0.646667 0.0154266
58 0.50825 0.594167 0.256354 0.463333 0.0102921
58 0.762375 0.555833 0.465896 0.431667 0.00963593
47 0.0360759 0.116979 0.0699575 0.176875 0.00955963
58 0.130685 0.34875 0.257747 0.481667 0.00919342
49 0.0276904 0.100833 0.0553809 0.1375 0.00861359
58 0.89724 0.6 0.191708 0.276667 0.0085144
50 0.130685 0.34875 0.257747 0.481667 0.00653839
47 0.0359801 0.213802 0.0715423 0.374896 0.00516129
58 0.852656 0.610833 0.0980834 0.238333 0.00473785
60 0.349979 0.4525 0.699958 0.776667 0.00466537
58 0.898354 0.533229 0.198396 0.410208 0.00439835
58 0.946839 0.610417 0.103656 0.228333 0.00428009
60 0.391219 0.845 0.764604 0.28 0.00419998
50 0.0351442 0.304792 0.0691738 0.219583 0.00413513
60 0.249109 0.652083 0.490417 0.319167 0.00407028
58 0.939594 0.526562 0.117031 0.406875 0.00367928
58 0.51243 0.262917 0.379516 0.370833 0.00365067
60 0.357224 0.622083 0.694385 0.4025 0.00355148
58 0.76349 0.594167 0.421312 0.318333 0.00271416
71 0.546982 0.85 0.883307 0.261667 0.00271416
58 0.247995 0.464167 0.49599 0.698333 0.00259018
59 0.620375 0.843333 0.75925 0.285 0.00232315
58 0.69341 0.556562 0.311805 0.440208 0.00223351
60 0.240471 0.464167 0.476484 0.686667 0.00223351
32 0.03086 0.100208 0.0606055 0.142083 0.0020752
60 0.309854 0.672083 0.591844 0.265833 0.00201035
75 0.867703 0.61 0.129292 0.246667 0.00191212
58 0.461995 0.425417 0.286448 0.699167 0.00179577
49 0.0222917 0.109167 0.0438867 0.120417 0.00175476
60 0.389547 0.685 0.749 0.355 0.00170708
47 0.0210726 0.109271 0.0408913 0.116042 0.0016613
45 0.338833 0.750833 0.673208 0.465 0.0016489
50 0.0635312 0.284375 0.125669 0.295417 0.0015974
60 0.648797 0.691667 0.702406 0.518333 0.00153637
75 0.507693 0.704167 0.192823 0.231667 0.00152493
47 0.0638796 0.233281 0.125809 0.414271 0.00146103
60 0.449177 0.785833 0.898354 0.396667 0.00138855
58 0.349979 0.4525 0.699958 0.776667 0.00137806
47 0.0355273 0.298333 0.0689648 0.229167 0.00136662
58 0.579026 0.440937 0.61525 0.754792 0.00130463
0 0.0437561 0.505 0.0576623 0.0683333 0.00129986
75 0.212049 0.4875 0.0964115 0.244167 0.00129414
50 0.0921621 0.295417 0.181816 0.510833 0.0012064
47 0.0330195 0.224583 0.0640885 0.0658333 0.00119686
60 0.579026 0.440937 0.61525 0.754792 0.00112057
58 0.561193 0.555417 0.580698 0.515833 0.00109482
58 0.0921621 0.295417 0.181816 0.510833 0.00104046
75 0.506857 0.591667 0.256911 0.458333 0.90332
58 0.511594 0.467083 0.38676 0.785833 0.305664
47 0.0300154 0.1 0.058951 0.141667 0.108948
60 0.61926 0.841667 0.761479 0.288333 0.0834351
58 0.87049 0.61 0.138208 0.25 0.0430298
60 0.336883 0.75125 0.668193 0.4625 0.033844
49 0.0277253 0.10125 0.0554505 0.138333 0.0149002
60 0.571224 0.649896 0.857115 0.640208 0.0146713
58 0.938479 0.583333 0.120375 0.286667 0.0130234
60 0.393727 0.659167 0.741755 0.635 0.011467
47 0.0358757 0.116458 0.0698008 0.175417 0.0110321
58 0.50825 0.5925 0.25524 0.461667 0.0110321
58 0.764743 0.554167 0.463388 0.428333 0.0104065
50 0.131277 0.357083 0.258514 0.465833 0.0103302
58 0.137129 0.367083 0.266873 0.469167 0.0091629
60 0.446112 0.692917 0.892224 0.5875 0.0064888
58 0.89724 0.600417 0.191708 0.274167 0.00564194
47 0.036224 0.208698 0.0718906 0.364271 0.0055542
60 0.353323 0.465729 0.697729 0.816875 0.00421524
58 0.512151 0.264583 0.378958 0.374167 0.00388527
58 0.947396 0.61 0.102542 0.228333 0.00355148
50 0.0350397 0.307083 0.0691042 0.2125 0.00351143
71 0.546703 0.849167 0.883865 0.263333 0.00322342
58 0.852656 0.610833 0.0980834 0.236667 0.00307465
49 0.022013 0.109062 0.0434688 0.121042 0.00288963
58 0.247438 0.464167 0.494875 0.695 0.00288963
60 0.237267 0.595417 0.467289 0.420833 0.0028553
60 0.391219 0.841458 0.765719 0.287083 0.00284576
58 0.764047 0.592917 0.429115 0.3225 0.00273705
58 0.898354 0.534062 0.198396 0.406875 0.00244331
60 0.354995 0.62125 0.689927 0.404167 0.00240517
58 0.697868 0.554896 0.316263 0.435208 0.00227928
59 0.61926 0.841667 0.761479 0.288333 0.00210762
60 0.239357 0.465 0.47537 0.683333 0.00206757
47 0.0641582 0.232083 0.126366 0.411667 0.00201035
75 0.507971 0.704167 0.192266 0.231667 0.00191879
60 0.237685 0.668333 0.454193 0.273333 0.00190449
58 0.940151 0.52625 0.115917 0.405833 0.00188255
58 0.46701 0.4325 0.295365 0.715 0.00185299
47 0.0210726 0.108542 0.0408913 0.11875 0.00182438
75 0.867146 0.61 0.127063 0.245833 0.00174141
47 0.035388 0.298125 0.0689648 0.227917 0.00172043
58 0.348586 0.4525 0.697172 0.776667 0.00162315
45 0.336883 0.75125 0.668193 0.4625 0.00161076
32 0.0300154 0.1 0.058951 0.141667 0.00152493
75 0.211771 0.481667 0.0964115 0.235 0.00147247
50 0.0637402 0.283542 0.126087 0.294583 0.00143242
50 0.0916745 0.296667 0.180562 0.505833 0.00136662
47 0.0330544 0.224583 0.0640189 0.06625 0.00135612
58 0.589057 0.43875 0.623052 0.750833 0.00135612
60 0.387875 0.68875 0.745656 0.3525 0.00135612
60 0.449177 0.7875 0.898354 0.393333 0.00119686
47 0.0527337 0.142708 0.035806 0.05125 0.00112915
47 0.0331589 0.331875 0.0663177 0.15875 0.00112438
58 0.12135 0.301667 0.240471 0.558333 0.00110722
60 0.650359 0.715833 0.697729 0.446667 0.00104809
58 0.565651 0.555417 0.569552 0.499167 0.00104046
0 0.043669 0.505 0.0578364 0.0683333 0.00103664
50 0.510479 0.470417 0.384531 0.789167 0.00101662
75 0.507135 0.59125 0.256354 0.4575 0.894043
58 0.515495 0.477604 0.406823 0.801458 0.320801
47 0.0294058 0.1 0.0579409 0.141667 0.107422
60 0.6194 0.841667 0.761201 0.29 0.0762939
58 0.87049 0.61 0.138208 0.248333 0.0445251
60 0.333539 0.750833 0.661505 0.463333 0.025177
49 0.0276556 0.101354 0.0553112 0.138958 0.0184784
58 0.938479 0.583333 0.118146 0.286667 0.0131226
58 0.50825 0.591667 0.25524 0.463333 0.0124283
60 0.571781 0.654063 0.856 0.628542 0.0119629
50 0.130929 0.3575 0.258096 0.466667 0.0117798
47 0.0357712 0.11625 0.0697311 0.175 0.0109024
60 0.391219 0.66625 0.733396 0.6175 0.00891876
58 0.137094 0.367396 0.2675 0.470208 0.00874329
58 0.765161 0.553333 0.460323 0.425 0.00844574
47 0.036224 0.203958 0.0717513 0.355417 0.00619125
58 0.897797 0.6 0.191708 0.274167 0.00538635
60 0.445276 0.69875 0.890552 0.574167 0.00498199
71 0.546703 0.848333 0.88275 0.265 0.00419998
58 0.512708 0.265417 0.380073 0.375833 0.0041008
49 0.0216647 0.109062 0.0429115 0.121458 0.00385475
50 0.0349613 0.314375 0.0691216 0.197083 0.00356483
58 0.947396 0.61 0.102542 0.228333 0.00353813
60 0.351094 0.46375 0.693271 0.809167 0.00338936
60 0.236013 0.595833 0.465339 0.418333 0.00264168
58 0.938479 0.525833 0.120375 0.404167 0.00250244
58 0.852099 0.610833 0.0969687 0.236667 0.00246239
58 0.76349 0.5975 0.423542 0.31 0.00243378
47 0.0653424 0.232552 0.128734 0.413229 0.00240517
75 0.50825 0.704583 0.191708 0.230833 0.00234985
58 0.898354 0.534583 0.197281 0.404167 0.00234222
60 0.451406 0.844167 0.902812 0.278333 0.00231361
47 0.0210378 0.108333 0.0408913 0.120417 0.00225258
58 0.245069 0.467604 0.490138 0.684792 0.00220871
58 0.466453 0.435417 0.293135 0.720833 0.00219917
47 0.0368857 0.152083 0.071821 0.252083 0.00194931
60 0.239217 0.467917 0.475648 0.674167 0.00194931
58 0.694525 0.55375 0.307346 0.4325 0.00190449
60 0.353323 0.619167 0.685469 0.403333 0.00186729
59 0.6194 0.841667 0.761201 0.29 0.00186062
47 0.035597 0.30125 0.0693828 0.230833 0.00178242
75 0.211771 0.480833 0.0958542 0.233333 0.00175476
75 0.867146 0.609583 0.127063 0.245833 0.00174141
50 0.0926497 0.297708 0.182513 0.502917 0.0017271
60 0.235456 0.668333 0.449734 0.273333 0.0015974
47 0.0326016 0.226667 0.0633919 0.0691667 0.00150108
50 0.0748164 0.29125 0.147961 0.2975 0.00148964
47 0.0526989 0.142708 0.0357363 0.05125 0.00139427
58 0.346078 0.452083 0.691042 0.770833 0.00137806
32 0.0294058 0.1 0.0579409 0.141667 0.00135136
45 0.333539 0.750833 0.661505 0.463333 0.00133514
47 0.0332285 0.332083 0.066457 0.1575 0.00132465
58 0.585714 0.435417 0.607448 0.7425 0.0012846
60 0.385646 0.685833 0.740083 0.335 0.00107288
75 0.507135 0.59125 0.256354 0.459167 0.88623
58 0.515216 0.474167 0.396234 0.798333 0.346924
47 0.0290837 0.0998958 0.0571921 0.141458 0.101562
60 0.618146 0.84 0.763708 0.291667 0.076416
58 0.87049 0.61 0.137094 0.248333 0.0401001
49 0.0276556 0.101146 0.0553112 0.138958 0.0218658
60 0.330753 0.750833 0.655932 0.463333 0.0158997
58 0.50825 0.59125 0.25524 0.464167 0.013588
50 0.131521 0.3575 0.259698 0.473333 0.0120087
60 0.571224 0.655 0.856 0.62 0.0109024
58 0.939036 0.583333 0.118146 0.286667 0.0105286
47 0.0357015 0.115729 0.0698704 0.174375 0.0100098
58 0.137895 0.366667 0.269799 0.475 0.00806427
60 0.390104 0.668333 0.728937 0.613333 0.00757599
58 0.765719 0.554583 0.459208 0.419167 0.00703812
47 0.0362588 0.195833 0.071821 0.34 0.0068779
49 0.0213512 0.109271 0.0423542 0.121458 0.00498199
58 0.897797 0.6 0.191708 0.273333 0.00468063
58 0.512708 0.265417 0.380073 0.3775 0.00403976
60 0.445276 0.7025 0.890552 0.565 0.00403976
71 0.546703 0.8475 0.881635 0.265 0.00402451
50 0.0348917 0.325208 0.0689823 0.174583 0.00366402
60 0.345521 0.455104 0.691042 0.769792 0.00324821
47 0.0668053 0.2325 0.13166 0.413333 0.00300407
58 0.94851 0.61 0.100313 0.228333 0.00291252
47 0.0209768 0.108229 0.0409435 0.121042 0.00266266
75 0.50825 0.704167 0.191708 0.231667 0.002388
58 0.472026 0.437083 0.304281 0.729167 0.00234222
60 0.235456 0.5975 0.464224 0.415 0.00230598
60 0.451406 0.8425 0.902812 0.281667 0.00206757
58 0.76335 0.600417 0.421591 0.3025 0.0020504
58 0.898354 0.535729 0.197281 0.400208 0.00203514
50 0.0926497 0.297917 0.182513 0.5025 0.00199509
58 0.852099 0.610833 0.0969687 0.236667 0.00198746
58 0.938479 0.525417 0.120375 0.404167 0.00194168
60 0.354437 0.620833 0.689927 0.415 0.0018177
47 0.0354577 0.300833 0.0692435 0.23 0.00177479
60 0.239217 0.47375 0.476763 0.6625 0.00176811
50 0.075513 0.291458 0.149354 0.29625 0.00168133
75 0.21191 0.48125 0.0955755 0.234167 0.00167465
47 0.0526641 0.142865 0.035806 0.0509375 0.00161076
75 0.867146 0.609167 0.127063 0.246667 0.00160408
58 0.69759 0.55375 0.31905 0.430833 0.0015974
59 0.618146 0.84 0.763708 0.291667 0.00157928
47 0.0325667 0.227083 0.0633223 0.07 0.00145531
58 0.247716 0.472917 0.495432 0.675833 0.00138855
58 0.587943 0.435 0.621937 0.745 0.00136185
47 0.033333 0.332083 0.066666 0.156667 0.00132465
47 0.120723 0.287083 0.239217 0.5375 0.0012064
60 0.237128 0.668333 0.453078 0.275 0.00117874
32 0.0290837 0.0998958 0.0571921 0.141458 0.0011034
49 0.0357015 0.115729 0.0698704 0.174375 0.00106525
58 0.345521 0.455104 0.691042 0.769792 0.00101662
75 0.507135 0.5925 0.256354 0.458333 0.877441
58 0.514659 0.477917 0.406266 0.804167 0.414795
47 0.0289792 0.1 0.0571224 0.1425 0.0900879
60 0.620654 0.838333 0.758693 0.295 0.0715942
58 0.866031 0.61 0.127063 0.248333 0.0605164
60 0.326294 0.749167 0.647016 0.463333 0.0205231
58 0.940708 0.581667 0.114802 0.296667 0.0179138
58 0.128734 0.3525 0.254125 0.468333 0.0173035
58 0.50825 0.592083 0.25524 0.4625 0.0167847
49 0.0272376 0.10125 0.0544753 0.138333 0.0164032
60 0.571781 0.6575 0.853771 0.611667 0.0138474
50 0.128734 0.3525 0.254125 0.468333 0.0110703
58 0.89501 0.592083 0.193937 0.293333 0.00945282
60 0.38899 0.67 0.725594 0.61 0.00878143
47 0.035597 0.116458 0.0698008 0.17625 0.00854492
47 0.0371992 0.197708 0.0738411 0.34375 0.00841522
58 0.765579 0.547083 0.457258 0.4325 0.00743103
60 0.345521 0.460417 0.691042 0.769167 0.00448608
49 0.0209333 0.11 0.0417272 0.12 0.00439835
58 0.512151 0.266302 0.380073 0.379063 0.00400543
60 0.443604 0.7075 0.887208 0.54 0.00395966
60 0.23462 0.593333 0.462552 0.416667 0.00390053
47 0.0205588 0.109792 0.0402469 0.1175 0.00352478
60 0.384531 0.834167 0.752344 0.3 0.00327301
58 0.937922 0.524583 0.12149 0.405 0.00324821
58 0.461159 0.439896 0.281432 0.723542 0.00322342
75 0.50825 0.705 0.191708 0.231667 0.00313568
58 0.947396 0.61 0.102542 0.226667 0.00302696
60 0.352208 0.614167 0.688812 0.416667 0.00294685
71 0.547539 0.8475 0.874391 0.265 0.00286674
47 0.0686165 0.235781 0.135561 0.421771 0.00279999
58 0.179169 0.370833 0.352766 0.493333 0.00273705
58 0.765719 0.59875 0.395677 0.2975 0.00265312
50 0.094043 0.297917 0.185578 0.5125 0.00225258
75 0.864917 0.60875 0.122604 0.2475 0.00219154
60 0.238799 0.485 0.473698 0.636667 0.00218201
50 0.0347611 0.322917 0.0686862 0.1775 0.00204277
58 0.688812 0.550833 0.29425 0.43 0.00200272
58 0.302609 0.458333 0.605219 0.711667 0.00195694
58 0.570667 0.429583 0.57401 0.7325 0.0015974
58 0.094043 0.297917 0.185578 0.5125 0.00156116
58 0.893896 0.530104 0.207312 0.418125 0.00154877
47 0.0341951 0.225208 0.0592297 0.0620833 0.00132465
60 0.381187 0.686667 0.733396 0.345 0.00129414
47 0.0526641 0.142917 0.0356667 0.05125 0.0012846
47 0.035449 0.300208 0.0694002 0.22875 0.00124931
75 0.212049 0.481667 0.0952969 0.235 0.00122547
47 0.0332285 0.331667 0.066457 0.155833 0.00120163
50 0.511036 0.466667 0.384531 0.783333 0.00119686
58 0.566069 0.560417 0.539737 0.459167 0.00119686
47 0.12149 0.2925 0.241029 0.55 0.00116062
45 0.326294 0.749167 0.647016 0.463333 0.00116062
60 0.234759 0.665 0.446112 0.273333 0.00109863
58 0.604243 0.440833 0.387596 0.748333 0.00104427
58 0.427721 0.340833 0.224589 0.476667 0.00103188
60 0.647016 1 0.674323 0 0.00101662
59 0.620654 0.838333 0.758693 0.295 0.00100422
75 0.507135 0.593333 0.256354 0.458333 0.86084
58 0.514659 0.48375 0.406266 0.814167 0.44751
58 0.872719 0.6075 0.140438 0.26 0.0789185
47 0.0287005 0.100208 0.0564258 0.142917 0.078064
60 0.620823 0.828542 0.757917 0.299583 0.0566406
58 0.128212 0.352604 0.254055 0.473125 0.0283356
60 0.322115 0.747917 0.637542 0.464167 0.0207672
58 0.940708 0.582083 0.113687 0.2975 0.0185394
58 0.895568 0.59 0.193938 0.296667 0.016983
60 0.572896 0.654583 0.851542 0.610833 0.0151901
49 0.026959 0.10125 0.053918 0.138333 0.0150146
58 0.507971 0.592917 0.255797 0.4625 0.0149536
60 0.387318 0.669167 0.718906 0.61 0.00993347
47 0.0373385 0.198125 0.0741198 0.345417 0.00919342
58 0.765161 0.544896 0.456979 0.435208 0.008255
50 0.128212 0.352604 0.254055 0.473125 0.00763702
47 0.0355273 0.116979 0.0696615 0.177292 0.00720596
47 0.0221698 0.104583 0.0443395 0.13 0.00706482
60 0.34775 0.466667 0.6955 0.776667 0.00540543
58 0.188225 0.372917 0.371435 0.493333 0.0046463
60 0.379516 0.831667 0.741198 0.303333 0.00439835
58 0.512151 0.266875 0.380073 0.377083 0.00426483
49 0.0207591 0.110104 0.0415182 0.120208 0.00416565
60 0.234202 0.58875 0.461716 0.419167 0.00385475
60 0.351094 0.61 0.688812 0.418333 0.00385475
58 0.447784 0.445417 0.254682 0.715833 0.00351143
75 0.507971 0.705417 0.191151 0.2325 0.00325966
58 0.937922 0.525104 0.12149 0.406458 0.00317192
58 0.851542 0.610833 0.0958542 0.238333 0.00313568
60 0.441375 0.715 0.88275 0.51 0.00312424
58 0.0901419 0.298333 0.178055 0.515833 0.00275803
58 0.89501 0.530417 0.205083 0.4175 0.00259018
58 0.94851 0.610833 0.100313 0.226667 0.002388
47 0.0689648 0.235417 0.136258 0.424167 0.00237846
58 0.778536 0.596667 0.361125 0.298333 0.00232315
75 0.864359 0.60875 0.12149 0.2475 0.00227928
58 0.290349 0.464167 0.580698 0.706667 0.00224304
58 0.684354 0.549896 0.283104 0.430208 0.00218201
50 0.0901419 0.298333 0.178055 0.515833 0.00197983
60 0.650359 1 0.663177 0 0.00196457
60 0.239078 0.489271 0.473698 0.624792 0.0017271
50 0.511594 0.467917 0.385646 0.7825 0.0017004
71 0.575125 0.836667 0.845969 0.293333 0.00162315
58 0.561193 0.56125 0.533885 0.454167 0.00156116
60 0.375893 0.682083 0.722807 0.329167 0.00154877
58 0.559521 0.43 0.556177 0.728333 0.00137806
50 0.0349701 0.300833 0.0691042 0.221667 0.00123501
60 0.241029 0.659583 0.464224 0.2875 0.00121593
45 0.322115 0.747917 0.637542 0.464167 0.00109863
58 0.423542 0.330833 0.217344 0.443333 0.00107288
47 0.122326 0.292917 0.242979 0.554167 0.00106525
58 0.510201 0.378229 0.381745 0.605208 0.00106525
0 0.351372 0.462396 0.690484 0.785208 0.00105286
50 0.0345434 0.333958 0.068007 0.162083 0.00104046
2 0.0951576 0.490833 0.187529 0.158333 0.00103188
47 0.0330892 0.33125 0.0661784 0.155833 0.00101185
75 0.507135 0.59125 0.257469 0.460833 0.852051
58 0.514659 0.489583 0.406266 0.8225 0.437744
58 0.87049 0.606667 0.138208 0.261667 0.0809326
47 0.028596 0.100729 0.0562168 0.143958 0.0675659
60 0.56788 0.825 0.861573 0.301667 0.0531006
58 0.128177 0.350833 0.254404 0.478333 0.0319824
60 0.320164 0.74625 0.634755 0.4675 0.0212097
60 0.573453 0.649167 0.848198 0.618333 0.0191193
58 0.896125 0.5825 0.195052 0.311667 0.0179138
49 0.0268197 0.102083 0.0536393 0.139167 0.0160217
58 0.940708 0.5825 0.113687 0.298333 0.0154266
58 0.507971 0.594167 0.255797 0.461667 0.0122375
60 0.385646 0.665 0.715562 0.618333 0.0104065
47 0.0375127 0.199531 0.0746074 0.348437 0.00974274
58 0.764047 0.544167 0.458094 0.435833 0.00874329
58 0.191151 0.372083 0.377844 0.498333 0.00812531
50 0.128177 0.350833 0.254404 0.478333 0.00734711
47 0.0221175 0.105 0.044235 0.130833 0.00669098
47 0.0354229 0.117396 0.0695918 0.178125 0.00669098
60 0.348865 0.473333 0.697729 0.79 0.00511932
60 0.372271 0.83 0.726708 0.306667 0.00471878
49 0.0207591 0.109896 0.0415182 0.121458 0.00432968
58 0.51243 0.266667 0.379516 0.374167 0.0042305
60 0.349979 0.60625 0.688812 0.424167 0.00400543
58 0.852656 0.61125 0.0980834 0.239167 0.00395966
58 0.890552 0.535 0.215115 0.416667 0.00367928
58 0.354995 0.465417 0.687698 0.819167 0.00346947
58 0.0894453 0.299167 0.176661 0.518333 0.00340271
58 0.695639 0.545833 0.305117 0.424167 0.00323486
58 0.443604 0.450833 0.246323 0.723333 0.00312424
75 0.507693 0.705417 0.191708 0.2325 0.00311089
58 0.782438 0.59125 0.354438 0.3075 0.00307465
60 0.233923 0.582917 0.461716 0.4275 0.00305176
58 0.240193 0.478333 0.480385 0.651667 0.00269318
58 0.937365 0.525937 0.122604 0.406458 0.0024929
58 0.557292 0.56125 0.530542 0.450833 0.00234985
75 0.863802 0.609167 0.120375 0.246667 0.00226021
60 0.439424 0.720833 0.878849 0.481667 0.00226021
60 0.655932 1 0.647573 0 0.00216484
47 0.0696615 0.233958 0.137651 0.424583 0.00209999
0 0.353323 0.466562 0.698844 0.800208 0.00199509
50 0.0894453 0.299167 0.176661 0.518333 0.00178242
60 0.370042 0.6775 0.713333 0.325 0.00176811
58 0.949068 0.612917 0.099198 0.224167 0.00175476
50 0.512151 0.469896 0.38676 0.783542 0.00168705
60 0.240193 0.478333 0.480385 0.651667 0.00129986
60 0.240193 0.6575 0.461438 0.288333 0.00126457
56 0.143746 0.3725 0.270356 0.473333 0.00123501
0 0.0890273 0.313333 0.175826 0.488333 0.00121593
58 0.550604 0.430937 0.550604 0.724792 0.00116062
47 0.12344 0.290208 0.245208 0.552083 0.00113392
45 0.507693 0.589583 0.256354 0.464167 0.00113392
58 0.30038 0.402917 0.60076 0.589167 0.00109482
0 0.130267 0.290833 0.257469 0.555833 0.00106525
45 0.320164 0.74625 0.634755 0.4675 0.00106049
8 0.507693 0.589583 0.256354 0.464167 0.00100803
75 0.507135 0.592083 0.257469 0.460833 0.85498
58 0.515495 0.490417 0.405708 0.8225 0.445557
58 0.87049 0.605833 0.138208 0.263333 0.0663452
47 0.0288747 0.101146 0.0567741 0.144792 0.0614319
60 0.568438 0.825 0.859344 0.296667 0.051178
58 0.124833 0.337083 0.247438 0.49 0.0296478
60 0.574568 0.647917 0.84374 0.6175 0.0193787
49 0.0266803 0.102396 0.0533607 0.139792 0.0192719
60 0.317656 0.744583 0.628625 0.469167 0.0189362
58 0.156181 0.373333 0.307904 0.493333 0.0160217
58 0.896125 0.577917 0.196167 0.320833 0.0156708
58 0.941266 0.582917 0.113688 0.2975 0.0116882
58 0.507693 0.595833 0.25524 0.461667 0.0112457
47 0.0379307 0.20125 0.0754434 0.3525 0.00997162
60 0.382581 0.664583 0.707203 0.614167 0.00985718
58 0.764047 0.544271 0.458094 0.434792 0.00923157
50 0.128142 0.346771 0.254752 0.488125 0.00775528
47 0.0354229 0.1175 0.0694525 0.178333 0.00677109
47 0.0218737 0.105208 0.0437474 0.13125 0.00619125
58 0.853213 0.611667 0.101427 0.24 0.00542831
49 0.0206895 0.109896 0.0412396 0.122292 0.00518036
49 0.0348394 0.104896 0.0689474 0.151875 0.0050621
60 0.368927 0.829167 0.720021 0.308333 0.00496292
58 0.353044 0.465833 0.688255 0.821667 0.00446701
60 0.348307 0.477604 0.696615 0.798125 0.00408554
58 0.779094 0.586667 0.363354 0.315 0.00408554
58 0.512151 0.266719 0.378958 0.373229 0.00391388
58 0.0886094 0.298333 0.17499 0.521667 0.00365067
58 0.240471 0.475417 0.480943 0.6525 0.00335121
60 0.348307 0.6025 0.685469 0.426667 0.00333786
58 0.563979 0.562396 0.510479 0.450208 0.00324821
58 0.68101 0.545937 0.274188 0.423125 0.00305176
75 0.507693 0.70625 0.191708 0.2325 0.00298119
0 0.35388 0.469583 0.699958 0.8075 0.00263214
60 0.23657 0.639167 0.464224 0.325 0.00248146
58 0.44026 0.452917 0.238521 0.724167 0.00239754
60 0.44249 0.769167 0.884979 0.416667 0.00230598
47 0.0652031 0.206875 0.129013 0.387083 0.00224304
50 0.0886094 0.298333 0.17499 0.521667 0.00208282
60 0.664431 1 0.630575 0 0.0018177
75 0.863802 0.61 0.120375 0.246667 0.00176144
58 0.936807 0.525937 0.123719 0.406458 0.0017004
50 0.511872 0.469271 0.387318 0.781458 0.00162315
60 0.363911 0.673333 0.701073 0.313333 0.00161648
77 0.51856 0.47875 0.402922 0.799167 0.00148392
56 0.143189 0.373437 0.2737 0.479792 0.00133038
0 0.08847 0.311667 0.17499 0.4925 0.00131512
47 0.124694 0.288333 0.247716 0.55 0.00129414
58 0.949625 0.613333 0.0980834 0.225 0.00127888
50 0.0362153 0.295625 0.0705148 0.23625 0.0011692
58 0.861016 0.528333 0.273073 0.43 0.00113773
45 0.19143 0.370104 0.378401 0.504792 0.00107765
58 0.27781 0.387917 0.55562 0.554167 0.00106525
60 0.241168 0.552917 0.480664 0.500833 0.00105667
0 0.131799 0.29125 0.260812 0.559167 0.00100803
75 0.507135 0.5925 0.257469 0.461667 0.863281
58 0.515773 0.494583 0.404036 0.830833 0.443604
58 0.87049 0.605 0.138208 0.265 0.0609741
47 0.029014 0.101458 0.0570527 0.145833 0.0570679
60 0.568438 0.825833 0.859344 0.301667 0.0529175
58 0.123997 0.338542 0.245487 0.484583 0.0375977
60 0.320443 0.742917 0.635312 0.4725 0.0237274
60 0.575682 0.65 0.84151 0.62 0.0235138
58 0.167327 0.375 0.330195 0.493333 0.0213623
58 0.89724 0.565833 0.198396 0.345 0.0171814
49 0.0266107 0.102604 0.0532214 0.140625 0.016922
60 0.384531 0.664167 0.711104 0.621667 0.0120544
58 0.941266 0.582917 0.113688 0.2975 0.0112915
58 0.507414 0.596667 0.255797 0.461667 0.0108185
47 0.0379307 0.205052 0.0754434 0.361562 0.00894928
50 0.126923 0.345937 0.252732 0.484792 0.00775528
58 0.777979 0.533437 0.441375 0.433125 0.00754929
58 0.852656 0.611667 0.100313 0.24 0.00740433
60 0.366141 0.795833 0.711104 0.37 0.00629044
47 0.0219085 0.105104 0.0438171 0.131875 0.00588989
58 0.351372 0.467396 0.690484 0.823542 0.005867
47 0.035388 0.117708 0.0693828 0.179167 0.00570679
58 0.0885397 0.297292 0.17485 0.527917 0.00511932
49 0.0347698 0.105833 0.0688081 0.15375 0.00450516
58 0.805844 0.585 0.309854 0.316667 0.0041008
58 0.602432 0.559271 0.426885 0.444792 0.00403976
49 0.0202018 0.107917 0.0398464 0.125 0.00399017
58 0.239635 0.473437 0.479271 0.653125 0.00379562
60 0.347193 0.479583 0.694385 0.7975 0.00370789
60 0.348307 0.600417 0.684354 0.419167 0.00365067
75 0.504349 0.707083 0.192823 0.230833 0.00362206
0 0.355831 0.471562 0.706089 0.813542 0.00338936
58 0.511872 0.267292 0.377286 0.37375 0.00329781
60 0.236849 0.637917 0.465896 0.3275 0.00321007
60 0.443047 0.768542 0.886094 0.422917 0.00314713
58 0.679757 0.545833 0.270008 0.423333 0.0026722
0 0.088888 0.309583 0.175547 0.499167 0.0024929
50 0.088888 0.309583 0.175547 0.499167 0.00232315
60 0.66875 1 0.621937 0 0.00223351
60 0.234202 0.562917 0.463388 0.465833 0.00220871
47 0.0665267 0.209219 0.13166 0.394062 0.00209999
56 0.143503 0.374583 0.274745 0.480833 0.00208282
75 0.864917 0.61125 0.124833 0.244167 0.00201035
50 0.179448 0.360937 0.356667 0.518125 0.00189686
58 0.877177 0.527917 0.24075 0.429167 0.00188923
58 0.435245 0.452917 0.22849 0.720833 0.00185299
75 0.679756 0.561667 0.274466 0.395 0.00181007
60 0.358339 0.670417 0.688812 0.295833 0.0017004
58 0.93625 0.528229 0.125948 0.411875 0.00165462
77 0.518839 0.477083 0.402365 0.795833 0.0015974
60 0.43831 0.839167 0.87662 0.281667 0.00148964
77 0.123997 0.338542 0.245487 0.484583 0.0014267
0 0.13375 0.293542 0.264714 0.565417 0.00130463
62 0.163844 0.111667 0.145174 0.2175 0.00127888
45 0.191708 0.369271 0.378958 0.508125 0.00126934
45 0.320443 0.742917 0.635312 0.4725 0.00121117
56 0.223753 0.322083 0.292021 0.633333 0.00118828
57 0.347193 0.479583 0.694385 0.7975 0.0011692
0 0.118982 0.367917 0.212328 0.4325 0.00116539
62 0.186275 0.129115 0.19143 0.250937 0.00112438
50 0.512151 0.468437 0.38676 0.779792 0.00108147
50 0.0364242 0.27875 0.0709328 0.270833 0.00106525
58 0.949625 0.614583 0.0980834 0.2225 0.00106049
47 0.125669 0.287083 0.249667 0.549167 0.00104809
71 0.580559 0.8375 0.831758 0.291667 0.00100803
75 0.507135 0.595 0.256354 0.458333 0.878906
58 0.516888 0.490729 0.402922 0.821875 0.470703
47 0.029223 0.101667 0.0574707 0.145833 0.0545959
60 0.568438 0.8275 0.858229 0.3 0.0535889
58 0.87049 0.603333 0.140437 0.268333 0.0455322
58 0.124137 0.339167 0.246323 0.486667 0.0372009
60 0.319328 0.742083 0.631969 0.474167 0.0231476
58 0.856 0.612083 0.107 0.245833 0.0227203
60 0.576797 0.652917 0.837052 0.615833 0.0224609
58 0.159664 0.375833 0.314313 0.491667 0.0209656
49 0.026541 0.102708 0.053082 0.140833 0.0175781
58 0.89724 0.563333 0.198396 0.35 0.0157166
60 0.384253 0.665833 0.710547 0.621667 0.01297
58 0.507135 0.596667 0.256354 0.461667 0.0111618
58 0.940708 0.582917 0.113687 0.2975 0.0106964
47 0.03807 0.206198 0.075722 0.364271 0.00857544
58 0.777979 0.533333 0.441375 0.433333 0.00793457
60 0.368091 0.794792 0.715005 0.37375 0.00746155
50 0.12762 0.347083 0.254125 0.485833 0.00677109
58 0.349979 0.464062 0.686583 0.816875 0.00629044
47 0.0219434 0.105208 0.0438867 0.132083 0.00568771
58 0.0883307 0.296667 0.174432 0.53 0.00564194
47 0.035388 0.117917 0.0693828 0.179167 0.00503922
49 0.0347611 0.106042 0.0686862 0.15375 0.00455475
47 0.0411351 0.126667 0.0817129 0.219583 0.00452042
58 0.640885 0.557917 0.34775 0.4425 0.00436401
49 0.0202802 0.107396 0.0399683 0.126042 0.00395966
58 0.800271 0.5825 0.323229 0.321667 0.0039444
75 0.507693 0.706667 0.191708 0.231667 0.00382423
58 0.239635 0.47375 0.478714 0.649167 0.00379562
58 0.511594 0.268281 0.376729 0.375104 0.00374985
60 0.443047 0.7675 0.886094 0.425 0.00372124
60 0.347193 0.5975 0.682125 0.418333 0.00353813
0 0.089097 0.309167 0.175686 0.5 0.00344276
60 0.237128 0.6375 0.466453 0.328333 0.00344276
0 0.356667 0.470104 0.706646 0.813125 0.00338936
60 0.345799 0.469583 0.691599 0.800833 0.00319672
58 0.21818 0.402396 0.42187 0.506875 0.00309944
56 0.143746 0.375 0.2737 0.483333 0.00277901
50 0.089097 0.309167 0.175686 0.5 0.00244331
47 0.067502 0.210417 0.133611 0.3975 0.00214958
58 0.879964 0.527917 0.235177 0.429167 0.00214958
60 0.234341 0.55625 0.463109 0.479167 0.00202751
58 0.83538 0.60375 0.254125 0.281667 0.00201988
77 0.518839 0.47375 0.402365 0.789167 0.00201035
75 0.679339 0.5575 0.275302 0.403333 0.00194931
60 0.675577 1 0.608284 0 0.00192642
75 0.864917 0.611667 0.124833 0.244167 0.00176811
60 0.43831 0.84 0.87662 0.283333 0.00169373
60 0.35388 0.669583 0.678781 0.2875 0.0016489
50 0.170949 0.360417 0.339112 0.519167 0.00161076
58 0.935135 0.528437 0.127063 0.413125 0.00157928
56 0.198082 0.320833 0.230231 0.630833 0.00156689
56 0.19143 0.369583 0.377286 0.5075 0.00154877
58 0.433016 0.451667 0.224031 0.716667 0.00153065
77 0.112573 0.30125 0.222917 0.535833 0.00150108
0 0.117798 0.367604 0.209124 0.434792 0.00148964
56 0.679339 0.545937 0.269729 0.423125 0.00146675
62 0.164401 0.112187 0.14601 0.219375 0.00141048
0 0.134899 0.293542 0.266873 0.56625 0.00139427
71 0.580698 0.838333 0.831479 0.29 0.00134087
62 0.18617 0.13375 0.191081 0.260833 0.00129414
57 0.345799 0.478229 0.691599 0.791875 0.00117874
45 0.19143 0.369583 0.377286 0.5075 0.00111198
50 0.0365113 0.262552 0.0710373 0.304896 0.00104809
32 0.0281084 0.103125 0.0562168 0.137083 0.00103188
45 0.319328 0.742083 0.631969 0.474167 0.00102806
56 0.765579 0.544167 0.455029 0.435833 0.00101662
39 0.138208 0.333333 0.266943 0.518333 0.00100803
58 0.925104 0.568333 0.14824 0.323333 0.00100803
75 0.507135 0.595833 0.256354 0.458333 0.896973
58 0.517167 0.484583 0.403479 0.809167 0.517578
47 0.0293971 0.101667 0.057819 0.14625 0.0579224
60 0.56788 0.83 0.859344 0.298333 0.0525208
58 0.87049 0.602917 0.140437 0.269167 0.0477905
58 0.136815 0.362917 0.266943 0.4875 0.0366211
58 0.856 0.612083 0.107 0.245833 0.0215302
49 0.026541 0.103021 0.053082 0.141458 0.0207977
60 0.577911 0.655833 0.834823 0.613333 0.0202942
60 0.313755 0.7425 0.620823 0.475 0.019989
58 0.112434 0.299167 0.222638 0.54 0.0155411
58 0.896125 0.57125 0.198396 0.334167 0.0154266
58 0.191012 0.368333 0.377008 0.510833 0.0139542
58 0.506857 0.5975 0.255797 0.461667 0.012291
60 0.381745 0.67125 0.703302 0.610833 0.0116882
58 0.941266 0.582917 0.113688 0.2975 0.0104904
47 0.03807 0.205 0.075722 0.363333 0.00971222
60 0.370042 0.793333 0.716677 0.378333 0.00812531
58 0.777979 0.534062 0.441375 0.430208 0.00751877
50 0.12748 0.34375 0.253846 0.4925 0.00723267
49 0.0347524 0.106667 0.0685643 0.155 0.00656509
47 0.0353184 0.117917 0.0692435 0.179167 0.00619125
47 0.0219085 0.105208 0.0438171 0.132083 0.00572968
49 0.0207591 0.109271 0.0414486 0.123958 0.00479126
58 0.347471 0.460833 0.677109 0.805 0.00475693
47 0.0427721 0.127448 0.084987 0.223437 0.00462723
58 0.658161 0.557083 0.313198 0.440833 0.00434875
58 0.52051 0.266875 0.378958 0.37125 0.00416565
60 0.441932 0.766875 0.883865 0.42625 0.0041008
58 0.795813 0.5825 0.334375 0.321667 0.00402451
75 0.504349 0.707917 0.192823 0.229167 0.00400543
58 0.239357 0.4775 0.477599 0.641667 0.00400543
60 0.236988 0.637917 0.466732 0.3275 0.00367928
0 0.0892363 0.307917 0.175965 0.5025 0.00356483
50 0.0892363 0.307917 0.175965 0.5025 0.00301552
60 0.343013 0.597917 0.671536 0.409167 0.00300407
0 0.354438 0.46875 0.699958 0.8025 0.00282288
60 0.342177 0.465833 0.684354 0.791667 0.0027256
47 0.0686165 0.209948 0.13584 0.398437 0.00259018
77 0.518839 0.470417 0.40125 0.7825 0.00237846
56 0.186693 0.378229 0.362797 0.493542 0.00218201
75 0.679757 0.552917 0.276695 0.4125 0.00211525
60 0.438031 0.84 0.876063 0.283333 0.00211525
56 0.142527 0.301458 0.27168 0.590417 0.00209999
58 0.88275 0.5275 0.229604 0.429167 0.00206757
60 0.23462 0.559583 0.463667 0.474167 0.00206757
58 0.832036 0.602917 0.260813 0.2825 0.00206757
77 0.112434 0.299167 0.222638 0.54 0.00186729
56 0.679339 0.545937 0.269729 0.423125 0.00160408
58 0.429393 0.449583 0.216786 0.7075 0.00154305
56 0.192231 0.315417 0.216299 0.620833 0.00150108
58 0.935135 0.52875 0.129292 0.413333 0.00145531
75 0.865474 0.611667 0.127063 0.243333 0.0014267
62 0.164262 0.114062 0.145732 0.223542 0.00142097
71 0.580141 0.840833 0.832594 0.286667 0.00139427
60 0.342734 0.66875 0.65426 0.279167 0.00133514
58 0.0900723 0.325833 0.177079 0.458333 0.00131512
60 0.681568 1 0.596302 0 0.00131512
50 0.0363633 0.269375 0.0706367 0.290417 0.00130939
62 0.18617 0.137292 0.191081 0.26875 0.00130463
50 0.517167 0.484583 0.403479 0.809167 0.00124454
0 0.767809 0.344167 0.430508 0.665 0.00117397
32 0.0281084 0.103333 0.0562168 0.1375 0.00116539
0 0.134725 0.291875 0.266664 0.564583 0.00116539
60 0.33326 0.851667 0.604104 0.258333 0.00115108
56 0.236988 0.637917 0.466732 0.3275 0.00112915
0 0.117171 0.366562 0.210656 0.431875 0.0011158
47 0.125112 0.283958 0.248552 0.54625 0.00110722
56 0.765579 0.545 0.455029 0.4325 0.00108624
39 0.138069 0.324583 0.268336 0.54 0.00106907
0 0.874948 0.6075 0.147125 0.253333 0.00106525
45 0.313755 0.7425 0.620823 0.475 0.00106525
75 0.208984 0.450729 0.137094 0.346875 0.00103188
57 0.343292 0.477917 0.686583 0.784167 0.00103188
72 0.68115 0.548437 0.269451 0.429792 0.00103188
56 0.164088 0.160833 0.150538 0.3125 0.00102806
75 0.507135 0.595833 0.256354 0.458333 0.90918
58 0.517445 0.480833 0.402922 0.801667 0.548828
47 0.0295365 0.101771 0.0580977 0.146042 0.0611877
58 0.87049 0.6025 0.140437 0.268333 0.058136
60 0.56788 0.8325 0.859344 0.295 0.0508118
58 0.137129 0.359583 0.268545 0.495833 0.0318604
49 0.0264365 0.103021 0.052873 0.141458 0.021286
58 0.856 0.612083 0.107 0.245833 0.0209656
60 0.312083 0.742917 0.617479 0.474167 0.0195618
60 0.580141 0.659583 0.830365 0.605833 0.0181885
58 0.896125 0.579167 0.196167 0.318333 0.0164032
58 0.11104 0.296875 0.22013 0.544583 0.0137405
58 0.506857 0.598333 0.255797 0.46 0.0123367
60 0.38063 0.676667 0.701073 0.601667 0.0120544
58 0.941823 0.583333 0.113688 0.296667 0.0116882
58 0.191012 0.366667 0.377008 0.514167 0.0112457
47 0.0380352 0.204115 0.0757917 0.361771 0.0104523
60 0.372549 0.791875 0.721693 0.382917 0.00881195
49 0.0347001 0.106667 0.0685295 0.155 0.00743103
58 0.777979 0.535417 0.441375 0.4275 0.00712204
47 0.035388 0.117812 0.0692435 0.178958 0.00698471
50 0.12762 0.338333 0.254682 0.503333 0.0068512
47 0.021804 0.105208 0.0436081 0.132083 0.00579834
49 0.0207591 0.109167 0.0413789 0.124167 0.00521851
47 0.0436081 0.126667 0.0866589 0.222917 0.00466537
60 0.441654 0.766875 0.883307 0.42625 0.00439835
75 0.504628 0.708333 0.192266 0.228333 0.00436401
58 0.818104 0.585417 0.287562 0.314167 0.00426483
58 0.511872 0.268698 0.377286 0.375937 0.0042305
60 0.236988 0.639583 0.466732 0.325833 0.00399017
58 0.665964 0.556667 0.296479 0.44 0.00388527
58 0.354438 0.467917 0.699958 0.795833 0.00366402
0 0.089515 0.307083 0.176522 0.505 0.00358009
58 0.891667 0.52625 0.211771 0.424167 0.00319672
60 0.342177 0.6 0.66875 0.401667 0.00319672
58 0.239357 0.480104 0.477042 0.636458 0.00317192
50 0.089515 0.307083 0.176522 0.505 0.00302696
47 0.0697311 0.209583 0.138069 0.399167 0.00279045
60 0.341063 0.464062 0.682125 0.783542 0.00263214
60 0.438031 0.84 0.876063 0.283333 0.00247192
0 0.354438 0.467917 0.699958 0.795833 0.00243378
77 0.518281 0.467917 0.40125 0.7775 0.00228691
60 0.234898 0.564062 0.464224 0.465208 0.00222588
77 0.11104 0.296875 0.22013 0.544583 0.00191879
56 0.142527 0.299583 0.27168 0.5875 0.00189686
56 0.186275 0.377396 0.361404 0.495208 0.00189686
75 0.679757 0.5525 0.276695 0.413333 0.00175476
56 0.679339 0.54625 0.269729 0.423333 0.0016489
71 0.580559 0.841458 0.831758 0.28375 0.00144386
62 0.164401 0.115417 0.14601 0.226667 0.00142097
58 0.428557 0.445729 0.215115 0.698542 0.00141048
58 0.0901419 0.325417 0.177497 0.459167 0.00141048
56 0.19035 0.31125 0.210029 0.6125 0.00140476
0 0.874948 0.6075 0.147125 0.253333 0.00139904
62 0.186414 0.13875 0.191151 0.272083 0.00139904
60 0.334375 0.8525 0.605219 0.258333 0.00139904
56 0.236988 0.639583 0.466732 0.325833 0.00139427
50 0.517445 0.480833 0.402922 0.801667 0.00137806
50 0.0363023 0.273958 0.07048 0.28125 0.00137234
58 0.934578 0.528437 0.129292 0.413125 0.00133514
60 0.334932 0.669167 0.636427 0.276667 0.00126934
32 0.0281432 0.103333 0.0562865 0.1375 0.00124454
75 0.866031 0.612083 0.127063 0.243333 0.00123501
0 0.757359 0.392917 0.45475 0.744167 0.00121117
47 0.124555 0.283125 0.247437 0.545417 0.00118351
72 0.68101 0.548333 0.268615 0.428333 0.00110722
71 0.312083 0.742917 0.617479 0.474167 0.00109482
56 0.164366 0.162083 0.150538 0.3175 0.00105667
47 0.0329499 0.324583 0.0658997 0.17 0.00105286
75 0.210517 0.45125 0.134029 0.344167 0.00104809
45 0.312083 0.742917 0.617479 0.474167 0.00103188
56 0.14096 0.690833 0.270913 0.248333 0.00102425
39 0.138452 0.317083 0.270356 0.5575 0.00102043
75 0.506857 0.596667 0.256911 0.456667 0.921387
58 0.517445 0.48 0.402922 0.8 0.57373
47 0.0295016 0.101875 0.058028 0.14625 0.0639648
58 0.87049 0.603333 0.140437 0.2675 0.0572815
60 0.56788 0.833542 0.859344 0.292917 0.052124
58 0.13678 0.3575 0.268127 0.499167 0.029541
49 0.0262798 0.103229 0.0525596 0.141875 0.0224609
58 0.856 0.6125 0.107 0.245 0.0189056
60 0.308182 0.743333 0.609677 0.473333 0.0184021
60 0.581255 0.660417 0.827021 0.604167 0.0170441
58 0.89501 0.583333 0.196167 0.31 0.0147858
60 0.397628 0.718333 0.743984 0.523333 0.0140076
58 0.110344 0.3125 0.219573 0.51 0.0126724
58 0.507135 0.591667 0.257469 0.461667 0.0118713
47 0.0383138 0.202708 0.076349 0.359583 0.0117798
58 0.190872 0.365 0.377286 0.519167 0.0111618
58 0.941823 0.583333 0.112573 0.296667 0.0103302
60 0.38676 0.83 0.717792 0.308333 0.0100555
49 0.0346914 0.106875 0.0684076 0.155 0.00857544
47 0.0353532 0.117708 0.0691738 0.178333 0.00796509
58 0.777979 0.53625 0.441375 0.425833 0.00725937
50 0.127062 0.334583 0.253568 0.509167 0.00695801
49 0.0207678 0.108958 0.0415008 0.124583 0.00575256
58 0.891667 0.535729 0.212885 0.413542 0.00564194
47 0.0217344 0.105208 0.0434688 0.1325 0.0055542
47 0.0452799 0.122708 0.0900026 0.21625 0.00508118
58 0.83538 0.589167 0.254125 0.306667 0.0046463
60 0.441932 0.766875 0.883865 0.42625 0.00455475
58 0.519674 0.267448 0.38063 0.371771 0.00429916
75 0.504628 0.708333 0.192266 0.228333 0.00418091
60 0.236849 0.641667 0.46701 0.321667 0.00408554
47 0.0698704 0.208385 0.138348 0.396562 0.00351143
58 0.671536 0.55625 0.284219 0.439167 0.00348282
60 0.366698 0.619167 0.670979 0.491667 0.00329781
0 0.0894453 0.305833 0.176661 0.5075 0.00318527
58 0.341063 0.47625 0.682125 0.770833 0.00312424
58 0.239635 0.481562 0.477042 0.633542 0.00312424
50 0.0894453 0.305833 0.176661 0.5075 0.00299263
77 0.51856 0.46625 0.400693 0.774167 0.0024147
60 0.341063 0.47625 0.682125 0.770833 0.00232315
0 0.35388 0.4675 0.696615 0.788333 0.00214958
60 0.235177 0.564583 0.464781 0.464167 0.0020752
77 0.112712 0.295625 0.223753 0.547917 0.00184631
50 0.179448 0.354167 0.356667 0.534167 0.00178242
75 0.679757 0.55375 0.276695 0.410833 0.0016489
56 0.236849 0.641667 0.46701 0.321667 0.00158501
62 0.186275 0.140469 0.190872 0.275729 0.00156116
50 0.0362152 0.280625 0.0702362 0.267083 0.00154305
0 0.874948 0.607917 0.147125 0.2525 0.00153065
58 0.957427 0.584167 0.0824792 0.281667 0.00150108
50 0.517445 0.48 0.402922 0.8 0.00148964
56 0.142632 0.29875 0.273143 0.585833 0.00146675
56 0.187529 0.37625 0.366698 0.4975 0.00144386
62 0.164715 0.116458 0.146498 0.22875 0.00141048
56 0.678781 0.546667 0.269729 0.423333 0.00140476
47 0.124833 0.281458 0.248273 0.542083 0.00136662
60 0.336047 0.643333 0.649802 0.326667 0.00128937
58 0.427443 0.444271 0.212885 0.693125 0.00124454
72 0.680453 0.548333 0.268615 0.428333 0.00121593
47 0.0329847 0.324583 0.0659694 0.169167 0.00119686
56 0.188365 0.309375 0.204526 0.609583 0.00118828
0 0.770734 0.337917 0.425771 0.6525 0.00118828
32 0.0281084 0.103437 0.0562168 0.137708 0.00118351
45 0.308182 0.743333 0.609677 0.473333 0.00118351
71 0.580141 0.841458 0.832594 0.28375 0.0011158
51 0.0316611 0.102292 0.0629043 0.147083 0.00109863
75 0.866031 0.6125 0.129292 0.243333 0.00109005
71 0.308182 0.743333 0.609677 0.473333 0.00108624
50 0.0345869 0.265417 0.0691738 0.1475 0.00104046
50 0.0654818 0.268802 0.12957 0.303229 0.00100803
75 0.507135 0.596667 0.256354 0.456667 0.928223
58 0.517445 0.478333 0.402922 0.796667 0.592773
58 0.87049 0.604167 0.139323 0.265 0.0720825
47 0.0296061 0.101771 0.058237 0.146042 0.0658569
60 0.568298 0.834167 0.858508 0.291667 0.0499573
58 0.135422 0.358646 0.265271 0.489375 0.0290833
49 0.0260882 0.103125 0.0521764 0.142083 0.021286
60 0.307625 0.744167 0.608562 0.471667 0.0177155
58 0.89501 0.587917 0.193937 0.3 0.0168457
60 0.581813 0.661667 0.825906 0.603333 0.0165253
60 0.547818 0.780833 0.863802 0.368333 0.0155411
58 0.108393 0.31125 0.215393 0.51 0.0132217
60 0.397349 0.719167 0.743427 0.521667 0.0131226
58 0.507135 0.5925 0.257469 0.461667 0.0120544
58 0.941823 0.583333 0.111458 0.296667 0.011734
47 0.0382093 0.2025 0.0760007 0.36 0.0115967
60 0.38676 0.830208 0.717792 0.309583 0.0104904
58 0.17694 0.355833 0.351651 0.530833 0.00945282
47 0.0353532 0.117708 0.0691738 0.178333 0.00769424
49 0.0346827 0.106667 0.0682856 0.154583 0.00748825
58 0.853771 0.612083 0.102542 0.240833 0.00734711
58 0.774078 0.555 0.431344 0.376667 0.00734711
50 0.125704 0.333958 0.251269 0.50375 0.00619125
49 0.0207591 0.108854 0.0413789 0.124792 0.00566483
47 0.0216299 0.105 0.0432598 0.1325 0.00551224
58 0.891667 0.5375 0.212885 0.41 0.00534439
47 0.0454193 0.119687 0.0902812 0.211458 0.00482941
58 0.854885 0.593333 0.209542 0.296667 0.00466537
75 0.504906 0.708333 0.191708 0.228333 0.00457382
60 0.441375 0.7675 0.88275 0.425 0.00436401
58 0.511872 0.268698 0.378401 0.375937 0.00429916
60 0.23671 0.6425 0.466174 0.318333 0.00395966
47 0.0704277 0.208698 0.139462 0.397604 0.00351143
0 0.0895846 0.305 0.17694 0.51 0.00351143
58 0.675438 0.555729 0.276417 0.436875 0.00305176
60 0.366141 0.618333 0.669865 0.483333 0.00294685
50 0.0895846 0.305 0.17694 0.51 0.00273705
58 0.353323 0.467083 0.693271 0.779167 0.00271416
58 0.239357 0.483437 0.476484 0.628125 0.00258064
60 0.339391 0.475 0.678781 0.76 0.00217438
77 0.518281 0.464583 0.40125 0.770833 0.00214958
60 0.234898 0.565417 0.464781 0.459167 0.00200272
77 0.110971 0.294375 0.22027 0.547917 0.00195694
0 0.353323 0.467083 0.693271 0.779167 0.00183868
0 0.874948 0.607917 0.147125 0.251667 0.0018177
58 0.957984 0.584167 0.0813646 0.281667 0.00171375
62 0.186449 0.137917 0.191081 0.270833 0.00168705
56 0.23671 0.6425 0.466174 0.318333 0.00163555
50 0.0360759 0.281875 0.0699575 0.26375 0.00158501
75 0.679896 0.555 0.276417 0.408333 0.00152493
62 0.16454 0.115833 0.146289 0.2275 0.00150681
50 0.17694 0.355833 0.351651 0.530833 0.0014782
56 0.142388 0.299167 0.272516 0.586667 0.00145531
50 0.517445 0.478333 0.402922 0.796667 0.00145531
47 0.123719 0.282083 0.245766 0.544167 0.00130939
72 0.680453 0.548333 0.268615 0.428333 0.0012846
56 0.186553 0.377083 0.362518 0.495833 0.00126457
58 0.426607 0.443229 0.211214 0.690208 0.00124454
32 0.0281084 0.103333 0.0562168 0.137917 0.0012207
45 0.307625 0.744167 0.608562 0.471667 0.00119209
47 0.0329499 0.324375 0.0658997 0.170417 0.00116062
56 0.678781 0.54625 0.269729 0.423333 0.00116062
71 0.307625 0.744167 0.608562 0.471667 0.00113773
60 0.331031 0.6425 0.638656 0.323333 0.00113392
58 0.92176 0.576667 0.153813 0.305833 0.00109863
45 0.141866 0.75 0.283592 0.438333 0.00109863
0 0.771292 0.333333 0.421313 0.640833 0.00108147
71 0.580698 0.8425 0.831479 0.283333 0.00108147
56 0.187842 0.309167 0.203342 0.608333 0.00107288
50 0.0345521 0.265417 0.0691042 0.1475 0.00105286
45 0.134063 0.674583 0.26743 0.2825 0.00105286
75 0.866031 0.6125 0.128177 0.243333 0.00104809
51 0.0317569 0.102187 0.0631307 0.146875 0.00103188
75 0.506857 0.596667 0.256911 0.456667 0.927734
58 0.517445 0.478333 0.402922 0.796667 0.592773
58 0.87049 0.604167 0.140437 0.266667 0.0687866
47 0.0296061 0.101875 0.0583763 0.14625 0.0670776
60 0.568298 0.835208 0.858508 0.292917 0.0496826
58 0.135422 0.359167 0.265271 0.488333 0.0287628
49 0.0260534 0.103229 0.0521068 0.142292 0.02211
58 0.856 0.6125 0.107 0.245 0.0198669
60 0.30651 0.744167 0.607448 0.471667 0.0175781
60 0.581673 0.661667 0.82507 0.605 0.0168457
58 0.89501 0.5875 0.193937 0.301667 0.016098
60 0.547818 0.780833 0.863802 0.368333 0.0155411
58 0.108951 0.311667 0.216786 0.509167 0.0130692
60 0.396792 0.719583 0.742312 0.520833 0.0130234
58 0.507135 0.5925 0.257469 0.461667 0.0121918
47 0.03807 0.202083 0.075722 0.359167 0.011734
58 0.941823 0.583333 0.111458 0.296667 0.0112915
60 0.386482 0.830208 0.717234 0.309583 0.0105286
58 0.17694 0.35625 0.351651 0.53 0.00948334
47 0.0353532 0.1175 0.0691738 0.178333 0.00821686
49 0.0346305 0.106875 0.0683901 0.155 0.00818634
58 0.774078 0.555 0.431344 0.3775 0.00754929
50 0.125809 0.334583 0.25106 0.5025 0.00653839
49 0.0207504 0.10875 0.0413963 0.125 0.00584412
47 0.0215951 0.105104 0.0431901 0.132708 0.00548935
58 0.891667 0.5375 0.212885 0.41 0.00530243
47 0.0453148 0.119271 0.0900723 0.210625 0.00502014
58 0.851542 0.5925 0.216229 0.298333 0.00502014
75 0.504906 0.708333 0.191708 0.228333 0.00462723
60 0.441375 0.7675 0.88275 0.425 0.00436401
58 0.511872 0.26875 0.378401 0.375833 0.00426483
60 0.23671 0.642083 0.466174 0.319167 0.00399017
47 0.0703581 0.207969 0.139323 0.396562 0.00365067
0 0.0895846 0.305417 0.17694 0.509167 0.00328636
58 0.675438 0.555729 0.276417 0.436875 0.00302696
60 0.366698 0.61875 0.670979 0.484167 0.00296974
58 0.339391 0.474896 0.678781 0.760208 0.00279999
50 0.0895846 0.305417 0.17694 0.509167 0.00276756
58 0.239357 0.483333 0.476484 0.628333 0.00269318
60 0.337719 0.459583 0.675438 0.764167 0.00215721
77 0.518281 0.464583 0.40125 0.770833 0.00210762
60 0.235177 0.565 0.464781 0.46 0.0020504
77 0.111598 0.294583 0.221523 0.5475 0.00194168
0 0.353323 0.466562 0.693271 0.780208 0.00186729
0 0.874948 0.608333 0.147125 0.251667 0.00177479
56 0.23671 0.642083 0.466174 0.319167 0.00170708
62 0.186449 0.137083 0.191081 0.269167 0.00165462
58 0.957984 0.584167 0.0813646 0.281667 0.00162888
50 0.0360063 0.285417 0.0698182 0.256667 0.00161648
50 0.17694 0.35625 0.351651 0.53 0.00157928
75 0.679896 0.555 0.276417 0.408333 0.00156689
62 0.164401 0.115417 0.14601 0.226667 0.0014782
56 0.142249 0.298542 0.272794 0.585417 0.00143814
50 0.517445 0.478333 0.402922 0.796667 0.0014267
47 0.123997 0.282083 0.246602 0.543333 0.00138283
72 0.680453 0.548333 0.268615 0.428333 0.00132465
47 0.0329499 0.324583 0.0658997 0.17 0.00124454
56 0.186693 0.377083 0.362797 0.495833 0.00123024
32 0.0281084 0.103333 0.0562168 0.137917 0.00117397
45 0.30651 0.744167 0.607448 0.471667 0.00115108
56 0.678781 0.54625 0.269729 0.423333 0.0011425
58 0.426885 0.443333 0.211771 0.691667 0.00113392
71 0.30651 0.744167 0.607448 0.471667 0.0011158
50 0.0345521 0.265417 0.0691042 0.1475 0.00108624
0 0.771849 0.333333 0.420198 0.64 0.00108147
71 0.580837 0.8425 0.831201 0.283333 0.00108147
56 0.188783 0.309167 0.205919 0.609167 0.00107288
51 0.0318353 0.102292 0.0632526 0.147083 0.00106525
58 0.92176 0.576667 0.153813 0.306667 0.00105667
75 0.866031 0.6125 0.128177 0.243333 0.00103188
45 0.141831 0.75 0.283661 0.438333 0.00102425
