15 0.289062 0.433236 0.5625 0.707602 0.852051
15 0.541016 0.319627 0.367188 0.483553 0.0350037
16 0.288867 0.431774 0.558203 0.719298 0.0289764
26 0.623438 0.355751 0.204688 0.398635 0.0222931
15 0.405566 0.377071 0.63418 0.592836 0.0212097
15 0.621094 0.328704 0.207813 0.459552 0.0182648
75 0.622266 0.355751 0.204688 0.401559 0.0181885
14 0.242578 0.0684698 0.0261719 0.0326511 0.0173035
15 0.458691 0.32846 0.532617 0.503899 0.0170441
14 0.315234 0.435673 0.617969 0.721248 0.0141754
0 0.622266 0.355751 0.204688 0.401559 0.0105286
58 0.622266 0.355751 0.204688 0.401559 0.00945282
24 0.63125 0.373294 0.185938 0.362573 0.00898743
22 0.622266 0.355751 0.204688 0.401559 0.00703812
58 0.563281 0.321637 0.322656 0.473684 0.00638962
27 0.623047 0.356725 0.203906 0.39961 0.00595856
14 0.623438 0.355751 0.204688 0.398635 0.00561905
39 0.623047 0.356725 0.203906 0.39961 0.00557709
15 0.455859 0.263889 0.203906 0.372807 0.00450516
46 0.623438 0.355751 0.204688 0.398635 0.00446701
0 0.563281 0.321637 0.322656 0.473684 0.00411606
15 0.391504 0.313353 0.335742 0.468811 0.00279999
23 0.293555 0.427388 0.553516 0.696881 0.00279999
35 0.622656 0.370858 0.2 0.374269 0.00277901
26 0.563281 0.321637 0.322656 0.473684 0.0026207
77 0.623438 0.355751 0.204688 0.398635 0.00258064
0 0.446777 0.375731 0.55957 0.58577 0.00242424
22 0.563281 0.321637 0.322656 0.473684 0.00214005
23 0.621094 0.328704 0.207813 0.459552 0.00206757
22 0.458691 0.32846 0.532617 0.503899 0.00201988
16 0.623047 0.356725 0.203906 0.39961 0.00189686
10 0.622266 0.355751 0.204688 0.401559 0.00183868
75 0.563281 0.321637 0.322656 0.473684 0.00174809
13 0.623438 0.352339 0.203125 0.410331 0.00163555
17 0.622266 0.355751 0.204688 0.401559 0.00161076
50 0.623047 0.356725 0.203906 0.39961 0.00154877
0 0.292188 0.431287 0.548438 0.724172 0.00154877
23 0.541016 0.319627 0.367188 0.483553 0.00135612
21 0.315234 0.435673 0.617969 0.721248 0.00134563
55 0.623047 0.356725 0.203906 0.39961 0.00134087
13 0.418848 0.378655 0.616992 0.602339 0.0012064
58 0.458691 0.32846 0.532617 0.503899 0.00117874
56 0.621094 0.328704 0.207813 0.459552 0.00116539
77 0.563281 0.321637 0.322656 0.473684 0.00108624
28 0.625 0.369396 0.196875 0.374269 0.00106525
15 0.450391 0.21808 0.184375 0.27924 0.00102425
14 0.572656 0.200292 0.09375 0.0789474 0.00101662
15 0.287695 0.433723 0.560547 0.709552 0.852051
14 0.242578 0.0687134 0.0257812 0.0326511 0.0397949
26 0.623438 0.356725 0.204688 0.398635 0.0311432
16 0.287891 0.432627 0.55625 0.721491 0.0310211
75 0.621875 0.356238 0.20625 0.402534 0.029541
15 0.53916 0.318713 0.37168 0.476608 0.0280151
15 0.619922 0.329678 0.208594 0.458577 0.0234222
14 0.307227 0.436647 0.601172 0.723197 0.021286
0 0.621875 0.356238 0.20625 0.402534 0.0146179
58 0.621875 0.356238 0.20625 0.402534 0.0131683
24 0.63125 0.375731 0.185938 0.358674 0.0115967
15 0.463281 0.322125 0.523438 0.491228 0.0105286
15 0.455469 0.262914 0.203906 0.373782 0.0100937
15 0.409375 0.367446 0.624219 0.573099 0.00974274
39 0.623438 0.357212 0.204688 0.400585 0.00894928
22 0.621875 0.356238 0.20625 0.402534 0.00861359
27 0.623438 0.357212 0.204688 0.400585 0.00706482
14 0.622656 0.354776 0.204688 0.402534 0.00584412
46 0.623438 0.356725 0.204688 0.398635 0.00468063
15 0.393359 0.310368 0.332031 0.463085 0.0037365
35 0.623438 0.356725 0.204688 0.398635 0.0037365
77 0.623438 0.356725 0.204688 0.398635 0.00329781
10 0.621875 0.356238 0.20625 0.402534 0.00314713
23 0.622656 0.336988 0.204688 0.442982 0.00305176
23 0.292578 0.428972 0.553906 0.699561 0.00298119
16 0.623438 0.357212 0.204688 0.400585 0.0024147
15 0.450098 0.216618 0.18418 0.278265 0.00226974
21 0.307227 0.436647 0.601172 0.723197 0.00226974
55 0.623438 0.357212 0.204688 0.400585 0.00221634
17 0.621875 0.356238 0.20625 0.402534 0.00216484
0 0.242578 0.0687134 0.0257812 0.0326511 0.00215721
14 0.241016 0.0713938 0.03125 0.0394737 0.00215721
13 0.622656 0.356238 0.204688 0.404483 0.00197983
15 0.399902 0.397173 0.331445 0.260234 0.00192642
50 0.623438 0.357212 0.204688 0.400585 0.00185299
0 0.291797 0.432749 0.546875 0.727096 0.0018177
28 0.623438 0.357212 0.204688 0.400585 0.00168133
15 0.453906 0.318226 0.210156 0.268031 0.00162315
0 0.463281 0.322125 0.523438 0.491228 0.00158501
14 0.572656 0.200049 0.09375 0.0789474 0.00156689
13 0.410059 0.380117 0.636133 0.599415 0.0014782
22 0.53916 0.318713 0.37168 0.476608 0.00147247
23 0.541406 0.319627 0.366406 0.483553 0.00143242
22 0.463281 0.322125 0.523438 0.491228 0.00126457
56 0.622656 0.336988 0.204688 0.442982 0.00124454
32 0.623438 0.356725 0.204688 0.398635 0.00124454
0 0.53916 0.318713 0.37168 0.476608 0.00117874
58 0.542969 0.319201 0.363281 0.480507 0.00115585
14 0.455469 0.262914 0.203906 0.373782 0.0011425
18 0.307227 0.436647 0.601172 0.723197 0.00103188
58 0.463281 0.322125 0.523438 0.491228 0.00102425
15 0.2875 0.434576 0.560938 0.709795 0.863281
14 0.242578 0.0685916 0.0257812 0.0324074 0.0596619
26 0.623438 0.357212 0.204688 0.39961 0.0358276
15 0.541406 0.319444 0.366406 0.483918 0.0274811
75 0.622656 0.356725 0.20625 0.403509 0.0271759
15 0.61875 0.32846 0.211719 0.461988 0.0209656
16 0.288086 0.433236 0.556641 0.722222 0.0193481
14 0.303516 0.437135 0.592969 0.724172 0.0192719
0 0.622656 0.356725 0.20625 0.403509 0.0149002
58 0.622656 0.356725 0.20625 0.403509 0.01297
15 0.455469 0.262731 0.204688 0.373173 0.012825
24 0.630859 0.378655 0.185938 0.352827 0.0125732
15 0.410059 0.363548 0.62207 0.565302 0.011734
39 0.623438 0.357212 0.204688 0.39961 0.0100555
22 0.622656 0.356725 0.20625 0.403509 0.00677109
27 0.623438 0.357822 0.204688 0.401316 0.00671768
15 0.394531 0.309211 0.332031 0.461501 0.00441742
0 0.242578 0.0685916 0.0257812 0.0324074 0.00419998
35 0.630859 0.378655 0.185938 0.352827 0.00411606
46 0.623438 0.357212 0.204688 0.39961 0.00408554
14 0.623438 0.357212 0.204688 0.39961 0.00403976
77 0.622656 0.356725 0.20625 0.403509 0.00333786
14 0.241016 0.0713938 0.03125 0.0394737 0.00309944
10 0.622656 0.356725 0.20625 0.403509 0.003088
15 0.449902 0.216313 0.18457 0.2779 0.00277901
15 0.400098 0.397173 0.332617 0.260234 0.0026722
23 0.303516 0.437135 0.592969 0.724172 0.00255013
23 0.622656 0.336745 0.204688 0.444444 0.00247192
21 0.303516 0.437135 0.592969 0.724172 0.00232315
13 0.622656 0.356238 0.204688 0.405458 0.00220871
55 0.623438 0.357822 0.204688 0.401316 0.00216484
16 0.623438 0.357822 0.204688 0.401316 0.00209999
15 0.453906 0.327485 0.210938 0.248538 0.00208282
28 0.623438 0.357822 0.204688 0.401316 0.00198746
14 0.572656 0.199805 0.09375 0.0789474 0.00189686
13 0.403516 0.381092 0.65 0.599415 0.00188923
17 0.622656 0.356725 0.20625 0.403509 0.00185299
0 0.291406 0.433723 0.546094 0.727096 0.00168705
50 0.623438 0.357822 0.204688 0.401316 0.00168133
32 0.636328 0.388889 0.177344 0.331384 0.00165462
0 0.466309 0.321577 0.517383 0.489401 0.00152493
56 0.622656 0.336745 0.204688 0.444444 0.00133038
14 0.455469 0.262731 0.204688 0.373173 0.00119686
23 0.541406 0.319444 0.366406 0.483918 0.00116062
58 0.542578 0.319201 0.364063 0.480507 0.00116062
22 0.53916 0.318653 0.370117 0.47673 0.00112438
0 0.53916 0.318653 0.370117 0.47673 0.00105286
29 0.623438 0.357212 0.204688 0.39961 0.00102425
6 0.625391 0.373173 0.196094 0.364766 0.00100803
58 0.466309 0.321577 0.517383 0.489401 0.00100803
15 0.287305 0.435185 0.559766 0.711501 0.881836
14 0.242578 0.0684698 0.0257812 0.0321637 0.0820923
26 0.623438 0.3577 0.204688 0.39961 0.037323
15 0.541016 0.319688 0.366406 0.484405 0.0299835
15 0.621484 0.353801 0.20625 0.407407 0.0231476
75 0.621875 0.356725 0.20625 0.404483 0.0189819
15 0.455469 0.262427 0.205469 0.372807 0.0166626
0 0.621875 0.356725 0.20625 0.404483 0.014389
15 0.414844 0.359162 0.614062 0.55848 0.0129242
24 0.630469 0.380604 0.185938 0.348928 0.0120087
16 0.287695 0.434576 0.555859 0.723441 0.0105667
39 0.623438 0.3577 0.204688 0.39961 0.00952148
14 0.301563 0.438109 0.589063 0.724172 0.00930023
58 0.621875 0.356725 0.20625 0.404483 0.0091629
22 0.621875 0.356725 0.20625 0.404483 0.00709534
27 0.623438 0.3577 0.204688 0.401559 0.00664139
0 0.242578 0.0684698 0.0257812 0.0321637 0.00605011
15 0.395703 0.30854 0.328906 0.460892 0.00448608
35 0.630469 0.380604 0.185938 0.348928 0.00428009
46 0.623438 0.3577 0.204688 0.39961 0.00387001
14 0.241211 0.0713938 0.0308594 0.0394737 0.00380898
15 0.450098 0.215643 0.185742 0.278265 0.00369263
15 0.400879 0.397783 0.332617 0.260965 0.00369263
77 0.623438 0.3577 0.204688 0.39961 0.00281143
15 0.453516 0.336257 0.210938 0.229045 0.0026722
10 0.621875 0.356725 0.20625 0.404483 0.00252151
14 0.623438 0.3577 0.204688 0.39961 0.00239754
55 0.623438 0.3577 0.204688 0.39961 0.00214958
28 0.623438 0.3577 0.204688 0.401559 0.00210762
13 0.401172 0.381579 0.655469 0.599415 0.00198746
16 0.623438 0.3577 0.204688 0.401559 0.00197983
21 0.298828 0.435794 0.583594 0.717105 0.00191879
14 0.572656 0.199805 0.09375 0.07846 0.00191212
32 0.636328 0.391813 0.177344 0.325536 0.00188255
13 0.622656 0.355872 0.204688 0.407164 0.00186729
23 0.622656 0.336745 0.205469 0.445419 0.00182438
23 0.301563 0.438109 0.589063 0.724172 0.00167465
17 0.621875 0.356725 0.20625 0.404483 0.00152493
0 0.473828 0.320602 0.502344 0.487451 0.00150108
56 0.622656 0.336745 0.205469 0.445419 0.00132465
15 0.453223 0.382066 0.20918 0.137427 0.00130939
0 0.291016 0.435794 0.545313 0.728801 0.00129414
50 0.623438 0.3577 0.204688 0.401559 0.00127411
15 0.508203 0.22807 0.3 0.304094 0.00112915
26 0.542188 0.318957 0.365625 0.480994 0.00112915
14 0.455469 0.262427 0.205469 0.372807 0.00109863
24 0.614844 0.326754 0.21875 0.4654 0.00104809
15 0.288281 0.435673 0.55625 0.727096 0.896484
14 0.242773 0.0684698 0.0253906 0.0316764 0.123352
26 0.623438 0.357212 0.204688 0.400585 0.0347595
15 0.539844 0.318713 0.369531 0.477583 0.028656
15 0.621875 0.353801 0.20625 0.407407 0.0227203
15 0.455371 0.261452 0.204883 0.373782 0.0198669
75 0.621875 0.356847 0.20625 0.405214 0.0164642
0 0.621875 0.356847 0.20625 0.405214 0.0147324
15 0.427734 0.359162 0.589063 0.55848 0.0106125
39 0.623438 0.357212 0.204688 0.400585 0.00963593
24 0.623438 0.357212 0.204688 0.400585 0.00948334
16 0.30332 0.438596 0.593359 0.727096 0.00930023
58 0.621875 0.356847 0.20625 0.405214 0.00878143
0 0.242773 0.0684698 0.0253906 0.0316764 0.00857544
22 0.621875 0.356847 0.20625 0.405214 0.00624084
27 0.623438 0.357578 0.205469 0.401803 0.00624084
14 0.291602 0.436647 0.572266 0.727096 0.00595856
14 0.241406 0.0712719 0.0304688 0.03923 0.00518036
15 0.396973 0.307749 0.32793 0.459552 0.0042305
15 0.400781 0.398514 0.333594 0.261452 0.00418091
15 0.450391 0.214973 0.185156 0.278631 0.00388527
35 0.630469 0.37963 0.186719 0.349903 0.00387001
46 0.623438 0.357212 0.204688 0.400585 0.00367928
15 0.454004 0.333821 0.210742 0.231969 0.00271416
77 0.621875 0.356847 0.20625 0.405214 0.00265312
10 0.621875 0.356847 0.20625 0.405214 0.00243378
55 0.623438 0.357212 0.204688 0.400585 0.00240517
28 0.623438 0.357578 0.205469 0.401803 0.00200272
14 0.572656 0.199805 0.09375 0.07846 0.00197983
16 0.623438 0.357578 0.205469 0.401803 0.00192642
13 0.622656 0.355872 0.204688 0.407164 0.00188255
14 0.623438 0.357212 0.204688 0.400585 0.00188255
13 0.399219 0.381944 0.660156 0.600634 0.00183868
23 0.291602 0.436647 0.572266 0.727096 0.0017271
23 0.622656 0.338938 0.204688 0.441033 0.00167465
21 0.291602 0.436647 0.572266 0.727096 0.00156689
0 0.477344 0.320115 0.496094 0.486477 0.0014782
17 0.621875 0.356847 0.20625 0.405214 0.00139427
15 0.453223 0.381579 0.20918 0.137427 0.00137234
56 0.622656 0.338938 0.204688 0.441033 0.00129414
32 0.636719 0.391813 0.177344 0.324561 0.00127411
32 0.242773 0.0684698 0.0253906 0.0316764 0.00124454
50 0.621875 0.356847 0.20625 0.405214 0.00124454
14 0.455371 0.261452 0.204883 0.373782 0.00122547
26 0.54209 0.318957 0.36582 0.480994 0.00116062
15 0.508203 0.227827 0.300781 0.304581 0.00100803
15 0.287695 0.437135 0.554297 0.729045 0.909668
14 0.242969 0.0682261 0.0257812 0.0311891 0.151001
15 0.53916 0.318713 0.370117 0.476608 0.0332031
15 0.455859 0.260478 0.204688 0.373782 0.0324707
26 0.623047 0.356238 0.203906 0.400585 0.0280151
15 0.608203 0.326937 0.232031 0.463085 0.0231476
0 0.621875 0.355751 0.20625 0.404483 0.0137939
16 0.300781 0.439449 0.589063 0.727339 0.0112457
75 0.621875 0.355751 0.20625 0.404483 0.00955963
0 0.242969 0.0682261 0.0257812 0.0311891 0.00937653
15 0.437402 0.357212 0.570508 0.552632 0.00888062
39 0.623047 0.356238 0.203906 0.400585 0.00834656
24 0.623047 0.356238 0.203906 0.400585 0.00712204
14 0.241406 0.0710283 0.0304688 0.03923 0.00616837
22 0.621875 0.355751 0.20625 0.404483 0.00616837
27 0.621875 0.355751 0.20625 0.404483 0.00579834
15 0.400684 0.398757 0.33457 0.264864 0.00547028
58 0.621875 0.355751 0.20625 0.404483 0.00536346
15 0.450391 0.214973 0.184375 0.279605 0.00492477
14 0.298828 0.445297 0.589844 0.715643 0.00426483
46 0.623047 0.356238 0.203906 0.400585 0.00407028
15 0.397656 0.306774 0.324219 0.456628 0.00348282
35 0.630469 0.379264 0.186719 0.350634 0.00344276
15 0.453906 0.328947 0.209375 0.236842 0.00337601
77 0.621875 0.355751 0.20625 0.404483 0.0024147
55 0.623047 0.356238 0.203906 0.400585 0.00223351
16 0.622656 0.357212 0.204688 0.401559 0.00198746
15 0.453027 0.381092 0.208008 0.134503 0.00188923
10 0.621875 0.355751 0.20625 0.404483 0.00186729
23 0.289258 0.437135 0.567578 0.727096 0.00183105
14 0.572656 0.199805 0.09375 0.07846 0.00172043
13 0.622266 0.354288 0.203906 0.407407 0.00171375
13 0.400684 0.381213 0.656445 0.602096 0.00161076
28 0.622656 0.357212 0.204688 0.401559 0.00160408
0 0.491016 0.319749 0.46875 0.484284 0.00152493
14 0.455859 0.260478 0.204688 0.373782 0.00150108
15 0.345313 0.406311 0.242188 0.257554 0.00144386
14 0.623047 0.356238 0.203906 0.400585 0.00139904
23 0.622656 0.338694 0.203125 0.44152 0.00131512
21 0.289258 0.437135 0.567578 0.727096 0.00129414
32 0.242969 0.0682261 0.0257812 0.0311891 0.00124931
26 0.541504 0.318957 0.366992 0.480994 0.00123501
50 0.621875 0.355751 0.20625 0.404483 0.00118828
17 0.621875 0.355751 0.20625 0.404483 0.00115108
56 0.622656 0.338694 0.203125 0.44152 0.00111198
26 0.636719 0.3923 0.176563 0.323587 0.00109005
15 0.286523 0.437622 0.553516 0.72807 0.91748
14 0.242969 0.0682261 0.0257812 0.0311891 0.130249
15 0.539062 0.318713 0.370313 0.475634 0.0432129
15 0.455859 0.25999 0.203906 0.372807 0.0428772
15 0.620703 0.349781 0.205469 0.41155 0.0265503
26 0.622656 0.356238 0.203125 0.39961 0.024704
16 0.288281 0.450171 0.566406 0.694201 0.014061
0 0.621875 0.354898 0.204688 0.403265 0.0109863
15 0.441406 0.355751 0.563281 0.547758 0.00941467
39 0.622656 0.356238 0.203125 0.39961 0.00844574
0 0.242969 0.0682261 0.0257812 0.0311891 0.00746155
15 0.400781 0.398514 0.335938 0.265351 0.0068779
24 0.630469 0.37963 0.185938 0.348928 0.00653839
27 0.622656 0.356238 0.203125 0.39961 0.00577545
75 0.621875 0.354898 0.204688 0.403265 0.00561905
15 0.450391 0.215643 0.184375 0.280214 0.00559998
14 0.241406 0.0710283 0.0304688 0.0389864 0.00527954
22 0.621875 0.354898 0.204688 0.403265 0.00494385
0 0.575 0.325536 0.296875 0.464912 0.00445175
46 0.622656 0.356238 0.203125 0.39961 0.00399017
15 0.453906 0.325536 0.209375 0.240741 0.00379562
35 0.630469 0.37963 0.185938 0.348928 0.00366402
14 0.296875 0.445297 0.585938 0.713694 0.00356483
15 0.398828 0.306104 0.320312 0.454069 0.00327301
26 0.575 0.325536 0.296875 0.464912 0.00325966
16 0.622656 0.356603 0.204688 0.399854 0.0026722
58 0.621875 0.354898 0.204688 0.403265 0.00261116
15 0.453027 0.379995 0.208008 0.132797 0.00213242
77 0.621875 0.354898 0.204688 0.403265 0.00211525
58 0.575 0.325536 0.296875 0.464912 0.00209999
23 0.286719 0.436647 0.563281 0.726121 0.00206757
55 0.622656 0.356238 0.203125 0.39961 0.00194168
15 0.345117 0.405945 0.242578 0.260234 0.00191879
14 0.455859 0.25999 0.203906 0.372807 0.00154305
0 0.511719 0.319262 0.427344 0.48136 0.00151253
10 0.621875 0.354898 0.204688 0.403265 0.00145531
14 0.572656 0.199805 0.09375 0.07846 0.00138855
21 0.288281 0.450171 0.566406 0.694201 0.00129414
16 0.455859 0.25999 0.203906 0.372807 0.0012846
23 0.621875 0.336745 0.203125 0.44347 0.0012846
13 0.404785 0.380604 0.648242 0.599415 0.00125504
28 0.622656 0.356603 0.204688 0.399854 0.00124454
32 0.242969 0.0682261 0.0257812 0.0311891 0.00112438
22 0.575 0.325536 0.296875 0.464912 0.00112438
13 0.622656 0.352705 0.203125 0.407651 0.00105286
15 0.507715 0.231421 0.301758 0.311038 0.00104046
15 0.286328 0.438109 0.554688 0.72807 0.922363
14 0.242969 0.0682261 0.0257812 0.0307018 0.123352
15 0.538965 0.318957 0.370508 0.475146 0.0600891
15 0.620313 0.348441 0.20625 0.413255 0.0438538
15 0.455859 0.259747 0.203125 0.37232 0.0411377
26 0.622656 0.355751 0.203906 0.39961 0.0202484
16 0.288281 0.445906 0.567187 0.702729 0.0115967
15 0.443359 0.352339 0.559375 0.538986 0.0105667
0 0.242969 0.0682261 0.0257812 0.0307018 0.00847626
15 0.400684 0.39961 0.336133 0.265107 0.00806427
0 0.621484 0.354654 0.205469 0.401803 0.00800323
39 0.622656 0.355751 0.203906 0.39961 0.00769424
27 0.622656 0.355751 0.203906 0.39961 0.00651169
15 0.450879 0.216435 0.18418 0.281555 0.00593567
24 0.630469 0.378046 0.1875 0.351121 0.00564194
22 0.621484 0.354654 0.205469 0.401803 0.00488663
14 0.241406 0.0710283 0.0304688 0.0389864 0.00484848
15 0.453906 0.329922 0.209375 0.230994 0.00378036
75 0.621484 0.354654 0.205469 0.401803 0.00378036
16 0.621875 0.356847 0.204688 0.399366 0.00370789
46 0.622656 0.355751 0.203906 0.39961 0.00353813
0 0.553906 0.325536 0.339063 0.463938 0.0029583
14 0.297266 0.443957 0.5875 0.714425 0.00288963
35 0.630469 0.378046 0.1875 0.351121 0.00287819
15 0.398828 0.309698 0.321094 0.458577 0.00254059
26 0.553906 0.325536 0.339063 0.463938 0.00245285
23 0.285938 0.436525 0.561719 0.72539 0.00244331
15 0.453027 0.381092 0.208008 0.130604 0.00223351
15 0.34668 0.407286 0.245703 0.257554 0.00216484
77 0.621484 0.354654 0.205469 0.401803 0.00214005
55 0.622656 0.355751 0.203906 0.39961 0.0019722
23 0.621875 0.338207 0.203125 0.439571 0.00179577
14 0.455859 0.259747 0.203125 0.37232 0.00149536
16 0.455859 0.259747 0.203125 0.37232 0.00145531
21 0.288281 0.445906 0.567187 0.702729 0.00143242
58 0.621484 0.354654 0.205469 0.401803 0.00130939
10 0.621484 0.354654 0.205469 0.401803 0.00126457
14 0.572656 0.199805 0.09375 0.07846 0.0011034
22 0.553906 0.325536 0.339063 0.463938 0.00109863
23 0.540234 0.319932 0.367969 0.482943 0.00106049
15 0.366211 0.493665 0.331641 0.38694 0.00103188
28 0.621875 0.356847 0.204688 0.399366 0.00102806
58 0.553906 0.325536 0.339063 0.463938 0.00101185
15 0.285938 0.438109 0.555469 0.73002 0.924316
14 0.242969 0.0682261 0.0257812 0.0307018 0.118408
15 0.538672 0.319201 0.370313 0.475634 0.0690308
15 0.619531 0.348928 0.207813 0.411306 0.0470886
15 0.455859 0.25999 0.202344 0.372807 0.0463867
26 0.622266 0.355751 0.203906 0.397661 0.0200958
15 0.450391 0.347953 0.544531 0.52924 0.00912476
16 0.287305 0.442373 0.565234 0.707846 0.00912476
15 0.400098 0.39961 0.337305 0.265107 0.00818634
0 0.242969 0.0682261 0.0257812 0.0307018 0.00806427
15 0.45 0.217349 0.182812 0.282651 0.00720596
0 0.621094 0.355263 0.204688 0.400585 0.00584412
27 0.622266 0.355751 0.203906 0.397661 0.00582123
39 0.622266 0.355751 0.203906 0.397661 0.00564194
22 0.621094 0.355263 0.204688 0.400585 0.00553513
24 0.629687 0.376706 0.1875 0.353801 0.00475693
14 0.241211 0.0711501 0.0304688 0.0389864 0.00462723
15 0.453906 0.326754 0.208594 0.239279 0.0039444
46 0.622266 0.355751 0.203906 0.397661 0.00356483
16 0.621484 0.357822 0.204688 0.397417 0.00321007
15 0.348047 0.407286 0.249219 0.257554 0.00284576
26 0.551562 0.328947 0.34375 0.457115 0.00266266
15 0.453125 0.381579 0.207813 0.130604 0.00239754
35 0.620703 0.372807 0.203125 0.366472 0.00239754
0 0.551562 0.328947 0.34375 0.457115 0.00239754
75 0.621484 0.357822 0.204688 0.397417 0.00236893
57 0.402441 0.469298 0.798242 0.913255 0.00227928
14 0.292969 0.442982 0.579688 0.716374 0.00218201
15 0.399609 0.309698 0.317969 0.458577 0.0020504
23 0.28457 0.435673 0.558984 0.727096 0.00204277
55 0.622266 0.355751 0.203906 0.397661 0.00198746
16 0.455859 0.25999 0.202344 0.372807 0.0015974
21 0.287305 0.442373 0.565234 0.707846 0.0014782
77 0.621094 0.355263 0.204688 0.400585 0.00144386
23 0.621875 0.344907 0.202344 0.425195 0.00131512
59 0.402441 0.469298 0.798242 0.913255 0.00128937
22 0.551562 0.328947 0.34375 0.457115 0.00126457
14 0.455859 0.25999 0.202344 0.372807 0.00123978
15 0.366211 0.493665 0.331641 0.393762 0.00112438
15 0.285938 0.438109 0.554688 0.731969 0.936523
14 0.242969 0.0682261 0.0257812 0.0311891 0.108215
15 0.538672 0.319444 0.370313 0.477096 0.0869141
15 0.61875 0.346979 0.209375 0.415205 0.0572815
15 0.455859 0.25999 0.201563 0.373782 0.0377502
26 0.622266 0.354898 0.203906 0.399366 0.0194244
15 0.453516 0.344542 0.5375 0.523392 0.00888062
0 0.242969 0.0682261 0.0257812 0.0311891 0.00784302
16 0.2875 0.438596 0.565625 0.7154 0.0069046
15 0.45 0.218324 0.182031 0.2846 0.00671768
15 0.391406 0.403509 0.332031 0.259259 0.00658798
27 0.622266 0.354898 0.203906 0.399366 0.00572968
22 0.621094 0.355263 0.204688 0.400585 0.00544739
14 0.241211 0.0711501 0.0308594 0.0389864 0.00432968
0 0.621094 0.355263 0.204688 0.400585 0.00428009
39 0.622266 0.354898 0.203906 0.399366 0.00421524
24 0.622266 0.354898 0.203906 0.399366 0.00405502
46 0.622266 0.354898 0.203906 0.399366 0.00395966
57 0.403906 0.470273 0.801562 0.919103 0.00342941
16 0.621094 0.357212 0.204688 0.397661 0.00336266
15 0.453906 0.316277 0.208594 0.263158 0.00296974
26 0.545313 0.327729 0.357031 0.460526 0.0024147
35 0.620313 0.370249 0.203125 0.372563 0.00200272
59 0.403906 0.470273 0.801562 0.919103 0.00191212
15 0.389453 0.339912 0.345313 0.515107 0.00189686
55 0.622266 0.354898 0.203906 0.399366 0.00188255
0 0.545313 0.327729 0.357031 0.460526 0.00184631
75 0.621094 0.357212 0.204688 0.397661 0.00178909
15 0.453223 0.382066 0.207617 0.132554 0.00150108
14 0.292578 0.440546 0.578125 0.719298 0.00143814
15 0.343164 0.406311 0.259766 0.26925 0.00141048
23 0.283984 0.435185 0.557031 0.72807 0.00141048
16 0.455859 0.25999 0.201563 0.373782 0.00131512
22 0.545313 0.327729 0.357031 0.460526 0.00130939
77 0.622266 0.354898 0.203906 0.399366 0.00121593
23 0.621875 0.346491 0.201563 0.423977 0.00113392
21 0.2875 0.438596 0.565625 0.7154 0.00107288
15 0.285156 0.436525 0.550781 0.729289 0.951172
15 0.538281 0.318713 0.370313 0.475634 0.109314
14 0.242578 0.0682261 0.0265625 0.0314327 0.0836182
15 0.619141 0.347831 0.207813 0.41155 0.0792236
15 0.455859 0.260965 0.200781 0.374756 0.0463867
26 0.622266 0.354654 0.203906 0.397904 0.0231476
0 0.242578 0.0682261 0.0265625 0.0314327 0.0100937
15 0.462891 0.345517 0.526563 0.521442 0.00763702
16 0.286914 0.440546 0.563672 0.707602 0.00703812
24 0.622266 0.354654 0.203906 0.397904 0.006073
15 0.387402 0.403387 0.325195 0.261452 0.00598145
15 0.402734 0.378168 0.389844 0.590643 0.00561905
27 0.622266 0.354654 0.203906 0.397904 0.00492477
16 0.621094 0.356847 0.203125 0.397417 0.00418091
22 0.621484 0.355872 0.203906 0.399366 0.00415039
46 0.621484 0.355872 0.203906 0.399366 0.00408554
15 0.45 0.214425 0.182031 0.274854 0.00400543
14 0.241016 0.0711501 0.03125 0.0389864 0.00351143
26 0.549219 0.327973 0.348438 0.459064 0.00296974
0 0.621484 0.355872 0.203906 0.399366 0.0027256
39 0.622266 0.354654 0.203906 0.397904 0.00240517
35 0.620313 0.371223 0.204688 0.370614 0.0019722
15 0.403223 0.308236 0.307617 0.455653 0.00176811
15 0.453027 0.381092 0.206445 0.137427 0.00162315
55 0.622266 0.354654 0.203906 0.397904 0.00156116
57 0.396875 0.465887 0.785937 0.908382 0.00149536
16 0.455859 0.260965 0.200781 0.374756 0.00140476
75 0.621094 0.356847 0.203125 0.397417 0.0012207
28 0.621094 0.356847 0.203125 0.397417 0.00116062
22 0.549219 0.327973 0.348438 0.459064 0.00113392
0 0.549219 0.327973 0.348438 0.459064 0.00105667
21 0.286914 0.440546 0.563672 0.707602 0.00102043
33 0.242969 0.0682261 0.0265625 0.0321637 0.00101662
15 0.284766 0.434211 0.550781 0.72807 0.954102
15 0.538281 0.31847 0.370313 0.476121 0.123779
15 0.614062 0.341374 0.217188 0.424464 0.0836182
14 0.242773 0.0682261 0.0265625 0.0316764 0.0534058
15 0.455859 0.261696 0.200781 0.375244 0.0342407
26 0.622656 0.355263 0.203125 0.398635 0.0236053
0 0.242773 0.0682261 0.0265625 0.0316764 0.0100937
15 0.460547 0.349903 0.530469 0.533138 0.00806427
24 0.619922 0.370858 0.203906 0.371345 0.00720596
16 0.288672 0.435185 0.567187 0.7154 0.00516129
16 0.622656 0.355263 0.203125 0.398635 0.00460815
46 0.622266 0.355629 0.202344 0.397904 0.00432968
27 0.622656 0.355263 0.203125 0.398635 0.00428009
15 0.388184 0.403996 0.326758 0.261209 0.00403976
26 0.541504 0.322064 0.363867 0.470882 0.00305176
15 0.45 0.215156 0.18125 0.275341 0.00261116
22 0.622266 0.355629 0.202344 0.397904 0.00258064
14 0.241016 0.0710283 0.03125 0.03923 0.00256157
35 0.619922 0.370858 0.203906 0.371345 0.00218201
0 0.622656 0.355263 0.203125 0.398635 0.00181007
39 0.622656 0.355263 0.203125 0.398635 0.00171375
15 0.399902 0.31116 0.312695 0.457602 0.00130939
57 0.389453 0.464912 0.771094 0.906433 0.00121117
33 0.242969 0.0682261 0.0273438 0.0321637 0.00119209
55 0.622656 0.355263 0.203125 0.398635 0.0011425
16 0.455859 0.261696 0.200781 0.375244 0.00109005
28 0.622656 0.355263 0.203125 0.398635 0.00109005
15 0.284375 0.437622 0.554688 0.721248 0.951172
15 0.538184 0.318287 0.370508 0.477461 0.135742
15 0.5875 0.330897 0.271875 0.447368 0.104492
15 0.623828 0.350755 0.199219 0.4096 0.0897827
14 0.242578 0.0681043 0.0265625 0.0321637 0.0330811
26 0.622656 0.354654 0.203125 0.399854 0.0173798
15 0.45625 0.262427 0.2 0.374756 0.0171814
15 0.457031 0.36306 0.5375 0.562378 0.00974274
24 0.620313 0.369274 0.203125 0.374513 0.00888062
26 0.5875 0.330897 0.271875 0.447368 0.00831604
0 0.242578 0.0681043 0.0265625 0.0321637 0.0064621
16 0.622656 0.354654 0.203125 0.399854 0.00486755
27 0.622656 0.354654 0.203125 0.399854 0.00318527
46 0.622656 0.354776 0.201563 0.400585 0.00277901
26 0.540234 0.318957 0.367188 0.477096 0.00265312
24 0.5875 0.330897 0.271875 0.447368 0.00213242
16 0.286719 0.437135 0.548438 0.741715 0.00213242
15 0.388379 0.40558 0.32793 0.259016 0.00186062
35 0.620313 0.369274 0.203125 0.374513 0.00176811
14 0.241016 0.0710283 0.03125 0.0394737 0.00166798
22 0.623828 0.350755 0.199219 0.4096 0.00163555
0 0.621094 0.357212 0.201563 0.397661 0.00146675
15 0.45 0.215948 0.18125 0.275707 0.00129414
22 0.5875 0.330897 0.271875 0.447368 0.00121593
16 0.5875 0.330897 0.271875 0.447368 0.00120163
33 0.242969 0.0682261 0.0273438 0.0326511 0.0011158
46 0.5875 0.330897 0.271875 0.447368 0.00108147
0 0.541797 0.320906 0.365625 0.489766 0.00107288
26 0.457031 0.36306 0.5375 0.562378 0.00103188
39 0.622656 0.354654 0.203125 0.399854 0.00101662
16 0.539453 0.317678 0.367969 0.481603 0.00100803
15 0.285156 0.439084 0.55625 0.726121 0.944824
15 0.539844 0.319444 0.365625 0.483918 0.133911
15 0.624219 0.347831 0.198437 0.415448 0.0836182
14 0.242773 0.0682261 0.0269531 0.0321637 0.0244293
26 0.622656 0.354776 0.203125 0.402534 0.014389
15 0.455371 0.369883 0.54082 0.576998 0.0108566
24 0.621484 0.369518 0.200781 0.375975 0.00993347
15 0.456641 0.263158 0.200781 0.374269 0.00959778
26 0.559766 0.324013 0.327344 0.46211 0.0069046
0 0.242773 0.0682261 0.0269531 0.0321637 0.00500107
16 0.622656 0.354776 0.203125 0.402534 0.00413513
27 0.622656 0.354776 0.203125 0.402534 0.00247192
24 0.559766 0.324013 0.327344 0.46211 0.0019722
46 0.622656 0.354776 0.203125 0.402534 0.00191212
16 0.286328 0.438596 0.551562 0.744639 0.00179577
35 0.621484 0.369518 0.200781 0.375975 0.00147247
0 0.621094 0.357212 0.201563 0.398635 0.00143242
22 0.624219 0.347831 0.198437 0.415448 0.00137806
15 0.388965 0.407286 0.32832 0.255604 0.00115108
33 0.242969 0.0682261 0.0273438 0.0326511 0.00113773
0 0.541797 0.321881 0.365625 0.490741 0.00113392
26 0.455371 0.369883 0.54082 0.576998 0.00104427
15 0.285156 0.440546 0.55625 0.729045 0.9375
15 0.539844 0.319444 0.366406 0.483918 0.122131
15 0.624219 0.347831 0.198437 0.415448 0.100525
14 0.242773 0.0681043 0.0269531 0.0321637 0.0231476
15 0.454688 0.376218 0.542969 0.590643 0.0125732
26 0.623047 0.355263 0.202344 0.402534 0.0119629
24 0.621875 0.371345 0.2 0.37232 0.0109863
15 0.456641 0.264193 0.201563 0.374147 0.00793457
26 0.5625 0.323343 0.321875 0.4654 0.00605011
16 0.623047 0.355263 0.202344 0.402534 0.00477219
0 0.242773 0.0681043 0.0269531 0.0321637 0.00344276
16 0.2875 0.430677 0.559375 0.727339 0.00221634
24 0.5625 0.323343 0.321875 0.4654 0.00209999
27 0.623047 0.355263 0.202344 0.402534 0.00159168
35 0.621875 0.371345 0.2 0.37232 0.00156116
46 0.623047 0.355263 0.202344 0.402534 0.00145531
26 0.497266 0.321211 0.454688 0.489157 0.00123501
0 0.621094 0.357212 0.201563 0.400585 0.00105667
15 0.285352 0.439084 0.555859 0.726121 0.936035
15 0.576953 0.326511 0.292969 0.459064 0.123779
15 0.624219 0.350999 0.198437 0.411062 0.118408
15 0.492285 0.321698 0.46543 0.490132 0.0386047
14 0.242578 0.0681043 0.0273438 0.0321637 0.0222931
15 0.454688 0.378289 0.542969 0.594298 0.0124817
24 0.622656 0.371832 0.198437 0.371345 0.0115967
26 0.623438 0.356238 0.201563 0.401559 0.0102081
15 0.457031 0.26462 0.202344 0.37232 0.00740433
26 0.576953 0.326511 0.292969 0.459064 0.00519943
16 0.623438 0.356238 0.201563 0.401559 0.00516129
0 0.242578 0.0681043 0.0273438 0.0321637 0.00319672
24 0.576953 0.326511 0.292969 0.459064 0.00192642
35 0.622656 0.371832 0.198437 0.371345 0.0014782
27 0.623438 0.356238 0.201563 0.401559 0.00135612
16 0.286719 0.440058 0.553906 0.747563 0.0012846
46 0.623438 0.356238 0.201563 0.401559 0.00107288
15 0.285352 0.438475 0.555859 0.723441 0.938965
15 0.602344 0.331628 0.241406 0.44883 0.137939
15 0.539453 0.3178 0.367969 0.483309 0.120422
14 0.242773 0.0682261 0.0269531 0.0316764 0.0206451
24 0.623047 0.373416 0.197656 0.368177 0.0141754
26 0.623438 0.356725 0.201563 0.401559 0.011467
15 0.455078 0.37768 0.542188 0.591618 0.0106506
15 0.457031 0.264376 0.202344 0.370858 0.00815582
16 0.623438 0.356725 0.201563 0.401559 0.00542831
0 0.242773 0.0682261 0.0269531 0.0316764 0.00260162
24 0.602344 0.331628 0.241406 0.44883 0.00225258
35 0.623047 0.373416 0.197656 0.368177 0.00156689
26 0.539453 0.3178 0.367969 0.483309 0.00153637
16 0.286719 0.439084 0.554688 0.744639 0.00144386
27 0.623438 0.356725 0.201563 0.401559 0.00130939
54 0.623828 0.37232 0.197656 0.368421 0.00123501
15 0.388672 0.412159 0.326562 0.247807 0.00104809
28 0.623438 0.356725 0.201563 0.401559 0.00102043
15 0.285156 0.435673 0.554688 0.717349 0.939941
15 0.539453 0.317312 0.367969 0.482334 0.11554
15 0.596875 0.328947 0.253125 0.453216 0.113159
15 0.621875 0.360136 0.201563 0.392788 0.0268555
14 0.242578 0.0682261 0.0273438 0.0316764 0.0222931
24 0.623438 0.37768 0.196875 0.359649 0.016922
26 0.632031 0.384503 0.182812 0.340156 0.012825
15 0.457129 0.264681 0.20293 0.369274 0.00985718
15 0.455469 0.375244 0.541406 0.587719 0.00905609
26 0.596875 0.328947 0.253125 0.453216 0.00619125
16 0.624219 0.356238 0.2 0.401559 0.00448608
24 0.596875 0.328947 0.253125 0.453216 0.0027256
0 0.242578 0.0682261 0.0273438 0.0316764 0.00246239
35 0.623438 0.37768 0.196875 0.359649 0.00197983
54 0.624219 0.376706 0.196875 0.359649 0.0017271
26 0.541016 0.318226 0.364844 0.478557 0.00168705
16 0.286914 0.436525 0.553516 0.739035 0.00150108
15 0.388281 0.413134 0.325 0.245858 0.00129986
28 0.624219 0.356238 0.2 0.401559 0.0012846
27 0.624219 0.356238 0.2 0.401559 0.00116062
0 0.621484 0.356603 0.200781 0.401803 0.00109005
15 0.395313 0.313596 0.324219 0.462476 0.00107288
67 0.632031 0.384503 0.182812 0.340156 0.00101185
15 0.284766 0.434698 0.553906 0.7154 0.943359
15 0.612109 0.333577 0.221094 0.442982 0.131592
15 0.539453 0.317008 0.367969 0.480994 0.11676
14 0.242773 0.0682261 0.0273438 0.0316764 0.0241394
24 0.623438 0.379995 0.196875 0.35502 0.0182648
26 0.631641 0.386452 0.182812 0.336257 0.0135345
15 0.457129 0.265046 0.20293 0.367568 0.0115051
15 0.453809 0.375244 0.543945 0.586745 0.00847626
26 0.612109 0.333577 0.221094 0.442982 0.00661469
16 0.624219 0.356238 0.2 0.400585 0.00521851
54 0.624219 0.379264 0.196875 0.354532 0.00228691
35 0.623438 0.379995 0.196875 0.35502 0.00226021
0 0.242773 0.0682261 0.0273438 0.0316764 0.00221634
26 0.544434 0.318957 0.358008 0.476121 0.00174141
16 0.286719 0.435673 0.553125 0.736842 0.00151253
15 0.3875 0.41423 0.322656 0.244639 0.00146675
28 0.624219 0.356238 0.2 0.400585 0.00135612
32 0.637891 0.396686 0.172656 0.316764 0.00123978
15 0.395313 0.312135 0.323438 0.461501 0.00123501
67 0.631641 0.386452 0.182812 0.336257 0.00118351
14 0.0325195 0.7154 0.0595703 0.0916179 0.00109005
27 0.624219 0.356238 0.2 0.400585 0.00103664
15 0.284375 0.433236 0.553125 0.712476 0.944824
15 0.616797 0.336745 0.211719 0.435673 0.127197
15 0.539453 0.317008 0.367188 0.480994 0.107056
14 0.242578 0.0679825 0.0273438 0.0316764 0.0265503
24 0.623438 0.381579 0.196875 0.351852 0.0204926
26 0.63125 0.387427 0.182812 0.334308 0.0156021
15 0.457129 0.264864 0.20293 0.366959 0.014061
15 0.453906 0.373782 0.544531 0.582846 0.00743103
26 0.616797 0.336745 0.211719 0.435673 0.00740433
16 0.624219 0.356238 0.2 0.400585 0.00538635
35 0.624219 0.381092 0.196875 0.350877 0.00282288
54 0.634375 0.391691 0.178125 0.327729 0.00282288
0 0.242578 0.0679825 0.0273438 0.0316764 0.00235939
26 0.553125 0.319444 0.339844 0.474172 0.00192642
15 0.386621 0.415327 0.318945 0.243421 0.0018177
16 0.286523 0.434211 0.551953 0.733918 0.00168705
32 0.637891 0.397173 0.172656 0.315789 0.0016489
28 0.624219 0.356238 0.2 0.400585 0.00164223
67 0.63125 0.387427 0.182812 0.334308 0.00139904
15 0.39541 0.31049 0.32168 0.459917 0.00135136
14 0.0326172 0.7154 0.0595703 0.0916179 0.00132465
27 0.624219 0.356238 0.2 0.400585 0.00101662
15 0.284375 0.433236 0.553125 0.712476 0.944824
15 0.616016 0.33577 0.213281 0.437622 0.125122
15 0.538965 0.317008 0.367383 0.480994 0.108215
14 0.242578 0.0681043 0.0273438 0.0314327 0.0264587
24 0.623438 0.381579 0.196875 0.351852 0.0207214
26 0.63125 0.387427 0.182812 0.334308 0.0156708
15 0.456641 0.264864 0.203125 0.366959 0.014061
15 0.453906 0.374147 0.544531 0.58309 0.00769424
26 0.616016 0.33577 0.213281 0.437622 0.00723267
16 0.624219 0.355872 0.2 0.401316 0.00518036
54 0.634766 0.391813 0.178906 0.327485 0.00282288
35 0.623438 0.381579 0.196875 0.351852 0.00281143
0 0.242578 0.0681043 0.0273438 0.0314327 0.00235939
26 0.550781 0.319262 0.345313 0.474537 0.00191212
15 0.386621 0.415205 0.318945 0.24269 0.00181007
16 0.286523 0.434211 0.551953 0.733918 0.00171375
32 0.637891 0.397783 0.172656 0.315546 0.00163555
28 0.624219 0.355872 0.2 0.401316 0.00162888
67 0.63125 0.387427 0.182812 0.334308 0.00139427
15 0.395313 0.31049 0.321875 0.459917 0.00135612
14 0.032605 0.7154 0.0595947 0.0916179 0.00132465
