0 0.664761 0.618359 0.60395 0.744531 0.867188
25 0.472973 0.420312 0.931393 0.6625 0.782715
33 0.471414 0.445703 0.928274 0.714844 0.0794678
25 0.487006 0.584375 0.974012 0.632812 0.0370483
0 0.0826403 0.959375 0.0155925 0.0140625 0.029541
67 0.468295 0.571484 0.0259875 0.0382813 0.0263519
14 0.170998 0.953125 0.018711 0.009375 0.0197144
67 0.469335 0.5875 0.037422 0.101562 0.014061
25 0.487526 0.547266 0.975052 0.888281 0.0104523
14 0.168919 0.953125 0.022869 0.0125 0.00963593
56 0.5842 0.605078 0.798337 0.752344 0.00831604
14 0.0826403 0.959375 0.0155925 0.0140625 0.00784302
46 0.473493 0.594141 0.0488565 0.139844 0.00751877
8 0.0818607 0.959375 0.0171518 0.015625 0.00631332
8 0.170998 0.953125 0.018711 0.009375 0.00547028
67 0.494803 0.553906 0.0498961 0.1375 0.00510025
65 0.472973 0.650781 0.045738 0.142969 0.00496292
46 0.473493 0.624609 0.0488565 0.117969 0.00482941
79 0.471933 0.661719 0.04158 0.19375 0.00482941
65 0.473493 0.624609 0.0488565 0.117969 0.00429916
25 0.24974 0.444531 0.488046 0.621875 0.00429916
0 0.168919 0.953125 0.022869 0.0125 0.0041008
67 0.596674 0.505469 0.0738046 0.0578125 0.00408554
13 0.492723 0.573828 0.985447 0.805469 0.00408554
79 0.470374 0.68125 0.0301455 0.120313 0.00383949
73 0.892931 0.604688 0.141372 0.240625 0.00366402
25 0.5842 0.605078 0.798337 0.752344 0.00365067
67 0.483368 0.566406 0.0602911 0.120313 0.00356483
67 0.470374 0.68125 0.0301455 0.120313 0.00355148
14 0.0841996 0.959375 0.022869 0.015625 0.00337601
65 0.471933 0.661719 0.04158 0.19375 0.00335121
67 0.5842 0.504687 0.043659 0.0539063 0.00327301
65 0.473493 0.594141 0.0488565 0.139844 0.00312424
56 0.671388 0.726562 0.644751 0.529688 0.00309944
46 0.472973 0.650781 0.045738 0.142969 0.003088
67 0.431523 0.567187 0.105769 0.123438 0.0029583
25 0.704782 0.422266 0.534304 0.598437 0.00291252
39 0.469854 0.657813 0.039501 0.173438 0.00274658
79 0.473493 0.594141 0.0488565 0.139844 0.00270462
0 0.170998 0.953125 0.018711 0.009375 0.0026722
52 0.598753 0.507422 0.0769231 0.0632813 0.00265312
67 0.470374 0.658594 0.0343035 0.184375 0.00264168
67 0.466736 0.538281 0.029106 0.103125 0.00263214
56 0.487526 0.547266 0.975052 0.888281 0.00259018
8 0.168919 0.953125 0.022869 0.0125 0.00255013
67 0.58264 0.494531 0.0405405 0.0359375 0.00245285
39 0.488566 0.699219 0.0696466 0.151562 0.00233269
27 0.486486 0.635938 0.0706861 0.21875 0.00232315
39 0.473493 0.594141 0.0488565 0.139844 0.00223351
37 0.639163 0.694531 0.7092 0.592188 0.00213242
46 0.600832 0.508984 0.0769231 0.0632813 0.00203514
52 0.489085 0.6625 0.0758836 0.207813 0.00199509
67 0.469854 0.688281 0.0259875 0.09375 0.00186729
33 0.0826403 0.959375 0.0155925 0.0140625 0.00178909
26 0.886175 0.613672 0.156965 0.216406 0.00178242
79 0.469854 0.688281 0.0259875 0.09375 0.00177479
66 0.885655 0.646875 0.133056 0.15 0.00173378
26 0.447505 0.660937 0.173597 0.314063 0.00173378
79 0.472973 0.650781 0.045738 0.142969 0.0017271
67 0.599792 0.485156 0.0904366 0.107813 0.0017004
42 0.471933 0.661719 0.04158 0.19375 0.00162315
33 0.37578 0.0880859 0.60395 0.170703 0.00156116
66 0.892412 0.615625 0.142412 0.21875 0.00144386
79 0.469854 0.592188 0.04158 0.110937 0.00143814
67 0.47921 0.594531 0.0561331 0.142188 0.00143242
33 0.170998 0.953125 0.018711 0.009375 0.00136662
67 0.470894 0.594531 0.045738 0.13125 0.00133038
46 0.60395 0.487891 0.0738046 0.1 0.00131512
27 0.490125 0.666406 0.0769231 0.210938 0.00125504
39 0.471414 0.642188 0.0446985 0.125 0.00124454
65 0.470374 0.68125 0.0301455 0.120313 0.00124454
51 0.487526 0.650781 0.0727651 0.222656 0.00124454
79 0.473493 0.624609 0.0488565 0.117969 0.00123501
48 0.473493 0.594141 0.0488565 0.139844 0.00121593
44 0.472973 0.650781 0.045738 0.142969 0.00117874
67 0.485447 0.665234 0.0602911 0.188281 0.0011692
44 0.471933 0.661719 0.04158 0.19375 0.00112438
0 0.0841996 0.959375 0.022869 0.015625 0.00110722
26 0.843035 0.574219 0.247401 0.29375 0.00109863
67 0.488566 0.699219 0.0696466 0.151562 0.00108147
59 0.5842 0.605078 0.798337 0.752344 0.00102806
32 0.0826403 0.959375 0.0155925 0.0140625 0.00102425
8 0.492723 0.573828 0.985447 0.805469 0.00102425
0 0.663202 0.617871 0.600832 0.743945 0.875977
25 0.471933 0.418848 0.931393 0.660742 0.79834
33 0.470764 0.444629 0.927495 0.713867 0.105225
25 0.484407 0.578809 0.968815 0.617383 0.0346069
0 0.0826403 0.959375 0.0153326 0.0140625 0.03302
67 0.468815 0.571094 0.024948 0.0359375 0.0282135
14 0.170998 0.953125 0.018711 0.009375 0.0230713
67 0.468815 0.5875 0.035343 0.0976562 0.0151901
25 0.486486 0.545703 0.972973 0.889844 0.011116
14 0.168919 0.953125 0.022869 0.0125 0.0107803
14 0.0818607 0.959375 0.0168919 0.015625 0.00937653
56 0.579522 0.604297 0.803534 0.750781 0.00793457
8 0.0818607 0.959375 0.0168919 0.015625 0.00677109
65 0.472973 0.649219 0.045738 0.140625 0.00568771
65 0.472973 0.621875 0.047817 0.121875 0.00561905
46 0.472973 0.592969 0.047817 0.139063 0.00544739
8 0.170998 0.953125 0.018711 0.009375 0.00527954
67 0.494803 0.553125 0.0498961 0.1375 0.0051384
79 0.471933 0.660156 0.04158 0.192188 0.00498199
0 0.168919 0.953125 0.022869 0.0125 0.00471878
25 0.250455 0.442969 0.488695 0.626563 0.00471878
73 0.892931 0.605078 0.141372 0.239844 0.0046463
65 0.472973 0.592969 0.047817 0.139063 0.00428009
67 0.596154 0.505469 0.0727651 0.0578125 0.0041008
25 0.579522 0.604297 0.803534 0.750781 0.00385475
67 0.469854 0.598828 0.04158 0.117969 0.00382423
46 0.472973 0.621875 0.047817 0.121875 0.0037365
25 0.717256 0.421875 0.507277 0.601562 0.00372124
13 0.491684 0.574219 0.983368 0.80625 0.00370789
67 0.5842 0.503906 0.04158 0.0523438 0.00365067
67 0.483368 0.566406 0.0582121 0.120313 0.00362206
79 0.470374 0.682813 0.0301455 0.117188 0.0036068
65 0.471933 0.660156 0.04158 0.192188 0.00344276
67 0.470374 0.682813 0.0301455 0.117188 0.00338936
0 0.170998 0.953125 0.018711 0.009375 0.00333786
79 0.472973 0.592969 0.047817 0.139063 0.00323486
67 0.430223 0.566406 0.106289 0.121875 0.00314713
67 0.466736 0.537891 0.031185 0.103906 0.00281143
52 0.598753 0.507031 0.0758836 0.0625 0.00274658
66 0.885655 0.647656 0.133056 0.148438 0.00271416
56 0.675156 0.725781 0.639293 0.53125 0.00269318
67 0.469854 0.658594 0.033264 0.184375 0.00268364
67 0.582121 0.494531 0.039501 0.034375 0.00264168
65 0.47817 0.632812 0.0550936 0.1125 0.00257111
27 0.486486 0.635156 0.0727651 0.217969 0.00253105
56 0.486486 0.545703 0.972973 0.889844 0.00243378
46 0.472973 0.649219 0.045738 0.140625 0.00239754
8 0.168919 0.953125 0.022869 0.0125 0.00239754
46 0.600832 0.508984 0.0769231 0.0632813 0.00226021
39 0.472973 0.592969 0.047817 0.139063 0.00225258
65 0.470894 0.623047 0.0467775 0.0921875 0.00216484
66 0.891892 0.618359 0.141372 0.213281 0.00210762
73 0.889813 0.638281 0.139293 0.16875 0.00209045
39 0.469854 0.65625 0.039501 0.170313 0.00201988
39 0.488566 0.699609 0.0706861 0.150781 0.00201988
33 0.0818607 0.959375 0.0168919 0.015625 0.0019722
52 0.489605 0.65625 0.0769231 0.217188 0.00196457
79 0.472973 0.649219 0.045738 0.140625 0.00191212
67 0.469854 0.688281 0.024948 0.09375 0.00184631
26 0.889813 0.624609 0.149688 0.194531 0.00175476
33 0.170998 0.953125 0.018711 0.009375 0.0017004
79 0.469854 0.688281 0.024948 0.09375 0.00166798
37 0.641242 0.689844 0.705042 0.603125 0.0016613
67 0.599792 0.485156 0.0893971 0.107813 0.00162315
26 0.447505 0.659766 0.173597 0.311719 0.0015974
67 0.549896 0.41875 0.0623701 0.03125 0.00156689
42 0.471933 0.660156 0.04158 0.192188 0.00155449
79 0.469335 0.591406 0.0405405 0.109375 0.00154877
0 0.0841996 0.959375 0.022869 0.015625 0.00149536
67 0.47921 0.592969 0.0561331 0.139063 0.00146675
27 0.490644 0.663672 0.0769231 0.214844 0.00146103
79 0.472973 0.621875 0.047817 0.121875 0.00145531
46 0.470894 0.623047 0.0467775 0.0921875 0.00143814
46 0.602911 0.487891 0.0748441 0.1 0.00143242
56 0.796778 0.45166 0.350312 0.545117 0.00129414
65 0.470374 0.682813 0.0301455 0.117188 0.00127411
51 0.488566 0.64375 0.0727651 0.23125 0.0012598
44 0.472973 0.649219 0.045738 0.140625 0.00124931
40 0.472973 0.592969 0.047817 0.139063 0.00120163
32 0.0826403 0.959375 0.0153326 0.0140625 0.00120163
59 0.579522 0.604297 0.803534 0.750781 0.0011692
44 0.471933 0.660156 0.04158 0.192188 0.00112915
33 0.378898 0.0862305 0.601871 0.167383 0.00112057
46 0.47817 0.632812 0.0550936 0.1125 0.00109005
67 0.485447 0.665234 0.0592516 0.189063 0.00107765
65 0.469335 0.591406 0.0405405 0.109375 0.00106525
26 0.85447 0.578125 0.222453 0.285938 0.00104809
65 0.481809 0.646875 0.0602911 0.160938 0.00102043
0 0.66632 0.618359 0.607069 0.742969 0.878418
25 0.473103 0.419629 0.933212 0.662305 0.812988
33 0.471933 0.447754 0.929314 0.720117 0.0977173
0 0.0826403 0.959375 0.0150728 0.0140625 0.0370483
25 0.483368 0.579004 0.966736 0.61543 0.0342407
67 0.468815 0.571094 0.024948 0.0359375 0.0273743
14 0.170998 0.953125 0.018711 0.0109375 0.0229797
67 0.468815 0.587109 0.035343 0.0976562 0.0146713
25 0.486486 0.545703 0.972973 0.885156 0.0119629
14 0.0818607 0.960156 0.016632 0.015625 0.00974274
8 0.0818607 0.960156 0.016632 0.015625 0.00751877
56 0.563929 0.605078 0.834719 0.746094 0.00605011
65 0.472973 0.620703 0.047817 0.121875 0.00602722
65 0.472973 0.648047 0.045738 0.138281 0.00566483
8 0.170998 0.953125 0.018711 0.0109375 0.00534439
8 0.0843295 0.959375 0.0226091 0.015625 0.00524139
67 0.494803 0.552344 0.0498961 0.1375 0.00511932
79 0.471933 0.659375 0.04158 0.190625 0.00498199
0 0.168919 0.953125 0.022869 0.0125 0.00482941
65 0.472973 0.592969 0.047817 0.139063 0.00479126
73 0.892931 0.605469 0.141372 0.239063 0.00455475
14 0.0843295 0.959375 0.0226091 0.015625 0.00452042
25 0.249935 0.446094 0.487656 0.621094 0.00441742
46 0.472973 0.592969 0.047817 0.139063 0.00419998
25 0.716216 0.421973 0.507277 0.60293 0.00416565
67 0.600312 0.507812 0.0769231 0.0625 0.00369263
67 0.483368 0.566016 0.0582121 0.120313 0.00356483
67 0.58368 0.503125 0.04158 0.0515625 0.00352478
79 0.472973 0.592969 0.047817 0.139063 0.00346947
13 0.491684 0.577344 0.983368 0.801562 0.00346947
79 0.470374 0.683594 0.0301455 0.115625 0.00345612
65 0.471933 0.659375 0.04158 0.190625 0.00331116
25 0.608628 0.591016 0.680873 0.719531 0.00317192
66 0.885655 0.647656 0.133056 0.146875 0.00302696
67 0.470374 0.683594 0.0301455 0.115625 0.00299263
67 0.430353 0.566406 0.107069 0.121875 0.00298119
67 0.466736 0.5375 0.031185 0.104688 0.00288963
46 0.472973 0.620703 0.047817 0.121875 0.00281143
27 0.486486 0.633594 0.0727651 0.220313 0.00271416
67 0.582121 0.494531 0.039501 0.034375 0.00250244
46 0.598753 0.507031 0.0758836 0.0625 0.0024929
65 0.47817 0.632031 0.0550936 0.111719 0.00246239
52 0.598753 0.507031 0.0758836 0.0625 0.00243378
67 0.469854 0.658594 0.033264 0.184375 0.00243378
66 0.891892 0.621094 0.141372 0.207813 0.00235939
33 0.0818607 0.960156 0.016632 0.015625 0.00221634
65 0.470894 0.623047 0.0467775 0.0914062 0.00219154
67 0.549896 0.41875 0.0623701 0.03125 0.00217438
73 0.889813 0.640234 0.139293 0.164844 0.00211525
39 0.472973 0.592969 0.047817 0.139063 0.0020504
33 0.170998 0.953125 0.018711 0.0109375 0.00202751
79 0.472973 0.648047 0.045738 0.138281 0.0019722
56 0.486486 0.545703 0.972973 0.885156 0.00194168
56 0.671648 0.726562 0.648389 0.53125 0.00186729
46 0.472973 0.648047 0.045738 0.138281 0.00179577
39 0.489085 0.7 0.0706861 0.15 0.00176144
67 0.469854 0.688281 0.024948 0.09375 0.00169373
0 0.0843295 0.959375 0.0226091 0.015625 0.0016489
79 0.469854 0.688281 0.024948 0.09375 0.00159168
46 0.602911 0.4875 0.0748441 0.1 0.00158501
52 0.489605 0.651953 0.0769231 0.225781 0.00157928
39 0.469335 0.655859 0.039501 0.16875 0.00154877
79 0.472973 0.620703 0.047817 0.121875 0.00153065
79 0.468815 0.591406 0.039501 0.107813 0.00150108
67 0.47921 0.591797 0.0561331 0.139063 0.00148392
67 0.600312 0.485156 0.0904366 0.107813 0.00141048
67 0.469854 0.595313 0.0446985 0.129688 0.00139427
42 0.471933 0.659375 0.04158 0.190625 0.00139427
32 0.0826403 0.959375 0.0150728 0.0140625 0.00137234
26 0.890852 0.629687 0.147609 0.183594 0.00131512
26 0.447505 0.658984 0.174636 0.310156 0.00130939
37 0.632536 0.689844 0.724532 0.604688 0.00128937
65 0.470374 0.683594 0.0301455 0.115625 0.00126457
40 0.472973 0.592969 0.047817 0.139063 0.00123024
44 0.472973 0.648047 0.045738 0.138281 0.0012064
56 0.800416 0.453027 0.340956 0.54082 0.00118351
59 0.563929 0.605078 0.834719 0.746094 0.00113773
65 0.468815 0.591406 0.039501 0.107813 0.00111198
51 0.488566 0.640625 0.0738046 0.239063 0.00111198
46 0.470894 0.623047 0.0467775 0.0914062 0.00107288
33 0.0843295 0.959375 0.0226091 0.015625 0.00107288
44 0.471933 0.659375 0.04158 0.190625 0.00106907
0 0.672037 0.618848 0.618503 0.741992 0.888184
25 0.475572 0.419531 0.934511 0.6625 0.829102
33 0.473493 0.447656 0.930353 0.720313 0.0614319
0 0.0827703 0.959375 0.0150728 0.0125 0.0394897
25 0.483368 0.577734 0.966736 0.613281 0.0313721
67 0.468295 0.570312 0.024948 0.034375 0.0282135
14 0.171258 0.953125 0.018711 0.0109375 0.0227966
67 0.468295 0.5875 0.0343035 0.096875 0.0150757
25 0.487006 0.545313 0.974012 0.879687 0.0108566
14 0.168659 0.953125 0.0223493 0.0125 0.0102921
14 0.0818607 0.959375 0.016632 0.015625 0.00985718
8 0.0818607 0.959375 0.016632 0.015625 0.00757599
65 0.472973 0.61875 0.047817 0.123438 0.00614548
8 0.0844595 0.960156 0.0223493 0.015625 0.00551224
65 0.472973 0.646875 0.0446985 0.136719 0.00536346
8 0.171258 0.953125 0.018711 0.0109375 0.00527954
0 0.168659 0.953125 0.0223493 0.0125 0.0051384
79 0.471933 0.657813 0.04158 0.189063 0.00511932
65 0.472973 0.592578 0.047817 0.139063 0.00508118
67 0.494283 0.552344 0.0488565 0.135937 0.00484848
14 0.0844595 0.960156 0.0223493 0.015625 0.00469971
56 0.565619 0.604297 0.83342 0.749219 0.00424957
25 0.714137 0.421875 0.513514 0.603125 0.0042305
0 0.171258 0.953125 0.018711 0.0109375 0.00416565
73 0.892931 0.605469 0.141372 0.2375 0.00411606
79 0.472973 0.592578 0.047817 0.139063 0.00399017
67 0.549376 0.41875 0.0623701 0.03125 0.00374985
67 0.58316 0.502344 0.04158 0.0484375 0.0037365
67 0.600832 0.507812 0.0769231 0.0617188 0.00372124
67 0.483368 0.566406 0.0582121 0.11875 0.00349617
79 0.470374 0.685156 0.029106 0.110937 0.00338936
25 0.24922 0.453809 0.485967 0.606445 0.00338936
13 0.492204 0.580859 0.984407 0.794531 0.00332451
46 0.472973 0.592578 0.047817 0.139063 0.00329781
27 0.487006 0.632812 0.0738046 0.223438 0.00323486
67 0.466736 0.5375 0.031185 0.103906 0.00305176
66 0.885655 0.648047 0.133056 0.146094 0.00304031
25 0.600832 0.588379 0.698545 0.716992 0.00298119
65 0.471933 0.657813 0.04158 0.189063 0.0029583
67 0.430353 0.565625 0.106029 0.120313 0.00286674
67 0.582121 0.49375 0.039501 0.034375 0.0027256
67 0.470374 0.685156 0.029106 0.110937 0.00271416
79 0.469854 0.597656 0.039501 0.117188 0.00264168
46 0.601351 0.508594 0.0779626 0.0625 0.00259018
33 0.0818607 0.959375 0.016632 0.015625 0.00258064
33 0.171258 0.953125 0.018711 0.0109375 0.00252151
66 0.892931 0.605469 0.141372 0.2375 0.00250244
8 0.168659 0.953125 0.0223493 0.0125 0.00240517
65 0.47817 0.63125 0.0540541 0.110937 0.00236893
0 0.081341 0.960938 0.0171518 0.0171875 0.00228691
79 0.472973 0.646875 0.0446985 0.136719 0.00221634
67 0.469854 0.658594 0.033264 0.182812 0.00221634
46 0.472973 0.61875 0.047817 0.123438 0.00216484
52 0.598753 0.507031 0.0758836 0.0625 0.00214005
65 0.470894 0.622266 0.045738 0.0921875 0.00206757
73 0.890333 0.641406 0.138254 0.160938 0.00195694
65 0.469854 0.597656 0.039501 0.117188 0.00189686
0 0.0844595 0.960156 0.0223493 0.015625 0.00186062
39 0.472973 0.592578 0.047817 0.139063 0.00183105
79 0.472973 0.61875 0.047817 0.123438 0.00174141
46 0.602911 0.4875 0.0748441 0.1 0.00168705
39 0.489605 0.700781 0.0706861 0.148438 0.00158501
56 0.487006 0.545313 0.974012 0.879687 0.00148964
67 0.47921 0.591016 0.0561331 0.138281 0.00148392
32 0.0827703 0.959375 0.0150728 0.0125 0.00147247
46 0.472973 0.646875 0.0446985 0.136719 0.00138855
67 0.600312 0.485156 0.0904366 0.107813 0.00137234
67 0.464657 0.546094 0.027027 0.0828125 0.00136662
42 0.471933 0.657813 0.04158 0.189063 0.00135612
67 0.469854 0.595313 0.043659 0.130469 0.00131512
52 0.489605 0.646875 0.0769231 0.2375 0.00130939
44 0.472973 0.646875 0.0446985 0.136719 0.00129986
33 0.0844595 0.960156 0.0223493 0.015625 0.00129414
26 0.890852 0.633594 0.147609 0.175 0.00124931
56 0.627859 0.683984 0.738046 0.616406 0.00123501
40 0.472973 0.592578 0.047817 0.139063 0.00122547
65 0.470374 0.685156 0.029106 0.110937 0.00119209
44 0.471933 0.657813 0.04158 0.189063 0.00110722
39 0.469335 0.654688 0.039501 0.165625 0.00109863
56 0.799376 0.457031 0.343035 0.534375 0.00106907
0 0.675676 0.619531 0.627859 0.742188 0.901855
25 0.47869 0.421973 0.938669 0.668555 0.822266
33 0.476611 0.45625 0.934511 0.7375 0.044342
0 0.0826403 0.959375 0.0150728 0.0125 0.0413818
25 0.482848 0.539746 0.965696 0.61582 0.0272675
67 0.468295 0.570703 0.024948 0.0351562 0.0267639
14 0.171258 0.953125 0.018711 0.009375 0.0222015
67 0.468295 0.586719 0.0343035 0.0984375 0.0139008
14 0.0818607 0.959375 0.016632 0.015625 0.0103302
25 0.488046 0.546094 0.976092 0.870313 0.0102463
14 0.168659 0.953125 0.0223493 0.0125 0.01017
8 0.0818607 0.959375 0.016632 0.015625 0.00818634
65 0.472973 0.617188 0.047817 0.128125 0.00591278
8 0.0844595 0.960156 0.0223493 0.015625 0.005867
8 0.171258 0.953125 0.018711 0.009375 0.00538635
65 0.472973 0.592578 0.047817 0.139844 0.00530243
0 0.168659 0.953125 0.0223493 0.0125 0.00503922
79 0.471933 0.657813 0.04158 0.192188 0.00502014
65 0.472973 0.646875 0.0446985 0.1375 0.0049057
14 0.0844595 0.960156 0.0223493 0.015625 0.00488663
67 0.549376 0.418359 0.0623701 0.03125 0.00471878
67 0.494283 0.552344 0.0488565 0.135937 0.00455475
79 0.472973 0.592578 0.047817 0.139844 0.00436401
25 0.725052 0.422754 0.493763 0.60293 0.00432968
0 0.171258 0.953125 0.018711 0.009375 0.00415039
27 0.487006 0.632031 0.0738046 0.228125 0.00387001
25 0.26085 0.425781 0.513643 0.679688 0.00370789
67 0.600312 0.507812 0.0758836 0.0609375 0.00358009
67 0.58316 0.501563 0.0405405 0.046875 0.00352478
73 0.892931 0.605859 0.141372 0.238281 0.00333786
13 0.493243 0.584375 0.986486 0.79375 0.00331116
67 0.483368 0.567187 0.0561331 0.11875 0.00329781
79 0.470374 0.686328 0.029106 0.110156 0.00319672
33 0.0818607 0.959375 0.016632 0.015625 0.00311089
67 0.466216 0.5375 0.031185 0.104688 0.00304031
79 0.469854 0.596875 0.039501 0.117188 0.0029583
25 0.574714 0.604785 0.819387 0.749805 0.00286674
33 0.171258 0.953125 0.018711 0.009375 0.00284576
56 0.493243 0.584375 0.986486 0.79375 0.00271416
66 0.886175 0.648047 0.134096 0.146094 0.00263214
65 0.471933 0.657813 0.04158 0.192188 0.00257111
67 0.581601 0.49375 0.0384615 0.0335938 0.00253105
8 0.168659 0.953125 0.0223493 0.0125 0.00251198
67 0.430353 0.565625 0.107069 0.120313 0.0024929
67 0.470374 0.686328 0.029106 0.110156 0.00245285
79 0.472973 0.646875 0.0446985 0.1375 0.002388
46 0.601351 0.508594 0.0779626 0.0625 0.00234222
0 0.0814709 0.960938 0.0168919 0.0171875 0.00234222
65 0.47817 0.632031 0.0540541 0.115625 0.00214005
46 0.472973 0.592578 0.047817 0.139844 0.00206757
66 0.892931 0.605859 0.141372 0.238281 0.00205803
65 0.469854 0.596875 0.039501 0.117188 0.00201988
0 0.0844595 0.960156 0.0223493 0.015625 0.00201035
65 0.470894 0.621875 0.0467775 0.09375 0.00194168
67 0.469854 0.658594 0.033264 0.184375 0.00190449
79 0.472973 0.617188 0.047817 0.128125 0.00186729
73 0.890852 0.641406 0.139293 0.161719 0.0017004
25 0.611357 0.410547 0.725312 0.611719 0.0016613
52 0.598753 0.507031 0.0758836 0.0625 0.0016489
32 0.0826403 0.959375 0.0150728 0.0125 0.00153065
33 0.0844595 0.960156 0.0223493 0.015625 0.00151253
46 0.602911 0.4875 0.0748441 0.1 0.00144958
46 0.472973 0.617188 0.047817 0.128125 0.00142097
67 0.47921 0.590625 0.0561331 0.1375 0.00141048
39 0.472973 0.592578 0.047817 0.139844 0.00136662
44 0.472973 0.646875 0.0446985 0.1375 0.00130939
67 0.464657 0.546875 0.027027 0.08125 0.0012846
67 0.600832 0.485156 0.0904366 0.107813 0.00127411
42 0.471933 0.657813 0.04158 0.192188 0.00124931
39 0.489605 0.700781 0.0717256 0.148438 0.0012207
40 0.472973 0.592578 0.047817 0.139844 0.00121593
67 0.469854 0.595313 0.043659 0.129688 0.0011692
42 0.485447 0.625391 0.0686071 0.249219 0.00115585
32 0.171258 0.953125 0.018711 0.009375 0.00108624
33 0.168659 0.953125 0.0223493 0.0125 0.00107288
65 0.470374 0.686328 0.029106 0.110156 0.00106525
52 0.490125 0.643359 0.0779626 0.247656 0.00105667
44 0.471933 0.657813 0.04158 0.192188 0.00104809
26 0.890333 0.633594 0.148649 0.175 0.00104427
67 0.551975 0.438281 0.0686071 0.05625 0.00101662
37 0.0826403 0.959375 0.0150728 0.0125 0.00100803
0 0.676195 0.620703 0.630977 0.742969 0.914551
25 0.480769 0.42334 0.942827 0.670508 0.809082
0 0.0825104 0.959375 0.0150728 0.0125 0.0457764
25 0.482328 0.542871 0.964657 0.623633 0.0303345
67 0.468295 0.570312 0.024948 0.034375 0.0278015
33 0.47921 0.45459 0.939709 0.73457 0.0259552
14 0.170998 0.953125 0.018711 0.0109375 0.0194244
25 0.622141 0.417578 0.697505 0.623438 0.0162201
67 0.467775 0.585938 0.035343 0.0984375 0.0141144
14 0.0818607 0.959375 0.016632 0.015625 0.00941467
67 0.466736 0.575 0.027027 0.0421875 0.0091629
14 0.168659 0.953125 0.0223493 0.0125 0.0091629
25 0.488566 0.547656 0.977131 0.851562 0.00809479
8 0.0818607 0.959375 0.016632 0.015625 0.00725937
67 0.549376 0.417969 0.0623701 0.03125 0.00579834
27 0.486486 0.632422 0.0727651 0.235156 0.00579834
0 0.168659 0.953125 0.0223493 0.0125 0.00564194
79 0.471414 0.657813 0.04158 0.195312 0.00540543
67 0.494283 0.553125 0.0488565 0.132812 0.00503922
65 0.472973 0.617969 0.0488565 0.127344 0.00492477
0 0.170998 0.953125 0.018711 0.0109375 0.00479126
8 0.170998 0.953125 0.018711 0.0109375 0.00460815
65 0.472973 0.593359 0.047817 0.139063 0.00448608
79 0.472973 0.593359 0.047817 0.139063 0.00434875
65 0.472973 0.647656 0.045738 0.139063 0.00426483
13 0.493763 0.594922 0.987526 0.777344 0.00391388
25 0.733888 0.424609 0.476091 0.600781 0.00370789
33 0.0818607 0.959375 0.016632 0.015625 0.00366402
67 0.482328 0.567187 0.0582121 0.11875 0.00353813
67 0.58316 0.501563 0.04158 0.0484375 0.00351143
67 0.430353 0.565625 0.106029 0.120313 0.00338936
79 0.469854 0.686328 0.029106 0.108594 0.00336266
67 0.466216 0.537891 0.031185 0.103125 0.00321007
67 0.600832 0.507812 0.0769231 0.0609375 0.00317192
33 0.170998 0.953125 0.018711 0.0109375 0.003088
67 0.592516 0.503906 0.0644491 0.0546875 0.0030632
25 0.258056 0.425391 0.507796 0.675781 0.00298119
25 0.591996 0.585938 0.722453 0.715625 0.0029583
46 0.601351 0.508594 0.0779626 0.0625 0.00276756
73 0.893451 0.60625 0.140333 0.2375 0.00275803
0 0.0816008 0.960938 0.0171518 0.0171875 0.00265312
67 0.581601 0.49375 0.0384615 0.0335938 0.00260162
79 0.472973 0.647656 0.045738 0.139063 0.00256157
67 0.469854 0.686328 0.029106 0.108594 0.00252151
56 0.493763 0.594922 0.987526 0.777344 0.0024147
65 0.471414 0.657813 0.04158 0.195312 0.00226974
0 0.0843295 0.959375 0.0226091 0.015625 0.00226974
8 0.168659 0.953125 0.0223493 0.0125 0.00224304
66 0.886175 0.648047 0.134096 0.146094 0.00210762
67 0.469854 0.658594 0.033264 0.184375 0.00198746
79 0.468815 0.590625 0.039501 0.110937 0.00194168
65 0.47817 0.634375 0.0561331 0.120313 0.00192642
79 0.472973 0.617969 0.0488565 0.127344 0.00186729
66 0.892931 0.623438 0.141372 0.201563 0.00178909
52 0.598753 0.507031 0.0758836 0.0625 0.00175476
46 0.472973 0.593359 0.047817 0.139063 0.00173378
65 0.470374 0.621875 0.0467775 0.09375 0.00170708
44 0.472973 0.647656 0.045738 0.139063 0.00167465
73 0.890852 0.641406 0.139293 0.160938 0.00163555
32 0.0825104 0.959375 0.0150728 0.0125 0.00157356
46 0.60395 0.487109 0.0769231 0.1 0.00156116
67 0.47921 0.590625 0.0561331 0.1375 0.00147247
42 0.484407 0.625781 0.0675676 0.253125 0.00141048
52 0.490125 0.644531 0.0779626 0.25 0.00139904
42 0.471414 0.657813 0.04158 0.195312 0.00139427
79 0.488566 0.639063 0.0748441 0.253125 0.00131989
2 0.170998 0.953125 0.018711 0.0109375 0.0012846
44 0.471414 0.657813 0.04158 0.195312 0.00126934
67 0.490644 0.655469 0.0769231 0.232813 0.00126934
67 0.551975 0.438281 0.0686071 0.05625 0.00125504
67 0.601871 0.484766 0.0935551 0.107031 0.00123024
33 0.168659 0.953125 0.0223493 0.0125 0.0012064
32 0.170998 0.953125 0.018711 0.0109375 0.00113773
67 0.469854 0.595313 0.043659 0.129688 0.00113392
46 0.472973 0.617969 0.0488565 0.127344 0.00113392
79 0.549376 0.417969 0.0623701 0.03125 0.0011034
39 0.490125 0.700781 0.0727651 0.148438 0.00108147
40 0.472973 0.593359 0.047817 0.139063 0.00107765
65 0.468815 0.590625 0.039501 0.110937 0.00106525
26 0.890852 0.634375 0.147609 0.173438 0.00105667
74 0.547297 0.417969 0.0644491 0.0328125 0.00105286
67 0.543139 0.4125 0.0748441 0.0414063 0.00103664
37 0.0825104 0.959375 0.0150728 0.0125 0.00103664
39 0.0818607 0.959375 0.016632 0.015625 0.00102425
67 0.495322 0.569531 0.0654886 0.124219 0.00101662
0 0.675156 0.621484 0.630977 0.742969 0.92041
25 0.481809 0.422559 0.949064 0.667383 0.819824
0 0.0826403 0.959375 0.0148129 0.0125 0.0451965
25 0.483368 0.544434 0.966736 0.636133 0.041626
67 0.467775 0.570703 0.024948 0.034375 0.0269623
25 0.647739 0.418359 0.64631 0.622656 0.016922
14 0.170998 0.953125 0.018711 0.0109375 0.0153656
67 0.468295 0.585938 0.035343 0.1 0.0133286
33 0.480769 0.446777 0.946985 0.717383 0.00978088
67 0.466736 0.576563 0.027027 0.0453125 0.00888062
14 0.0818607 0.959375 0.016632 0.015625 0.00754929
14 0.168659 0.953125 0.0223493 0.0125 0.00737381
27 0.486486 0.632812 0.0727651 0.235938 0.00737381
67 0.549376 0.417969 0.0623701 0.03125 0.00706482
79 0.471414 0.657422 0.04158 0.195312 0.00588989
8 0.0818607 0.959375 0.016632 0.015625 0.00557709
0 0.168659 0.953125 0.0223493 0.0125 0.00542831
0 0.170998 0.953125 0.018711 0.0109375 0.00479126
13 0.493763 0.602734 0.987526 0.763281 0.00468063
67 0.493763 0.554688 0.0498961 0.13125 0.00448608
65 0.472973 0.618359 0.0488565 0.126563 0.00432968
79 0.472973 0.59375 0.047817 0.1375 0.00419998
67 0.430353 0.565625 0.107069 0.120313 0.00415039
65 0.472973 0.59375 0.047817 0.1375 0.00402451
65 0.472973 0.647656 0.045738 0.139844 0.00397491
33 0.0818607 0.959375 0.016632 0.015625 0.00379562
79 0.469854 0.685938 0.029106 0.107813 0.00362206
8 0.170998 0.953125 0.018711 0.0109375 0.00337601
67 0.481289 0.567969 0.0582121 0.11875 0.00324821
25 0.737526 0.425684 0.468815 0.600195 0.00323486
67 0.466216 0.538281 0.031185 0.103125 0.00316048
67 0.58316 0.501563 0.04158 0.0484375 0.00312424
25 0.590437 0.582422 0.727651 0.707031 0.00309944
33 0.170998 0.953125 0.018711 0.0109375 0.00298119
46 0.601351 0.508594 0.0779626 0.0617188 0.00283432
79 0.472973 0.647656 0.045738 0.139844 0.00275803
67 0.592516 0.503906 0.0644491 0.0546875 0.00274658
67 0.600832 0.507812 0.0769231 0.0609375 0.00273705
25 0.258316 0.423047 0.508316 0.669531 0.00263214
56 0.493763 0.602734 0.987526 0.763281 0.00263214
0 0.0816008 0.960938 0.0171518 0.0171875 0.00257111
67 0.469854 0.685938 0.029106 0.107813 0.00256157
67 0.581601 0.49375 0.0384615 0.0328125 0.00245285
0 0.0844595 0.959375 0.0223493 0.015625 0.00227928
73 0.893451 0.605859 0.140333 0.236719 0.00225258
79 0.468815 0.590234 0.039501 0.111719 0.00216484
65 0.471414 0.657422 0.04158 0.195312 0.00212479
67 0.469854 0.657813 0.033264 0.184375 0.00202751
44 0.472973 0.647656 0.045738 0.139844 0.00190449
79 0.472973 0.618359 0.0488565 0.126563 0.00186062
65 0.47817 0.635156 0.0561331 0.121094 0.00183868
66 0.890852 0.641406 0.139293 0.159375 0.00178909
67 0.490644 0.655859 0.0769231 0.233594 0.00178909
8 0.168659 0.953125 0.0223493 0.0125 0.0017004
79 0.488566 0.639453 0.0727651 0.252344 0.00167465
66 0.893451 0.605859 0.140333 0.236719 0.00167465
65 0.470374 0.621484 0.0467775 0.09375 0.00162888
42 0.483368 0.625391 0.0665281 0.253906 0.00162888
52 0.598753 0.507031 0.0758836 0.0625 0.00161076
32 0.0826403 0.959375 0.0148129 0.0125 0.00160408
46 0.60395 0.486719 0.0790021 0.1 0.00154877
67 0.551975 0.438281 0.0696466 0.05625 0.00148964
67 0.464137 0.546875 0.029106 0.0820312 0.00148964
42 0.471414 0.657422 0.04158 0.195312 0.00143242
44 0.471414 0.657422 0.04158 0.195312 0.0014267
74 0.547297 0.417969 0.0644491 0.0328125 0.00141621
67 0.47921 0.590625 0.0561331 0.1375 0.00141621
79 0.549376 0.417969 0.0623701 0.03125 0.00140476
2 0.170998 0.953125 0.018711 0.0109375 0.00139904
52 0.489605 0.645312 0.0769231 0.248438 0.00134563
73 0.890852 0.641406 0.139293 0.159375 0.00134563
46 0.472973 0.59375 0.047817 0.1375 0.00131512
67 0.54262 0.411719 0.0748441 0.0421875 0.0012598
33 0.168659 0.953125 0.0223493 0.0125 0.00121593
26 0.890852 0.634375 0.147609 0.171875 0.00113392
67 0.601871 0.484766 0.0935551 0.107031 0.00112057
67 0.469854 0.595313 0.043659 0.129688 0.00111198
32 0.170998 0.953125 0.018711 0.0109375 0.00108147
2 0.168659 0.953125 0.0223493 0.0125 0.00107288
65 0.468815 0.590234 0.039501 0.111719 0.00106907
32 0.427755 0.539844 0.0790021 0.06875 0.00104046
79 0.600832 0.507812 0.0769231 0.0609375 0.00102806
39 0.0818607 0.959375 0.016632 0.015625 0.00102425
67 0.494283 0.570312 0.0675676 0.123438 0.00102043
0 0.675156 0.621777 0.630977 0.742383 0.92041
25 0.482328 0.417969 0.952183 0.657813 0.819824
25 0.484407 0.54541 0.968815 0.657617 0.0690308
0 0.0826403 0.960156 0.0148129 0.0125 0.0448608
67 0.467775 0.570312 0.024948 0.034375 0.0282135
25 0.64501 0.417969 0.651767 0.623438 0.0232391
67 0.467775 0.586328 0.035343 0.0976562 0.0139542
14 0.170998 0.953125 0.018711 0.009375 0.0127258
67 0.466736 0.576563 0.027027 0.0453125 0.00912476
67 0.549376 0.417969 0.0623701 0.03125 0.00796509
27 0.486486 0.633594 0.0727651 0.233594 0.00751877
14 0.0819906 0.959375 0.0168919 0.015625 0.00619125
14 0.168659 0.953125 0.0223493 0.0125 0.006073
79 0.471414 0.657422 0.04158 0.194531 0.00561905
0 0.168659 0.953125 0.0223493 0.0125 0.00551224
0 0.170998 0.953125 0.018711 0.009375 0.00496292
33 0.482199 0.433203 0.952443 0.689844 0.00471878
8 0.0819906 0.959375 0.0168919 0.015625 0.00460815
25 0.592386 0.573438 0.725832 0.685938 0.00450516
67 0.493243 0.555859 0.0498961 0.128906 0.00426483
33 0.0819906 0.959375 0.0168919 0.015625 0.00400543
79 0.472973 0.595313 0.047817 0.134375 0.00387001
67 0.430483 0.566016 0.107848 0.121094 0.00383949
13 0.494283 0.604297 0.988566 0.763281 0.00376511
65 0.472973 0.619531 0.0488565 0.121875 0.00348282
79 0.469854 0.684375 0.029106 0.110156 0.00344276
67 0.480249 0.56875 0.0582121 0.117188 0.00337601
65 0.472973 0.595313 0.047817 0.134375 0.00327301
67 0.466216 0.539453 0.031185 0.100781 0.00324821
65 0.472973 0.647656 0.045738 0.139063 0.00317192
67 0.58316 0.500781 0.039501 0.046875 0.0030632
8 0.170998 0.953125 0.018711 0.009375 0.00282288
33 0.170998 0.953125 0.018711 0.009375 0.00277901
67 0.600312 0.507812 0.0758836 0.0609375 0.00269318
67 0.469854 0.684375 0.029106 0.110156 0.0026722
79 0.472973 0.647656 0.045738 0.139063 0.00266266
0 0.0816008 0.960938 0.0171518 0.0171875 0.00265312
25 0.259291 0.421875 0.508446 0.665625 0.00261116
67 0.591476 0.503906 0.0623701 0.053125 0.00253105
67 0.581601 0.49375 0.0384615 0.0328125 0.0024147
0 0.0843295 0.959375 0.0226091 0.015625 0.00239754
44 0.472973 0.647656 0.045738 0.139063 0.00237846
56 0.494283 0.604297 0.988566 0.763281 0.00212479
67 0.469854 0.657031 0.033264 0.184375 0.00210762
46 0.600832 0.508594 0.0769231 0.0617188 0.00208282
79 0.468815 0.590625 0.039501 0.107813 0.00208282
67 0.489605 0.657422 0.0748441 0.230469 0.00200272
67 0.551975 0.438281 0.0696466 0.0570313 0.00184631
79 0.472973 0.619531 0.0488565 0.121875 0.00176144
44 0.471414 0.657422 0.04158 0.194531 0.00171375
65 0.471414 0.657422 0.04158 0.194531 0.00169373
42 0.483368 0.625781 0.0654886 0.253125 0.00157928
42 0.471414 0.657422 0.04158 0.194531 0.00156116
79 0.488046 0.640625 0.0727651 0.246875 0.00154305
65 0.47817 0.635156 0.0561331 0.120313 0.00153637
66 0.892931 0.63125 0.141372 0.18125 0.00150108
73 0.893971 0.60625 0.139293 0.235938 0.00150108
2 0.170998 0.953125 0.018711 0.009375 0.00148964
67 0.47817 0.591797 0.0561331 0.134375 0.00146675
8 0.168659 0.953125 0.0223493 0.0125 0.00145531
65 0.470374 0.621875 0.0467775 0.0921875 0.00144958
32 0.0826403 0.960156 0.0148129 0.0125 0.00143242
74 0.547297 0.417969 0.0644491 0.0320312 0.00139427
52 0.598753 0.507031 0.0769231 0.0625 0.00137234
52 0.489605 0.647266 0.0769231 0.242969 0.00135612
79 0.549376 0.417969 0.0623701 0.03125 0.00129986
46 0.60447 0.486719 0.0800416 0.1 0.00123501
67 0.54262 0.411328 0.0769231 0.04375 0.00122547
33 0.168659 0.953125 0.0223493 0.0125 0.00118828
67 0.469854 0.596875 0.043659 0.126563 0.00115585
46 0.472973 0.595313 0.047817 0.134375 0.00115108
39 0.0819906 0.959375 0.0168919 0.015625 0.00112438
67 0.550936 0.424609 0.0644491 0.0421875 0.0011158
67 0.602911 0.484766 0.0956341 0.107813 0.00110722
2 0.168659 0.953125 0.0223493 0.0125 0.00110722
67 0.486486 0.664844 0.0602911 0.189063 0.00107288
67 0.556653 0.45 0.0561331 0.034375 0.00105667
79 0.550936 0.424609 0.0644491 0.0421875 0.00100422
0 0.675676 0.621484 0.632017 0.742969 0.915039
25 0.482848 0.417285 0.955301 0.656055 0.81543
25 0.485967 0.550781 0.971933 0.675 0.0953369
0 0.0826403 0.960156 0.0150728 0.0125 0.0388184
67 0.467775 0.571094 0.027027 0.0351562 0.028656
25 0.637734 0.416797 0.664241 0.624219 0.0201721
67 0.467775 0.586719 0.035343 0.096875 0.0143356
27 0.485967 0.635156 0.0717256 0.23125 0.0103683
14 0.171258 0.953125 0.0192308 0.009375 0.00923157
67 0.466216 0.577344 0.027027 0.0460938 0.00898743
67 0.549376 0.417969 0.0623701 0.03125 0.0068512
79 0.470894 0.659375 0.04158 0.203125 0.00568771
14 0.168659 0.953125 0.0223493 0.0125 0.00466537
14 0.0821206 0.959375 0.0171518 0.015625 0.00462723
0 0.168659 0.953125 0.0223493 0.0125 0.00455475
67 0.492723 0.555469 0.0498961 0.128906 0.00424957
8 0.0821206 0.959375 0.0171518 0.015625 0.00424957
0 0.171258 0.953125 0.0192308 0.009375 0.00397491
79 0.472973 0.595313 0.047817 0.135156 0.00391388
33 0.0821206 0.959375 0.0171518 0.015625 0.00363541
67 0.480249 0.568359 0.0582121 0.117188 0.00356483
13 0.494803 0.604785 0.989605 0.762305 0.00348282
79 0.469854 0.683203 0.029106 0.113281 0.00333786
67 0.465696 0.539062 0.031185 0.103125 0.00328636
65 0.472973 0.620703 0.0498961 0.126563 0.00325966
65 0.472973 0.595313 0.047817 0.135156 0.00314713
67 0.430873 0.566406 0.108108 0.121875 0.00313568
65 0.472453 0.65 0.0467775 0.144531 0.00287819
44 0.472453 0.65 0.0467775 0.144531 0.00282288
79 0.472453 0.65 0.0467775 0.144531 0.00277901
25 0.260655 0.420312 0.509875 0.6625 0.00270462
67 0.58264 0.500781 0.039501 0.0453125 0.00269318
67 0.469854 0.683203 0.029106 0.113281 0.00269318
67 0.489605 0.658984 0.0748441 0.227344 0.00246239
8 0.171258 0.953125 0.0192308 0.009375 0.00242424
67 0.599792 0.507812 0.0769231 0.0609375 0.00239754
33 0.171258 0.953125 0.0192308 0.009375 0.00222588
33 0.482199 0.426465 0.954522 0.675195 0.00221634
67 0.590437 0.503516 0.0613306 0.053125 0.00217438
0 0.0816008 0.960938 0.0176715 0.015625 0.00215721
67 0.469854 0.657813 0.033264 0.188281 0.00209999
67 0.581601 0.49375 0.0384615 0.0328125 0.0020752
79 0.468815 0.590625 0.039501 0.10625 0.00200272
0 0.0843295 0.959375 0.022869 0.015625 0.00197983
79 0.469854 0.687109 0.024948 0.090625 0.00196457
42 0.483368 0.626563 0.0644491 0.251563 0.00187492
67 0.551975 0.439063 0.0696466 0.0554687 0.00186729
79 0.487526 0.64375 0.0727651 0.242188 0.00186062
44 0.470894 0.659375 0.04158 0.203125 0.00183868
2 0.171258 0.953125 0.0192308 0.009375 0.00183105
56 0.494803 0.604785 0.989605 0.762305 0.00183105
79 0.472973 0.620703 0.0498961 0.126563 0.0018034
46 0.600832 0.508594 0.0769231 0.0617188 0.00162888
42 0.470894 0.659375 0.04158 0.203125 0.00162315
67 0.47817 0.591406 0.0561331 0.134375 0.00154305
65 0.470894 0.659375 0.04158 0.203125 0.0014782
67 0.469854 0.687109 0.024948 0.090625 0.0014782
67 0.464657 0.549609 0.0280665 0.078125 0.00143242
32 0.0826403 0.960156 0.0150728 0.0125 0.00143242
25 0.617594 0.605859 0.741944 0.742969 0.00142097
65 0.47817 0.638281 0.0571726 0.128125 0.00139427
66 0.892931 0.633203 0.141372 0.176563 0.00137806
2 0.168659 0.953125 0.0223493 0.0125 0.00135612
65 0.469854 0.622656 0.047817 0.09375 0.00131512
8 0.168659 0.953125 0.0223493 0.0125 0.00129986
52 0.489605 0.65 0.0779626 0.2375 0.00126457
67 0.487006 0.664844 0.0613306 0.190625 0.00117397
67 0.469335 0.596875 0.0446985 0.126563 0.00116539
39 0.0821206 0.959375 0.0171518 0.015625 0.00114727
27 0.487526 0.614453 0.0852391 0.296094 0.00112057
46 0.60395 0.486719 0.0790021 0.1 0.0011034
74 0.546778 0.417969 0.0644491 0.0320312 0.00109863
73 0.893971 0.60625 0.139293 0.234375 0.00108147
67 0.550416 0.426563 0.0654886 0.0453125 0.00106525
2 0.0821206 0.959375 0.0171518 0.015625 0.00106525
67 0.556133 0.450391 0.0561331 0.0335938 0.00106049
42 0.472453 0.65 0.0467775 0.144531 0.00105286
33 0.168659 0.953125 0.0223493 0.0125 0.00104809
79 0.549376 0.417969 0.0623701 0.03125 0.00101662
67 0.493243 0.570312 0.0686071 0.123438 0.00100803
0 0.676195 0.620703 0.633056 0.744531 0.911621
25 0.482848 0.414453 0.955301 0.652344 0.816406
25 0.485967 0.557129 0.971933 0.685742 0.110107
0 0.0826403 0.960156 0.0150728 0.0125 0.0371094
67 0.467775 0.572266 0.027027 0.0375 0.0275879
25 0.628898 0.415234 0.679834 0.625781 0.0188293
67 0.468295 0.586328 0.0363825 0.096875 0.014389
27 0.485447 0.635547 0.0706861 0.228906 0.0116425
0 0.0821206 0.959375 0.0174116 0.015625 0.0091629
67 0.466216 0.578125 0.027027 0.0476562 0.00854492
14 0.170998 0.953125 0.0197505 0.009375 0.00751877
67 0.549896 0.41875 0.0623701 0.03125 0.00669098
79 0.471414 0.659375 0.0426195 0.20625 0.00564194
0 0.168919 0.953125 0.022869 0.0125 0.00421524
25 0.598753 0.557422 0.70894 0.650781 0.00416565
79 0.472973 0.595313 0.047817 0.135937 0.00405502
67 0.492723 0.554688 0.0498961 0.13125 0.00380898
14 0.168919 0.953125 0.022869 0.0125 0.00374985
0 0.170998 0.953125 0.0197505 0.009375 0.00372124
14 0.0821206 0.959375 0.0174116 0.015625 0.0036068
33 0.0821206 0.959375 0.0174116 0.015625 0.00356483
67 0.480249 0.567969 0.0582121 0.117188 0.00345612
8 0.0821206 0.959375 0.0174116 0.015625 0.00337601
65 0.472973 0.595313 0.047817 0.135937 0.00325966
65 0.472973 0.619531 0.0498961 0.130469 0.00324821
14 0.0826403 0.960156 0.0150728 0.0125 0.00322342
79 0.469854 0.682031 0.029106 0.115625 0.00318527
67 0.466216 0.539062 0.0322245 0.104688 0.00314713
44 0.472453 0.650781 0.0467775 0.146875 0.00296974
33 0.0826403 0.960156 0.0150728 0.0125 0.00291252
79 0.472453 0.650781 0.0467775 0.146875 0.00282288
65 0.472453 0.650781 0.0467775 0.146875 0.00274658
13 0.494803 0.606641 0.989605 0.758594 0.00263214
67 0.469854 0.682031 0.029106 0.115625 0.00259018
67 0.431393 0.566406 0.108108 0.121875 0.00255013
25 0.725052 0.430078 0.493763 0.591406 0.00245285
8 0.0841996 0.960156 0.022869 0.015625 0.00242424
25 0.260135 0.419141 0.508836 0.661719 0.00239754
67 0.582121 0.5 0.039501 0.0453125 0.00236893
42 0.481809 0.626563 0.0623701 0.247656 0.00226974
67 0.599792 0.507812 0.0769231 0.0609375 0.00225258
33 0.170998 0.953125 0.0197505 0.009375 0.00214958
67 0.489605 0.658594 0.0748441 0.228125 0.00210762
67 0.469854 0.657031 0.033264 0.189063 0.00206757
8 0.170998 0.953125 0.0197505 0.009375 0.0020504
2 0.170998 0.953125 0.0197505 0.009375 0.00200272
67 0.590437 0.503906 0.0602911 0.053125 0.00190449
79 0.469854 0.686719 0.0259875 0.090625 0.00189686
79 0.468815 0.590625 0.039501 0.10625 0.00185299
44 0.471414 0.659375 0.0426195 0.20625 0.00185299
79 0.472973 0.619531 0.0498961 0.130469 0.00182438
79 0.487526 0.642969 0.0727651 0.242188 0.0018177
33 0.0841996 0.960156 0.022869 0.015625 0.00179577
67 0.581081 0.49375 0.037422 0.0328125 0.00176811
33 0.482848 0.419922 0.955301 0.663281 0.00176811
42 0.471414 0.659375 0.0426195 0.20625 0.00169373
67 0.551975 0.439063 0.0686071 0.0554687 0.00167465
0 0.0841996 0.960156 0.022869 0.015625 0.00166798
67 0.47817 0.591406 0.0561331 0.132812 0.00153637
56 0.494803 0.606641 0.989605 0.758594 0.00148964
14 0.0841996 0.960156 0.022869 0.015625 0.00148392
2 0.168919 0.953125 0.022869 0.0125 0.00145531
67 0.469854 0.686719 0.0259875 0.090625 0.00140476
65 0.471414 0.659375 0.0426195 0.20625 0.00136185
65 0.47817 0.638281 0.0571726 0.132812 0.00134563
32 0.0826403 0.960156 0.0150728 0.0125 0.00132465
67 0.465177 0.55 0.0280665 0.078125 0.00130939
66 0.892412 0.634375 0.140333 0.175 0.00128937
65 0.469854 0.622266 0.047817 0.09375 0.0012064
67 0.469335 0.596875 0.0446985 0.126563 0.00119209
27 0.487006 0.612891 0.0831601 0.289844 0.00116539
42 0.472453 0.650781 0.0467775 0.146875 0.00112438
42 0.487006 0.612891 0.0831601 0.289844 0.00112438
46 0.598753 0.507031 0.0769231 0.0625 0.0011158
40 0.472973 0.595313 0.047817 0.135937 0.0011158
39 0.0821206 0.959375 0.0174116 0.015625 0.0011158
2 0.0821206 0.959375 0.0174116 0.015625 0.00110722
8 0.168919 0.953125 0.022869 0.0125 0.00107765
67 0.550416 0.425 0.0644491 0.040625 0.00106907
33 0.168919 0.953125 0.022869 0.0125 0.00102425
74 0.546778 0.418359 0.0644491 0.0320312 0.00102043
0 0.676715 0.620703 0.632017 0.746094 0.91748
25 0.482848 0.412109 0.951143 0.649219 0.830078
25 0.481289 0.560059 0.962578 0.683008 0.143188
0 0.0826403 0.959375 0.0155925 0.0125 0.0444336
67 0.467775 0.574609 0.027027 0.0421875 0.0316162
25 0.627729 0.414453 0.684252 0.625781 0.0184784
67 0.468815 0.587891 0.037422 0.0945313 0.0160217
27 0.484407 0.636719 0.0686071 0.226562 0.0156021
67 0.549376 0.418359 0.0623701 0.03125 0.00941467
14 0.170998 0.953125 0.0197505 0.0125 0.00677109
13 0.494283 0.611328 0.988566 0.749219 0.005867
79 0.471414 0.659375 0.0426195 0.217188 0.00536346
0 0.168919 0.953125 0.022869 0.0125 0.00441742
67 0.431913 0.567187 0.108108 0.123438 0.00421524
25 0.611227 0.552734 0.677755 0.635156 0.00419998
8 0.0822505 0.960156 0.0176715 0.015625 0.00390053
67 0.491684 0.555469 0.0498961 0.132812 0.00385475
67 0.465696 0.540625 0.033264 0.107813 0.00380898
79 0.472453 0.596484 0.0488565 0.136719 0.00363541
14 0.0826403 0.959375 0.0155925 0.0125 0.00342941
67 0.47921 0.567969 0.0582121 0.11875 0.00332451
79 0.469854 0.675781 0.029106 0.13125 0.00325966
33 0.0822505 0.960156 0.0176715 0.015625 0.00312424
44 0.472973 0.654688 0.047817 0.15625 0.0030632
67 0.469854 0.675781 0.029106 0.13125 0.00279999
42 0.480249 0.626953 0.0582121 0.241406 0.00279045
65 0.472973 0.621875 0.0498961 0.1375 0.00268364
79 0.472973 0.654688 0.047817 0.15625 0.00268364
67 0.582121 0.5 0.0384615 0.0445313 0.0026722
56 0.494283 0.611328 0.988566 0.749219 0.00266266
65 0.472453 0.596484 0.0488565 0.136719 0.00264168
67 0.489605 0.657422 0.0748441 0.230469 0.00255013
2 0.170998 0.953125 0.0197505 0.0125 0.00248146
8 0.170998 0.953125 0.0197505 0.0125 0.00246239
65 0.472973 0.654688 0.047817 0.15625 0.0024147
67 0.599792 0.507812 0.0748441 0.0609375 0.00230598
25 0.258316 0.418066 0.506237 0.660742 0.00221634
67 0.468815 0.661719 0.033264 0.198437 0.00219917
67 0.589917 0.503906 0.0592516 0.053125 0.00210762
0 0.0818607 0.960938 0.0179314 0.0171875 0.00210762
33 0.170998 0.953125 0.0197505 0.0125 0.00200272
79 0.486486 0.646094 0.0706861 0.234375 0.00200272
25 0.733368 0.428027 0.477131 0.592383 0.00191212
44 0.471414 0.659375 0.0426195 0.217188 0.00189686
79 0.469854 0.686719 0.024948 0.090625 0.00177479
42 0.471414 0.659375 0.0426195 0.217188 0.0017004
79 0.472973 0.621875 0.0498961 0.1375 0.00165462
79 0.468815 0.590234 0.0405405 0.103906 0.0016489
67 0.551455 0.4375 0.0696466 0.0578125 0.00157356
66 0.892931 0.633594 0.141372 0.175781 0.00157356
67 0.47817 0.592578 0.0561331 0.13125 0.00149536
32 0.0826403 0.959375 0.0155925 0.0125 0.00148964
74 0.546778 0.417969 0.0644491 0.0328125 0.0014782
67 0.469854 0.686719 0.024948 0.090625 0.00143242
27 0.485967 0.6125 0.0810811 0.276563 0.00141048
2 0.0822505 0.960156 0.0176715 0.015625 0.00139904
67 0.464657 0.549219 0.029106 0.0828125 0.00136662
42 0.485967 0.6125 0.0810811 0.276563 0.00136662
33 0.482848 0.412402 0.951143 0.650195 0.00136662
67 0.480249 0.626953 0.0582121 0.241406 0.00135612
46 0.598753 0.507422 0.0769231 0.0625 0.00131512
14 0.0841996 0.960156 0.0233888 0.015625 0.00131512
57 0.560811 0.631934 0.87422 0.708008 0.00129986
65 0.471414 0.659375 0.0426195 0.217188 0.0012598
67 0.54262 0.411719 0.0769231 0.04375 0.00118828
79 0.549376 0.418359 0.0623701 0.03125 0.00115108
42 0.472973 0.654688 0.047817 0.15625 0.00114727
67 0.469335 0.596875 0.0446985 0.126563 0.00109863
46 0.60395 0.485938 0.0769231 0.101562 0.00104809
25 0.618373 0.505078 0.532484 0.522656 0.00104046
40 0.472453 0.596484 0.0488565 0.136719 0.00103188
0 0.677235 0.620313 0.633056 0.748438 0.912598
25 0.483888 0.417188 0.951143 0.659375 0.817383
25 0.480249 0.561328 0.960499 0.696094 0.178955
0 0.0823805 0.959375 0.0155925 0.0125 0.0480347
67 0.467775 0.577344 0.027027 0.0484375 0.0335999
27 0.483368 0.636719 0.0665281 0.226562 0.0185394
67 0.468815 0.589063 0.037422 0.0929688 0.0163422
25 0.626299 0.413672 0.689189 0.625781 0.0133286
13 0.496882 0.613672 0.985447 0.746094 0.00818634
67 0.548857 0.418359 0.0623701 0.03125 0.00809479
0 0.0823805 0.960156 0.0181913 0.015625 0.00754929
14 0.171258 0.953125 0.0197505 0.0125 0.00570679
67 0.432432 0.567969 0.108108 0.125 0.00511932
79 0.471414 0.658203 0.0426195 0.222656 0.00460815
8 0.0823805 0.960156 0.0181913 0.015625 0.00446701
67 0.465696 0.542188 0.033264 0.1125 0.00413513
67 0.491684 0.555469 0.0498961 0.134375 0.00382423
33 0.0823805 0.959375 0.0155925 0.0125 0.00380898
0 0.168919 0.953125 0.022869 0.0125 0.00372124
56 0.496882 0.613672 0.985447 0.746094 0.00367928
33 0.0823805 0.960156 0.0181913 0.015625 0.00344276
42 0.47921 0.626563 0.0561331 0.239063 0.00342941
79 0.472973 0.596875 0.047817 0.1375 0.00317192
14 0.0823805 0.959375 0.0155925 0.0125 0.00316048
67 0.47921 0.567969 0.0571726 0.11875 0.00313568
25 0.609667 0.557813 0.678794 0.64375 0.00311089
44 0.472973 0.655469 0.047817 0.160938 0.00299263
14 0.0823805 0.960156 0.0181913 0.015625 0.00290108
67 0.489085 0.655469 0.0738046 0.234375 0.00284576
79 0.469854 0.666406 0.029106 0.15 0.00283432
67 0.469854 0.666406 0.029106 0.15 0.00277901
8 0.171258 0.953125 0.0197505 0.0125 0.00264168
2 0.171258 0.953125 0.0197505 0.0125 0.00251198
67 0.582121 0.499219 0.037422 0.0421875 0.00250244
79 0.469335 0.596875 0.0405405 0.110937 0.0024929
79 0.472973 0.655469 0.047817 0.160938 0.0024147
67 0.468815 0.660937 0.033264 0.203125 0.00227928
65 0.472973 0.596875 0.047817 0.1375 0.00219917
65 0.472973 0.622266 0.0498961 0.14375 0.00216484
67 0.599792 0.507812 0.0748441 0.0609375 0.00208282
67 0.47921 0.626563 0.0561331 0.239063 0.00206757
79 0.485967 0.644922 0.0696466 0.233594 0.00205803
57 0.587318 0.655859 0.821206 0.661719 0.0020504
65 0.472973 0.655469 0.047817 0.160938 0.00204277
33 0.171258 0.953125 0.0197505 0.0125 0.00196457
25 0.306653 0.431641 0.602911 0.653906 0.00194168
67 0.588877 0.503125 0.0561331 0.0515625 0.00193405
44 0.471414 0.658203 0.0426195 0.222656 0.00178909
42 0.484927 0.6125 0.0769231 0.263281 0.00174141
56 0.512604 0.473047 0.939449 0.542188 0.00166798
66 0.892931 0.634375 0.141372 0.175 0.00158501
42 0.471414 0.658203 0.0426195 0.222656 0.00155449
32 0.0823805 0.959375 0.0155925 0.0125 0.00150108
79 0.469854 0.686719 0.024948 0.0898438 0.00149536
79 0.472973 0.622266 0.0498961 0.14375 0.00144958
2 0.0823805 0.960156 0.0181913 0.015625 0.00144386
67 0.47817 0.59375 0.0561331 0.129688 0.0014267
67 0.463617 0.548438 0.031185 0.0859375 0.00136185
67 0.469854 0.686719 0.024948 0.0898438 0.00136185
74 0.546778 0.417969 0.0644491 0.0328125 0.00134563
25 0.747921 0.429297 0.450104 0.588281 0.00124454
67 0.550936 0.4375 0.0696466 0.059375 0.00123024
73 0.925676 0.3 0.148649 0.096875 0.00116062
42 0.472973 0.655469 0.047817 0.160938 0.0011158
25 0.616424 0.504297 0.528067 0.521094 0.00108147
67 0.484927 0.6125 0.0769231 0.263281 0.00107288
65 0.471414 0.658203 0.0426195 0.222656 0.00106049
67 0.553015 0.414062 0.0706861 0.0390625 0.00105286
67 0.469335 0.596094 0.0446985 0.129688 0.00103664
33 0.483238 0.428027 0.950364 0.681445 0.00102425
25 0.245777 0.487891 0.477261 0.535156 0.00102425
40 0.472973 0.596875 0.047817 0.1375 0.00102043
46 0.598753 0.507422 0.0769231 0.0625 0.00101185
0 0.677755 0.619922 0.634096 0.750781 0.897461
25 0.484927 0.436328 0.951143 0.696094 0.79834
25 0.47973 0.5625 0.959459 0.714063 0.227417
0 0.0825104 0.960156 0.0158524 0.0140625 0.0535889
67 0.467775 0.580469 0.0280665 0.0546875 0.0306702
27 0.482328 0.6375 0.0644491 0.221875 0.0197906
67 0.469335 0.590625 0.0384615 0.090625 0.014389
13 0.495842 0.614844 0.991684 0.745313 0.011116
25 0.60408 0.412109 0.737786 0.627344 0.0104904
67 0.549376 0.418359 0.0623701 0.03125 0.00524139
67 0.433342 0.56875 0.108368 0.126563 0.0050621
14 0.170998 0.953125 0.0197505 0.0125 0.00429916
8 0.0823805 0.960156 0.0181913 0.015625 0.00424957
56 0.495842 0.614844 0.991684 0.745313 0.00416565
13 0.585759 0.672754 0.824324 0.629492 0.00403976
79 0.471933 0.657031 0.043659 0.226562 0.00397491
33 0.0825104 0.960156 0.0158524 0.0140625 0.00374985
67 0.465696 0.544531 0.035343 0.11875 0.00363541
42 0.47817 0.627344 0.0540541 0.236719 0.00337601
67 0.491164 0.55625 0.0509356 0.134375 0.00299263
0 0.168919 0.953125 0.022869 0.0125 0.00290108
44 0.472973 0.655859 0.047817 0.165625 0.00283432
79 0.472973 0.597656 0.0488565 0.1375 0.00281143
14 0.0825104 0.960156 0.0158524 0.0140625 0.00275803
2 0.170998 0.953125 0.0197505 0.0125 0.00265312
56 0.505717 0.493848 0.959459 0.58418 0.00261116
67 0.47921 0.567969 0.0561331 0.11875 0.0024929
79 0.469854 0.658594 0.029106 0.167187 0.00240517
67 0.469854 0.658594 0.029106 0.167187 0.00239754
57 0.585759 0.672754 0.824324 0.629492 0.00239754
8 0.170998 0.953125 0.0197505 0.0125 0.00235939
25 0.595634 0.567187 0.711019 0.66875 0.00232315
79 0.472973 0.655859 0.047817 0.165625 0.00216484
56 0.585759 0.672754 0.824324 0.629492 0.00211525
67 0.47817 0.627344 0.0540541 0.236719 0.00209045
79 0.469854 0.598047 0.04158 0.107813 0.00206757
67 0.489605 0.652734 0.0727651 0.238281 0.00201035
67 0.469854 0.655469 0.035343 0.201563 0.00191212
65 0.472973 0.597656 0.0488565 0.1375 0.00188923
67 0.581601 0.498437 0.037422 0.040625 0.00187492
33 0.170998 0.953125 0.0197505 0.0125 0.00176811
79 0.485447 0.644531 0.0665281 0.225 0.00176811
13 0.505717 0.493848 0.959459 0.58418 0.00175476
65 0.473493 0.622656 0.0498961 0.151562 0.00170708
44 0.471933 0.657031 0.043659 0.226562 0.00170708
25 0.305094 0.430469 0.599792 0.65625 0.00167465
57 0.495842 0.614844 0.991684 0.745313 0.0016613
42 0.484407 0.613672 0.0769231 0.261719 0.0016489
65 0.472973 0.655859 0.047817 0.165625 0.00164223
67 0.598753 0.507812 0.0727651 0.0609375 0.00150681
42 0.471933 0.657031 0.043659 0.226562 0.00149536
2 0.0823805 0.960156 0.0181913 0.015625 0.00148392
32 0.0825104 0.960156 0.0158524 0.0140625 0.0014267
67 0.587318 0.503125 0.0530146 0.0515625 0.00142097
27 0.484407 0.613672 0.0769231 0.261719 0.00135136
42 0.485447 0.644531 0.0665281 0.225 0.00135136
79 0.469854 0.686719 0.024948 0.0890625 0.00129414
73 0.925676 0.3 0.148649 0.096875 0.00129414
66 0.892931 0.635156 0.141372 0.173438 0.00129414
79 0.473493 0.622656 0.0498961 0.151562 0.00125504
67 0.462578 0.548828 0.035343 0.090625 0.00117874
67 0.47817 0.596094 0.0550936 0.126563 0.00117874
67 0.469854 0.686719 0.024948 0.0890625 0.00115108
33 0.0841996 0.960156 0.0233888 0.015625 0.0011158
42 0.472973 0.655859 0.047817 0.165625 0.00111198
67 0.484407 0.613672 0.0769231 0.261719 0.00105667
74 0.546778 0.417969 0.0644491 0.0328125 0.00102806
0 0.678794 0.619922 0.636175 0.752344 0.884766
25 0.485967 0.441016 0.953222 0.705469 0.771973
25 0.480769 0.565723 0.961538 0.731055 0.250244
0 0.0826403 0.960156 0.0161123 0.0140625 0.0509949
67 0.467775 0.582422 0.029106 0.0578125 0.0267639
27 0.482328 0.6375 0.0623701 0.221875 0.0183411
67 0.469854 0.590625 0.039501 0.0890625 0.0118713
13 0.496882 0.616406 0.989605 0.74375 0.0108566
25 0.598753 0.410254 0.75052 0.629492 0.00772476
67 0.433472 0.569141 0.110187 0.127344 0.00450516
56 0.590307 0.613184 0.81315 0.742383 0.00450516
8 0.0823805 0.960156 0.0181913 0.015625 0.00428009
13 0.601741 0.678906 0.79236 0.617188 0.00382423
33 0.0826403 0.960156 0.0161123 0.0140625 0.0037365
42 0.47817 0.627344 0.0519751 0.2375 0.00369263
79 0.471933 0.65625 0.043659 0.229687 0.00351143
14 0.170998 0.953906 0.0197505 0.0109375 0.00348282
67 0.465696 0.546484 0.035343 0.127344 0.00337601
56 0.506107 0.523438 0.962838 0.640625 0.00324821
67 0.549896 0.418359 0.0623701 0.03125 0.00299263
57 0.601741 0.678906 0.79236 0.617188 0.0026722
14 0.0826403 0.960156 0.0161123 0.0140625 0.00257111
2 0.170998 0.953906 0.0197505 0.0109375 0.00256157
67 0.490644 0.555469 0.0519751 0.1375 0.00255013
44 0.472973 0.655469 0.047817 0.170313 0.00252151
79 0.472973 0.598047 0.0488565 0.138281 0.00250244
67 0.47817 0.627344 0.0519751 0.2375 0.00227928
8 0.170998 0.953906 0.0197505 0.0109375 0.00219154
67 0.469854 0.655469 0.029106 0.175 0.00213242
79 0.469854 0.655469 0.029106 0.175 0.00213242
0 0.168919 0.953125 0.022869 0.0125 0.00209999
42 0.484407 0.614844 0.0748441 0.261719 0.00205803
67 0.47921 0.567969 0.0561331 0.11875 0.00200272
57 0.496882 0.616406 0.989605 0.74375 0.00197983
79 0.472973 0.655469 0.047817 0.170313 0.00195694
65 0.472973 0.598047 0.0488565 0.138281 0.00174809
79 0.469854 0.598437 0.0405405 0.107813 0.00173378
79 0.484927 0.64375 0.0654886 0.223438 0.00168705
67 0.489085 0.651953 0.0727651 0.238281 0.00161076
67 0.582121 0.497656 0.037422 0.0390625 0.00154877
44 0.471933 0.65625 0.043659 0.229687 0.00154305
25 0.2908 0.430469 0.572245 0.65625 0.00149536
2 0.0823805 0.960156 0.0181913 0.015625 0.00148392
65 0.473493 0.624219 0.0498961 0.15625 0.00146675
65 0.472973 0.655469 0.047817 0.170313 0.00146675
66 0.892931 0.635938 0.141372 0.171875 0.00140476
32 0.0826403 0.960156 0.0161123 0.0140625 0.00140476
25 0.593035 0.575 0.718295 0.684375 0.00139904
33 0.170998 0.953906 0.0197505 0.0109375 0.00139427
42 0.471933 0.65625 0.043659 0.229687 0.00136662
27 0.484407 0.614844 0.0748441 0.261719 0.00135612
67 0.484407 0.614844 0.0748441 0.261719 0.00132465
67 0.597713 0.507422 0.0706861 0.0601563 0.00125504
79 0.469854 0.686328 0.024948 0.0890625 0.0012064
73 0.925676 0.3 0.148649 0.096875 0.00119686
67 0.587318 0.503125 0.0519751 0.0515625 0.00112057
67 0.467775 0.654297 0.04158 0.205469 0.0011034
79 0.473493 0.624219 0.0498961 0.15625 0.00109005
60 0.598883 0.613281 0.800156 0.7375 0.00104427
67 0.469854 0.686328 0.024948 0.0890625 0.00103188
42 0.472973 0.655469 0.047817 0.170313 0.00102043
0 0.680353 0.620215 0.639293 0.75332 0.876953
25 0.486486 0.444434 0.956341 0.712695 0.760742
25 0.484927 0.598828 0.969854 0.771094 0.10968
0 0.0825104 0.960156 0.0161123 0.0140625 0.0476074
67 0.467775 0.583984 0.029106 0.0609375 0.0249939
27 0.481289 0.637109 0.0602911 0.222656 0.016922
13 0.49896 0.615234 0.989605 0.747656 0.0115967
67 0.469854 0.591016 0.039501 0.0890625 0.0108566
56 0.586279 0.612109 0.827443 0.750781 0.00584412
67 0.434511 0.569531 0.110187 0.128125 0.00568771
25 0.588877 0.408203 0.774428 0.629687 0.00542831
8 0.0825104 0.960156 0.0184511 0.015625 0.00431442
56 0.494283 0.551562 0.988566 0.859375 0.00429916
13 0.622141 0.683594 0.753638 0.607813 0.00397491
42 0.477131 0.627344 0.0498961 0.239844 0.00376511
67 0.465696 0.55 0.037422 0.134375 0.00340271
33 0.0825104 0.960156 0.0161123 0.0140625 0.00319672
79 0.471933 0.655078 0.043659 0.233594 0.00294685
67 0.477131 0.627344 0.0498961 0.239844 0.00288963
2 0.170998 0.953906 0.0197505 0.0109375 0.0028553
57 0.622141 0.683594 0.753638 0.607813 0.00281143
14 0.170998 0.953906 0.0197505 0.0109375 0.00273705
57 0.49896 0.615234 0.989605 0.747656 0.00243378
67 0.490644 0.557031 0.0519751 0.1375 0.002388
42 0.483368 0.616406 0.0738046 0.259375 0.00233269
67 0.549376 0.418359 0.0613306 0.03125 0.00228691
79 0.472973 0.599219 0.047817 0.139063 0.00224304
8 0.170998 0.953906 0.0197505 0.0109375 0.00216484
14 0.0825104 0.960156 0.0161123 0.0140625 0.00209999
67 0.483368 0.616406 0.0738046 0.259375 0.0019722
44 0.472973 0.654688 0.047817 0.178125 0.00194931
79 0.484407 0.642188 0.0644491 0.221875 0.00193405
67 0.468815 0.660156 0.035343 0.21875 0.00192642
79 0.469854 0.653125 0.0301455 0.182812 0.00175476
67 0.47921 0.567969 0.0561331 0.11875 0.00168705
0 0.168919 0.953125 0.022869 0.0125 0.00168705
79 0.469854 0.598828 0.04158 0.10625 0.00158501
65 0.472973 0.599219 0.047817 0.139063 0.00156689
73 0.925156 0.3 0.149688 0.096875 0.00156689
2 0.0825104 0.960156 0.0184511 0.015625 0.00156116
67 0.581601 0.496484 0.0363825 0.0367188 0.00139427
56 0.7079 0.483594 0.561331 0.53125 0.00132465
65 0.472973 0.654688 0.047817 0.178125 0.00128937
32 0.0825104 0.960156 0.0161123 0.0140625 0.00127888
67 0.488566 0.65 0.0727651 0.241406 0.00127411
66 0.893971 0.636328 0.141372 0.171875 0.00124931
60 0.599792 0.615234 0.800416 0.733594 0.00122547
65 0.474012 0.626172 0.0498961 0.167969 0.0012207
27 0.483368 0.616406 0.0738046 0.259375 0.0012207
33 0.170998 0.953906 0.0197505 0.0109375 0.00121117
25 0.29106 0.429688 0.573805 0.657031 0.00119686
67 0.596674 0.507812 0.0686071 0.059375 0.00106525
79 0.469854 0.685547 0.024948 0.0898438 0.00106525
42 0.471933 0.655078 0.043659 0.233594 0.00101662
0 0.680353 0.619922 0.639293 0.753906 0.877441
25 0.487006 0.448047 0.959459 0.722656 0.747559
25 0.486486 0.599609 0.972973 0.772656 0.106323
0 0.0826403 0.960156 0.0161123 0.0140625 0.0435181
67 0.468295 0.584766 0.029106 0.0632813 0.0236969
27 0.481809 0.6375 0.0602911 0.221875 0.0160217
13 0.502599 0.614453 0.982328 0.749219 0.0106964
67 0.470374 0.590625 0.0405405 0.090625 0.0100555
56 0.505717 0.578125 0.969854 0.764063 0.00669098
67 0.435031 0.570312 0.112266 0.129688 0.00518036
42 0.477651 0.627344 0.0509356 0.240625 0.00418091
8 0.0826403 0.960156 0.018711 0.015625 0.0039444
25 0.589527 0.407422 0.775208 0.628906 0.00392914
13 0.643581 0.683594 0.710759 0.60625 0.00353813
67 0.466216 0.550781 0.037422 0.139844 0.00324821
2 0.170998 0.953906 0.0197505 0.0109375 0.00313568
67 0.477651 0.627344 0.0509356 0.240625 0.00287819
42 0.483368 0.616016 0.0717256 0.258594 0.00286674
33 0.0826403 0.960156 0.0161123 0.0140625 0.0028553
57 0.643581 0.683594 0.710759 0.60625 0.00284576
56 0.643581 0.683594 0.710759 0.60625 0.00283432
79 0.471933 0.653906 0.043659 0.235938 0.00268364
57 0.502599 0.614453 0.982328 0.749219 0.00261116
14 0.170998 0.953906 0.0197505 0.0109375 0.00246239
67 0.490125 0.55625 0.0519751 0.140625 0.00221634
79 0.473493 0.598828 0.0488565 0.140625 0.00213242
67 0.483368 0.616016 0.0717256 0.258594 0.00213242
8 0.170998 0.953906 0.0197505 0.0109375 0.00206757
67 0.468815 0.660156 0.035343 0.220313 0.00203514
14 0.0826403 0.960156 0.0161123 0.0140625 0.00200272
79 0.484927 0.642578 0.0644491 0.222656 0.00199509
67 0.549896 0.418359 0.0602911 0.03125 0.00195694
2 0.0826403 0.960156 0.018711 0.015625 0.00175476
44 0.472973 0.653125 0.047817 0.182812 0.00165462
79 0.469854 0.653125 0.0301455 0.183594 0.00160408
73 0.925676 0.300195 0.148649 0.0964844 0.00157356
67 0.581601 0.496094 0.0363825 0.0359375 0.00154877
56 0.709979 0.485547 0.557173 0.538281 0.00153065
67 0.47921 0.567969 0.0561331 0.119531 0.00151253
65 0.473493 0.598828 0.0488565 0.140625 0.00148964
66 0.893971 0.636719 0.141372 0.171094 0.00148392
79 0.470374 0.599219 0.0405405 0.108594 0.00145531
0 0.168919 0.953125 0.022869 0.0125 0.00139904
32 0.0826403 0.960156 0.0161123 0.0140625 0.00134087
60 0.606939 0.615527 0.786123 0.733008 0.0012846
56 0.488566 0.472754 0.977131 0.757617 0.00127411
67 0.488566 0.65 0.0717256 0.240625 0.00126457
65 0.472973 0.653125 0.047817 0.182812 0.0012207
67 0.595634 0.507812 0.0665281 0.059375 0.0012064
65 0.893971 0.636719 0.141372 0.171094 0.00116539
33 0.170998 0.953906 0.0197505 0.0109375 0.00107765
27 0.472973 0.633594 0.0831601 0.26875 0.00106907
25 0.296258 0.428516 0.5842 0.658594 0.00103664
79 0.469854 0.685156 0.024948 0.090625 0.00102806
0 0.680353 0.619922 0.639293 0.753906 0.884766
25 0.487006 0.446973 0.959459 0.720117 0.759277
25 0.486486 0.602734 0.972973 0.766406 0.105957
0 0.0825104 0.960156 0.0161123 0.0140625 0.0408325
67 0.468295 0.585156 0.029106 0.0640625 0.0240479
27 0.481289 0.6375 0.0602911 0.221875 0.0161591
13 0.506757 0.611719 0.976092 0.754687 0.0103302
67 0.470894 0.590234 0.0405405 0.0921875 0.0100555
56 0.509485 0.57666 0.964397 0.762305 0.00891876
67 0.435031 0.570312 0.113306 0.129688 0.00526047
42 0.477651 0.626563 0.0509356 0.240625 0.00475693
8 0.0826403 0.960156 0.018711 0.015625 0.00374985
42 0.483368 0.615625 0.0706861 0.25625 0.00358009
56 0.654366 0.675391 0.689189 0.621094 0.00353813
2 0.170998 0.953906 0.0197505 0.0109375 0.00352478
13 0.654366 0.675391 0.689189 0.621094 0.00349617
67 0.466736 0.550781 0.037422 0.139063 0.00342941
25 0.598753 0.407813 0.756757 0.627344 0.00332451
57 0.654366 0.675391 0.689189 0.621094 0.00319672
33 0.0825104 0.960156 0.0161123 0.0140625 0.00298119
57 0.506757 0.611719 0.976092 0.754687 0.00276756
67 0.477651 0.626563 0.0509356 0.240625 0.00275803
79 0.471933 0.653906 0.043659 0.235938 0.00270462
14 0.170998 0.953906 0.0197505 0.0109375 0.00252151
67 0.468815 0.659375 0.035343 0.21875 0.00226974
67 0.483368 0.615625 0.0706861 0.25625 0.00226974
67 0.549896 0.418359 0.0602911 0.03125 0.00223351
14 0.0825104 0.960156 0.0161123 0.0140625 0.00223351
67 0.490644 0.55625 0.0519751 0.140625 0.00222588
79 0.473493 0.598437 0.0488565 0.140625 0.0020504
79 0.484407 0.642188 0.0644491 0.223438 0.00203514
2 0.0826403 0.960156 0.018711 0.015625 0.00200272
8 0.170998 0.953906 0.0197505 0.0109375 0.00197983
67 0.581601 0.495703 0.0363825 0.0351562 0.00196457
56 0.488566 0.472656 0.977131 0.754687 0.00186062
56 0.725052 0.48125 0.529106 0.526563 0.00186062
66 0.893971 0.636719 0.141372 0.171875 0.00179577
79 0.469854 0.652734 0.0301455 0.182031 0.00162315
67 0.595634 0.507422 0.0665281 0.059375 0.00159168
44 0.472973 0.653906 0.047817 0.18125 0.00159168
67 0.47921 0.568359 0.0561331 0.119531 0.00154877
32 0.0825104 0.960156 0.0161123 0.0140625 0.00148964
73 0.925676 0.300391 0.148649 0.0960938 0.00146675
65 0.473493 0.598437 0.0488565 0.140625 0.00144958
79 0.470894 0.599219 0.04158 0.110937 0.00137806
65 0.893971 0.636719 0.141372 0.171875 0.00136662
0 0.168919 0.953125 0.022869 0.0125 0.00130463
67 0.488566 0.651172 0.0717256 0.238281 0.00130463
67 0.586279 0.502344 0.0498961 0.0492188 0.00126457
65 0.472973 0.653906 0.047817 0.18125 0.0012598
56 0.598753 0.407813 0.756757 0.627344 0.00123024
60 0.612396 0.614062 0.775208 0.735938 0.00121593
27 0.472973 0.633594 0.0831601 0.26875 0.0011158
66 0.85447 0.647656 0.216216 0.15 0.00109005
79 0.469854 0.685547 0.024948 0.0898438 0.00108624
43 0.950364 0.896875 0.0992723 0.2 0.00104046
33 0.170998 0.953906 0.0197505 0.0109375 0.00102043
0 0.680743 0.619922 0.638514 0.752344 0.893066
25 0.486486 0.446875 0.95842 0.720313 0.773438
25 0.487006 0.603906 0.974012 0.7625 0.0997925
0 0.0825104 0.960156 0.0161123 0.0140625 0.0399475
67 0.468295 0.585156 0.029106 0.0640625 0.0244293
27 0.481809 0.636719 0.0613306 0.223438 0.0145035
13 0.508836 0.608984 0.969854 0.757031 0.0106506
56 0.511434 0.575781 0.960499 0.760938 0.0104065
67 0.470894 0.590234 0.04158 0.0929688 0.0103302
67 0.435031 0.570312 0.113306 0.129688 0.00634003
42 0.477651 0.626172 0.0519751 0.242188 0.00530243
42 0.482848 0.615234 0.0717256 0.255469 0.00436401
2 0.170998 0.953906 0.0197505 0.0109375 0.0042305
67 0.466736 0.551172 0.037422 0.139844 0.0037365
56 0.660213 0.667285 0.677495 0.635742 0.00370789
25 0.600702 0.407813 0.752859 0.626563 0.00351143
13 0.660213 0.667285 0.677495 0.635742 0.00351143
8 0.0826403 0.960156 0.018711 0.015625 0.00338936
67 0.477651 0.626172 0.0519751 0.242188 0.00317192
57 0.660213 0.667285 0.677495 0.635742 0.00298119
33 0.0825104 0.960156 0.0161123 0.0140625 0.00284576
67 0.482848 0.615234 0.0717256 0.255469 0.00279045
67 0.549376 0.418359 0.0613306 0.03125 0.00270462
79 0.471933 0.653906 0.043659 0.235938 0.0026207
67 0.468815 0.659766 0.035343 0.21875 0.00252151
56 0.488566 0.471777 0.977131 0.750195 0.00247192
14 0.170998 0.953906 0.0197505 0.0109375 0.0024147
57 0.508836 0.608984 0.969854 0.757031 0.0024147
67 0.581601 0.495703 0.0363825 0.0351562 0.00236893
2 0.0826403 0.960156 0.018711 0.015625 0.00235939
67 0.490125 0.557422 0.0519751 0.139844 0.00234985
14 0.0825104 0.960156 0.0161123 0.0140625 0.00226974
79 0.484407 0.643359 0.0644491 0.225781 0.00218201
66 0.893971 0.636719 0.141372 0.171875 0.00203514
56 0.732848 0.478809 0.513514 0.52207 0.00201988
67 0.595634 0.507812 0.0665281 0.059375 0.00193405
79 0.473493 0.599219 0.0488565 0.139063 0.00191879
8 0.170998 0.953906 0.0197505 0.0109375 0.00182438
73 0.925676 0.300391 0.148649 0.0960938 0.0017271
67 0.47869 0.56875 0.0561331 0.119531 0.00161076
44 0.472973 0.655469 0.047817 0.178125 0.00159168
32 0.0825104 0.960156 0.0161123 0.0140625 0.00158501
56 0.600702 0.407813 0.752859 0.626563 0.00156689
79 0.469854 0.653125 0.0301455 0.182812 0.00153637
67 0.586798 0.502344 0.0509356 0.05 0.00152493
65 0.893971 0.636719 0.141372 0.171875 0.00147247
67 0.488566 0.652344 0.0717256 0.2375 0.00141048
65 0.473493 0.599219 0.0488565 0.139063 0.00139427
43 0.950364 0.896875 0.0992723 0.2 0.00131512
60 0.618373 0.614062 0.763254 0.734375 0.00129986
79 0.470894 0.599219 0.04158 0.111719 0.00128937
65 0.472973 0.655469 0.047817 0.178125 0.00126457
0 0 0.896094 0 0.207813 0.00125504
0 0.168919 0.953125 0.022869 0.0125 0.00124931
66 0.865385 0.647656 0.194387 0.15 0.00118828
60 0.6658 0.731641 0.668399 0.522656 0.00109863
56 0.797297 0.450781 0.370062 0.528125 0.00108147
27 0.472973 0.634375 0.0852391 0.270313 0.00107288
67 0.45842 0.552734 0.047817 0.104688 0.00105667
79 0.469854 0.685156 0.024948 0.090625 0.00104046
67 0.469854 0.685156 0.024948 0.090625 0.00102806
79 0.477651 0.626172 0.0519751 0.242188 0.00100803
0 0.680873 0.619922 0.638254 0.752344 0.896484
25 0.486357 0.444141 0.956601 0.714844 0.786621
25 0.487526 0.605859 0.975052 0.757031 0.092041
0 0.0826403 0.960156 0.0161123 0.0140625 0.0397949
67 0.468295 0.585547 0.029106 0.0648438 0.0240479
27 0.481289 0.636719 0.0602911 0.223438 0.0146179
56 0.509485 0.580469 0.964397 0.776563 0.0123367
13 0.508836 0.607031 0.971933 0.760938 0.0102921
67 0.470894 0.589844 0.04158 0.0953125 0.0102463
67 0.434382 0.570312 0.112526 0.129688 0.00698471
42 0.477651 0.626563 0.0519751 0.242188 0.00500107
2 0.170998 0.953906 0.0197505 0.0109375 0.00452042
42 0.482848 0.614844 0.0717256 0.254688 0.00434875
67 0.466736 0.551562 0.037422 0.138281 0.00372124
56 0.661642 0.666016 0.674636 0.638281 0.00372124
25 0.598233 0.407813 0.757796 0.625 0.00342941
13 0.661642 0.666016 0.674636 0.638281 0.00327301
8 0.0826403 0.960156 0.018711 0.015625 0.00318527
56 0.488566 0.473535 0.977131 0.75293 0.00293541
67 0.477651 0.626563 0.0519751 0.242188 0.00286674
67 0.482848 0.614844 0.0717256 0.254688 0.00275803
57 0.661642 0.666016 0.674636 0.638281 0.0027256
33 0.0826403 0.960156 0.0161123 0.0140625 0.00271416
67 0.548857 0.418359 0.0623701 0.03125 0.0026207
2 0.0826403 0.960156 0.018711 0.015625 0.00261116
79 0.471933 0.653906 0.043659 0.235938 0.00247192
57 0.508836 0.607031 0.971933 0.760938 0.00242424
67 0.468815 0.660156 0.035343 0.220313 0.00239754
67 0.581601 0.496094 0.0363825 0.0359375 0.00236893
14 0.170998 0.953906 0.0197505 0.0109375 0.00231361
56 0.724532 0.479297 0.530146 0.529688 0.00229645
67 0.490125 0.558594 0.0519751 0.139063 0.00226974
79 0.484927 0.642578 0.0654886 0.229687 0.00224304
14 0.0826403 0.960156 0.0161123 0.0140625 0.00212479
73 0.922037 0.299805 0.155925 0.0949219 0.00194168
79 0.474012 0.598437 0.0498961 0.140625 0.00191879
67 0.596674 0.507812 0.0686071 0.059375 0.00190449
66 0.893971 0.635938 0.141372 0.171875 0.00185299
56 0.598233 0.407813 0.757796 0.625 0.00183105
8 0.170998 0.953906 0.0197505 0.0109375 0.00182438
44 0.472973 0.655078 0.047817 0.178906 0.00157928
32 0.0826403 0.960156 0.0161123 0.0140625 0.00157928
67 0.47869 0.56875 0.0561331 0.120313 0.00157356
67 0.587318 0.503125 0.0540541 0.05 0.00153065
79 0.469854 0.652734 0.0301455 0.183594 0.0015192
43 0.950364 0.896875 0.0992723 0.2 0.00148964
79 0.470894 0.598437 0.04158 0.114063 0.00134087
65 0.893971 0.635938 0.141372 0.171875 0.00130463
0 0 0.897656 0 0.204688 0.00130463
65 0.474012 0.598437 0.0498961 0.140625 0.00129986
0 0.168919 0.953125 0.022869 0.0125 0.00129414
67 0.488566 0.650781 0.0717256 0.239063 0.00124454
65 0.472973 0.655078 0.047817 0.178906 0.00118828
56 0.797817 0.450391 0.369023 0.528906 0.00118828
60 0.616944 0.617188 0.766112 0.729688 0.00112057
79 0.477651 0.626563 0.0519751 0.242188 0.0011034
67 0.45738 0.553125 0.0498961 0.105469 0.00109482
60 0.66593 0.735156 0.668139 0.514063 0.00105667
43 0.948025 0.871875 0.10395 0.139063 0.00102425
0 0.680873 0.619922 0.638254 0.750781 0.900391
25 0.486357 0.442969 0.956601 0.7125 0.786621
25 0.487006 0.608594 0.974012 0.751563 0.0812378
0 0.0826403 0.960156 0.0161123 0.0140625 0.0396423
67 0.467775 0.585156 0.029106 0.0632813 0.0261536
27 0.481809 0.637109 0.0613306 0.223438 0.0146179
56 0.508186 0.581934 0.966996 0.779883 0.0137405
13 0.507406 0.605566 0.972713 0.762305 0.0111618
67 0.470894 0.590234 0.04158 0.0945313 0.0109024
67 0.434382 0.570703 0.112526 0.130469 0.00734711
42 0.47817 0.626172 0.0519751 0.242188 0.00510025
2 0.170998 0.953906 0.0197505 0.0109375 0.00462723
42 0.483368 0.614844 0.0727651 0.25625 0.00455475
67 0.466736 0.550781 0.035343 0.135937 0.00413513
56 0.659953 0.665234 0.678015 0.638281 0.00379562
8 0.0826403 0.960156 0.018711 0.015625 0.0036068
67 0.548857 0.418359 0.0623701 0.03125 0.00352478
13 0.659953 0.665234 0.678015 0.638281 0.00352478
25 0.594595 0.408203 0.765073 0.624219 0.00331116
56 0.488566 0.473828 0.977131 0.750781 0.00329781
67 0.581601 0.496094 0.0363825 0.0359375 0.00311089
33 0.0826403 0.960156 0.0161123 0.0140625 0.00304031
67 0.483368 0.614844 0.0727651 0.25625 0.00292397
67 0.47817 0.626172 0.0519751 0.242188 0.00288963
57 0.659953 0.665234 0.678015 0.638281 0.00273705
2 0.0826403 0.960156 0.018711 0.015625 0.0026722
67 0.468815 0.660156 0.035343 0.220313 0.00257111
67 0.596154 0.507812 0.0675676 0.059375 0.00248146
14 0.170998 0.953906 0.0197505 0.0109375 0.00245285
56 0.720894 0.478906 0.537422 0.53125 0.00245285
79 0.471933 0.653906 0.043659 0.235938 0.00244331
57 0.507406 0.605566 0.972713 0.762305 0.00244331
67 0.490125 0.558594 0.0519751 0.139063 0.0024147
79 0.484927 0.643359 0.0654886 0.23125 0.00228691
14 0.0826403 0.960156 0.0161123 0.0140625 0.00219154
73 0.922037 0.3 0.155925 0.0945313 0.00206757
67 0.587318 0.502734 0.0519751 0.05 0.0020504
56 0.594595 0.408203 0.765073 0.624219 0.00203514
8 0.170998 0.953906 0.0197505 0.0109375 0.00200272
79 0.474012 0.599219 0.0498961 0.140625 0.00186729
66 0.893971 0.635547 0.141372 0.173438 0.00186062
67 0.47869 0.56875 0.0561331 0.120313 0.00169373
44 0.472973 0.655859 0.047817 0.177344 0.0016489
43 0.949064 0.896875 0.0997921 0.2 0.0016489
32 0.0826403 0.960156 0.0161123 0.0140625 0.00161648
79 0.469854 0.653125 0.0301455 0.182812 0.00153065
0 0.168919 0.953125 0.022869 0.0125 0.00137234
67 0.488566 0.651563 0.0717256 0.239063 0.00132465
79 0.470894 0.598828 0.04158 0.114063 0.00130939
0 0 0.897656 0 0.204688 0.00130939
56 0.798337 0.449609 0.367983 0.528906 0.00124931
65 0.474012 0.599219 0.0498961 0.140625 0.00124454
67 0.4579 0.552344 0.047817 0.104688 0.00122547
65 0.893971 0.635547 0.141372 0.173438 0.00119686
65 0.472973 0.655859 0.047817 0.177344 0.00119209
74 0.546778 0.418359 0.0634096 0.0320312 0.00117874
43 0.948025 0.871875 0.10395 0.139063 0.00116062
79 0.47817 0.626172 0.0519751 0.242188 0.00113392
27 0.490125 0.650781 0.0758836 0.246875 0.0011158
60 0.66593 0.737109 0.668139 0.510156 0.00106525
67 0.60395 0.484375 0.10395 0.110937 0.00104809
60 0.616944 0.619531 0.766112 0.725 0.00104046
67 0.469854 0.684766 0.024948 0.090625 0.00103664
65 0.474012 0.628906 0.0509356 0.171875 0.00103188
79 0.469854 0.684766 0.024948 0.090625 0.00100422
33 0.170998 0.953906 0.0197505 0.0109375 0.00100422
0 0.680873 0.619922 0.638254 0.750781 0.900391
25 0.486357 0.443359 0.956601 0.713281 0.786621
25 0.487006 0.608496 0.974012 0.751758 0.0809326
0 0.0825104 0.960156 0.0163721 0.0140625 0.0401611
67 0.467775 0.585156 0.029106 0.0632813 0.0257568
27 0.481809 0.637109 0.0613306 0.223438 0.0145035
56 0.507147 0.582031 0.966996 0.779688 0.0136337
13 0.507277 0.606152 0.972973 0.762695 0.0112
67 0.470894 0.590234 0.04158 0.0945313 0.0107803
67 0.434511 0.570703 0.113306 0.130469 0.00725937
42 0.47817 0.626172 0.0519751 0.242188 0.0051384
2 0.170998 0.953906 0.0197505 0.0109375 0.00453949
42 0.483368 0.614844 0.0727651 0.25625 0.00452042
67 0.466736 0.550781 0.035343 0.135937 0.00402451
56 0.660083 0.665234 0.677755 0.638281 0.00376511
8 0.0826403 0.960156 0.018711 0.015625 0.00353813
67 0.548857 0.418359 0.0623701 0.03125 0.00352478
13 0.660083 0.665234 0.677755 0.638281 0.00349617
25 0.593685 0.408203 0.766892 0.624219 0.00335121
56 0.488566 0.473535 0.977131 0.751367 0.00329781
67 0.581601 0.496094 0.0363825 0.0359375 0.00302696
33 0.0825104 0.960156 0.0163721 0.0140625 0.00300407
67 0.47817 0.626172 0.0519751 0.242188 0.00292397
67 0.483368 0.614844 0.0727651 0.25625 0.00288963
57 0.660083 0.665234 0.677755 0.638281 0.00271416
2 0.0826403 0.960156 0.018711 0.015625 0.00269318
67 0.468815 0.660156 0.035343 0.219531 0.00257111
56 0.721414 0.478906 0.536383 0.530469 0.00247192
14 0.170998 0.953906 0.0197505 0.0109375 0.00243378
79 0.471933 0.653906 0.043659 0.235938 0.00242424
57 0.507277 0.606152 0.972973 0.762695 0.0024147
67 0.596154 0.507812 0.0675676 0.059375 0.00239754
67 0.490125 0.558594 0.0519751 0.139063 0.00239754
79 0.484927 0.64375 0.0654886 0.23125 0.00228691
14 0.0825104 0.960156 0.0163721 0.0140625 0.00219917
73 0.922037 0.3 0.155925 0.0945313 0.00206757
56 0.593685 0.408203 0.766892 0.624219 0.00204277
8 0.170998 0.953906 0.0197505 0.0109375 0.00197983
67 0.587318 0.502734 0.0530146 0.05 0.0019722
79 0.474012 0.599219 0.0498961 0.139844 0.00187492
66 0.893971 0.635547 0.141372 0.173438 0.00187492
67 0.47869 0.56875 0.0561331 0.120313 0.00167465
43 0.949064 0.896875 0.0997921 0.2 0.0016613
44 0.472973 0.655859 0.047817 0.177344 0.00164223
32 0.0825104 0.960156 0.0163721 0.0140625 0.00162888
79 0.469854 0.653125 0.0301455 0.182812 0.0015192
0 0.168919 0.953125 0.022869 0.0125 0.00137806
67 0.488566 0.651563 0.0717256 0.238281 0.00132465
79 0.470894 0.599219 0.04158 0.114063 0.00129414
56 0.798857 0.449609 0.366944 0.528906 0.00125504
65 0.474012 0.599219 0.0498961 0.139844 0.00124931
0 0 0.898438 0 0.203125 0.00124931
67 0.45738 0.552734 0.0498961 0.105469 0.00120163
65 0.893971 0.635547 0.141372 0.173438 0.00120163
65 0.472973 0.655859 0.047817 0.177344 0.00117874
74 0.546778 0.418359 0.0634096 0.0320312 0.00117397
43 0.948025 0.871875 0.10395 0.140625 0.00116539
79 0.47817 0.626172 0.0519751 0.242188 0.00114727
27 0.490125 0.650781 0.0758836 0.246875 0.0011158
60 0.6658 0.737109 0.668399 0.510156 0.00106907
60 0.616554 0.619141 0.766892 0.725781 0.00104809
67 0.469854 0.684766 0.024948 0.090625 0.00102806
65 0.474012 0.629297 0.0509356 0.171094 0.00102425
67 0.60395 0.484375 0.10395 0.110937 0.00102043
