14 0.292993 0.384012 0.158396 0.353699 0.921387
14 0.821044 0.673689 0.230571 0.575843 0.796875
14 0.135475 0.180009 0.171465 0.291667 0.647949
14 0.545412 0.508427 0.205212 0.5 0.542969
14 0.523564 0.412921 0.156835 0.305243 0.458984
14 0.491573 0.698502 0.174782 0.310861 0.430176
14 0.285776 0.728464 0.202481 0.522472 0.191895
14 0.300796 0.610955 0.174001 0.273408 0.0977173
16 0.82241 0.674157 0.22628 0.576779 0.088501
14 0.820069 0.553371 0.210674 0.335206 0.0750122
14 0.854401 0.811798 0.160737 0.312734 0.0463867
14 0.265684 0.800094 0.161517 0.319288 0.0366211
44 0.293968 0.385768 0.155665 0.358614 0.0219421
14 0.822214 0.520599 0.221988 0.692884 0.0196381
14 0.331617 0.608614 0.111579 0.285581 0.0193481
14 0.21243 0.308052 0.333567 0.548689 0.0175171
14 0.377263 0.714888 0.411985 0.5103 0.0163422
16 0.854401 0.807116 0.162297 0.307116 0.0157166
14 0.840356 0.199906 0.0296505 0.0514981 0.0122375
14 0.811486 0.281835 0.0889513 0.215356 0.0120544
21 0.134792 0.178371 0.17166 0.289794 0.0113297
32 0.135475 0.1772 0.171075 0.287921 0.0101318
14 0.835674 0.205524 0.0390138 0.0617977 0.00945282
14 0.271731 0.724719 0.17127 0.40824 0.00888062
14 0.289482 0.597378 0.200531 0.771536 0.008255
32 0.900437 0.70927 0.0405742 0.0533708 0.0077858
14 0.493914 0.763109 0.185705 0.438202 0.00748825
14 0.417349 0.626405 0.338834 0.350187 0.00737381
14 0.845818 0.198034 0.0187266 0.0468165 0.00584412
14 0.649579 0.574438 0.589107 0.802435 0.00570679
14 0.292993 0.486072 0.190387 0.582163 0.00553513
14 0.242275 0.851124 0.216526 0.284644 0.00547028
14 0.827091 0.230805 0.0593008 0.108146 0.00518036
14 0.7397 0.571161 0.394819 0.794008 0.00510025
14 0.666355 0.674626 0.541511 0.609551 0.00488663
17 0.82241 0.674157 0.22628 0.576779 0.00460815
15 0.82241 0.674157 0.22628 0.576779 0.00448608
46 0.901998 0.708333 0.0436954 0.0552435 0.00413513
14 0.835674 0.199906 0.031211 0.0430712 0.0041008
29 0.901998 0.708333 0.0436954 0.0552435 0.00376511
21 0.853621 0.809457 0.162297 0.319288 0.00351143
14 0.204042 0.856742 0.143961 0.284644 0.00349617
46 0.293968 0.385768 0.155665 0.358614 0.00342941
14 0.254565 0.802435 0.241495 0.383895 0.00340271
14 0.617977 0.462547 0.0671036 0.149813 0.00327301
14 0.423299 0.677435 0.293383 0.294008 0.00322342
14 0.297285 0.336142 0.149813 0.254682 0.00309944
14 0.82241 0.247425 0.0655431 0.144663 0.00305176
32 0.293773 0.374649 0.157615 0.333099 0.00298119
14 0.488452 0.654963 0.160737 0.222847 0.00298119
18 0.854401 0.807116 0.162297 0.307116 0.00298119
47 0.294944 0.375936 0.153714 0.336142 0.00296974
17 0.854401 0.807116 0.162297 0.307116 0.00288963
14 0.594959 0.55618 0.111579 0.337079 0.00283432
14 0.175367 0.853933 0.0830993 0.280899 0.0027256
20 0.853621 0.809457 0.162297 0.319288 0.00263214
15 0.854401 0.807116 0.162297 0.307116 0.00243378
14 0.601592 0.504682 0.0975343 0.234082 0.00234222
47 0.135573 0.179775 0.17127 0.29073 0.00223351
14 0.565699 0.593633 0.168539 0.417603 0.00220871
20 0.135475 0.180009 0.171465 0.291667 0.00213242
14 0.617197 0.406835 0.351124 0.321161 0.00213242
14 0.821629 0.669944 0.0561798 0.0636704 0.00210762
14 0.283045 0.603933 0.117431 0.191011 0.00202751
14 0.142693 0.269897 0.194093 0.471442 0.00201988
15 0.13606 0.179834 0.170295 0.290145 0.0019722
14 0.552435 0.583333 0.248127 0.644195 0.0019722
14 0.39082 0.606859 0.416862 0.737594 0.00194168
25 0.135158 0.178605 0.171709 0.290262 0.00189686
14 0.218282 0.467111 0.380384 0.837313 0.00182438
14 0.297675 0.575843 0.200531 0.318352 0.00175476
33 0.135158 0.179541 0.17288 0.292603 0.0017271
77 0.853621 0.809457 0.162297 0.319288 0.0015974
14 0.612126 0.435861 0.656211 0.523408 0.00157928
25 0.293578 0.379214 0.158006 0.34176 0.00157928
19 0.854401 0.811798 0.160737 0.312734 0.00156116
14 0.45334 0.584738 0.388577 0.673221 0.00153637
14 0.608614 0.469101 0.0655431 0.161985 0.00152493
47 0.901998 0.708333 0.0436954 0.0552435 0.00150681
14 0.281289 0.669476 0.182194 0.333333 0.00143814
14 0.902778 0.706929 0.0468165 0.0580524 0.00142097
23 0.818508 0.674157 0.234082 0.578652 0.00137806
14 0.166003 0.800094 0.0694444 0.15824 0.00136662
49 0.294944 0.375936 0.153714 0.336142 0.00136662
77 0.135475 0.1772 0.171075 0.287921 0.00127888
19 0.818508 0.674157 0.234082 0.578652 0.00126457
16 0.135158 0.179541 0.17288 0.292603 0.00125504
14 0.620318 0.442416 0.0608614 0.111423 0.00121593
14 0.515762 0.592228 0.672597 0.766854 0.00121593
47 0.221208 0.58427 0.048377 0.0861423 0.00118828
47 0.230181 0.575375 0.0663233 0.107678 0.0011692
18 0.293773 0.374649 0.157615 0.333099 0.0011692
14 0.519663 0.623596 0.101436 0.159176 0.00116539
14 0.290262 0.57397 0.184145 0.187266 0.0011425
14 0.292993 0.789326 0.106117 0.250936 0.00108147
23 0.285776 0.729869 0.208723 0.519663 0.00105667
14 0.290652 0.194347 0.489232 0.334153 0.00105286
50 0.293773 0.374649 0.157615 0.333099 0.00103664
49 0.900437 0.70927 0.0405742 0.0533708 0.00103188
14 0.82241 0.301498 0.0249688 0.0196629 0.00101662
14 0.529026 0.463015 0.184145 0.407303 0.00101185
14 0.293188 0.381203 0.158006 0.348081 0.941406
14 0.82241 0.672753 0.22628 0.575843 0.779785
14 0.135792 0.180712 0.172002 0.293539 0.704102
14 0.523564 0.412804 0.156055 0.305478 0.583008
14 0.491183 0.697566 0.174001 0.308989 0.57959
14 0.542681 0.508895 0.19975 0.500936 0.466797
14 0.82397 0.580524 0.220037 0.391386 0.281494
14 0.28519 0.725655 0.200531 0.516854 0.276611
14 0.295919 0.610019 0.183755 0.283708 0.161377
14 0.854401 0.812734 0.160737 0.310861 0.126831
14 0.265684 0.800562 0.160737 0.322097 0.0987549
16 0.82475 0.673221 0.221598 0.578652 0.0574951
14 0.32713 0.608146 0.122113 0.283708 0.0441895
44 0.294164 0.382842 0.155275 0.352294 0.0228882
16 0.854986 0.808052 0.162687 0.308989 0.0227966
14 0.839576 0.199906 0.031211 0.0514981 0.0204163
14 0.822605 0.498596 0.218087 0.604869 0.0191193
14 0.270365 0.730337 0.166199 0.395131 0.0147858
14 0.835674 0.205524 0.0390138 0.0617977 0.0145569
21 0.134792 0.178371 0.17166 0.29073 0.0143356
32 0.13528 0.1772 0.171075 0.288858 0.0122375
14 0.845037 0.198034 0.0187266 0.0468165 0.0112915
14 0.812266 0.281367 0.0873908 0.215356 0.0108185
14 0.21282 0.307584 0.335128 0.549626 0.00989532
32 0.901217 0.708802 0.0421348 0.0524345 0.00941467
14 0.422031 0.616573 0.338834 0.32397 0.00760651
21 0.853621 0.809925 0.162297 0.318352 0.00757599
14 0.833333 0.224251 0.0452559 0.0959738 0.00743103
14 0.827091 0.230103 0.0593008 0.106742 0.00661469
14 0.242275 0.844569 0.213795 0.297753 0.00658798
20 0.853621 0.809925 0.162297 0.318352 0.0064621
14 0.294944 0.47706 0.19897 0.564607 0.00575256
14 0.174391 0.852996 0.0819288 0.279026 0.00559998
14 0.212966 0.851826 0.158493 0.292603 0.00518036
46 0.901998 0.708333 0.0436954 0.0552435 0.0050621
29 0.901998 0.708333 0.0436954 0.0552435 0.00503922
15 0.82475 0.673221 0.221598 0.578652 0.00475693
14 0.288702 0.598198 0.197409 0.766152 0.00448608
14 0.488452 0.662921 0.159176 0.235955 0.00431442
14 0.617977 0.46161 0.0671036 0.147004 0.00429916
14 0.376483 0.707865 0.411985 0.492509 0.00428009
14 0.251297 0.794944 0.240227 0.398876 0.00426483
18 0.854986 0.808052 0.162687 0.308989 0.00390053
14 0.457924 0.679775 0.220233 0.277154 0.00379562
17 0.854986 0.808052 0.162687 0.308989 0.00370789
14 0.59535 0.550562 0.110799 0.327715 0.00351143
15 0.854986 0.808052 0.162687 0.308989 0.00342941
14 0.73736 0.566948 0.401061 0.787453 0.00336266
46 0.294944 0.374532 0.153714 0.33427 0.00331116
14 0.277388 0.664794 0.172441 0.32397 0.00327301
14 0.82397 0.245318 0.065543 0.141386 0.00324821
77 0.853621 0.809925 0.162297 0.318352 0.00321007
14 0.601592 0.498127 0.0967541 0.222846 0.00300407
47 0.294944 0.374532 0.153714 0.33427 0.00287819
14 0.82241 0.67088 0.0593009 0.065543 0.00284576
14 0.28324 0.602996 0.115871 0.189139 0.0026722
14 0.642556 0.679307 0.582865 0.603933 0.00263214
14 0.566479 0.592697 0.166979 0.41573 0.00258064
17 0.82475 0.673221 0.221598 0.578652 0.00248146
14 0.29709 0.335674 0.147862 0.254682 0.0024147
32 0.293968 0.372776 0.157225 0.331227 0.00240517
47 0.135768 0.180185 0.17166 0.292252 0.00240517
25 0.135085 0.178605 0.171855 0.291199 0.00239754
14 0.550094 0.568352 0.245006 0.61236 0.00239754
14 0.62578 0.573034 0.636704 0.803371 0.00235939
19 0.854401 0.812734 0.160737 0.310861 0.00226021
14 0.296504 0.788858 0.0990949 0.251873 0.00226021
20 0.13489 0.176498 0.171075 0.285581 0.00218201
14 0.82241 0.301732 0.0249688 0.0196629 0.0020504
21 0.82397 0.673689 0.223159 0.577715 0.00201988
47 0.901998 0.708333 0.0436954 0.0552435 0.00199509
77 0.13528 0.1772 0.171075 0.288858 0.00198746
25 0.853816 0.805243 0.161907 0.320225 0.00194168
14 0.811486 0.671348 0.079588 0.071161 0.00189686
14 0.414716 0.679775 0.332397 0.316479 0.00188923
47 0.230181 0.574906 0.0663233 0.108614 0.0018034
47 0.221598 0.584738 0.0491573 0.0861423 0.00178909
25 0.294164 0.378277 0.157615 0.340824 0.00177479
14 0.166003 0.800094 0.0698346 0.15824 0.00176811
14 0.903558 0.706929 0.0468165 0.0561798 0.00168705
14 0.288311 0.59176 0.180243 0.213483 0.00163555
14 0.620318 0.441948 0.0608614 0.110487 0.00162315
50 0.293968 0.372776 0.157225 0.331227 0.0015974
14 0.608224 0.468165 0.0647628 0.159176 0.00156116
49 0.901217 0.708802 0.0421348 0.0524345 0.00154877
49 0.294944 0.374532 0.153714 0.33427 0.0014782
14 0.456851 0.577247 0.376873 0.660112 0.0014782
14 0.613296 0.405899 0.34176 0.318352 0.00141048
33 0.853816 0.805243 0.161907 0.320225 0.00137806
33 0.135158 0.179541 0.17288 0.293539 0.00133514
14 0.525515 0.624532 0.0897316 0.161049 0.00129414
55 0.13528 0.1772 0.171075 0.288858 0.0012846
23 0.82475 0.673221 0.221598 0.578652 0.0012846
18 0.293968 0.372776 0.157225 0.331227 0.00121593
14 0.683131 0.529143 0.492353 0.630852 0.00119686
14 0.141035 0.254916 0.193508 0.443352 0.00110722
14 0.817728 0.308989 0.0343321 0.0337079 0.00108624
0 0.854401 0.812734 0.160737 0.310861 0.00104809
19 0.82397 0.673689 0.223159 0.577715 0.00104809
0 0.82397 0.673689 0.223159 0.577715 0.00104427
14 0.800562 0.26264 0.0187266 0.0271535 0.00103188
14 0.48416 0.764045 0.223159 0.447566 0.00103188
14 0.799001 0.338717 0.0717853 0.0978464 0.00102425
14 0.293383 0.377224 0.157615 0.341058 0.952637
14 0.134963 0.178371 0.171709 0.29073 0.73877
14 0.82319 0.673221 0.224719 0.576779 0.690918
14 0.523564 0.411868 0.156055 0.305478 0.658203
14 0.491183 0.696629 0.174001 0.308989 0.613281
14 0.541511 0.50948 0.197409 0.503511 0.368408
14 0.854401 0.812734 0.160737 0.310861 0.265869
14 0.285971 0.723783 0.200531 0.514981 0.264404
14 0.296699 0.610019 0.182194 0.282772 0.199341
14 0.82319 0.561798 0.218477 0.353933 0.165649
14 0.265684 0.798689 0.160737 0.318352 0.151978
14 0.32635 0.607678 0.124454 0.282772 0.0476074
16 0.826311 0.673221 0.220037 0.578652 0.03125
14 0.839576 0.199906 0.031211 0.0514981 0.0301056
16 0.855181 0.807584 0.162297 0.309925 0.0275879
44 0.294164 0.378745 0.155275 0.344569 0.0236053
14 0.835674 0.205056 0.0390138 0.0608614 0.0198669
14 0.844257 0.198268 0.0187266 0.0472846 0.0184021
21 0.134963 0.178371 0.171709 0.29073 0.0139542
32 0.13528 0.176908 0.171075 0.288507 0.0134811
14 0.813046 0.280665 0.0858302 0.213951 0.0115967
32 0.901217 0.708802 0.0421348 0.0524345 0.0115051
21 0.853621 0.809925 0.162297 0.318352 0.0115051
20 0.853621 0.809925 0.162297 0.318352 0.0108566
14 0.833333 0.223783 0.0452559 0.0950375 0.00974274
14 0.269975 0.738764 0.164638 0.374532 0.00971222
14 0.827091 0.229869 0.0593008 0.105805 0.00806427
14 0.242275 0.843633 0.211454 0.301498 0.00709534
14 0.419105 0.616105 0.333762 0.320225 0.0069313
14 0.174782 0.852294 0.0827091 0.280431 0.00679779
14 0.545412 0.433052 0.202091 0.350187 0.00612259
14 0.21321 0.308052 0.337469 0.550562 0.006073
14 0.203213 0.857912 0.142888 0.284176 0.00575256
29 0.901998 0.707865 0.0436954 0.0543071 0.00540543
46 0.901998 0.707865 0.0436954 0.0543071 0.00511932
18 0.853621 0.816011 0.160737 0.293071 0.00508118
14 0.619538 0.447097 0.0639825 0.11985 0.00502014
15 0.826311 0.673221 0.220037 0.578652 0.00482941
77 0.853621 0.809925 0.162297 0.318352 0.00477219
14 0.488452 0.659176 0.159176 0.226592 0.00457382
14 0.278168 0.657303 0.172441 0.307116 0.00436401
15 0.855181 0.807584 0.162297 0.309925 0.00424957
17 0.855181 0.807584 0.162297 0.309925 0.00418091
14 0.611735 0.470974 0.0772472 0.166667 0.00403976
14 0.59535 0.540262 0.110799 0.307116 0.00392914
14 0.82397 0.243446 0.0639825 0.13764 0.00391388
14 0.601592 0.492509 0.0967541 0.210674 0.00349617
14 0.82397 0.67088 0.062422 0.065543 0.00331116
14 0.295724 0.788858 0.100655 0.251873 0.00331116
25 0.854401 0.80618 0.162297 0.318352 0.00309944
14 0.82241 0.301732 0.0249688 0.0196629 0.00284576
14 0.28363 0.602528 0.117041 0.18633 0.00284576
25 0.135183 0.178312 0.172051 0.291316 0.00279999
46 0.294944 0.373127 0.153714 0.331461 0.00279999
14 0.564919 0.590356 0.1701 0.412921 0.00273705
14 0.29865 0.471793 0.212625 0.552669 0.00273705
47 0.901998 0.707865 0.0436954 0.0543071 0.00257111
77 0.13528 0.176908 0.171075 0.288507 0.00253105
47 0.134988 0.17603 0.17127 0.285581 0.00252151
14 0.745162 0.558052 0.385456 0.769663 0.00242424
14 0.834894 0.673221 0.0873908 0.0702247 0.00236893
19 0.853621 0.816011 0.160737 0.293071 0.00234985
14 0.296699 0.332865 0.148642 0.248127 0.00232315
20 0.134988 0.17603 0.17127 0.285581 0.00231361
14 0.281484 0.595506 0.168929 0.181648 0.00214005
14 0.589888 0.58661 0.121723 0.403558 0.00213242
14 0.903558 0.706929 0.0468165 0.0561798 0.00209045
33 0.854401 0.80618 0.162297 0.318352 0.00209045
14 0.639045 0.678839 0.589888 0.602996 0.00206757
47 0.294944 0.373127 0.153714 0.331461 0.00203514
49 0.901217 0.708802 0.0421348 0.0524345 0.00202751
47 0.230181 0.574906 0.0663233 0.108614 0.00198746
14 0.809145 0.671348 0.0858302 0.071161 0.00197983
50 0.294164 0.371255 0.156835 0.327715 0.0019722
14 0.166101 0.799626 0.0700297 0.157303 0.00196457
47 0.222183 0.58427 0.0499376 0.0861423 0.00192642
14 0.379116 0.703184 0.416862 0.477528 0.00184631
25 0.294359 0.377341 0.158396 0.338951 0.0017271
32 0.294164 0.371255 0.156835 0.327715 0.00168133
14 0.662843 0.555243 0.562578 0.762172 0.00168133
21 0.82319 0.673689 0.223159 0.577715 0.00168133
14 0.550874 0.567884 0.248127 0.607678 0.00162315
55 0.13528 0.176908 0.171075 0.288507 0.0015974
14 0.82475 0.521067 0.220037 0.682584 0.00156689
14 0.415984 0.680243 0.329081 0.291198 0.00144386
14 0.288702 0.60206 0.196629 0.722846 0.00143814
14 0.817728 0.309223 0.0343321 0.034176 0.00143242
14 0.523564 0.624532 0.093633 0.161985 0.00136662
17 0.826311 0.673221 0.220037 0.578652 0.00136662
33 0.134963 0.178371 0.171709 0.29073 0.00131512
14 0.59691 0.406367 0.308989 0.314607 0.00127411
14 0.447488 0.573151 0.400281 0.651451 0.00124454
49 0.294944 0.373127 0.153714 0.331461 0.0012064
14 0.85284 0.674157 0.126405 0.0777154 0.00112438
14 0.800562 0.262875 0.0187266 0.0276217 0.0011158
14 0.222183 0.58427 0.0499376 0.0861423 0.00107288
14 0.884832 0.695225 0.0842697 0.0805243 0.00107288
23 0.82319 0.673689 0.223159 0.577715 0.00107288
0 0.854401 0.812734 0.160737 0.310861 0.00105667
14 0.842697 0.205056 0.0312109 0.0589888 0.00105286
14 0.545022 0.467228 0.119382 0.142322 0.00104046
18 0.294164 0.371255 0.156835 0.327715 0.00104046
32 0.854401 0.80618 0.162297 0.318352 0.00103188
14 0.799001 0.338717 0.0717853 0.0969101 0.00101662
14 0.268805 0.567884 0.143571 0.132959 0.00100803
14 0.293578 0.375 0.157225 0.336142 0.969238
14 0.134988 0.177669 0.172051 0.289794 0.801758
14 0.522784 0.411517 0.156055 0.305243 0.769043
14 0.491183 0.695693 0.174001 0.307116 0.708984
14 0.853816 0.812734 0.161907 0.310861 0.486328
14 0.82397 0.673689 0.223159 0.577715 0.422607
14 0.82241 0.561798 0.215356 0.35206 0.357666
14 0.29787 0.609551 0.179853 0.280899 0.317383
14 0.265684 0.791667 0.160737 0.304307 0.26123
14 0.537609 0.507491 0.190387 0.5 0.212036
14 0.286751 0.719101 0.200531 0.507491 0.164551
14 0.331812 0.607678 0.11353 0.284644 0.0585632
14 0.839576 0.199906 0.031211 0.0514981 0.0387573
16 0.855181 0.807116 0.162297 0.310861 0.0379028
44 0.294164 0.374649 0.154494 0.336845 0.0311432
14 0.844257 0.198268 0.0187266 0.0472846 0.0254669
14 0.835674 0.204822 0.0390138 0.0603933 0.024231
16 0.830407 0.673689 0.211845 0.577715 0.0206451
14 0.287141 0.653558 0.184925 0.32397 0.018692
21 0.853621 0.809925 0.162297 0.318352 0.0184021
20 0.853621 0.809925 0.162297 0.318352 0.016983
32 0.901998 0.708802 0.0436954 0.0533708 0.0153656
32 0.135207 0.176557 0.171222 0.288273 0.0150757
21 0.134988 0.177669 0.172051 0.289794 0.014061
14 0.288116 0.608614 0.172051 0.217228 0.0125732
14 0.833333 0.222378 0.0436954 0.0926966 0.0115051
14 0.813827 0.279494 0.0842697 0.21161 0.00891876
14 0.827091 0.229167 0.0593008 0.104869 0.00809479
77 0.853621 0.809925 0.162297 0.318352 0.00796509
14 0.243056 0.838951 0.207943 0.310861 0.00728989
15 0.855181 0.807116 0.162297 0.310861 0.00698471
14 0.488452 0.654494 0.159176 0.219101 0.0068779
18 0.853621 0.815543 0.160737 0.292135 0.00671768
14 0.296309 0.78839 0.100265 0.252809 0.00656509
14 0.414326 0.614232 0.324594 0.315543 0.00653839
25 0.853426 0.80618 0.162687 0.318352 0.005867
14 0.175172 0.851826 0.0834894 0.277622 0.005867
29 0.901998 0.707865 0.0436954 0.0543071 0.00572968
46 0.901998 0.707865 0.0436954 0.0543071 0.00566483
14 0.20292 0.854869 0.138011 0.284644 0.00547028
14 0.619148 0.445693 0.0639825 0.116105 0.00540543
14 0.273876 0.706929 0.172441 0.404494 0.00538635
17 0.855181 0.807116 0.162297 0.310861 0.0053215
15 0.830407 0.673689 0.211845 0.577715 0.00521851
14 0.594569 0.527622 0.11236 0.282772 0.00450516
14 0.825531 0.67088 0.0624219 0.065543 0.00445175
14 0.610955 0.470037 0.0780275 0.166667 0.00439835
14 0.821629 0.301732 0.0265293 0.0191948 0.00395966
14 0.601592 0.484082 0.0975343 0.194757 0.00382423
14 0.28363 0.601592 0.115871 0.183521 0.00370789
47 0.901998 0.707865 0.0436954 0.0543071 0.00349617
25 0.135158 0.177844 0.172099 0.290379 0.00349617
14 0.16932 0.816479 0.0717853 0.207865 0.00348282
14 0.836455 0.673221 0.093633 0.0702247 0.00335121
14 0.569601 0.603933 0.162297 0.447566 0.00329781
77 0.135207 0.176557 0.171222 0.288273 0.00323486
33 0.853426 0.80618 0.162687 0.318352 0.00317192
14 0.82397 0.243446 0.0639825 0.138577 0.00301552
47 0.135207 0.176557 0.171222 0.288273 0.0029583
49 0.901998 0.708802 0.0436954 0.0533708 0.0028553
46 0.294164 0.374649 0.154494 0.336845 0.0026722
14 0.214137 0.303839 0.341078 0.543071 0.0026722
14 0.903558 0.706929 0.0468165 0.0561798 0.00253105
32 0.853426 0.80618 0.162687 0.318352 0.00250244
47 0.229986 0.574906 0.0663233 0.108614 0.00248146
50 0.294944 0.371255 0.152934 0.328652 0.00247192
14 0.809925 0.671348 0.0858302 0.071161 0.002388
47 0.222378 0.584738 0.0503277 0.0861423 0.00233269
14 0.589107 0.58427 0.124064 0.400749 0.00230598
19 0.853621 0.815543 0.160737 0.292135 0.00220871
14 0.166296 0.798689 0.0708099 0.155431 0.00215721
20 0.135012 0.175328 0.171612 0.285112 0.00192642
55 0.135207 0.176557 0.171222 0.288273 0.00190449
47 0.294944 0.371255 0.152934 0.328652 0.00188255
14 0.525905 0.625 0.0889513 0.162921 0.00185299
14 0.817728 0.309457 0.0343321 0.0337079 0.00183868
25 0.294164 0.375936 0.158396 0.337079 0.00179577
14 0.853621 0.674157 0.127965 0.076779 0.00163555
14 0.265098 0.568352 0.136158 0.132959 0.00162315
33 0.135012 0.17562 0.171612 0.285463 0.00155449
14 0.545412 0.467228 0.117041 0.142322 0.00154877
32 0.294554 0.369382 0.156445 0.32397 0.00153065
14 0.678059 0.623596 0.521223 0.5 0.00141048
25 0.491963 0.698034 0.176342 0.309925 0.00133514
14 0.884832 0.695225 0.0842697 0.0805243 0.00130939
21 0.824165 0.673689 0.221208 0.577715 0.00127411
14 0.222378 0.584738 0.0503277 0.0861423 0.00123501
14 0.41813 0.676498 0.324789 0.270599 0.00120163
14 0.562578 0.508427 0.174782 0.245318 0.00119686
0 0.853621 0.809925 0.162297 0.318352 0.00119686
49 0.294944 0.371255 0.152934 0.328652 0.00117874
14 0.800562 0.262875 0.0187266 0.0271536 0.00115108
14 0.29709 0.305478 0.145911 0.190543 0.00113392
14 0.842697 0.205056 0.0312109 0.0589888 0.00112915
14 0.632023 0.677435 0.605493 0.603933 0.00112915
14 0.835674 0.678839 0.120162 0.082397 0.00105667
14 0.65348 0.522004 0.578184 0.593633 0.00103188
14 0.848159 0.768727 0.152934 0.164794 0.00100803
14 0.293773 0.373596 0.156835 0.333333 0.977051
14 0.135085 0.177376 0.172246 0.289443 0.859863
14 0.522784 0.410229 0.156055 0.305009 0.838867
14 0.490793 0.694757 0.173221 0.307116 0.743164
14 0.853426 0.809457 0.162687 0.317416 0.708984
14 0.821629 0.561798 0.213795 0.355805 0.486328
14 0.298845 0.609082 0.177903 0.280899 0.413086
14 0.265684 0.786517 0.161517 0.294008 0.300781
14 0.82475 0.674157 0.220037 0.578652 0.20813
14 0.529807 0.479401 0.173221 0.442884 0.0859985
14 0.848939 0.716292 0.174782 0.488764 0.0817871
14 0.331617 0.607678 0.1147 0.282772 0.0723877
14 0.288116 0.716292 0.19936 0.501873 0.0690308
14 0.838795 0.199906 0.0327716 0.05103 0.0476074
14 0.844257 0.198502 0.0202871 0.0477528 0.0327148
44 0.293968 0.373127 0.154494 0.333333 0.0238647
21 0.853426 0.809457 0.162687 0.317416 0.0212097
16 0.854986 0.805243 0.162687 0.310861 0.0200958
14 0.288311 0.606273 0.175562 0.216292 0.0158386
20 0.853426 0.809457 0.162687 0.317416 0.0156708
32 0.135207 0.17603 0.171222 0.287453 0.0137405
14 0.833333 0.221676 0.0436954 0.0912922 0.0130692
32 0.901998 0.708802 0.0436954 0.0533708 0.0121918
14 0.490013 0.641386 0.159176 0.196629 0.0119629
21 0.135207 0.17603 0.171222 0.287453 0.0111618
14 0.280509 0.675094 0.181804 0.363296 0.0109482
14 0.29748 0.78839 0.0979245 0.250936 0.01017
15 0.854986 0.805243 0.162687 0.310861 0.00821686
77 0.853426 0.809457 0.162687 0.317416 0.00803375
14 0.827091 0.228933 0.0593008 0.104401 0.00725937
14 0.219647 0.851124 0.172831 0.294008 0.0064621
14 0.826311 0.670412 0.0671036 0.0646068 0.006073
18 0.85284 0.814607 0.160737 0.292135 0.00600433
25 0.853426 0.80618 0.162687 0.318352 0.00588989
16 0.848939 0.716292 0.174782 0.488764 0.00526047
14 0.409254 0.613764 0.316011 0.311798 0.00524139
14 0.618758 0.44382 0.0639825 0.11236 0.00518036
46 0.903558 0.705993 0.0468165 0.0589888 0.00508118
14 0.814412 0.274813 0.0815388 0.203184 0.00482941
14 0.834114 0.209972 0.0421349 0.0627341 0.00481033
14 0.839576 0.673221 0.0967541 0.0702247 0.00481033
14 0.820849 0.301732 0.0249688 0.0187266 0.00466537
47 0.901998 0.707865 0.0436954 0.0543071 0.00453949
14 0.591448 0.514981 0.120162 0.258427 0.00446701
14 0.28402 0.601592 0.118212 0.182584 0.00429916
14 0.179268 0.851826 0.0916823 0.277622 0.00428009
16 0.817533 0.673689 0.237594 0.57397 0.00388527
25 0.135158 0.177434 0.172099 0.289794 0.00387001
14 0.903558 0.706929 0.0468165 0.0561798 0.0037365
77 0.135207 0.17603 0.171222 0.287453 0.0037365
14 0.564919 0.603464 0.17166 0.448502 0.00369263
14 0.244226 0.828652 0.220818 0.335206 0.00363541
14 0.600811 0.478464 0.0998751 0.183521 0.0036068
49 0.901998 0.708802 0.0436954 0.0533708 0.00342941
17 0.854986 0.805243 0.162687 0.310861 0.00314713
14 0.810705 0.67088 0.0858302 0.0711611 0.00292397
32 0.853426 0.80618 0.162687 0.318352 0.00283432
14 0.524345 0.625468 0.0920724 0.162921 0.00268364
14 0.853621 0.674157 0.127965 0.076779 0.00254059
47 0.135207 0.17603 0.171222 0.287453 0.00246239
29 0.901998 0.707865 0.0436954 0.0543071 0.00242424
14 0.616417 0.468633 0.0749064 0.154494 0.00234222
14 0.265684 0.566011 0.137328 0.136704 0.00226974
33 0.853426 0.80618 0.162687 0.318352 0.00226021
14 0.1701 0.815075 0.0729557 0.205056 0.00226021
14 0.545802 0.468165 0.1147 0.142322 0.00222588
14 0.586767 0.582397 0.127965 0.396067 0.00214958
50 0.294944 0.370318 0.152934 0.326779 0.00213242
15 0.840941 0.673221 0.190777 0.574906 0.00213242
14 0.817728 0.309457 0.0343321 0.0337079 0.00201988
14 0.88015 0.694757 0.0920724 0.0814606 0.00199509
14 0.166491 0.799157 0.0719803 0.154494 0.0019722
55 0.135207 0.17603 0.171222 0.287453 0.00192642
46 0.293968 0.373127 0.154494 0.333333 0.00191212
19 0.854986 0.805243 0.162687 0.310861 0.00191212
14 0.848744 0.769663 0.153324 0.166667 0.00181007
47 0.229986 0.574906 0.0663233 0.108614 0.00171375
33 0.135012 0.178137 0.173172 0.291199 0.00171375
15 0.822605 0.560861 0.214966 0.353933 0.0015974
47 0.223549 0.58427 0.0530587 0.0861423 0.00154877
21 0.822605 0.560861 0.214966 0.353933 0.00148964
25 0.492353 0.697097 0.176342 0.308052 0.00143814
14 0.249103 0.573034 0.105727 0.117978 0.0014267
14 0.223549 0.58427 0.0530587 0.0861423 0.00141048
14 0.288897 0.533708 0.182194 0.207865 0.00139427
14 0.559457 0.490637 0.181024 0.209738 0.00137806
14 0.836455 0.678839 0.120162 0.082397 0.00133514
20 0.134988 0.175035 0.17166 0.284761 0.00133514
14 0.157323 0.238764 0.125819 0.169476 0.00133514
75 0.855181 0.804307 0.163858 0.312734 0.00133514
14 0.140157 0.246723 0.0891464 0.135768 0.00132465
14 0.229986 0.574906 0.0663233 0.108614 0.00130463
14 0.297285 0.301966 0.145911 0.182584 0.00119209
25 0.293968 0.374532 0.158396 0.335206 0.00118828
14 0.811291 0.693352 0.125234 0.120787 0.0011425
14 0.237204 0.7397 0.0959738 0.198502 0.00113392
14 0.800562 0.262875 0.0187266 0.0271536 0.00109863
14 0.182389 0.273876 0.272706 0.48221 0.00109863
0 0.85284 0.817416 0.160737 0.286517 0.00107288
14 0.842697 0.205056 0.0312109 0.0589888 0.00105667
14 0.820849 0.253511 0.062422 0.139513 0.00104046
14 0.293773 0.372191 0.156055 0.331461 0.980957
14 0.135085 0.17644 0.171855 0.28757 0.894043
14 0.522784 0.409293 0.155275 0.303137 0.880859
14 0.85284 0.808521 0.162297 0.317416 0.810547
14 0.490793 0.694757 0.17166 0.305243 0.762207
14 0.820849 0.559925 0.212235 0.351124 0.554688
14 0.300406 0.608146 0.174001 0.279963 0.519531
14 0.265684 0.782772 0.160737 0.28839 0.381104
14 0.331617 0.607678 0.115481 0.282772 0.109314
14 0.827091 0.671817 0.213795 0.577715 0.0823975
14 0.838015 0.199906 0.0343321 0.0505618 0.0564575
14 0.844257 0.198502 0.0218477 0.0477528 0.0393372
14 0.282069 0.71442 0.186486 0.492509 0.0292053
14 0.490013 0.641854 0.157615 0.196629 0.0287628
14 0.288311 0.604869 0.177122 0.215356 0.0228882
44 0.293773 0.37184 0.154494 0.331227 0.0173035
14 0.300406 0.788858 0.0920724 0.25 0.0172424
21 0.85284 0.808521 0.162297 0.317416 0.016098
14 0.833333 0.221442 0.0436954 0.090824 0.0154877
14 0.281289 0.661049 0.181024 0.332397 0.0131226
32 0.135353 0.175562 0.170929 0.286049 0.0118256
20 0.85284 0.808521 0.162297 0.317416 0.0108566
21 0.135353 0.175562 0.170929 0.286049 0.0100555
14 0.54073 0.488764 0.195069 0.451311 0.0100098
32 0.901998 0.708333 0.0436954 0.0533708 0.00978088
16 0.855181 0.804775 0.162297 0.309925 0.00937653
14 0.827871 0.670412 0.0686641 0.0636704 0.00821686
14 0.208723 0.853933 0.149813 0.284644 0.00746155
14 0.827091 0.228699 0.0593008 0.104401 0.00734711
77 0.85284 0.808521 0.162297 0.317416 0.00706482
15 0.855181 0.804775 0.162297 0.309925 0.0068512
14 0.841136 0.673221 0.101436 0.0692884 0.00651169
47 0.901998 0.707865 0.0436954 0.0543071 0.00643921
14 0.229986 0.833568 0.194288 0.32912 0.00631332
14 0.28441 0.60206 0.120162 0.183521 0.00582123
14 0.820849 0.301966 0.0249688 0.0187266 0.00575256
14 0.903558 0.706929 0.0468165 0.0561798 0.00570679
14 0.834114 0.209738 0.0421349 0.0627341 0.00568771
14 0.618758 0.441948 0.0639825 0.108614 0.00526047
77 0.135353 0.175562 0.170929 0.286049 0.00516129
46 0.903558 0.705993 0.0468165 0.0589888 0.00511932
14 0.525905 0.625468 0.0889513 0.162921 0.00477219
14 0.401744 0.61236 0.301381 0.308989 0.00473785
49 0.901998 0.708333 0.0436954 0.0533708 0.00460815
14 0.589107 0.508427 0.123283 0.245318 0.00450516
14 0.184535 0.851124 0.102216 0.277154 0.0041008
14 0.2571 0.820225 0.185705 0.333333 0.00405502
14 0.546192 0.468165 0.11314 0.141386 0.00378036
25 0.135353 0.175562 0.170929 0.286049 0.00362206
14 0.268414 0.56367 0.14279 0.140449 0.00362206
25 0.853621 0.805243 0.162297 0.318352 0.00362206
14 0.600031 0.475655 0.101436 0.179775 0.0036068
18 0.85284 0.814139 0.160737 0.293071 0.00356483
14 0.817728 0.26264 0.0780274 0.178839 0.00351143
14 0.857522 0.67603 0.132647 0.0805244 0.00346947
14 0.811486 0.670412 0.0842697 0.0692884 0.00335121
14 0.562188 0.599251 0.175562 0.438202 0.00324821
14 0.873908 0.69382 0.106117 0.082397 0.00314713
14 0.140157 0.246723 0.0891464 0.134831 0.00291252
32 0.853426 0.808989 0.162687 0.316479 0.0027256
14 0.848939 0.770599 0.156055 0.168539 0.00263214
14 0.288702 0.533708 0.181804 0.20412 0.00255013
14 0.246957 0.57397 0.101436 0.116105 0.0024929
14 0.816948 0.309457 0.0343321 0.0337079 0.00240517
14 0.158981 0.237828 0.122503 0.168539 0.00237846
14 0.613296 0.467228 0.0764669 0.161049 0.00226974
14 0.166784 0.799626 0.0729557 0.153558 0.00221634
15 0.821629 0.558053 0.213795 0.346442 0.00216484
14 0.229986 0.574906 0.0663233 0.108614 0.00194168
14 0.224329 0.58427 0.0546192 0.0861423 0.00193405
21 0.82241 0.559925 0.213795 0.350187 0.00191212
47 0.135353 0.175562 0.170929 0.286049 0.00183868
14 0.587157 0.575843 0.127965 0.383895 0.0017271
55 0.135353 0.175562 0.170929 0.286049 0.0017004
25 0.492353 0.696629 0.174782 0.305243 0.00162888
14 0.558677 0.479869 0.182584 0.188202 0.00161648
33 0.135158 0.176908 0.17288 0.289443 0.00159168
14 0.237594 0.738296 0.0959738 0.197566 0.00154877
50 0.294944 0.366924 0.155275 0.320459 0.00150108
47 0.229986 0.574906 0.0663233 0.108614 0.00146103
14 0.297285 0.300094 0.145911 0.178839 0.00146103
75 0.855181 0.803371 0.163858 0.310861 0.00145531
19 0.855181 0.804775 0.162297 0.309925 0.00136662
14 0.812266 0.692884 0.124844 0.11985 0.00134087
14 0.823775 0.681648 0.122113 0.0898877 0.00132465
17 0.855181 0.804775 0.162297 0.309925 0.00131989
14 0.836455 0.817416 0.102996 0.224719 0.00129414
47 0.224329 0.58427 0.0546192 0.0861423 0.0012846
77 0.294944 0.366924 0.155275 0.320459 0.00127888
51 0.901998 0.706929 0.0468165 0.0561798 0.00120163
33 0.853621 0.805243 0.162297 0.318352 0.00116539
14 0.842697 0.204588 0.0312109 0.0589888 0.00116062
14 0.622659 0.429775 0.0577403 0.085206 0.00116062
46 0.293773 0.37184 0.154494 0.331227 0.00116062
14 0.800562 0.262875 0.0187266 0.0271536 0.00115108
16 0.817728 0.674157 0.238764 0.569288 0.00113392
14 0.811486 0.281601 0.0920724 0.21676 0.00112438
47 0.853426 0.808989 0.162687 0.316479 0.0011158
14 0.157615 0.195927 0.0987047 0.237828 0.00110722
14 0.469043 0.656367 0.194874 0.223783 0.00109482
50 0.855181 0.803371 0.163858 0.310861 0.00104046
14 0.529026 0.497191 0.172441 0.325843 0.00103188
20 0.135085 0.174625 0.171465 0.284176 0.00102043
14 0.168832 0.832397 0.0715902 0.241573 0.00102043
14 0.293383 0.37184 0.155275 0.329354 0.981934
14 0.135183 0.175796 0.17166 0.286049 0.903809
14 0.522784 0.407303 0.154494 0.299625 0.897461
14 0.852255 0.808053 0.161907 0.316479 0.850098
14 0.490403 0.694288 0.17088 0.304307 0.749023
14 0.301381 0.607678 0.172051 0.279026 0.600098
14 0.821629 0.559925 0.212235 0.348315 0.546875
14 0.265879 0.780431 0.160346 0.281835 0.462891
14 0.331227 0.606742 0.116261 0.281835 0.120422
14 0.489232 0.655899 0.160737 0.22191 0.112427
14 0.82475 0.673221 0.218477 0.574906 0.0477905
14 0.838015 0.199906 0.0343321 0.0505618 0.0419312
14 0.844257 0.198502 0.0218477 0.0468165 0.0319824
14 0.297675 0.789326 0.0983146 0.247191 0.026062
14 0.288702 0.604869 0.178683 0.215356 0.0227203
44 0.293773 0.371255 0.153714 0.328652 0.0158386
14 0.281679 0.647004 0.180243 0.303371 0.0140076
14 0.276607 0.71161 0.174001 0.483146 0.0127258
14 0.833333 0.220506 0.0436954 0.0884831 0.0121918
14 0.848939 0.746255 0.174782 0.423221 0.0112
21 0.852255 0.808053 0.161907 0.316479 0.0108566
32 0.135402 0.175035 0.170831 0.284761 0.0102081
32 0.901998 0.708333 0.0436954 0.0533708 0.00861359
21 0.135402 0.175035 0.170831 0.284761 0.00847626
14 0.828652 0.669944 0.0702247 0.0636704 0.00725937
47 0.901998 0.707865 0.0436954 0.0543071 0.00714874
14 0.523564 0.625468 0.093633 0.162921 0.00682449
14 0.210674 0.852996 0.153714 0.282772 0.00669098
14 0.828652 0.226124 0.0561797 0.0922285 0.00656509
20 0.852255 0.808053 0.161907 0.316479 0.0064888
16 0.855181 0.804775 0.160737 0.308052 0.00638962
77 0.135402 0.175035 0.170831 0.284761 0.00612259
14 0.2848 0.60206 0.120943 0.183521 0.00584412
77 0.852255 0.808053 0.161907 0.316479 0.00579834
49 0.901998 0.708333 0.0436954 0.0533708 0.00568771
15 0.855181 0.804775 0.160737 0.308052 0.00564194
14 0.842697 0.672753 0.102996 0.0692884 0.00561905
14 0.903558 0.706929 0.0468165 0.0552435 0.00534439
14 0.23179 0.830524 0.198873 0.331461 0.0051384
14 0.834114 0.209504 0.0421349 0.0617977 0.00475693
46 0.903558 0.705993 0.0468165 0.0580524 0.00457382
14 0.821629 0.301966 0.0249688 0.0177903 0.00452042
14 0.546192 0.468165 0.11236 0.140449 0.00438309
14 0.273876 0.56133 0.153714 0.144195 0.00424957
14 0.139962 0.247191 0.0895365 0.134831 0.00418091
14 0.397062 0.610955 0.295139 0.305243 0.00397491
14 0.857522 0.67603 0.132647 0.0786517 0.00388527
14 0.618758 0.441011 0.0639825 0.106742 0.00372124
14 0.288702 0.534644 0.182584 0.200375 0.00365067
25 0.135402 0.175035 0.170831 0.284761 0.00307465
14 0.159371 0.236423 0.122503 0.168539 0.00300407
14 0.585206 0.506086 0.131086 0.240637 0.00298119
14 0.870787 0.69382 0.109238 0.082397 0.00291252
14 0.848939 0.770599 0.156055 0.168539 0.00286674
14 0.251248 0.57397 0.110019 0.114232 0.00282288
14 0.810705 0.669944 0.0858302 0.0692884 0.00276756
25 0.853621 0.805243 0.162297 0.316479 0.00261116
15 0.821629 0.557584 0.212235 0.342697 0.00261116
14 0.593009 0.474251 0.115481 0.17603 0.00251198
14 0.537219 0.5 0.191167 0.466292 0.0024147
18 0.85206 0.809925 0.160737 0.297753 0.00229645
32 0.853426 0.808989 0.162687 0.314607 0.00228691
21 0.82241 0.558989 0.213795 0.346442 0.00221634
14 0.182926 0.85206 0.0960713 0.280899 0.00211525
14 0.561018 0.595038 0.177903 0.427903 0.00208282
14 0.817728 0.259363 0.0764669 0.171348 0.00206757
14 0.229791 0.574906 0.0663234 0.108614 0.00204277
14 0.224719 0.58427 0.0553995 0.0861423 0.0019722
14 0.848159 0.79588 0.138889 0.220974 0.00195694
14 0.166881 0.799157 0.0735409 0.152622 0.00192642
14 0.816948 0.309223 0.0343321 0.0327715 0.00190449
14 0.297285 0.298689 0.145131 0.175094 0.00178909
14 0.237594 0.73736 0.0959738 0.195693 0.00176144
25 0.492353 0.696161 0.173221 0.304307 0.00171375
77 0.294749 0.367041 0.154494 0.320225 0.0016489
14 0.15703 0.215356 0.0979245 0.197566 0.00154877
14 0.612906 0.466292 0.0772472 0.159176 0.00148964
14 0.492743 0.624064 0.159956 0.163858 0.00147247
14 0.556726 0.475187 0.186486 0.178839 0.00145531
33 0.135207 0.176088 0.172782 0.288273 0.00141048
51 0.902778 0.706929 0.0452559 0.0561798 0.00139904
14 0.836455 0.817416 0.102996 0.222847 0.00138855
47 0.135402 0.175035 0.170831 0.284761 0.00137806
44 0.85284 0.814607 0.160737 0.292135 0.00137234
55 0.135402 0.175035 0.170831 0.284761 0.00129414
14 0.856742 0.691948 0.149813 0.0898876 0.0012846
75 0.855181 0.803371 0.163858 0.308989 0.00126457
50 0.294749 0.367041 0.154494 0.320225 0.00121593
50 0.855181 0.803371 0.163858 0.308989 0.00119209
14 0.528246 0.494382 0.168539 0.28839 0.00116539
47 0.229791 0.574906 0.0663234 0.108614 0.00115108
14 0.257101 0.546348 0.122503 0.172285 0.00115108
14 0.518102 0.468165 0.104557 0.133895 0.00111198
15 0.13528 0.179249 0.170295 0.288507 0.00109863
14 0.812266 0.69382 0.126404 0.121723 0.00108147
14 0.341955 0.65824 0.0901217 0.144195 0.00106525
14 0.525125 0.587079 0.0749064 0.0917603 0.00106049
47 0.224719 0.58427 0.0553995 0.0861423 0.00104809
47 0.853426 0.808989 0.162687 0.314607 0.00103188
14 0.82397 0.681648 0.126405 0.090824 0.00102425
14 0.522784 0.576779 0.0671036 0.0692884 0.00101662
14 0.173904 0.80618 0.0797831 0.187266 0.00100803
14 0.293188 0.371606 0.155275 0.327949 0.981445
14 0.135085 0.175796 0.171465 0.285581 0.91748
14 0.522784 0.405431 0.154494 0.29588 0.913574
14 0.852255 0.808521 0.161907 0.315543 0.878418
14 0.490013 0.694757 0.16932 0.303371 0.737305
14 0.300796 0.60721 0.172441 0.27809 0.638672
14 0.818508 0.551966 0.209114 0.332397 0.556641
14 0.267439 0.780899 0.159566 0.269663 0.517578
14 0.488842 0.656367 0.158396 0.224719 0.226807
14 0.330836 0.606742 0.117041 0.280899 0.107788
14 0.838795 0.199672 0.0327716 0.0500936 0.032959
14 0.823775 0.673221 0.218867 0.573034 0.0327148
14 0.292603 0.789794 0.107678 0.246255 0.0289764
14 0.844257 0.198034 0.0218477 0.0468165 0.0258636
14 0.282459 0.644663 0.181804 0.294944 0.0139008
14 0.288702 0.604869 0.180243 0.215356 0.0115967
14 0.833333 0.219101 0.0436954 0.085206 0.0101318
14 0.522784 0.625 0.0951935 0.162921 0.00993347
44 0.293578 0.370904 0.154104 0.327481 0.00952148
32 0.135475 0.175094 0.170685 0.284644 0.00923157
14 0.273876 0.717229 0.168149 0.466292 0.00908661
21 0.852255 0.808521 0.161907 0.315543 0.00867462
47 0.901998 0.707865 0.0436954 0.0543071 0.00763702
21 0.135475 0.175094 0.170685 0.284644 0.00731659
14 0.830212 0.669944 0.0749064 0.0636704 0.00714874
32 0.901998 0.708333 0.0436954 0.0533708 0.0068512
77 0.135475 0.175094 0.170685 0.284644 0.00661469
14 0.903558 0.706929 0.0468165 0.0543071 0.00656509
14 0.2848 0.60206 0.123283 0.183521 0.00582123
14 0.135183 0.244382 0.0990949 0.132022 0.00572968
14 0.828652 0.22589 0.0561797 0.0912921 0.00548935
14 0.276998 0.560393 0.159176 0.145131 0.00519943
14 0.288702 0.536517 0.182584 0.194757 0.00516129
14 0.211845 0.852996 0.155665 0.280899 0.00516129
14 0.843477 0.672285 0.106117 0.0692884 0.00508118
77 0.853816 0.805243 0.161907 0.314607 0.00503922
20 0.852255 0.808521 0.161907 0.315543 0.00479126
49 0.901998 0.708333 0.0436954 0.0533708 0.00477219
14 0.546192 0.468633 0.11392 0.141386 0.00466537
16 0.855181 0.802903 0.162297 0.30618 0.00443268
14 0.834114 0.20927 0.0421349 0.0608614 0.00431442
14 0.857522 0.675562 0.132647 0.079588 0.00428009
15 0.855181 0.802903 0.162297 0.30618 0.0039444
46 0.903558 0.705993 0.0468165 0.0580524 0.00391388
14 0.159274 0.235721 0.123088 0.169476 0.00382423
14 0.232132 0.831461 0.19975 0.327715 0.00382423
14 0.25515 0.57397 0.117821 0.114232 0.00342941
14 0.821629 0.301732 0.0249688 0.0173221 0.00333786
14 0.869226 0.69382 0.11236 0.082397 0.00325966
14 0.392478 0.610487 0.288702 0.303371 0.00304031
14 0.618758 0.440075 0.0639825 0.104869 0.00301552
25 0.135475 0.175094 0.170685 0.284644 0.00300407
15 0.821629 0.557116 0.212235 0.340824 0.00300407
14 0.848159 0.772472 0.157616 0.170412 0.00291252
14 0.811486 0.669476 0.0858302 0.0692884 0.00265312
14 0.229791 0.574906 0.0663234 0.108614 0.00259018
14 0.492353 0.623127 0.159176 0.161049 0.00257111
14 0.296895 0.297753 0.145131 0.172285 0.00237846
14 0.82241 0.669476 0.0530587 0.0617978 0.00235939
21 0.822214 0.558052 0.212625 0.344569 0.00232315
14 0.151763 0.241105 0.0893415 0.14794 0.00226021
14 0.225499 0.58427 0.0573502 0.0861423 0.00223351
25 0.853816 0.805243 0.161907 0.314607 0.00219917
14 0.15703 0.216058 0.0987047 0.196629 0.00201988
14 0.847378 0.798221 0.140449 0.225655 0.00201035
14 0.585206 0.472846 0.131086 0.172285 0.00200272
14 0.237984 0.73736 0.0959738 0.195693 0.00195694
14 0.856742 0.690075 0.146692 0.093633 0.00186729
32 0.853426 0.808989 0.162687 0.312734 0.00183105
18 0.851865 0.814607 0.159566 0.290262 0.00179577
25 0.492353 0.695693 0.17166 0.301498 0.00173378
77 0.294554 0.367041 0.154104 0.320225 0.00167465
14 0.247737 0.805243 0.161517 0.312734 0.00157356
14 0.166784 0.799626 0.073736 0.151685 0.00156116
33 0.135085 0.174567 0.171075 0.282889 0.00151253
14 0.259246 0.547753 0.126795 0.170412 0.00151253
14 0.836455 0.817416 0.102996 0.222847 0.00145531
14 0.555556 0.536985 0.189607 0.30618 0.00140476
44 0.851865 0.814607 0.159566 0.290262 0.00139427
14 0.556336 0.472846 0.188046 0.174157 0.00138855
14 0.298065 0.660112 0.1701 0.174157 0.00138855
14 0.817728 0.308989 0.0343321 0.0318352 0.00136662
51 0.902778 0.706929 0.0452559 0.0561798 0.00132465
14 0.518493 0.468165 0.104557 0.134831 0.00129414
50 0.855181 0.802903 0.162297 0.30618 0.00129414
14 0.827091 0.241105 0.0608614 0.120787 0.00127411
14 0.818508 0.252809 0.0749064 0.15824 0.00126457
14 0.523564 0.456461 0.162297 0.248127 0.00126457
14 0.607834 0.47191 0.0873908 0.170412 0.0012207
14 0.34215 0.65824 0.0905119 0.144195 0.0012064
14 0.528636 0.600187 0.102216 0.196629 0.00118828
15 0.135085 0.179073 0.169905 0.287453 0.00116539
14 0.293383 0.63015 0.132647 0.187266 0.00112438
14 0.525125 0.588015 0.0749064 0.0917603 0.0011158
14 0.245787 0.75515 0.117821 0.244382 0.0011158
14 0.82241 0.808521 0.0920724 0.203184 0.00108624
14 0.522784 0.576779 0.0671036 0.0692884 0.00104809
55 0.135475 0.175094 0.170685 0.284644 0.00102425
14 0.293383 0.37067 0.153714 0.326077 0.979004
14 0.13489 0.175971 0.171075 0.285698 0.931641
14 0.522784 0.404026 0.154494 0.293071 0.923828
14 0.852255 0.808521 0.161907 0.31367 0.901367
14 0.489622 0.694757 0.167759 0.303371 0.760742
14 0.302356 0.606742 0.16932 0.277154 0.67041
14 0.818508 0.552435 0.209114 0.333333 0.611328
14 0.266464 0.782772 0.158396 0.279026 0.565918
14 0.488842 0.654494 0.157616 0.220974 0.332764
14 0.330836 0.606742 0.117041 0.280899 0.111633
14 0.295529 0.79073 0.101826 0.244382 0.0343628
14 0.838015 0.199906 0.0343321 0.0500936 0.0244293
14 0.821629 0.671817 0.22628 0.570225 0.0197906
14 0.844257 0.198268 0.0218477 0.0463483 0.0190582
14 0.282654 0.641386 0.181024 0.282772 0.0154266
14 0.525515 0.624532 0.0889513 0.162921 0.0143356
14 0.28363 0.6147 0.176342 0.19382 0.0126266
14 0.833333 0.218633 0.0436954 0.0842697 0.00821686
14 0.903558 0.706929 0.0468165 0.0543071 0.00784302
47 0.901998 0.707865 0.0436954 0.0543071 0.00743103
14 0.288311 0.537453 0.182584 0.192884 0.00720596
32 0.135573 0.175094 0.17049 0.284644 0.00717545
14 0.135378 0.244382 0.0983146 0.131086 0.00714874
77 0.134792 0.17486 0.17088 0.282772 0.00712204
14 0.276607 0.559925 0.159176 0.146067 0.0068779
14 0.833333 0.669944 0.0827091 0.0646068 0.00671768
21 0.853621 0.809457 0.162297 0.311798 0.0064888
21 0.135573 0.175094 0.17049 0.284644 0.00575256
44 0.293383 0.37067 0.153714 0.326077 0.00557709
14 0.28441 0.602996 0.124064 0.183521 0.00536346
14 0.159274 0.235019 0.123088 0.172285 0.00530243
14 0.211406 0.852996 0.153812 0.280899 0.00500107
14 0.272316 0.703652 0.166199 0.311798 0.00481033
14 0.25515 0.574906 0.117431 0.11236 0.0046463
14 0.546192 0.468633 0.111579 0.141386 0.00462723
32 0.901998 0.708333 0.0436954 0.0533708 0.00462723
14 0.828652 0.225655 0.0561797 0.090824 0.00457382
14 0.857522 0.675562 0.132647 0.079588 0.00450516
77 0.853816 0.805243 0.161907 0.312734 0.00426483
14 0.492353 0.622659 0.158396 0.159176 0.00413513
14 0.858302 0.690543 0.143571 0.0870786 0.0041008
16 0.854401 0.803839 0.162297 0.304307 0.00376511
14 0.82241 0.669476 0.0593009 0.0617978 0.00369263
14 0.834114 0.20927 0.0421349 0.0608614 0.00367928
49 0.901998 0.708333 0.0436954 0.0533708 0.00358009
14 0.22745 0.827715 0.188826 0.331461 0.00353813
15 0.821044 0.556648 0.211845 0.338951 0.00342941
14 0.229986 0.574906 0.0667135 0.109551 0.00307465
15 0.854401 0.803839 0.162297 0.304307 0.00305176
46 0.903558 0.705993 0.0468165 0.0580524 0.00299263
14 0.516542 0.689139 0.118602 0.299625 0.00283432
20 0.852255 0.808521 0.161907 0.31367 0.00279045
14 0.821629 0.301732 0.0249688 0.0173221 0.00276756
14 0.296699 0.297285 0.144741 0.171348 0.00276756
14 0.618368 0.43867 0.0647628 0.10206 0.0027256
25 0.135573 0.175094 0.17049 0.284644 0.00271416
14 0.151763 0.241105 0.088171 0.14794 0.00270462
14 0.384773 0.611423 0.254175 0.297753 0.00265312
14 0.847573 0.774345 0.158786 0.17603 0.00255013
14 0.303527 0.663858 0.158396 0.162921 0.00243378
14 0.242275 0.785581 0.110799 0.294008 0.00242424
14 0.811291 0.669476 0.0877809 0.0692884 0.002388
14 0.15703 0.21676 0.0979245 0.194757 0.00223351
14 0.275632 0.58427 0.158786 0.122659 0.00222588
14 0.259051 0.547753 0.126404 0.168539 0.00211525
14 0.584426 0.47191 0.132647 0.170412 0.00209045
21 0.822605 0.558052 0.211845 0.342697 0.00201988
14 0.238179 0.738296 0.0955836 0.197566 0.00197983
14 0.222183 0.586142 0.0518883 0.0861423 0.00188923
14 0.847378 0.801498 0.140449 0.23221 0.00188923
25 0.853816 0.805243 0.161907 0.312734 0.00178909
25 0.492353 0.695225 0.1701 0.300562 0.00178242
14 0.342346 0.65824 0.0901217 0.144195 0.00157356
14 0.166784 0.799626 0.0741261 0.151685 0.00153637
33 0.135158 0.174391 0.170539 0.282303 0.00152493
77 0.294359 0.367041 0.153324 0.320225 0.00152493
50 0.854401 0.803839 0.162297 0.304307 0.00148964
14 0.835674 0.816479 0.101436 0.224719 0.00144386
44 0.85284 0.81367 0.160737 0.290262 0.00141048
15 0.135207 0.179541 0.169661 0.287921 0.00139427
14 0.522784 0.45927 0.159176 0.242509 0.00137806
14 0.291238 0.669476 0.195459 0.40824 0.00136662
14 0.612516 0.464419 0.0788078 0.153558 0.00136185
18 0.85284 0.81367 0.160737 0.290262 0.00132465
14 0.557116 0.533708 0.185705 0.297753 0.00130939
14 0.518102 0.468633 0.102996 0.134831 0.00130463
14 0.525125 0.588483 0.0749064 0.0936329 0.0011692
14 0.292993 0.631086 0.133427 0.18633 0.00116539
32 0.853621 0.809457 0.162297 0.311798 0.00115585
14 0.817728 0.308989 0.0343321 0.0313671 0.00113392
14 0.285581 0.428839 0.152934 0.184457 0.0011158
15 0.492353 0.695225 0.1701 0.300562 0.0011158
14 0.820849 0.808052 0.0905118 0.202247 0.00109863
51 0.903558 0.705993 0.0468165 0.0580524 0.00106525
14 0.293383 0.370318 0.153714 0.326779 0.976562
14 0.13489 0.176264 0.171075 0.286985 0.9375
14 0.522784 0.402739 0.154494 0.291901 0.92041
14 0.852255 0.808521 0.161907 0.31367 0.90332
14 0.489232 0.694288 0.166979 0.304307 0.740234
14 0.300796 0.606742 0.172441 0.27809 0.647949
14 0.818508 0.553371 0.209114 0.335206 0.569824
14 0.266659 0.783708 0.157225 0.279026 0.541016
14 0.489232 0.653558 0.157615 0.219101 0.370117
14 0.331227 0.606273 0.117041 0.281835 0.107056
14 0.299625 0.79073 0.093633 0.244382 0.0314941
14 0.82241 0.671817 0.224719 0.570225 0.0248871
14 0.838795 0.199906 0.0327716 0.0505618 0.0175781
14 0.526685 0.624532 0.0858302 0.162921 0.0162811
14 0.283435 0.641854 0.182194 0.280899 0.0141754
14 0.844257 0.198268 0.0218477 0.0463483 0.0141144
14 0.28402 0.616105 0.177122 0.191011 0.0110703
14 0.302552 0.653558 0.161127 0.185393 0.0104065
14 0.903558 0.706929 0.0483771 0.0543071 0.00854492
14 0.288507 0.537453 0.182974 0.192884 0.00854492
14 0.276607 0.559925 0.159176 0.146067 0.00757599
47 0.901998 0.707865 0.0436954 0.0543071 0.00669098
14 0.135865 0.24485 0.0988998 0.131086 0.00634003
14 0.858302 0.690075 0.143571 0.088015 0.00600433
14 0.833333 0.217228 0.0436954 0.0814607 0.00595856
77 0.134695 0.174684 0.170685 0.282654 0.00577545
14 0.834894 0.670412 0.0873908 0.0655431 0.00564194
14 0.25437 0.574906 0.115871 0.11236 0.00524139
14 0.903558 0.699438 0.0530587 0.0711611 0.00521851
21 0.135573 0.175328 0.17049 0.285112 0.00502014
14 0.492353 0.622659 0.157615 0.159176 0.00494385
14 0.271341 0.716292 0.164248 0.294008 0.00469971
14 0.158883 0.235019 0.124649 0.175094 0.00466537
32 0.135573 0.175328 0.17049 0.285112 0.00450516
14 0.283825 0.603464 0.126014 0.183521 0.00431442
14 0.210235 0.852996 0.151471 0.280899 0.00426483
14 0.546582 0.469101 0.110799 0.140449 0.00419998
21 0.853621 0.809925 0.162297 0.310861 0.0041008
14 0.856742 0.675094 0.134207 0.0805244 0.00400543
44 0.293383 0.370318 0.153714 0.326779 0.00392914
32 0.901998 0.708333 0.0436954 0.0533708 0.00333786
15 0.821629 0.55618 0.212235 0.338951 0.00328636
14 0.828652 0.225655 0.0561797 0.090824 0.00327301
14 0.229986 0.574906 0.0671036 0.110487 0.00327301
16 0.854401 0.803839 0.162297 0.304307 0.00312424
14 0.82241 0.669476 0.062422 0.0617978 0.00305176
14 0.518883 0.687734 0.11236 0.296816 0.00290108
14 0.289872 0.787453 0.134207 0.254682 0.0028553
49 0.901998 0.708333 0.0436954 0.0533708 0.00284576
14 0.24091 0.787921 0.107288 0.300562 0.00274658
77 0.853816 0.80618 0.161907 0.312734 0.0026722
14 0.296504 0.297285 0.144351 0.171348 0.00264168
14 0.618368 0.437266 0.0647628 0.0992509 0.00256157
14 0.151763 0.240871 0.0889513 0.14794 0.00246239
14 0.383798 0.610487 0.251444 0.297753 0.00232315
14 0.274462 0.58427 0.156445 0.120787 0.00225258
15 0.854401 0.803839 0.162297 0.304307 0.00225258
46 0.903558 0.705993 0.0468165 0.0589888 0.00219917
14 0.821629 0.301732 0.0249688 0.0173221 0.00211525
25 0.135573 0.175328 0.17049 0.285112 0.00211525
14 0.584426 0.470974 0.131086 0.168539 0.00194168
14 0.15703 0.215824 0.0987047 0.196629 0.00191212
14 0.811291 0.669476 0.0877809 0.0692884 0.00191212
14 0.222378 0.586142 0.0522784 0.0861423 0.00184631
14 0.847378 0.776685 0.157615 0.178839 0.00184631
25 0.492743 0.694757 0.16932 0.301498 0.0017271
14 0.617197 0.455524 0.0686641 0.133895 0.00172043
14 0.237204 0.718165 0.0983146 0.166667 0.00171375
14 0.342736 0.658708 0.0893414 0.144195 0.00163555
14 0.583255 0.503745 0.134987 0.234082 0.00159168
21 0.82241 0.557584 0.212235 0.342697 0.00154877
20 0.852255 0.808521 0.161907 0.31367 0.0014782
14 0.847378 0.802903 0.140449 0.236891 0.00143814
14 0.240325 0.746255 0.0967541 0.20412 0.00133514
50 0.854401 0.803839 0.162297 0.304307 0.00133514
15 0.135207 0.179541 0.169661 0.288858 0.00132465
14 0.166979 0.800094 0.0745162 0.152622 0.00129414
44 0.85284 0.81367 0.160737 0.290262 0.0012846
25 0.853816 0.80618 0.161907 0.312734 0.00124454
14 0.607834 0.470037 0.0873908 0.166667 0.00123978
14 0.522784 0.46243 0.159176 0.241807 0.00123024
14 0.288702 0.455993 0.150203 0.162921 0.00119209
33 0.135183 0.174391 0.17049 0.282303 0.00118828
14 0.557896 0.535581 0.184145 0.301498 0.00118828
77 0.294359 0.367041 0.152934 0.320225 0.00115585
14 0.518102 0.469101 0.0998751 0.134831 0.0011425
14 0.834894 0.816479 0.0998751 0.222846 0.0011425
15 0.492743 0.694757 0.16932 0.301498 0.00112438
14 0.525125 0.588951 0.0749064 0.0955056 0.00107288
15 0.523564 0.407772 0.156055 0.29588 0.00105667
14 0.292798 0.631554 0.134597 0.18633 0.00102806
14 0.28324 0.389981 0.156055 0.248127 0.00100803
14 0.294164 0.367158 0.153714 0.319991 0.97998
14 0.13489 0.176966 0.171075 0.28839 0.946289
14 0.522784 0.402622 0.154494 0.291199 0.928711
14 0.85284 0.808521 0.160737 0.31367 0.904785
14 0.489232 0.695225 0.165418 0.30618 0.848145
14 0.300016 0.606742 0.174001 0.279026 0.750488
14 0.821629 0.558521 0.210674 0.344569 0.666992
14 0.267244 0.783708 0.156055 0.277154 0.598145
14 0.490013 0.651685 0.156055 0.217228 0.24939
14 0.330251 0.606273 0.118992 0.282772 0.0778198
14 0.298455 0.79073 0.0959738 0.244382 0.0267639
14 0.822214 0.672285 0.221988 0.571161 0.0258636
14 0.303527 0.657303 0.159956 0.177903 0.0187683
14 0.528636 0.623596 0.0819289 0.161049 0.0150146
14 0.838795 0.200375 0.0327716 0.0514981 0.0120087
14 0.285581 0.617978 0.179463 0.187266 0.0117798
14 0.844257 0.198736 0.0218477 0.0472846 0.0103683
14 0.288897 0.540262 0.183755 0.187266 0.00867462
47 0.901998 0.708333 0.0436954 0.0533708 0.00674438
14 0.903558 0.707865 0.0468165 0.0543071 0.00671768
14 0.28285 0.563202 0.172051 0.139513 0.00634003
14 0.278753 0.681648 0.175172 0.348315 0.00624084
14 0.139767 0.247659 0.0910971 0.133895 0.00577545
16 0.855181 0.803839 0.162297 0.302435 0.00519943
14 0.271926 0.728464 0.164638 0.279026 0.00502014
14 0.833333 0.220272 0.0436954 0.0875468 0.00486755
14 0.21321 0.852294 0.156445 0.280431 0.00482941
44 0.293383 0.369967 0.153714 0.329354 0.00469971
14 0.237789 0.790262 0.0998752 0.305243 0.00469971
14 0.159078 0.234082 0.124649 0.179307 0.00462723
14 0.546192 0.469101 0.107678 0.140449 0.00460815
14 0.265488 0.575843 0.138499 0.110487 0.00439835
14 0.2848 0.603933 0.126404 0.183521 0.00436401
77 0.134792 0.174625 0.17088 0.282772 0.00428009
21 0.135573 0.175562 0.1701 0.286049 0.00419998
15 0.821044 0.55618 0.211845 0.338951 0.0041008
14 0.836455 0.670412 0.0905119 0.0664794 0.00380898
14 0.903558 0.699906 0.0530587 0.0702247 0.00366402
49 0.901998 0.708802 0.0436954 0.0524345 0.00362206
32 0.901998 0.708802 0.0436954 0.0524345 0.00355148
14 0.856742 0.675562 0.132647 0.079588 0.00336266
14 0.858302 0.691011 0.143571 0.0861423 0.00336266
14 0.827091 0.226124 0.0593008 0.0917603 0.00321007
14 0.521223 0.691011 0.104557 0.303371 0.00301552
14 0.229986 0.574906 0.0674938 0.110487 0.00293541
32 0.135573 0.175562 0.1701 0.286049 0.0028553
21 0.853621 0.809457 0.162297 0.311798 0.00255013
77 0.853621 0.805243 0.160737 0.310861 0.0024929
15 0.855181 0.803839 0.162297 0.302435 0.0024147
14 0.834114 0.210674 0.0421349 0.0632022 0.00234985
14 0.618758 0.437266 0.0639825 0.0992509 0.00228691
46 0.903558 0.705993 0.0468165 0.0580524 0.00228691
14 0.82241 0.669476 0.062422 0.0636704 0.00222588
14 0.279533 0.588015 0.167369 0.123596 0.00211525
25 0.491963 0.695225 0.167759 0.302434 0.00208282
14 0.342736 0.65824 0.090902 0.142322 0.00203514
14 0.237204 0.735487 0.0983146 0.195693 0.00194168
14 0.184535 0.850187 0.0990949 0.277154 0.00194168
14 0.383115 0.609551 0.259051 0.29588 0.00191212
21 0.82241 0.557584 0.212235 0.342697 0.00187492
14 0.296504 0.298689 0.144351 0.174157 0.00183105
15 0.491963 0.695225 0.167759 0.302434 0.00182438
14 0.222573 0.586142 0.0530587 0.0861423 0.00170708
25 0.135573 0.175562 0.1701 0.286049 0.00150681
14 0.573502 0.470974 0.152934 0.168539 0.00150108
14 0.813241 0.668539 0.0838796 0.0692884 0.00146103
14 0.48221 0.627341 0.149813 0.164794 0.00144386
15 0.292213 0.370787 0.153324 0.325843 0.00142097
14 0.288702 0.457865 0.149813 0.161049 0.00141048
50 0.855181 0.803839 0.162297 0.302435 0.00136662
15 0.523564 0.406367 0.156055 0.294007 0.00134563
14 0.847183 0.773408 0.159566 0.172285 0.00132465
15 0.135183 0.179541 0.16971 0.290262 0.00132465
14 0.821629 0.301732 0.0249688 0.0173221 0.00130463
14 0.156933 0.214654 0.0981195 0.197097 0.00127411
14 0.167369 0.800562 0.0749064 0.153558 0.00126934
16 0.82241 0.557584 0.212235 0.342697 0.00126934
14 0.417447 0.655431 0.309769 0.213483 0.00126457
20 0.853621 0.809457 0.162297 0.311798 0.0012064
14 0.286166 0.428722 0.152544 0.180009 0.00119686
14 0.525125 0.588015 0.0749064 0.0917603 0.00112057
14 0.847378 0.801498 0.140449 0.235955 0.00111198
14 0.612906 0.463483 0.0780275 0.153558 0.00109005
14 0.522394 0.468165 0.156835 0.215356 0.00109005
14 0.506788 0.634363 0.128745 0.191948 0.00104427
14 0.519663 0.469101 0.101436 0.134831 0.00103188
14 0.292993 0.630618 0.135768 0.18633 0.00102806
14 0.579354 0.502809 0.14201 0.23221 0.00102425
14 0.293578 0.366222 0.154104 0.319991 0.977539
14 0.13489 0.177669 0.171075 0.289794 0.941895
14 0.522784 0.402739 0.154494 0.291901 0.923828
14 0.85284 0.808053 0.160737 0.314607 0.892578
14 0.488842 0.695693 0.164638 0.307116 0.859863
14 0.295139 0.606742 0.183755 0.279026 0.786621
14 0.821629 0.558052 0.213795 0.344569 0.702637
14 0.267634 0.784176 0.156055 0.27809 0.583008
14 0.490013 0.640449 0.154494 0.19382 0.0900879
14 0.82397 0.673221 0.220037 0.571161 0.0346069
14 0.330446 0.605337 0.119382 0.276217 0.0290833
14 0.298065 0.790262 0.0967541 0.245318 0.0157776
14 0.302942 0.654494 0.161907 0.187266 0.0129242
14 0.529026 0.623596 0.0811486 0.161049 0.0118256
14 0.838795 0.200843 0.0327716 0.0519663 0.00775528
14 0.287141 0.618914 0.181804 0.185393 0.00701141
14 0.844257 0.19897 0.0202871 0.0477528 0.0069046
44 0.293383 0.36985 0.153714 0.330524 0.00542831
14 0.902778 0.707865 0.0468165 0.0543071 0.00508118
16 0.855181 0.804307 0.159176 0.303371 0.00498199
14 0.139669 0.248127 0.0924625 0.133895 0.00494385
14 0.237594 0.792135 0.0990949 0.307116 0.00482941
14 0.215014 0.852294 0.159078 0.280431 0.00457382
47 0.901998 0.708802 0.0436954 0.0524345 0.00452042
14 0.279728 0.684457 0.177903 0.350187 0.00450516
14 0.273096 0.731742 0.166979 0.283708 0.00416565
15 0.821629 0.55618 0.212235 0.338951 0.0041008
14 0.158688 0.234316 0.125819 0.182116 0.00376511
14 0.545412 0.469101 0.107678 0.140449 0.00372124
14 0.282264 0.544944 0.17166 0.174157 0.00369263
14 0.831773 0.22191 0.0468165 0.090824 0.00363541
14 0.2848 0.603933 0.128745 0.185393 0.00342941
21 0.135573 0.17603 0.1701 0.286517 0.0030632
49 0.901217 0.70927 0.0421348 0.0524345 0.00292397
15 0.292018 0.370787 0.153324 0.327715 0.00288963
14 0.519663 0.691948 0.107678 0.305243 0.00283432
14 0.274462 0.575843 0.156835 0.11236 0.00279999
14 0.856742 0.675562 0.132647 0.0786517 0.00269318
14 0.902778 0.699438 0.0530587 0.0711611 0.00259018
32 0.901217 0.70927 0.0421348 0.0524345 0.00248146
14 0.838015 0.67088 0.0936329 0.0674157 0.00247192
14 0.857522 0.691011 0.145131 0.0861423 0.00242424
77 0.134792 0.174684 0.17088 0.282654 0.00225258
14 0.230181 0.574906 0.0678839 0.110487 0.00220871
15 0.855181 0.804307 0.159176 0.303371 0.00219917
15 0.491573 0.695693 0.166979 0.303371 0.00211525
25 0.491573 0.695693 0.166979 0.303371 0.0020504
14 0.180243 0.848081 0.0901217 0.273876 0.0019722
14 0.833333 0.212079 0.0436954 0.0655431 0.00192642
32 0.135573 0.17603 0.1701 0.286517 0.00186729
14 0.618758 0.43633 0.0639825 0.0973783 0.00183868
14 0.342736 0.65824 0.0924626 0.142322 0.0018034
14 0.237594 0.735487 0.0983146 0.195693 0.00171375
14 0.827091 0.229167 0.0593008 0.104401 0.0016613
21 0.822605 0.558052 0.211845 0.342697 0.0016613
46 0.903558 0.705993 0.0468165 0.0580524 0.00161076
14 0.821629 0.669476 0.062422 0.0636704 0.00154877
16 0.822605 0.558052 0.211845 0.342697 0.00154877
15 0.523564 0.406367 0.156055 0.293071 0.00135612
14 0.380384 0.608614 0.271536 0.294007 0.00133514
14 0.296504 0.299625 0.144351 0.17603 0.00131512
21 0.853816 0.808989 0.161907 0.312734 0.00129414
15 0.135183 0.179775 0.1701 0.291667 0.00126934
14 0.222768 0.586142 0.053839 0.0861423 0.00126457
14 0.418617 0.654494 0.305868 0.21161 0.00125504
14 0.288897 0.460206 0.150203 0.15824 0.00121593
14 0.167466 0.80103 0.0751014 0.154494 0.00117874
77 0.853621 0.805243 0.160737 0.310861 0.00117874
14 0.282459 0.594101 0.173221 0.132959 0.00116539
50 0.855181 0.804307 0.159176 0.303371 0.00110722
14 0.813241 0.668539 0.0838796 0.0692884 0.00109005
25 0.135573 0.17603 0.1701 0.286517 0.00106525
16 0.292018 0.370787 0.153324 0.327715 0.00106049
14 0.617587 0.455056 0.0671036 0.132959 0.00103188
14 0.293188 0.367158 0.154885 0.319991 0.973633
14 0.13489 0.178137 0.171075 0.29073 0.935059
14 0.522784 0.403675 0.154494 0.291901 0.918945
14 0.85284 0.808053 0.160737 0.316479 0.877441
14 0.488842 0.696629 0.164638 0.308989 0.86084
14 0.292408 0.60721 0.189997 0.279963 0.818848
14 0.82241 0.558989 0.213795 0.346442 0.704102
14 0.267634 0.783708 0.156055 0.279026 0.542969
14 0.489622 0.641854 0.155275 0.197566 0.0621033
14 0.82475 0.674157 0.220037 0.573034 0.0534058
14 0.300406 0.790262 0.0928527 0.245318 0.0120087
14 0.528636 0.623596 0.0811485 0.162921 0.00930023
14 0.838015 0.201311 0.0343321 0.0524345 0.00568771
44 0.292993 0.369967 0.154494 0.333099 0.00553513
15 0.292213 0.373713 0.156055 0.331227 0.00536346
14 0.844257 0.199438 0.0218477 0.0486891 0.00534439
14 0.215161 0.852294 0.159176 0.280431 0.00481033
14 0.300991 0.644195 0.167369 0.207865 0.0046463
16 0.854401 0.805243 0.159176 0.303371 0.00457382
15 0.82241 0.55618 0.212235 0.338951 0.00421524
14 0.321473 0.605805 0.137328 0.277154 0.00403976
14 0.237984 0.794476 0.0998751 0.311798 0.00399017
14 0.139572 0.248596 0.093828 0.133895 0.00390053
14 0.275242 0.733146 0.17127 0.292135 0.00325966
14 0.902778 0.708802 0.0468165 0.0524345 0.003088
14 0.831773 0.222378 0.0468165 0.0917603 0.00293541
14 0.28285 0.677435 0.183365 0.323034 0.00293541
14 0.158201 0.235019 0.126795 0.182584 0.00291252
14 0.545412 0.469101 0.107678 0.140449 0.00288963
14 0.516152 0.692884 0.1147 0.305243 0.0027256
15 0.854401 0.805243 0.159176 0.303371 0.0027256
47 0.901217 0.709738 0.0421348 0.0514981 0.00271416
14 0.288507 0.620787 0.184535 0.187266 0.00255013
14 0.2848 0.603933 0.132257 0.187266 0.00236893
49 0.901217 0.709738 0.0421348 0.0514981 0.00212479
14 0.177317 0.847378 0.0846598 0.271536 0.00211525
14 0.289482 0.692884 0.188046 0.451311 0.00210762
15 0.490793 0.696629 0.167759 0.305243 0.00205803
14 0.856742 0.675562 0.132647 0.0786517 0.00197983
21 0.134768 0.17486 0.170929 0.282772 0.00191212
14 0.28402 0.54588 0.175562 0.172285 0.00174141
14 0.833333 0.212079 0.0436954 0.0664794 0.00170708
25 0.490793 0.696629 0.167759 0.305243 0.0017004
14 0.865325 0.692884 0.124844 0.0842697 0.0016489
14 0.292213 0.547285 0.189607 0.407303 0.00163555
16 0.82319 0.558052 0.212235 0.344569 0.00161076
32 0.901217 0.709738 0.0421348 0.0514981 0.00157928
14 0.901217 0.698502 0.0561798 0.07397 0.0015192
15 0.523564 0.406484 0.156055 0.293773 0.00147247
14 0.342736 0.658708 0.0940231 0.142322 0.00140476
14 0.618758 0.435393 0.0639825 0.0964419 0.00138855
14 0.827091 0.229401 0.0593008 0.104869 0.00136662
14 0.230181 0.574906 0.0678839 0.110487 0.00134563
14 0.237594 0.735019 0.0983146 0.196629 0.00134563
14 0.839576 0.67088 0.0983146 0.0683521 0.00133514
21 0.82319 0.558052 0.212235 0.344569 0.00124454
15 0.135158 0.179834 0.170539 0.292954 0.0011692
16 0.291823 0.371723 0.153324 0.329588 0.00115108
14 0.419105 0.653558 0.304112 0.209738 0.00113392
14 0.167662 0.801498 0.0751014 0.155431 0.00112438
14 0.290652 0.462079 0.151763 0.156367 0.0011034
77 0.134768 0.17486 0.170929 0.282772 0.00108624
20 0.854401 0.805243 0.159176 0.303371 0.00108147
14 0.253784 0.83544 0.193898 0.302903 0.00100803
14 0.292993 0.367041 0.155275 0.320225 0.971191
14 0.134817 0.178605 0.171222 0.291667 0.933105
14 0.522784 0.404494 0.154494 0.293071 0.913086
14 0.488842 0.697097 0.164638 0.309925 0.865234
14 0.853425 0.808989 0.159566 0.316479 0.864258
14 0.292018 0.607678 0.191557 0.280899 0.818848
14 0.82241 0.559925 0.215356 0.348315 0.697754
14 0.267634 0.784644 0.156055 0.280899 0.539062
14 0.825336 0.674626 0.218867 0.57397 0.0687866
14 0.489232 0.643727 0.156055 0.201311 0.0448608
14 0.524345 0.487828 0.159176 0.456929 0.0110321
14 0.300796 0.789794 0.0920724 0.246255 0.00967407
14 0.529026 0.624064 0.0811486 0.161985 0.00748825
15 0.292018 0.374064 0.155665 0.332397 0.00626373
14 0.215161 0.85206 0.159566 0.279026 0.00566483
14 0.838015 0.201311 0.0343321 0.0524345 0.00516129
14 0.844257 0.199438 0.0218477 0.0486891 0.00500107
14 0.289872 0.695693 0.188046 0.458802 0.0041008
16 0.855181 0.805243 0.159176 0.303371 0.00400543
44 0.292993 0.370318 0.154494 0.33427 0.00380898
14 0.29904 0.645131 0.172051 0.206929 0.00374985
14 0.242275 0.808521 0.109629 0.321161 0.00369263
15 0.82319 0.55618 0.213795 0.338951 0.00369263
14 0.139474 0.24883 0.0948034 0.133427 0.00355148
14 0.284605 0.673689 0.185315 0.315543 0.00333786
14 0.276802 0.727528 0.174391 0.316479 0.00302696
14 0.514201 0.692884 0.118602 0.305243 0.00274658
14 0.832553 0.221442 0.0452559 0.0898877 0.00269318
14 0.158103 0.235487 0.12699 0.182584 0.00268364
14 0.827091 0.226592 0.0593008 0.0926966 0.0026207
14 0.902778 0.708802 0.0468165 0.0524345 0.0024929
14 0.176147 0.846676 0.0827091 0.269195 0.00243378
14 0.544632 0.469101 0.107678 0.140449 0.00229645
47 0.900437 0.710206 0.0405742 0.0505618 0.00223351
15 0.855181 0.805243 0.159176 0.303371 0.00223351
15 0.490793 0.696629 0.166979 0.305243 0.00196457
14 0.28441 0.603933 0.135768 0.189139 0.00195694
14 0.290262 0.786517 0.131866 0.250936 0.00182438
14 0.237789 0.768727 0.0987048 0.277154 0.00174141
49 0.900437 0.710206 0.0405742 0.0505618 0.00168133
32 0.900437 0.710206 0.0405742 0.0505618 0.00157356
14 0.856742 0.675094 0.134207 0.0786517 0.00156116
14 0.292993 0.490637 0.184145 0.516854 0.00156116
25 0.490793 0.697097 0.168539 0.30618 0.00154877
21 0.134792 0.175035 0.17127 0.282889 0.00151253
14 0.2848 0.546817 0.177122 0.171348 0.00148392
16 0.82397 0.558989 0.212235 0.344569 0.00141048
14 0.864544 0.692884 0.124844 0.0842697 0.00137234
15 0.523564 0.407186 0.156055 0.294242 0.00136662
14 0.252224 0.836142 0.195069 0.301498 0.00134563
14 0.342931 0.658708 0.0944132 0.142322 0.00131989
25 0.292993 0.373127 0.153714 0.328652 0.00125504
14 0.900437 0.698502 0.0577404 0.0749064 0.00122547
14 0.290652 0.462547 0.152154 0.15824 0.00122547
14 0.618758 0.434457 0.0632023 0.0955056 0.00120163
14 0.82241 0.242509 0.0655431 0.13764 0.00116539
14 0.419788 0.65309 0.302747 0.208802 0.00112915
14 0.317572 0.596442 0.154494 0.265918 0.00109482
15 0.135012 0.180185 0.170831 0.293188 0.00109482
16 0.292018 0.374064 0.155665 0.332397 0.00107765
14 0.167759 0.801498 0.0752965 0.157303 0.00106525
14 0.230181 0.574438 0.0678839 0.111423 0.00104809
14 0.292993 0.367041 0.155275 0.320225 0.971191
14 0.13489 0.178429 0.171465 0.291081 0.935547
14 0.522394 0.404026 0.155275 0.292135 0.916016
14 0.488452 0.697566 0.165418 0.310861 0.875977
14 0.853425 0.808989 0.159566 0.318352 0.863281
14 0.291823 0.607678 0.191948 0.280899 0.855957
14 0.822214 0.559925 0.215746 0.348315 0.699219
14 0.267634 0.785112 0.155665 0.283708 0.583008
14 0.82475 0.661049 0.213795 0.550562 0.145142
14 0.489232 0.647472 0.156055 0.208802 0.035675
14 0.524735 0.492392 0.159956 0.466526 0.0167847
14 0.300796 0.789794 0.0920724 0.246255 0.0088501
14 0.529026 0.623596 0.0803683 0.161049 0.0069046
15 0.292018 0.374415 0.155665 0.333567 0.00671768
14 0.215161 0.852294 0.159566 0.280431 0.0064621
14 0.843477 0.199906 0.0218477 0.0496255 0.00559998
14 0.838015 0.201311 0.0343321 0.0533708 0.00542831
14 0.237984 0.797753 0.0990949 0.322097 0.00484848
14 0.234473 0.81882 0.127575 0.336142 0.00352478
15 0.82319 0.555712 0.215356 0.338951 0.00352478
15 0.491963 0.697097 0.166198 0.30618 0.00348282
14 0.139181 0.249064 0.0949984 0.132959 0.00345612
16 0.854401 0.805243 0.157616 0.305243 0.00340271
14 0.285971 0.671348 0.188046 0.312734 0.00332451
44 0.293773 0.367041 0.153324 0.319288 0.00329781
14 0.277583 0.735019 0.175952 0.303371 0.00311089
14 0.513811 0.69382 0.119382 0.307116 0.00299263
14 0.833333 0.219569 0.0436954 0.085206 0.00298119
14 0.158396 0.234551 0.126795 0.183521 0.00293541
14 0.303917 0.643258 0.158396 0.215356 0.00292397
14 0.827091 0.226826 0.0593008 0.0931648 0.00290108
14 0.175562 0.845506 0.0819288 0.26779 0.00290108
14 0.544632 0.468633 0.106117 0.140449 0.00219154
47 0.900437 0.710674 0.0405742 0.0496254 0.0020752
14 0.28519 0.603933 0.137328 0.188202 0.00205803
14 0.292798 0.499064 0.184535 0.500936 0.00195694
14 0.901998 0.70927 0.0468165 0.0514981 0.00176144
15 0.854401 0.805243 0.157616 0.305243 0.00173378
25 0.292993 0.373596 0.153714 0.329588 0.0017004
14 0.531757 0.970038 0.210674 0.0561798 0.00168705
14 0.251639 0.83544 0.190387 0.302903 0.00165462
14 0.290652 0.463483 0.151373 0.157303 0.0015974
49 0.900437 0.710674 0.0405742 0.0496254 0.00159168
14 0.82397 0.242275 0.065543 0.136704 0.00146675
32 0.900437 0.710674 0.0405742 0.0496254 0.00145531
21 0.135573 0.179541 0.1701 0.289794 0.00145531
14 0.343126 0.659176 0.0948034 0.142322 0.0014267
14 0.856742 0.67603 0.134207 0.0786517 0.00137806
16 0.82475 0.558989 0.213795 0.346442 0.00136662
15 0.523564 0.406484 0.156055 0.293773 0.00135612
4 0.771536 1 0.456929 0 0.00135136
14 0.285385 0.548221 0.178293 0.168539 0.00133514
14 0.217111 0.910347 0.136938 0.171816 0.00132465
25 0.490013 0.698034 0.168539 0.308052 0.00131989
14 0.240715 0.747191 0.0944132 0.207865 0.00128937
14 0.423787 0.654494 0.290067 0.213483 0.0012846
14 0.618758 0.433989 0.062422 0.0936329 0.00122547
14 0.289482 0.621255 0.186486 0.188202 0.00118828
15 0.82475 0.661049 0.213795 0.550562 0.00118828
14 0.864544 0.692884 0.127965 0.0842697 0.0011425
25 0.292213 0.605337 0.191167 0.285581 0.00110722
14 0.167759 0.802435 0.0752965 0.159176 0.00109005
14 0.246762 0.750936 0.117821 0.245318 0.00107765
15 0.135573 0.179541 0.1701 0.289794 0.00104046
16 0.291628 0.373127 0.153324 0.332397 0.00104046
20 0.854401 0.805243 0.157616 0.305243 0.00101662
14 0.292993 0.367041 0.155275 0.320225 0.972656
14 0.13489 0.178371 0.171465 0.29073 0.942383
14 0.522394 0.404026 0.155275 0.291199 0.92041
14 0.488452 0.697566 0.165418 0.310861 0.884277
14 0.853621 0.808989 0.159176 0.318352 0.873047
14 0.291823 0.607678 0.191948 0.280899 0.871582
14 0.82397 0.559925 0.215356 0.348315 0.72168
14 0.267829 0.786517 0.155665 0.28839 0.598145
14 0.82475 0.660581 0.215356 0.549626 0.158203
14 0.524735 0.459855 0.160737 0.402388 0.0544128
14 0.489232 0.648408 0.156055 0.210674 0.0344849
14 0.301771 0.789794 0.0901217 0.246255 0.0113297
14 0.213795 0.852294 0.156835 0.280431 0.00803375
14 0.842697 0.20014 0.0218477 0.0496255 0.00734711
14 0.529416 0.623127 0.0803683 0.161049 0.00720596
14 0.838015 0.201545 0.0343321 0.0529026 0.00698471
15 0.292018 0.374532 0.155665 0.33427 0.00666809
14 0.237399 0.799626 0.0975344 0.325843 0.00619125
14 0.174684 0.844569 0.0797831 0.265918 0.00391388
14 0.833333 0.21676 0.0436954 0.0800562 0.0037365
14 0.139084 0.249064 0.0951935 0.132959 0.00372124
15 0.491573 0.697097 0.166199 0.30618 0.00365067
14 0.286751 0.666667 0.188826 0.305243 0.00352478
14 0.827091 0.226592 0.0593008 0.0926966 0.00342941
16 0.855181 0.805243 0.159176 0.305243 0.00342941
14 0.158493 0.234082 0.12699 0.184457 0.00341606
44 0.293773 0.366573 0.153714 0.319288 0.00324821
14 0.277973 0.736891 0.176732 0.299626 0.00321007
14 0.513421 0.69382 0.119382 0.307116 0.00318527
15 0.823775 0.55618 0.215746 0.338951 0.00293541
14 0.303527 0.643258 0.159176 0.213483 0.00281143
14 0.531757 0.970974 0.210674 0.0561798 0.00263214
14 0.28519 0.603933 0.138109 0.187266 0.00219917
14 0.292993 0.515918 0.184925 0.467229 0.00218201
14 0.543851 0.468633 0.106117 0.140449 0.00210762
14 0.82397 0.242041 0.0639825 0.136236 0.0019722
14 0.251053 0.837079 0.187656 0.301498 0.00195694
14 0.901998 0.708802 0.0468165 0.0514982 0.00187492
47 0.900437 0.710674 0.0405742 0.0486891 0.00186062
14 0.216331 0.910112 0.135768 0.170412 0.00178242
14 0.291042 0.463483 0.151373 0.15824 0.0017004
15 0.855181 0.805243 0.159176 0.305243 0.00165462
14 0.343321 0.659176 0.0944132 0.140449 0.00157928
21 0.135402 0.179249 0.170051 0.289443 0.00149536
25 0.292798 0.373713 0.153324 0.331227 0.00149536
4 0.771731 1 0.456539 0 0.00148392
14 0.856742 0.675094 0.134207 0.0786517 0.00146103
14 0.618758 0.433521 0.062422 0.093633 0.00144386
32 0.900437 0.710674 0.0405742 0.0486891 0.00143814
14 0.429931 0.655899 0.273096 0.215356 0.00143814
49 0.900437 0.710674 0.0405742 0.0486891 0.0014267
14 0.240325 0.747191 0.0944132 0.209738 0.00142097
14 0.285385 0.548689 0.178293 0.167603 0.00136185
14 0.167662 0.802435 0.0747113 0.159176 0.00133514
14 0.864544 0.692884 0.127965 0.0842697 0.00132465
16 0.82475 0.56367 0.215356 0.35206 0.00131989
14 0.245396 0.750936 0.115091 0.247191 0.00124454
14 0.465922 0.668071 0.205797 0.234082 0.00123501
15 0.523564 0.40625 0.156055 0.292369 0.00123501
25 0.489622 0.695693 0.16932 0.308989 0.00123024
25 0.292213 0.605805 0.191167 0.285581 0.00117874
14 0.289482 0.620787 0.186486 0.188202 0.00109863
15 0.82475 0.660581 0.215356 0.549626 0.00106907
15 0.135402 0.179249 0.170051 0.289443 0.00105667
14 0.230181 0.57397 0.0678839 0.11236 0.00104809
20 0.855181 0.805243 0.159176 0.305243 0.00102425
14 0.530587 0.516386 0.162297 0.244382 0.00101662
14 0.292993 0.367041 0.155275 0.320225 0.975586
14 0.134768 0.178371 0.171319 0.291198 0.950195
14 0.522394 0.403558 0.155275 0.291198 0.925781
14 0.853425 0.808521 0.159566 0.319288 0.894043
14 0.488452 0.697566 0.164638 0.310861 0.893066
14 0.291823 0.607678 0.191948 0.280899 0.887207
14 0.82397 0.559457 0.216916 0.347378 0.762207
14 0.267829 0.786517 0.156055 0.290262 0.629883
14 0.82475 0.636704 0.215356 0.501873 0.195557
14 0.489232 0.648876 0.156055 0.21161 0.0417786
14 0.524345 0.484551 0.160737 0.449438 0.0171051
14 0.213064 0.85206 0.155177 0.280899 0.0111618
14 0.301966 0.789326 0.0905119 0.247191 0.0108185
14 0.529026 0.623127 0.079588 0.161049 0.0085144
14 0.842697 0.20014 0.0218477 0.0496255 0.00815582
14 0.838015 0.201779 0.0343321 0.0533708 0.00787354
14 0.237204 0.799157 0.0975343 0.326779 0.00717545
15 0.291823 0.374532 0.156055 0.33427 0.00634003
14 0.174782 0.844803 0.0799782 0.265449 0.00538635
14 0.158201 0.23221 0.128745 0.187266 0.00482941
14 0.138986 0.249064 0.0953886 0.132959 0.00450516
14 0.833333 0.216292 0.0436954 0.0786517 0.00424957
14 0.287141 0.656367 0.188826 0.282772 0.00415039
14 0.827091 0.226592 0.0593008 0.0926966 0.00395966
16 0.855181 0.805243 0.159176 0.305243 0.00392914
14 0.532147 0.970974 0.210674 0.0561798 0.00388527
14 0.284995 0.785581 0.125624 0.252809 0.00367928
14 0.514591 0.692884 0.116261 0.307116 0.00349617
15 0.491573 0.697566 0.166979 0.307116 0.00348282
14 0.278558 0.733146 0.177903 0.305243 0.00338936
14 0.304502 0.643258 0.158006 0.214419 0.00336266
14 0.845818 0.69382 0.177903 0.531835 0.00332451
44 0.293773 0.367158 0.153714 0.319991 0.0028553
14 0.82397 0.242041 0.062422 0.135768 0.00263214
15 0.823775 0.55618 0.215746 0.339888 0.00257111
14 0.249103 0.838951 0.186096 0.299625 0.00257111
14 0.28519 0.603933 0.138889 0.187266 0.00250244
14 0.215795 0.911049 0.13489 0.170412 0.00243378
14 0.902778 0.708802 0.0468165 0.0524345 0.00226974
14 0.543851 0.468165 0.105337 0.140449 0.00222588
14 0.292993 0.536049 0.184925 0.42603 0.00208282
14 0.291042 0.463483 0.151373 0.157303 0.0019722
15 0.855181 0.805243 0.159176 0.305243 0.00178909
14 0.342931 0.659176 0.0944132 0.140449 0.00176811
47 0.900437 0.710674 0.0405742 0.0486891 0.00170708
14 0.285385 0.549626 0.177903 0.166667 0.00163555
14 0.167564 0.802435 0.0745162 0.159176 0.00162315
14 0.856742 0.675094 0.134207 0.0786517 0.0015974
14 0.619148 0.433521 0.062422 0.0917603 0.00158501
14 0.864544 0.692884 0.127965 0.0842697 0.00157928
14 0.433735 0.657303 0.263928 0.217228 0.00153637
14 0.240325 0.747191 0.0944132 0.209738 0.00148964
14 0.245006 0.750936 0.1147 0.247191 0.00144386
25 0.292798 0.373596 0.153324 0.330524 0.00144386
21 0.135378 0.179249 0.1701 0.289443 0.0014267
32 0.900437 0.710674 0.0405742 0.0486891 0.00142097
14 0.471188 0.668539 0.193703 0.234082 0.00133514
14 0.191362 0.853699 0.108848 0.277622 0.00131989
4 0.772316 1 0.455368 0 0.00131989
14 0.230181 0.574438 0.0678839 0.111423 0.00131512
14 0.445537 0.147238 0.0998751 0.175094 0.00131512
16 0.82475 0.56367 0.216916 0.35206 0.00126934
25 0.292213 0.606273 0.191167 0.285581 0.00123024
14 0.285971 0.483614 0.14123 0.122659 0.00119686
14 0.530587 0.516854 0.163077 0.245318 0.00119209
25 0.489622 0.695693 0.16932 0.308989 0.00119209
14 0.898876 0.696629 0.062422 0.0767791 0.00116539
15 0.523564 0.405548 0.156055 0.291901 0.00116062
14 0.556726 0.470974 0.186486 0.170412 0.00112438
14 0.289482 0.621255 0.186486 0.188202 0.00107288
49 0.900437 0.710674 0.0405742 0.0486891 0.00106525
20 0.855181 0.805243 0.159176 0.305243 0.00105667
14 0.392088 0.994382 0.0195069 0.011236 0.00104809
14 0.555556 0.518258 0.173221 0.26779 0.00101185
15 0.135378 0.179249 0.1701 0.289443 0.00100803
14 0.292993 0.367041 0.155275 0.320225 0.978516
14 0.134768 0.178312 0.171319 0.290379 0.957031
14 0.522394 0.403441 0.156055 0.290496 0.930176
14 0.853425 0.808521 0.159566 0.319288 0.907227
14 0.488452 0.697566 0.164638 0.310861 0.905762
14 0.291433 0.607678 0.191948 0.280899 0.898438
14 0.82397 0.558989 0.216916 0.346442 0.803223
14 0.267829 0.787921 0.156055 0.291199 0.675781
14 0.826311 0.675094 0.220037 0.573034 0.0560303
14 0.489232 0.649813 0.156055 0.213483 0.0450134
14 0.524345 0.47191 0.159956 0.425094 0.0171051
14 0.211893 0.852996 0.152836 0.280899 0.0134277
14 0.301966 0.789794 0.0905119 0.246255 0.0130692
14 0.529026 0.622659 0.079588 0.161049 0.00993347
14 0.236813 0.800094 0.0959738 0.328652 0.00971222
14 0.842697 0.200375 0.0234082 0.0496255 0.00955963
14 0.838015 0.201779 0.0343321 0.0533708 0.00941467
14 0.158201 0.231742 0.128355 0.188202 0.00695801
14 0.174586 0.843633 0.079588 0.264045 0.00658798
15 0.292018 0.374415 0.155665 0.333567 0.00624084
14 0.138889 0.249064 0.0951935 0.132959 0.00564194
14 0.532147 0.970974 0.210674 0.0561798 0.00564194
14 0.834114 0.214654 0.0421349 0.0753745 0.00511932
16 0.855181 0.805243 0.159176 0.305243 0.00460815
14 0.827091 0.226592 0.0593008 0.0926966 0.00455475
14 0.286946 0.653558 0.188436 0.277154 0.00450516
14 0.518102 0.693352 0.109238 0.30618 0.00411606
14 0.278558 0.735955 0.177903 0.29588 0.00376511
14 0.304697 0.642322 0.156835 0.216292 0.00367928
14 0.2848 0.785581 0.126014 0.252809 0.0036068
15 0.491573 0.697566 0.166979 0.307116 0.00324821
14 0.215405 0.911049 0.13411 0.170412 0.00318527
14 0.247737 0.839888 0.182584 0.297753 0.00311089
14 0.825531 0.238296 0.0624219 0.127809 0.00302696
14 0.285385 0.603933 0.138499 0.187266 0.00298119
14 0.902778 0.708802 0.0468165 0.0514982 0.00277901
44 0.293773 0.366573 0.153714 0.319288 0.00270462
14 0.543851 0.468165 0.104557 0.140449 0.00252151
15 0.825336 0.560393 0.215746 0.347378 0.00234222
14 0.291042 0.463483 0.151373 0.155431 0.00211525
14 0.343126 0.659176 0.0940231 0.140449 0.00209045
15 0.855181 0.805243 0.159176 0.305243 0.00201988
47 0.900437 0.710674 0.0405742 0.0486891 0.00198746
14 0.28519 0.550094 0.177512 0.164794 0.0019722
14 0.864544 0.692884 0.127965 0.0842697 0.00191212
14 0.856742 0.675562 0.134207 0.0786517 0.00189686
14 0.241495 0.750936 0.107678 0.247191 0.00188255
14 0.167662 0.802435 0.0743212 0.159176 0.00186062
14 0.618758 0.433521 0.062422 0.0917603 0.0018034
14 0.190777 0.853699 0.107288 0.277622 0.00178242
32 0.900437 0.710674 0.0405742 0.0486891 0.00176811
14 0.442416 0.657303 0.243446 0.219101 0.0017004
14 0.445147 0.147706 0.0990949 0.174625 0.0016489
14 0.230181 0.574438 0.0678839 0.111423 0.00156689
21 0.135378 0.178839 0.1701 0.289326 0.00154305
4 0.786361 1 0.427278 0 0.00149536
25 0.292993 0.373478 0.153714 0.329822 0.00146675
14 0.900437 0.696629 0.0593008 0.0767791 0.00142097
14 0.285971 0.483614 0.140449 0.121723 0.00141048
14 0.557506 0.470506 0.184925 0.169476 0.00141048
14 0.530587 0.515918 0.162297 0.243446 0.00137806
25 0.292213 0.606273 0.191167 0.285581 0.00136662
14 0.391698 0.99485 0.0187266 0.0102996 0.0012846
16 0.82475 0.56367 0.216916 0.35206 0.00125504
25 0.489622 0.695693 0.16932 0.308989 0.00124931
49 0.900437 0.710674 0.0405742 0.0486891 0.00118828
14 0.490793 0.969101 0.129526 0.0617977 0.00117874
14 0.28285 0.617978 0.176342 0.170412 0.00115585
20 0.855181 0.805243 0.159176 0.305243 0.00113392
14 0.613296 0.458802 0.0764669 0.146067 0.0011158
15 0.523564 0.405431 0.156055 0.291199 0.0011158
14 0.153129 0.257491 0.109629 0.1353 0.00109482
14 0.287726 0.43118 0.153324 0.172285 0.00107765
14 0.296504 0.300094 0.145521 0.176966 0.00104427
15 0.135378 0.178839 0.1701 0.289326 0.00103664
14 0.292993 0.366924 0.155275 0.320459 0.97998
14 0.134695 0.178137 0.171465 0.290262 0.960449
14 0.522394 0.40309 0.156055 0.290262 0.935547
14 0.853621 0.808521 0.160737 0.319288 0.91748
14 0.291433 0.607678 0.191948 0.280899 0.910645
14 0.488452 0.697097 0.165418 0.309925 0.908691
14 0.82397 0.558989 0.216916 0.346442 0.833496
14 0.267634 0.787453 0.156055 0.28839 0.684082
14 0.489232 0.651685 0.156835 0.217228 0.0495911
14 0.826311 0.674626 0.220037 0.572097 0.0472412
14 0.212625 0.852996 0.153324 0.282772 0.0145035
14 0.524345 0.464888 0.159176 0.411049 0.0144501
14 0.301966 0.790262 0.0905119 0.245318 0.0130692
14 0.236618 0.799157 0.0963639 0.326779 0.0112
14 0.529416 0.622659 0.079588 0.160112 0.0104904
14 0.841916 0.200375 0.0249688 0.0496255 0.0103302
14 0.838015 0.201779 0.0343321 0.0533708 0.0100555
14 0.153714 0.229401 0.136158 0.18633 0.00955963
14 0.532147 0.970974 0.211454 0.0561798 0.00760651
14 0.174977 0.843633 0.0799782 0.264045 0.00725937
15 0.291823 0.374064 0.156055 0.333333 0.00641251
14 0.138791 0.249064 0.0953886 0.132959 0.00631332
14 0.834114 0.214419 0.0421349 0.0749064 0.00564194
14 0.827091 0.226592 0.0593008 0.0926966 0.00503922
16 0.855181 0.805243 0.159176 0.305243 0.00432968
14 0.518493 0.692884 0.108458 0.305243 0.00391388
14 0.215551 0.911049 0.132647 0.170412 0.00378036
14 0.305087 0.643727 0.156055 0.213483 0.00370789
14 0.279143 0.734551 0.179073 0.291199 0.00367928
14 0.825531 0.237828 0.0624219 0.127341 0.00366402
15 0.491573 0.697566 0.166979 0.307116 0.00340271
14 0.28441 0.785581 0.126795 0.252809 0.00328636
14 0.285581 0.604401 0.138109 0.18633 0.00318527
14 0.543851 0.468165 0.102996 0.140449 0.00276756
44 0.293773 0.366573 0.153714 0.319288 0.00274658
14 0.902778 0.708802 0.0468165 0.0514982 0.00268364
14 0.248127 0.839185 0.179463 0.299157 0.00265312
15 0.825336 0.559925 0.215746 0.346442 0.00257111
14 0.342931 0.659176 0.0936329 0.140449 0.00233269
14 0.291042 0.463483 0.151373 0.155431 0.00226974
14 0.239544 0.750936 0.103777 0.245318 0.00220871
14 0.167662 0.802435 0.0743212 0.159176 0.00205803
14 0.856742 0.675562 0.134207 0.0786517 0.00200272
14 0.865325 0.692884 0.127965 0.0842697 0.00199509
15 0.855181 0.805243 0.159176 0.305243 0.00194931
47 0.900437 0.710674 0.0405742 0.0486891 0.00192642
14 0.438124 0.156426 0.105337 0.157186 0.00191212
14 0.284995 0.550562 0.177512 0.163858 0.00191212
14 0.619148 0.433052 0.062422 0.090824 0.00189686
14 0.451682 0.657772 0.220233 0.219101 0.00179577
14 0.230181 0.574438 0.0678839 0.111423 0.0017004
4 0.787141 1 0.425718 0 0.0016489
14 0.285776 0.483146 0.140059 0.121723 0.00160408
32 0.900437 0.710674 0.0405742 0.0486891 0.00159168
21 0.135353 0.178897 0.170149 0.289209 0.00153637
14 0.558287 0.470506 0.183365 0.169476 0.00153065
14 0.530587 0.515449 0.160737 0.240637 0.00153065
14 0.391698 0.99485 0.0187266 0.0102996 0.00153065
25 0.292213 0.606742 0.191167 0.285581 0.00148392
25 0.292993 0.373127 0.152934 0.329588 0.00145531
14 0.490793 0.969101 0.129526 0.0617977 0.00141048
14 0.899657 0.696161 0.0608614 0.0777153 0.00138855
14 0.153129 0.257491 0.109238 0.134831 0.00133514
0 0.850929 0 0.298143 0 0.00132465
16 0.82475 0.563202 0.216916 0.351124 0.00128937
14 0.28363 0.675094 0.189607 0.316479 0.00124931
25 0.489232 0.695693 0.1701 0.308989 0.00123978
14 0.613296 0.458333 0.0764669 0.145131 0.00119209
15 0.267049 0.800094 0.159566 0.309925 0.00117397
49 0.900437 0.710674 0.0405742 0.0486891 0.00116062
14 0.237204 0.71442 0.0971442 0.161049 0.00112915
14 0.51147 0.975655 0.17088 0.0486891 0.0011034
15 0.523564 0.405314 0.156055 0.290496 0.0011034
14 0.525905 0.476124 0.162297 0.18633 0.00109005
14 0.295139 0.529963 0.184535 0.224719 0.00108147
14 0.296309 0.29986 0.145521 0.176498 0.00106907
20 0.855181 0.805243 0.159176 0.305243 0.00106049
14 0.222768 0.586142 0.0546192 0.088015 0.00103664
14 0.292993 0.367041 0.155275 0.320225 0.981934
14 0.134695 0.178137 0.171465 0.290262 0.962891
14 0.522394 0.402739 0.156055 0.290028 0.938477
14 0.853621 0.808521 0.160737 0.319288 0.922852
14 0.291433 0.607678 0.191948 0.280899 0.917969
14 0.488062 0.697097 0.164638 0.309925 0.916016
14 0.82319 0.558521 0.216916 0.346442 0.84375
14 0.267634 0.786517 0.156055 0.286517 0.704102
14 0.489232 0.652622 0.156055 0.219101 0.0501404
14 0.826311 0.674157 0.220037 0.571161 0.041626
14 0.301966 0.790262 0.0905119 0.245318 0.0171051
14 0.504838 0.629214 0.127185 0.175094 0.0170441
14 0.213015 0.852996 0.153714 0.282772 0.0148392
14 0.236423 0.798689 0.0959738 0.325843 0.0137405
14 0.842697 0.200375 0.0249688 0.0496255 0.0121918
14 0.838015 0.201779 0.0343321 0.0533708 0.0119629
14 0.529416 0.622659 0.079588 0.159176 0.0115967
14 0.154007 0.229401 0.135573 0.18633 0.0113297
14 0.532147 0.970974 0.212235 0.0561798 0.00937653
14 0.174977 0.843633 0.0799782 0.264045 0.00760651
14 0.138694 0.249064 0.0951935 0.132959 0.00723267
14 0.834894 0.213483 0.0405743 0.0730337 0.00669098
15 0.292018 0.374064 0.155665 0.333333 0.00614548
14 0.827091 0.226592 0.0577403 0.0926966 0.00568771
16 0.855181 0.805243 0.159176 0.305243 0.00468063
14 0.825531 0.237828 0.0624219 0.126404 0.00450516
14 0.520443 0.692416 0.104557 0.304307 0.00418091
14 0.215746 0.911049 0.132257 0.170412 0.00418091
14 0.279338 0.735019 0.179463 0.286517 0.00372124
14 0.285971 0.603933 0.138109 0.185393 0.00353813
15 0.490013 0.697097 0.168539 0.308052 0.00336266
14 0.902778 0.708802 0.0468165 0.0505618 0.00316048
14 0.305478 0.643258 0.155275 0.215356 0.00307465
14 0.543461 0.468165 0.102996 0.140449 0.00301552
44 0.293773 0.366573 0.153714 0.319288 0.00298119
14 0.237789 0.75 0.100265 0.245318 0.00260162
14 0.342931 0.658708 0.0928527 0.139513 0.00256157
15 0.825336 0.559925 0.215746 0.346442 0.00256157
14 0.291042 0.463015 0.151373 0.154494 0.0024147
14 0.856742 0.675562 0.134207 0.0786517 0.00229645
14 0.865325 0.692884 0.127965 0.0842697 0.00229645
14 0.167564 0.802435 0.0741261 0.159176 0.00229645
14 0.248127 0.839185 0.177122 0.299157 0.00223351
14 0.438514 0.156601 0.104557 0.156367 0.00219917
47 0.900437 0.710674 0.0405742 0.0486891 0.00208282
14 0.2848 0.550562 0.177122 0.162921 0.00206757
14 0.619148 0.432584 0.062422 0.0898877 0.00200272
15 0.855181 0.805243 0.159176 0.305243 0.0019722
14 0.456461 0.65824 0.209114 0.220974 0.00194168
32 0.900437 0.710674 0.0405742 0.0486891 0.00189686
14 0.230181 0.574438 0.0678839 0.111423 0.00188923
14 0.285581 0.483146 0.139669 0.121723 0.00186729
14 0.391698 0.99485 0.0187266 0.0102996 0.00182438
4 0.787141 1 0.425718 0 0.00182438
14 0.530977 0.514981 0.159956 0.2397 0.00167465
14 0.490793 0.969101 0.129526 0.0617977 0.00166798
14 0.152154 0.257491 0.107678 0.134831 0.0016613
14 0.900437 0.696161 0.0593008 0.0777153 0.00162315
25 0.292213 0.606742 0.190387 0.284644 0.00159168
14 0.558677 0.470037 0.182584 0.168539 0.00158501
21 0.135207 0.17878 0.170051 0.289443 0.00154877
0 0.849173 0 0.301654 0 0.00154305
25 0.292993 0.373127 0.152934 0.329588 0.00150108
14 0.51108 0.975655 0.1701 0.0486891 0.00135612
16 0.82475 0.562734 0.216916 0.350187 0.00130463
15 0.267244 0.798689 0.159176 0.307116 0.00130463
25 0.489232 0.695693 0.1701 0.308989 0.00126934
14 0.613686 0.456929 0.0756866 0.142322 0.00126457
49 0.900437 0.710674 0.0405742 0.0486891 0.00124931
14 0.237204 0.71442 0.0967541 0.161049 0.00124454
14 0.525905 0.476124 0.162297 0.18633 0.00118828
14 0.295334 0.529494 0.184145 0.223783 0.00116539
14 0.222768 0.586142 0.0546192 0.088015 0.0011425
20 0.855181 0.805243 0.159176 0.305243 0.00109005
14 0.136255 0.242743 0.15508 0.16573 0.00108147
14 0.296309 0.300094 0.145521 0.17603 0.00108147
15 0.523564 0.404963 0.156055 0.290262 0.00104809
14 0.287726 0.430712 0.153324 0.172285 0.00103664
14 0.601592 0.468165 0.0998751 0.164794 0.00100422
14 0.292993 0.367041 0.155275 0.320225 0.981934
14 0.134695 0.178312 0.171465 0.290379 0.962891
14 0.522394 0.402739 0.156055 0.290028 0.938965
14 0.853621 0.808521 0.160737 0.319288 0.922363
14 0.291433 0.607678 0.191948 0.280899 0.918457
14 0.488062 0.697097 0.164638 0.309925 0.916016
14 0.82319 0.558521 0.216916 0.346442 0.84375
14 0.267829 0.786517 0.156445 0.286517 0.702637
14 0.489232 0.652622 0.156055 0.219101 0.0507202
14 0.826311 0.674157 0.220037 0.571161 0.0419312
14 0.302161 0.790262 0.0905119 0.245318 0.0175781
14 0.507179 0.629214 0.121723 0.174157 0.0173798
14 0.213064 0.852996 0.153617 0.282772 0.0147324
14 0.236423 0.799157 0.0959738 0.326779 0.0139008
14 0.842697 0.200375 0.0249688 0.0496255 0.0123825
14 0.838015 0.201779 0.0343321 0.0533708 0.012146
14 0.529416 0.622659 0.079588 0.159176 0.0119629
14 0.153909 0.229401 0.135768 0.18633 0.0112457
14 0.532147 0.970974 0.212235 0.0561798 0.0091629
14 0.174684 0.843633 0.0797831 0.264045 0.00760651
14 0.138694 0.249064 0.0955836 0.132959 0.00720596
14 0.834894 0.213483 0.0405743 0.0730337 0.00677109
15 0.292018 0.374064 0.155665 0.333333 0.00614548
14 0.827091 0.226592 0.0577403 0.0926966 0.00575256
16 0.855181 0.805243 0.159176 0.305243 0.00457382
14 0.825531 0.237828 0.0624219 0.126404 0.00455475
14 0.520443 0.692416 0.102996 0.304307 0.00421524
14 0.215746 0.911049 0.132257 0.170412 0.0041008
14 0.279338 0.735019 0.179463 0.286517 0.00376511
14 0.285971 0.603933 0.138109 0.185393 0.00348282
15 0.490013 0.697097 0.168539 0.308052 0.00337601
14 0.902778 0.708802 0.0468165 0.0505618 0.00318527
44 0.293773 0.366573 0.153714 0.319288 0.00299263
14 0.543071 0.468165 0.102996 0.140449 0.00298119
14 0.305087 0.642322 0.156055 0.215356 0.00283432
14 0.237789 0.75 0.100265 0.245318 0.00258064
15 0.825336 0.559925 0.215746 0.346442 0.00255013
14 0.342931 0.659176 0.0928527 0.140449 0.00246239
14 0.291042 0.463015 0.151373 0.154494 0.00237846
14 0.865325 0.692884 0.127965 0.0842697 0.00231361
14 0.167564 0.802435 0.0741261 0.159176 0.00228691
14 0.856742 0.675562 0.134207 0.0786517 0.00226021
14 0.248322 0.839185 0.177122 0.299157 0.00223351
14 0.438514 0.156309 0.104557 0.156484 0.00214958
47 0.900437 0.710674 0.0405742 0.0486891 0.00208282
14 0.2848 0.550562 0.177122 0.162921 0.00204277
14 0.619148 0.432584 0.062422 0.0898877 0.00201988
14 0.193167 0.854869 0.109141 0.277154 0.00198746
14 0.456558 0.65824 0.208919 0.220974 0.00194168
32 0.900437 0.710674 0.0405742 0.0486891 0.00191212
15 0.855181 0.805243 0.159176 0.305243 0.00189686
14 0.391698 0.99485 0.0187266 0.0102996 0.00183868
14 0.285581 0.483146 0.139669 0.121723 0.00182438
4 0.787141 1 0.425718 0 0.0018034
14 0.230181 0.574438 0.0678839 0.111423 0.00179577
14 0.530587 0.514981 0.159176 0.2397 0.0016613
14 0.490793 0.969101 0.129526 0.0617977 0.0016489
14 0.900437 0.696161 0.0593008 0.0777153 0.00163555
14 0.152349 0.257491 0.107678 0.134831 0.00163555
25 0.292213 0.606742 0.190387 0.285581 0.0015974
0 0.849173 0 0.301654 0 0.00155449
21 0.135207 0.17878 0.170051 0.289443 0.00153637
25 0.292993 0.372659 0.152934 0.329588 0.0015192
14 0.557896 0.470037 0.184145 0.168539 0.00151253
14 0.51108 0.975655 0.1701 0.0486891 0.00136662
15 0.267244 0.799157 0.159176 0.308052 0.00130939
16 0.82475 0.562734 0.216916 0.350187 0.0012846
25 0.489232 0.695693 0.1701 0.308989 0.00126457
49 0.900437 0.710674 0.0405742 0.0486891 0.00125504
14 0.614076 0.456929 0.0749064 0.142322 0.00125504
14 0.237008 0.71442 0.0971442 0.161049 0.00121593
14 0.525905 0.476124 0.162297 0.18633 0.00117874
14 0.295334 0.529963 0.184145 0.224719 0.00115108
14 0.222963 0.586142 0.0546192 0.088015 0.00110722
14 0.296309 0.300094 0.145521 0.176966 0.00108147
14 0.136255 0.242743 0.15508 0.16573 0.00107765
20 0.855181 0.805243 0.159176 0.305243 0.00106525
15 0.523564 0.404963 0.156055 0.290262 0.00104427
14 0.287726 0.430829 0.153324 0.172051 0.00101662
