74 0.519922 0.299479 0.0648438 0.0927083 0.875
74 0.634375 0.316667 0.034375 0.0989583 0.806641
0 0.0114258 0.6625 0.0180664 0.0697917 0.00651169
74 0.633594 0.220313 0.034375 0.059375 0.00266266
9 0.0114258 0.6625 0.0180664 0.0697917 0.00212479
0 0.878125 0.855208 0.015625 0.0229167 0.00160408
73 0.136719 0.839583 0.0410156 0.05 0.00135136
74 0.513281 0.38125 0.0828125 0.0416667 0.0011692
73 0.145703 0.840104 0.0207031 0.0479167 0.00103188
74 0.520312 0.299479 0.065625 0.09375 0.873047
74 0.634375 0.316667 0.034375 0.0989583 0.819824
0 0.011377 0.6625 0.0180664 0.0697917 0.00575256
74 0.633594 0.220573 0.0335938 0.059375 0.00279999
9 0.011377 0.6625 0.0180664 0.0697917 0.00242424
0 0.878125 0.855208 0.015625 0.0229167 0.00176811
73 0.136914 0.839583 0.0410156 0.05 0.00151253
74 0.512109 0.38125 0.0851563 0.04375 0.00128937
73 0.145703 0.840104 0.0207031 0.0479167 0.00115108
73 0.219531 0.826042 0.0472656 0.0520833 0.00109482
73 0.143164 0.840625 0.0130859 0.0479167 0.00104809
74 0.520312 0.299479 0.065625 0.09375 0.891602
74 0.634375 0.316667 0.034375 0.0989583 0.847168
0 0.0113525 0.6625 0.0179199 0.06875 0.00481033
9 0.0115234 0.663021 0.01875 0.0697917 0.00355148
74 0.633594 0.220313 0.0328125 0.0588542 0.00311089
0 0.878125 0.855208 0.015625 0.021875 0.0019722
73 0.136719 0.839583 0.0417969 0.05 0.00157356
74 0.6375 0.223438 0.04375 0.0635417 0.00156689
74 0.5125 0.38125 0.084375 0.04375 0.00146675
74 0.215625 0.751042 0.0617188 0.0572917 0.00123501
73 0.145703 0.839583 0.0207031 0.0479167 0.00116539
73 0.220703 0.826042 0.0453125 0.0520833 0.00112438
73 0.143164 0.840104 0.0128906 0.0479167 0.00109482
0 0.898438 0.846875 0.01875 0.0333333 0.00105667
73 0.127148 0.841667 0.0316406 0.0479167 0.00104809
74 0.520312 0.299479 0.0648438 0.0927083 0.908203
74 0.634766 0.316667 0.0335938 0.0989583 0.869629
9 0.011377 0.663021 0.018457 0.0697917 0.0049057
0 0.0112305 0.6625 0.0175781 0.06875 0.00341606
74 0.632812 0.219792 0.0320312 0.0572917 0.00327301
0 0.878125 0.855208 0.015625 0.0208333 0.00225258
74 0.5125 0.381771 0.0828125 0.0427083 0.00182438
74 0.6375 0.223438 0.04375 0.0635417 0.00178242
73 0.136328 0.839583 0.0417969 0.05 0.00178242
74 0.215625 0.751042 0.0613281 0.05625 0.00157356
73 0.221484 0.826042 0.0429688 0.0520833 0.0012846
73 0.143164 0.840104 0.0126953 0.046875 0.00127411
0 0.898438 0.846875 0.01875 0.0333333 0.00124931
74 0.14043 0.7625 0.05625 0.0520833 0.00123501
73 0.145703 0.840104 0.0203125 0.046875 0.00123501
73 0.127148 0.841146 0.0320312 0.0479167 0.00119686
73 0.131934 0.840625 0.0107422 0.0479167 0.00102425
0 0.878125 0.85 0.01875 0.03125 0.00101185
74 0.520312 0.299479 0.0640625 0.0927083 0.919434
74 0.634766 0.316667 0.0335938 0.0989583 0.879883
9 0.0112793 0.663542 0.0181641 0.06875 0.00577545
74 0.632031 0.218229 0.0296875 0.0541667 0.00305176
74 0.514844 0.381771 0.075 0.0416667 0.0018034
74 0.215625 0.751042 0.0609375 0.05625 0.0018034
74 0.6375 0.222917 0.0429688 0.0614583 0.00176144
0 0.878125 0.855208 0.015625 0.0208333 0.00161076
73 0.135742 0.839583 0.0421875 0.05 0.00151253
0 0.0111572 0.663021 0.0174316 0.06875 0.00150681
74 0.14043 0.7625 0.05625 0.0520833 0.00150681
73 0.213867 0.827083 0.0554687 0.0541667 0.0012846
73 0.223047 0.825521 0.0398437 0.0520833 0.00119686
73 0.143164 0.840104 0.0125 0.046875 0.0011692
73 0.145703 0.840104 0.0199219 0.046875 0.00108624
73 0.127344 0.841146 0.0324219 0.0479167 0.00103188
74 0.546875 0.440625 0.0140625 0.0291667 0.00100803
74 0.520312 0.299479 0.0640625 0.0916667 0.922363
74 0.634766 0.316927 0.0335938 0.0984375 0.888184
9 0.011084 0.663542 0.0178711 0.06875 0.00760651
74 0.63125 0.217188 0.028125 0.0520833 0.00292397
9 0.0116699 0.642708 0.0192383 0.03125 0.00234985
74 0.6375 0.222396 0.0421875 0.0609375 0.00183105
74 0.517969 0.381771 0.0609375 0.0395833 0.00169373
0 0.878125 0.855729 0.015625 0.0197917 0.00168705
74 0.215625 0.751042 0.0609375 0.05625 0.00135612
74 0.546875 0.440625 0.0140625 0.0291667 0.00134563
74 0.140332 0.7625 0.0560547 0.0520833 0.00127888
73 0.138867 0.840625 0.0460938 0.05 0.00105667
0 0.897656 0.844792 0.0171875 0.0270833 0.00104046
74 0.520312 0.29974 0.0640625 0.0921875 0.92041
74 0.634766 0.316667 0.0335938 0.0979167 0.881836
9 0.0109863 0.663021 0.0177734 0.06875 0.0069313
74 0.63125 0.217188 0.0273438 0.0510417 0.00256157
9 0.0116699 0.640625 0.0192383 0.025 0.00242424
74 0.6375 0.222396 0.0421875 0.0609375 0.00168133
0 0.878125 0.855729 0.015625 0.0197917 0.00161076
74 0.518359 0.382292 0.0570313 0.0395833 0.00152493
74 0.547266 0.440625 0.0132813 0.0291667 0.00143242
74 0.520703 0.299479 0.0640625 0.0927083 0.903809
74 0.634766 0.316667 0.0335938 0.0979167 0.861328
9 0.0109375 0.663542 0.0177734 0.06875 0.00551224
9 0.0116699 0.639583 0.0191895 0.0229167 0.0020752
74 0.630859 0.217188 0.0265625 0.0510417 0.00184631
0 0.878125 0.85625 0.015625 0.01875 0.00143814
74 0.51875 0.382292 0.0578125 0.0395833 0.00131989
74 0.547266 0.440625 0.0132813 0.0291667 0.00128937
74 0.6375 0.222656 0.0421875 0.0609375 0.00125504
74 0.520703 0.29974 0.0640625 0.0921875 0.875
74 0.634766 0.317188 0.0335938 0.0979167 0.827637
9 0.0105469 0.663542 0.0166016 0.0666667 0.00466537
9 0.0115479 0.654167 0.0183105 0.05 0.00263214
9 0.0116699 0.639583 0.0192871 0.0229167 0.0017271
74 0.630469 0.217188 0.0265625 0.05 0.0016613
0 0.878125 0.85625 0.015625 0.01875 0.00146675
74 0.519531 0.381771 0.059375 0.0395833 0.00124931
74 0.546875 0.440625 0.0140625 0.0291667 0.00123978
74 0.6375 0.222917 0.0421875 0.0604167 0.00113392
74 0.519922 0.298958 0.065625 0.0947917 0.888672
74 0.634766 0.317188 0.0335938 0.0979167 0.810547
9 0.0105957 0.663542 0.0167969 0.06875 0.00450516
74 0.630469 0.217708 0.0265625 0.0510417 0.00141048
0 0.878125 0.855729 0.015625 0.0197917 0.00139427
9 0.0116699 0.639583 0.0193359 0.0229167 0.00138283
74 0.519531 0.382292 0.0585938 0.0395833 0.00131989
74 0.546875 0.440625 0.0140625 0.0291667 0.0012598
74 0.519922 0.299219 0.065625 0.0942708 0.903809
74 0.634766 0.317448 0.0335938 0.0984375 0.799316
9 0.0105713 0.663542 0.0166504 0.06875 0.0046463
0 0.878125 0.85625 0.015625 0.0197917 0.00227928
74 0.630469 0.216146 0.025 0.0479167 0.00194168
74 0.51875 0.382292 0.05 0.0395833 0.00157928
74 0.547266 0.440625 0.0140625 0.0291667 0.00146675
0 0.898438 0.844792 0.01875 0.0270833 0.00137234
9 0.0116455 0.639583 0.0193848 0.0239583 0.00135612
74 0.6375 0.222656 0.0421875 0.0604167 0.00131989
74 0.453906 0.246875 0.0140625 0.0317708 0.00105286
74 0.519922 0.299479 0.065625 0.09375 0.902832
74 0.634766 0.317708 0.0335938 0.0979167 0.775879
9 0.0106445 0.663021 0.0167969 0.06875 0.00328636
0 0.878125 0.85625 0.015625 0.01875 0.00237846
74 0.629687 0.215104 0.0234375 0.046875 0.00171375
74 0.517188 0.382292 0.04375 0.0395833 0.0016613
0 0.898438 0.844792 0.01875 0.0270833 0.00143814
74 0.547266 0.441146 0.0140625 0.0302083 0.00132465
74 0.453906 0.246875 0.0140625 0.03125 0.00131512
74 0.637109 0.222135 0.0414063 0.059375 0.00118351
74 0.520312 0.299479 0.065625 0.09375 0.891602
74 0.635156 0.317708 0.034375 0.0979167 0.760742
0 0.878125 0.856771 0.015625 0.0197917 0.00237846
9 0.0107422 0.6625 0.0169922 0.06875 0.00226974
74 0.517188 0.382292 0.0453125 0.0395833 0.00179577
74 0.453906 0.247135 0.0132813 0.0317708 0.00161076
74 0.629687 0.214583 0.0234375 0.0458333 0.00143242
0 0.898438 0.844792 0.01875 0.0270833 0.00142097
74 0.547266 0.441667 0.0140625 0.03125 0.00111198
74 0.519922 0.300521 0.0632813 0.0895833 0.875977
74 0.634375 0.317448 0.034375 0.0973958 0.753418
74 0.517969 0.382292 0.0484375 0.0395833 0.00186062
0 0.878125 0.857292 0.015625 0.01875 0.00185299
74 0.453906 0.247396 0.0132813 0.03125 0.00175476
9 0.0107422 0.6625 0.0168945 0.0697917 0.00161648
74 0.629297 0.214063 0.021875 0.0447917 0.00123024
0 0.898438 0.844792 0.01875 0.0270833 0.00108624
74 0.510156 0.383333 0.0921875 0.04375 0.00108147
74 0.519922 0.300521 0.0632813 0.0895833 0.891602
74 0.634375 0.317708 0.034375 0.0979167 0.753418
74 0.51875 0.382292 0.0546875 0.040625 0.00223351
74 0.453906 0.247135 0.0132813 0.0317708 0.00216484
0 0.106348 0 0.212695 0 0.00201988
0 0.878125 0.857292 0.0171875 0.01875 0.00190449
74 0.453516 0.245313 0.0164063 0.0369792 0.0018034
9 0.010791 0.6625 0.0167969 0.0697917 0.00129986
74 0.510156 0.383333 0.0921875 0.04375 0.00129414
0 0.898438 0.844792 0.01875 0.0270833 0.00110722
74 0.628906 0.213542 0.021875 0.04375 0.00101185
74 0.519922 0.300781 0.0632813 0.0890625 0.90918
74 0.634375 0.317708 0.034375 0.096875 0.769043
74 0.453906 0.247396 0.0132813 0.03125 0.00264168
74 0.51875 0.382292 0.05625 0.040625 0.00242424
74 0.453516 0.245313 0.0164063 0.0369792 0.00214005
0 0.107031 0 0.214062 0 0.0019722
60 0.269141 0 0.538281 0 0.0018177
0 0.878125 0.857292 0.0171875 0.01875 0.00172043
74 0.510156 0.383333 0.0914062 0.04375 0.00143242
9 0.010791 0.6625 0.0167969 0.0697917 0.00117397
74 0.628906 0.213542 0.021875 0.04375 0.00116062
2 0.878125 0.857292 0.0171875 0.01875 0.00102425
74 0.519922 0.300781 0.0632813 0.0890625 0.918457
74 0.634375 0.317708 0.034375 0.096875 0.771973
74 0.453906 0.247396 0.0132813 0.03125 0.00298119
74 0.519141 0.382292 0.0570313 0.0416667 0.00263214
74 0.453516 0.245313 0.0164063 0.0369792 0.00239754
60 0.269922 0 0.539844 0 0.00228691
0 0.106738 0 0.213477 0 0.00174141
74 0.510156 0.383854 0.0914062 0.04375 0.00163555
0 0.878125 0.857292 0.0171875 0.01875 0.00157928
74 0.629297 0.214063 0.021875 0.0447917 0.00138283
2 0.878125 0.857292 0.0171875 0.01875 0.0011034
9 0.0108398 0.6625 0.0166992 0.0697917 0.00106525
74 0.519922 0.301042 0.0632813 0.0885417 0.925781
74 0.634375 0.317708 0.034375 0.096875 0.773438
74 0.453906 0.247396 0.0140625 0.03125 0.00324821
74 0.519531 0.382292 0.059375 0.0416667 0.00302696
60 0.271875 0 0.54375 0 0.00261116
74 0.510156 0.383854 0.0921875 0.04375 0.00189686
0 0.878125 0.857292 0.0171875 0.01875 0.00170708
74 0.629687 0.214063 0.021875 0.0447917 0.00162315
2 0.878125 0.857292 0.0171875 0.01875 0.00128937
74 0.637109 0.221875 0.0398437 0.0583333 0.00117874
0 0.107227 0 0.214453 0 0.00104427
74 0.519922 0.301042 0.0632813 0.0885417 0.931641
74 0.634766 0.317708 0.034375 0.096875 0.775879
74 0.453906 0.247396 0.0140625 0.03125 0.00402451
74 0.519531 0.382292 0.0609375 0.0416667 0.00344276
60 0.273047 0 0.546094 0 0.00287819
74 0.510156 0.383854 0.0921875 0.04375 0.00213242
74 0.629687 0.214323 0.021875 0.0453125 0.0020752
0 0.878125 0.857292 0.0171875 0.01875 0.00195694
2 0.878125 0.857292 0.0171875 0.01875 0.00154877
74 0.637109 0.221875 0.0398437 0.0578125 0.0015192
0 0.898438 0.847396 0.0203125 0.034375 0.00121593
74 0.448438 0.245833 0.015625 0.0364583 0.00108624
74 0.519922 0.301042 0.0632813 0.0885417 0.935059
74 0.634766 0.317708 0.034375 0.096875 0.778809
74 0.453906 0.247396 0.0140625 0.03125 0.00448608
74 0.519531 0.382292 0.0609375 0.0416667 0.00369263
60 0.273047 0 0.546094 0 0.0027256
74 0.510156 0.383333 0.0921875 0.04375 0.00226974
0 0.878125 0.857292 0.0171875 0.01875 0.00222588
74 0.629687 0.214063 0.021875 0.0447917 0.00220871
2 0.878125 0.857292 0.0171875 0.01875 0.00182438
74 0.637109 0.221615 0.0398437 0.0572917 0.00161648
0 0.898438 0.847396 0.0203125 0.034375 0.0014267
74 0.448438 0.245833 0.015625 0.0364583 0.00121117
2 0.898438 0.845833 0.01875 0.0270833 0.00104046
74 0.519922 0.301042 0.0632813 0.0885417 0.93457
74 0.634766 0.317708 0.034375 0.096875 0.777344
74 0.453906 0.247396 0.0140625 0.03125 0.00443268
74 0.519531 0.382292 0.0609375 0.0416667 0.00372124
60 0.273242 0 0.546484 0 0.00265312
74 0.510156 0.383333 0.0921875 0.04375 0.00226974
74 0.629687 0.214323 0.021875 0.0453125 0.00225258
0 0.878125 0.857292 0.0171875 0.01875 0.00222588
2 0.878125 0.857292 0.0171875 0.01875 0.00183868
74 0.637109 0.221615 0.0398437 0.0572917 0.00165462
0 0.898438 0.847396 0.0203125 0.034375 0.00144958
74 0.448438 0.245833 0.015625 0.0364583 0.00119686
2 0.898438 0.845833 0.01875 0.0270833 0.00105286
